24 24 95 95 95 95 95 95 95 54 54 54 54 54 79 79 79 33 33 33 33 33 33 35 35 35 35 35 35 31 58 58 58 58 58 58 58 41 41 41 41 41 93 93 93 93 93 93 93 93
24 24 24 24 24 95 95 95 48 54 54 54 54 54 79 79 33 33 33 33 33 33 33 35 35 35 31 31 31 31 31 58 58 58 58 58 58 41 41 41 41 41 93 93 93 93 93 93 93 93
24 24 24 24 24 95 95 95 48 48 48 48 54 54 79 79 33 33 33 33 33 89 33 31 31 31 31 31 31 31 31 58 58 58 58 58 58 41 41 41 41 64 64 93 93 93 93 10 10 10
24 24 24 24 24 95 95 95 48 48 48 48 48 48 79 79 79 33 33 33 33 89 89 31 31 31 31 31 31 31 31 58 58 58 58 58 58 58 41 41 41 64 64 10 10 10 10 10 10 10
24 24 24 24 24 95 95 95 95 48 48 48 48 48 79 79 79 89 89 33 89 89 73 31 31 31 31 31 31 31 31 58 58 58 58 80 58 58 64 64 64 64 64 64 10 10 10 10 10 10
24 24 24 24 24 95 95 95 95 95 95 48 48 48 79 79 79 89 89 89 89 73 73 31 31 31 65 65 65 30 30 30 30 30 30 80 80 80 80 64 64 9 9 64 68 10 10 10 10 10
24 24 24 24 24 95 95 95 95 95 95 48 48 48 79 79 76 76 76 89 89 73 73 73 65 65 65 65 65 30 30 30 30 30 80 80 80 80 80 64 64 9 9 9 68 68 68 68 68 68
40 24 24 24 24 24 95 95 95 95 95 48 48 48 48 48 76 76 76 76 73 73 73 73 65 65 65 65 30 30 30 30 30 30 30 30 9 9 80 9 9 9 9 68 68 68 68 68 68 68
40 40 40 24 24 24 95 95 95 95 95 95 95 95 95 95 11 11 76 73 73 73 73 66 66 66 65 65 30 30 30 30 30 30 30 30 9 9 9 9 9 9 9 9 68 68 68 68 68 68
40 40 40 44 44 44 95 95 95 95 95 95 95 95 95 11 11 11 11 11 11 73 73 3 66 66 65 70 70 70 70 70 30 30 57 57 57 9 9 9 9 68 68 68 68 68 68 68 68 68
40 44 44 44 44 44 95 95 95 95 95 95 95 95 95 11 11 11 11 11 11 73 73 66 66 66 70 70 70 70 70 70 70 70 57 57 57 57 9 9 9 68 68 68 68 68 68 68 68 68
44 44 44 44 44 44 95 95 95 95 95 95 95 95 11 11 11 11 11 11 11 73 73 66 66 66 70 70 70 70 70 70 70 57 57 57 57 57 63 63 68 68 68 68 68 68 68 68 68 68
44 44 44 44 44 44 44 44 95 95 95 95 95 95 11 11 11 11 11 11 11 73 66 66 66 66 70 70 70 70 70 70 70 57 57 57 63 63 63 68 68 68 68 68 68 68 68 68 92 92
44 44 44 44 44 44 44 95 95 95 95 95 95 95 11 11 11 11 11 11 11 19 66 66 66 70 70 70 70 70 81 57 57 57 57 57 63 63 63 68 68 68 68 68 68 68 68 92 92 92
44 44 44 44 44 44 44 95 95 95 95 95 95 11 11 11 11 11 21 21 11 19 66 66 66 45 45 81 70 70 81 57 57 57 57 57 63 63 63 68 68 68 68 68 68 68 68 92 92 92
44 5 44 44 37 44 44 37 37 37 95 95 95 21 21 21 21 21 21 21 19 19 19 19 19 45 45 81 81 81 81 57 57 57 57 15 15 15 15 15 15 15 68 68 92 92 92 92 92 92
5 5 37 44 37 37 37 37 37 37 95 43 21 21 21 21 21 21 21 21 19 19 19 45 45 45 45 45 81 81 81 81 57 57 57 15 15 15 15 15 15 15 68 68 92 92 92 92 92 92
5 5 37 37 37 37 37 37 37 37 37 43 43 21 21 21 21 21 21 21 21 19 19 19 19 45 45 45 81 81 81 81 57 57 15 15 15 15 15 15 15 15 68 68 92 92 92 92 92 92
5 37 37 37 37 37 37 37 37 37 37 43 43 43 21 21 21 21 21 21 19 19 19 19 19 45 45 45 81 81 81 81 81 15 15 15 15 15 15 15 15 15 94 92 92 92 92 92 92 92
5 5 5 37 37 37 37 43 43 43 43 43 43 43 43 21 21 21 21 21 19 4 4 4 4 4 45 45 81 81 62 62 62 62 62 62 62 62 94 94 94 94 94 94 92 92 92 92 92 92
5 5 5 37 37 37 37 43 43 43 43 43 43 43 43 74 74 21 21 4 4 4 4 4 4 4 4 45 81 81 62 62 62 62 62 62 62 62 94 94 94 94 94 94 49 92 92 92 36 36
5 5 5 5 37 37 59 98 98 43 43 43 43 43 74 74 74 74 74 4 4 4 4 4 4 4 23 23 23 81 78 78 78 62 62 62 62 52 52 94 94 94 94 94 49 49 49 92 92 36
5 5 5 5 5 37 59 98 27 27 27 43 43 43 74 74 74 74 74 4 4 47 4 4 4 23 23 23 23 23 78 78 78 62 62 62 62 52 52 94 94 94 94 94 53 49 49 49 36 36
5 5 5 5 5 5 98 98 27 27 27 27 20 20 74 74 74 74 74 47 47 47 4 4 4 23 23 23 23 23 78 78 78 62 62 62 62 52 52 94 94 94 94 53 53 53 49 49 49 49
5 5 5 5 5 5 27 27 27 27 27 20 20 20 20 14 14 60 60 42 42 47 47 47 47 23 47 47 47 51 78 78 51 62 62 62 62 52 52 94 94 94 94 53 53 53 49 49 49 49
5 5 5 5 5 91 27 91 27 27 27 20 20 20 20 14 20 60 60 42 47 47 47 47 47 47 47 47 47 51 51 51 51 51 51 52 52 52 52 94 94 94 94 53 53 53 49 49 49 49
5 7 5 91 91 91 91 91 91 91 91 20 20 20 20 20 20 60 42 42 42 47 47 47 47 47 47 47 47 51 51 51 51 51 51 52 52 52 1 52 94 94 94 53 53 53 49 49 49 49
7 7 91 91 91 91 91 25 91 91 25 20 25 25 25 20 42 42 42 42 42 47 47 47 47 47 47 47 47 51 51 51 51 51 51 52 52 52 52 52 52 52 94 53 53 53 49 49 49 49
7 7 91 91 91 91 50 25 25 25 25 25 25 25 25 25 42 42 42 42 42 42 42 17 17 47 47 51 51 51 51 51 51 51 52 52 52 52 52 52 52 52 94 53 26 26 49 49 26 26
7 7 28 91 50 91 50 25 25 25 25 25 25 25 25 25 42 42 42 42 42 42 17 17 17 17 17 51 51 51 51 51 51 51 51 52 52 52 88 88 88 52 94 26 26 26 26 26 26 26
100 7 28 28 50 50 50 50 50 50 25 25 25 25 25 25 42 42 42 42 42 42 17 17 17 17 17 83 83 51 83 51 51 51 51 90 90 88 88 88 85 85 26 26 26 26 26 26 26 26
100 28 28 28 28 50 50 50 50 50 25 25 87 87 42 42 42 42 42 42 42 42 17 17 17 17 17 83 83 83 83 51 51 51 51 90 90 88 88 88 85 85 85 26 26 26 26 26 26 26
100 28 28 28 50 50 50 50 50 96 96 96 87 87 42 42 42 42 42 42 42 42 17 17 17 17 83 83 83 83 83 51 90 90 90 90 90 88 88 88 88 85 85 26 26 26 26 26 46 46
100 50 50 50 50 50 50 50 50 96 96 96 87 87 87 42 42 42 42 42 42 42 17 61 61 17 83 61 83 83 51 51 90 90 88 88 88 88 88 88 88 85 85 85 85 85 46 46 46 46
50 50 50 50 50 50 50 50 50 50 96 96 96 96 96 96 96 42 42 42 42 61 61 61 61 61 61 61 61 83 51 51 90 18 18 88 18 18 18 88 88 85 85 85 85 85 46 46 46 46
50 50 50 50 50 50 50 50 50 50 96 96 99 99 99 99 99 99 13 13 13 13 61 61 61 61 61 61 61 18 18 18 18 18 18 18 18 18 18 18 85 85 85 85 85 85 46 46 46 46
50 50 50 50 50 50 50 50 50 99 99 99 99 99 99 99 99 99 99 13 13 13 61 61 61 61 61 61 69 69 69 72 18 18 18 18 18 18 18 18 18 77 77 77 85 85 46 46 46 46
50 50 50 50 50 50 50 50 39 99 99 99 99 99 99 99 99 99 84 13 13 13 32 32 32 32 32 69 69 69 69 72 6 6 18 18 18 18 18 77 77 77 77 77 46 46 46 46 46 46
50 34 34 50 34 55 50 50 39 99 99 99 99 99 99 99 99 84 84 13 13 13 13 32 32 32 32 69 69 69 69 72 72 72 72 72 72 72 18 77 77 77 77 77 46 46 46 46 46 46
34 34 34 34 34 55 55 39 39 39 39 39 99 99 99 99 99 84 84 13 13 13 13 13 32 32 69 69 69 69 69 72 72 72 72 72 72 72 18 77 77 77 77 56 46 46 46 46 46 46
34 34 34 34 34 55 55 55 39 39 39 39 99 99 99 84 84 84 84 84 13 13 13 13 32 97 8 8 8 69 69 69 72 72 72 72 72 72 18 77 77 56 56 56 56 46 46 46 46 46
34 34 34 34 34 55 55 55 39 39 39 39 84 84 84 84 84 84 84 84 84 13 13 13 97 97 8 8 8 8 69 69 69 69 2 72 2 2 2 2 77 2 56 56 56 56 46 46 46 46
34 34 34 34 34 55 55 55 55 55 55 34 34 71 71 71 71 84 84 84 84 97 97 97 97 97 8 8 8 82 69 82 82 82 2 2 2 2 2 2 2 2 56 56 56 56 46 46 46 46
34 34 34 34 34 55 55 55 55 34 34 34 34 71 71 71 71 71 84 97 97 97 97 97 97 97 8 8 82 82 82 82 82 82 2 2 2 2 2 2 2 2 56 56 56 46 46 46 46 22
34 34 34 34 34 34 34 34 34 34 34 34 34 71 71 71 71 71 84 97 86 86 97 86 97 82 8 82 82 82 82 82 82 16 16 16 16 16 16 2 2 2 2 56 56 56 22 22 22 22
34 34 34 34 34 34 34 34 34 34 34 34 67 67 67 71 71 71 84 86 86 86 86 86 86 82 82 82 82 82 82 82 82 82 16 16 16 16 16 16 16 16 2 2 22 56 22 22 22 22
34 34 34 34 34 34 34 34 34 34 34 67 67 67 67 67 71 71 71 71 29 29 86 86 86 86 82 82 82 82 82 82 82 82 16 16 16 16 16 16 16 16 16 16 22 22 22 22 22 22
34 34 34 34 34 34 34 34 67 34 67 67 67 67 67 29 29 71 29 29 29 29 86 86 86 86 82 82 82 12 82 12 82 16 16 16 16 16 16 75 75 75 75 22 22 22 22 22 22 22
34 34 34 34 34 34 67 67 67 34 67 67 67 67 67 29 29 29 29 29 29 29 86 86 86 86 12 82 12 12 12 12 16 16 16 16 16 16 75 75 75 75 75 22 38 22 22 22 22 22
34 34 34 34 34 34 67 67 67 67 67 67 67 67 67 67 29 29 29 29 29 29 86 86 86 86 12 12 12 12 12 12 12 16 16 16 16 16 75 75 75 75 75 75 38 38 22 22 22 22
0 24 95 95 95 95 0 95 95 54 0 0 0 54 79 79 79 33 0 0 0 0 33 35 0 35 35 35 35 31 58 58 0 0 0 0 58 41 0 0 0 41 93 0 0 0 0 0 0 0
0 24 24 24 24 95 0 95 48 54 54 54 54 54 79 79 33 33 0 0 33 33 33 35 35 35 31 31 31 31 31 58 0 0 0 0 58 41 0 0 41 41 93 93 0 0 93 93 93 93
0 0 0 0 24 95 0 95 48 48 48 48 54 54 79 79 33 33 0 0 33 89 33 31 31 31 31 31 31 31 31 58 0 0 0 0 58 41 41 0 41 64 64 93 93 93 93 10 10 10
0 0 0 0 24 95 0 95 48 48 48 48 48 48 79 79 79 33 33 33 33 89 89 31 31 31 31 31 31 31 31 58 0 0 58 58 58 58 41 41 41 64 64 10 10 10 10 10 0 0
0 0 0 0 24 95 0 95 95 48 48 48 48 48 79 79 79 89 89 33 89 89 73 31 31 31 31 31 31 31 31 58 58 58 58 80 58 58 64 64 64 64 64 64 10 10 0 0 0 0
0 0 0 0 24 95 0 0 95 95 95 48 48 48 79 79 79 89 89 89 89 73 73 31 31 31 65 65 65 30 30 30 30 30 30 80 80 80 80 64 64 9 9 64 68 10 10 10 10 10
24 24 0 0 24 95 95 0 0 0 95 48 48 48 79 79 76 76 76 89 89 73 73 73 65 65 65 65 65 30 30 30 30 30 80 80 80 80 80 64 64 9 9 9 68 68 68 68 68 68
40 24 24 24 24 24 95 0 0 0 95 48 48 48 48 48 76 76 76 76 73 73 73 73 65 65 65 65 30 30 30 30 30 30 30 30 9 9 80 9 9 9 9 68 68 0 0 0 0 0
40 40 40 24 24 24 95 0 0 0 95 95 95 95 95 95 11 11 76 73 73 73 73 66 66 66 65 65 30 30 30 30 30 30 30 30 9 9 9 9 9 9 9 9 68 0 0 0 0 0
40 40 40 44 44 44 95 0 0 0 0 0 0 0 95 11 11 11 11 11 11 73 73 3 66 66 65 70 70 70 70 70 30 30 57 57 57 9 9 9 9 68 68 68 68 0 0 0 0 0
40 44 44 44 0 44 95 0 0 0 0 0 0 95 95 11 11 11 11 11 11 73 73 66 66 66 70 70 70 70 70 70 70 70 57 57 57 57 9 9 9 68 0 0 0 0 0 0 0 0
44 44 0 0 0 44 95 95 95 0 0 0 0 95 11 11 11 11 11 11 11 73 73 66 66 66 70 70 70 70 70 70 70 57 57 57 57 57 63 63 68 68 0 0 0 0 0 68 68 68
0 0 0 0 0 44 44 44 95 0 0 0 0 95 11 11 11 11 11 11 11 73 66 66 66 66 70 70 70 70 70 70 70 57 57 57 63 63 63 68 68 0 0 0 0 0 68 68 92 92
0 0 0 0 0 0 44 95 95 0 0 0 95 95 11 11 11 11 11 11 11 19 66 66 66 70 70 70 70 70 81 57 57 57 57 57 63 63 63 68 0 0 0 0 0 0 68 92 92 0
44 44 44 44 44 44 44 95 95 95 95 0 95 11 11 11 11 11 21 21 11 19 66 66 66 45 45 81 70 70 81 57 57 57 57 57 63 63 63 68 68 68 68 68 68 68 68 92 0 0
44 5 44 44 37 44 44 37 37 37 95 95 95 21 21 21 21 21 21 21 19 19 19 19 19 45 45 81 81 81 81 57 57 57 57 15 15 15 15 15 15 15 68 68 92 92 92 92 0 0
5 5 37 44 37 37 37 37 37 37 95 43 21 21 21 21 21 21 21 21 19 19 19 45 45 45 45 45 81 81 81 81 57 57 57 15 15 15 15 15 15 15 68 68 92 0 0 0 0 0
5 5 37 37 37 37 37 37 37 37 37 43 43 21 21 21 21 21 21 21 21 19 19 19 19 45 45 45 81 81 81 81 57 57 15 15 15 15 15 15 15 15 68 68 92 0 0 0 0 0
5 37 37 37 37 37 37 37 37 37 37 43 43 43 21 21 21 21 21 21 19 19 19 19 19 45 45 45 81 81 81 81 81 15 15 15 15 15 15 15 15 15 94 92 92 0 0 0 0 0
5 5 5 37 37 37 37 43 43 43 43 43 43 43 43 21 21 21 21 21 19 4 4 4 4 4 45 45 81 81 62 62 62 62 62 62 62 62 94 94 94 94 94 94 92 92 0 92 92 92
0 0 5 37 37 37 37 43 43 43 43 43 43 43 43 74 74 21 21 4 4 4 4 4 4 4 4 45 81 81 62 62 62 62 62 62 62 62 94 94 94 94 94 94 49 92 92 92 36 36
0 0 5 5 37 37 59 98 98 43 43 43 43 43 74 74 74 74 74 4 4 4 4 4 4 4 23 23 23 81 78 78 78 62 62 62 62 52 52 94 94 94 94 94 49 49 49 92 92 36
0 0 0 5 5 37 59 98 27 27 27 43 43 43 74 74 74 74 74 4 4 47 4 4 4 23 23 23 23 23 78 78 78 62 62 62 62 52 52 94 94 94 94 94 53 49 49 49 36 36
0 0 0 0 5 5 98 98 27 27 27 27 20 20 74 74 74 74 74 47 47 47 4 4 4 23 23 23 23 23 78 78 78 62 62 62 62 52 52 94 94 94 94 53 53 53 49 49 49 49
0 0 0 0 5 5 27 27 27 27 27 20 20 20 20 14 14 60 60 42 42 47 47 47 47 23 47 47 47 51 78 78 51 62 62 62 62 52 52 94 94 94 94 53 53 53 49 0 0 0
5 5 5 5 5 91 27 91 27 27 27 20 20 20 20 14 20 60 60 42 47 47 47 47 47 47 47 47 47 51 51 51 51 51 51 52 52 52 52 94 94 94 94 53 53 53 49 0 0 0
5 7 5 91 91 91 91 91 91 91 91 20 20 20 20 20 20 60 42 42 42 47 47 47 47 47 47 47 47 51 51 51 51 51 51 52 52 52 1 52 94 94 94 53 53 53 49 0 0 0
7 7 91 91 91 91 91 25 91 91 25 20 25 25 25 20 42 42 42 42 42 47 47 47 47 47 47 47 47 51 51 51 51 51 51 52 52 52 52 52 52 52 94 53 53 53 49 49 49 49
0 7 91 91 91 91 50 25 25 25 25 25 25 25 25 25 42 42 42 42 42 42 42 17 17 47 47 51 51 51 51 51 51 51 52 52 52 52 52 52 52 52 94 53 26 26 49 49 26 26
7 7 28 91 50 91 50 25 25 25 25 25 25 25 25 25 42 42 42 42 42 42 17 17 17 17 17 51 51 51 51 51 51 51 51 52 52 52 88 88 88 52 94 26 26 26 26 26 26 0
100 7 28 28 50 50 50 50 50 50 25 25 25 25 25 25 42 42 42 42 42 42 17 17 17 17 17 83 83 51 83 51 51 51 51 90 90 88 88 88 85 85 26 26 0 0 0 0 0 0
100 28 28 28 28 50 0 0 50 50 25 25 87 87 42 42 42 42 42 42 42 42 17 17 17 17 17 83 83 83 83 51 51 51 51 90 90 88 88 88 85 85 85 26 0 0 0 26 26 26
100 28 28 28 50 50 0 0 50 96 96 96 87 87 42 42 42 42 42 42 42 42 17 17 17 17 83 83 83 83 83 51 90 90 90 90 90 88 88 88 88 85 85 26 26 26 26 26 46 46
100 50 50 50 50 0 0 0 50 96 96 96 87 87 87 42 42 42 42 42 42 42 17 61 61 17 83 61 83 83 51 51 90 90 88 88 88 88 88 88 88 85 85 85 85 85 46 46 46 0
50 50 0 0 0 0 0 0 50 50 96 96 96 96 96 96 96 42 42 42 42 61 61 61 61 61 61 61 61 83 51 51 90 18 18 88 18 18 18 88 88 85 85 85 85 85 46 0 0 0
0 0 0 0 0 0 0 0 50 50 96 96 99 99 99 99 99 99 13 13 13 13 61 61 61 61 61 61 61 18 18 18 18 18 18 18 18 18 18 18 85 85 85 85 85 85 46 0 0 0
0 0 0 0 0 0 0 50 50 99 99 99 99 99 99 99 99 99 99 13 13 13 61 61 61 61 61 61 69 69 69 72 18 18 18 18 18 18 18 18 18 77 77 77 85 85 46 0 0 0
50 50 50 50 50 50 50 50 39 99 99 99 99 99 99 99 99 99 84 13 13 13 32 32 32 32 32 69 69 69 69 72 6 6 18 18 18 18 18 77 77 77 77 77 46 46 46 0 0 0
50 34 34 50 34 55 50 50 39 99 99 99 99 99 99 99 99 84 84 13 13 13 13 32 32 32 32 69 69 69 69 72 72 72 72 72 72 72 18 77 77 77 77 77 46 0 0 0 0 0
34 34 34 34 34 55 55 39 39 39 39 39 99 99 99 99 99 84 84 13 13 13 13 13 32 32 69 69 69 69 69 72 72 72 72 72 72 72 18 77 77 77 77 56 46 46 0 0 0 0
0 0 0 0 34 55 55 55 39 39 39 39 99 99 99 84 84 84 84 84 13 13 13 13 32 97 8 8 8 69 69 69 72 72 72 72 72 72 18 77 77 56 56 56 56 46 46 0 0 0
0 0 0 0 34 55 55 55 39 39 39 39 84 84 84 84 84 84 84 84 84 13 13 13 97 97 8 8 8 8 69 69 69 69 2 72 2 2 2 2 77 2 56 56 56 56 46 0 0 0
0 0 0 0 34 55 55 55 55 55 55 34 34 71 71 71 71 84 84 84 84 97 97 97 97 97 8 8 8 82 69 82 82 82 2 2 2 2 2 2 2 2 56 56 56 56 46 0 46 46
0 0 0 0 34 55 55 55 55 34 34 34 34 71 71 71 71 71 84 97 97 97 97 97 97 97 8 8 82 82 82 82 82 82 2 2 2 2 2 2 2 2 56 56 56 46 46 46 46 22
0 0 0 0 34 34 34 34 34 34 34 34 34 71 71 71 71 71 84 97 86 86 97 86 97 82 8 82 82 82 82 82 82 16 16 16 16 16 16 2 2 2 2 56 56 56 22 22 22 22
0 0 0 0 0 0 0 0 0 0 34 34 67 67 67 71 71 71 84 86 86 86 86 86 86 82 82 82 82 82 82 82 82 82 16 0 0 0 16 16 16 16 2 2 22 56 22 0 0 0
0 0 0 0 0 0 0 34 34 34 34 67 67 0 67 67 71 71 71 71 29 29 86 0 86 86 82 82 82 82 82 82 82 82 16 0 0 0 16 16 16 16 16 16 22 22 22 0 0 0
0 0 0 0 0 34 34 34 67 34 67 67 0 0 67 29 29 71 29 29 29 29 86 0 0 86 82 82 82 12 82 12 82 16 16 0 0 16 16 75 75 75 75 22 22 22 0 0 0 0
0 0 0 0 0 34 67 67 67 34 67 0 0 0 67 29 29 29 29 0 0 29 86 0 0 86 12 82 12 12 12 12 16 16 0 0 0 16 75 75 0 0 75 22 38 22 22 0 0 0
0 0 0 0 0 34 67 0 67 67 67 0 0 0 67 67 29 0 0 0 0 29 86 0 0 86 12 12 12 0 0 12 12 16 0 0 0 16 75 0 0 0 75 75 38 38 22 0 0 0
