950 0 0 0 0 0 0 0 0 0 0 0 0 0 0 0 0 0 0 0 0 0 0 0 0 0 0 0 0 0 0 0 0 0 0
0 0 0 0 0 0 0 0 0 0 0 0 0 0 0 0 0 0 0 0 0 0 0 0 0 0 0 0 0 0 0 0 0 0 0
0 0 0 0 0 0 0 0 0 0 0 0 0 0 0 0 0 0 0 0 0 0 0 0 0 0 0 0 0 0 0 0 0 0 0
0 0 0 0 0 0 0 0 0 0 0 0 0 0 0 0 0 0 0 0 0 0 0 0 0 0 0 0 0 0 0 0 0 0 0
0 0 0 0 0 0 0 0 0 0 0 0 0 0 0 0 0 0 0 0 0 0 0 0 0 0 0 0 0 0 0 0 0 0 0
0 0 0 0 0 0 0 0 0 0 0 0 0 0 0 0 0 0 0 0 0 0 0 0 0 0 0 0 0 0 0 0 0 0 0
0 0 0 0 0 0 0 0 0 0 0 0 0 0 0 0 0 0 0 0 0 0 0 0 0 0 0 0 0 0 0 0 0 0 0
0 0 0 0 0 0 0 0 0 0 0 0 0 0 0 0 0 0 0 0 0 0 0 0 0 0 0 0 0 0 0 0 0 0 0
0 0 0 0 0 0 0 0 0 0 0 0 0 0 0 0 0 0 0 0 0 0 0 0 0 0 0 0 0 0 0 0 0 0 0
0 0 0 0 0 0 0 0 0 0 0 0 0 0 0 0 0 0 0 0 0 0 0 0 0 0 0 0 0 0 0 0 0 0 0
0 0 0 0 0 0 0 0 0 0 0 0 0 0 0 0 0 0 0 0 0 0 0 0 0 0 0 0 0 0 0 0 0 0 0
0 0 0 0 0 0 0 0 0 0 0 0 0 0 0 0 0 0 0 0 0 0 0 0 0 0 0 0 0 0 0 0 0 0 0
0 0 0 0 0 0 0 0 0 0 0 0 0 0 0 0 0 0 0 0 0 0 0 0 0 0 0 0 0 0 0 0 0 0 0
0 0 0 0 0 0 0 0 0 0 0 0 0 0 0 0 0 0 0 0 0 0 0 0 0 0 0 0 0 0 0 0 0 0 0
0 0 0 0 0 0 0 0 0 0 0 0 0 0 0 0 0 0 0 0 0 0 0 0 0 0 0 0 0 0 0 0 0 0 0
0 0 0 0 0 0 0 0 0 0 0 0 0 0 0 0 0 0 0 0 0 0 0 0 0 0 0 0 0 0 0 0 0 0 0
0 0 0 0 0 0 0 0 0 0 0 0 0 0 0 0 0 0 0 0 0 0 0 0 0 0 0 0 0 0 0 0 0 0 0
0 0 0 0 0 0 0 0 0 0 0 0 0 0 0 0 0 0 0 0 0 0 0 0 0 0 0 0 0 0 0 0 0 0 0
0 0 0 0 0 0 0 0 0 0 0 0 0 0 0 0 0 0 0 0 0 0 0 0 0 0 0 0 0 0 0 0 0 0 0
0 0 0 0 0 0 0 0 0 0 0 0 0 0 0 0 0 0 0 0 0 0 0 0 0 0 0 0 0 0 0 0 0 0 0
0 0 0 0 0 0 0 0 0 0 0 0 0 0 0 0 0 0 0 0 0 0 0 0 0 0 0 0 0 0 0 0 0 0 0
0 0 0 0 0 0 0 0 0 0 0 0 0 0 0 0 0 0 0 0 0 0 0 0 0 0 0 0 0 0 0 0 0 0 0
0 0 0 0 0 0 0 0 0 0 0 0 0 0 0 0 0 0 0 0 0 0 0 0 0 0 0 0 0 0 0 0 0 0 0
0 0 0 0 0 0 0 0 0 0 0 0 0 0 0 0 0 0 0 0 0 0 0 0 0 0 0 0 0 0 0 0 0 0 0
0 0 0 0 0 0 0 0 0 0 0 0 0 0 0 0 0 0 0 0 0 0 0 0 0 0 0 0 0 0 0 0 0 0 0
0 0 0 0 0 0 0 0 0 0 0 0 0 0 0 0 0 0 0 0 0 0 0 0 0 0 0 0 0 0 0 0 0 0 0
0 0 0 0 0 0 0 0 0 0 0 0 0 0 0 0 0 0 0 0 0 0 0 0 0 0 0 0 0 0 0 0 0 0 0
0 0 0 0 0 0 0 0 0 0 0 0 0 0 0 0 0 0 0 0 0 0 0 0 0 0 0 0 0 0 0 0 0 0 0
0 0 0 0 0 0 0 0 0 0 0 0 0 0 0 0 0 0 0 0 0 0 0 0 0 0 0 0 0 0 0 0 0 0 0
0 0 0 0 0 0 0 0 0 0 0 0 0 0 0 0 0 0 0 0 0 0 0 0 0 0 0 0 0 0 0 0 0 0 0
0 0 0 0 0 0 0 0 0 0 0 0 0 0 0 0 0 0 0 0 0 0 0 0 0 0 0 0 0 0 0 0 0 0 0
0 0 0 0 0 0 0 0 0 0 0 0 0 0 0 0 0 0 0 0 0 0 0 0 0 0 0 0 0 0 0 0 0 0 0
0 0 0 0 0 0 0 0 0 0 0 0 0 0 0 0 0 0 0 0 0 0 0 0 0 0 0 0 0 0 0 0 0 0 0
0 0 0 0 0 0 0 0 0 0 0 0 0 0 0 0 0 0 0 0 0 0 0 0 0 0 0 0 0 0 0 0 0 0 0
0 0 0 0 0 0 0 0 0 0 0 0 0 0 0 0 0 0 0 0 0 0 0 0 0 0 0 0 0 0 0 0 0 0 0
0 0 -25
0 -1 -23
0 -1 -25
0 -2 -5
0 -2 -12
0 -2 -28
0 -3 -10
0 -3 -31
0 -4 0
0 -4 -14
0 -5 -17
0 -5 -20
0 -7 -8
0 -7 -16
0 -8 0
0 -8 -22
0 -8 -32
0 -9 -24
0 -9 -26
0 -10 -3
0 -10 -5
0 -10 -6
0 -10 -8
0 -11 -24
0 -13 -14
0 -14 -3
0 -15 -1
0 -15 -10
0 -15 -29
0 -16 -22
0 -17 -15
0 -17 -26
0 -17 -32
0 -18 -11
0 -19 -1
0 -20 -7
0 -20 -18
0 -20 -32
0 -23 -28
0 -23 -30
0 -23 -31
0 -23 -33
0 -24 -21
0 -24 -22
0 -24 -33
0 -26 -19
0 -27 0
0 -27 -7
0 -27 -10
0 -27 -28
0 -27 -32
0 -27 -33
0 -28 -7
0 -29 -11
0 -29 -12
0 -29 -19
0 -29 -27
0 -30 0
0 -30 -19
0 -31 0
0 -31 -14
0 -31 -28
0 -32 -11
0 -33 -7
0 -33 -15
0 -34 -20
1 0 -25
1 -1 -23
1 -1 -25
1 -2 -5
1 -2 -12
1 -2 -28
1 -3 -10
1 -3 -31
1 -4 0
1 -4 -14
1 -5 -17
1 -5 -20
1 -7 -8
1 -7 -16
1 -8 0
1 -8 -22
1 -8 -32
1 -9 -24
1 -9 -26
1 -10 -3
1 -10 -5
1 -10 -6
1 -10 -8
1 -11 -24
1 -13 -14
1 -14 -3
1 -15 -1
1 -15 -10
1 -15 -29
1 -16 -22
1 -17 -15
1 -17 -26
1 -17 -32
1 -18 -11
1 -19 -1
1 -20 -7
1 -20 -18
1 -20 -32
1 -23 -28
1 -23 -30
1 -23 -31
1 -23 -33
1 -24 -21
1 -24 -22
1 -24 -33
1 -26 -19
1 -27 0
1 -27 -7
1 -27 -10
1 -27 -28
1 -27 -32
1 -27 -33
1 -28 -7
1 -29 -11
1 -29 -12
1 -29 -19
1 -29 -27
1 -30 0
1 -30 -19
1 -31 0
1 -31 -14
1 -31 -28
1 -32 -11
1 -33 -7
1 -33 -15
1 -34 -20
2 0 -25
2 -1 -23
2 -1 -25
2 -2 -5
2 -2 -12
2 -2 -28
2 -3 -10
2 -3 -31
2 -4 0
2 -4 -14
2 -5 -17
2 -5 -20
2 -7 -8
2 -7 -16
2 -8 0
2 -8 -22
2 -8 -32
2 -9 -24
2 -9 -26
2 -10 -3
2 -10 -5
2 -10 -6
2 -10 -8
2 -11 -24
2 -13 -14
2 -14 -3
2 -15 -1
2 -15 -10
2 -15 -29
2 -16 -22
2 -17 -15
2 -17 -26
2 -17 -32
2 -18 -11
2 -19 -1
2 -20 -7
2 -20 -18
2 -20 -32
2 -23 -28
2 -23 -30
2 -23 -31
2 -23 -33
2 -24 -21
2 -24 -22
2 -24 -33
2 -26 -19
2 -27 0
2 -27 -7
2 -27 -10
2 -27 -28
2 -27 -32
2 -27 -33
2 -28 -7
2 -29 -11
2 -29 -12
2 -29 -19
2 -29 -27
2 -30 0
2 -30 -19
2 -31 0
2 -31 -14
2 -31 -28
2 -32 -11
2 -33 -7
2 -33 -15
2 -34 -20
3 0 -25
3 -1 -23
3 -1 -25
3 -2 -5
3 -2 -12
3 -2 -28
3 -3 -10
3 -3 -31
3 -4 0
3 -4 -14
3 -5 -17
3 -5 -20
3 -7 -8
3 -7 -16
3 -8 0
3 -8 -22
3 -8 -32
3 -9 -24
3 -9 -26
3 -10 -3
3 -10 -5
3 -10 -6
3 -10 -8
3 -11 -24
3 -13 -14
3 -14 -3
3 -15 -1
3 -15 -10
3 -15 -29
3 -16 -22
3 -17 -15
3 -17 -26
3 -17 -32
3 -18 -11
3 -19 -1
3 -20 -7
3 -20 -18
3 -20 -32
3 -23 -28
3 -23 -30
3 -23 -31
3 -23 -33
3 -24 -21
3 -24 -22
3 -24 -33
3 -26 -19
3 -27 0
3 -27 -7
3 -27 -10
3 -27 -28
3 -27 -32
3 -27 -33
3 -28 -7
3 -29 -11
3 -29 -12
3 -29 -19
3 -29 -27
3 -30 0
3 -30 -19
3 -31 0
3 -31 -14
3 -31 -28
3 -32 -11
3 -33 -7
3 -33 -15
3 -34 -20
4 0 -25
4 -1 -23
4 -1 -25
4 -2 -5
4 -2 -12
4 -2 -28
4 -3 -10
4 -3 -31
4 -4 0
4 -4 -14
4 -5 -17
4 -5 -20
4 -7 -8
4 -7 -16
4 -8 0
4 -8 -22
4 -8 -32
4 -9 -24
4 -9 -26
4 -10 -3
4 -10 -5
4 -10 -6
4 -10 -8
4 -11 -24
4 -13 -14
4 -14 -3
4 -15 -1
4 -15 -10
4 -15 -29
4 -16 -22
4 -17 -15
4 -17 -26
4 -17 -32
4 -18 -11
4 -19 -1
4 -20 -7
4 -20 -18
4 -20 -32
4 -23 -28
4 -23 -30
4 -23 -31
4 -23 -33
4 -24 -21
4 -24 -22
4 -24 -33
4 -26 -19
4 -27 0
4 -27 -7
4 -27 -10
4 -27 -28
4 -27 -32
4 -27 -33
4 -28 -7
4 -29 -11
4 -29 -12
4 -29 -19
4 -29 -27
4 -30 0
4 -30 -19
4 -31 0
4 -31 -14
4 -31 -28
4 -32 -11
4 -33 -7
4 -33 -15
4 -34 -20
5 0 -25
5 -1 -23
5 -1 -25
5 -2 -5
5 -2 -12
5 -2 -28
5 -3 -10
5 -3 -31
5 -4 0
5 -4 -14
5 -5 -17
5 -5 -20
5 -7 -8
5 -7 -16
5 -8 0
5 -8 -22
5 -8 -32
5 -9 -24
5 -9 -26
5 -10 -3
5 -10 -5
5 -10 -6
5 -10 -8
5 -11 -24
5 -13 -14
5 -14 -3
5 -15 -1
5 -15 -10
5 -15 -29
5 -16 -22
5 -17 -15
5 -17 -26
5 -17 -32
5 -18 -11
5 -19 -1
5 -20 -7
5 -20 -18
5 -20 -32
5 -23 -28
5 -23 -30
5 -23 -31
5 -23 -33
5 -24 -21
5 -24 -22
5 -24 -33
5 -26 -19
5 -27 0
5 -27 -7
5 -27 -10
5 -27 -28
5 -27 -32
5 -27 -33
5 -28 -7
5 -29 -11
5 -29 -12
5 -29 -19
5 -29 -27
5 -30 0
5 -30 -19
5 -31 0
5 -31 -14
5 -31 -28
5 -32 -11
5 -33 -7
5 -33 -15
5 -34 -20
6 0 -25
6 -1 -23
6 -1 -25
6 -2 -5
6 -2 -12
6 -2 -28
6 -3 -10
6 -3 -31
6 -4 0
6 -4 -14
6 -5 -17
6 -5 -20
6 -7 -8
6 -7 -16
6 -8 0
6 -8 -22
6 -8 -32
6 -9 -24
6 -9 -26
6 -10 -3
6 -10 -5
6 -10 -6
6 -10 -8
6 -11 -24
6 -13 -14
6 -14 -3
6 -15 -1
6 -15 -10
6 -15 -29
6 -16 -22
6 -17 -15
6 -17 -26
6 -17 -32
6 -18 -11
6 -19 -1
6 -20 -7
6 -20 -18
6 -20 -32
6 -23 -28
6 -23 -30
6 -23 -31
6 -23 -33
6 -24 -21
6 -24 -22
6 -24 -33
6 -26 -19
6 -27 0
6 -27 -7
6 -27 -10
6 -27 -28
6 -27 -32
6 -27 -33
6 -28 -7
6 -29 -11
6 -29 -12
6 -29 -19
6 -29 -27
6 -30 0
6 -30 -19
6 -31 0
6 -31 -14
6 -31 -28
6 -32 -11
6 -33 -7
6 -33 -15
6 -34 -20
7 0 -25
7 -1 -23
7 -1 -25
7 -2 -5
7 -2 -12
7 -2 -28
7 -3 -10
7 -3 -31
7 -4 0
7 -4 -14
7 -5 -17
7 -5 -20
7 -7 -8
7 -7 -16
7 -8 0
7 -8 -22
7 -8 -32
7 -9 -24
7 -9 -26
7 -10 -3
7 -10 -5
7 -10 -6
7 -10 -8
7 -11 -24
7 -13 -14
7 -14 -3
7 -15 -1
7 -15 -10
7 -15 -29
7 -16 -22
7 -17 -15
7 -17 -26
7 -17 -32
7 -18 -11
7 -19 -1
7 -20 -7
7 -20 -18
7 -20 -32
7 -23 -28
7 -23 -30
7 -23 -31
7 -23 -33
7 -24 -21
7 -24 -22
7 -24 -33
7 -26 -19
7 -27 0
7 -27 -7
7 -27 -10
7 -27 -28
7 -27 -32
7 -27 -33
7 -28 -7
7 -29 -11
7 -29 -12
7 -29 -19
7 -29 -27
7 -30 0
7 -30 -19
7 -31 0
7 -31 -14
7 -31 -28
7 -32 -11
7 -33 -7
7 -33 -15
7 -34 -20
8 0 -25
8 -1 -23
8 -1 -25
8 -2 -5
8 -2 -12
8 -2 -28
8 -3 -10
8 -3 -31
8 -4 0
8 -4 -14
8 -5 -17
8 -5 -20
8 -7 -8
8 -7 -16
8 -8 0
8 -8 -22
8 -8 -32
8 -9 -24
8 -9 -26
8 -10 -3
8 -10 -5
8 -10 -6
8 -10 -8
8 -11 -24
8 -13 -14
8 -14 -3
8 -15 -1
8 -15 -10
8 -15 -29
8 -16 -22
8 -17 -15
8 -17 -26
8 -17 -32
8 -18 -11
8 -19 -1
8 -20 -7
8 -20 -18
8 -20 -32
8 -23 -28
8 -23 -30
8 -23 -31
8 -23 -33
8 -24 -21
8 -24 -22
8 -24 -33
8 -26 -19
8 -27 0
8 -27 -7
8 -27 -10
8 -27 -28
8 -27 -32
8 -27 -33
8 -28 -7
8 -29 -11
8 -29 -12
8 -29 -19
8 -29 -27
8 -30 0
8 -30 -19
8 -31 0
8 -31 -14
8 -31 -28
8 -32 -11
8 -33 -7
8 -33 -15
8 -34 -20
9 0 -25
9 -1 -23
9 -1 -25
9 -2 -5
9 -2 -12
9 -2 -28
9 -3 -10
9 -3 -31
9 -4 0
9 -4 -14
9 -5 -17
9 -5 -20
9 -7 -8
9 -7 -16
9 -8 0
9 -8 -22
9 -8 -32
9 -9 -24
9 -9 -26
9 -10 -3
9 -10 -5
9 -10 -6
9 -10 -8
9 -11 -24
9 -13 -14
9 -14 -3
9 -15 -1
9 -15 -10
9 -15 -29
9 -16 -22
9 -17 -15
9 -17 -26
9 -17 -32
9 -18 -11
9 -19 -1
9 -20 -7
9 -20 -18
9 -20 -32
9 -23 -28
9 -23 -30
9 -23 -31
9 -23 -33
9 -24 -21
9 -24 -22
9 -24 -33
9 -26 -19
9 -27 0
9 -27 -7
9 -27 -10
9 -27 -28
9 -27 -32
9 -27 -33
9 -28 -7
9 -29 -11
9 -29 -12
9 -29 -19
9 -29 -27
9 -30 0
9 -30 -19
9 -31 0
9 -31 -14
9 -31 -28
9 -32 -11
9 -33 -7
9 -33 -15
9 -34 -20
10 0 -25
10 -1 -23
10 -1 -25
10 -2 -5
10 -2 -12
10 -2 -28
10 -3 -10
10 -3 -31
10 -4 0
10 -4 -14
10 -5 -17
10 -5 -20
10 -7 -8
10 -7 -16
10 -8 0
10 -8 -22
10 -8 -32
10 -9 -24
10 -9 -26
10 -10 -3
10 -10 -5
10 -10 -6
10 -10 -8
10 -11 -24
10 -13 -14
10 -14 -3
10 -15 -1
10 -15 -10
10 -15 -29
10 -16 -22
10 -17 -15
10 -17 -26
10 -17 -32
10 -18 -11
10 -19 -1
10 -20 -7
10 -20 -18
10 -20 -32
10 -23 -28
10 -23 -30
10 -23 -31
10 -23 -33
10 -24 -21
10 -24 -22
10 -24 -33
10 -26 -19
10 -27 0
10 -27 -7
10 -27 -10
10 -27 -28
10 -27 -32
10 -27 -33
10 -28 -7
10 -29 -11
10 -29 -12
10 -29 -19
10 -29 -27
10 -30 0
10 -30 -19
10 -31 0
10 -31 -14
10 -31 -28
10 -32 -11
10 -33 -7
10 -33 -15
10 -34 -20
11 0 -25
11 -1 -23
11 -1 -25
11 -2 -5
11 -2 -12
11 -2 -28
11 -3 -10
11 -3 -31
11 -4 0
11 -4 -14
11 -5 -17
11 -5 -20
11 -7 -8
11 -7 -16
11 -8 0
11 -8 -22
11 -8 -32
11 -9 -24
11 -9 -26
11 -10 -3
11 -10 -5
11 -10 -6
11 -10 -8
11 -11 -24
11 -13 -14
11 -14 -3
11 -15 -1
11 -15 -10
11 -15 -29
11 -16 -22
11 -17 -15
11 -17 -26
11 -17 -32
11 -18 -11
11 -19 -1
11 -20 -7
11 -20 -18
11 -20 -32
11 -23 -28
11 -23 -30
11 -23 -31
11 -23 -33
11 -24 -21
11 -24 -22
11 -24 -33
11 -26 -19
11 -27 0
11 -27 -7
11 -27 -10
11 -27 -28
11 -27 -32
11 -27 -33
11 -28 -7
11 -29 -11
11 -29 -12
11 -29 -19
11 -29 -27
11 -30 0
11 -30 -19
11 -31 0
11 -31 -14
11 -31 -28
11 -32 -11
11 -33 -7
11 -33 -15
11 -34 -20
12 0 -25
12 -1 -23
12 -1 -25
12 -2 -5
12 -2 -12
12 -2 -28
12 -3 -10
12 -3 -31
12 -4 0
12 -4 -14
12 -5 -17
12 -5 -20
12 -7 -8
12 -7 -16
12 -8 0
12 -8 -22
12 -8 -32
12 -9 -24
12 -9 -26
12 -10 -3
12 -10 -5
12 -10 -6
12 -10 -8
12 -11 -24
12 -13 -14
12 -14 -3
12 -15 -1
12 -15 -10
12 -15 -29
12 -16 -22
12 -17 -15
12 -17 -26
12 -17 -32
12 -18 -11
12 -19 -1
12 -20 -7
12 -20 -18
12 -20 -32
12 -23 -28
12 -23 -30
12 -23 -31
12 -23 -33
12 -24 -21
12 -24 -22
12 -24 -33
12 -26 -19
12 -27 0
12 -27 -7
12 -27 -10
12 -27 -28
12 -27 -32
12 -27 -33
12 -28 -7
12 -29 -11
12 -29 -12
12 -29 -19
12 -29 -27
12 -30 0
12 -30 -19
12 -31 0
12 -31 -14
12 -31 -28
12 -32 -11
12 -33 -7
12 -33 -15
12 -34 -20
13 0 -25
13 -1 -23
13 -1 -25
13 -2 -5
13 -2 -12
13 -2 -28
13 -3 -10
13 -3 -31
13 -4 0
13 -4 -14
13 -5 -17
13 -5 -20
13 -7 -8
13 -7 -16
13 -8 0
13 -8 -22
13 -8 -32
13 -9 -24
13 -9 -26
13 -10 -3
13 -10 -5
13 -10 -6
13 -10 -8
13 -11 -24
13 -13 -14
13 -14 -3
13 -15 -1
13 -15 -10
13 -15 -29
13 -16 -22
13 -17 -15
13 -17 -26
13 -17 -32
13 -18 -11
13 -19 -1
13 -20 -7
13 -20 -18
13 -20 -32
13 -23 -28
13 -23 -30
13 -23 -31
13 -23 -33
13 -24 -21
13 -24 -22
13 -24 -33
13 -26 -19
13 -27 0
13 -27 -7
13 -27 -10
13 -27 -28
13 -27 -32
13 -27 -33
13 -28 -7
13 -29 -11
13 -29 -12
13 -29 -19
13 -29 -27
13 -30 0
13 -30 -19
13 -31 0
13 -31 -14
13 -31 -28
13 -32 -11
13 -33 -7
13 -33 -15
13 -34 -20
14 0 -25
14 -1 -23
14 -1 -25
14 -2 -5
14 -2 -12
14 -2 -28
14 -3 -10
14 -3 -31
14 -4 0
14 -4 -14
14 -5 -17
14 -5 -20
14 -7 -8
14 -7 -16
14 -8 0
14 -8 -22
14 -8 -32
14 -9 -24
14 -9 -26
14 -10 -3
14 -10 -5
14 -10 -6
14 -10 -8
14 -11 -24
14 -13 -14
14 -14 -3
14 -15 -1
14 -15 -10
14 -15 -29
14 -16 -22
14 -17 -15
14 -17 -26
14 -17 -32
14 -18 -11
14 -19 -1
14 -20 -7
14 -20 -18
14 -20 -32
14 -23 -28
14 -23 -30
14 -23 -31
14 -23 -33
14 -24 -21
14 -24 -22
14 -24 -33
14 -26 -19
14 -27 0
14 -27 -7
14 -27 -10
14 -27 -28
14 -27 -32
14 -27 -33
14 -28 -7
14 -29 -11
14 -29 -12
14 -29 -19
14 -29 -27
14 -30 0
14 -30 -19
14 -31 0
14 -31 -14
14 -31 -28
14 -32 -11
14 -33 -7
14 -33 -15
14 -34 -20
15 0 -25
15 -1 -23
15 -1 -25
15 -2 -5
15 -2 -12
15 -2 -28
15 -3 -10
15 -3 -31
15 -4 0
15 -4 -14
15 -5 -17
15 -5 -20
15 -7 -8
15 -7 -16
15 -8 0
15 -8 -22
15 -8 -32
15 -9 -24
15 -9 -26
15 -10 -3
15 -10 -5
15 -10 -6
15 -10 -8
15 -11 -24
15 -13 -14
15 -14 -3
15 -15 -1
15 -15 -10
15 -15 -29
15 -16 -22
15 -17 -15
15 -17 -26
15 -17 -32
15 -18 -11
15 -19 -1
15 -20 -7
15 -20 -18
15 -20 -32
15 -23 -28
15 -23 -30
15 -23 -31
15 -23 -33
15 -24 -21
15 -24 -22
15 -24 -33
15 -26 -19
15 -27 0
15 -27 -7
15 -27 -10
15 -27 -28
15 -27 -32
15 -27 -33
15 -28 -7
15 -29 -11
15 -29 -12
15 -29 -19
15 -29 -27
15 -30 0
15 -30 -19
15 -31 0
15 -31 -14
15 -31 -28
15 -32 -11
15 -33 -7
15 -33 -15
15 -34 -20
16 0 -25
16 -1 -23
16 -1 -25
16 -2 -5
16 -2 -12
16 -2 -28
16 -3 -10
16 -3 -31
16 -4 0
16 -4 -14
16 -5 -17
16 -5 -20
16 -7 -8
16 -7 -16
16 -8 0
16 -8 -22
16 -8 -32
16 -9 -24
16 -9 -26
16 -10 -3
16 -10 -5
16 -10 -6
16 -10 -8
16 -11 -24
16 -13 -14
16 -14 -3
16 -15 -1
16 -15 -10
16 -15 -29
16 -16 -22
16 -17 -15
16 -17 -26
16 -17 -32
16 -18 -11
16 -19 -1
16 -20 -7
16 -20 -18
16 -20 -32
16 -23 -28
16 -23 -30
16 -23 -31
16 -23 -33
16 -24 -21
16 -24 -22
16 -24 -33
16 -26 -19
16 -27 0
16 -27 -7
16 -27 -10
16 -27 -28
16 -27 -32
16 -27 -33
16 -28 -7
16 -29 -11
16 -29 -12
16 -29 -19
16 -29 -27
16 -30 0
16 -30 -19
16 -31 0
16 -31 -14
16 -31 -28
16 -32 -11
16 -33 -7
16 -33 -15
16 -34 -20
17 0 -25
17 -1 -23
17 -1 -25
17 -2 -5
17 -2 -12
17 -2 -28
17 -3 -10
17 -3 -31
17 -4 0
17 -4 -14
17 -5 -17
17 -5 -20
17 -7 -8
17 -7 -16
17 -8 0
17 -8 -22
17 -8 -32
17 -9 -24
17 -9 -26
17 -10 -3
17 -10 -5
17 -10 -6
17 -10 -8
17 -11 -24
17 -13 -14
17 -14 -3
17 -15 -1
17 -15 -10
17 -15 -29
17 -16 -22
17 -17 -15
17 -17 -26
17 -17 -32
17 -18 -11
17 -19 -1
17 -20 -7
17 -20 -18
17 -20 -32
17 -23 -28
17 -23 -30
17 -23 -31
17 -23 -33
17 -24 -21
17 -24 -22
17 -24 -33
17 -26 -19
17 -27 0
17 -27 -7
17 -27 -10
17 -27 -28
17 -27 -32
17 -27 -33
17 -28 -7
17 -29 -11
17 -29 -12
17 -29 -19
17 -29 -27
17 -30 0
17 -30 -19
17 -31 0
17 -31 -14
17 -31 -28
17 -32 -11
17 -33 -7
17 -33 -15
17 -34 -20
18 0 -25
18 -1 -23
18 -1 -25
18 -2 -5
18 -2 -12
18 -2 -28
18 -3 -10
18 -3 -31
18 -4 0
18 -4 -14
18 -5 -17
18 -5 -20
18 -7 -8
18 -7 -16
18 -8 0
18 -8 -22
18 -8 -32
18 -9 -24
18 -9 -26
18 -10 -3
18 -10 -5
18 -10 -6
18 -10 -8
18 -11 -24
18 -13 -14
18 -14 -3
18 -15 -1
18 -15 -10
18 -15 -29
18 -16 -22
18 -17 -15
18 -17 -26
18 -17 -32
18 -18 -11
18 -19 -1
18 -20 -7
18 -20 -18
18 -20 -32
18 -23 -28
18 -23 -30
18 -23 -31
18 -23 -33
18 -24 -21
18 -24 -22
18 -24 -33
18 -26 -19
18 -27 0
18 -27 -7
18 -27 -10
18 -27 -28
18 -27 -32
18 -27 -33
18 -28 -7
18 -29 -11
18 -29 -12
18 -29 -19
18 -29 -27
18 -30 0
18 -30 -19
18 -31 0
18 -31 -14
18 -31 -28
18 -32 -11
18 -33 -7
18 -33 -15
18 -34 -20
19 0 -25
19 -1 -23
19 -1 -25
19 -2 -5
19 -2 -12
19 -2 -28
19 -3 -10
19 -3 -31
19 -4 0
19 -4 -14
19 -5 -17
19 -5 -20
19 -7 -8
19 -7 -16
19 -8 0
19 -8 -22
19 -8 -32
19 -9 -24
19 -9 -26
19 -10 -3
19 -10 -5
19 -10 -6
19 -10 -8
19 -11 -24
19 -13 -14
19 -14 -3
19 -15 -1
19 -15 -10
19 -15 -29
19 -16 -22
19 -17 -15
19 -17 -26
19 -17 -32
19 -18 -11
19 -19 -1
19 -20 -7
19 -20 -18
19 -20 -32
19 -23 -28
19 -23 -30
19 -23 -31
19 -23 -33
19 -24 -21
19 -24 -22
19 -24 -33
19 -26 -19
19 -27 0
19 -27 -7
19 -27 -10
19 -27 -28
19 -27 -32
19 -27 -33
19 -28 -7
19 -29 -11
19 -29 -12
19 -29 -19
19 -29 -27
19 -30 0
19 -30 -19
19 -31 0
19 -31 -14
19 -31 -28
19 -32 -11
19 -33 -7
19 -33 -15
19 -34 -20
20 0 -25
20 -1 -23
20 -1 -25
20 -2 -5
20 -2 -12
20 -2 -28
20 -3 -10
20 -3 -31
20 -4 0
20 -4 -14
20 -5 -17
20 -5 -20
20 -7 -8
20 -7 -16
20 -8 0
20 -8 -22
20 -8 -32
20 -9 -24
20 -9 -26
20 -10 -3
20 -10 -5
20 -10 -6
20 -10 -8
20 -11 -24
20 -13 -14
20 -14 -3
20 -15 -1
20 -15 -10
20 -15 -29
20 -16 -22
20 -17 -15
20 -17 -26
20 -17 -32
20 -18 -11
20 -19 -1
20 -20 -7
20 -20 -18
20 -20 -32
20 -23 -28
20 -23 -30
20 -23 -31
20 -23 -33
20 -24 -21
20 -24 -22
20 -24 -33
20 -26 -19
20 -27 0
20 -27 -7
20 -27 -10
20 -27 -28
20 -27 -32
20 -27 -33
20 -28 -7
20 -29 -11
20 -29 -12
20 -29 -19
20 -29 -27
20 -30 0
20 -30 -19
20 -31 0
20 -31 -14
20 -31 -28
20 -32 -11
20 -33 -7
20 -33 -15
20 -34 -20
21 0 -25
21 -1 -23
21 -1 -25
21 -2 -5
21 -2 -12
21 -2 -28
21 -3 -10
21 -3 -31
21 -4 0
21 -4 -14
21 -5 -17
21 -5 -20
21 -7 -8
21 -7 -16
21 -8 0
21 -8 -22
21 -8 -32
21 -9 -24
21 -9 -26
21 -10 -3
21 -10 -5
21 -10 -6
21 -10 -8
21 -11 -24
21 -13 -14
21 -14 -3
21 -15 -1
21 -15 -10
21 -15 -29
21 -16 -22
21 -17 -15
21 -17 -26
21 -17 -32
21 -18 -11
21 -19 -1
21 -20 -7
21 -20 -18
21 -20 -32
21 -23 -28
21 -23 -30
21 -23 -31
21 -23 -33
21 -24 -21
21 -24 -22
21 -24 -33
21 -26 -19
21 -27 0
21 -27 -7
21 -27 -10
21 -27 -28
21 -27 -32
21 -27 -33
21 -28 -7
21 -29 -11
21 -29 -12
21 -29 -19
21 -29 -27
21 -30 0
21 -30 -19
21 -31 0
21 -31 -14
21 -31 -28
21 -32 -11
21 -33 -7
21 -33 -15
21 -34 -20
22 0 -25
22 -1 -23
22 -1 -25
22 -2 -5
22 -2 -12
22 -2 -28
22 -3 -10
22 -3 -31
22 -4 0
22 -4 -14
22 -5 -17
22 -5 -20
22 -7 -8
22 -7 -16
22 -8 0
22 -8 -22
22 -8 -32
22 -9 -24
22 -9 -26
22 -10 -3
22 -10 -5
22 -10 -6
22 -10 -8
22 -11 -24
22 -13 -14
22 -14 -3
22 -15 -1
22 -15 -10
22 -15 -29
22 -16 -22
22 -17 -15
22 -17 -26
22 -17 -32
22 -18 -11
22 -19 -1
22 -20 -7
22 -20 -18
22 -20 -32
22 -23 -28
22 -23 -30
22 -23 -31
22 -23 -33
22 -24 -21
22 -24 -22
22 -24 -33
22 -26 -19
22 -27 0
22 -27 -7
22 -27 -10
22 -27 -28
22 -27 -32
22 -27 -33
22 -28 -7
22 -29 -11
22 -29 -12
22 -29 -19
22 -29 -27
22 -30 0
22 -30 -19
22 -31 0
22 -31 -14
22 -31 -28
22 -32 -11
22 -33 -7
22 -33 -15
22 -34 -20
23 0 -25
23 -1 -23
23 -1 -25
23 -2 -5
23 -2 -12
23 -2 -28
23 -3 -10
23 -3 -31
23 -4 0
23 -4 -14
23 -5 -17
23 -5 -20
23 -7 -8
23 -7 -16
23 -8 0
23 -8 -22
23 -8 -32
23 -9 -24
23 -9 -26
23 -10 -3
23 -10 -5
23 -10 -6
23 -10 -8
23 -11 -24
23 -13 -14
23 -14 -3
23 -15 -1
23 -15 -10
23 -15 -29
23 -16 -22
23 -17 -15
23 -17 -26
23 -17 -32
23 -18 -11
23 -19 -1
23 -20 -7
23 -20 -18
23 -20 -32
23 -23 -28
23 -23 -30
23 -23 -31
23 -23 -33
23 -24 -21
23 -24 -22
23 -24 -33
23 -26 -19
23 -27 0
23 -27 -7
23 -27 -10
23 -27 -28
23 -27 -32
23 -27 -33
23 -28 -7
23 -29 -11
23 -29 -12
23 -29 -19
23 -29 -27
23 -30 0
23 -30 -19
23 -31 0
23 -31 -14
23 -31 -28
23 -32 -11
23 -33 -7
23 -33 -15
23 -34 -20
24 0 -25
24 -1 -23
24 -1 -25
24 -2 -5
24 -2 -12
24 -2 -28
24 -3 -10
24 -3 -31
24 -4 0
24 -4 -14
24 -5 -17
24 -5 -20
24 -7 -8
24 -7 -16
24 -8 0
24 -8 -22
24 -8 -32
24 -9 -24
24 -9 -26
24 -10 -3
24 -10 -5
24 -10 -6
24 -10 -8
24 -11 -24
24 -13 -14
24 -14 -3
24 -15 -1
24 -15 -10
24 -15 -29
24 -16 -22
24 -17 -15
24 -17 -26
24 -17 -32
24 -18 -11
24 -19 -1
24 -20 -7
24 -20 -18
24 -20 -32
24 -23 -28
24 -23 -30
24 -23 -31
24 -23 -33
24 -24 -21
24 -24 -22
24 -24 -33
24 -26 -19
24 -27 0
24 -27 -7
24 -27 -10
24 -27 -28
24 -27 -32
24 -27 -33
24 -28 -7
24 -29 -11
24 -29 -12
24 -29 -19
24 -29 -27
24 -30 0
24 -30 -19
24 -31 0
24 -31 -14
24 -31 -28
24 -32 -11
24 -33 -7
24 -33 -15
24 -34 -20
25 0 -25
25 -1 -23
25 -1 -25
25 -2 -5
25 -2 -12
25 -2 -28
25 -3 -10
25 -3 -31
25 -4 0
25 -4 -14
25 -5 -17
25 -5 -20
25 -7 -8
25 -7 -16
25 -8 0
25 -8 -22
25 -8 -32
25 -9 -24
25 -9 -26
25 -10 -3
25 -10 -5
25 -10 -6
25 -10 -8
25 -11 -24
25 -13 -14
25 -14 -3
25 -15 -1
25 -15 -10
25 -15 -29
25 -16 -22
25 -17 -15
25 -17 -26
25 -17 -32
25 -18 -11
25 -19 -1
25 -20 -7
25 -20 -18
25 -20 -32
25 -23 -28
25 -23 -30
25 -23 -31
25 -23 -33
25 -24 -21
25 -24 -22
25 -24 -33
25 -26 -19
25 -27 0
25 -27 -7
25 -27 -10
25 -27 -28
25 -27 -32
25 -27 -33
25 -28 -7
25 -29 -11
25 -29 -12
25 -29 -19
25 -29 -27
25 -30 0
25 -30 -19
25 -31 0
25 -31 -14
25 -31 -28
25 -32 -11
25 -33 -7
25 -33 -15
25 -34 -20
26 0 -25
26 -1 -23
26 -1 -25
26 -2 -5
26 -2 -12
26 -2 -28
26 -3 -10
26 -3 -31
26 -4 0
26 -4 -14
26 -5 -17
26 -5 -20
26 -7 -8
26 -7 -16
26 -8 0
26 -8 -22
26 -8 -32
26 -9 -24
26 -9 -26
26 -10 -3
26 -10 -5
26 -10 -6
26 -10 -8
26 -11 -24
26 -13 -14
26 -14 -3
26 -15 -1
26 -15 -10
26 -15 -29
26 -16 -22
26 -17 -15
26 -17 -26
26 -17 -32
26 -18 -11
26 -19 -1
26 -20 -7
26 -20 -18
26 -20 -32
26 -23 -28
26 -23 -30
26 -23 -31
26 -23 -33
26 -24 -21
26 -24 -22
26 -24 -33
26 -26 -19
26 -27 0
26 -27 -7
26 -27 -10
26 -27 -28
26 -27 -32
26 -27 -33
26 -28 -7
26 -29 -11
26 -29 -12
26 -29 -19
26 -29 -27
26 -30 0
26 -30 -19
26 -31 0
26 -31 -14
26 -31 -28
26 -32 -11
26 -33 -7
26 -33 -15
26 -34 -20
27 0 -25
27 -1 -23
27 -1 -25
27 -2 -5
27 -2 -12
27 -2 -28
27 -3 -10
27 -3 -31
27 -4 0
27 -4 -14
27 -5 -17
27 -5 -20
27 -7 -8
27 -7 -16
27 -8 0
27 -8 -22
27 -8 -32
27 -9 -24
27 -9 -26
27 -10 -3
27 -10 -5
27 -10 -6
27 -10 -8
27 -11 -24
27 -13 -14
27 -14 -3
27 -15 -1
27 -15 -10
27 -15 -29
27 -16 -22
27 -17 -15
27 -17 -26
27 -17 -32
27 -18 -11
27 -19 -1
27 -20 -7
27 -20 -18
27 -20 -32
27 -23 -28
27 -23 -30
27 -23 -31
27 -23 -33
27 -24 -21
27 -24 -22
27 -24 -33
27 -26 -19
27 -27 0
27 -27 -7
27 -27 -10
27 -27 -28
27 -27 -32
27 -27 -33
27 -28 -7
27 -29 -11
27 -29 -12
27 -29 -19
27 -29 -27
27 -30 0
27 -30 -19
27 -31 0
27 -31 -14
27 -31 -28
27 -32 -11
27 -33 -7
27 -33 -15
27 -34 -20
28 0 -25
28 -1 -23
28 -1 -25
28 -2 -5
28 -2 -12
28 -2 -28
28 -3 -10
28 -3 -31
28 -4 0
28 -4 -14
28 -5 -17
28 -5 -20
28 -7 -8
28 -7 -16
28 -8 0
28 -8 -22
28 -8 -32
28 -9 -24
28 -9 -26
28 -10 -3
28 -10 -5
28 -10 -6
28 -10 -8
28 -11 -24
28 -13 -14
28 -14 -3
28 -15 -1
28 -15 -10
28 -15 -29
28 -16 -22
28 -17 -15
28 -17 -26
28 -17 -32
28 -18 -11
28 -19 -1
28 -20 -7
28 -20 -18
28 -20 -32
28 -23 -28
28 -23 -30
28 -23 -31
28 -23 -33
28 -24 -21
28 -24 -22
28 -24 -33
28 -26 -19
28 -27 0
28 -27 -7
28 -27 -10
28 -27 -28
28 -27 -32
28 -27 -33
28 -28 -7
28 -29 -11
28 -29 -12
28 -29 -19
28 -29 -27
28 -30 0
28 -30 -19
28 -31 0
28 -31 -14
28 -31 -28
28 -32 -11
28 -33 -7
28 -33 -15
28 -34 -20
29 0 -25
29 -1 -23
29 -1 -25
29 -2 -5
29 -2 -12
29 -2 -28
29 -3 -10
29 -3 -31
29 -4 0
29 -4 -14
29 -5 -17
29 -5 -20
29 -7 -8
29 -7 -16
29 -8 0
29 -8 -22
29 -8 -32
29 -9 -24
29 -9 -26
29 -10 -3
29 -10 -5
29 -10 -6
29 -10 -8
29 -11 -24
29 -13 -14
29 -14 -3
29 -15 -1
29 -15 -10
29 -15 -29
29 -16 -22
29 -17 -15
29 -17 -26
29 -17 -32
29 -18 -11
29 -19 -1
29 -20 -7
29 -20 -18
29 -20 -32
29 -23 -28
29 -23 -30
29 -23 -31
29 -23 -33
29 -24 -21
29 -24 -22
29 -24 -33
29 -26 -19
29 -27 0
29 -27 -7
29 -27 -10
29 -27 -28
29 -27 -32
29 -27 -33
29 -28 -7
29 -29 -11
29 -29 -12
29 -29 -19
29 -29 -27
29 -30 0
29 -30 -19
29 -31 0
29 -31 -14
29 -31 -28
29 -32 -11
29 -33 -7
29 -33 -15
29 -34 -20
30 0 -25
30 -1 -23
30 -1 -25
30 -2 -5
30 -2 -12
30 -2 -28
30 -3 -10
30 -3 -31
30 -4 0
30 -4 -14
30 -5 -17
30 -5 -20
30 -7 -8
30 -7 -16
30 -8 0
30 -8 -22
30 -8 -32
30 -9 -24
30 -9 -26
30 -10 -3
30 -10 -5
30 -10 -6
30 -10 -8
30 -11 -24
30 -13 -14
30 -14 -3
30 -15 -1
30 -15 -10
30 -15 -29
30 -16 -22
30 -17 -15
30 -17 -26
30 -17 -32
30 -18 -11
30 -19 -1
30 -20 -7
30 -20 -18
30 -20 -32
30 -23 -28
30 -23 -30
30 -23 -31
30 -23 -33
30 -24 -21
30 -24 -22
30 -24 -33
30 -26 -19
30 -27 0
30 -27 -7
30 -27 -10
30 -27 -28
30 -27 -32
30 -27 -33
30 -28 -7
30 -29 -11
30 -29 -12
30 -29 -19
30 -29 -27
30 -30 0
30 -30 -19
30 -31 0
30 -31 -14
30 -31 -28
30 -32 -11
30 -33 -7
30 -33 -15
30 -34 -20
31 0 -25
31 -1 -23
31 -1 -25
31 -2 -5
31 -2 -12
31 -2 -28
31 -3 -10
31 -3 -31
31 -4 0
31 -4 -14
31 -5 -17
31 -5 -20
31 -7 -8
31 -7 -16
31 -8 0
31 -8 -22
31 -8 -32
31 -9 -24
31 -9 -26
31 -10 -3
31 -10 -5
31 -10 -6
31 -10 -8
31 -11 -24
31 -13 -14
31 -14 -3
31 -15 -1
31 -15 -10
31 -15 -29
31 -16 -22
31 -17 -15
31 -17 -26
31 -17 -32
31 -18 -11
31 -19 -1
31 -20 -7
31 -20 -18
31 -20 -32
31 -23 -28
31 -23 -30
31 -23 -31
31 -23 -33
31 -24 -21
31 -24 -22
31 -24 -33
31 -26 -19
31 -27 0
31 -27 -7
31 -27 -10
31 -27 -28
31 -27 -32
31 -27 -33
31 -28 -7
31 -29 -11
31 -29 -12
31 -29 -19
31 -29 -27
31 -30 0
31 -30 -19
31 -31 0
31 -31 -14
31 -31 -28
31 -32 -11
31 -33 -7
31 -33 -15
31 -34 -20
32 0 -25
32 -1 -23
32 -1 -25
32 -2 -5
32 -2 -12
32 -2 -28
32 -3 -10
32 -3 -31
32 -4 0
32 -4 -14
32 -5 -17
32 -5 -20
32 -7 -8
32 -7 -16
32 -8 0
32 -8 -22
32 -8 -32
32 -9 -24
32 -9 -26
32 -10 -3
32 -10 -5
32 -10 -6
32 -10 -8
32 -11 -24
32 -13 -14
32 -14 -3
32 -15 -1
32 -15 -10
32 -15 -29
32 -16 -22
32 -17 -15
32 -17 -26
32 -17 -32
32 -18 -11
32 -19 -1
32 -20 -7
32 -20 -18
32 -20 -32
32 -23 -28
32 -23 -30
32 -23 -31
32 -23 -33
32 -24 -21
32 -24 -22
32 -24 -33
32 -26 -19
32 -27 0
32 -27 -7
32 -27 -10
32 -27 -28
32 -27 -32
32 -27 -33
32 -28 -7
32 -29 -11
32 -29 -12
32 -29 -19
32 -29 -27
32 -30 0
32 -30 -19
32 -31 0
32 -31 -14
32 -31 -28
32 -32 -11
32 -33 -7
32 -33 -15
32 -34 -20
33 0 -25
33 -1 -23
33 -1 -25
33 -2 -5
33 -2 -12
33 -2 -28
33 -3 -10
33 -3 -31
33 -4 0
33 -4 -14
33 -5 -17
33 -5 -20
33 -7 -8
33 -7 -16
33 -8 0
33 -8 -22
33 -8 -32
33 -9 -24
33 -9 -26
33 -10 -3
33 -10 -5
33 -10 -6
33 -10 -8
33 -11 -24
33 -13 -14
33 -14 -3
33 -15 -1
33 -15 -10
33 -15 -29
33 -16 -22
33 -17 -15
33 -17 -26
33 -17 -32
33 -18 -11
33 -19 -1
33 -20 -7
33 -20 -18
33 -20 -32
33 -23 -28
33 -23 -30
33 -23 -31
33 -23 -33
33 -24 -21
33 -24 -22
33 -24 -33
33 -26 -19
33 -27 0
33 -27 -7
33 -27 -10
33 -27 -28
33 -27 -32
33 -27 -33
33 -28 -7
33 -29 -11
33 -29 -12
33 -29 -19
33 -29 -27
33 -30 0
33 -30 -19
33 -31 0
33 -31 -14
33 -31 -28
33 -32 -11
33 -33 -7
33 -33 -15
33 -34 -20
34 0 -25
34 -1 -23
34 -1 -25
34 -2 -5
34 -2 -12
34 -2 -28
34 -3 -10
34 -3 -31
34 -4 0
34 -4 -14
34 -5 -17
34 -5 -20
34 -7 -8
34 -7 -16
34 -8 0
34 -8 -22
34 -8 -32
34 -9 -24
34 -9 -26
34 -10 -3
34 -10 -5
34 -10 -6
34 -10 -8
34 -11 -24
34 -13 -14
34 -14 -3
34 -15 -1
34 -15 -10
34 -15 -29
34 -16 -22
34 -17 -15
34 -17 -26
34 -17 -32
34 -18 -11
34 -19 -1
34 -20 -7
34 -20 -18
34 -20 -32
34 -23 -28
34 -23 -30
34 -23 -31
34 -23 -33
34 -24 -21
34 -24 -22
34 -24 -33
34 -26 -19
34 -27 0
34 -27 -7
34 -27 -10
34 -27 -28
34 -27 -32
34 -27 -33
34 -28 -7
34 -29 -11
34 -29 -12
34 -29 -19
34 -29 -27
34 -30 0
34 -30 -19
34 -31 0
34 -31 -14
34 -31 -28
34 -32 -11
34 -33 -7
34 -33 -15
34 -34 -20
35 0 -25
35 -1 -23
35 -1 -25
35 -2 -5
35 -2 -12
35 -2 -28
35 -3 -10
35 -3 -31
35 -4 0
35 -4 -14
35 -5 -17
35 -5 -20
35 -7 -8
35 -7 -16
35 -8 0
35 -8 -22
35 -8 -32
35 -9 -24
35 -9 -26
35 -10 -3
35 -10 -5
35 -10 -6
35 -10 -8
35 -11 -24
35 -13 -14
35 -14 -3
35 -15 -1
35 -15 -10
35 -15 -29
35 -16 -22
35 -17 -15
35 -17 -26
35 -17 -32
35 -18 -11
35 -19 -1
35 -20 -7
35 -20 -18
35 -20 -32
35 -23 -28
35 -23 -30
35 -23 -31
35 -23 -33
35 -24 -21
35 -24 -22
35 -24 -33
35 -26 -19
35 -27 0
35 -27 -7
35 -27 -10
35 -27 -28
35 -27 -32
35 -27 -33
35 -28 -7
35 -29 -11
35 -29 -12
35 -29 -19
35 -29 -27
35 -30 0
35 -30 -19
35 -31 0
35 -31 -14
35 -31 -28
35 -32 -11
35 -33 -7
35 -33 -15
35 -34 -20
36 0 -25
36 -1 -23
36 -1 -25
36 -2 -5
36 -2 -12
36 -2 -28
36 -3 -10
36 -3 -31
36 -4 0
36 -4 -14
36 -5 -17
36 -5 -20
36 -7 -8
36 -7 -16
36 -8 0
36 -8 -22
36 -8 -32
36 -9 -24
36 -9 -26
36 -10 -3
36 -10 -5
36 -10 -6
36 -10 -8
36 -11 -24
36 -13 -14
36 -14 -3
36 -15 -1
36 -15 -10
36 -15 -29
36 -16 -22
36 -17 -15
36 -17 -26
36 -17 -32
36 -18 -11
36 -19 -1
36 -20 -7
36 -20 -18
36 -20 -32
36 -23 -28
36 -23 -30
36 -23 -31
36 -23 -33
36 -24 -21
36 -24 -22
36 -24 -33
36 -26 -19
36 -27 0
36 -27 -7
36 -27 -10
36 -27 -28
36 -27 -32
36 -27 -33
36 -28 -7
36 -29 -11
36 -29 -12
36 -29 -19
36 -29 -27
36 -30 0
36 -30 -19
36 -31 0
36 -31 -14
36 -31 -28
36 -32 -11
36 -33 -7
36 -33 -15
36 -34 -20
37 0 -25
37 -1 -23
37 -1 -25
37 -2 -5
37 -2 -12
37 -2 -28
37 -3 -10
37 -3 -31
37 -4 0
37 -4 -14
37 -5 -17
37 -5 -20
37 -7 -8
37 -7 -16
37 -8 0
37 -8 -22
37 -8 -32
37 -9 -24
37 -9 -26
37 -10 -3
37 -10 -5
37 -10 -6
37 -10 -8
37 -11 -24
37 -13 -14
37 -14 -3
37 -15 -1
37 -15 -10
37 -15 -29
37 -16 -22
37 -17 -15
37 -17 -26
37 -17 -32
37 -18 -11
37 -19 -1
37 -20 -7
37 -20 -18
37 -20 -32
37 -23 -28
37 -23 -30
37 -23 -31
37 -23 -33
37 -24 -21
37 -24 -22
37 -24 -33
37 -26 -19
37 -27 0
37 -27 -7
37 -27 -10
37 -27 -28
37 -27 -32
37 -27 -33
37 -28 -7
37 -29 -11
37 -29 -12
37 -29 -19
37 -29 -27
37 -30 0
37 -30 -19
37 -31 0
37 -31 -14
37 -31 -28
37 -32 -11
37 -33 -7
37 -33 -15
37 -34 -20
38 0 -25
38 -1 -23
38 -1 -25
38 -2 -5
38 -2 -12
38 -2 -28
38 -3 -10
38 -3 -31
38 -4 0
38 -4 -14
38 -5 -17
38 -5 -20
38 -7 -8
38 -7 -16
38 -8 0
38 -8 -22
38 -8 -32
38 -9 -24
38 -9 -26
38 -10 -3
38 -10 -5
38 -10 -6
38 -10 -8
38 -11 -24
38 -13 -14
38 -14 -3
38 -15 -1
38 -15 -10
38 -15 -29
38 -16 -22
38 -17 -15
38 -17 -26
38 -17 -32
38 -18 -11
38 -19 -1
38 -20 -7
38 -20 -18
38 -20 -32
38 -23 -28
38 -23 -30
38 -23 -31
38 -23 -33
38 -24 -21
38 -24 -22
38 -24 -33
38 -26 -19
38 -27 0
38 -27 -7
38 -27 -10
38 -27 -28
38 -27 -32
38 -27 -33
38 -28 -7
38 -29 -11
38 -29 -12
38 -29 -19
38 -29 -27
38 -30 0
38 -30 -19
38 -31 0
38 -31 -14
38 -31 -28
38 -32 -11
38 -33 -7
38 -33 -15
38 -34 -20
39 0 -25
39 -1 -23
39 -1 -25
39 -2 -5
39 -2 -12
39 -2 -28
39 -3 -10
39 -3 -31
39 -4 0
39 -4 -14
39 -5 -17
39 -5 -20
39 -7 -8
39 -7 -16
39 -8 0
39 -8 -22
39 -8 -32
39 -9 -24
39 -9 -26
39 -10 -3
39 -10 -5
39 -10 -6
39 -10 -8
39 -11 -24
39 -13 -14
39 -14 -3
39 -15 -1
39 -15 -10
39 -15 -29
39 -16 -22
39 -17 -15
39 -17 -26
39 -17 -32
39 -18 -11
39 -19 -1
39 -20 -7
39 -20 -18
39 -20 -32
39 -23 -28
39 -23 -30
39 -23 -31
39 -23 -33
39 -24 -21
39 -24 -22
39 -24 -33
39 -26 -19
39 -27 0
39 -27 -7
39 -27 -10
39 -27 -28
39 -27 -32
39 -27 -33
39 -28 -7
39 -29 -11
39 -29 -12
39 -29 -19
39 -29 -27
39 -30 0
39 -30 -19
39 -31 0
39 -31 -14
39 -31 -28
39 -32 -11
39 -33 -7
39 -33 -15
39 -34 -20
40 0 -25
40 -1 -23
40 -1 -25
40 -2 -5
40 -2 -12
40 -2 -28
40 -3 -10
40 -3 -31
40 -4 0
40 -4 -14
40 -5 -17
40 -5 -20
40 -7 -8
40 -7 -16
40 -8 0
40 -8 -22
40 -8 -32
40 -9 -24
40 -9 -26
40 -10 -3
40 -10 -5
40 -10 -6
40 -10 -8
40 -11 -24
40 -13 -14
40 -14 -3
40 -15 -1
40 -15 -10
40 -15 -29
40 -16 -22
40 -17 -15
40 -17 -26
40 -17 -32
40 -18 -11
40 -19 -1
40 -20 -7
40 -20 -18
40 -20 -32
40 -23 -28
40 -23 -30
40 -23 -31
40 -23 -33
40 -24 -21
40 -24 -22
40 -24 -33
40 -26 -19
40 -27 0
40 -27 -7
40 -27 -10
40 -27 -28
40 -27 -32
40 -27 -33
40 -28 -7
40 -29 -11
40 -29 -12
40 -29 -19
40 -29 -27
40 -30 0
40 -30 -19
40 -31 0
40 -31 -14
40 -31 -28
40 -32 -11
40 -33 -7
40 -33 -15
40 -34 -20
41 0 -25
41 -1 -23
41 -1 -25
41 -2 -5
41 -2 -12
41 -2 -28
41 -3 -10
41 -3 -31
41 -4 0
41 -4 -14
41 -5 -17
41 -5 -20
41 -7 -8
41 -7 -16
41 -8 0
41 -8 -22
41 -8 -32
41 -9 -24
41 -9 -26
41 -10 -3
41 -10 -5
41 -10 -6
41 -10 -8
41 -11 -24
41 -13 -14
41 -14 -3
41 -15 -1
41 -15 -10
41 -15 -29
41 -16 -22
41 -17 -15
41 -17 -26
41 -17 -32
41 -18 -11
41 -19 -1
41 -20 -7
41 -20 -18
41 -20 -32
41 -23 -28
41 -23 -30
41 -23 -31
41 -23 -33
41 -24 -21
41 -24 -22
41 -24 -33
41 -26 -19
41 -27 0
41 -27 -7
41 -27 -10
41 -27 -28
41 -27 -32
41 -27 -33
41 -28 -7
41 -29 -11
41 -29 -12
41 -29 -19
41 -29 -27
41 -30 0
41 -30 -19
41 -31 0
41 -31 -14
41 -31 -28
41 -32 -11
41 -33 -7
41 -33 -15
41 -34 -20
42 0 -25
42 -1 -23
42 -1 -25
42 -2 -5
42 -2 -12
42 -2 -28
42 -3 -10
42 -3 -31
42 -4 0
42 -4 -14
42 -5 -17
42 -5 -20
42 -7 -8
42 -7 -16
42 -8 0
42 -8 -22
42 -8 -32
42 -9 -24
42 -9 -26
42 -10 -3
42 -10 -5
42 -10 -6
42 -10 -8
42 -11 -24
42 -13 -14
42 -14 -3
42 -15 -1
42 -15 -10
42 -15 -29
42 -16 -22
42 -17 -15
42 -17 -26
42 -17 -32
42 -18 -11
42 -19 -1
42 -20 -7
42 -20 -18
42 -20 -32
42 -23 -28
42 -23 -30
42 -23 -31
42 -23 -33
42 -24 -21
42 -24 -22
42 -24 -33
42 -26 -19
42 -27 0
42 -27 -7
42 -27 -10
42 -27 -28
42 -27 -32
42 -27 -33
42 -28 -7
42 -29 -11
42 -29 -12
42 -29 -19
42 -29 -27
42 -30 0
42 -30 -19
42 -31 0
42 -31 -14
42 -31 -28
42 -32 -11
42 -33 -7
42 -33 -15
42 -34 -20
43 0 -25
43 -1 -23
43 -1 -25
43 -2 -5
43 -2 -12
43 -2 -28
43 -3 -10
43 -3 -31
43 -4 0
43 -4 -14
43 -5 -17
43 -5 -20
43 -7 -8
43 -7 -16
43 -8 0
43 -8 -22
43 -8 -32
43 -9 -24
43 -9 -26
43 -10 -3
43 -10 -5
43 -10 -6
43 -10 -8
43 -11 -24
43 -13 -14
43 -14 -3
43 -15 -1
43 -15 -10
43 -15 -29
43 -16 -22
43 -17 -15
43 -17 -26
43 -17 -32
43 -18 -11
43 -19 -1
43 -20 -7
43 -20 -18
43 -20 -32
43 -23 -28
43 -23 -30
43 -23 -31
43 -23 -33
43 -24 -21
43 -24 -22
43 -24 -33
43 -26 -19
43 -27 0
43 -27 -7
43 -27 -10
43 -27 -28
43 -27 -32
43 -27 -33
43 -28 -7
43 -29 -11
43 -29 -12
43 -29 -19
43 -29 -27
43 -30 0
43 -30 -19
43 -31 0
43 -31 -14
43 -31 -28
43 -32 -11
43 -33 -7
43 -33 -15
43 -34 -20
44 0 -25
44 -1 -23
44 -1 -25
44 -2 -5
44 -2 -12
44 -2 -28
44 -3 -10
44 -3 -31
44 -4 0
44 -4 -14
44 -5 -17
44 -5 -20
44 -7 -8
44 -7 -16
44 -8 0
44 -8 -22
44 -8 -32
44 -9 -24
44 -9 -26
44 -10 -3
44 -10 -5
44 -10 -6
44 -10 -8
44 -11 -24
44 -13 -14
44 -14 -3
44 -15 -1
44 -15 -10
44 -15 -29
44 -16 -22
44 -17 -15
44 -17 -26
44 -17 -32
44 -18 -11
44 -19 -1
44 -20 -7
44 -20 -18
44 -20 -32
44 -23 -28
44 -23 -30
44 -23 -31
44 -23 -33
44 -24 -21
44 -24 -22
44 -24 -33
44 -26 -19
44 -27 0
44 -27 -7
44 -27 -10
44 -27 -28
44 -27 -32
44 -27 -33
44 -28 -7
44 -29 -11
44 -29 -12
44 -29 -19
44 -29 -27
44 -30 0
44 -30 -19
44 -31 0
44 -31 -14
44 -31 -28
44 -32 -11
44 -33 -7
44 -33 -15
44 -34 -20
45 0 -25
45 -1 -23
45 -1 -25
45 -2 -5
45 -2 -12
45 -2 -28
45 -3 -10
45 -3 -31
45 -4 0
45 -4 -14
45 -5 -17
45 -5 -20
45 -7 -8
45 -7 -16
45 -8 0
45 -8 -22
45 -8 -32
45 -9 -24
45 -9 -26
45 -10 -3
45 -10 -5
45 -10 -6
45 -10 -8
45 -11 -24
45 -13 -14
45 -14 -3
45 -15 -1
45 -15 -10
45 -15 -29
45 -16 -22
45 -17 -15
45 -17 -26
45 -17 -32
45 -18 -11
45 -19 -1
45 -20 -7
45 -20 -18
45 -20 -32
45 -23 -28
45 -23 -30
45 -23 -31
45 -23 -33
45 -24 -21
45 -24 -22
45 -24 -33
45 -26 -19
45 -27 0
45 -27 -7
45 -27 -10
45 -27 -28
45 -27 -32
45 -27 -33
45 -28 -7
45 -29 -11
45 -29 -12
45 -29 -19
45 -29 -27
45 -30 0
45 -30 -19
45 -31 0
45 -31 -14
45 -31 -28
45 -32 -11
45 -33 -7
45 -33 -15
45 -34 -20
46 0 -25
46 -1 -23
46 -1 -25
46 -2 -5
46 -2 -12
46 -2 -28
46 -3 -10
46 -3 -31
46 -4 0
46 -4 -14
46 -5 -17
46 -5 -20
46 -7 -8
46 -7 -16
46 -8 0
46 -8 -22
46 -8 -32
46 -9 -24
46 -9 -26
46 -10 -3
46 -10 -5
46 -10 -6
46 -10 -8
46 -11 -24
46 -13 -14
46 -14 -3
46 -15 -1
46 -15 -10
46 -15 -29
46 -16 -22
46 -17 -15
46 -17 -26
46 -17 -32
46 -18 -11
46 -19 -1
46 -20 -7
46 -20 -18
46 -20 -32
46 -23 -28
46 -23 -30
46 -23 -31
46 -23 -33
46 -24 -21
46 -24 -22
46 -24 -33
46 -26 -19
46 -27 0
46 -27 -7
46 -27 -10
46 -27 -28
46 -27 -32
46 -27 -33
46 -28 -7
46 -29 -11
46 -29 -12
46 -29 -19
46 -29 -27
46 -30 0
46 -30 -19
46 -31 0
46 -31 -14
46 -31 -28
46 -32 -11
46 -33 -7
46 -33 -15
46 -34 -20
47 0 -25
47 -1 -23
47 -1 -25
47 -2 -5
47 -2 -12
47 -2 -28
47 -3 -10
47 -3 -31
47 -4 0
47 -4 -14
47 -5 -17
47 -5 -20
47 -7 -8
47 -7 -16
47 -8 0
47 -8 -22
47 -8 -32
47 -9 -24
47 -9 -26
47 -10 -3
47 -10 -5
47 -10 -6
47 -10 -8
47 -11 -24
47 -13 -14
47 -14 -3
47 -15 -1
47 -15 -10
47 -15 -29
47 -16 -22
47 -17 -15
47 -17 -26
47 -17 -32
47 -18 -11
47 -19 -1
47 -20 -7
47 -20 -18
47 -20 -32
47 -23 -28
47 -23 -30
47 -23 -31
47 -23 -33
47 -24 -21
47 -24 -22
47 -24 -33
47 -26 -19
47 -27 0
47 -27 -7
47 -27 -10
47 -27 -28
47 -27 -32
47 -27 -33
47 -28 -7
47 -29 -11
47 -29 -12
47 -29 -19
47 -29 -27
47 -30 0
47 -30 -19
47 -31 0
47 -31 -14
47 -31 -28
47 -32 -11
47 -33 -7
47 -33 -15
47 -34 -20
48 0 -25
48 -1 -23
48 -1 -25
48 -2 -5
48 -2 -12
48 -2 -28
48 -3 -10
48 -3 -31
48 -4 0
48 -4 -14
48 -5 -17
48 -5 -20
48 -7 -8
48 -7 -16
48 -8 0
48 -8 -22
48 -8 -32
48 -9 -24
48 -9 -26
48 -10 -3
48 -10 -5
48 -10 -6
48 -10 -8
48 -11 -24
48 -13 -14
48 -14 -3
48 -15 -1
48 -15 -10
48 -15 -29
48 -16 -22
48 -17 -15
48 -17 -26
48 -17 -32
48 -18 -11
48 -19 -1
48 -20 -7
48 -20 -18
48 -20 -32
48 -23 -28
48 -23 -30
48 -23 -31
48 -23 -33
48 -24 -21
48 -24 -22
48 -24 -33
48 -26 -19
48 -27 0
48 -27 -7
48 -27 -10
48 -27 -28
48 -27 -32
48 -27 -33
48 -28 -7
48 -29 -11
48 -29 -12
48 -29 -19
48 -29 -27
48 -30 0
48 -30 -19
48 -31 0
48 -31 -14
48 -31 -28
48 -32 -11
48 -33 -7
48 -33 -15
48 -34 -20
49 0 -25
49 -1 -23
49 -1 -25
49 -2 -5
49 -2 -12
49 -2 -28
49 -3 -10
49 -3 -31
49 -4 0
49 -4 -14
49 -5 -17
49 -5 -20
49 -7 -8
49 -7 -16
49 -8 0
49 -8 -22
49 -8 -32
49 -9 -24
49 -9 -26
49 -10 -3
49 -10 -5
49 -10 -6
49 -10 -8
49 -11 -24
49 -13 -14
49 -14 -3
49 -15 -1
49 -15 -10
49 -15 -29
49 -16 -22
49 -17 -15
49 -17 -26
49 -17 -32
49 -18 -11
49 -19 -1
49 -20 -7
49 -20 -18
49 -20 -32
49 -23 -28
49 -23 -30
49 -23 -31
49 -23 -33
49 -24 -21
49 -24 -22
49 -24 -33
49 -26 -19
49 -27 0
49 -27 -7
49 -27 -10
49 -27 -28
49 -27 -32
49 -27 -33
49 -28 -7
49 -29 -11
49 -29 -12
49 -29 -19
49 -29 -27
49 -30 0
49 -30 -19
49 -31 0
49 -31 -14
49 -31 -28
49 -32 -11
49 -33 -7
49 -33 -15
49 -34 -20
50 0 -25
50 -1 -23
50 -1 -25
50 -2 -5
50 -2 -12
50 -2 -28
50 -3 -10
50 -3 -31
50 -4 0
50 -4 -14
50 -5 -17
50 -5 -20
50 -7 -8
50 -7 -16
50 -8 0
50 -8 -22
50 -8 -32
50 -9 -24
50 -9 -26
50 -10 -3
50 -10 -5
50 -10 -6
50 -10 -8
50 -11 -24
50 -13 -14
50 -14 -3
50 -15 -1
50 -15 -10
50 -15 -29
50 -16 -22
50 -17 -15
50 -17 -26
50 -17 -32
50 -18 -11
50 -19 -1
50 -20 -7
50 -20 -18
50 -20 -32
50 -23 -28
50 -23 -30
50 -23 -31
50 -23 -33
50 -24 -21
50 -24 -22
50 -24 -33
50 -26 -19
50 -27 0
50 -27 -7
50 -27 -10
50 -27 -28
50 -27 -32
50 -27 -33
50 -28 -7
50 -29 -11
50 -29 -12
50 -29 -19
50 -29 -27
50 -30 0
50 -30 -19
50 -31 0
50 -31 -14
50 -31 -28
50 -32 -11
50 -33 -7
50 -33 -15
50 -34 -20
51 0 -25
51 -1 -23
51 -1 -25
51 -2 -5
51 -2 -12
51 -2 -28
51 -3 -10
51 -3 -31
51 -4 0
51 -4 -14
51 -5 -17
51 -5 -20
51 -7 -8
51 -7 -16
51 -8 0
51 -8 -22
51 -8 -32
51 -9 -24
51 -9 -26
51 -10 -3
51 -10 -5
51 -10 -6
51 -10 -8
51 -11 -24
51 -13 -14
51 -14 -3
51 -15 -1
51 -15 -10
51 -15 -29
51 -16 -22
51 -17 -15
51 -17 -26
51 -17 -32
51 -18 -11
51 -19 -1
51 -20 -7
51 -20 -18
51 -20 -32
51 -23 -28
51 -23 -30
51 -23 -31
51 -23 -33
51 -24 -21
51 -24 -22
51 -24 -33
51 -26 -19
51 -27 0
51 -27 -7
51 -27 -10
51 -27 -28
51 -27 -32
51 -27 -33
51 -28 -7
51 -29 -11
51 -29 -12
51 -29 -19
51 -29 -27
51 -30 0
51 -30 -19
51 -31 0
51 -31 -14
51 -31 -28
51 -32 -11
51 -33 -7
51 -33 -15
51 -34 -20
52 0 -25
52 -1 -23
52 -1 -25
52 -2 -5
52 -2 -12
52 -2 -28
52 -3 -10
52 -3 -31
52 -4 0
52 -4 -14
52 -5 -17
52 -5 -20
52 -7 -8
52 -7 -16
52 -8 0
52 -8 -22
52 -8 -32
52 -9 -24
52 -9 -26
52 -10 -3
52 -10 -5
52 -10 -6
52 -10 -8
52 -11 -24
52 -13 -14
52 -14 -3
52 -15 -1
52 -15 -10
52 -15 -29
52 -16 -22
52 -17 -15
52 -17 -26
52 -17 -32
52 -18 -11
52 -19 -1
52 -20 -7
52 -20 -18
52 -20 -32
52 -23 -28
52 -23 -30
52 -23 -31
52 -23 -33
52 -24 -21
52 -24 -22
52 -24 -33
52 -26 -19
52 -27 0
52 -27 -7
52 -27 -10
52 -27 -28
52 -27 -32
52 -27 -33
52 -28 -7
52 -29 -11
52 -29 -12
52 -29 -19
52 -29 -27
52 -30 0
52 -30 -19
52 -31 0
52 -31 -14
52 -31 -28
52 -32 -11
52 -33 -7
52 -33 -15
52 -34 -20
53 0 -25
53 -1 -23
53 -1 -25
53 -2 -5
53 -2 -12
53 -2 -28
53 -3 -10
53 -3 -31
53 -4 0
53 -4 -14
53 -5 -17
53 -5 -20
53 -7 -8
53 -7 -16
53 -8 0
53 -8 -22
53 -8 -32
53 -9 -24
53 -9 -26
53 -10 -3
53 -10 -5
53 -10 -6
53 -10 -8
53 -11 -24
53 -13 -14
53 -14 -3
53 -15 -1
53 -15 -10
53 -15 -29
53 -16 -22
53 -17 -15
53 -17 -26
53 -17 -32
53 -18 -11
53 -19 -1
53 -20 -7
53 -20 -18
53 -20 -32
53 -23 -28
53 -23 -30
53 -23 -31
53 -23 -33
53 -24 -21
53 -24 -22
53 -24 -33
53 -26 -19
53 -27 0
53 -27 -7
53 -27 -10
53 -27 -28
53 -27 -32
53 -27 -33
53 -28 -7
53 -29 -11
53 -29 -12
53 -29 -19
53 -29 -27
53 -30 0
53 -30 -19
53 -31 0
53 -31 -14
53 -31 -28
53 -32 -11
53 -33 -7
53 -33 -15
53 -34 -20
54 0 -25
54 -1 -23
54 -1 -25
54 -2 -5
54 -2 -12
54 -2 -28
54 -3 -10
54 -3 -31
54 -4 0
54 -4 -14
54 -5 -17
54 -5 -20
54 -7 -8
54 -7 -16
54 -8 0
54 -8 -22
54 -8 -32
54 -9 -24
54 -9 -26
54 -10 -3
54 -10 -5
54 -10 -6
54 -10 -8
54 -11 -24
54 -13 -14
54 -14 -3
54 -15 -1
54 -15 -10
54 -15 -29
54 -16 -22
54 -17 -15
54 -17 -26
54 -17 -32
54 -18 -11
54 -19 -1
54 -20 -7
54 -20 -18
54 -20 -32
54 -23 -28
54 -23 -30
54 -23 -31
54 -23 -33
54 -24 -21
54 -24 -22
54 -24 -33
54 -26 -19
54 -27 0
54 -27 -7
54 -27 -10
54 -27 -28
54 -27 -32
54 -27 -33
54 -28 -7
54 -29 -11
54 -29 -12
54 -29 -19
54 -29 -27
54 -30 0
54 -30 -19
54 -31 0
54 -31 -14
54 -31 -28
54 -32 -11
54 -33 -7
54 -33 -15
54 -34 -20
55 0 -25
55 -1 -23
55 -1 -25
55 -2 -5
55 -2 -12
55 -2 -28
55 -3 -10
55 -3 -31
55 -4 0
55 -4 -14
55 -5 -17
55 -5 -20
55 -7 -8
55 -7 -16
55 -8 0
55 -8 -22
55 -8 -32
55 -9 -24
55 -9 -26
55 -10 -3
55 -10 -5
55 -10 -6
55 -10 -8
55 -11 -24
55 -13 -14
55 -14 -3
55 -15 -1
55 -15 -10
55 -15 -29
55 -16 -22
55 -17 -15
55 -17 -26
55 -17 -32
55 -18 -11
55 -19 -1
55 -20 -7
55 -20 -18
55 -20 -32
55 -23 -28
55 -23 -30
55 -23 -31
55 -23 -33
55 -24 -21
55 -24 -22
55 -24 -33
55 -26 -19
55 -27 0
55 -27 -7
55 -27 -10
55 -27 -28
55 -27 -32
55 -27 -33
55 -28 -7
55 -29 -11
55 -29 -12
55 -29 -19
55 -29 -27
55 -30 0
55 -30 -19
55 -31 0
55 -31 -14
55 -31 -28
55 -32 -11
55 -33 -7
55 -33 -15
55 -34 -20
56 0 -25
56 -1 -23
56 -1 -25
56 -2 -5
56 -2 -12
56 -2 -28
56 -3 -10
56 -3 -31
56 -4 0
56 -4 -14
56 -5 -17
56 -5 -20
56 -7 -8
56 -7 -16
56 -8 0
56 -8 -22
56 -8 -32
56 -9 -24
56 -9 -26
56 -10 -3
56 -10 -5
56 -10 -6
56 -10 -8
56 -11 -24
56 -13 -14
56 -14 -3
56 -15 -1
56 -15 -10
56 -15 -29
56 -16 -22
56 -17 -15
56 -17 -26
56 -17 -32
56 -18 -11
56 -19 -1
56 -20 -7
56 -20 -18
56 -20 -32
56 -23 -28
56 -23 -30
56 -23 -31
56 -23 -33
56 -24 -21
56 -24 -22
56 -24 -33
56 -26 -19
56 -27 0
56 -27 -7
56 -27 -10
56 -27 -28
56 -27 -32
56 -27 -33
56 -28 -7
56 -29 -11
56 -29 -12
56 -29 -19
56 -29 -27
56 -30 0
56 -30 -19
56 -31 0
56 -31 -14
56 -31 -28
56 -32 -11
56 -33 -7
56 -33 -15
56 -34 -20
57 0 -25
57 -1 -23
57 -1 -25
57 -2 -5
57 -2 -12
57 -2 -28
57 -3 -10
57 -3 -31
57 -4 0
57 -4 -14
57 -5 -17
57 -5 -20
57 -7 -8
57 -7 -16
57 -8 0
57 -8 -22
57 -8 -32
57 -9 -24
57 -9 -26
57 -10 -3
57 -10 -5
57 -10 -6
57 -10 -8
57 -11 -24
57 -13 -14
57 -14 -3
57 -15 -1
57 -15 -10
57 -15 -29
57 -16 -22
57 -17 -15
57 -17 -26
57 -17 -32
57 -18 -11
57 -19 -1
57 -20 -7
57 -20 -18
57 -20 -32
57 -23 -28
57 -23 -30
57 -23 -31
57 -23 -33
57 -24 -21
57 -24 -22
57 -24 -33
57 -26 -19
57 -27 0
57 -27 -7
57 -27 -10
57 -27 -28
57 -27 -32
57 -27 -33
57 -28 -7
57 -29 -11
57 -29 -12
57 -29 -19
57 -29 -27
57 -30 0
57 -30 -19
57 -31 0
57 -31 -14
57 -31 -28
57 -32 -11
57 -33 -7
57 -33 -15
57 -34 -20
58 0 -25
58 -1 -23
58 -1 -25
58 -2 -5
58 -2 -12
58 -2 -28
58 -3 -10
58 -3 -31
58 -4 0
58 -4 -14
58 -5 -17
58 -5 -20
58 -7 -8
58 -7 -16
58 -8 0
58 -8 -22
58 -8 -32
58 -9 -24
58 -9 -26
58 -10 -3
58 -10 -5
58 -10 -6
58 -10 -8
58 -11 -24
58 -13 -14
58 -14 -3
58 -15 -1
58 -15 -10
58 -15 -29
58 -16 -22
58 -17 -15
58 -17 -26
58 -17 -32
58 -18 -11
58 -19 -1
58 -20 -7
58 -20 -18
58 -20 -32
58 -23 -28
58 -23 -30
58 -23 -31
58 -23 -33
58 -24 -21
58 -24 -22
58 -24 -33
58 -26 -19
58 -27 0
58 -27 -7
58 -27 -10
58 -27 -28
58 -27 -32
58 -27 -33
58 -28 -7
58 -29 -11
58 -29 -12
58 -29 -19
58 -29 -27
58 -30 0
58 -30 -19
58 -31 0
58 -31 -14
58 -31 -28
58 -32 -11
58 -33 -7
58 -33 -15
58 -34 -20
59 0 -25
59 -1 -23
59 -1 -25
59 -2 -5
59 -2 -12
59 -2 -28
59 -3 -10
59 -3 -31
59 -4 0
59 -4 -14
59 -5 -17
59 -5 -20
59 -7 -8
59 -7 -16
59 -8 0
59 -8 -22
59 -8 -32
59 -9 -24
59 -9 -26
59 -10 -3
59 -10 -5
59 -10 -6
59 -10 -8
59 -11 -24
59 -13 -14
59 -14 -3
59 -15 -1
59 -15 -10
59 -15 -29
59 -16 -22
59 -17 -15
59 -17 -26
59 -17 -32
59 -18 -11
59 -19 -1
59 -20 -7
59 -20 -18
59 -20 -32
59 -23 -28
59 -23 -30
59 -23 -31
59 -23 -33
59 -24 -21
59 -24 -22
59 -24 -33
59 -26 -19
59 -27 0
59 -27 -7
59 -27 -10
59 -27 -28
59 -27 -32
59 -27 -33
59 -28 -7
59 -29 -11
59 -29 -12
59 -29 -19
59 -29 -27
59 -30 0
59 -30 -19
59 -31 0
59 -31 -14
59 -31 -28
59 -32 -11
59 -33 -7
59 -33 -15
59 -34 -20
60 0 -25
60 -1 -23
60 -1 -25
60 -2 -5
60 -2 -12
60 -2 -28
60 -3 -10
60 -3 -31
60 -4 0
60 -4 -14
60 -5 -17
60 -5 -20
60 -7 -8
60 -7 -16
60 -8 0
60 -8 -22
60 -8 -32
60 -9 -24
60 -9 -26
60 -10 -3
60 -10 -5
60 -10 -6
60 -10 -8
60 -11 -24
60 -13 -14
60 -14 -3
60 -15 -1
60 -15 -10
60 -15 -29
60 -16 -22
60 -17 -15
60 -17 -26
60 -17 -32
60 -18 -11
60 -19 -1
60 -20 -7
60 -20 -18
60 -20 -32
60 -23 -28
60 -23 -30
60 -23 -31
60 -23 -33
60 -24 -21
60 -24 -22
60 -24 -33
60 -26 -19
60 -27 0
60 -27 -7
60 -27 -10
60 -27 -28
60 -27 -32
60 -27 -33
60 -28 -7
60 -29 -11
60 -29 -12
60 -29 -19
60 -29 -27
60 -30 0
60 -30 -19
60 -31 0
60 -31 -14
60 -31 -28
60 -32 -11
60 -33 -7
60 -33 -15
60 -34 -20
61 0 -25
61 -1 -23
61 -1 -25
61 -2 -5
61 -2 -12
61 -2 -28
61 -3 -10
61 -3 -31
61 -4 0
61 -4 -14
61 -5 -17
61 -5 -20
61 -7 -8
61 -7 -16
61 -8 0
61 -8 -22
61 -8 -32
61 -9 -24
61 -9 -26
61 -10 -3
61 -10 -5
61 -10 -6
61 -10 -8
61 -11 -24
61 -13 -14
61 -14 -3
61 -15 -1
61 -15 -10
61 -15 -29
61 -16 -22
61 -17 -15
61 -17 -26
61 -17 -32
61 -18 -11
61 -19 -1
61 -20 -7
61 -20 -18
61 -20 -32
61 -23 -28
61 -23 -30
61 -23 -31
61 -23 -33
61 -24 -21
61 -24 -22
61 -24 -33
61 -26 -19
61 -27 0
61 -27 -7
61 -27 -10
61 -27 -28
61 -27 -32
61 -27 -33
61 -28 -7
61 -29 -11
61 -29 -12
61 -29 -19
61 -29 -27
61 -30 0
61 -30 -19
61 -31 0
61 -31 -14
61 -31 -28
61 -32 -11
61 -33 -7
61 -33 -15
61 -34 -20
62 0 -25
62 -1 -23
62 -1 -25
62 -2 -5
62 -2 -12
62 -2 -28
62 -3 -10
62 -3 -31
62 -4 0
62 -4 -14
62 -5 -17
62 -5 -20
62 -7 -8
62 -7 -16
62 -8 0
62 -8 -22
62 -8 -32
62 -9 -24
62 -9 -26
62 -10 -3
62 -10 -5
62 -10 -6
62 -10 -8
62 -11 -24
62 -13 -14
62 -14 -3
62 -15 -1
62 -15 -10
62 -15 -29
62 -16 -22
62 -17 -15
62 -17 -26
62 -17 -32
62 -18 -11
62 -19 -1
62 -20 -7
62 -20 -18
62 -20 -32
62 -23 -28
62 -23 -30
62 -23 -31
62 -23 -33
62 -24 -21
62 -24 -22
62 -24 -33
62 -26 -19
62 -27 0
62 -27 -7
62 -27 -10
62 -27 -28
62 -27 -32
62 -27 -33
62 -28 -7
62 -29 -11
62 -29 -12
62 -29 -19
62 -29 -27
62 -30 0
62 -30 -19
62 -31 0
62 -31 -14
62 -31 -28
62 -32 -11
62 -33 -7
62 -33 -15
62 -34 -20
63 0 -25
63 -1 -23
63 -1 -25
63 -2 -5
63 -2 -12
63 -2 -28
63 -3 -10
63 -3 -31
63 -4 0
63 -4 -14
63 -5 -17
63 -5 -20
63 -7 -8
63 -7 -16
63 -8 0
63 -8 -22
63 -8 -32
63 -9 -24
63 -9 -26
63 -10 -3
63 -10 -5
63 -10 -6
63 -10 -8
63 -11 -24
63 -13 -14
63 -14 -3
63 -15 -1
63 -15 -10
63 -15 -29
63 -16 -22
63 -17 -15
63 -17 -26
63 -17 -32
63 -18 -11
63 -19 -1
63 -20 -7
63 -20 -18
63 -20 -32
63 -23 -28
63 -23 -30
63 -23 -31
63 -23 -33
63 -24 -21
63 -24 -22
63 -24 -33
63 -26 -19
63 -27 0
63 -27 -7
63 -27 -10
63 -27 -28
63 -27 -32
63 -27 -33
63 -28 -7
63 -29 -11
63 -29 -12
63 -29 -19
63 -29 -27
63 -30 0
63 -30 -19
63 -31 0
63 -31 -14
63 -31 -28
63 -32 -11
63 -33 -7
63 -33 -15
63 -34 -20
64 0 -25
64 -1 -23
64 -1 -25
64 -2 -5
64 -2 -12
64 -2 -28
64 -3 -10
64 -3 -31
64 -4 0
64 -4 -14
64 -5 -17
64 -5 -20
64 -7 -8
64 -7 -16
64 -8 0
64 -8 -22
64 -8 -32
64 -9 -24
64 -9 -26
64 -10 -3
64 -10 -5
64 -10 -6
64 -10 -8
64 -11 -24
64 -13 -14
64 -14 -3
64 -15 -1
64 -15 -10
64 -15 -29
64 -16 -22
64 -17 -15
64 -17 -26
64 -17 -32
64 -18 -11
64 -19 -1
64 -20 -7
64 -20 -18
64 -20 -32
64 -23 -28
64 -23 -30
64 -23 -31
64 -23 -33
64 -24 -21
64 -24 -22
64 -24 -33
64 -26 -19
64 -27 0
64 -27 -7
64 -27 -10
64 -27 -28
64 -27 -32
64 -27 -33
64 -28 -7
64 -29 -11
64 -29 -12
64 -29 -19
64 -29 -27
64 -30 0
64 -30 -19
64 -31 0
64 -31 -14
64 -31 -28
64 -32 -11
64 -33 -7
64 -33 -15
64 -34 -20
65 0 -25
65 -1 -23
65 -1 -25
65 -2 -5
65 -2 -12
65 -2 -28
65 -3 -10
65 -3 -31
65 -4 0
65 -4 -14
65 -5 -17
65 -5 -20
65 -7 -8
65 -7 -16
65 -8 0
65 -8 -22
65 -8 -32
65 -9 -24
65 -9 -26
65 -10 -3
65 -10 -5
65 -10 -6
65 -10 -8
65 -11 -24
65 -13 -14
65 -14 -3
65 -15 -1
65 -15 -10
65 -15 -29
65 -16 -22
65 -17 -15
65 -17 -26
65 -17 -32
65 -18 -11
65 -19 -1
65 -20 -7
65 -20 -18
65 -20 -32
65 -23 -28
65 -23 -30
65 -23 -31
65 -23 -33
65 -24 -21
65 -24 -22
65 -24 -33
65 -26 -19
65 -27 0
65 -27 -7
65 -27 -10
65 -27 -28
65 -27 -32
65 -27 -33
65 -28 -7
65 -29 -11
65 -29 -12
65 -29 -19
65 -29 -27
65 -30 0
65 -30 -19
65 -31 0
65 -31 -14
65 -31 -28
65 -32 -11
65 -33 -7
65 -33 -15
65 -34 -20
65 31 14
28 0 25
8 17 32
33 11 24
40 31 0
22 8 32
64 9 26
34 27 33
33 18 11
26 17 15
30 27 32
35 20 32
42 3 10
65 17 15
60 4 14
47 23 30
17 33 15
37 3 31
17 7 16
0 8 0
32 30 19
8 9 24
16 24 21
41 31 0
45 17 15
56 2 5
31 9 24
46 17 15
42 11 24
39 10 8
40 27 0
60 17 32
11 10 8
18 29 11
27 1 25
2 33 7
64 16 22
18 27 33
21 2 12
18 20 7
31 23 31
59 15 10
36 2 12
57 24 21
18 5 17
1 31 14
4 1 23
5 24 22
12 2 5
30 32 11
3 34 20
56 0 25
13 27 0
13 23 33
10 8 32
47 33 7
36 16 22
47 11 24
21 20 18
53 29 19
57 10 5
8 31 28
64 20 7
5 30 0
13 24 22
10 8 32
9 2 12
39 20 18
64 10 8
39 1 25
15 17 15
58 32 11
34 1 23
1 27 28
34 27 0
6 17 15
6 23 33
26 18 11
43 16 22
46 4 0
57 20 32
34 30 19
61 5 20
14 20 7
31 20 32
61 0 25
43 3 31
14 28 7
18 27 32
60 4 14
50 31 28
31 23 30
43 27 28
7 32 11
37 1 23
39 33 15
43 1 25
60 17 26
23 24 33
23 24 22
54 24 22
45 11 24
30 1 23
34 17 32
55 27 10
52 9 24
47 7 16
0 23 31
26 26 19
51 5 17
52 9 24
26 3 31
52 15 1
37 2 5
51 17 15
59 30 19
61 23 28
56 13 14
12 1 23
3 27 28
56 24 33
47 30 0
25 20 18
42 15 29
17 9 24
49 24 33
36 0 25
28 9 24
46 27 10
1 4 14
7 33 15
12 34 20
49 18 11
2 20 18
60 13 14
30 28 7
2 3 31
13 31 0
41 32 11
39 23 31
52 16 22
21 34 20
28 17 15
53 34 20
35 5 20
31 5 17
41 9 26
61 1 25
33 4 0
60 2 12
65 31 28
18 23 33
42 8 0
0 11 24
56 20 7
4 32 11
48 5 17
11 29 27
41 23 30
39 24 22
8 8 0
10 24 21
19 31 28
34 7 8
10 1 23
42 29 11
7 34 20
55 15 29
64 14 3
8 4 14
15 4 0
21 30 0
20 10 3
50 15 29
40 16 22
36 28 7
11 34 20
29 14 3
28 33 15
3 27 7
39 14 3
1 4 14
36 31 0
10 31 0
42 3 10
14 27 7
44 8 22
65 27 33
65 29 11
50 27 7
55 10 8
44 8 0
14 8 0
52 30 0
37 20 18
17 30 0
25 27 32
60 27 7
55 7 16
34 7 16
62 31 14
17 27 0
6 17 26
23 29 19
37 19 1
53 27 0
8 29 12
40 10 8
34 30 0
53 30 19
18 33 7
29 29 11
45 15 1
53 2 28
57 17 26
1 20 18
1 17 32
35 29 19
27 8 32
64 10 8
64 32 11
31 8 32
58 7 8
37 20 18
18 13 14
46 2 12
34 8 0
58 7 16
16 27 0
62 24 21
42 1 25
7 27 33
60 10 3
0 23 28
33 23 31
47 30 0
27 27 32
65 30 0
34 15 29
41 8 32
12 28 7
6 30 19
48 33 7
51 15 10
41 34 20
32 31 28
40 15 1
4 17 26
46 4 14
60 29 12
54 17 32
7 4 0
59 33 15
49 29 11
41 8 32
62 27 32
36 29 19
50 1 23
46 18 11
22 31 28
39 4 0
63 24 33
22 29 27
14 8 0
13 16 22
61 9 26
52 30 19
2 11 24
50 27 0
6 29 12
22 13 14
5 33 15
28 27 7
45 23 31
14 23 30
54 0 25
33 8 22
37 2 5
61 27 33
44 3 10
57 11 24
15 13 14
61 17 32
55 15 1
1 2 12
25 10 8
54 27 10
50 1 25
55 27 33
26 30 0
52 0 25
41 1 23
51 5 20
50 27 7
26 4 0
52 29 12
47 1 25
59 1 23
29 31 0
61 33 7
52 23 28
37 19 1
14 24 22
52 1 23
4 31 14
34 1 23
17 9 24
56 18 11
44 2 28
45 10 5
61 24 22
28 31 14
43 34 20
33 15 10
29 15 1
45 29 12
42 27 7
28 23 30
54 4 14
38 31 0
55 27 10
50 33 15
60 31 28
17 30 0
36 8 22
36 8 22
45 24 33
27 10 3
52 30 0
53 31 0
45 27 7
65 23 31
37 24 22
1 23 31
29 27 10
49 32 11
43 3 10
64 7 8
65 18 11
39 8 22
17 15 29
32 8 22
52 2 28
1 4 0
12 3 10
58 20 7
62 4 0
21 7 8
36 27 10
24 23 33
32 19 1
58 24 22
32 4 0
65 27 0
30 29 12
34 5 20
29 20 32
39 0 25
45 23 30
42 8 0
44 33 15
3 24 21
36 23 30
42 17 32
12 27 7
36 17 32
16 1 25
12 17 32
31 27 28
28 5 20
23 31 28
17 5 20
58 28 7
44 2 28
11 11 24
37 15 1
8 27 28
38 5 20
1 16 22
21 29 11
34 15 29
20 16 22
50 26 19
25 1 25
19 23 30
37 28 7
37 13 14
47 29 11
8 33 7
45 11 24
1 31 28
30 9 24
47 23 30
28 34 20
36 13 14
64 16 22
26 15 29
55 31 28
52 3 10
20 2 12
6 23 31
63 23 33
64 17 26
48 4 0
23 9 26
17 17 26
62 15 29
35 27 33
64 2 5
19 27 10
64 31 0
46 13 14
62 27 28
41 10 8
58 28 7
15 27 32
2 1 23
40 13 14
37 14 3
42 5 17
13 18 11
20 9 24
40 27 7
17 5 20
54 31 28
30 18 11
20 29 27
52 3 10
45 29 11
48 24 21
42 15 29
61 0 25
43 26 19
47 3 31
59 29 12
9 28 7
26 29 19
27 20 18
22 26 19
27 27 10
21 8 22
36 29 12
39 29 27
18 31 28
65 20 32
5 28 7
24 16 22
20 1 25
5 1 23
63 2 5
32 4 14
42 17 32
51 7 16
46 10 8
8 10 6
24 30 0
30 4 0
12 24 33
19 10 3
38 15 29
24 15 10
40 34 20
37 8 22
50 8 0
1 30 19
59 23 33
17 1 23
36 31 0
21 17 32
29 4 14
60 23 28
1 4 0
3 1 25
44 3 31
27 10 5
15 17 15
33 10 5
55 10 5
39 13 14
60 23 33
27 34 20
35 9 26
59 7 16
56 10 5
8 23 30
33 11 24
16 9 26
18 10 6
26 23 30
36 27 7
30 14 3
33 2 5
44 1 23
55 27 32
33 23 33
28 1 23
33 33 15
3 10 3
56 20 32
35 27 28
63 30 0
9 9 26
52 31 28
0 20 18
24 23 31
46 15 29
49 32 11
35 19 1
12 20 7
16 2 28
39 2 12
56 1 25
36 20 7
17 3 31
59 10 5
35 33 7
40 7 16
27 26 19
9 10 5
64 5 17
16 5 20
19 11 24
52 31 14
39 2 5
22 29 19
20 8 0
45 30 19
25 15 1
38 23 28
49 8 22
26 10 6
44 7 8
37 24 33
0 27 0
31 13 14
56 27 28
53 8 32
44 17 15
43 24 21
4 9 24
15 29 12
63 27 28
45 17 15
37 31 28
20 27 28
13 31 28
28 14 3
40 30 19
21 3 10
35 7 8
30 27 0
55 23 28
63 8 32
42 1 25
34 20 32
26 9 26
64 28 7
47 27 7
54 0 25
28 24 33
53 23 31
3 33 7
35 10 3
28 33 15
7 2 28
39 24 22
7 7 16
45 3 10
24 28 7
56 8 0
4 15 10
35 26 19
3 27 10
59 13 14
7 2 5
54 31 0
14 31 0
28 29 27
59 29 27
13 3 10
35 8 32
22 9 24
53 27 33
60 31 28
24 15 29
6 18 11
6 14 3
64 19 1
29 3 10
31 24 21
11 0 25
58 23 28
0 8 0
17 31 28
49 14 3
54 17 32
39 30 19
62 20 7
34 16 22
0 3 31
23 15 10
39 4 0
3 5 17
45 0 25
12 8 0
47 34 20
20 33 15
16 31 28
24 3 31
41 8 32
46 17 15
17 30 19
17 33 15
12 11 24
64 8 0
59 10 6
1 30 19
52 4 0
4 17 26
40 24 33
27 1 25
48 8 22
1 10 3
54 1 23
34 23 30
15 17 15
20 11 24
42 1 23
39 27 0
36 27 33
54 28 7
40 27 7
32 23 31
40 32 11
60 17 26
54 10 8
30 4 14
33 2 12
58 30 0
33 24 33
11 5 20
5 28 7
14 9 24
31 27 32
64 8 32
60 10 3
57 17 15
17 23 30
11 30 19
36 9 26
11 9 24
17 27 32
58 31 14
23 24 33
54 13 14
61 7 16
4 0 25
19 30 0
13 2 5
37 29 11
43 2 12
13 15 29
18 2 12
10 18 11
52 11 24
30 29 12
56 4 14
24 28 7
55 31 0
11 23 30
31 27 33
63 27 28
40 10 5
15 15 1
65 23 33
36 19 1
22 20 32
28 27 28
13 33 15
19 15 1
33 2 28
49 9 24
13 30 0
34 20 7
44 2 28
38 20 32
7 31 28
19 18 11
44 29 12
62 27 7
47 10 5
36 10 6
6 29 27
47 10 8
48 24 21
57 32 11
38 9 24
27 23 28
52 31 0
24 19 1
15 3 10
5 27 28
56 15 29
62 30 0
7 8 22
61 9 24
36 5 17
31 2 12
31 31 14
57 0 25
37 2 12
18 7 16
40 15 1
56 28 7
7 7 16
58 23 31
49 31 28
11 3 31
40 9 24
45 16 22
45 27 32
25 23 31
61 29 27
48 30 19
42 17 26
21 2 5
0 8 22
41 29 27
65 31 0
10 31 28
6 1 23
65 3 31
39 13 14
8 23 30
8 27 28
35 19 1
19 27 33
52 4 14
62 10 3
53 28 7
21 29 19
64 27 7
59 29 27
19 5 17
21 9 26
55 34 20
40 18 11
30 2 5
13 7 8
10 29 19
47 30 0
45 16 22
49 1 25
28 1 25
54 30 19
60 20 7
58 20 18
24 33 15
35 8 32
44 27 10
15 24 22
30 33 7
33 3 31
52 27 28
12 15 1
23 18 11
36 33 7
28 28 7
20 15 1
53 7 16
39 9 26
19 24 21
21 15 29
47 32 11
62 13 14
25 5 17
58 15 29
9 1 25
36 23 30
17 3 31
62 27 28
62 29 27
19 14 3
25 27 33
21 24 22
57 5 20
12 34 20
36 10 6
39 5 20
16 29 12
47 27 33
22 20 32
63 17 32
54 2 28
2 31 0
65 27 28
59 10 6
22 27 28
28 7 16
48 29 11
20 32 11
61 20 18
5 24 21
14 7 8
63 8 0
18 15 10
42 31 28
31 27 28
39 29 12
52 27 0
36 31 0
65 23 31
56 28 7
15 10 5
45 27 32
58 23 31
60 27 7
42 32 11
55 14 3
10 24 33
17 29 27
52 27 28
55 30 0
40 3 31
3 30 19
22 32 11
20 17 32
40 19 1
28 31 0
18 27 10
60 5 20
37 17 15
12 2 12
41 17 15
12 27 28
47 23 33
46 17 32
35 18 11
64 13 14
0 28 7
45 30 19
1 15 29
13 2 28
51 4 0
57 2 28
48 3 31
12 15 1
22 4 0
37 29 27
53 11 24
0 34 20
42 7 16
5 2 28
28 10 3
22 24 21
2 4 14
49 29 11
53 28 7
49 24 21
23 31 0
51 29 11
15 31 14
46 23 31
34 27 28
11 9 26
10 8 0
18 17 32
36 10 5
24 16 22
64 17 32
50 0 25
48 2 12
0 23 33
8 29 19
34 13 14
35 24 21
30 29 27
53 1 25
41 31 0
8 29 11
15 33 15
6 2 5
52 2 28
9 10 3
30 32 11
14 10 5
58 15 10
11 8 22
36 31 0
11 10 5
40 8 22
26 13 14
0 17 15
10 20 7
6 30 19
4 2 28
63 27 10
40 23 33
34 17 26
9 13 14
63 8 32
54 30 0
0 32 11
28 27 32
25 27 33
57 4 0
14 2 12
41 2 12
45 23 30
65 29 11
49 7 8
15 29 27
15 16 22
20 31 14
65 29 12
45 27 7
10 15 29
29 29 11
50 33 7
59 2 12
25 15 10
28 5 17
45 34 20
47 23 30
31 7 16
52 23 28
30 16 22
30 29 19
63 16 22
7 13 14
39 18 11
49 29 12
45 4 0
20 13 14
4 4 14
37 27 33
21 19 1
15 31 14
43 1 25
14 13 14
8 33 7
26 17 26
58 4 0
61 16 22
23 31 28
36 2 12
15 7 16
28 8 32
58 3 10
13 15 1
30 23 33
6 23 33
58 33 15
33 16 22
37 31 14
34 31 28
13 27 32
14 17 15
21 23 30
29 3 10
17 2 12
15 28 7
33 27 33
2 11 24
14 29 11
47 19 1
38 29 11
20 17 15
2 27 7
1 31 0
3 1 25
2 18 11
11 10 8
32 33 15
30 30 19
33 31 28
6 7 8
45 33 15
3 27 32
44 18 11
51 24 22
19 33 7
8 31 28
42 2 12
24 30 0
8 2 28
14 1 25
21 29 27
58 17 15
38 26 19
53 30 0
4 8 32
38 16 22
24 28 7
61 11 24
0 8 22
22 30 0
24 1 23
35 30 0
50 15 29
43 10 3
23 8 0
19 2 12
59 20 18
55 9 26
50 13 14
27 8 32
5 20 32
55 10 8
35 27 0
40 34 20
7 5 17
52 20 7
47 8 22
13 29 19
8 16 22
63 5 17
50 23 28
33 24 21
6 9 24
6 26 19
63 8 32
33 20 32
55 20 18
61 20 32
38 20 32
34 17 15
42 4 14
58 9 26
37 9 24
65 0 25
16 4 0
60 8 22
65 9 24
17 23 33
40 27 28
0 23 33
18 31 14
48 17 15
31 18 11
45 3 31
31 14 3
63 27 7
0 7 8
31 9 24
42 8 32
28 2 5
56 29 11
19 28 7
61 2 5
63 1 23
51 19 1
13 3 31
29 29 27
56 24 21
53 20 32
30 5 17
56 8 22
29 4 0
10 24 21
18 14 3
33 2 12
25 18 11
27 11 24
11 20 7
53 3 31
25 24 22
7 20 7
37 10 8
14 20 18
61 0 25
48 23 28
0 26 19
20 10 5
44 31 0
19 8 0
42 29 12
56 2 28
28 10 3
51 27 10
36 27 33
52 33 15
38 33 15
26 26 19
48 15 29
38 20 32
39 4 0
60 23 28
55 15 10
25 24 21
29 27 32
50 33 15
33 23 33
59 17 26
6 15 1
45 18 11
1 17 15
31 13 14
30 15 1
44 29 11
59 8 32
30 31 0
38 20 32
30 8 0
12 8 32
59 33 7
9 27 10
54 4 0
39 27 28
49 27 0
13 32 11
21 23 33
6 31 28
51 27 28
61 4 14
51 31 14
58 11 24
20 33 15
64 15 29
65 27 7
35 8 22
59 31 0
20 4 0
38 5 20
49 28 7
20 29 27
55 15 10
20 24 21
18 10 6
41 11 24
37 2 12
54 10 3
32 20 7
5 8 32
17 19 1
52 2 28
9 31 0
1 34 20
32 23 30
35 4 0
24 10 6
45 26 19
65 15 10
34 27 33
48 33 15
0 15 29
28 4 0
45 17 32
21 11 24
10 29 19
15 23 28
28 1 23
23 17 26
5 10 6
20 27 32
31 10 3
56 14 3
5 23 31
11 33 15
52 29 27
57 14 3
42 31 28
32 10 8
24 29 12
28 4 14
61 23 33
5 17 15
51 8 22
12 18 11
13 17 26
61 19 1
33 9 26
58 20 18
40 18 11
42 32 11
14 19 1
26 30 19
45 10 3
3 0 25
32 7 8
55 0 25
43 18 11
8 8 0
44 27 28
4 2 5
6 34 20
36 29 19
50 23 28
10 23 28
12 33 15
11 3 10
52 17 32
18 29 27
31 29 19
29 32 11
-1 -1 -1
25
20
17
47
51
57
59
19
4
35
38
40
13
62
36
29
44
37
14
43
6
61
21
7
49
54
41
53
56
9
10
16
15
39
45
1
55
11
46
22
34
0
52
64
28
48
58
65
42
33
30
31
27
32
18
5
23
26
63
24
60
50
3
8
2
12
  3.802023 seconds (41.78 M allocations: 1.091 GiB, 3.00% gc time)
