950 0 0 0 0 0 0 0 0 0 0 0 0 0 0 0 0 0 0 0 0 0 0
0 0 0 0 0 0 0 0 0 0 0 0 0 0 0 0 0 0 0 0 0 0 0
0 0 0 0 0 0 0 0 0 0 0 0 0 0 0 0 0 0 0 0 0 0 0
0 0 0 0 0 0 0 0 0 0 0 0 0 0 0 0 0 0 0 0 0 0 0
0 0 0 0 0 0 0 0 0 0 0 0 0 0 0 0 0 0 0 0 0 0 0
0 0 0 0 0 0 0 0 0 0 0 0 0 0 0 0 0 0 0 0 0 0 0
0 0 0 0 0 0 0 0 0 0 0 0 0 0 0 0 0 0 0 0 0 0 0
0 0 0 0 0 0 0 0 0 0 0 0 0 0 0 0 0 0 0 0 0 0 0
0 0 0 0 0 0 0 0 0 0 0 0 0 0 0 0 0 0 0 0 0 0 0
0 0 0 0 0 0 0 0 0 0 0 0 0 0 0 0 0 0 0 0 0 0 0
0 0 0 0 0 0 0 0 0 0 0 0 0 0 0 0 0 0 0 0 0 0 0
0 0 0 0 0 0 0 0 0 0 0 0 0 0 0 0 0 0 0 0 0 0 0
0 0 0 0 0 0 0 0 0 0 0 0 0 0 0 0 0 0 0 0 0 0 0
0 0 0 0 0 0 0 0 0 0 0 0 0 0 0 0 0 0 0 0 0 0 0
0 0 0 0 0 0 0 0 0 0 0 0 0 0 0 0 0 0 0 0 0 0 0
0 0 0 0 0 0 0 0 0 0 0 0 0 0 0 0 0 0 0 0 0 0 0
0 0 0 0 0 0 0 0 0 0 0 0 0 0 0 0 0 0 0 0 0 0 0
0 0 0 0 0 0 0 0 0 0 0 0 0 0 0 0 0 0 0 0 0 0 0
0 0 0 0 0 0 0 0 0 0 0 0 0 0 0 0 0 0 0 0 0 0 0
0 0 0 0 0 0 0 0 0 0 0 0 0 0 0 0 0 0 0 0 0 0 0
0 0 0 0 0 0 0 0 0 0 0 0 0 0 0 0 0 0 0 0 0 0 0
0 0 0 0 0 0 0 0 0 0 0 0 0 0 0 0 0 0 0 0 0 0 0
0 0 0 0 0 0 0 0 0 0 0 0 0 0 0 0 0 0 0 0 0 0 0
0 0 -2
0 0 -7
0 0 -8
0 0 -9
0 0 -10
0 0 -14
0 0 -17
0 0 -22
0 -1 -1
0 -1 -2
0 -1 -11
0 -1 -13
0 -1 -18
0 -2 -8
0 -2 -10
0 -2 -20
0 -3 -2
0 -3 -4
0 -3 -5
0 -3 -7
0 -3 -10
0 -3 -12
0 -3 -17
0 -4 -3
0 -4 -8
0 -4 -9
0 -4 -10
0 -4 -13
0 -4 -14
0 -5 -4
0 -5 -5
0 -5 -8
0 -5 -9
0 -5 -22
0 -6 -8
0 -6 -15
0 -6 -18
0 -7 -3
0 -7 -16
0 -8 -11
0 -8 -15
0 -9 -1
0 -9 -5
0 -9 -6
0 -9 -11
0 -9 -13
0 -9 -15
0 -9 -17
0 -9 -21
0 -10 0
0 -10 -2
0 -10 -14
0 -10 -19
0 -10 -20
0 -11 -7
0 -12 -11
0 -12 -17
0 -13 -1
0 -13 -14
0 -13 -19
0 -14 0
0 -14 -8
0 -15 -7
0 -15 -12
0 -15 -20
0 -16 -3
0 -16 -7
0 -16 -14
0 -16 -15
0 -16 -17
0 -17 -1
0 -17 -9
0 -17 -13
0 -17 -18
0 -18 -20
0 -18 -22
0 -20 -2
0 -20 -8
0 -20 -13
0 -20 -21
0 -21 0
0 -21 -3
0 -21 -4
0 -21 -11
0 -21 -15
0 -21 -16
0 -22 0
0 -22 -4
0 -22 -6
1 0 -2
1 0 -7
1 0 -8
1 0 -9
1 0 -10
1 0 -14
1 0 -17
1 0 -22
1 -1 -1
1 -1 -2
1 -1 -11
1 -1 -13
1 -1 -18
1 -2 -8
1 -2 -10
1 -2 -20
1 -3 -2
1 -3 -4
1 -3 -5
1 -3 -7
1 -3 -10
1 -3 -12
1 -3 -17
1 -4 -3
1 -4 -8
1 -4 -9
1 -4 -10
1 -4 -13
1 -4 -14
1 -5 -4
1 -5 -5
1 -5 -8
1 -5 -9
1 -5 -22
1 -6 -8
1 -6 -15
1 -6 -18
1 -7 -3
1 -7 -16
1 -8 -11
1 -8 -15
1 -9 -1
1 -9 -5
1 -9 -6
1 -9 -11
1 -9 -13
1 -9 -15
1 -9 -17
1 -9 -21
1 -10 0
1 -10 -2
1 -10 -14
1 -10 -19
1 -10 -20
1 -11 -7
1 -12 -11
1 -12 -17
1 -13 -1
1 -13 -14
1 -13 -19
1 -14 0
1 -14 -8
1 -15 -7
1 -15 -12
1 -15 -20
1 -16 -3
1 -16 -7
1 -16 -14
1 -16 -15
1 -16 -17
1 -17 -1
1 -17 -9
1 -17 -13
1 -17 -18
1 -18 -20
1 -18 -22
1 -20 -2
1 -20 -8
1 -20 -13
1 -20 -21
1 -21 0
1 -21 -3
1 -21 -4
1 -21 -11
1 -21 -15
1 -21 -16
1 -22 0
1 -22 -4
1 -22 -6
2 0 -2
2 0 -7
2 0 -8
2 0 -9
2 0 -10
2 0 -14
2 0 -17
2 0 -22
2 -1 -1
2 -1 -2
2 -1 -11
2 -1 -13
2 -1 -18
2 -2 -8
2 -2 -10
2 -2 -20
2 -3 -2
2 -3 -4
2 -3 -5
2 -3 -7
2 -3 -10
2 -3 -12
2 -3 -17
2 -4 -3
2 -4 -8
2 -4 -9
2 -4 -10
2 -4 -13
2 -4 -14
2 -5 -4
2 -5 -5
2 -5 -8
2 -5 -9
2 -5 -22
2 -6 -8
2 -6 -15
2 -6 -18
2 -7 -3
2 -7 -16
2 -8 -11
2 -8 -15
2 -9 -1
2 -9 -5
2 -9 -6
2 -9 -11
2 -9 -13
2 -9 -15
2 -9 -17
2 -9 -21
2 -10 0
2 -10 -2
2 -10 -14
2 -10 -19
2 -10 -20
2 -11 -7
2 -12 -11
2 -12 -17
2 -13 -1
2 -13 -14
2 -13 -19
2 -14 0
2 -14 -8
2 -15 -7
2 -15 -12
2 -15 -20
2 -16 -3
2 -16 -7
2 -16 -14
2 -16 -15
2 -16 -17
2 -17 -1
2 -17 -9
2 -17 -13
2 -17 -18
2 -18 -20
2 -18 -22
2 -20 -2
2 -20 -8
2 -20 -13
2 -20 -21
2 -21 0
2 -21 -3
2 -21 -4
2 -21 -11
2 -21 -15
2 -21 -16
2 -22 0
2 -22 -4
2 -22 -6
3 0 -2
3 0 -7
3 0 -8
3 0 -9
3 0 -10
3 0 -14
3 0 -17
3 0 -22
3 -1 -1
3 -1 -2
3 -1 -11
3 -1 -13
3 -1 -18
3 -2 -8
3 -2 -10
3 -2 -20
3 -3 -2
3 -3 -4
3 -3 -5
3 -3 -7
3 -3 -10
3 -3 -12
3 -3 -17
3 -4 -3
3 -4 -8
3 -4 -9
3 -4 -10
3 -4 -13
3 -4 -14
3 -5 -4
3 -5 -5
3 -5 -8
3 -5 -9
3 -5 -22
3 -6 -8
3 -6 -15
3 -6 -18
3 -7 -3
3 -7 -16
3 -8 -11
3 -8 -15
3 -9 -1
3 -9 -5
3 -9 -6
3 -9 -11
3 -9 -13
3 -9 -15
3 -9 -17
3 -9 -21
3 -10 0
3 -10 -2
3 -10 -14
3 -10 -19
3 -10 -20
3 -11 -7
3 -12 -11
3 -12 -17
3 -13 -1
3 -13 -14
3 -13 -19
3 -14 0
3 -14 -8
3 -15 -7
3 -15 -12
3 -15 -20
3 -16 -3
3 -16 -7
3 -16 -14
3 -16 -15
3 -16 -17
3 -17 -1
3 -17 -9
3 -17 -13
3 -17 -18
3 -18 -20
3 -18 -22
3 -20 -2
3 -20 -8
3 -20 -13
3 -20 -21
3 -21 0
3 -21 -3
3 -21 -4
3 -21 -11
3 -21 -15
3 -21 -16
3 -22 0
3 -22 -4
3 -22 -6
4 0 -2
4 0 -7
4 0 -8
4 0 -9
4 0 -10
4 0 -14
4 0 -17
4 0 -22
4 -1 -1
4 -1 -2
4 -1 -11
4 -1 -13
4 -1 -18
4 -2 -8
4 -2 -10
4 -2 -20
4 -3 -2
4 -3 -4
4 -3 -5
4 -3 -7
4 -3 -10
4 -3 -12
4 -3 -17
4 -4 -3
4 -4 -8
4 -4 -9
4 -4 -10
4 -4 -13
4 -4 -14
4 -5 -4
4 -5 -5
4 -5 -8
4 -5 -9
4 -5 -22
4 -6 -8
4 -6 -15
4 -6 -18
4 -7 -3
4 -7 -16
4 -8 -11
4 -8 -15
4 -9 -1
4 -9 -5
4 -9 -6
4 -9 -11
4 -9 -13
4 -9 -15
4 -9 -17
4 -9 -21
4 -10 0
4 -10 -2
4 -10 -14
4 -10 -19
4 -10 -20
4 -11 -7
4 -12 -11
4 -12 -17
4 -13 -1
4 -13 -14
4 -13 -19
4 -14 0
4 -14 -8
4 -15 -7
4 -15 -12
4 -15 -20
4 -16 -3
4 -16 -7
4 -16 -14
4 -16 -15
4 -16 -17
4 -17 -1
4 -17 -9
4 -17 -13
4 -17 -18
4 -18 -20
4 -18 -22
4 -20 -2
4 -20 -8
4 -20 -13
4 -20 -21
4 -21 0
4 -21 -3
4 -21 -4
4 -21 -11
4 -21 -15
4 -21 -16
4 -22 0
4 -22 -4
4 -22 -6
5 0 -2
5 0 -7
5 0 -8
5 0 -9
5 0 -10
5 0 -14
5 0 -17
5 0 -22
5 -1 -1
5 -1 -2
5 -1 -11
5 -1 -13
5 -1 -18
5 -2 -8
5 -2 -10
5 -2 -20
5 -3 -2
5 -3 -4
5 -3 -5
5 -3 -7
5 -3 -10
5 -3 -12
5 -3 -17
5 -4 -3
5 -4 -8
5 -4 -9
5 -4 -10
5 -4 -13
5 -4 -14
5 -5 -4
5 -5 -5
5 -5 -8
5 -5 -9
5 -5 -22
5 -6 -8
5 -6 -15
5 -6 -18
5 -7 -3
5 -7 -16
5 -8 -11
5 -8 -15
5 -9 -1
5 -9 -5
5 -9 -6
5 -9 -11
5 -9 -13
5 -9 -15
5 -9 -17
5 -9 -21
5 -10 0
5 -10 -2
5 -10 -14
5 -10 -19
5 -10 -20
5 -11 -7
5 -12 -11
5 -12 -17
5 -13 -1
5 -13 -14
5 -13 -19
5 -14 0
5 -14 -8
5 -15 -7
5 -15 -12
5 -15 -20
5 -16 -3
5 -16 -7
5 -16 -14
5 -16 -15
5 -16 -17
5 -17 -1
5 -17 -9
5 -17 -13
5 -17 -18
5 -18 -20
5 -18 -22
5 -20 -2
5 -20 -8
5 -20 -13
5 -20 -21
5 -21 0
5 -21 -3
5 -21 -4
5 -21 -11
5 -21 -15
5 -21 -16
5 -22 0
5 -22 -4
5 -22 -6
6 0 -2
6 0 -7
6 0 -8
6 0 -9
6 0 -10
6 0 -14
6 0 -17
6 0 -22
6 -1 -1
6 -1 -2
6 -1 -11
6 -1 -13
6 -1 -18
6 -2 -8
6 -2 -10
6 -2 -20
6 -3 -2
6 -3 -4
6 -3 -5
6 -3 -7
6 -3 -10
6 -3 -12
6 -3 -17
6 -4 -3
6 -4 -8
6 -4 -9
6 -4 -10
6 -4 -13
6 -4 -14
6 -5 -4
6 -5 -5
6 -5 -8
6 -5 -9
6 -5 -22
6 -6 -8
6 -6 -15
6 -6 -18
6 -7 -3
6 -7 -16
6 -8 -11
6 -8 -15
6 -9 -1
6 -9 -5
6 -9 -6
6 -9 -11
6 -9 -13
6 -9 -15
6 -9 -17
6 -9 -21
6 -10 0
6 -10 -2
6 -10 -14
6 -10 -19
6 -10 -20
6 -11 -7
6 -12 -11
6 -12 -17
6 -13 -1
6 -13 -14
6 -13 -19
6 -14 0
6 -14 -8
6 -15 -7
6 -15 -12
6 -15 -20
6 -16 -3
6 -16 -7
6 -16 -14
6 -16 -15
6 -16 -17
6 -17 -1
6 -17 -9
6 -17 -13
6 -17 -18
6 -18 -20
6 -18 -22
6 -20 -2
6 -20 -8
6 -20 -13
6 -20 -21
6 -21 0
6 -21 -3
6 -21 -4
6 -21 -11
6 -21 -15
6 -21 -16
6 -22 0
6 -22 -4
6 -22 -6
7 0 -2
7 0 -7
7 0 -8
7 0 -9
7 0 -10
7 0 -14
7 0 -17
7 0 -22
7 -1 -1
7 -1 -2
7 -1 -11
7 -1 -13
7 -1 -18
7 -2 -8
7 -2 -10
7 -2 -20
7 -3 -2
7 -3 -4
7 -3 -5
7 -3 -7
7 -3 -10
7 -3 -12
7 -3 -17
7 -4 -3
7 -4 -8
7 -4 -9
7 -4 -10
7 -4 -13
7 -4 -14
7 -5 -4
7 -5 -5
7 -5 -8
7 -5 -9
7 -5 -22
7 -6 -8
7 -6 -15
7 -6 -18
7 -7 -3
7 -7 -16
7 -8 -11
7 -8 -15
7 -9 -1
7 -9 -5
7 -9 -6
7 -9 -11
7 -9 -13
7 -9 -15
7 -9 -17
7 -9 -21
7 -10 0
7 -10 -2
7 -10 -14
7 -10 -19
7 -10 -20
7 -11 -7
7 -12 -11
7 -12 -17
7 -13 -1
7 -13 -14
7 -13 -19
7 -14 0
7 -14 -8
7 -15 -7
7 -15 -12
7 -15 -20
7 -16 -3
7 -16 -7
7 -16 -14
7 -16 -15
7 -16 -17
7 -17 -1
7 -17 -9
7 -17 -13
7 -17 -18
7 -18 -20
7 -18 -22
7 -20 -2
7 -20 -8
7 -20 -13
7 -20 -21
7 -21 0
7 -21 -3
7 -21 -4
7 -21 -11
7 -21 -15
7 -21 -16
7 -22 0
7 -22 -4
7 -22 -6
8 0 -2
8 0 -7
8 0 -8
8 0 -9
8 0 -10
8 0 -14
8 0 -17
8 0 -22
8 -1 -1
8 -1 -2
8 -1 -11
8 -1 -13
8 -1 -18
8 -2 -8
8 -2 -10
8 -2 -20
8 -3 -2
8 -3 -4
8 -3 -5
8 -3 -7
8 -3 -10
8 -3 -12
8 -3 -17
8 -4 -3
8 -4 -8
8 -4 -9
8 -4 -10
8 -4 -13
8 -4 -14
8 -5 -4
8 -5 -5
8 -5 -8
8 -5 -9
8 -5 -22
8 -6 -8
8 -6 -15
8 -6 -18
8 -7 -3
8 -7 -16
8 -8 -11
8 -8 -15
8 -9 -1
8 -9 -5
8 -9 -6
8 -9 -11
8 -9 -13
8 -9 -15
8 -9 -17
8 -9 -21
8 -10 0
8 -10 -2
8 -10 -14
8 -10 -19
8 -10 -20
8 -11 -7
8 -12 -11
8 -12 -17
8 -13 -1
8 -13 -14
8 -13 -19
8 -14 0
8 -14 -8
8 -15 -7
8 -15 -12
8 -15 -20
8 -16 -3
8 -16 -7
8 -16 -14
8 -16 -15
8 -16 -17
8 -17 -1
8 -17 -9
8 -17 -13
8 -17 -18
8 -18 -20
8 -18 -22
8 -20 -2
8 -20 -8
8 -20 -13
8 -20 -21
8 -21 0
8 -21 -3
8 -21 -4
8 -21 -11
8 -21 -15
8 -21 -16
8 -22 0
8 -22 -4
8 -22 -6
9 0 -2
9 0 -7
9 0 -8
9 0 -9
9 0 -10
9 0 -14
9 0 -17
9 0 -22
9 -1 -1
9 -1 -2
9 -1 -11
9 -1 -13
9 -1 -18
9 -2 -8
9 -2 -10
9 -2 -20
9 -3 -2
9 -3 -4
9 -3 -5
9 -3 -7
9 -3 -10
9 -3 -12
9 -3 -17
9 -4 -3
9 -4 -8
9 -4 -9
9 -4 -10
9 -4 -13
9 -4 -14
9 -5 -4
9 -5 -5
9 -5 -8
9 -5 -9
9 -5 -22
9 -6 -8
9 -6 -15
9 -6 -18
9 -7 -3
9 -7 -16
9 -8 -11
9 -8 -15
9 -9 -1
9 -9 -5
9 -9 -6
9 -9 -11
9 -9 -13
9 -9 -15
9 -9 -17
9 -9 -21
9 -10 0
9 -10 -2
9 -10 -14
9 -10 -19
9 -10 -20
9 -11 -7
9 -12 -11
9 -12 -17
9 -13 -1
9 -13 -14
9 -13 -19
9 -14 0
9 -14 -8
9 -15 -7
9 -15 -12
9 -15 -20
9 -16 -3
9 -16 -7
9 -16 -14
9 -16 -15
9 -16 -17
9 -17 -1
9 -17 -9
9 -17 -13
9 -17 -18
9 -18 -20
9 -18 -22
9 -20 -2
9 -20 -8
9 -20 -13
9 -20 -21
9 -21 0
9 -21 -3
9 -21 -4
9 -21 -11
9 -21 -15
9 -21 -16
9 -22 0
9 -22 -4
9 -22 -6
10 0 -2
10 0 -7
10 0 -8
10 0 -9
10 0 -10
10 0 -14
10 0 -17
10 0 -22
10 -1 -1
10 -1 -2
10 -1 -11
10 -1 -13
10 -1 -18
10 -2 -8
10 -2 -10
10 -2 -20
10 -3 -2
10 -3 -4
10 -3 -5
10 -3 -7
10 -3 -10
10 -3 -12
10 -3 -17
10 -4 -3
10 -4 -8
10 -4 -9
10 -4 -10
10 -4 -13
10 -4 -14
10 -5 -4
10 -5 -5
10 -5 -8
10 -5 -9
10 -5 -22
10 -6 -8
10 -6 -15
10 -6 -18
10 -7 -3
10 -7 -16
10 -8 -11
10 -8 -15
10 -9 -1
10 -9 -5
10 -9 -6
10 -9 -11
10 -9 -13
10 -9 -15
10 -9 -17
10 -9 -21
10 -10 0
10 -10 -2
10 -10 -14
10 -10 -19
10 -10 -20
10 -11 -7
10 -12 -11
10 -12 -17
10 -13 -1
10 -13 -14
10 -13 -19
10 -14 0
10 -14 -8
10 -15 -7
10 -15 -12
10 -15 -20
10 -16 -3
10 -16 -7
10 -16 -14
10 -16 -15
10 -16 -17
10 -17 -1
10 -17 -9
10 -17 -13
10 -17 -18
10 -18 -20
10 -18 -22
10 -20 -2
10 -20 -8
10 -20 -13
10 -20 -21
10 -21 0
10 -21 -3
10 -21 -4
10 -21 -11
10 -21 -15
10 -21 -16
10 -22 0
10 -22 -4
10 -22 -6
11 0 -2
11 0 -7
11 0 -8
11 0 -9
11 0 -10
11 0 -14
11 0 -17
11 0 -22
11 -1 -1
11 -1 -2
11 -1 -11
11 -1 -13
11 -1 -18
11 -2 -8
11 -2 -10
11 -2 -20
11 -3 -2
11 -3 -4
11 -3 -5
11 -3 -7
11 -3 -10
11 -3 -12
11 -3 -17
11 -4 -3
11 -4 -8
11 -4 -9
11 -4 -10
11 -4 -13
11 -4 -14
11 -5 -4
11 -5 -5
11 -5 -8
11 -5 -9
11 -5 -22
11 -6 -8
11 -6 -15
11 -6 -18
11 -7 -3
11 -7 -16
11 -8 -11
11 -8 -15
11 -9 -1
11 -9 -5
11 -9 -6
11 -9 -11
11 -9 -13
11 -9 -15
11 -9 -17
11 -9 -21
11 -10 0
11 -10 -2
11 -10 -14
11 -10 -19
11 -10 -20
11 -11 -7
11 -12 -11
11 -12 -17
11 -13 -1
11 -13 -14
11 -13 -19
11 -14 0
11 -14 -8
11 -15 -7
11 -15 -12
11 -15 -20
11 -16 -3
11 -16 -7
11 -16 -14
11 -16 -15
11 -16 -17
11 -17 -1
11 -17 -9
11 -17 -13
11 -17 -18
11 -18 -20
11 -18 -22
11 -20 -2
11 -20 -8
11 -20 -13
11 -20 -21
11 -21 0
11 -21 -3
11 -21 -4
11 -21 -11
11 -21 -15
11 -21 -16
11 -22 0
11 -22 -4
11 -22 -6
12 0 -2
12 0 -7
12 0 -8
12 0 -9
12 0 -10
12 0 -14
12 0 -17
12 0 -22
12 -1 -1
12 -1 -2
12 -1 -11
12 -1 -13
12 -1 -18
12 -2 -8
12 -2 -10
12 -2 -20
12 -3 -2
12 -3 -4
12 -3 -5
12 -3 -7
12 -3 -10
12 -3 -12
12 -3 -17
12 -4 -3
12 -4 -8
12 -4 -9
12 -4 -10
12 -4 -13
12 -4 -14
12 -5 -4
12 -5 -5
12 -5 -8
12 -5 -9
12 -5 -22
12 -6 -8
12 -6 -15
12 -6 -18
12 -7 -3
12 -7 -16
12 -8 -11
12 -8 -15
12 -9 -1
12 -9 -5
12 -9 -6
12 -9 -11
12 -9 -13
12 -9 -15
12 -9 -17
12 -9 -21
12 -10 0
12 -10 -2
12 -10 -14
12 -10 -19
12 -10 -20
12 -11 -7
12 -12 -11
12 -12 -17
12 -13 -1
12 -13 -14
12 -13 -19
12 -14 0
12 -14 -8
12 -15 -7
12 -15 -12
12 -15 -20
12 -16 -3
12 -16 -7
12 -16 -14
12 -16 -15
12 -16 -17
12 -17 -1
12 -17 -9
12 -17 -13
12 -17 -18
12 -18 -20
12 -18 -22
12 -20 -2
12 -20 -8
12 -20 -13
12 -20 -21
12 -21 0
12 -21 -3
12 -21 -4
12 -21 -11
12 -21 -15
12 -21 -16
12 -22 0
12 -22 -4
12 -22 -6
13 0 -2
13 0 -7
13 0 -8
13 0 -9
13 0 -10
13 0 -14
13 0 -17
13 0 -22
13 -1 -1
13 -1 -2
13 -1 -11
13 -1 -13
13 -1 -18
13 -2 -8
13 -2 -10
13 -2 -20
13 -3 -2
13 -3 -4
13 -3 -5
13 -3 -7
13 -3 -10
13 -3 -12
13 -3 -17
13 -4 -3
13 -4 -8
13 -4 -9
13 -4 -10
13 -4 -13
13 -4 -14
13 -5 -4
13 -5 -5
13 -5 -8
13 -5 -9
13 -5 -22
13 -6 -8
13 -6 -15
13 -6 -18
13 -7 -3
13 -7 -16
13 -8 -11
13 -8 -15
13 -9 -1
13 -9 -5
13 -9 -6
13 -9 -11
13 -9 -13
13 -9 -15
13 -9 -17
13 -9 -21
13 -10 0
13 -10 -2
13 -10 -14
13 -10 -19
13 -10 -20
13 -11 -7
13 -12 -11
13 -12 -17
13 -13 -1
13 -13 -14
13 -13 -19
13 -14 0
13 -14 -8
13 -15 -7
13 -15 -12
13 -15 -20
13 -16 -3
13 -16 -7
13 -16 -14
13 -16 -15
13 -16 -17
13 -17 -1
13 -17 -9
13 -17 -13
13 -17 -18
13 -18 -20
13 -18 -22
13 -20 -2
13 -20 -8
13 -20 -13
13 -20 -21
13 -21 0
13 -21 -3
13 -21 -4
13 -21 -11
13 -21 -15
13 -21 -16
13 -22 0
13 -22 -4
13 -22 -6
14 0 -2
14 0 -7
14 0 -8
14 0 -9
14 0 -10
14 0 -14
14 0 -17
14 0 -22
14 -1 -1
14 -1 -2
14 -1 -11
14 -1 -13
14 -1 -18
14 -2 -8
14 -2 -10
14 -2 -20
14 -3 -2
14 -3 -4
14 -3 -5
14 -3 -7
14 -3 -10
14 -3 -12
14 -3 -17
14 -4 -3
14 -4 -8
14 -4 -9
14 -4 -10
14 -4 -13
14 -4 -14
14 -5 -4
14 -5 -5
14 -5 -8
14 -5 -9
14 -5 -22
14 -6 -8
14 -6 -15
14 -6 -18
14 -7 -3
14 -7 -16
14 -8 -11
14 -8 -15
14 -9 -1
14 -9 -5
14 -9 -6
14 -9 -11
14 -9 -13
14 -9 -15
14 -9 -17
14 -9 -21
14 -10 0
14 -10 -2
14 -10 -14
14 -10 -19
14 -10 -20
14 -11 -7
14 -12 -11
14 -12 -17
14 -13 -1
14 -13 -14
14 -13 -19
14 -14 0
14 -14 -8
14 -15 -7
14 -15 -12
14 -15 -20
14 -16 -3
14 -16 -7
14 -16 -14
14 -16 -15
14 -16 -17
14 -17 -1
14 -17 -9
14 -17 -13
14 -17 -18
14 -18 -20
14 -18 -22
14 -20 -2
14 -20 -8
14 -20 -13
14 -20 -21
14 -21 0
14 -21 -3
14 -21 -4
14 -21 -11
14 -21 -15
14 -21 -16
14 -22 0
14 -22 -4
14 -22 -6
15 0 -2
15 0 -7
15 0 -8
15 0 -9
15 0 -10
15 0 -14
15 0 -17
15 0 -22
15 -1 -1
15 -1 -2
15 -1 -11
15 -1 -13
15 -1 -18
15 -2 -8
15 -2 -10
15 -2 -20
15 -3 -2
15 -3 -4
15 -3 -5
15 -3 -7
15 -3 -10
15 -3 -12
15 -3 -17
15 -4 -3
15 -4 -8
15 -4 -9
15 -4 -10
15 -4 -13
15 -4 -14
15 -5 -4
15 -5 -5
15 -5 -8
15 -5 -9
15 -5 -22
15 -6 -8
15 -6 -15
15 -6 -18
15 -7 -3
15 -7 -16
15 -8 -11
15 -8 -15
15 -9 -1
15 -9 -5
15 -9 -6
15 -9 -11
15 -9 -13
15 -9 -15
15 -9 -17
15 -9 -21
15 -10 0
15 -10 -2
15 -10 -14
15 -10 -19
15 -10 -20
15 -11 -7
15 -12 -11
15 -12 -17
15 -13 -1
15 -13 -14
15 -13 -19
15 -14 0
15 -14 -8
15 -15 -7
15 -15 -12
15 -15 -20
15 -16 -3
15 -16 -7
15 -16 -14
15 -16 -15
15 -16 -17
15 -17 -1
15 -17 -9
15 -17 -13
15 -17 -18
15 -18 -20
15 -18 -22
15 -20 -2
15 -20 -8
15 -20 -13
15 -20 -21
15 -21 0
15 -21 -3
15 -21 -4
15 -21 -11
15 -21 -15
15 -21 -16
15 -22 0
15 -22 -4
15 -22 -6
16 0 -2
16 0 -7
16 0 -8
16 0 -9
16 0 -10
16 0 -14
16 0 -17
16 0 -22
16 -1 -1
16 -1 -2
16 -1 -11
16 -1 -13
16 -1 -18
16 -2 -8
16 -2 -10
16 -2 -20
16 -3 -2
16 -3 -4
16 -3 -5
16 -3 -7
16 -3 -10
16 -3 -12
16 -3 -17
16 -4 -3
16 -4 -8
16 -4 -9
16 -4 -10
16 -4 -13
16 -4 -14
16 -5 -4
16 -5 -5
16 -5 -8
16 -5 -9
16 -5 -22
16 -6 -8
16 -6 -15
16 -6 -18
16 -7 -3
16 -7 -16
16 -8 -11
16 -8 -15
16 -9 -1
16 -9 -5
16 -9 -6
16 -9 -11
16 -9 -13
16 -9 -15
16 -9 -17
16 -9 -21
16 -10 0
16 -10 -2
16 -10 -14
16 -10 -19
16 -10 -20
16 -11 -7
16 -12 -11
16 -12 -17
16 -13 -1
16 -13 -14
16 -13 -19
16 -14 0
16 -14 -8
16 -15 -7
16 -15 -12
16 -15 -20
16 -16 -3
16 -16 -7
16 -16 -14
16 -16 -15
16 -16 -17
16 -17 -1
16 -17 -9
16 -17 -13
16 -17 -18
16 -18 -20
16 -18 -22
16 -20 -2
16 -20 -8
16 -20 -13
16 -20 -21
16 -21 0
16 -21 -3
16 -21 -4
16 -21 -11
16 -21 -15
16 -21 -16
16 -22 0
16 -22 -4
16 -22 -6
17 0 -2
17 0 -7
17 0 -8
17 0 -9
17 0 -10
17 0 -14
17 0 -17
17 0 -22
17 -1 -1
17 -1 -2
17 -1 -11
17 -1 -13
17 -1 -18
17 -2 -8
17 -2 -10
17 -2 -20
17 -3 -2
17 -3 -4
17 -3 -5
17 -3 -7
17 -3 -10
17 -3 -12
17 -3 -17
17 -4 -3
17 -4 -8
17 -4 -9
17 -4 -10
17 -4 -13
17 -4 -14
17 -5 -4
17 -5 -5
17 -5 -8
17 -5 -9
17 -5 -22
17 -6 -8
17 -6 -15
17 -6 -18
17 -7 -3
17 -7 -16
17 -8 -11
17 -8 -15
17 -9 -1
17 -9 -5
17 -9 -6
17 -9 -11
17 -9 -13
17 -9 -15
17 -9 -17
17 -9 -21
17 -10 0
17 -10 -2
17 -10 -14
17 -10 -19
17 -10 -20
17 -11 -7
17 -12 -11
17 -12 -17
17 -13 -1
17 -13 -14
17 -13 -19
17 -14 0
17 -14 -8
17 -15 -7
17 -15 -12
17 -15 -20
17 -16 -3
17 -16 -7
17 -16 -14
17 -16 -15
17 -16 -17
17 -17 -1
17 -17 -9
17 -17 -13
17 -17 -18
17 -18 -20
17 -18 -22
17 -20 -2
17 -20 -8
17 -20 -13
17 -20 -21
17 -21 0
17 -21 -3
17 -21 -4
17 -21 -11
17 -21 -15
17 -21 -16
17 -22 0
17 -22 -4
17 -22 -6
18 0 -2
18 0 -7
18 0 -8
18 0 -9
18 0 -10
18 0 -14
18 0 -17
18 0 -22
18 -1 -1
18 -1 -2
18 -1 -11
18 -1 -13
18 -1 -18
18 -2 -8
18 -2 -10
18 -2 -20
18 -3 -2
18 -3 -4
18 -3 -5
18 -3 -7
18 -3 -10
18 -3 -12
18 -3 -17
18 -4 -3
18 -4 -8
18 -4 -9
18 -4 -10
18 -4 -13
18 -4 -14
18 -5 -4
18 -5 -5
18 -5 -8
18 -5 -9
18 -5 -22
18 -6 -8
18 -6 -15
18 -6 -18
18 -7 -3
18 -7 -16
18 -8 -11
18 -8 -15
18 -9 -1
18 -9 -5
18 -9 -6
18 -9 -11
18 -9 -13
18 -9 -15
18 -9 -17
18 -9 -21
18 -10 0
18 -10 -2
18 -10 -14
18 -10 -19
18 -10 -20
18 -11 -7
18 -12 -11
18 -12 -17
18 -13 -1
18 -13 -14
18 -13 -19
18 -14 0
18 -14 -8
18 -15 -7
18 -15 -12
18 -15 -20
18 -16 -3
18 -16 -7
18 -16 -14
18 -16 -15
18 -16 -17
18 -17 -1
18 -17 -9
18 -17 -13
18 -17 -18
18 -18 -20
18 -18 -22
18 -20 -2
18 -20 -8
18 -20 -13
18 -20 -21
18 -21 0
18 -21 -3
18 -21 -4
18 -21 -11
18 -21 -15
18 -21 -16
18 -22 0
18 -22 -4
18 -22 -6
19 0 -2
19 0 -7
19 0 -8
19 0 -9
19 0 -10
19 0 -14
19 0 -17
19 0 -22
19 -1 -1
19 -1 -2
19 -1 -11
19 -1 -13
19 -1 -18
19 -2 -8
19 -2 -10
19 -2 -20
19 -3 -2
19 -3 -4
19 -3 -5
19 -3 -7
19 -3 -10
19 -3 -12
19 -3 -17
19 -4 -3
19 -4 -8
19 -4 -9
19 -4 -10
19 -4 -13
19 -4 -14
19 -5 -4
19 -5 -5
19 -5 -8
19 -5 -9
19 -5 -22
19 -6 -8
19 -6 -15
19 -6 -18
19 -7 -3
19 -7 -16
19 -8 -11
19 -8 -15
19 -9 -1
19 -9 -5
19 -9 -6
19 -9 -11
19 -9 -13
19 -9 -15
19 -9 -17
19 -9 -21
19 -10 0
19 -10 -2
19 -10 -14
19 -10 -19
19 -10 -20
19 -11 -7
19 -12 -11
19 -12 -17
19 -13 -1
19 -13 -14
19 -13 -19
19 -14 0
19 -14 -8
19 -15 -7
19 -15 -12
19 -15 -20
19 -16 -3
19 -16 -7
19 -16 -14
19 -16 -15
19 -16 -17
19 -17 -1
19 -17 -9
19 -17 -13
19 -17 -18
19 -18 -20
19 -18 -22
19 -20 -2
19 -20 -8
19 -20 -13
19 -20 -21
19 -21 0
19 -21 -3
19 -21 -4
19 -21 -11
19 -21 -15
19 -21 -16
19 -22 0
19 -22 -4
19 -22 -6
20 0 -2
20 0 -7
20 0 -8
20 0 -9
20 0 -10
20 0 -14
20 0 -17
20 0 -22
20 -1 -1
20 -1 -2
20 -1 -11
20 -1 -13
20 -1 -18
20 -2 -8
20 -2 -10
20 -2 -20
20 -3 -2
20 -3 -4
20 -3 -5
20 -3 -7
20 -3 -10
20 -3 -12
20 -3 -17
20 -4 -3
20 -4 -8
20 -4 -9
20 -4 -10
20 -4 -13
20 -4 -14
20 -5 -4
20 -5 -5
20 -5 -8
20 -5 -9
20 -5 -22
20 -6 -8
20 -6 -15
20 -6 -18
20 -7 -3
20 -7 -16
20 -8 -11
20 -8 -15
20 -9 -1
20 -9 -5
20 -9 -6
20 -9 -11
20 -9 -13
20 -9 -15
20 -9 -17
20 -9 -21
20 -10 0
20 -10 -2
20 -10 -14
20 -10 -19
20 -10 -20
20 -11 -7
20 -12 -11
20 -12 -17
20 -13 -1
20 -13 -14
20 -13 -19
20 -14 0
20 -14 -8
20 -15 -7
20 -15 -12
20 -15 -20
20 -16 -3
20 -16 -7
20 -16 -14
20 -16 -15
20 -16 -17
20 -17 -1
20 -17 -9
20 -17 -13
20 -17 -18
20 -18 -20
20 -18 -22
20 -20 -2
20 -20 -8
20 -20 -13
20 -20 -21
20 -21 0
20 -21 -3
20 -21 -4
20 -21 -11
20 -21 -15
20 -21 -16
20 -22 0
20 -22 -4
20 -22 -6
21 0 -2
21 0 -7
21 0 -8
21 0 -9
21 0 -10
21 0 -14
21 0 -17
21 0 -22
21 -1 -1
21 -1 -2
21 -1 -11
21 -1 -13
21 -1 -18
21 -2 -8
21 -2 -10
21 -2 -20
21 -3 -2
21 -3 -4
21 -3 -5
21 -3 -7
21 -3 -10
21 -3 -12
21 -3 -17
21 -4 -3
21 -4 -8
21 -4 -9
21 -4 -10
21 -4 -13
21 -4 -14
21 -5 -4
21 -5 -5
21 -5 -8
21 -5 -9
21 -5 -22
21 -6 -8
21 -6 -15
21 -6 -18
21 -7 -3
21 -7 -16
21 -8 -11
21 -8 -15
21 -9 -1
21 -9 -5
21 -9 -6
21 -9 -11
21 -9 -13
21 -9 -15
21 -9 -17
21 -9 -21
21 -10 0
21 -10 -2
21 -10 -14
21 -10 -19
21 -10 -20
21 -11 -7
21 -12 -11
21 -12 -17
21 -13 -1
21 -13 -14
21 -13 -19
21 -14 0
21 -14 -8
21 -15 -7
21 -15 -12
21 -15 -20
21 -16 -3
21 -16 -7
21 -16 -14
21 -16 -15
21 -16 -17
21 -17 -1
21 -17 -9
21 -17 -13
21 -17 -18
21 -18 -20
21 -18 -22
21 -20 -2
21 -20 -8
21 -20 -13
21 -20 -21
21 -21 0
21 -21 -3
21 -21 -4
21 -21 -11
21 -21 -15
21 -21 -16
21 -22 0
21 -22 -4
21 -22 -6
22 0 -2
22 0 -7
22 0 -8
22 0 -9
22 0 -10
22 0 -14
22 0 -17
22 0 -22
22 -1 -1
22 -1 -2
22 -1 -11
22 -1 -13
22 -1 -18
22 -2 -8
22 -2 -10
22 -2 -20
22 -3 -2
22 -3 -4
22 -3 -5
22 -3 -7
22 -3 -10
22 -3 -12
22 -3 -17
22 -4 -3
22 -4 -8
22 -4 -9
22 -4 -10
22 -4 -13
22 -4 -14
22 -5 -4
22 -5 -5
22 -5 -8
22 -5 -9
22 -5 -22
22 -6 -8
22 -6 -15
22 -6 -18
22 -7 -3
22 -7 -16
22 -8 -11
22 -8 -15
22 -9 -1
22 -9 -5
22 -9 -6
22 -9 -11
22 -9 -13
22 -9 -15
22 -9 -17
22 -9 -21
22 -10 0
22 -10 -2
22 -10 -14
22 -10 -19
22 -10 -20
22 -11 -7
22 -12 -11
22 -12 -17
22 -13 -1
22 -13 -14
22 -13 -19
22 -14 0
22 -14 -8
22 -15 -7
22 -15 -12
22 -15 -20
22 -16 -3
22 -16 -7
22 -16 -14
22 -16 -15
22 -16 -17
22 -17 -1
22 -17 -9
22 -17 -13
22 -17 -18
22 -18 -20
22 -18 -22
22 -20 -2
22 -20 -8
22 -20 -13
22 -20 -21
22 -21 0
22 -21 -3
22 -21 -4
22 -21 -11
22 -21 -15
22 -21 -16
22 -22 0
22 -22 -4
22 -22 -6
23 0 -2
23 0 -7
23 0 -8
23 0 -9
23 0 -10
23 0 -14
23 0 -17
23 0 -22
23 -1 -1
23 -1 -2
23 -1 -11
23 -1 -13
23 -1 -18
23 -2 -8
23 -2 -10
23 -2 -20
23 -3 -2
23 -3 -4
23 -3 -5
23 -3 -7
23 -3 -10
23 -3 -12
23 -3 -17
23 -4 -3
23 -4 -8
23 -4 -9
23 -4 -10
23 -4 -13
23 -4 -14
23 -5 -4
23 -5 -5
23 -5 -8
23 -5 -9
23 -5 -22
23 -6 -8
23 -6 -15
23 -6 -18
23 -7 -3
23 -7 -16
23 -8 -11
23 -8 -15
23 -9 -1
23 -9 -5
23 -9 -6
23 -9 -11
23 -9 -13
23 -9 -15
23 -9 -17
23 -9 -21
23 -10 0
23 -10 -2
23 -10 -14
23 -10 -19
23 -10 -20
23 -11 -7
23 -12 -11
23 -12 -17
23 -13 -1
23 -13 -14
23 -13 -19
23 -14 0
23 -14 -8
23 -15 -7
23 -15 -12
23 -15 -20
23 -16 -3
23 -16 -7
23 -16 -14
23 -16 -15
23 -16 -17
23 -17 -1
23 -17 -9
23 -17 -13
23 -17 -18
23 -18 -20
23 -18 -22
23 -20 -2
23 -20 -8
23 -20 -13
23 -20 -21
23 -21 0
23 -21 -3
23 -21 -4
23 -21 -11
23 -21 -15
23 -21 -16
23 -22 0
23 -22 -4
23 -22 -6
24 0 -2
24 0 -7
24 0 -8
24 0 -9
24 0 -10
24 0 -14
24 0 -17
24 0 -22
24 -1 -1
24 -1 -2
24 -1 -11
24 -1 -13
24 -1 -18
24 -2 -8
24 -2 -10
24 -2 -20
24 -3 -2
24 -3 -4
24 -3 -5
24 -3 -7
24 -3 -10
24 -3 -12
24 -3 -17
24 -4 -3
24 -4 -8
24 -4 -9
24 -4 -10
24 -4 -13
24 -4 -14
24 -5 -4
24 -5 -5
24 -5 -8
24 -5 -9
24 -5 -22
24 -6 -8
24 -6 -15
24 -6 -18
24 -7 -3
24 -7 -16
24 -8 -11
24 -8 -15
24 -9 -1
24 -9 -5
24 -9 -6
24 -9 -11
24 -9 -13
24 -9 -15
24 -9 -17
24 -9 -21
24 -10 0
24 -10 -2
24 -10 -14
24 -10 -19
24 -10 -20
24 -11 -7
24 -12 -11
24 -12 -17
24 -13 -1
24 -13 -14
24 -13 -19
24 -14 0
24 -14 -8
24 -15 -7
24 -15 -12
24 -15 -20
24 -16 -3
24 -16 -7
24 -16 -14
24 -16 -15
24 -16 -17
24 -17 -1
24 -17 -9
24 -17 -13
24 -17 -18
24 -18 -20
24 -18 -22
24 -20 -2
24 -20 -8
24 -20 -13
24 -20 -21
24 -21 0
24 -21 -3
24 -21 -4
24 -21 -11
24 -21 -15
24 -21 -16
24 -22 0
24 -22 -4
24 -22 -6
25 0 -2
25 0 -7
25 0 -8
25 0 -9
25 0 -10
25 0 -14
25 0 -17
25 0 -22
25 -1 -1
25 -1 -2
25 -1 -11
25 -1 -13
25 -1 -18
25 -2 -8
25 -2 -10
25 -2 -20
25 -3 -2
25 -3 -4
25 -3 -5
25 -3 -7
25 -3 -10
25 -3 -12
25 -3 -17
25 -4 -3
25 -4 -8
25 -4 -9
25 -4 -10
25 -4 -13
25 -4 -14
25 -5 -4
25 -5 -5
25 -5 -8
25 -5 -9
25 -5 -22
25 -6 -8
25 -6 -15
25 -6 -18
25 -7 -3
25 -7 -16
25 -8 -11
25 -8 -15
25 -9 -1
25 -9 -5
25 -9 -6
25 -9 -11
25 -9 -13
25 -9 -15
25 -9 -17
25 -9 -21
25 -10 0
25 -10 -2
25 -10 -14
25 -10 -19
25 -10 -20
25 -11 -7
25 -12 -11
25 -12 -17
25 -13 -1
25 -13 -14
25 -13 -19
25 -14 0
25 -14 -8
25 -15 -7
25 -15 -12
25 -15 -20
25 -16 -3
25 -16 -7
25 -16 -14
25 -16 -15
25 -16 -17
25 -17 -1
25 -17 -9
25 -17 -13
25 -17 -18
25 -18 -20
25 -18 -22
25 -20 -2
25 -20 -8
25 -20 -13
25 -20 -21
25 -21 0
25 -21 -3
25 -21 -4
25 -21 -11
25 -21 -15
25 -21 -16
25 -22 0
25 -22 -4
25 -22 -6
26 0 -2
26 0 -7
26 0 -8
26 0 -9
26 0 -10
26 0 -14
26 0 -17
26 0 -22
26 -1 -1
26 -1 -2
26 -1 -11
26 -1 -13
26 -1 -18
26 -2 -8
26 -2 -10
26 -2 -20
26 -3 -2
26 -3 -4
26 -3 -5
26 -3 -7
26 -3 -10
26 -3 -12
26 -3 -17
26 -4 -3
26 -4 -8
26 -4 -9
26 -4 -10
26 -4 -13
26 -4 -14
26 -5 -4
26 -5 -5
26 -5 -8
26 -5 -9
26 -5 -22
26 -6 -8
26 -6 -15
26 -6 -18
26 -7 -3
26 -7 -16
26 -8 -11
26 -8 -15
26 -9 -1
26 -9 -5
26 -9 -6
26 -9 -11
26 -9 -13
26 -9 -15
26 -9 -17
26 -9 -21
26 -10 0
26 -10 -2
26 -10 -14
26 -10 -19
26 -10 -20
26 -11 -7
26 -12 -11
26 -12 -17
26 -13 -1
26 -13 -14
26 -13 -19
26 -14 0
26 -14 -8
26 -15 -7
26 -15 -12
26 -15 -20
26 -16 -3
26 -16 -7
26 -16 -14
26 -16 -15
26 -16 -17
26 -17 -1
26 -17 -9
26 -17 -13
26 -17 -18
26 -18 -20
26 -18 -22
26 -20 -2
26 -20 -8
26 -20 -13
26 -20 -21
26 -21 0
26 -21 -3
26 -21 -4
26 -21 -11
26 -21 -15
26 -21 -16
26 -22 0
26 -22 -4
26 -22 -6
27 0 -2
27 0 -7
27 0 -8
27 0 -9
27 0 -10
27 0 -14
27 0 -17
27 0 -22
27 -1 -1
27 -1 -2
27 -1 -11
27 -1 -13
27 -1 -18
27 -2 -8
27 -2 -10
27 -2 -20
27 -3 -2
27 -3 -4
27 -3 -5
27 -3 -7
27 -3 -10
27 -3 -12
27 -3 -17
27 -4 -3
27 -4 -8
27 -4 -9
27 -4 -10
27 -4 -13
27 -4 -14
27 -5 -4
27 -5 -5
27 -5 -8
27 -5 -9
27 -5 -22
27 -6 -8
27 -6 -15
27 -6 -18
27 -7 -3
27 -7 -16
27 -8 -11
27 -8 -15
27 -9 -1
27 -9 -5
27 -9 -6
27 -9 -11
27 -9 -13
27 -9 -15
27 -9 -17
27 -9 -21
27 -10 0
27 -10 -2
27 -10 -14
27 -10 -19
27 -10 -20
27 -11 -7
27 -12 -11
27 -12 -17
27 -13 -1
27 -13 -14
27 -13 -19
27 -14 0
27 -14 -8
27 -15 -7
27 -15 -12
27 -15 -20
27 -16 -3
27 -16 -7
27 -16 -14
27 -16 -15
27 -16 -17
27 -17 -1
27 -17 -9
27 -17 -13
27 -17 -18
27 -18 -20
27 -18 -22
27 -20 -2
27 -20 -8
27 -20 -13
27 -20 -21
27 -21 0
27 -21 -3
27 -21 -4
27 -21 -11
27 -21 -15
27 -21 -16
27 -22 0
27 -22 -4
27 -22 -6
28 0 -2
28 0 -7
28 0 -8
28 0 -9
28 0 -10
28 0 -14
28 0 -17
28 0 -22
28 -1 -1
28 -1 -2
28 -1 -11
28 -1 -13
28 -1 -18
28 -2 -8
28 -2 -10
28 -2 -20
28 -3 -2
28 -3 -4
28 -3 -5
28 -3 -7
28 -3 -10
28 -3 -12
28 -3 -17
28 -4 -3
28 -4 -8
28 -4 -9
28 -4 -10
28 -4 -13
28 -4 -14
28 -5 -4
28 -5 -5
28 -5 -8
28 -5 -9
28 -5 -22
28 -6 -8
28 -6 -15
28 -6 -18
28 -7 -3
28 -7 -16
28 -8 -11
28 -8 -15
28 -9 -1
28 -9 -5
28 -9 -6
28 -9 -11
28 -9 -13
28 -9 -15
28 -9 -17
28 -9 -21
28 -10 0
28 -10 -2
28 -10 -14
28 -10 -19
28 -10 -20
28 -11 -7
28 -12 -11
28 -12 -17
28 -13 -1
28 -13 -14
28 -13 -19
28 -14 0
28 -14 -8
28 -15 -7
28 -15 -12
28 -15 -20
28 -16 -3
28 -16 -7
28 -16 -14
28 -16 -15
28 -16 -17
28 -17 -1
28 -17 -9
28 -17 -13
28 -17 -18
28 -18 -20
28 -18 -22
28 -20 -2
28 -20 -8
28 -20 -13
28 -20 -21
28 -21 0
28 -21 -3
28 -21 -4
28 -21 -11
28 -21 -15
28 -21 -16
28 -22 0
28 -22 -4
28 -22 -6
29 0 -2
29 0 -7
29 0 -8
29 0 -9
29 0 -10
29 0 -14
29 0 -17
29 0 -22
29 -1 -1
29 -1 -2
29 -1 -11
29 -1 -13
29 -1 -18
29 -2 -8
29 -2 -10
29 -2 -20
29 -3 -2
29 -3 -4
29 -3 -5
29 -3 -7
29 -3 -10
29 -3 -12
29 -3 -17
29 -4 -3
29 -4 -8
29 -4 -9
29 -4 -10
29 -4 -13
29 -4 -14
29 -5 -4
29 -5 -5
29 -5 -8
29 -5 -9
29 -5 -22
29 -6 -8
29 -6 -15
29 -6 -18
29 -7 -3
29 -7 -16
29 -8 -11
29 -8 -15
29 -9 -1
29 -9 -5
29 -9 -6
29 -9 -11
29 -9 -13
29 -9 -15
29 -9 -17
29 -9 -21
29 -10 0
29 -10 -2
29 -10 -14
29 -10 -19
29 -10 -20
29 -11 -7
29 -12 -11
29 -12 -17
29 -13 -1
29 -13 -14
29 -13 -19
29 -14 0
29 -14 -8
29 -15 -7
29 -15 -12
29 -15 -20
29 -16 -3
29 -16 -7
29 -16 -14
29 -16 -15
29 -16 -17
29 -17 -1
29 -17 -9
29 -17 -13
29 -17 -18
29 -18 -20
29 -18 -22
29 -20 -2
29 -20 -8
29 -20 -13
29 -20 -21
29 -21 0
29 -21 -3
29 -21 -4
29 -21 -11
29 -21 -15
29 -21 -16
29 -22 0
29 -22 -4
29 -22 -6
30 0 -2
30 0 -7
30 0 -8
30 0 -9
30 0 -10
30 0 -14
30 0 -17
30 0 -22
30 -1 -1
30 -1 -2
30 -1 -11
30 -1 -13
30 -1 -18
30 -2 -8
30 -2 -10
30 -2 -20
30 -3 -2
30 -3 -4
30 -3 -5
30 -3 -7
30 -3 -10
30 -3 -12
30 -3 -17
30 -4 -3
30 -4 -8
30 -4 -9
30 -4 -10
30 -4 -13
30 -4 -14
30 -5 -4
30 -5 -5
30 -5 -8
30 -5 -9
30 -5 -22
30 -6 -8
30 -6 -15
30 -6 -18
30 -7 -3
30 -7 -16
30 -8 -11
30 -8 -15
30 -9 -1
30 -9 -5
30 -9 -6
30 -9 -11
30 -9 -13
30 -9 -15
30 -9 -17
30 -9 -21
30 -10 0
30 -10 -2
30 -10 -14
30 -10 -19
30 -10 -20
30 -11 -7
30 -12 -11
30 -12 -17
30 -13 -1
30 -13 -14
30 -13 -19
30 -14 0
30 -14 -8
30 -15 -7
30 -15 -12
30 -15 -20
30 -16 -3
30 -16 -7
30 -16 -14
30 -16 -15
30 -16 -17
30 -17 -1
30 -17 -9
30 -17 -13
30 -17 -18
30 -18 -20
30 -18 -22
30 -20 -2
30 -20 -8
30 -20 -13
30 -20 -21
30 -21 0
30 -21 -3
30 -21 -4
30 -21 -11
30 -21 -15
30 -21 -16
30 -22 0
30 -22 -4
30 -22 -6
31 0 -2
31 0 -7
31 0 -8
31 0 -9
31 0 -10
31 0 -14
31 0 -17
31 0 -22
31 -1 -1
31 -1 -2
31 -1 -11
31 -1 -13
31 -1 -18
31 -2 -8
31 -2 -10
31 -2 -20
31 -3 -2
31 -3 -4
31 -3 -5
31 -3 -7
31 -3 -10
31 -3 -12
31 -3 -17
31 -4 -3
31 -4 -8
31 -4 -9
31 -4 -10
31 -4 -13
31 -4 -14
31 -5 -4
31 -5 -5
31 -5 -8
31 -5 -9
31 -5 -22
31 -6 -8
31 -6 -15
31 -6 -18
31 -7 -3
31 -7 -16
31 -8 -11
31 -8 -15
31 -9 -1
31 -9 -5
31 -9 -6
31 -9 -11
31 -9 -13
31 -9 -15
31 -9 -17
31 -9 -21
31 -10 0
31 -10 -2
31 -10 -14
31 -10 -19
31 -10 -20
31 -11 -7
31 -12 -11
31 -12 -17
31 -13 -1
31 -13 -14
31 -13 -19
31 -14 0
31 -14 -8
31 -15 -7
31 -15 -12
31 -15 -20
31 -16 -3
31 -16 -7
31 -16 -14
31 -16 -15
31 -16 -17
31 -17 -1
31 -17 -9
31 -17 -13
31 -17 -18
31 -18 -20
31 -18 -22
31 -20 -2
31 -20 -8
31 -20 -13
31 -20 -21
31 -21 0
31 -21 -3
31 -21 -4
31 -21 -11
31 -21 -15
31 -21 -16
31 -22 0
31 -22 -4
31 -22 -6
32 0 -2
32 0 -7
32 0 -8
32 0 -9
32 0 -10
32 0 -14
32 0 -17
32 0 -22
32 -1 -1
32 -1 -2
32 -1 -11
32 -1 -13
32 -1 -18
32 -2 -8
32 -2 -10
32 -2 -20
32 -3 -2
32 -3 -4
32 -3 -5
32 -3 -7
32 -3 -10
32 -3 -12
32 -3 -17
32 -4 -3
32 -4 -8
32 -4 -9
32 -4 -10
32 -4 -13
32 -4 -14
32 -5 -4
32 -5 -5
32 -5 -8
32 -5 -9
32 -5 -22
32 -6 -8
32 -6 -15
32 -6 -18
32 -7 -3
32 -7 -16
32 -8 -11
32 -8 -15
32 -9 -1
32 -9 -5
32 -9 -6
32 -9 -11
32 -9 -13
32 -9 -15
32 -9 -17
32 -9 -21
32 -10 0
32 -10 -2
32 -10 -14
32 -10 -19
32 -10 -20
32 -11 -7
32 -12 -11
32 -12 -17
32 -13 -1
32 -13 -14
32 -13 -19
32 -14 0
32 -14 -8
32 -15 -7
32 -15 -12
32 -15 -20
32 -16 -3
32 -16 -7
32 -16 -14
32 -16 -15
32 -16 -17
32 -17 -1
32 -17 -9
32 -17 -13
32 -17 -18
32 -18 -20
32 -18 -22
32 -20 -2
32 -20 -8
32 -20 -13
32 -20 -21
32 -21 0
32 -21 -3
32 -21 -4
32 -21 -11
32 -21 -15
32 -21 -16
32 -22 0
32 -22 -4
32 -22 -6
33 0 -2
33 0 -7
33 0 -8
33 0 -9
33 0 -10
33 0 -14
33 0 -17
33 0 -22
33 -1 -1
33 -1 -2
33 -1 -11
33 -1 -13
33 -1 -18
33 -2 -8
33 -2 -10
33 -2 -20
33 -3 -2
33 -3 -4
33 -3 -5
33 -3 -7
33 -3 -10
33 -3 -12
33 -3 -17
33 -4 -3
33 -4 -8
33 -4 -9
33 -4 -10
33 -4 -13
33 -4 -14
33 -5 -4
33 -5 -5
33 -5 -8
33 -5 -9
33 -5 -22
33 -6 -8
33 -6 -15
33 -6 -18
33 -7 -3
33 -7 -16
33 -8 -11
33 -8 -15
33 -9 -1
33 -9 -5
33 -9 -6
33 -9 -11
33 -9 -13
33 -9 -15
33 -9 -17
33 -9 -21
33 -10 0
33 -10 -2
33 -10 -14
33 -10 -19
33 -10 -20
33 -11 -7
33 -12 -11
33 -12 -17
33 -13 -1
33 -13 -14
33 -13 -19
33 -14 0
33 -14 -8
33 -15 -7
33 -15 -12
33 -15 -20
33 -16 -3
33 -16 -7
33 -16 -14
33 -16 -15
33 -16 -17
33 -17 -1
33 -17 -9
33 -17 -13
33 -17 -18
33 -18 -20
33 -18 -22
33 -20 -2
33 -20 -8
33 -20 -13
33 -20 -21
33 -21 0
33 -21 -3
33 -21 -4
33 -21 -11
33 -21 -15
33 -21 -16
33 -22 0
33 -22 -4
33 -22 -6
34 0 -2
34 0 -7
34 0 -8
34 0 -9
34 0 -10
34 0 -14
34 0 -17
34 0 -22
34 -1 -1
34 -1 -2
34 -1 -11
34 -1 -13
34 -1 -18
34 -2 -8
34 -2 -10
34 -2 -20
34 -3 -2
34 -3 -4
34 -3 -5
34 -3 -7
34 -3 -10
34 -3 -12
34 -3 -17
34 -4 -3
34 -4 -8
34 -4 -9
34 -4 -10
34 -4 -13
34 -4 -14
34 -5 -4
34 -5 -5
34 -5 -8
34 -5 -9
34 -5 -22
34 -6 -8
34 -6 -15
34 -6 -18
34 -7 -3
34 -7 -16
34 -8 -11
34 -8 -15
34 -9 -1
34 -9 -5
34 -9 -6
34 -9 -11
34 -9 -13
34 -9 -15
34 -9 -17
34 -9 -21
34 -10 0
34 -10 -2
34 -10 -14
34 -10 -19
34 -10 -20
34 -11 -7
34 -12 -11
34 -12 -17
34 -13 -1
34 -13 -14
34 -13 -19
34 -14 0
34 -14 -8
34 -15 -7
34 -15 -12
34 -15 -20
34 -16 -3
34 -16 -7
34 -16 -14
34 -16 -15
34 -16 -17
34 -17 -1
34 -17 -9
34 -17 -13
34 -17 -18
34 -18 -20
34 -18 -22
34 -20 -2
34 -20 -8
34 -20 -13
34 -20 -21
34 -21 0
34 -21 -3
34 -21 -4
34 -21 -11
34 -21 -15
34 -21 -16
34 -22 0
34 -22 -4
34 -22 -6
35 0 -2
35 0 -7
35 0 -8
35 0 -9
35 0 -10
35 0 -14
35 0 -17
35 0 -22
35 -1 -1
35 -1 -2
35 -1 -11
35 -1 -13
35 -1 -18
35 -2 -8
35 -2 -10
35 -2 -20
35 -3 -2
35 -3 -4
35 -3 -5
35 -3 -7
35 -3 -10
35 -3 -12
35 -3 -17
35 -4 -3
35 -4 -8
35 -4 -9
35 -4 -10
35 -4 -13
35 -4 -14
35 -5 -4
35 -5 -5
35 -5 -8
35 -5 -9
35 -5 -22
35 -6 -8
35 -6 -15
35 -6 -18
35 -7 -3
35 -7 -16
35 -8 -11
35 -8 -15
35 -9 -1
35 -9 -5
35 -9 -6
35 -9 -11
35 -9 -13
35 -9 -15
35 -9 -17
35 -9 -21
35 -10 0
35 -10 -2
35 -10 -14
35 -10 -19
35 -10 -20
35 -11 -7
35 -12 -11
35 -12 -17
35 -13 -1
35 -13 -14
35 -13 -19
35 -14 0
35 -14 -8
35 -15 -7
35 -15 -12
35 -15 -20
35 -16 -3
35 -16 -7
35 -16 -14
35 -16 -15
35 -16 -17
35 -17 -1
35 -17 -9
35 -17 -13
35 -17 -18
35 -18 -20
35 -18 -22
35 -20 -2
35 -20 -8
35 -20 -13
35 -20 -21
35 -21 0
35 -21 -3
35 -21 -4
35 -21 -11
35 -21 -15
35 -21 -16
35 -22 0
35 -22 -4
35 -22 -6
36 0 -2
36 0 -7
36 0 -8
36 0 -9
36 0 -10
36 0 -14
36 0 -17
36 0 -22
36 -1 -1
36 -1 -2
36 -1 -11
36 -1 -13
36 -1 -18
36 -2 -8
36 -2 -10
36 -2 -20
36 -3 -2
36 -3 -4
36 -3 -5
36 -3 -7
36 -3 -10
36 -3 -12
36 -3 -17
36 -4 -3
36 -4 -8
36 -4 -9
36 -4 -10
36 -4 -13
36 -4 -14
36 -5 -4
36 -5 -5
36 -5 -8
36 -5 -9
36 -5 -22
36 -6 -8
36 -6 -15
36 -6 -18
36 -7 -3
36 -7 -16
36 -8 -11
36 -8 -15
36 -9 -1
36 -9 -5
36 -9 -6
36 -9 -11
36 -9 -13
36 -9 -15
36 -9 -17
36 -9 -21
36 -10 0
36 -10 -2
36 -10 -14
36 -10 -19
36 -10 -20
36 -11 -7
36 -12 -11
36 -12 -17
36 -13 -1
36 -13 -14
36 -13 -19
36 -14 0
36 -14 -8
36 -15 -7
36 -15 -12
36 -15 -20
36 -16 -3
36 -16 -7
36 -16 -14
36 -16 -15
36 -16 -17
36 -17 -1
36 -17 -9
36 -17 -13
36 -17 -18
36 -18 -20
36 -18 -22
36 -20 -2
36 -20 -8
36 -20 -13
36 -20 -21
36 -21 0
36 -21 -3
36 -21 -4
36 -21 -11
36 -21 -15
36 -21 -16
36 -22 0
36 -22 -4
36 -22 -6
37 0 -2
37 0 -7
37 0 -8
37 0 -9
37 0 -10
37 0 -14
37 0 -17
37 0 -22
37 -1 -1
37 -1 -2
37 -1 -11
37 -1 -13
37 -1 -18
37 -2 -8
37 -2 -10
37 -2 -20
37 -3 -2
37 -3 -4
37 -3 -5
37 -3 -7
37 -3 -10
37 -3 -12
37 -3 -17
37 -4 -3
37 -4 -8
37 -4 -9
37 -4 -10
37 -4 -13
37 -4 -14
37 -5 -4
37 -5 -5
37 -5 -8
37 -5 -9
37 -5 -22
37 -6 -8
37 -6 -15
37 -6 -18
37 -7 -3
37 -7 -16
37 -8 -11
37 -8 -15
37 -9 -1
37 -9 -5
37 -9 -6
37 -9 -11
37 -9 -13
37 -9 -15
37 -9 -17
37 -9 -21
37 -10 0
37 -10 -2
37 -10 -14
37 -10 -19
37 -10 -20
37 -11 -7
37 -12 -11
37 -12 -17
37 -13 -1
37 -13 -14
37 -13 -19
37 -14 0
37 -14 -8
37 -15 -7
37 -15 -12
37 -15 -20
37 -16 -3
37 -16 -7
37 -16 -14
37 -16 -15
37 -16 -17
37 -17 -1
37 -17 -9
37 -17 -13
37 -17 -18
37 -18 -20
37 -18 -22
37 -20 -2
37 -20 -8
37 -20 -13
37 -20 -21
37 -21 0
37 -21 -3
37 -21 -4
37 -21 -11
37 -21 -15
37 -21 -16
37 -22 0
37 -22 -4
37 -22 -6
38 0 -2
38 0 -7
38 0 -8
38 0 -9
38 0 -10
38 0 -14
38 0 -17
38 0 -22
38 -1 -1
38 -1 -2
38 -1 -11
38 -1 -13
38 -1 -18
38 -2 -8
38 -2 -10
38 -2 -20
38 -3 -2
38 -3 -4
38 -3 -5
38 -3 -7
38 -3 -10
38 -3 -12
38 -3 -17
38 -4 -3
38 -4 -8
38 -4 -9
38 -4 -10
38 -4 -13
38 -4 -14
38 -5 -4
38 -5 -5
38 -5 -8
38 -5 -9
38 -5 -22
38 -6 -8
38 -6 -15
38 -6 -18
38 -7 -3
38 -7 -16
38 -8 -11
38 -8 -15
38 -9 -1
38 -9 -5
38 -9 -6
38 -9 -11
38 -9 -13
38 -9 -15
38 -9 -17
38 -9 -21
38 -10 0
38 -10 -2
38 -10 -14
38 -10 -19
38 -10 -20
38 -11 -7
38 -12 -11
38 -12 -17
38 -13 -1
38 -13 -14
38 -13 -19
38 -14 0
38 -14 -8
38 -15 -7
38 -15 -12
38 -15 -20
38 -16 -3
38 -16 -7
38 -16 -14
38 -16 -15
38 -16 -17
38 -17 -1
38 -17 -9
38 -17 -13
38 -17 -18
38 -18 -20
38 -18 -22
38 -20 -2
38 -20 -8
38 -20 -13
38 -20 -21
38 -21 0
38 -21 -3
38 -21 -4
38 -21 -11
38 -21 -15
38 -21 -16
38 -22 0
38 -22 -4
38 -22 -6
39 0 -2
39 0 -7
39 0 -8
39 0 -9
39 0 -10
39 0 -14
39 0 -17
39 0 -22
39 -1 -1
39 -1 -2
39 -1 -11
39 -1 -13
39 -1 -18
39 -2 -8
39 -2 -10
39 -2 -20
39 -3 -2
39 -3 -4
39 -3 -5
39 -3 -7
39 -3 -10
39 -3 -12
39 -3 -17
39 -4 -3
39 -4 -8
39 -4 -9
39 -4 -10
39 -4 -13
39 -4 -14
39 -5 -4
39 -5 -5
39 -5 -8
39 -5 -9
39 -5 -22
39 -6 -8
39 -6 -15
39 -6 -18
39 -7 -3
39 -7 -16
39 -8 -11
39 -8 -15
39 -9 -1
39 -9 -5
39 -9 -6
39 -9 -11
39 -9 -13
39 -9 -15
39 -9 -17
39 -9 -21
39 -10 0
39 -10 -2
39 -10 -14
39 -10 -19
39 -10 -20
39 -11 -7
39 -12 -11
39 -12 -17
39 -13 -1
39 -13 -14
39 -13 -19
39 -14 0
39 -14 -8
39 -15 -7
39 -15 -12
39 -15 -20
39 -16 -3
39 -16 -7
39 -16 -14
39 -16 -15
39 -16 -17
39 -17 -1
39 -17 -9
39 -17 -13
39 -17 -18
39 -18 -20
39 -18 -22
39 -20 -2
39 -20 -8
39 -20 -13
39 -20 -21
39 -21 0
39 -21 -3
39 -21 -4
39 -21 -11
39 -21 -15
39 -21 -16
39 -22 0
39 -22 -4
39 -22 -6
40 0 -2
40 0 -7
40 0 -8
40 0 -9
40 0 -10
40 0 -14
40 0 -17
40 0 -22
40 -1 -1
40 -1 -2
40 -1 -11
40 -1 -13
40 -1 -18
40 -2 -8
40 -2 -10
40 -2 -20
40 -3 -2
40 -3 -4
40 -3 -5
40 -3 -7
40 -3 -10
40 -3 -12
40 -3 -17
40 -4 -3
40 -4 -8
40 -4 -9
40 -4 -10
40 -4 -13
40 -4 -14
40 -5 -4
40 -5 -5
40 -5 -8
40 -5 -9
40 -5 -22
40 -6 -8
40 -6 -15
40 -6 -18
40 -7 -3
40 -7 -16
40 -8 -11
40 -8 -15
40 -9 -1
40 -9 -5
40 -9 -6
40 -9 -11
40 -9 -13
40 -9 -15
40 -9 -17
40 -9 -21
40 -10 0
40 -10 -2
40 -10 -14
40 -10 -19
40 -10 -20
40 -11 -7
40 -12 -11
40 -12 -17
40 -13 -1
40 -13 -14
40 -13 -19
40 -14 0
40 -14 -8
40 -15 -7
40 -15 -12
40 -15 -20
40 -16 -3
40 -16 -7
40 -16 -14
40 -16 -15
40 -16 -17
40 -17 -1
40 -17 -9
40 -17 -13
40 -17 -18
40 -18 -20
40 -18 -22
40 -20 -2
40 -20 -8
40 -20 -13
40 -20 -21
40 -21 0
40 -21 -3
40 -21 -4
40 -21 -11
40 -21 -15
40 -21 -16
40 -22 0
40 -22 -4
40 -22 -6
41 0 -2
41 0 -7
41 0 -8
41 0 -9
41 0 -10
41 0 -14
41 0 -17
41 0 -22
41 -1 -1
41 -1 -2
41 -1 -11
41 -1 -13
41 -1 -18
41 -2 -8
41 -2 -10
41 -2 -20
41 -3 -2
41 -3 -4
41 -3 -5
41 -3 -7
41 -3 -10
41 -3 -12
41 -3 -17
41 -4 -3
41 -4 -8
41 -4 -9
41 -4 -10
41 -4 -13
41 -4 -14
41 -5 -4
41 -5 -5
41 -5 -8
41 -5 -9
41 -5 -22
41 -6 -8
41 -6 -15
41 -6 -18
41 -7 -3
41 -7 -16
41 -8 -11
41 -8 -15
41 -9 -1
41 -9 -5
41 -9 -6
41 -9 -11
41 -9 -13
41 -9 -15
41 -9 -17
41 -9 -21
41 -10 0
41 -10 -2
41 -10 -14
41 -10 -19
41 -10 -20
41 -11 -7
41 -12 -11
41 -12 -17
41 -13 -1
41 -13 -14
41 -13 -19
41 -14 0
41 -14 -8
41 -15 -7
41 -15 -12
41 -15 -20
41 -16 -3
41 -16 -7
41 -16 -14
41 -16 -15
41 -16 -17
41 -17 -1
41 -17 -9
41 -17 -13
41 -17 -18
41 -18 -20
41 -18 -22
41 -20 -2
41 -20 -8
41 -20 -13
41 -20 -21
41 -21 0
41 -21 -3
41 -21 -4
41 -21 -11
41 -21 -15
41 -21 -16
41 -22 0
41 -22 -4
41 -22 -6
42 0 -2
42 0 -7
42 0 -8
42 0 -9
42 0 -10
42 0 -14
42 0 -17
42 0 -22
42 -1 -1
42 -1 -2
42 -1 -11
42 -1 -13
42 -1 -18
42 -2 -8
42 -2 -10
42 -2 -20
42 -3 -2
42 -3 -4
42 -3 -5
42 -3 -7
42 -3 -10
42 -3 -12
42 -3 -17
42 -4 -3
42 -4 -8
42 -4 -9
42 -4 -10
42 -4 -13
42 -4 -14
42 -5 -4
42 -5 -5
42 -5 -8
42 -5 -9
42 -5 -22
42 -6 -8
42 -6 -15
42 -6 -18
42 -7 -3
42 -7 -16
42 -8 -11
42 -8 -15
42 -9 -1
42 -9 -5
42 -9 -6
42 -9 -11
42 -9 -13
42 -9 -15
42 -9 -17
42 -9 -21
42 -10 0
42 -10 -2
42 -10 -14
42 -10 -19
42 -10 -20
42 -11 -7
42 -12 -11
42 -12 -17
42 -13 -1
42 -13 -14
42 -13 -19
42 -14 0
42 -14 -8
42 -15 -7
42 -15 -12
42 -15 -20
42 -16 -3
42 -16 -7
42 -16 -14
42 -16 -15
42 -16 -17
42 -17 -1
42 -17 -9
42 -17 -13
42 -17 -18
42 -18 -20
42 -18 -22
42 -20 -2
42 -20 -8
42 -20 -13
42 -20 -21
42 -21 0
42 -21 -3
42 -21 -4
42 -21 -11
42 -21 -15
42 -21 -16
42 -22 0
42 -22 -4
42 -22 -6
43 0 -2
43 0 -7
43 0 -8
43 0 -9
43 0 -10
43 0 -14
43 0 -17
43 0 -22
43 -1 -1
43 -1 -2
43 -1 -11
43 -1 -13
43 -1 -18
43 -2 -8
43 -2 -10
43 -2 -20
43 -3 -2
43 -3 -4
43 -3 -5
43 -3 -7
43 -3 -10
43 -3 -12
43 -3 -17
43 -4 -3
43 -4 -8
43 -4 -9
43 -4 -10
43 -4 -13
43 -4 -14
43 -5 -4
43 -5 -5
43 -5 -8
43 -5 -9
43 -5 -22
43 -6 -8
43 -6 -15
43 -6 -18
43 -7 -3
43 -7 -16
43 -8 -11
43 -8 -15
43 -9 -1
43 -9 -5
43 -9 -6
43 -9 -11
43 -9 -13
43 -9 -15
43 -9 -17
43 -9 -21
43 -10 0
43 -10 -2
43 -10 -14
43 -10 -19
43 -10 -20
43 -11 -7
43 -12 -11
43 -12 -17
43 -13 -1
43 -13 -14
43 -13 -19
43 -14 0
43 -14 -8
43 -15 -7
43 -15 -12
43 -15 -20
43 -16 -3
43 -16 -7
43 -16 -14
43 -16 -15
43 -16 -17
43 -17 -1
43 -17 -9
43 -17 -13
43 -17 -18
43 -18 -20
43 -18 -22
43 -20 -2
43 -20 -8
43 -20 -13
43 -20 -21
43 -21 0
43 -21 -3
43 -21 -4
43 -21 -11
43 -21 -15
43 -21 -16
43 -22 0
43 -22 -4
43 -22 -6
44 0 -2
44 0 -7
44 0 -8
44 0 -9
44 0 -10
44 0 -14
44 0 -17
44 0 -22
44 -1 -1
44 -1 -2
44 -1 -11
44 -1 -13
44 -1 -18
44 -2 -8
44 -2 -10
44 -2 -20
44 -3 -2
44 -3 -4
44 -3 -5
44 -3 -7
44 -3 -10
44 -3 -12
44 -3 -17
44 -4 -3
44 -4 -8
44 -4 -9
44 -4 -10
44 -4 -13
44 -4 -14
44 -5 -4
44 -5 -5
44 -5 -8
44 -5 -9
44 -5 -22
44 -6 -8
44 -6 -15
44 -6 -18
44 -7 -3
44 -7 -16
44 -8 -11
44 -8 -15
44 -9 -1
44 -9 -5
44 -9 -6
44 -9 -11
44 -9 -13
44 -9 -15
44 -9 -17
44 -9 -21
44 -10 0
44 -10 -2
44 -10 -14
44 -10 -19
44 -10 -20
44 -11 -7
44 -12 -11
44 -12 -17
44 -13 -1
44 -13 -14
44 -13 -19
44 -14 0
44 -14 -8
44 -15 -7
44 -15 -12
44 -15 -20
44 -16 -3
44 -16 -7
44 -16 -14
44 -16 -15
44 -16 -17
44 -17 -1
44 -17 -9
44 -17 -13
44 -17 -18
44 -18 -20
44 -18 -22
44 -20 -2
44 -20 -8
44 -20 -13
44 -20 -21
44 -21 0
44 -21 -3
44 -21 -4
44 -21 -11
44 -21 -15
44 -21 -16
44 -22 0
44 -22 -4
44 -22 -6
45 0 -2
45 0 -7
45 0 -8
45 0 -9
45 0 -10
45 0 -14
45 0 -17
45 0 -22
45 -1 -1
45 -1 -2
45 -1 -11
45 -1 -13
45 -1 -18
45 -2 -8
45 -2 -10
45 -2 -20
45 -3 -2
45 -3 -4
45 -3 -5
45 -3 -7
45 -3 -10
45 -3 -12
45 -3 -17
45 -4 -3
45 -4 -8
45 -4 -9
45 -4 -10
45 -4 -13
45 -4 -14
45 -5 -4
45 -5 -5
45 -5 -8
45 -5 -9
45 -5 -22
45 -6 -8
45 -6 -15
45 -6 -18
45 -7 -3
45 -7 -16
45 -8 -11
45 -8 -15
45 -9 -1
45 -9 -5
45 -9 -6
45 -9 -11
45 -9 -13
45 -9 -15
45 -9 -17
45 -9 -21
45 -10 0
45 -10 -2
45 -10 -14
45 -10 -19
45 -10 -20
45 -11 -7
45 -12 -11
45 -12 -17
45 -13 -1
45 -13 -14
45 -13 -19
45 -14 0
45 -14 -8
45 -15 -7
45 -15 -12
45 -15 -20
45 -16 -3
45 -16 -7
45 -16 -14
45 -16 -15
45 -16 -17
45 -17 -1
45 -17 -9
45 -17 -13
45 -17 -18
45 -18 -20
45 -18 -22
45 -20 -2
45 -20 -8
45 -20 -13
45 -20 -21
45 -21 0
45 -21 -3
45 -21 -4
45 -21 -11
45 -21 -15
45 -21 -16
45 -22 0
45 -22 -4
45 -22 -6
46 0 -2
46 0 -7
46 0 -8
46 0 -9
46 0 -10
46 0 -14
46 0 -17
46 0 -22
46 -1 -1
46 -1 -2
46 -1 -11
46 -1 -13
46 -1 -18
46 -2 -8
46 -2 -10
46 -2 -20
46 -3 -2
46 -3 -4
46 -3 -5
46 -3 -7
46 -3 -10
46 -3 -12
46 -3 -17
46 -4 -3
46 -4 -8
46 -4 -9
46 -4 -10
46 -4 -13
46 -4 -14
46 -5 -4
46 -5 -5
46 -5 -8
46 -5 -9
46 -5 -22
46 -6 -8
46 -6 -15
46 -6 -18
46 -7 -3
46 -7 -16
46 -8 -11
46 -8 -15
46 -9 -1
46 -9 -5
46 -9 -6
46 -9 -11
46 -9 -13
46 -9 -15
46 -9 -17
46 -9 -21
46 -10 0
46 -10 -2
46 -10 -14
46 -10 -19
46 -10 -20
46 -11 -7
46 -12 -11
46 -12 -17
46 -13 -1
46 -13 -14
46 -13 -19
46 -14 0
46 -14 -8
46 -15 -7
46 -15 -12
46 -15 -20
46 -16 -3
46 -16 -7
46 -16 -14
46 -16 -15
46 -16 -17
46 -17 -1
46 -17 -9
46 -17 -13
46 -17 -18
46 -18 -20
46 -18 -22
46 -20 -2
46 -20 -8
46 -20 -13
46 -20 -21
46 -21 0
46 -21 -3
46 -21 -4
46 -21 -11
46 -21 -15
46 -21 -16
46 -22 0
46 -22 -4
46 -22 -6
47 0 -2
47 0 -7
47 0 -8
47 0 -9
47 0 -10
47 0 -14
47 0 -17
47 0 -22
47 -1 -1
47 -1 -2
47 -1 -11
47 -1 -13
47 -1 -18
47 -2 -8
47 -2 -10
47 -2 -20
47 -3 -2
47 -3 -4
47 -3 -5
47 -3 -7
47 -3 -10
47 -3 -12
47 -3 -17
47 -4 -3
47 -4 -8
47 -4 -9
47 -4 -10
47 -4 -13
47 -4 -14
47 -5 -4
47 -5 -5
47 -5 -8
47 -5 -9
47 -5 -22
47 -6 -8
47 -6 -15
47 -6 -18
47 -7 -3
47 -7 -16
47 -8 -11
47 -8 -15
47 -9 -1
47 -9 -5
47 -9 -6
47 -9 -11
47 -9 -13
47 -9 -15
47 -9 -17
47 -9 -21
47 -10 0
47 -10 -2
47 -10 -14
47 -10 -19
47 -10 -20
47 -11 -7
47 -12 -11
47 -12 -17
47 -13 -1
47 -13 -14
47 -13 -19
47 -14 0
47 -14 -8
47 -15 -7
47 -15 -12
47 -15 -20
47 -16 -3
47 -16 -7
47 -16 -14
47 -16 -15
47 -16 -17
47 -17 -1
47 -17 -9
47 -17 -13
47 -17 -18
47 -18 -20
47 -18 -22
47 -20 -2
47 -20 -8
47 -20 -13
47 -20 -21
47 -21 0
47 -21 -3
47 -21 -4
47 -21 -11
47 -21 -15
47 -21 -16
47 -22 0
47 -22 -4
47 -22 -6
48 0 -2
48 0 -7
48 0 -8
48 0 -9
48 0 -10
48 0 -14
48 0 -17
48 0 -22
48 -1 -1
48 -1 -2
48 -1 -11
48 -1 -13
48 -1 -18
48 -2 -8
48 -2 -10
48 -2 -20
48 -3 -2
48 -3 -4
48 -3 -5
48 -3 -7
48 -3 -10
48 -3 -12
48 -3 -17
48 -4 -3
48 -4 -8
48 -4 -9
48 -4 -10
48 -4 -13
48 -4 -14
48 -5 -4
48 -5 -5
48 -5 -8
48 -5 -9
48 -5 -22
48 -6 -8
48 -6 -15
48 -6 -18
48 -7 -3
48 -7 -16
48 -8 -11
48 -8 -15
48 -9 -1
48 -9 -5
48 -9 -6
48 -9 -11
48 -9 -13
48 -9 -15
48 -9 -17
48 -9 -21
48 -10 0
48 -10 -2
48 -10 -14
48 -10 -19
48 -10 -20
48 -11 -7
48 -12 -11
48 -12 -17
48 -13 -1
48 -13 -14
48 -13 -19
48 -14 0
48 -14 -8
48 -15 -7
48 -15 -12
48 -15 -20
48 -16 -3
48 -16 -7
48 -16 -14
48 -16 -15
48 -16 -17
48 -17 -1
48 -17 -9
48 -17 -13
48 -17 -18
48 -18 -20
48 -18 -22
48 -20 -2
48 -20 -8
48 -20 -13
48 -20 -21
48 -21 0
48 -21 -3
48 -21 -4
48 -21 -11
48 -21 -15
48 -21 -16
48 -22 0
48 -22 -4
48 -22 -6
49 0 -2
49 0 -7
49 0 -8
49 0 -9
49 0 -10
49 0 -14
49 0 -17
49 0 -22
49 -1 -1
49 -1 -2
49 -1 -11
49 -1 -13
49 -1 -18
49 -2 -8
49 -2 -10
49 -2 -20
49 -3 -2
49 -3 -4
49 -3 -5
49 -3 -7
49 -3 -10
49 -3 -12
49 -3 -17
49 -4 -3
49 -4 -8
49 -4 -9
49 -4 -10
49 -4 -13
49 -4 -14
49 -5 -4
49 -5 -5
49 -5 -8
49 -5 -9
49 -5 -22
49 -6 -8
49 -6 -15
49 -6 -18
49 -7 -3
49 -7 -16
49 -8 -11
49 -8 -15
49 -9 -1
49 -9 -5
49 -9 -6
49 -9 -11
49 -9 -13
49 -9 -15
49 -9 -17
49 -9 -21
49 -10 0
49 -10 -2
49 -10 -14
49 -10 -19
49 -10 -20
49 -11 -7
49 -12 -11
49 -12 -17
49 -13 -1
49 -13 -14
49 -13 -19
49 -14 0
49 -14 -8
49 -15 -7
49 -15 -12
49 -15 -20
49 -16 -3
49 -16 -7
49 -16 -14
49 -16 -15
49 -16 -17
49 -17 -1
49 -17 -9
49 -17 -13
49 -17 -18
49 -18 -20
49 -18 -22
49 -20 -2
49 -20 -8
49 -20 -13
49 -20 -21
49 -21 0
49 -21 -3
49 -21 -4
49 -21 -11
49 -21 -15
49 -21 -16
49 -22 0
49 -22 -4
49 -22 -6
50 0 -2
50 0 -7
50 0 -8
50 0 -9
50 0 -10
50 0 -14
50 0 -17
50 0 -22
50 -1 -1
50 -1 -2
50 -1 -11
50 -1 -13
50 -1 -18
50 -2 -8
50 -2 -10
50 -2 -20
50 -3 -2
50 -3 -4
50 -3 -5
50 -3 -7
50 -3 -10
50 -3 -12
50 -3 -17
50 -4 -3
50 -4 -8
50 -4 -9
50 -4 -10
50 -4 -13
50 -4 -14
50 -5 -4
50 -5 -5
50 -5 -8
50 -5 -9
50 -5 -22
50 -6 -8
50 -6 -15
50 -6 -18
50 -7 -3
50 -7 -16
50 -8 -11
50 -8 -15
50 -9 -1
50 -9 -5
50 -9 -6
50 -9 -11
50 -9 -13
50 -9 -15
50 -9 -17
50 -9 -21
50 -10 0
50 -10 -2
50 -10 -14
50 -10 -19
50 -10 -20
50 -11 -7
50 -12 -11
50 -12 -17
50 -13 -1
50 -13 -14
50 -13 -19
50 -14 0
50 -14 -8
50 -15 -7
50 -15 -12
50 -15 -20
50 -16 -3
50 -16 -7
50 -16 -14
50 -16 -15
50 -16 -17
50 -17 -1
50 -17 -9
50 -17 -13
50 -17 -18
50 -18 -20
50 -18 -22
50 -20 -2
50 -20 -8
50 -20 -13
50 -20 -21
50 -21 0
50 -21 -3
50 -21 -4
50 -21 -11
50 -21 -15
50 -21 -16
50 -22 0
50 -22 -4
50 -22 -6
51 0 -2
51 0 -7
51 0 -8
51 0 -9
51 0 -10
51 0 -14
51 0 -17
51 0 -22
51 -1 -1
51 -1 -2
51 -1 -11
51 -1 -13
51 -1 -18
51 -2 -8
51 -2 -10
51 -2 -20
51 -3 -2
51 -3 -4
51 -3 -5
51 -3 -7
51 -3 -10
51 -3 -12
51 -3 -17
51 -4 -3
51 -4 -8
51 -4 -9
51 -4 -10
51 -4 -13
51 -4 -14
51 -5 -4
51 -5 -5
51 -5 -8
51 -5 -9
51 -5 -22
51 -6 -8
51 -6 -15
51 -6 -18
51 -7 -3
51 -7 -16
51 -8 -11
51 -8 -15
51 -9 -1
51 -9 -5
51 -9 -6
51 -9 -11
51 -9 -13
51 -9 -15
51 -9 -17
51 -9 -21
51 -10 0
51 -10 -2
51 -10 -14
51 -10 -19
51 -10 -20
51 -11 -7
51 -12 -11
51 -12 -17
51 -13 -1
51 -13 -14
51 -13 -19
51 -14 0
51 -14 -8
51 -15 -7
51 -15 -12
51 -15 -20
51 -16 -3
51 -16 -7
51 -16 -14
51 -16 -15
51 -16 -17
51 -17 -1
51 -17 -9
51 -17 -13
51 -17 -18
51 -18 -20
51 -18 -22
51 -20 -2
51 -20 -8
51 -20 -13
51 -20 -21
51 -21 0
51 -21 -3
51 -21 -4
51 -21 -11
51 -21 -15
51 -21 -16
51 -22 0
51 -22 -4
51 -22 -6
52 0 -2
52 0 -7
52 0 -8
52 0 -9
52 0 -10
52 0 -14
52 0 -17
52 0 -22
52 -1 -1
52 -1 -2
52 -1 -11
52 -1 -13
52 -1 -18
52 -2 -8
52 -2 -10
52 -2 -20
52 -3 -2
52 -3 -4
52 -3 -5
52 -3 -7
52 -3 -10
52 -3 -12
52 -3 -17
52 -4 -3
52 -4 -8
52 -4 -9
52 -4 -10
52 -4 -13
52 -4 -14
52 -5 -4
52 -5 -5
52 -5 -8
52 -5 -9
52 -5 -22
52 -6 -8
52 -6 -15
52 -6 -18
52 -7 -3
52 -7 -16
52 -8 -11
52 -8 -15
52 -9 -1
52 -9 -5
52 -9 -6
52 -9 -11
52 -9 -13
52 -9 -15
52 -9 -17
52 -9 -21
52 -10 0
52 -10 -2
52 -10 -14
52 -10 -19
52 -10 -20
52 -11 -7
52 -12 -11
52 -12 -17
52 -13 -1
52 -13 -14
52 -13 -19
52 -14 0
52 -14 -8
52 -15 -7
52 -15 -12
52 -15 -20
52 -16 -3
52 -16 -7
52 -16 -14
52 -16 -15
52 -16 -17
52 -17 -1
52 -17 -9
52 -17 -13
52 -17 -18
52 -18 -20
52 -18 -22
52 -20 -2
52 -20 -8
52 -20 -13
52 -20 -21
52 -21 0
52 -21 -3
52 -21 -4
52 -21 -11
52 -21 -15
52 -21 -16
52 -22 0
52 -22 -4
52 -22 -6
53 0 -2
53 0 -7
53 0 -8
53 0 -9
53 0 -10
53 0 -14
53 0 -17
53 0 -22
53 -1 -1
53 -1 -2
53 -1 -11
53 -1 -13
53 -1 -18
53 -2 -8
53 -2 -10
53 -2 -20
53 -3 -2
53 -3 -4
53 -3 -5
53 -3 -7
53 -3 -10
53 -3 -12
53 -3 -17
53 -4 -3
53 -4 -8
53 -4 -9
53 -4 -10
53 -4 -13
53 -4 -14
53 -5 -4
53 -5 -5
53 -5 -8
53 -5 -9
53 -5 -22
53 -6 -8
53 -6 -15
53 -6 -18
53 -7 -3
53 -7 -16
53 -8 -11
53 -8 -15
53 -9 -1
53 -9 -5
53 -9 -6
53 -9 -11
53 -9 -13
53 -9 -15
53 -9 -17
53 -9 -21
53 -10 0
53 -10 -2
53 -10 -14
53 -10 -19
53 -10 -20
53 -11 -7
53 -12 -11
53 -12 -17
53 -13 -1
53 -13 -14
53 -13 -19
53 -14 0
53 -14 -8
53 -15 -7
53 -15 -12
53 -15 -20
53 -16 -3
53 -16 -7
53 -16 -14
53 -16 -15
53 -16 -17
53 -17 -1
53 -17 -9
53 -17 -13
53 -17 -18
53 -18 -20
53 -18 -22
53 -20 -2
53 -20 -8
53 -20 -13
53 -20 -21
53 -21 0
53 -21 -3
53 -21 -4
53 -21 -11
53 -21 -15
53 -21 -16
53 -22 0
53 -22 -4
53 -22 -6
54 0 -2
54 0 -7
54 0 -8
54 0 -9
54 0 -10
54 0 -14
54 0 -17
54 0 -22
54 -1 -1
54 -1 -2
54 -1 -11
54 -1 -13
54 -1 -18
54 -2 -8
54 -2 -10
54 -2 -20
54 -3 -2
54 -3 -4
54 -3 -5
54 -3 -7
54 -3 -10
54 -3 -12
54 -3 -17
54 -4 -3
54 -4 -8
54 -4 -9
54 -4 -10
54 -4 -13
54 -4 -14
54 -5 -4
54 -5 -5
54 -5 -8
54 -5 -9
54 -5 -22
54 -6 -8
54 -6 -15
54 -6 -18
54 -7 -3
54 -7 -16
54 -8 -11
54 -8 -15
54 -9 -1
54 -9 -5
54 -9 -6
54 -9 -11
54 -9 -13
54 -9 -15
54 -9 -17
54 -9 -21
54 -10 0
54 -10 -2
54 -10 -14
54 -10 -19
54 -10 -20
54 -11 -7
54 -12 -11
54 -12 -17
54 -13 -1
54 -13 -14
54 -13 -19
54 -14 0
54 -14 -8
54 -15 -7
54 -15 -12
54 -15 -20
54 -16 -3
54 -16 -7
54 -16 -14
54 -16 -15
54 -16 -17
54 -17 -1
54 -17 -9
54 -17 -13
54 -17 -18
54 -18 -20
54 -18 -22
54 -20 -2
54 -20 -8
54 -20 -13
54 -20 -21
54 -21 0
54 -21 -3
54 -21 -4
54 -21 -11
54 -21 -15
54 -21 -16
54 -22 0
54 -22 -4
54 -22 -6
55 0 -2
55 0 -7
55 0 -8
55 0 -9
55 0 -10
55 0 -14
55 0 -17
55 0 -22
55 -1 -1
55 -1 -2
55 -1 -11
55 -1 -13
55 -1 -18
55 -2 -8
55 -2 -10
55 -2 -20
55 -3 -2
55 -3 -4
55 -3 -5
55 -3 -7
55 -3 -10
55 -3 -12
55 -3 -17
55 -4 -3
55 -4 -8
55 -4 -9
55 -4 -10
55 -4 -13
55 -4 -14
55 -5 -4
55 -5 -5
55 -5 -8
55 -5 -9
55 -5 -22
55 -6 -8
55 -6 -15
55 -6 -18
55 -7 -3
55 -7 -16
55 -8 -11
55 -8 -15
55 -9 -1
55 -9 -5
55 -9 -6
55 -9 -11
55 -9 -13
55 -9 -15
55 -9 -17
55 -9 -21
55 -10 0
55 -10 -2
55 -10 -14
55 -10 -19
55 -10 -20
55 -11 -7
55 -12 -11
55 -12 -17
55 -13 -1
55 -13 -14
55 -13 -19
55 -14 0
55 -14 -8
55 -15 -7
55 -15 -12
55 -15 -20
55 -16 -3
55 -16 -7
55 -16 -14
55 -16 -15
55 -16 -17
55 -17 -1
55 -17 -9
55 -17 -13
55 -17 -18
55 -18 -20
55 -18 -22
55 -20 -2
55 -20 -8
55 -20 -13
55 -20 -21
55 -21 0
55 -21 -3
55 -21 -4
55 -21 -11
55 -21 -15
55 -21 -16
55 -22 0
55 -22 -4
55 -22 -6
56 0 -2
56 0 -7
56 0 -8
56 0 -9
56 0 -10
56 0 -14
56 0 -17
56 0 -22
56 -1 -1
56 -1 -2
56 -1 -11
56 -1 -13
56 -1 -18
56 -2 -8
56 -2 -10
56 -2 -20
56 -3 -2
56 -3 -4
56 -3 -5
56 -3 -7
56 -3 -10
56 -3 -12
56 -3 -17
56 -4 -3
56 -4 -8
56 -4 -9
56 -4 -10
56 -4 -13
56 -4 -14
56 -5 -4
56 -5 -5
56 -5 -8
56 -5 -9
56 -5 -22
56 -6 -8
56 -6 -15
56 -6 -18
56 -7 -3
56 -7 -16
56 -8 -11
56 -8 -15
56 -9 -1
56 -9 -5
56 -9 -6
56 -9 -11
56 -9 -13
56 -9 -15
56 -9 -17
56 -9 -21
56 -10 0
56 -10 -2
56 -10 -14
56 -10 -19
56 -10 -20
56 -11 -7
56 -12 -11
56 -12 -17
56 -13 -1
56 -13 -14
56 -13 -19
56 -14 0
56 -14 -8
56 -15 -7
56 -15 -12
56 -15 -20
56 -16 -3
56 -16 -7
56 -16 -14
56 -16 -15
56 -16 -17
56 -17 -1
56 -17 -9
56 -17 -13
56 -17 -18
56 -18 -20
56 -18 -22
56 -20 -2
56 -20 -8
56 -20 -13
56 -20 -21
56 -21 0
56 -21 -3
56 -21 -4
56 -21 -11
56 -21 -15
56 -21 -16
56 -22 0
56 -22 -4
56 -22 -6
57 0 -2
57 0 -7
57 0 -8
57 0 -9
57 0 -10
57 0 -14
57 0 -17
57 0 -22
57 -1 -1
57 -1 -2
57 -1 -11
57 -1 -13
57 -1 -18
57 -2 -8
57 -2 -10
57 -2 -20
57 -3 -2
57 -3 -4
57 -3 -5
57 -3 -7
57 -3 -10
57 -3 -12
57 -3 -17
57 -4 -3
57 -4 -8
57 -4 -9
57 -4 -10
57 -4 -13
57 -4 -14
57 -5 -4
57 -5 -5
57 -5 -8
57 -5 -9
57 -5 -22
57 -6 -8
57 -6 -15
57 -6 -18
57 -7 -3
57 -7 -16
57 -8 -11
57 -8 -15
57 -9 -1
57 -9 -5
57 -9 -6
57 -9 -11
57 -9 -13
57 -9 -15
57 -9 -17
57 -9 -21
57 -10 0
57 -10 -2
57 -10 -14
57 -10 -19
57 -10 -20
57 -11 -7
57 -12 -11
57 -12 -17
57 -13 -1
57 -13 -14
57 -13 -19
57 -14 0
57 -14 -8
57 -15 -7
57 -15 -12
57 -15 -20
57 -16 -3
57 -16 -7
57 -16 -14
57 -16 -15
57 -16 -17
57 -17 -1
57 -17 -9
57 -17 -13
57 -17 -18
57 -18 -20
57 -18 -22
57 -20 -2
57 -20 -8
57 -20 -13
57 -20 -21
57 -21 0
57 -21 -3
57 -21 -4
57 -21 -11
57 -21 -15
57 -21 -16
57 -22 0
57 -22 -4
57 -22 -6
58 0 -2
58 0 -7
58 0 -8
58 0 -9
58 0 -10
58 0 -14
58 0 -17
58 0 -22
58 -1 -1
58 -1 -2
58 -1 -11
58 -1 -13
58 -1 -18
58 -2 -8
58 -2 -10
58 -2 -20
58 -3 -2
58 -3 -4
58 -3 -5
58 -3 -7
58 -3 -10
58 -3 -12
58 -3 -17
58 -4 -3
58 -4 -8
58 -4 -9
58 -4 -10
58 -4 -13
58 -4 -14
58 -5 -4
58 -5 -5
58 -5 -8
58 -5 -9
58 -5 -22
58 -6 -8
58 -6 -15
58 -6 -18
58 -7 -3
58 -7 -16
58 -8 -11
58 -8 -15
58 -9 -1
58 -9 -5
58 -9 -6
58 -9 -11
58 -9 -13
58 -9 -15
58 -9 -17
58 -9 -21
58 -10 0
58 -10 -2
58 -10 -14
58 -10 -19
58 -10 -20
58 -11 -7
58 -12 -11
58 -12 -17
58 -13 -1
58 -13 -14
58 -13 -19
58 -14 0
58 -14 -8
58 -15 -7
58 -15 -12
58 -15 -20
58 -16 -3
58 -16 -7
58 -16 -14
58 -16 -15
58 -16 -17
58 -17 -1
58 -17 -9
58 -17 -13
58 -17 -18
58 -18 -20
58 -18 -22
58 -20 -2
58 -20 -8
58 -20 -13
58 -20 -21
58 -21 0
58 -21 -3
58 -21 -4
58 -21 -11
58 -21 -15
58 -21 -16
58 -22 0
58 -22 -4
58 -22 -6
59 0 -2
59 0 -7
59 0 -8
59 0 -9
59 0 -10
59 0 -14
59 0 -17
59 0 -22
59 -1 -1
59 -1 -2
59 -1 -11
59 -1 -13
59 -1 -18
59 -2 -8
59 -2 -10
59 -2 -20
59 -3 -2
59 -3 -4
59 -3 -5
59 -3 -7
59 -3 -10
59 -3 -12
59 -3 -17
59 -4 -3
59 -4 -8
59 -4 -9
59 -4 -10
59 -4 -13
59 -4 -14
59 -5 -4
59 -5 -5
59 -5 -8
59 -5 -9
59 -5 -22
59 -6 -8
59 -6 -15
59 -6 -18
59 -7 -3
59 -7 -16
59 -8 -11
59 -8 -15
59 -9 -1
59 -9 -5
59 -9 -6
59 -9 -11
59 -9 -13
59 -9 -15
59 -9 -17
59 -9 -21
59 -10 0
59 -10 -2
59 -10 -14
59 -10 -19
59 -10 -20
59 -11 -7
59 -12 -11
59 -12 -17
59 -13 -1
59 -13 -14
59 -13 -19
59 -14 0
59 -14 -8
59 -15 -7
59 -15 -12
59 -15 -20
59 -16 -3
59 -16 -7
59 -16 -14
59 -16 -15
59 -16 -17
59 -17 -1
59 -17 -9
59 -17 -13
59 -17 -18
59 -18 -20
59 -18 -22
59 -20 -2
59 -20 -8
59 -20 -13
59 -20 -21
59 -21 0
59 -21 -3
59 -21 -4
59 -21 -11
59 -21 -15
59 -21 -16
59 -22 0
59 -22 -4
59 -22 -6
60 0 -2
60 0 -7
60 0 -8
60 0 -9
60 0 -10
60 0 -14
60 0 -17
60 0 -22
60 -1 -1
60 -1 -2
60 -1 -11
60 -1 -13
60 -1 -18
60 -2 -8
60 -2 -10
60 -2 -20
60 -3 -2
60 -3 -4
60 -3 -5
60 -3 -7
60 -3 -10
60 -3 -12
60 -3 -17
60 -4 -3
60 -4 -8
60 -4 -9
60 -4 -10
60 -4 -13
60 -4 -14
60 -5 -4
60 -5 -5
60 -5 -8
60 -5 -9
60 -5 -22
60 -6 -8
60 -6 -15
60 -6 -18
60 -7 -3
60 -7 -16
60 -8 -11
60 -8 -15
60 -9 -1
60 -9 -5
60 -9 -6
60 -9 -11
60 -9 -13
60 -9 -15
60 -9 -17
60 -9 -21
60 -10 0
60 -10 -2
60 -10 -14
60 -10 -19
60 -10 -20
60 -11 -7
60 -12 -11
60 -12 -17
60 -13 -1
60 -13 -14
60 -13 -19
60 -14 0
60 -14 -8
60 -15 -7
60 -15 -12
60 -15 -20
60 -16 -3
60 -16 -7
60 -16 -14
60 -16 -15
60 -16 -17
60 -17 -1
60 -17 -9
60 -17 -13
60 -17 -18
60 -18 -20
60 -18 -22
60 -20 -2
60 -20 -8
60 -20 -13
60 -20 -21
60 -21 0
60 -21 -3
60 -21 -4
60 -21 -11
60 -21 -15
60 -21 -16
60 -22 0
60 -22 -4
60 -22 -6
61 0 -2
61 0 -7
61 0 -8
61 0 -9
61 0 -10
61 0 -14
61 0 -17
61 0 -22
61 -1 -1
61 -1 -2
61 -1 -11
61 -1 -13
61 -1 -18
61 -2 -8
61 -2 -10
61 -2 -20
61 -3 -2
61 -3 -4
61 -3 -5
61 -3 -7
61 -3 -10
61 -3 -12
61 -3 -17
61 -4 -3
61 -4 -8
61 -4 -9
61 -4 -10
61 -4 -13
61 -4 -14
61 -5 -4
61 -5 -5
61 -5 -8
61 -5 -9
61 -5 -22
61 -6 -8
61 -6 -15
61 -6 -18
61 -7 -3
61 -7 -16
61 -8 -11
61 -8 -15
61 -9 -1
61 -9 -5
61 -9 -6
61 -9 -11
61 -9 -13
61 -9 -15
61 -9 -17
61 -9 -21
61 -10 0
61 -10 -2
61 -10 -14
61 -10 -19
61 -10 -20
61 -11 -7
61 -12 -11
61 -12 -17
61 -13 -1
61 -13 -14
61 -13 -19
61 -14 0
61 -14 -8
61 -15 -7
61 -15 -12
61 -15 -20
61 -16 -3
61 -16 -7
61 -16 -14
61 -16 -15
61 -16 -17
61 -17 -1
61 -17 -9
61 -17 -13
61 -17 -18
61 -18 -20
61 -18 -22
61 -20 -2
61 -20 -8
61 -20 -13
61 -20 -21
61 -21 0
61 -21 -3
61 -21 -4
61 -21 -11
61 -21 -15
61 -21 -16
61 -22 0
61 -22 -4
61 -22 -6
62 0 -2
62 0 -7
62 0 -8
62 0 -9
62 0 -10
62 0 -14
62 0 -17
62 0 -22
62 -1 -1
62 -1 -2
62 -1 -11
62 -1 -13
62 -1 -18
62 -2 -8
62 -2 -10
62 -2 -20
62 -3 -2
62 -3 -4
62 -3 -5
62 -3 -7
62 -3 -10
62 -3 -12
62 -3 -17
62 -4 -3
62 -4 -8
62 -4 -9
62 -4 -10
62 -4 -13
62 -4 -14
62 -5 -4
62 -5 -5
62 -5 -8
62 -5 -9
62 -5 -22
62 -6 -8
62 -6 -15
62 -6 -18
62 -7 -3
62 -7 -16
62 -8 -11
62 -8 -15
62 -9 -1
62 -9 -5
62 -9 -6
62 -9 -11
62 -9 -13
62 -9 -15
62 -9 -17
62 -9 -21
62 -10 0
62 -10 -2
62 -10 -14
62 -10 -19
62 -10 -20
62 -11 -7
62 -12 -11
62 -12 -17
62 -13 -1
62 -13 -14
62 -13 -19
62 -14 0
62 -14 -8
62 -15 -7
62 -15 -12
62 -15 -20
62 -16 -3
62 -16 -7
62 -16 -14
62 -16 -15
62 -16 -17
62 -17 -1
62 -17 -9
62 -17 -13
62 -17 -18
62 -18 -20
62 -18 -22
62 -20 -2
62 -20 -8
62 -20 -13
62 -20 -21
62 -21 0
62 -21 -3
62 -21 -4
62 -21 -11
62 -21 -15
62 -21 -16
62 -22 0
62 -22 -4
62 -22 -6
63 0 -2
63 0 -7
63 0 -8
63 0 -9
63 0 -10
63 0 -14
63 0 -17
63 0 -22
63 -1 -1
63 -1 -2
63 -1 -11
63 -1 -13
63 -1 -18
63 -2 -8
63 -2 -10
63 -2 -20
63 -3 -2
63 -3 -4
63 -3 -5
63 -3 -7
63 -3 -10
63 -3 -12
63 -3 -17
63 -4 -3
63 -4 -8
63 -4 -9
63 -4 -10
63 -4 -13
63 -4 -14
63 -5 -4
63 -5 -5
63 -5 -8
63 -5 -9
63 -5 -22
63 -6 -8
63 -6 -15
63 -6 -18
63 -7 -3
63 -7 -16
63 -8 -11
63 -8 -15
63 -9 -1
63 -9 -5
63 -9 -6
63 -9 -11
63 -9 -13
63 -9 -15
63 -9 -17
63 -9 -21
63 -10 0
63 -10 -2
63 -10 -14
63 -10 -19
63 -10 -20
63 -11 -7
63 -12 -11
63 -12 -17
63 -13 -1
63 -13 -14
63 -13 -19
63 -14 0
63 -14 -8
63 -15 -7
63 -15 -12
63 -15 -20
63 -16 -3
63 -16 -7
63 -16 -14
63 -16 -15
63 -16 -17
63 -17 -1
63 -17 -9
63 -17 -13
63 -17 -18
63 -18 -20
63 -18 -22
63 -20 -2
63 -20 -8
63 -20 -13
63 -20 -21
63 -21 0
63 -21 -3
63 -21 -4
63 -21 -11
63 -21 -15
63 -21 -16
63 -22 0
63 -22 -4
63 -22 -6
64 0 -2
64 0 -7
64 0 -8
64 0 -9
64 0 -10
64 0 -14
64 0 -17
64 0 -22
64 -1 -1
64 -1 -2
64 -1 -11
64 -1 -13
64 -1 -18
64 -2 -8
64 -2 -10
64 -2 -20
64 -3 -2
64 -3 -4
64 -3 -5
64 -3 -7
64 -3 -10
64 -3 -12
64 -3 -17
64 -4 -3
64 -4 -8
64 -4 -9
64 -4 -10
64 -4 -13
64 -4 -14
64 -5 -4
64 -5 -5
64 -5 -8
64 -5 -9
64 -5 -22
64 -6 -8
64 -6 -15
64 -6 -18
64 -7 -3
64 -7 -16
64 -8 -11
64 -8 -15
64 -9 -1
64 -9 -5
64 -9 -6
64 -9 -11
64 -9 -13
64 -9 -15
64 -9 -17
64 -9 -21
64 -10 0
64 -10 -2
64 -10 -14
64 -10 -19
64 -10 -20
64 -11 -7
64 -12 -11
64 -12 -17
64 -13 -1
64 -13 -14
64 -13 -19
64 -14 0
64 -14 -8
64 -15 -7
64 -15 -12
64 -15 -20
64 -16 -3
64 -16 -7
64 -16 -14
64 -16 -15
64 -16 -17
64 -17 -1
64 -17 -9
64 -17 -13
64 -17 -18
64 -18 -20
64 -18 -22
64 -20 -2
64 -20 -8
64 -20 -13
64 -20 -21
64 -21 0
64 -21 -3
64 -21 -4
64 -21 -11
64 -21 -15
64 -21 -16
64 -22 0
64 -22 -4
64 -22 -6
65 0 -2
65 0 -7
65 0 -8
65 0 -9
65 0 -10
65 0 -14
65 0 -17
65 0 -22
65 -1 -1
65 -1 -2
65 -1 -11
65 -1 -13
65 -1 -18
65 -2 -8
65 -2 -10
65 -2 -20
65 -3 -2
65 -3 -4
65 -3 -5
65 -3 -7
65 -3 -10
65 -3 -12
65 -3 -17
65 -4 -3
65 -4 -8
65 -4 -9
65 -4 -10
65 -4 -13
65 -4 -14
65 -5 -4
65 -5 -5
65 -5 -8
65 -5 -9
65 -5 -22
65 -6 -8
65 -6 -15
65 -6 -18
65 -7 -3
65 -7 -16
65 -8 -11
65 -8 -15
65 -9 -1
65 -9 -5
65 -9 -6
65 -9 -11
65 -9 -13
65 -9 -15
65 -9 -17
65 -9 -21
65 -10 0
65 -10 -2
65 -10 -14
65 -10 -19
65 -10 -20
65 -11 -7
65 -12 -11
65 -12 -17
65 -13 -1
65 -13 -14
65 -13 -19
65 -14 0
65 -14 -8
65 -15 -7
65 -15 -12
65 -15 -20
65 -16 -3
65 -16 -7
65 -16 -14
65 -16 -15
65 -16 -17
65 -17 -1
65 -17 -9
65 -17 -13
65 -17 -18
65 -18 -20
65 -18 -22
65 -20 -2
65 -20 -8
65 -20 -13
65 -20 -21
65 -21 0
65 -21 -3
65 -21 -4
65 -21 -11
65 -21 -15
65 -21 -16
65 -22 0
65 -22 -4
65 -22 -6
66 0 -2
66 0 -7
66 0 -8
66 0 -9
66 0 -10
66 0 -14
66 0 -17
66 0 -22
66 -1 -1
66 -1 -2
66 -1 -11
66 -1 -13
66 -1 -18
66 -2 -8
66 -2 -10
66 -2 -20
66 -3 -2
66 -3 -4
66 -3 -5
66 -3 -7
66 -3 -10
66 -3 -12
66 -3 -17
66 -4 -3
66 -4 -8
66 -4 -9
66 -4 -10
66 -4 -13
66 -4 -14
66 -5 -4
66 -5 -5
66 -5 -8
66 -5 -9
66 -5 -22
66 -6 -8
66 -6 -15
66 -6 -18
66 -7 -3
66 -7 -16
66 -8 -11
66 -8 -15
66 -9 -1
66 -9 -5
66 -9 -6
66 -9 -11
66 -9 -13
66 -9 -15
66 -9 -17
66 -9 -21
66 -10 0
66 -10 -2
66 -10 -14
66 -10 -19
66 -10 -20
66 -11 -7
66 -12 -11
66 -12 -17
66 -13 -1
66 -13 -14
66 -13 -19
66 -14 0
66 -14 -8
66 -15 -7
66 -15 -12
66 -15 -20
66 -16 -3
66 -16 -7
66 -16 -14
66 -16 -15
66 -16 -17
66 -17 -1
66 -17 -9
66 -17 -13
66 -17 -18
66 -18 -20
66 -18 -22
66 -20 -2
66 -20 -8
66 -20 -13
66 -20 -21
66 -21 0
66 -21 -3
66 -21 -4
66 -21 -11
66 -21 -15
66 -21 -16
66 -22 0
66 -22 -4
66 -22 -6
67 0 -2
67 0 -7
67 0 -8
67 0 -9
67 0 -10
67 0 -14
67 0 -17
67 0 -22
67 -1 -1
67 -1 -2
67 -1 -11
67 -1 -13
67 -1 -18
67 -2 -8
67 -2 -10
67 -2 -20
67 -3 -2
67 -3 -4
67 -3 -5
67 -3 -7
67 -3 -10
67 -3 -12
67 -3 -17
67 -4 -3
67 -4 -8
67 -4 -9
67 -4 -10
67 -4 -13
67 -4 -14
67 -5 -4
67 -5 -5
67 -5 -8
67 -5 -9
67 -5 -22
67 -6 -8
67 -6 -15
67 -6 -18
67 -7 -3
67 -7 -16
67 -8 -11
67 -8 -15
67 -9 -1
67 -9 -5
67 -9 -6
67 -9 -11
67 -9 -13
67 -9 -15
67 -9 -17
67 -9 -21
67 -10 0
67 -10 -2
67 -10 -14
67 -10 -19
67 -10 -20
67 -11 -7
67 -12 -11
67 -12 -17
67 -13 -1
67 -13 -14
67 -13 -19
67 -14 0
67 -14 -8
67 -15 -7
67 -15 -12
67 -15 -20
67 -16 -3
67 -16 -7
67 -16 -14
67 -16 -15
67 -16 -17
67 -17 -1
67 -17 -9
67 -17 -13
67 -17 -18
67 -18 -20
67 -18 -22
67 -20 -2
67 -20 -8
67 -20 -13
67 -20 -21
67 -21 0
67 -21 -3
67 -21 -4
67 -21 -11
67 -21 -15
67 -21 -16
67 -22 0
67 -22 -4
67 -22 -6
68 0 -2
68 0 -7
68 0 -8
68 0 -9
68 0 -10
68 0 -14
68 0 -17
68 0 -22
68 -1 -1
68 -1 -2
68 -1 -11
68 -1 -13
68 -1 -18
68 -2 -8
68 -2 -10
68 -2 -20
68 -3 -2
68 -3 -4
68 -3 -5
68 -3 -7
68 -3 -10
68 -3 -12
68 -3 -17
68 -4 -3
68 -4 -8
68 -4 -9
68 -4 -10
68 -4 -13
68 -4 -14
68 -5 -4
68 -5 -5
68 -5 -8
68 -5 -9
68 -5 -22
68 -6 -8
68 -6 -15
68 -6 -18
68 -7 -3
68 -7 -16
68 -8 -11
68 -8 -15
68 -9 -1
68 -9 -5
68 -9 -6
68 -9 -11
68 -9 -13
68 -9 -15
68 -9 -17
68 -9 -21
68 -10 0
68 -10 -2
68 -10 -14
68 -10 -19
68 -10 -20
68 -11 -7
68 -12 -11
68 -12 -17
68 -13 -1
68 -13 -14
68 -13 -19
68 -14 0
68 -14 -8
68 -15 -7
68 -15 -12
68 -15 -20
68 -16 -3
68 -16 -7
68 -16 -14
68 -16 -15
68 -16 -17
68 -17 -1
68 -17 -9
68 -17 -13
68 -17 -18
68 -18 -20
68 -18 -22
68 -20 -2
68 -20 -8
68 -20 -13
68 -20 -21
68 -21 0
68 -21 -3
68 -21 -4
68 -21 -11
68 -21 -15
68 -21 -16
68 -22 0
68 -22 -4
68 -22 -6
69 0 -2
69 0 -7
69 0 -8
69 0 -9
69 0 -10
69 0 -14
69 0 -17
69 0 -22
69 -1 -1
69 -1 -2
69 -1 -11
69 -1 -13
69 -1 -18
69 -2 -8
69 -2 -10
69 -2 -20
69 -3 -2
69 -3 -4
69 -3 -5
69 -3 -7
69 -3 -10
69 -3 -12
69 -3 -17
69 -4 -3
69 -4 -8
69 -4 -9
69 -4 -10
69 -4 -13
69 -4 -14
69 -5 -4
69 -5 -5
69 -5 -8
69 -5 -9
69 -5 -22
69 -6 -8
69 -6 -15
69 -6 -18
69 -7 -3
69 -7 -16
69 -8 -11
69 -8 -15
69 -9 -1
69 -9 -5
69 -9 -6
69 -9 -11
69 -9 -13
69 -9 -15
69 -9 -17
69 -9 -21
69 -10 0
69 -10 -2
69 -10 -14
69 -10 -19
69 -10 -20
69 -11 -7
69 -12 -11
69 -12 -17
69 -13 -1
69 -13 -14
69 -13 -19
69 -14 0
69 -14 -8
69 -15 -7
69 -15 -12
69 -15 -20
69 -16 -3
69 -16 -7
69 -16 -14
69 -16 -15
69 -16 -17
69 -17 -1
69 -17 -9
69 -17 -13
69 -17 -18
69 -18 -20
69 -18 -22
69 -20 -2
69 -20 -8
69 -20 -13
69 -20 -21
69 -21 0
69 -21 -3
69 -21 -4
69 -21 -11
69 -21 -15
69 -21 -16
69 -22 0
69 -22 -4
69 -22 -6
70 0 -2
70 0 -7
70 0 -8
70 0 -9
70 0 -10
70 0 -14
70 0 -17
70 0 -22
70 -1 -1
70 -1 -2
70 -1 -11
70 -1 -13
70 -1 -18
70 -2 -8
70 -2 -10
70 -2 -20
70 -3 -2
70 -3 -4
70 -3 -5
70 -3 -7
70 -3 -10
70 -3 -12
70 -3 -17
70 -4 -3
70 -4 -8
70 -4 -9
70 -4 -10
70 -4 -13
70 -4 -14
70 -5 -4
70 -5 -5
70 -5 -8
70 -5 -9
70 -5 -22
70 -6 -8
70 -6 -15
70 -6 -18
70 -7 -3
70 -7 -16
70 -8 -11
70 -8 -15
70 -9 -1
70 -9 -5
70 -9 -6
70 -9 -11
70 -9 -13
70 -9 -15
70 -9 -17
70 -9 -21
70 -10 0
70 -10 -2
70 -10 -14
70 -10 -19
70 -10 -20
70 -11 -7
70 -12 -11
70 -12 -17
70 -13 -1
70 -13 -14
70 -13 -19
70 -14 0
70 -14 -8
70 -15 -7
70 -15 -12
70 -15 -20
70 -16 -3
70 -16 -7
70 -16 -14
70 -16 -15
70 -16 -17
70 -17 -1
70 -17 -9
70 -17 -13
70 -17 -18
70 -18 -20
70 -18 -22
70 -20 -2
70 -20 -8
70 -20 -13
70 -20 -21
70 -21 0
70 -21 -3
70 -21 -4
70 -21 -11
70 -21 -15
70 -21 -16
70 -22 0
70 -22 -4
70 -22 -6
71 0 -2
71 0 -7
71 0 -8
71 0 -9
71 0 -10
71 0 -14
71 0 -17
71 0 -22
71 -1 -1
71 -1 -2
71 -1 -11
71 -1 -13
71 -1 -18
71 -2 -8
71 -2 -10
71 -2 -20
71 -3 -2
71 -3 -4
71 -3 -5
71 -3 -7
71 -3 -10
71 -3 -12
71 -3 -17
71 -4 -3
71 -4 -8
71 -4 -9
71 -4 -10
71 -4 -13
71 -4 -14
71 -5 -4
71 -5 -5
71 -5 -8
71 -5 -9
71 -5 -22
71 -6 -8
71 -6 -15
71 -6 -18
71 -7 -3
71 -7 -16
71 -8 -11
71 -8 -15
71 -9 -1
71 -9 -5
71 -9 -6
71 -9 -11
71 -9 -13
71 -9 -15
71 -9 -17
71 -9 -21
71 -10 0
71 -10 -2
71 -10 -14
71 -10 -19
71 -10 -20
71 -11 -7
71 -12 -11
71 -12 -17
71 -13 -1
71 -13 -14
71 -13 -19
71 -14 0
71 -14 -8
71 -15 -7
71 -15 -12
71 -15 -20
71 -16 -3
71 -16 -7
71 -16 -14
71 -16 -15
71 -16 -17
71 -17 -1
71 -17 -9
71 -17 -13
71 -17 -18
71 -18 -20
71 -18 -22
71 -20 -2
71 -20 -8
71 -20 -13
71 -20 -21
71 -21 0
71 -21 -3
71 -21 -4
71 -21 -11
71 -21 -15
71 -21 -16
71 -22 0
71 -22 -4
71 -22 -6
72 0 -2
72 0 -7
72 0 -8
72 0 -9
72 0 -10
72 0 -14
72 0 -17
72 0 -22
72 -1 -1
72 -1 -2
72 -1 -11
72 -1 -13
72 -1 -18
72 -2 -8
72 -2 -10
72 -2 -20
72 -3 -2
72 -3 -4
72 -3 -5
72 -3 -7
72 -3 -10
72 -3 -12
72 -3 -17
72 -4 -3
72 -4 -8
72 -4 -9
72 -4 -10
72 -4 -13
72 -4 -14
72 -5 -4
72 -5 -5
72 -5 -8
72 -5 -9
72 -5 -22
72 -6 -8
72 -6 -15
72 -6 -18
72 -7 -3
72 -7 -16
72 -8 -11
72 -8 -15
72 -9 -1
72 -9 -5
72 -9 -6
72 -9 -11
72 -9 -13
72 -9 -15
72 -9 -17
72 -9 -21
72 -10 0
72 -10 -2
72 -10 -14
72 -10 -19
72 -10 -20
72 -11 -7
72 -12 -11
72 -12 -17
72 -13 -1
72 -13 -14
72 -13 -19
72 -14 0
72 -14 -8
72 -15 -7
72 -15 -12
72 -15 -20
72 -16 -3
72 -16 -7
72 -16 -14
72 -16 -15
72 -16 -17
72 -17 -1
72 -17 -9
72 -17 -13
72 -17 -18
72 -18 -20
72 -18 -22
72 -20 -2
72 -20 -8
72 -20 -13
72 -20 -21
72 -21 0
72 -21 -3
72 -21 -4
72 -21 -11
72 -21 -15
72 -21 -16
72 -22 0
72 -22 -4
72 -22 -6
73 0 -2
73 0 -7
73 0 -8
73 0 -9
73 0 -10
73 0 -14
73 0 -17
73 0 -22
73 -1 -1
73 -1 -2
73 -1 -11
73 -1 -13
73 -1 -18
73 -2 -8
73 -2 -10
73 -2 -20
73 -3 -2
73 -3 -4
73 -3 -5
73 -3 -7
73 -3 -10
73 -3 -12
73 -3 -17
73 -4 -3
73 -4 -8
73 -4 -9
73 -4 -10
73 -4 -13
73 -4 -14
73 -5 -4
73 -5 -5
73 -5 -8
73 -5 -9
73 -5 -22
73 -6 -8
73 -6 -15
73 -6 -18
73 -7 -3
73 -7 -16
73 -8 -11
73 -8 -15
73 -9 -1
73 -9 -5
73 -9 -6
73 -9 -11
73 -9 -13
73 -9 -15
73 -9 -17
73 -9 -21
73 -10 0
73 -10 -2
73 -10 -14
73 -10 -19
73 -10 -20
73 -11 -7
73 -12 -11
73 -12 -17
73 -13 -1
73 -13 -14
73 -13 -19
73 -14 0
73 -14 -8
73 -15 -7
73 -15 -12
73 -15 -20
73 -16 -3
73 -16 -7
73 -16 -14
73 -16 -15
73 -16 -17
73 -17 -1
73 -17 -9
73 -17 -13
73 -17 -18
73 -18 -20
73 -18 -22
73 -20 -2
73 -20 -8
73 -20 -13
73 -20 -21
73 -21 0
73 -21 -3
73 -21 -4
73 -21 -11
73 -21 -15
73 -21 -16
73 -22 0
73 -22 -4
73 -22 -6
74 0 -2
74 0 -7
74 0 -8
74 0 -9
74 0 -10
74 0 -14
74 0 -17
74 0 -22
74 -1 -1
74 -1 -2
74 -1 -11
74 -1 -13
74 -1 -18
74 -2 -8
74 -2 -10
74 -2 -20
74 -3 -2
74 -3 -4
74 -3 -5
74 -3 -7
74 -3 -10
74 -3 -12
74 -3 -17
74 -4 -3
74 -4 -8
74 -4 -9
74 -4 -10
74 -4 -13
74 -4 -14
74 -5 -4
74 -5 -5
74 -5 -8
74 -5 -9
74 -5 -22
74 -6 -8
74 -6 -15
74 -6 -18
74 -7 -3
74 -7 -16
74 -8 -11
74 -8 -15
74 -9 -1
74 -9 -5
74 -9 -6
74 -9 -11
74 -9 -13
74 -9 -15
74 -9 -17
74 -9 -21
74 -10 0
74 -10 -2
74 -10 -14
74 -10 -19
74 -10 -20
74 -11 -7
74 -12 -11
74 -12 -17
74 -13 -1
74 -13 -14
74 -13 -19
74 -14 0
74 -14 -8
74 -15 -7
74 -15 -12
74 -15 -20
74 -16 -3
74 -16 -7
74 -16 -14
74 -16 -15
74 -16 -17
74 -17 -1
74 -17 -9
74 -17 -13
74 -17 -18
74 -18 -20
74 -18 -22
74 -20 -2
74 -20 -8
74 -20 -13
74 -20 -21
74 -21 0
74 -21 -3
74 -21 -4
74 -21 -11
74 -21 -15
74 -21 -16
74 -22 0
74 -22 -4
74 -22 -6
75 0 -2
75 0 -7
75 0 -8
75 0 -9
75 0 -10
75 0 -14
75 0 -17
75 0 -22
75 -1 -1
75 -1 -2
75 -1 -11
75 -1 -13
75 -1 -18
75 -2 -8
75 -2 -10
75 -2 -20
75 -3 -2
75 -3 -4
75 -3 -5
75 -3 -7
75 -3 -10
75 -3 -12
75 -3 -17
75 -4 -3
75 -4 -8
75 -4 -9
75 -4 -10
75 -4 -13
75 -4 -14
75 -5 -4
75 -5 -5
75 -5 -8
75 -5 -9
75 -5 -22
75 -6 -8
75 -6 -15
75 -6 -18
75 -7 -3
75 -7 -16
75 -8 -11
75 -8 -15
75 -9 -1
75 -9 -5
75 -9 -6
75 -9 -11
75 -9 -13
75 -9 -15
75 -9 -17
75 -9 -21
75 -10 0
75 -10 -2
75 -10 -14
75 -10 -19
75 -10 -20
75 -11 -7
75 -12 -11
75 -12 -17
75 -13 -1
75 -13 -14
75 -13 -19
75 -14 0
75 -14 -8
75 -15 -7
75 -15 -12
75 -15 -20
75 -16 -3
75 -16 -7
75 -16 -14
75 -16 -15
75 -16 -17
75 -17 -1
75 -17 -9
75 -17 -13
75 -17 -18
75 -18 -20
75 -18 -22
75 -20 -2
75 -20 -8
75 -20 -13
75 -20 -21
75 -21 0
75 -21 -3
75 -21 -4
75 -21 -11
75 -21 -15
75 -21 -16
75 -22 0
75 -22 -4
75 -22 -6
76 0 -2
76 0 -7
76 0 -8
76 0 -9
76 0 -10
76 0 -14
76 0 -17
76 0 -22
76 -1 -1
76 -1 -2
76 -1 -11
76 -1 -13
76 -1 -18
76 -2 -8
76 -2 -10
76 -2 -20
76 -3 -2
76 -3 -4
76 -3 -5
76 -3 -7
76 -3 -10
76 -3 -12
76 -3 -17
76 -4 -3
76 -4 -8
76 -4 -9
76 -4 -10
76 -4 -13
76 -4 -14
76 -5 -4
76 -5 -5
76 -5 -8
76 -5 -9
76 -5 -22
76 -6 -8
76 -6 -15
76 -6 -18
76 -7 -3
76 -7 -16
76 -8 -11
76 -8 -15
76 -9 -1
76 -9 -5
76 -9 -6
76 -9 -11
76 -9 -13
76 -9 -15
76 -9 -17
76 -9 -21
76 -10 0
76 -10 -2
76 -10 -14
76 -10 -19
76 -10 -20
76 -11 -7
76 -12 -11
76 -12 -17
76 -13 -1
76 -13 -14
76 -13 -19
76 -14 0
76 -14 -8
76 -15 -7
76 -15 -12
76 -15 -20
76 -16 -3
76 -16 -7
76 -16 -14
76 -16 -15
76 -16 -17
76 -17 -1
76 -17 -9
76 -17 -13
76 -17 -18
76 -18 -20
76 -18 -22
76 -20 -2
76 -20 -8
76 -20 -13
76 -20 -21
76 -21 0
76 -21 -3
76 -21 -4
76 -21 -11
76 -21 -15
76 -21 -16
76 -22 0
76 -22 -4
76 -22 -6
77 0 -2
77 0 -7
77 0 -8
77 0 -9
77 0 -10
77 0 -14
77 0 -17
77 0 -22
77 -1 -1
77 -1 -2
77 -1 -11
77 -1 -13
77 -1 -18
77 -2 -8
77 -2 -10
77 -2 -20
77 -3 -2
77 -3 -4
77 -3 -5
77 -3 -7
77 -3 -10
77 -3 -12
77 -3 -17
77 -4 -3
77 -4 -8
77 -4 -9
77 -4 -10
77 -4 -13
77 -4 -14
77 -5 -4
77 -5 -5
77 -5 -8
77 -5 -9
77 -5 -22
77 -6 -8
77 -6 -15
77 -6 -18
77 -7 -3
77 -7 -16
77 -8 -11
77 -8 -15
77 -9 -1
77 -9 -5
77 -9 -6
77 -9 -11
77 -9 -13
77 -9 -15
77 -9 -17
77 -9 -21
77 -10 0
77 -10 -2
77 -10 -14
77 -10 -19
77 -10 -20
77 -11 -7
77 -12 -11
77 -12 -17
77 -13 -1
77 -13 -14
77 -13 -19
77 -14 0
77 -14 -8
77 -15 -7
77 -15 -12
77 -15 -20
77 -16 -3
77 -16 -7
77 -16 -14
77 -16 -15
77 -16 -17
77 -17 -1
77 -17 -9
77 -17 -13
77 -17 -18
77 -18 -20
77 -18 -22
77 -20 -2
77 -20 -8
77 -20 -13
77 -20 -21
77 -21 0
77 -21 -3
77 -21 -4
77 -21 -11
77 -21 -15
77 -21 -16
77 -22 0
77 -22 -4
77 -22 -6
78 0 -2
78 0 -7
78 0 -8
78 0 -9
78 0 -10
78 0 -14
78 0 -17
78 0 -22
78 -1 -1
78 -1 -2
78 -1 -11
78 -1 -13
78 -1 -18
78 -2 -8
78 -2 -10
78 -2 -20
78 -3 -2
78 -3 -4
78 -3 -5
78 -3 -7
78 -3 -10
78 -3 -12
78 -3 -17
78 -4 -3
78 -4 -8
78 -4 -9
78 -4 -10
78 -4 -13
78 -4 -14
78 -5 -4
78 -5 -5
78 -5 -8
78 -5 -9
78 -5 -22
78 -6 -8
78 -6 -15
78 -6 -18
78 -7 -3
78 -7 -16
78 -8 -11
78 -8 -15
78 -9 -1
78 -9 -5
78 -9 -6
78 -9 -11
78 -9 -13
78 -9 -15
78 -9 -17
78 -9 -21
78 -10 0
78 -10 -2
78 -10 -14
78 -10 -19
78 -10 -20
78 -11 -7
78 -12 -11
78 -12 -17
78 -13 -1
78 -13 -14
78 -13 -19
78 -14 0
78 -14 -8
78 -15 -7
78 -15 -12
78 -15 -20
78 -16 -3
78 -16 -7
78 -16 -14
78 -16 -15
78 -16 -17
78 -17 -1
78 -17 -9
78 -17 -13
78 -17 -18
78 -18 -20
78 -18 -22
78 -20 -2
78 -20 -8
78 -20 -13
78 -20 -21
78 -21 0
78 -21 -3
78 -21 -4
78 -21 -11
78 -21 -15
78 -21 -16
78 -22 0
78 -22 -4
78 -22 -6
79 0 -2
79 0 -7
79 0 -8
79 0 -9
79 0 -10
79 0 -14
79 0 -17
79 0 -22
79 -1 -1
79 -1 -2
79 -1 -11
79 -1 -13
79 -1 -18
79 -2 -8
79 -2 -10
79 -2 -20
79 -3 -2
79 -3 -4
79 -3 -5
79 -3 -7
79 -3 -10
79 -3 -12
79 -3 -17
79 -4 -3
79 -4 -8
79 -4 -9
79 -4 -10
79 -4 -13
79 -4 -14
79 -5 -4
79 -5 -5
79 -5 -8
79 -5 -9
79 -5 -22
79 -6 -8
79 -6 -15
79 -6 -18
79 -7 -3
79 -7 -16
79 -8 -11
79 -8 -15
79 -9 -1
79 -9 -5
79 -9 -6
79 -9 -11
79 -9 -13
79 -9 -15
79 -9 -17
79 -9 -21
79 -10 0
79 -10 -2
79 -10 -14
79 -10 -19
79 -10 -20
79 -11 -7
79 -12 -11
79 -12 -17
79 -13 -1
79 -13 -14
79 -13 -19
79 -14 0
79 -14 -8
79 -15 -7
79 -15 -12
79 -15 -20
79 -16 -3
79 -16 -7
79 -16 -14
79 -16 -15
79 -16 -17
79 -17 -1
79 -17 -9
79 -17 -13
79 -17 -18
79 -18 -20
79 -18 -22
79 -20 -2
79 -20 -8
79 -20 -13
79 -20 -21
79 -21 0
79 -21 -3
79 -21 -4
79 -21 -11
79 -21 -15
79 -21 -16
79 -22 0
79 -22 -4
79 -22 -6
80 0 -2
80 0 -7
80 0 -8
80 0 -9
80 0 -10
80 0 -14
80 0 -17
80 0 -22
80 -1 -1
80 -1 -2
80 -1 -11
80 -1 -13
80 -1 -18
80 -2 -8
80 -2 -10
80 -2 -20
80 -3 -2
80 -3 -4
80 -3 -5
80 -3 -7
80 -3 -10
80 -3 -12
80 -3 -17
80 -4 -3
80 -4 -8
80 -4 -9
80 -4 -10
80 -4 -13
80 -4 -14
80 -5 -4
80 -5 -5
80 -5 -8
80 -5 -9
80 -5 -22
80 -6 -8
80 -6 -15
80 -6 -18
80 -7 -3
80 -7 -16
80 -8 -11
80 -8 -15
80 -9 -1
80 -9 -5
80 -9 -6
80 -9 -11
80 -9 -13
80 -9 -15
80 -9 -17
80 -9 -21
80 -10 0
80 -10 -2
80 -10 -14
80 -10 -19
80 -10 -20
80 -11 -7
80 -12 -11
80 -12 -17
80 -13 -1
80 -13 -14
80 -13 -19
80 -14 0
80 -14 -8
80 -15 -7
80 -15 -12
80 -15 -20
80 -16 -3
80 -16 -7
80 -16 -14
80 -16 -15
80 -16 -17
80 -17 -1
80 -17 -9
80 -17 -13
80 -17 -18
80 -18 -20
80 -18 -22
80 -20 -2
80 -20 -8
80 -20 -13
80 -20 -21
80 -21 0
80 -21 -3
80 -21 -4
80 -21 -11
80 -21 -15
80 -21 -16
80 -22 0
80 -22 -4
80 -22 -6
81 0 -2
81 0 -7
81 0 -8
81 0 -9
81 0 -10
81 0 -14
81 0 -17
81 0 -22
81 -1 -1
81 -1 -2
81 -1 -11
81 -1 -13
81 -1 -18
81 -2 -8
81 -2 -10
81 -2 -20
81 -3 -2
81 -3 -4
81 -3 -5
81 -3 -7
81 -3 -10
81 -3 -12
81 -3 -17
81 -4 -3
81 -4 -8
81 -4 -9
81 -4 -10
81 -4 -13
81 -4 -14
81 -5 -4
81 -5 -5
81 -5 -8
81 -5 -9
81 -5 -22
81 -6 -8
81 -6 -15
81 -6 -18
81 -7 -3
81 -7 -16
81 -8 -11
81 -8 -15
81 -9 -1
81 -9 -5
81 -9 -6
81 -9 -11
81 -9 -13
81 -9 -15
81 -9 -17
81 -9 -21
81 -10 0
81 -10 -2
81 -10 -14
81 -10 -19
81 -10 -20
81 -11 -7
81 -12 -11
81 -12 -17
81 -13 -1
81 -13 -14
81 -13 -19
81 -14 0
81 -14 -8
81 -15 -7
81 -15 -12
81 -15 -20
81 -16 -3
81 -16 -7
81 -16 -14
81 -16 -15
81 -16 -17
81 -17 -1
81 -17 -9
81 -17 -13
81 -17 -18
81 -18 -20
81 -18 -22
81 -20 -2
81 -20 -8
81 -20 -13
81 -20 -21
81 -21 0
81 -21 -3
81 -21 -4
81 -21 -11
81 -21 -15
81 -21 -16
81 -22 0
81 -22 -4
81 -22 -6
82 0 -2
82 0 -7
82 0 -8
82 0 -9
82 0 -10
82 0 -14
82 0 -17
82 0 -22
82 -1 -1
82 -1 -2
82 -1 -11
82 -1 -13
82 -1 -18
82 -2 -8
82 -2 -10
82 -2 -20
82 -3 -2
82 -3 -4
82 -3 -5
82 -3 -7
82 -3 -10
82 -3 -12
82 -3 -17
82 -4 -3
82 -4 -8
82 -4 -9
82 -4 -10
82 -4 -13
82 -4 -14
82 -5 -4
82 -5 -5
82 -5 -8
82 -5 -9
82 -5 -22
82 -6 -8
82 -6 -15
82 -6 -18
82 -7 -3
82 -7 -16
82 -8 -11
82 -8 -15
82 -9 -1
82 -9 -5
82 -9 -6
82 -9 -11
82 -9 -13
82 -9 -15
82 -9 -17
82 -9 -21
82 -10 0
82 -10 -2
82 -10 -14
82 -10 -19
82 -10 -20
82 -11 -7
82 -12 -11
82 -12 -17
82 -13 -1
82 -13 -14
82 -13 -19
82 -14 0
82 -14 -8
82 -15 -7
82 -15 -12
82 -15 -20
82 -16 -3
82 -16 -7
82 -16 -14
82 -16 -15
82 -16 -17
82 -17 -1
82 -17 -9
82 -17 -13
82 -17 -18
82 -18 -20
82 -18 -22
82 -20 -2
82 -20 -8
82 -20 -13
82 -20 -21
82 -21 0
82 -21 -3
82 -21 -4
82 -21 -11
82 -21 -15
82 -21 -16
82 -22 0
82 -22 -4
82 -22 -6
83 0 -2
83 0 -7
83 0 -8
83 0 -9
83 0 -10
83 0 -14
83 0 -17
83 0 -22
83 -1 -1
83 -1 -2
83 -1 -11
83 -1 -13
83 -1 -18
83 -2 -8
83 -2 -10
83 -2 -20
83 -3 -2
83 -3 -4
83 -3 -5
83 -3 -7
83 -3 -10
83 -3 -12
83 -3 -17
83 -4 -3
83 -4 -8
83 -4 -9
83 -4 -10
83 -4 -13
83 -4 -14
83 -5 -4
83 -5 -5
83 -5 -8
83 -5 -9
83 -5 -22
83 -6 -8
83 -6 -15
83 -6 -18
83 -7 -3
83 -7 -16
83 -8 -11
83 -8 -15
83 -9 -1
83 -9 -5
83 -9 -6
83 -9 -11
83 -9 -13
83 -9 -15
83 -9 -17
83 -9 -21
83 -10 0
83 -10 -2
83 -10 -14
83 -10 -19
83 -10 -20
83 -11 -7
83 -12 -11
83 -12 -17
83 -13 -1
83 -13 -14
83 -13 -19
83 -14 0
83 -14 -8
83 -15 -7
83 -15 -12
83 -15 -20
83 -16 -3
83 -16 -7
83 -16 -14
83 -16 -15
83 -16 -17
83 -17 -1
83 -17 -9
83 -17 -13
83 -17 -18
83 -18 -20
83 -18 -22
83 -20 -2
83 -20 -8
83 -20 -13
83 -20 -21
83 -21 0
83 -21 -3
83 -21 -4
83 -21 -11
83 -21 -15
83 -21 -16
83 -22 0
83 -22 -4
83 -22 -6
84 0 -2
84 0 -7
84 0 -8
84 0 -9
84 0 -10
84 0 -14
84 0 -17
84 0 -22
84 -1 -1
84 -1 -2
84 -1 -11
84 -1 -13
84 -1 -18
84 -2 -8
84 -2 -10
84 -2 -20
84 -3 -2
84 -3 -4
84 -3 -5
84 -3 -7
84 -3 -10
84 -3 -12
84 -3 -17
84 -4 -3
84 -4 -8
84 -4 -9
84 -4 -10
84 -4 -13
84 -4 -14
84 -5 -4
84 -5 -5
84 -5 -8
84 -5 -9
84 -5 -22
84 -6 -8
84 -6 -15
84 -6 -18
84 -7 -3
84 -7 -16
84 -8 -11
84 -8 -15
84 -9 -1
84 -9 -5
84 -9 -6
84 -9 -11
84 -9 -13
84 -9 -15
84 -9 -17
84 -9 -21
84 -10 0
84 -10 -2
84 -10 -14
84 -10 -19
84 -10 -20
84 -11 -7
84 -12 -11
84 -12 -17
84 -13 -1
84 -13 -14
84 -13 -19
84 -14 0
84 -14 -8
84 -15 -7
84 -15 -12
84 -15 -20
84 -16 -3
84 -16 -7
84 -16 -14
84 -16 -15
84 -16 -17
84 -17 -1
84 -17 -9
84 -17 -13
84 -17 -18
84 -18 -20
84 -18 -22
84 -20 -2
84 -20 -8
84 -20 -13
84 -20 -21
84 -21 0
84 -21 -3
84 -21 -4
84 -21 -11
84 -21 -15
84 -21 -16
84 -22 0
84 -22 -4
84 -22 -6
85 0 -2
85 0 -7
85 0 -8
85 0 -9
85 0 -10
85 0 -14
85 0 -17
85 0 -22
85 -1 -1
85 -1 -2
85 -1 -11
85 -1 -13
85 -1 -18
85 -2 -8
85 -2 -10
85 -2 -20
85 -3 -2
85 -3 -4
85 -3 -5
85 -3 -7
85 -3 -10
85 -3 -12
85 -3 -17
85 -4 -3
85 -4 -8
85 -4 -9
85 -4 -10
85 -4 -13
85 -4 -14
85 -5 -4
85 -5 -5
85 -5 -8
85 -5 -9
85 -5 -22
85 -6 -8
85 -6 -15
85 -6 -18
85 -7 -3
85 -7 -16
85 -8 -11
85 -8 -15
85 -9 -1
85 -9 -5
85 -9 -6
85 -9 -11
85 -9 -13
85 -9 -15
85 -9 -17
85 -9 -21
85 -10 0
85 -10 -2
85 -10 -14
85 -10 -19
85 -10 -20
85 -11 -7
85 -12 -11
85 -12 -17
85 -13 -1
85 -13 -14
85 -13 -19
85 -14 0
85 -14 -8
85 -15 -7
85 -15 -12
85 -15 -20
85 -16 -3
85 -16 -7
85 -16 -14
85 -16 -15
85 -16 -17
85 -17 -1
85 -17 -9
85 -17 -13
85 -17 -18
85 -18 -20
85 -18 -22
85 -20 -2
85 -20 -8
85 -20 -13
85 -20 -21
85 -21 0
85 -21 -3
85 -21 -4
85 -21 -11
85 -21 -15
85 -21 -16
85 -22 0
85 -22 -4
85 -22 -6
86 0 -2
86 0 -7
86 0 -8
86 0 -9
86 0 -10
86 0 -14
86 0 -17
86 0 -22
86 -1 -1
86 -1 -2
86 -1 -11
86 -1 -13
86 -1 -18
86 -2 -8
86 -2 -10
86 -2 -20
86 -3 -2
86 -3 -4
86 -3 -5
86 -3 -7
86 -3 -10
86 -3 -12
86 -3 -17
86 -4 -3
86 -4 -8
86 -4 -9
86 -4 -10
86 -4 -13
86 -4 -14
86 -5 -4
86 -5 -5
86 -5 -8
86 -5 -9
86 -5 -22
86 -6 -8
86 -6 -15
86 -6 -18
86 -7 -3
86 -7 -16
86 -8 -11
86 -8 -15
86 -9 -1
86 -9 -5
86 -9 -6
86 -9 -11
86 -9 -13
86 -9 -15
86 -9 -17
86 -9 -21
86 -10 0
86 -10 -2
86 -10 -14
86 -10 -19
86 -10 -20
86 -11 -7
86 -12 -11
86 -12 -17
86 -13 -1
86 -13 -14
86 -13 -19
86 -14 0
86 -14 -8
86 -15 -7
86 -15 -12
86 -15 -20
86 -16 -3
86 -16 -7
86 -16 -14
86 -16 -15
86 -16 -17
86 -17 -1
86 -17 -9
86 -17 -13
86 -17 -18
86 -18 -20
86 -18 -22
86 -20 -2
86 -20 -8
86 -20 -13
86 -20 -21
86 -21 0
86 -21 -3
86 -21 -4
86 -21 -11
86 -21 -15
86 -21 -16
86 -22 0
86 -22 -4
86 -22 -6
87 0 -2
87 0 -7
87 0 -8
87 0 -9
87 0 -10
87 0 -14
87 0 -17
87 0 -22
87 -1 -1
87 -1 -2
87 -1 -11
87 -1 -13
87 -1 -18
87 -2 -8
87 -2 -10
87 -2 -20
87 -3 -2
87 -3 -4
87 -3 -5
87 -3 -7
87 -3 -10
87 -3 -12
87 -3 -17
87 -4 -3
87 -4 -8
87 -4 -9
87 -4 -10
87 -4 -13
87 -4 -14
87 -5 -4
87 -5 -5
87 -5 -8
87 -5 -9
87 -5 -22
87 -6 -8
87 -6 -15
87 -6 -18
87 -7 -3
87 -7 -16
87 -8 -11
87 -8 -15
87 -9 -1
87 -9 -5
87 -9 -6
87 -9 -11
87 -9 -13
87 -9 -15
87 -9 -17
87 -9 -21
87 -10 0
87 -10 -2
87 -10 -14
87 -10 -19
87 -10 -20
87 -11 -7
87 -12 -11
87 -12 -17
87 -13 -1
87 -13 -14
87 -13 -19
87 -14 0
87 -14 -8
87 -15 -7
87 -15 -12
87 -15 -20
87 -16 -3
87 -16 -7
87 -16 -14
87 -16 -15
87 -16 -17
87 -17 -1
87 -17 -9
87 -17 -13
87 -17 -18
87 -18 -20
87 -18 -22
87 -20 -2
87 -20 -8
87 -20 -13
87 -20 -21
87 -21 0
87 -21 -3
87 -21 -4
87 -21 -11
87 -21 -15
87 -21 -16
87 -22 0
87 -22 -4
87 -22 -6
88 0 -2
88 0 -7
88 0 -8
88 0 -9
88 0 -10
88 0 -14
88 0 -17
88 0 -22
88 -1 -1
88 -1 -2
88 -1 -11
88 -1 -13
88 -1 -18
88 -2 -8
88 -2 -10
88 -2 -20
88 -3 -2
88 -3 -4
88 -3 -5
88 -3 -7
88 -3 -10
88 -3 -12
88 -3 -17
88 -4 -3
88 -4 -8
88 -4 -9
88 -4 -10
88 -4 -13
88 -4 -14
88 -5 -4
88 -5 -5
88 -5 -8
88 -5 -9
88 -5 -22
88 -6 -8
88 -6 -15
88 -6 -18
88 -7 -3
88 -7 -16
88 -8 -11
88 -8 -15
88 -9 -1
88 -9 -5
88 -9 -6
88 -9 -11
88 -9 -13
88 -9 -15
88 -9 -17
88 -9 -21
88 -10 0
88 -10 -2
88 -10 -14
88 -10 -19
88 -10 -20
88 -11 -7
88 -12 -11
88 -12 -17
88 -13 -1
88 -13 -14
88 -13 -19
88 -14 0
88 -14 -8
88 -15 -7
88 -15 -12
88 -15 -20
88 -16 -3
88 -16 -7
88 -16 -14
88 -16 -15
88 -16 -17
88 -17 -1
88 -17 -9
88 -17 -13
88 -17 -18
88 -18 -20
88 -18 -22
88 -20 -2
88 -20 -8
88 -20 -13
88 -20 -21
88 -21 0
88 -21 -3
88 -21 -4
88 -21 -11
88 -21 -15
88 -21 -16
88 -22 0
88 -22 -4
88 -22 -6
21 15 20
26 22 6
58 18 22
77 17 18
59 13 19
66 9 21
44 3 5
68 1 11
10 3 5
25 21 4
12 21 4
10 9 13
44 9 11
27 3 2
52 21 3
74 1 18
11 17 18
11 3 17
56 18 20
60 4 14
65 3 4
67 16 17
32 21 15
47 16 17
59 1 13
61 3 5
81 21 15
32 3 10
34 6 15
55 3 12
76 20 13
45 16 7
70 17 18
57 5 9
54 2 10
39 0 17
59 11 7
0 16 14
76 17 13
19 0 14
7 9 15
5 15 7
63 4 14
48 14 8
4 1 11
1 5 22
34 4 13
78 2 10
5 22 6
56 17 13
60 1 11
68 0 14
13 9 21
58 8 11
45 14 8
53 16 15
74 0 9
59 5 4
45 9 1
84 17 13
48 0 22
13 15 7
0 0 8
13 5 9
79 13 1
85 3 4
78 0 8
58 5 4
64 7 16
58 4 3
78 0 7
0 9 13
65 16 17
72 17 18
87 13 14
47 0 17
30 9 15
57 14 8
87 0 7
73 9 13
20 3 12
35 4 8
84 0 8
6 4 14
70 12 11
18 12 11
58 3 12
69 6 15
23 21 15
84 3 2
39 2 20
38 0 8
64 7 16
17 22 0
41 20 21
78 20 2
5 9 13
55 21 4
64 21 4
56 18 22
21 17 1
0 11 7
72 17 9
43 9 15
2 20 13
59 16 3
86 17 18
7 5 5
34 13 14
11 0 2
13 5 4
72 12 17
86 14 0
87 1 2
18 10 14
53 16 14
21 20 2
82 6 15
82 0 14
74 4 13
64 6 8
8 1 2
74 3 4
74 2 20
79 3 17
67 11 7
34 2 20
42 13 14
38 6 15
42 3 10
87 11 7
18 4 13
57 13 19
37 2 8
18 18 20
61 5 4
31 20 13
59 1 18
43 0 14
14 4 8
45 15 7
9 0 7
31 6 15
63 2 10
37 1 18
64 18 20
43 3 17
77 21 0
3 16 7
62 3 12
25 18 22
16 0 22
45 0 2
87 0 22
18 12 17
25 9 6
73 21 4
78 16 15
66 16 7
76 2 20
27 4 3
83 1 18
41 9 11
87 0 7
62 0 2
83 6 15
17 20 13
28 22 0
4 1 13
58 16 14
19 1 18
32 0 10
35 15 20
26 21 0
81 10 20
67 0 10
45 0 22
41 21 3
80 8 11
19 13 14
34 9 15
62 16 15
57 6 18
21 18 20
67 3 5
57 3 10
52 16 7
38 1 13
56 10 20
44 15 12
8 0 22
56 3 12
2 10 14
28 3 2
75 17 1
82 12 11
4 11 7
6 3 7
16 3 10
62 6 18
74 6 8
16 7 16
60 4 10
23 0 14
50 12 17
5 8 11
30 14 8
48 8 11
26 2 20
17 6 15
45 8 15
64 22 6
15 5 9
39 11 7
76 4 13
44 20 8
34 16 17
3 9 21
22 0 2
17 21 11
56 21 16
13 1 13
23 20 21
38 12 17
35 8 11
3 3 12
53 3 5
63 17 18
4 11 7
32 4 14
4 4 9
73 17 13
4 3 7
14 9 6
87 4 8
59 4 14
37 2 20
6 1 2
82 13 1
13 10 0
88 21 0
6 16 7
43 20 8
74 17 18
18 10 0
41 17 9
86 14 0
8 4 14
0 8 15
41 1 2
82 13 19
47 0 8
24 4 13
15 3 2
84 4 10
13 18 22
67 17 1
15 1 2
46 9 15
69 3 4
22 0 17
33 21 15
7 9 17
0 9 17
54 8 15
0 6 18
11 9 6
42 16 3
40 4 8
36 2 10
38 18 22
78 21 11
2 0 7
25 10 0
23 17 9
14 15 12
79 13 19
88 10 20
39 3 4
26 17 18
58 22 0
50 13 1
68 3 17
29 4 10
34 10 2
80 9 5
10 14 0
26 20 8
41 5 5
43 15 20
1 13 1
82 0 22
60 21 4
51 17 13
41 9 15
61 21 4
28 10 19
23 18 22
80 9 5
63 9 21
47 0 8
35 14 0
86 5 9
23 13 19
21 7 16
56 18 22
67 9 15
62 20 13
51 3 17
55 13 19
63 5 9
29 0 7
63 10 0
34 0 14
46 20 8
3 10 2
77 3 10
50 0 9
2 3 7
57 11 7
42 18 22
10 22 6
75 3 2
6 22 4
34 17 9
46 17 13
34 1 13
39 10 14
76 4 8
73 3 4
9 0 14
65 22 0
77 9 21
13 15 7
33 8 15
86 16 15
47 21 15
23 16 3
4 8 11
83 16 7
69 21 16
8 13 14
6 3 7
12 15 7
78 3 17
42 9 21
15 3 7
64 3 5
3 11 7
53 9 5
50 3 2
33 5 8
27 12 17
55 5 5
3 14 8
78 4 9
57 0 22
64 0 9
10 15 12
15 14 0
82 9 21
76 12 11
79 1 18
53 5 8
40 9 1
55 5 8
39 20 13
30 9 21
49 1 13
9 3 2
29 21 16
2 9 21
22 20 13
23 13 19
47 0 9
52 2 20
1 6 18
34 9 13
86 10 20
53 4 10
8 6 18
80 4 3
51 9 21
42 4 10
54 9 11
28 3 10
9 21 4
65 2 10
82 6 8
4 3 10
79 12 11
84 16 15
44 0 17
55 17 18
19 16 7
37 0 17
18 0 14
65 1 13
57 21 16
77 21 3
69 4 8
59 17 9
50 12 11
79 3 4
10 5 8
57 1 11
74 0 7
47 10 14
8 20 13
43 9 5
52 5 4
39 4 8
74 9 17
8 9 17
3 8 15
13 3 2
6 0 10
30 0 10
19 10 0
29 12 11
88 15 7
23 10 19
86 4 3
36 0 9
9 15 7
29 0 2
33 17 1
86 18 20
33 4 8
54 0 9
80 21 11
41 7 3
79 1 11
83 3 17
23 8 11
70 12 17
57 5 8
38 20 13
54 14 8
37 1 11
82 4 3
14 5 8
26 0 2
79 8 15
11 17 13
13 1 11
35 20 21
42 9 17
63 16 7
58 2 8
60 16 3
20 3 10
73 2 20
10 17 18
72 0 14
44 9 17
7 5 4
55 4 14
50 6 18
78 6 18
15 13 14
9 20 21
1 21 0
47 2 20
36 3 4
57 0 14
23 4 13
20 20 2
0 1 11
46 14 0
3 3 7
41 9 11
12 1 18
28 4 14
63 21 0
52 5 4
47 3 10
21 4 8
56 4 3
82 0 14
77 3 5
80 1 2
28 4 10
52 9 21
40 14 8
72 22 0
46 20 13
35 3 4
53 10 2
28 22 6
9 21 0
22 8 15
79 1 11
14 10 2
68 21 4
22 10 0
12 16 7
7 6 8
57 21 3
8 18 22
68 0 14
38 1 2
38 2 20
74 0 14
71 3 17
88 2 20
51 21 4
80 7 16
35 17 1
34 20 2
32 16 17
81 14 8
88 20 8
86 10 0
69 17 1
73 1 1
71 0 8
47 4 13
52 15 20
26 0 7
64 9 17
19 13 14
72 10 20
39 6 8
72 17 13
26 0 7
15 3 5
88 16 17
42 5 22
12 20 13
29 16 17
73 3 4
26 3 12
82 9 17
88 4 13
45 17 18
55 6 18
59 1 13
77 15 7
70 1 1
77 0 10
15 7 3
78 6 8
28 17 18
70 7 3
15 4 13
20 10 20
22 2 10
38 20 13
85 16 15
84 0 10
64 9 15
5 9 15
56 5 22
21 4 8
26 4 3
4 22 0
15 21 16
9 2 10
80 3 5
61 5 5
41 12 11
85 0 9
46 2 10
58 4 13
64 3 17
87 10 20
51 4 9
32 0 14
73 14 8
71 22 4
8 0 9
26 6 15
8 20 21
75 3 17
31 4 10
79 4 14
29 21 4
29 21 11
71 13 1
0 0 10
25 10 14
71 21 0
42 3 10
80 0 7
50 5 9
83 20 2
80 1 13
4 1 2
1 10 20
51 22 0
60 12 11
33 21 4
11 17 9
3 21 15
68 3 10
34 10 0
39 17 13
44 16 17
81 2 10
44 20 8
2 21 11
43 0 17
31 8 11
56 9 17
66 6 18
71 2 8
77 4 3
49 2 8
78 18 22
41 21 16
66 9 13
70 1 13
24 0 22
3 1 1
71 3 2
57 1 18
66 9 5
72 21 3
65 4 14
11 9 15
23 1 1
77 1 18
50 16 15
84 0 10
33 21 15
83 9 5
70 20 8
88 16 17
37 4 10
76 21 3
39 14 0
85 0 7
63 20 13
21 9 6
18 17 1
6 5 4
16 16 14
64 20 13
8 15 12
11 9 1
14 1 2
32 21 0
25 0 2
72 0 9
3 9 15
12 18 22
77 7 16
35 16 7
13 17 18
19 9 5
40 9 6
67 1 18
27 16 17
48 16 14
46 10 0
28 17 1
77 15 12
7 1 18
44 6 8
74 9 13
2 11 7
15 9 17
4 20 8
72 22 4
88 2 8
29 14 8
10 0 10
66 3 17
2 17 1
-1 -1 -1
33
82
48
7
8
75
71
55
47
73
54
60
31
22
6
26
76
35
77
13
46
4
25
49
14
18
87
15
67
36
43
39
3
51
53
61
27
88
68
37
78
83
32
63
20
41
10
50
12
74
70
69
57
9
44
80
23
56
79
34
86
2
21
84
28
72
11
66
85
5
59
58
17
38
19
16
64
24
65
0
45
42
52
30
1
62
29
40
81
  3.807193 seconds (42.67 M allocations: 1.114 GiB, 3.62% gc time)
