950 0 0 0 0 0 0 0 0 0 0 0 0 0 0 0 0 0 0 0 0 0 0 0 0 0 0 0 0 0 0 0 0 0 0
0 0 0 0 0 0 0 0 0 0 0 0 0 0 0 0 0 0 0 0 0 0 0 0 0 0 0 0 0 0 0 0 0 0 0
0 0 0 0 0 0 0 0 0 0 0 0 0 0 0 0 0 0 0 0 0 0 0 0 0 0 0 0 0 0 0 0 0 0 0
0 0 0 0 0 0 0 0 0 0 0 0 0 0 0 0 0 0 0 0 0 0 0 0 0 0 0 0 0 0 0 0 0 0 0
0 0 0 0 0 0 0 0 0 0 0 0 0 0 0 0 0 0 0 0 0 0 0 0 0 0 0 0 0 0 0 0 0 0 0
0 0 0 0 0 0 0 0 0 0 0 0 0 0 0 0 0 0 0 0 0 0 0 0 0 0 0 0 0 0 0 0 0 0 0
0 0 0 0 0 0 0 0 0 0 0 0 0 0 0 0 0 0 0 0 0 0 0 0 0 0 0 0 0 0 0 0 0 0 0
0 0 0 0 0 0 0 0 0 0 0 0 0 0 0 0 0 0 0 0 0 0 0 0 0 0 0 0 0 0 0 0 0 0 0
0 0 0 0 0 0 0 0 0 0 0 0 0 0 0 0 0 0 0 0 0 0 0 0 0 0 0 0 0 0 0 0 0 0 0
0 0 0 0 0 0 0 0 0 0 0 0 0 0 0 0 0 0 0 0 0 0 0 0 0 0 0 0 0 0 0 0 0 0 0
0 0 0 0 0 0 0 0 0 0 0 0 0 0 0 0 0 0 0 0 0 0 0 0 0 0 0 0 0 0 0 0 0 0 0
0 0 0 0 0 0 0 0 0 0 0 0 0 0 0 0 0 0 0 0 0 0 0 0 0 0 0 0 0 0 0 0 0 0 0
0 0 0 0 0 0 0 0 0 0 0 0 0 0 0 0 0 0 0 0 0 0 0 0 0 0 0 0 0 0 0 0 0 0 0
0 0 0 0 0 0 0 0 0 0 0 0 0 0 0 0 0 0 0 0 0 0 0 0 0 0 0 0 0 0 0 0 0 0 0
0 0 0 0 0 0 0 0 0 0 0 0 0 0 0 0 0 0 0 0 0 0 0 0 0 0 0 0 0 0 0 0 0 0 0
0 0 0 0 0 0 0 0 0 0 0 0 0 0 0 0 0 0 0 0 0 0 0 0 0 0 0 0 0 0 0 0 0 0 0
0 0 0 0 0 0 0 0 0 0 0 0 0 0 0 0 0 0 0 0 0 0 0 0 0 0 0 0 0 0 0 0 0 0 0
0 0 0 0 0 0 0 0 0 0 0 0 0 0 0 0 0 0 0 0 0 0 0 0 0 0 0 0 0 0 0 0 0 0 0
0 0 0 0 0 0 0 0 0 0 0 0 0 0 0 0 0 0 0 0 0 0 0 0 0 0 0 0 0 0 0 0 0 0 0
0 0 0 0 0 0 0 0 0 0 0 0 0 0 0 0 0 0 0 0 0 0 0 0 0 0 0 0 0 0 0 0 0 0 0
0 0 0 0 0 0 0 0 0 0 0 0 0 0 0 0 0 0 0 0 0 0 0 0 0 0 0 0 0 0 0 0 0 0 0
0 0 0 0 0 0 0 0 0 0 0 0 0 0 0 0 0 0 0 0 0 0 0 0 0 0 0 0 0 0 0 0 0 0 0
0 0 0 0 0 0 0 0 0 0 0 0 0 0 0 0 0 0 0 0 0 0 0 0 0 0 0 0 0 0 0 0 0 0 0
0 0 0 0 0 0 0 0 0 0 0 0 0 0 0 0 0 0 0 0 0 0 0 0 0 0 0 0 0 0 0 0 0 0 0
0 0 0 0 0 0 0 0 0 0 0 0 0 0 0 0 0 0 0 0 0 0 0 0 0 0 0 0 0 0 0 0 0 0 0
0 0 0 0 0 0 0 0 0 0 0 0 0 0 0 0 0 0 0 0 0 0 0 0 0 0 0 0 0 0 0 0 0 0 0
0 0 0 0 0 0 0 0 0 0 0 0 0 0 0 0 0 0 0 0 0 0 0 0 0 0 0 0 0 0 0 0 0 0 0
0 0 0 0 0 0 0 0 0 0 0 0 0 0 0 0 0 0 0 0 0 0 0 0 0 0 0 0 0 0 0 0 0 0 0
0 0 0 0 0 0 0 0 0 0 0 0 0 0 0 0 0 0 0 0 0 0 0 0 0 0 0 0 0 0 0 0 0 0 0
0 0 0 0 0 0 0 0 0 0 0 0 0 0 0 0 0 0 0 0 0 0 0 0 0 0 0 0 0 0 0 0 0 0 0
0 0 0 0 0 0 0 0 0 0 0 0 0 0 0 0 0 0 0 0 0 0 0 0 0 0 0 0 0 0 0 0 0 0 0
0 0 0 0 0 0 0 0 0 0 0 0 0 0 0 0 0 0 0 0 0 0 0 0 0 0 0 0 0 0 0 0 0 0 0
0 0 0 0 0 0 0 0 0 0 0 0 0 0 0 0 0 0 0 0 0 0 0 0 0 0 0 0 0 0 0 0 0 0 0
0 0 0 0 0 0 0 0 0 0 0 0 0 0 0 0 0 0 0 0 0 0 0 0 0 0 0 0 0 0 0 0 0 0 0
0 0 0 0 0 0 0 0 0 0 0 0 0 0 0 0 0 0 0 0 0 0 0 0 0 0 0 0 0 0 0 0 0 0 0
0 0 -11
0 0 -22
0 0 -27
0 0 -33
0 -1 0
0 -2 -27
0 -3 -24
0 -4 -8
0 -4 -18
0 -4 -19
0 -5 -4
0 -6 -12
0 -6 -15
0 -7 -25
0 -8 -15
0 -9 -10
0 -10 -26
0 -11 -5
0 -11 -8
0 -11 -24
0 -12 -2
0 -12 -20
0 -12 -24
0 -13 -11
0 -13 -32
0 -15 -6
0 -15 -19
0 -17 -11
0 -18 -16
0 -18 -25
0 -18 -31
0 -19 -4
0 -19 -12
0 -19 -23
0 -20 -12
0 -20 -20
0 -21 -18
0 -21 -19
0 -21 -20
0 -21 -34
0 -23 -17
0 -23 -27
0 -24 -2
0 -24 -11
0 -25 -4
0 -26 -12
0 -26 -19
0 -27 -2
0 -27 -31
0 -28 -22
0 -29 -11
0 -29 -14
0 -29 -28
0 -29 -33
0 -30 -31
0 -31 -3
0 -32 -13
0 -33 -7
0 -33 -20
0 -34 -10
0 -34 -17
1 0 -11
1 0 -22
1 0 -27
1 0 -33
1 -1 0
1 -2 -27
1 -3 -24
1 -4 -8
1 -4 -18
1 -4 -19
1 -5 -4
1 -6 -12
1 -6 -15
1 -7 -25
1 -8 -15
1 -9 -10
1 -10 -26
1 -11 -5
1 -11 -8
1 -11 -24
1 -12 -2
1 -12 -20
1 -12 -24
1 -13 -11
1 -13 -32
1 -15 -6
1 -15 -19
1 -17 -11
1 -18 -16
1 -18 -25
1 -18 -31
1 -19 -4
1 -19 -12
1 -19 -23
1 -20 -12
1 -20 -20
1 -21 -18
1 -21 -19
1 -21 -20
1 -21 -34
1 -23 -17
1 -23 -27
1 -24 -2
1 -24 -11
1 -25 -4
1 -26 -12
1 -26 -19
1 -27 -2
1 -27 -31
1 -28 -22
1 -29 -11
1 -29 -14
1 -29 -28
1 -29 -33
1 -30 -31
1 -31 -3
1 -32 -13
1 -33 -7
1 -33 -20
1 -34 -10
1 -34 -17
2 0 -11
2 0 -22
2 0 -27
2 0 -33
2 -1 0
2 -2 -27
2 -3 -24
2 -4 -8
2 -4 -18
2 -4 -19
2 -5 -4
2 -6 -12
2 -6 -15
2 -7 -25
2 -8 -15
2 -9 -10
2 -10 -26
2 -11 -5
2 -11 -8
2 -11 -24
2 -12 -2
2 -12 -20
2 -12 -24
2 -13 -11
2 -13 -32
2 -15 -6
2 -15 -19
2 -17 -11
2 -18 -16
2 -18 -25
2 -18 -31
2 -19 -4
2 -19 -12
2 -19 -23
2 -20 -12
2 -20 -20
2 -21 -18
2 -21 -19
2 -21 -20
2 -21 -34
2 -23 -17
2 -23 -27
2 -24 -2
2 -24 -11
2 -25 -4
2 -26 -12
2 -26 -19
2 -27 -2
2 -27 -31
2 -28 -22
2 -29 -11
2 -29 -14
2 -29 -28
2 -29 -33
2 -30 -31
2 -31 -3
2 -32 -13
2 -33 -7
2 -33 -20
2 -34 -10
2 -34 -17
3 0 -11
3 0 -22
3 0 -27
3 0 -33
3 -1 0
3 -2 -27
3 -3 -24
3 -4 -8
3 -4 -18
3 -4 -19
3 -5 -4
3 -6 -12
3 -6 -15
3 -7 -25
3 -8 -15
3 -9 -10
3 -10 -26
3 -11 -5
3 -11 -8
3 -11 -24
3 -12 -2
3 -12 -20
3 -12 -24
3 -13 -11
3 -13 -32
3 -15 -6
3 -15 -19
3 -17 -11
3 -18 -16
3 -18 -25
3 -18 -31
3 -19 -4
3 -19 -12
3 -19 -23
3 -20 -12
3 -20 -20
3 -21 -18
3 -21 -19
3 -21 -20
3 -21 -34
3 -23 -17
3 -23 -27
3 -24 -2
3 -24 -11
3 -25 -4
3 -26 -12
3 -26 -19
3 -27 -2
3 -27 -31
3 -28 -22
3 -29 -11
3 -29 -14
3 -29 -28
3 -29 -33
3 -30 -31
3 -31 -3
3 -32 -13
3 -33 -7
3 -33 -20
3 -34 -10
3 -34 -17
4 0 -11
4 0 -22
4 0 -27
4 0 -33
4 -1 0
4 -2 -27
4 -3 -24
4 -4 -8
4 -4 -18
4 -4 -19
4 -5 -4
4 -6 -12
4 -6 -15
4 -7 -25
4 -8 -15
4 -9 -10
4 -10 -26
4 -11 -5
4 -11 -8
4 -11 -24
4 -12 -2
4 -12 -20
4 -12 -24
4 -13 -11
4 -13 -32
4 -15 -6
4 -15 -19
4 -17 -11
4 -18 -16
4 -18 -25
4 -18 -31
4 -19 -4
4 -19 -12
4 -19 -23
4 -20 -12
4 -20 -20
4 -21 -18
4 -21 -19
4 -21 -20
4 -21 -34
4 -23 -17
4 -23 -27
4 -24 -2
4 -24 -11
4 -25 -4
4 -26 -12
4 -26 -19
4 -27 -2
4 -27 -31
4 -28 -22
4 -29 -11
4 -29 -14
4 -29 -28
4 -29 -33
4 -30 -31
4 -31 -3
4 -32 -13
4 -33 -7
4 -33 -20
4 -34 -10
4 -34 -17
5 0 -11
5 0 -22
5 0 -27
5 0 -33
5 -1 0
5 -2 -27
5 -3 -24
5 -4 -8
5 -4 -18
5 -4 -19
5 -5 -4
5 -6 -12
5 -6 -15
5 -7 -25
5 -8 -15
5 -9 -10
5 -10 -26
5 -11 -5
5 -11 -8
5 -11 -24
5 -12 -2
5 -12 -20
5 -12 -24
5 -13 -11
5 -13 -32
5 -15 -6
5 -15 -19
5 -17 -11
5 -18 -16
5 -18 -25
5 -18 -31
5 -19 -4
5 -19 -12
5 -19 -23
5 -20 -12
5 -20 -20
5 -21 -18
5 -21 -19
5 -21 -20
5 -21 -34
5 -23 -17
5 -23 -27
5 -24 -2
5 -24 -11
5 -25 -4
5 -26 -12
5 -26 -19
5 -27 -2
5 -27 -31
5 -28 -22
5 -29 -11
5 -29 -14
5 -29 -28
5 -29 -33
5 -30 -31
5 -31 -3
5 -32 -13
5 -33 -7
5 -33 -20
5 -34 -10
5 -34 -17
6 0 -11
6 0 -22
6 0 -27
6 0 -33
6 -1 0
6 -2 -27
6 -3 -24
6 -4 -8
6 -4 -18
6 -4 -19
6 -5 -4
6 -6 -12
6 -6 -15
6 -7 -25
6 -8 -15
6 -9 -10
6 -10 -26
6 -11 -5
6 -11 -8
6 -11 -24
6 -12 -2
6 -12 -20
6 -12 -24
6 -13 -11
6 -13 -32
6 -15 -6
6 -15 -19
6 -17 -11
6 -18 -16
6 -18 -25
6 -18 -31
6 -19 -4
6 -19 -12
6 -19 -23
6 -20 -12
6 -20 -20
6 -21 -18
6 -21 -19
6 -21 -20
6 -21 -34
6 -23 -17
6 -23 -27
6 -24 -2
6 -24 -11
6 -25 -4
6 -26 -12
6 -26 -19
6 -27 -2
6 -27 -31
6 -28 -22
6 -29 -11
6 -29 -14
6 -29 -28
6 -29 -33
6 -30 -31
6 -31 -3
6 -32 -13
6 -33 -7
6 -33 -20
6 -34 -10
6 -34 -17
7 0 -11
7 0 -22
7 0 -27
7 0 -33
7 -1 0
7 -2 -27
7 -3 -24
7 -4 -8
7 -4 -18
7 -4 -19
7 -5 -4
7 -6 -12
7 -6 -15
7 -7 -25
7 -8 -15
7 -9 -10
7 -10 -26
7 -11 -5
7 -11 -8
7 -11 -24
7 -12 -2
7 -12 -20
7 -12 -24
7 -13 -11
7 -13 -32
7 -15 -6
7 -15 -19
7 -17 -11
7 -18 -16
7 -18 -25
7 -18 -31
7 -19 -4
7 -19 -12
7 -19 -23
7 -20 -12
7 -20 -20
7 -21 -18
7 -21 -19
7 -21 -20
7 -21 -34
7 -23 -17
7 -23 -27
7 -24 -2
7 -24 -11
7 -25 -4
7 -26 -12
7 -26 -19
7 -27 -2
7 -27 -31
7 -28 -22
7 -29 -11
7 -29 -14
7 -29 -28
7 -29 -33
7 -30 -31
7 -31 -3
7 -32 -13
7 -33 -7
7 -33 -20
7 -34 -10
7 -34 -17
8 0 -11
8 0 -22
8 0 -27
8 0 -33
8 -1 0
8 -2 -27
8 -3 -24
8 -4 -8
8 -4 -18
8 -4 -19
8 -5 -4
8 -6 -12
8 -6 -15
8 -7 -25
8 -8 -15
8 -9 -10
8 -10 -26
8 -11 -5
8 -11 -8
8 -11 -24
8 -12 -2
8 -12 -20
8 -12 -24
8 -13 -11
8 -13 -32
8 -15 -6
8 -15 -19
8 -17 -11
8 -18 -16
8 -18 -25
8 -18 -31
8 -19 -4
8 -19 -12
8 -19 -23
8 -20 -12
8 -20 -20
8 -21 -18
8 -21 -19
8 -21 -20
8 -21 -34
8 -23 -17
8 -23 -27
8 -24 -2
8 -24 -11
8 -25 -4
8 -26 -12
8 -26 -19
8 -27 -2
8 -27 -31
8 -28 -22
8 -29 -11
8 -29 -14
8 -29 -28
8 -29 -33
8 -30 -31
8 -31 -3
8 -32 -13
8 -33 -7
8 -33 -20
8 -34 -10
8 -34 -17
9 0 -11
9 0 -22
9 0 -27
9 0 -33
9 -1 0
9 -2 -27
9 -3 -24
9 -4 -8
9 -4 -18
9 -4 -19
9 -5 -4
9 -6 -12
9 -6 -15
9 -7 -25
9 -8 -15
9 -9 -10
9 -10 -26
9 -11 -5
9 -11 -8
9 -11 -24
9 -12 -2
9 -12 -20
9 -12 -24
9 -13 -11
9 -13 -32
9 -15 -6
9 -15 -19
9 -17 -11
9 -18 -16
9 -18 -25
9 -18 -31
9 -19 -4
9 -19 -12
9 -19 -23
9 -20 -12
9 -20 -20
9 -21 -18
9 -21 -19
9 -21 -20
9 -21 -34
9 -23 -17
9 -23 -27
9 -24 -2
9 -24 -11
9 -25 -4
9 -26 -12
9 -26 -19
9 -27 -2
9 -27 -31
9 -28 -22
9 -29 -11
9 -29 -14
9 -29 -28
9 -29 -33
9 -30 -31
9 -31 -3
9 -32 -13
9 -33 -7
9 -33 -20
9 -34 -10
9 -34 -17
10 0 -11
10 0 -22
10 0 -27
10 0 -33
10 -1 0
10 -2 -27
10 -3 -24
10 -4 -8
10 -4 -18
10 -4 -19
10 -5 -4
10 -6 -12
10 -6 -15
10 -7 -25
10 -8 -15
10 -9 -10
10 -10 -26
10 -11 -5
10 -11 -8
10 -11 -24
10 -12 -2
10 -12 -20
10 -12 -24
10 -13 -11
10 -13 -32
10 -15 -6
10 -15 -19
10 -17 -11
10 -18 -16
10 -18 -25
10 -18 -31
10 -19 -4
10 -19 -12
10 -19 -23
10 -20 -12
10 -20 -20
10 -21 -18
10 -21 -19
10 -21 -20
10 -21 -34
10 -23 -17
10 -23 -27
10 -24 -2
10 -24 -11
10 -25 -4
10 -26 -12
10 -26 -19
10 -27 -2
10 -27 -31
10 -28 -22
10 -29 -11
10 -29 -14
10 -29 -28
10 -29 -33
10 -30 -31
10 -31 -3
10 -32 -13
10 -33 -7
10 -33 -20
10 -34 -10
10 -34 -17
11 0 -11
11 0 -22
11 0 -27
11 0 -33
11 -1 0
11 -2 -27
11 -3 -24
11 -4 -8
11 -4 -18
11 -4 -19
11 -5 -4
11 -6 -12
11 -6 -15
11 -7 -25
11 -8 -15
11 -9 -10
11 -10 -26
11 -11 -5
11 -11 -8
11 -11 -24
11 -12 -2
11 -12 -20
11 -12 -24
11 -13 -11
11 -13 -32
11 -15 -6
11 -15 -19
11 -17 -11
11 -18 -16
11 -18 -25
11 -18 -31
11 -19 -4
11 -19 -12
11 -19 -23
11 -20 -12
11 -20 -20
11 -21 -18
11 -21 -19
11 -21 -20
11 -21 -34
11 -23 -17
11 -23 -27
11 -24 -2
11 -24 -11
11 -25 -4
11 -26 -12
11 -26 -19
11 -27 -2
11 -27 -31
11 -28 -22
11 -29 -11
11 -29 -14
11 -29 -28
11 -29 -33
11 -30 -31
11 -31 -3
11 -32 -13
11 -33 -7
11 -33 -20
11 -34 -10
11 -34 -17
12 0 -11
12 0 -22
12 0 -27
12 0 -33
12 -1 0
12 -2 -27
12 -3 -24
12 -4 -8
12 -4 -18
12 -4 -19
12 -5 -4
12 -6 -12
12 -6 -15
12 -7 -25
12 -8 -15
12 -9 -10
12 -10 -26
12 -11 -5
12 -11 -8
12 -11 -24
12 -12 -2
12 -12 -20
12 -12 -24
12 -13 -11
12 -13 -32
12 -15 -6
12 -15 -19
12 -17 -11
12 -18 -16
12 -18 -25
12 -18 -31
12 -19 -4
12 -19 -12
12 -19 -23
12 -20 -12
12 -20 -20
12 -21 -18
12 -21 -19
12 -21 -20
12 -21 -34
12 -23 -17
12 -23 -27
12 -24 -2
12 -24 -11
12 -25 -4
12 -26 -12
12 -26 -19
12 -27 -2
12 -27 -31
12 -28 -22
12 -29 -11
12 -29 -14
12 -29 -28
12 -29 -33
12 -30 -31
12 -31 -3
12 -32 -13
12 -33 -7
12 -33 -20
12 -34 -10
12 -34 -17
13 0 -11
13 0 -22
13 0 -27
13 0 -33
13 -1 0
13 -2 -27
13 -3 -24
13 -4 -8
13 -4 -18
13 -4 -19
13 -5 -4
13 -6 -12
13 -6 -15
13 -7 -25
13 -8 -15
13 -9 -10
13 -10 -26
13 -11 -5
13 -11 -8
13 -11 -24
13 -12 -2
13 -12 -20
13 -12 -24
13 -13 -11
13 -13 -32
13 -15 -6
13 -15 -19
13 -17 -11
13 -18 -16
13 -18 -25
13 -18 -31
13 -19 -4
13 -19 -12
13 -19 -23
13 -20 -12
13 -20 -20
13 -21 -18
13 -21 -19
13 -21 -20
13 -21 -34
13 -23 -17
13 -23 -27
13 -24 -2
13 -24 -11
13 -25 -4
13 -26 -12
13 -26 -19
13 -27 -2
13 -27 -31
13 -28 -22
13 -29 -11
13 -29 -14
13 -29 -28
13 -29 -33
13 -30 -31
13 -31 -3
13 -32 -13
13 -33 -7
13 -33 -20
13 -34 -10
13 -34 -17
14 0 -11
14 0 -22
14 0 -27
14 0 -33
14 -1 0
14 -2 -27
14 -3 -24
14 -4 -8
14 -4 -18
14 -4 -19
14 -5 -4
14 -6 -12
14 -6 -15
14 -7 -25
14 -8 -15
14 -9 -10
14 -10 -26
14 -11 -5
14 -11 -8
14 -11 -24
14 -12 -2
14 -12 -20
14 -12 -24
14 -13 -11
14 -13 -32
14 -15 -6
14 -15 -19
14 -17 -11
14 -18 -16
14 -18 -25
14 -18 -31
14 -19 -4
14 -19 -12
14 -19 -23
14 -20 -12
14 -20 -20
14 -21 -18
14 -21 -19
14 -21 -20
14 -21 -34
14 -23 -17
14 -23 -27
14 -24 -2
14 -24 -11
14 -25 -4
14 -26 -12
14 -26 -19
14 -27 -2
14 -27 -31
14 -28 -22
14 -29 -11
14 -29 -14
14 -29 -28
14 -29 -33
14 -30 -31
14 -31 -3
14 -32 -13
14 -33 -7
14 -33 -20
14 -34 -10
14 -34 -17
15 0 -11
15 0 -22
15 0 -27
15 0 -33
15 -1 0
15 -2 -27
15 -3 -24
15 -4 -8
15 -4 -18
15 -4 -19
15 -5 -4
15 -6 -12
15 -6 -15
15 -7 -25
15 -8 -15
15 -9 -10
15 -10 -26
15 -11 -5
15 -11 -8
15 -11 -24
15 -12 -2
15 -12 -20
15 -12 -24
15 -13 -11
15 -13 -32
15 -15 -6
15 -15 -19
15 -17 -11
15 -18 -16
15 -18 -25
15 -18 -31
15 -19 -4
15 -19 -12
15 -19 -23
15 -20 -12
15 -20 -20
15 -21 -18
15 -21 -19
15 -21 -20
15 -21 -34
15 -23 -17
15 -23 -27
15 -24 -2
15 -24 -11
15 -25 -4
15 -26 -12
15 -26 -19
15 -27 -2
15 -27 -31
15 -28 -22
15 -29 -11
15 -29 -14
15 -29 -28
15 -29 -33
15 -30 -31
15 -31 -3
15 -32 -13
15 -33 -7
15 -33 -20
15 -34 -10
15 -34 -17
16 0 -11
16 0 -22
16 0 -27
16 0 -33
16 -1 0
16 -2 -27
16 -3 -24
16 -4 -8
16 -4 -18
16 -4 -19
16 -5 -4
16 -6 -12
16 -6 -15
16 -7 -25
16 -8 -15
16 -9 -10
16 -10 -26
16 -11 -5
16 -11 -8
16 -11 -24
16 -12 -2
16 -12 -20
16 -12 -24
16 -13 -11
16 -13 -32
16 -15 -6
16 -15 -19
16 -17 -11
16 -18 -16
16 -18 -25
16 -18 -31
16 -19 -4
16 -19 -12
16 -19 -23
16 -20 -12
16 -20 -20
16 -21 -18
16 -21 -19
16 -21 -20
16 -21 -34
16 -23 -17
16 -23 -27
16 -24 -2
16 -24 -11
16 -25 -4
16 -26 -12
16 -26 -19
16 -27 -2
16 -27 -31
16 -28 -22
16 -29 -11
16 -29 -14
16 -29 -28
16 -29 -33
16 -30 -31
16 -31 -3
16 -32 -13
16 -33 -7
16 -33 -20
16 -34 -10
16 -34 -17
17 0 -11
17 0 -22
17 0 -27
17 0 -33
17 -1 0
17 -2 -27
17 -3 -24
17 -4 -8
17 -4 -18
17 -4 -19
17 -5 -4
17 -6 -12
17 -6 -15
17 -7 -25
17 -8 -15
17 -9 -10
17 -10 -26
17 -11 -5
17 -11 -8
17 -11 -24
17 -12 -2
17 -12 -20
17 -12 -24
17 -13 -11
17 -13 -32
17 -15 -6
17 -15 -19
17 -17 -11
17 -18 -16
17 -18 -25
17 -18 -31
17 -19 -4
17 -19 -12
17 -19 -23
17 -20 -12
17 -20 -20
17 -21 -18
17 -21 -19
17 -21 -20
17 -21 -34
17 -23 -17
17 -23 -27
17 -24 -2
17 -24 -11
17 -25 -4
17 -26 -12
17 -26 -19
17 -27 -2
17 -27 -31
17 -28 -22
17 -29 -11
17 -29 -14
17 -29 -28
17 -29 -33
17 -30 -31
17 -31 -3
17 -32 -13
17 -33 -7
17 -33 -20
17 -34 -10
17 -34 -17
18 0 -11
18 0 -22
18 0 -27
18 0 -33
18 -1 0
18 -2 -27
18 -3 -24
18 -4 -8
18 -4 -18
18 -4 -19
18 -5 -4
18 -6 -12
18 -6 -15
18 -7 -25
18 -8 -15
18 -9 -10
18 -10 -26
18 -11 -5
18 -11 -8
18 -11 -24
18 -12 -2
18 -12 -20
18 -12 -24
18 -13 -11
18 -13 -32
18 -15 -6
18 -15 -19
18 -17 -11
18 -18 -16
18 -18 -25
18 -18 -31
18 -19 -4
18 -19 -12
18 -19 -23
18 -20 -12
18 -20 -20
18 -21 -18
18 -21 -19
18 -21 -20
18 -21 -34
18 -23 -17
18 -23 -27
18 -24 -2
18 -24 -11
18 -25 -4
18 -26 -12
18 -26 -19
18 -27 -2
18 -27 -31
18 -28 -22
18 -29 -11
18 -29 -14
18 -29 -28
18 -29 -33
18 -30 -31
18 -31 -3
18 -32 -13
18 -33 -7
18 -33 -20
18 -34 -10
18 -34 -17
19 0 -11
19 0 -22
19 0 -27
19 0 -33
19 -1 0
19 -2 -27
19 -3 -24
19 -4 -8
19 -4 -18
19 -4 -19
19 -5 -4
19 -6 -12
19 -6 -15
19 -7 -25
19 -8 -15
19 -9 -10
19 -10 -26
19 -11 -5
19 -11 -8
19 -11 -24
19 -12 -2
19 -12 -20
19 -12 -24
19 -13 -11
19 -13 -32
19 -15 -6
19 -15 -19
19 -17 -11
19 -18 -16
19 -18 -25
19 -18 -31
19 -19 -4
19 -19 -12
19 -19 -23
19 -20 -12
19 -20 -20
19 -21 -18
19 -21 -19
19 -21 -20
19 -21 -34
19 -23 -17
19 -23 -27
19 -24 -2
19 -24 -11
19 -25 -4
19 -26 -12
19 -26 -19
19 -27 -2
19 -27 -31
19 -28 -22
19 -29 -11
19 -29 -14
19 -29 -28
19 -29 -33
19 -30 -31
19 -31 -3
19 -32 -13
19 -33 -7
19 -33 -20
19 -34 -10
19 -34 -17
20 0 -11
20 0 -22
20 0 -27
20 0 -33
20 -1 0
20 -2 -27
20 -3 -24
20 -4 -8
20 -4 -18
20 -4 -19
20 -5 -4
20 -6 -12
20 -6 -15
20 -7 -25
20 -8 -15
20 -9 -10
20 -10 -26
20 -11 -5
20 -11 -8
20 -11 -24
20 -12 -2
20 -12 -20
20 -12 -24
20 -13 -11
20 -13 -32
20 -15 -6
20 -15 -19
20 -17 -11
20 -18 -16
20 -18 -25
20 -18 -31
20 -19 -4
20 -19 -12
20 -19 -23
20 -20 -12
20 -20 -20
20 -21 -18
20 -21 -19
20 -21 -20
20 -21 -34
20 -23 -17
20 -23 -27
20 -24 -2
20 -24 -11
20 -25 -4
20 -26 -12
20 -26 -19
20 -27 -2
20 -27 -31
20 -28 -22
20 -29 -11
20 -29 -14
20 -29 -28
20 -29 -33
20 -30 -31
20 -31 -3
20 -32 -13
20 -33 -7
20 -33 -20
20 -34 -10
20 -34 -17
21 0 -11
21 0 -22
21 0 -27
21 0 -33
21 -1 0
21 -2 -27
21 -3 -24
21 -4 -8
21 -4 -18
21 -4 -19
21 -5 -4
21 -6 -12
21 -6 -15
21 -7 -25
21 -8 -15
21 -9 -10
21 -10 -26
21 -11 -5
21 -11 -8
21 -11 -24
21 -12 -2
21 -12 -20
21 -12 -24
21 -13 -11
21 -13 -32
21 -15 -6
21 -15 -19
21 -17 -11
21 -18 -16
21 -18 -25
21 -18 -31
21 -19 -4
21 -19 -12
21 -19 -23
21 -20 -12
21 -20 -20
21 -21 -18
21 -21 -19
21 -21 -20
21 -21 -34
21 -23 -17
21 -23 -27
21 -24 -2
21 -24 -11
21 -25 -4
21 -26 -12
21 -26 -19
21 -27 -2
21 -27 -31
21 -28 -22
21 -29 -11
21 -29 -14
21 -29 -28
21 -29 -33
21 -30 -31
21 -31 -3
21 -32 -13
21 -33 -7
21 -33 -20
21 -34 -10
21 -34 -17
22 0 -11
22 0 -22
22 0 -27
22 0 -33
22 -1 0
22 -2 -27
22 -3 -24
22 -4 -8
22 -4 -18
22 -4 -19
22 -5 -4
22 -6 -12
22 -6 -15
22 -7 -25
22 -8 -15
22 -9 -10
22 -10 -26
22 -11 -5
22 -11 -8
22 -11 -24
22 -12 -2
22 -12 -20
22 -12 -24
22 -13 -11
22 -13 -32
22 -15 -6
22 -15 -19
22 -17 -11
22 -18 -16
22 -18 -25
22 -18 -31
22 -19 -4
22 -19 -12
22 -19 -23
22 -20 -12
22 -20 -20
22 -21 -18
22 -21 -19
22 -21 -20
22 -21 -34
22 -23 -17
22 -23 -27
22 -24 -2
22 -24 -11
22 -25 -4
22 -26 -12
22 -26 -19
22 -27 -2
22 -27 -31
22 -28 -22
22 -29 -11
22 -29 -14
22 -29 -28
22 -29 -33
22 -30 -31
22 -31 -3
22 -32 -13
22 -33 -7
22 -33 -20
22 -34 -10
22 -34 -17
23 0 -11
23 0 -22
23 0 -27
23 0 -33
23 -1 0
23 -2 -27
23 -3 -24
23 -4 -8
23 -4 -18
23 -4 -19
23 -5 -4
23 -6 -12
23 -6 -15
23 -7 -25
23 -8 -15
23 -9 -10
23 -10 -26
23 -11 -5
23 -11 -8
23 -11 -24
23 -12 -2
23 -12 -20
23 -12 -24
23 -13 -11
23 -13 -32
23 -15 -6
23 -15 -19
23 -17 -11
23 -18 -16
23 -18 -25
23 -18 -31
23 -19 -4
23 -19 -12
23 -19 -23
23 -20 -12
23 -20 -20
23 -21 -18
23 -21 -19
23 -21 -20
23 -21 -34
23 -23 -17
23 -23 -27
23 -24 -2
23 -24 -11
23 -25 -4
23 -26 -12
23 -26 -19
23 -27 -2
23 -27 -31
23 -28 -22
23 -29 -11
23 -29 -14
23 -29 -28
23 -29 -33
23 -30 -31
23 -31 -3
23 -32 -13
23 -33 -7
23 -33 -20
23 -34 -10
23 -34 -17
24 0 -11
24 0 -22
24 0 -27
24 0 -33
24 -1 0
24 -2 -27
24 -3 -24
24 -4 -8
24 -4 -18
24 -4 -19
24 -5 -4
24 -6 -12
24 -6 -15
24 -7 -25
24 -8 -15
24 -9 -10
24 -10 -26
24 -11 -5
24 -11 -8
24 -11 -24
24 -12 -2
24 -12 -20
24 -12 -24
24 -13 -11
24 -13 -32
24 -15 -6
24 -15 -19
24 -17 -11
24 -18 -16
24 -18 -25
24 -18 -31
24 -19 -4
24 -19 -12
24 -19 -23
24 -20 -12
24 -20 -20
24 -21 -18
24 -21 -19
24 -21 -20
24 -21 -34
24 -23 -17
24 -23 -27
24 -24 -2
24 -24 -11
24 -25 -4
24 -26 -12
24 -26 -19
24 -27 -2
24 -27 -31
24 -28 -22
24 -29 -11
24 -29 -14
24 -29 -28
24 -29 -33
24 -30 -31
24 -31 -3
24 -32 -13
24 -33 -7
24 -33 -20
24 -34 -10
24 -34 -17
25 0 -11
25 0 -22
25 0 -27
25 0 -33
25 -1 0
25 -2 -27
25 -3 -24
25 -4 -8
25 -4 -18
25 -4 -19
25 -5 -4
25 -6 -12
25 -6 -15
25 -7 -25
25 -8 -15
25 -9 -10
25 -10 -26
25 -11 -5
25 -11 -8
25 -11 -24
25 -12 -2
25 -12 -20
25 -12 -24
25 -13 -11
25 -13 -32
25 -15 -6
25 -15 -19
25 -17 -11
25 -18 -16
25 -18 -25
25 -18 -31
25 -19 -4
25 -19 -12
25 -19 -23
25 -20 -12
25 -20 -20
25 -21 -18
25 -21 -19
25 -21 -20
25 -21 -34
25 -23 -17
25 -23 -27
25 -24 -2
25 -24 -11
25 -25 -4
25 -26 -12
25 -26 -19
25 -27 -2
25 -27 -31
25 -28 -22
25 -29 -11
25 -29 -14
25 -29 -28
25 -29 -33
25 -30 -31
25 -31 -3
25 -32 -13
25 -33 -7
25 -33 -20
25 -34 -10
25 -34 -17
26 0 -11
26 0 -22
26 0 -27
26 0 -33
26 -1 0
26 -2 -27
26 -3 -24
26 -4 -8
26 -4 -18
26 -4 -19
26 -5 -4
26 -6 -12
26 -6 -15
26 -7 -25
26 -8 -15
26 -9 -10
26 -10 -26
26 -11 -5
26 -11 -8
26 -11 -24
26 -12 -2
26 -12 -20
26 -12 -24
26 -13 -11
26 -13 -32
26 -15 -6
26 -15 -19
26 -17 -11
26 -18 -16
26 -18 -25
26 -18 -31
26 -19 -4
26 -19 -12
26 -19 -23
26 -20 -12
26 -20 -20
26 -21 -18
26 -21 -19
26 -21 -20
26 -21 -34
26 -23 -17
26 -23 -27
26 -24 -2
26 -24 -11
26 -25 -4
26 -26 -12
26 -26 -19
26 -27 -2
26 -27 -31
26 -28 -22
26 -29 -11
26 -29 -14
26 -29 -28
26 -29 -33
26 -30 -31
26 -31 -3
26 -32 -13
26 -33 -7
26 -33 -20
26 -34 -10
26 -34 -17
27 0 -11
27 0 -22
27 0 -27
27 0 -33
27 -1 0
27 -2 -27
27 -3 -24
27 -4 -8
27 -4 -18
27 -4 -19
27 -5 -4
27 -6 -12
27 -6 -15
27 -7 -25
27 -8 -15
27 -9 -10
27 -10 -26
27 -11 -5
27 -11 -8
27 -11 -24
27 -12 -2
27 -12 -20
27 -12 -24
27 -13 -11
27 -13 -32
27 -15 -6
27 -15 -19
27 -17 -11
27 -18 -16
27 -18 -25
27 -18 -31
27 -19 -4
27 -19 -12
27 -19 -23
27 -20 -12
27 -20 -20
27 -21 -18
27 -21 -19
27 -21 -20
27 -21 -34
27 -23 -17
27 -23 -27
27 -24 -2
27 -24 -11
27 -25 -4
27 -26 -12
27 -26 -19
27 -27 -2
27 -27 -31
27 -28 -22
27 -29 -11
27 -29 -14
27 -29 -28
27 -29 -33
27 -30 -31
27 -31 -3
27 -32 -13
27 -33 -7
27 -33 -20
27 -34 -10
27 -34 -17
28 0 -11
28 0 -22
28 0 -27
28 0 -33
28 -1 0
28 -2 -27
28 -3 -24
28 -4 -8
28 -4 -18
28 -4 -19
28 -5 -4
28 -6 -12
28 -6 -15
28 -7 -25
28 -8 -15
28 -9 -10
28 -10 -26
28 -11 -5
28 -11 -8
28 -11 -24
28 -12 -2
28 -12 -20
28 -12 -24
28 -13 -11
28 -13 -32
28 -15 -6
28 -15 -19
28 -17 -11
28 -18 -16
28 -18 -25
28 -18 -31
28 -19 -4
28 -19 -12
28 -19 -23
28 -20 -12
28 -20 -20
28 -21 -18
28 -21 -19
28 -21 -20
28 -21 -34
28 -23 -17
28 -23 -27
28 -24 -2
28 -24 -11
28 -25 -4
28 -26 -12
28 -26 -19
28 -27 -2
28 -27 -31
28 -28 -22
28 -29 -11
28 -29 -14
28 -29 -28
28 -29 -33
28 -30 -31
28 -31 -3
28 -32 -13
28 -33 -7
28 -33 -20
28 -34 -10
28 -34 -17
29 0 -11
29 0 -22
29 0 -27
29 0 -33
29 -1 0
29 -2 -27
29 -3 -24
29 -4 -8
29 -4 -18
29 -4 -19
29 -5 -4
29 -6 -12
29 -6 -15
29 -7 -25
29 -8 -15
29 -9 -10
29 -10 -26
29 -11 -5
29 -11 -8
29 -11 -24
29 -12 -2
29 -12 -20
29 -12 -24
29 -13 -11
29 -13 -32
29 -15 -6
29 -15 -19
29 -17 -11
29 -18 -16
29 -18 -25
29 -18 -31
29 -19 -4
29 -19 -12
29 -19 -23
29 -20 -12
29 -20 -20
29 -21 -18
29 -21 -19
29 -21 -20
29 -21 -34
29 -23 -17
29 -23 -27
29 -24 -2
29 -24 -11
29 -25 -4
29 -26 -12
29 -26 -19
29 -27 -2
29 -27 -31
29 -28 -22
29 -29 -11
29 -29 -14
29 -29 -28
29 -29 -33
29 -30 -31
29 -31 -3
29 -32 -13
29 -33 -7
29 -33 -20
29 -34 -10
29 -34 -17
30 0 -11
30 0 -22
30 0 -27
30 0 -33
30 -1 0
30 -2 -27
30 -3 -24
30 -4 -8
30 -4 -18
30 -4 -19
30 -5 -4
30 -6 -12
30 -6 -15
30 -7 -25
30 -8 -15
30 -9 -10
30 -10 -26
30 -11 -5
30 -11 -8
30 -11 -24
30 -12 -2
30 -12 -20
30 -12 -24
30 -13 -11
30 -13 -32
30 -15 -6
30 -15 -19
30 -17 -11
30 -18 -16
30 -18 -25
30 -18 -31
30 -19 -4
30 -19 -12
30 -19 -23
30 -20 -12
30 -20 -20
30 -21 -18
30 -21 -19
30 -21 -20
30 -21 -34
30 -23 -17
30 -23 -27
30 -24 -2
30 -24 -11
30 -25 -4
30 -26 -12
30 -26 -19
30 -27 -2
30 -27 -31
30 -28 -22
30 -29 -11
30 -29 -14
30 -29 -28
30 -29 -33
30 -30 -31
30 -31 -3
30 -32 -13
30 -33 -7
30 -33 -20
30 -34 -10
30 -34 -17
31 0 -11
31 0 -22
31 0 -27
31 0 -33
31 -1 0
31 -2 -27
31 -3 -24
31 -4 -8
31 -4 -18
31 -4 -19
31 -5 -4
31 -6 -12
31 -6 -15
31 -7 -25
31 -8 -15
31 -9 -10
31 -10 -26
31 -11 -5
31 -11 -8
31 -11 -24
31 -12 -2
31 -12 -20
31 -12 -24
31 -13 -11
31 -13 -32
31 -15 -6
31 -15 -19
31 -17 -11
31 -18 -16
31 -18 -25
31 -18 -31
31 -19 -4
31 -19 -12
31 -19 -23
31 -20 -12
31 -20 -20
31 -21 -18
31 -21 -19
31 -21 -20
31 -21 -34
31 -23 -17
31 -23 -27
31 -24 -2
31 -24 -11
31 -25 -4
31 -26 -12
31 -26 -19
31 -27 -2
31 -27 -31
31 -28 -22
31 -29 -11
31 -29 -14
31 -29 -28
31 -29 -33
31 -30 -31
31 -31 -3
31 -32 -13
31 -33 -7
31 -33 -20
31 -34 -10
31 -34 -17
32 0 -11
32 0 -22
32 0 -27
32 0 -33
32 -1 0
32 -2 -27
32 -3 -24
32 -4 -8
32 -4 -18
32 -4 -19
32 -5 -4
32 -6 -12
32 -6 -15
32 -7 -25
32 -8 -15
32 -9 -10
32 -10 -26
32 -11 -5
32 -11 -8
32 -11 -24
32 -12 -2
32 -12 -20
32 -12 -24
32 -13 -11
32 -13 -32
32 -15 -6
32 -15 -19
32 -17 -11
32 -18 -16
32 -18 -25
32 -18 -31
32 -19 -4
32 -19 -12
32 -19 -23
32 -20 -12
32 -20 -20
32 -21 -18
32 -21 -19
32 -21 -20
32 -21 -34
32 -23 -17
32 -23 -27
32 -24 -2
32 -24 -11
32 -25 -4
32 -26 -12
32 -26 -19
32 -27 -2
32 -27 -31
32 -28 -22
32 -29 -11
32 -29 -14
32 -29 -28
32 -29 -33
32 -30 -31
32 -31 -3
32 -32 -13
32 -33 -7
32 -33 -20
32 -34 -10
32 -34 -17
33 0 -11
33 0 -22
33 0 -27
33 0 -33
33 -1 0
33 -2 -27
33 -3 -24
33 -4 -8
33 -4 -18
33 -4 -19
33 -5 -4
33 -6 -12
33 -6 -15
33 -7 -25
33 -8 -15
33 -9 -10
33 -10 -26
33 -11 -5
33 -11 -8
33 -11 -24
33 -12 -2
33 -12 -20
33 -12 -24
33 -13 -11
33 -13 -32
33 -15 -6
33 -15 -19
33 -17 -11
33 -18 -16
33 -18 -25
33 -18 -31
33 -19 -4
33 -19 -12
33 -19 -23
33 -20 -12
33 -20 -20
33 -21 -18
33 -21 -19
33 -21 -20
33 -21 -34
33 -23 -17
33 -23 -27
33 -24 -2
33 -24 -11
33 -25 -4
33 -26 -12
33 -26 -19
33 -27 -2
33 -27 -31
33 -28 -22
33 -29 -11
33 -29 -14
33 -29 -28
33 -29 -33
33 -30 -31
33 -31 -3
33 -32 -13
33 -33 -7
33 -33 -20
33 -34 -10
33 -34 -17
34 0 -11
34 0 -22
34 0 -27
34 0 -33
34 -1 0
34 -2 -27
34 -3 -24
34 -4 -8
34 -4 -18
34 -4 -19
34 -5 -4
34 -6 -12
34 -6 -15
34 -7 -25
34 -8 -15
34 -9 -10
34 -10 -26
34 -11 -5
34 -11 -8
34 -11 -24
34 -12 -2
34 -12 -20
34 -12 -24
34 -13 -11
34 -13 -32
34 -15 -6
34 -15 -19
34 -17 -11
34 -18 -16
34 -18 -25
34 -18 -31
34 -19 -4
34 -19 -12
34 -19 -23
34 -20 -12
34 -20 -20
34 -21 -18
34 -21 -19
34 -21 -20
34 -21 -34
34 -23 -17
34 -23 -27
34 -24 -2
34 -24 -11
34 -25 -4
34 -26 -12
34 -26 -19
34 -27 -2
34 -27 -31
34 -28 -22
34 -29 -11
34 -29 -14
34 -29 -28
34 -29 -33
34 -30 -31
34 -31 -3
34 -32 -13
34 -33 -7
34 -33 -20
34 -34 -10
34 -34 -17
35 0 -11
35 0 -22
35 0 -27
35 0 -33
35 -1 0
35 -2 -27
35 -3 -24
35 -4 -8
35 -4 -18
35 -4 -19
35 -5 -4
35 -6 -12
35 -6 -15
35 -7 -25
35 -8 -15
35 -9 -10
35 -10 -26
35 -11 -5
35 -11 -8
35 -11 -24
35 -12 -2
35 -12 -20
35 -12 -24
35 -13 -11
35 -13 -32
35 -15 -6
35 -15 -19
35 -17 -11
35 -18 -16
35 -18 -25
35 -18 -31
35 -19 -4
35 -19 -12
35 -19 -23
35 -20 -12
35 -20 -20
35 -21 -18
35 -21 -19
35 -21 -20
35 -21 -34
35 -23 -17
35 -23 -27
35 -24 -2
35 -24 -11
35 -25 -4
35 -26 -12
35 -26 -19
35 -27 -2
35 -27 -31
35 -28 -22
35 -29 -11
35 -29 -14
35 -29 -28
35 -29 -33
35 -30 -31
35 -31 -3
35 -32 -13
35 -33 -7
35 -33 -20
35 -34 -10
35 -34 -17
36 0 -11
36 0 -22
36 0 -27
36 0 -33
36 -1 0
36 -2 -27
36 -3 -24
36 -4 -8
36 -4 -18
36 -4 -19
36 -5 -4
36 -6 -12
36 -6 -15
36 -7 -25
36 -8 -15
36 -9 -10
36 -10 -26
36 -11 -5
36 -11 -8
36 -11 -24
36 -12 -2
36 -12 -20
36 -12 -24
36 -13 -11
36 -13 -32
36 -15 -6
36 -15 -19
36 -17 -11
36 -18 -16
36 -18 -25
36 -18 -31
36 -19 -4
36 -19 -12
36 -19 -23
36 -20 -12
36 -20 -20
36 -21 -18
36 -21 -19
36 -21 -20
36 -21 -34
36 -23 -17
36 -23 -27
36 -24 -2
36 -24 -11
36 -25 -4
36 -26 -12
36 -26 -19
36 -27 -2
36 -27 -31
36 -28 -22
36 -29 -11
36 -29 -14
36 -29 -28
36 -29 -33
36 -30 -31
36 -31 -3
36 -32 -13
36 -33 -7
36 -33 -20
36 -34 -10
36 -34 -17
37 0 -11
37 0 -22
37 0 -27
37 0 -33
37 -1 0
37 -2 -27
37 -3 -24
37 -4 -8
37 -4 -18
37 -4 -19
37 -5 -4
37 -6 -12
37 -6 -15
37 -7 -25
37 -8 -15
37 -9 -10
37 -10 -26
37 -11 -5
37 -11 -8
37 -11 -24
37 -12 -2
37 -12 -20
37 -12 -24
37 -13 -11
37 -13 -32
37 -15 -6
37 -15 -19
37 -17 -11
37 -18 -16
37 -18 -25
37 -18 -31
37 -19 -4
37 -19 -12
37 -19 -23
37 -20 -12
37 -20 -20
37 -21 -18
37 -21 -19
37 -21 -20
37 -21 -34
37 -23 -17
37 -23 -27
37 -24 -2
37 -24 -11
37 -25 -4
37 -26 -12
37 -26 -19
37 -27 -2
37 -27 -31
37 -28 -22
37 -29 -11
37 -29 -14
37 -29 -28
37 -29 -33
37 -30 -31
37 -31 -3
37 -32 -13
37 -33 -7
37 -33 -20
37 -34 -10
37 -34 -17
38 0 -11
38 0 -22
38 0 -27
38 0 -33
38 -1 0
38 -2 -27
38 -3 -24
38 -4 -8
38 -4 -18
38 -4 -19
38 -5 -4
38 -6 -12
38 -6 -15
38 -7 -25
38 -8 -15
38 -9 -10
38 -10 -26
38 -11 -5
38 -11 -8
38 -11 -24
38 -12 -2
38 -12 -20
38 -12 -24
38 -13 -11
38 -13 -32
38 -15 -6
38 -15 -19
38 -17 -11
38 -18 -16
38 -18 -25
38 -18 -31
38 -19 -4
38 -19 -12
38 -19 -23
38 -20 -12
38 -20 -20
38 -21 -18
38 -21 -19
38 -21 -20
38 -21 -34
38 -23 -17
38 -23 -27
38 -24 -2
38 -24 -11
38 -25 -4
38 -26 -12
38 -26 -19
38 -27 -2
38 -27 -31
38 -28 -22
38 -29 -11
38 -29 -14
38 -29 -28
38 -29 -33
38 -30 -31
38 -31 -3
38 -32 -13
38 -33 -7
38 -33 -20
38 -34 -10
38 -34 -17
39 0 -11
39 0 -22
39 0 -27
39 0 -33
39 -1 0
39 -2 -27
39 -3 -24
39 -4 -8
39 -4 -18
39 -4 -19
39 -5 -4
39 -6 -12
39 -6 -15
39 -7 -25
39 -8 -15
39 -9 -10
39 -10 -26
39 -11 -5
39 -11 -8
39 -11 -24
39 -12 -2
39 -12 -20
39 -12 -24
39 -13 -11
39 -13 -32
39 -15 -6
39 -15 -19
39 -17 -11
39 -18 -16
39 -18 -25
39 -18 -31
39 -19 -4
39 -19 -12
39 -19 -23
39 -20 -12
39 -20 -20
39 -21 -18
39 -21 -19
39 -21 -20
39 -21 -34
39 -23 -17
39 -23 -27
39 -24 -2
39 -24 -11
39 -25 -4
39 -26 -12
39 -26 -19
39 -27 -2
39 -27 -31
39 -28 -22
39 -29 -11
39 -29 -14
39 -29 -28
39 -29 -33
39 -30 -31
39 -31 -3
39 -32 -13
39 -33 -7
39 -33 -20
39 -34 -10
39 -34 -17
40 0 -11
40 0 -22
40 0 -27
40 0 -33
40 -1 0
40 -2 -27
40 -3 -24
40 -4 -8
40 -4 -18
40 -4 -19
40 -5 -4
40 -6 -12
40 -6 -15
40 -7 -25
40 -8 -15
40 -9 -10
40 -10 -26
40 -11 -5
40 -11 -8
40 -11 -24
40 -12 -2
40 -12 -20
40 -12 -24
40 -13 -11
40 -13 -32
40 -15 -6
40 -15 -19
40 -17 -11
40 -18 -16
40 -18 -25
40 -18 -31
40 -19 -4
40 -19 -12
40 -19 -23
40 -20 -12
40 -20 -20
40 -21 -18
40 -21 -19
40 -21 -20
40 -21 -34
40 -23 -17
40 -23 -27
40 -24 -2
40 -24 -11
40 -25 -4
40 -26 -12
40 -26 -19
40 -27 -2
40 -27 -31
40 -28 -22
40 -29 -11
40 -29 -14
40 -29 -28
40 -29 -33
40 -30 -31
40 -31 -3
40 -32 -13
40 -33 -7
40 -33 -20
40 -34 -10
40 -34 -17
41 0 -11
41 0 -22
41 0 -27
41 0 -33
41 -1 0
41 -2 -27
41 -3 -24
41 -4 -8
41 -4 -18
41 -4 -19
41 -5 -4
41 -6 -12
41 -6 -15
41 -7 -25
41 -8 -15
41 -9 -10
41 -10 -26
41 -11 -5
41 -11 -8
41 -11 -24
41 -12 -2
41 -12 -20
41 -12 -24
41 -13 -11
41 -13 -32
41 -15 -6
41 -15 -19
41 -17 -11
41 -18 -16
41 -18 -25
41 -18 -31
41 -19 -4
41 -19 -12
41 -19 -23
41 -20 -12
41 -20 -20
41 -21 -18
41 -21 -19
41 -21 -20
41 -21 -34
41 -23 -17
41 -23 -27
41 -24 -2
41 -24 -11
41 -25 -4
41 -26 -12
41 -26 -19
41 -27 -2
41 -27 -31
41 -28 -22
41 -29 -11
41 -29 -14
41 -29 -28
41 -29 -33
41 -30 -31
41 -31 -3
41 -32 -13
41 -33 -7
41 -33 -20
41 -34 -10
41 -34 -17
42 0 -11
42 0 -22
42 0 -27
42 0 -33
42 -1 0
42 -2 -27
42 -3 -24
42 -4 -8
42 -4 -18
42 -4 -19
42 -5 -4
42 -6 -12
42 -6 -15
42 -7 -25
42 -8 -15
42 -9 -10
42 -10 -26
42 -11 -5
42 -11 -8
42 -11 -24
42 -12 -2
42 -12 -20
42 -12 -24
42 -13 -11
42 -13 -32
42 -15 -6
42 -15 -19
42 -17 -11
42 -18 -16
42 -18 -25
42 -18 -31
42 -19 -4
42 -19 -12
42 -19 -23
42 -20 -12
42 -20 -20
42 -21 -18
42 -21 -19
42 -21 -20
42 -21 -34
42 -23 -17
42 -23 -27
42 -24 -2
42 -24 -11
42 -25 -4
42 -26 -12
42 -26 -19
42 -27 -2
42 -27 -31
42 -28 -22
42 -29 -11
42 -29 -14
42 -29 -28
42 -29 -33
42 -30 -31
42 -31 -3
42 -32 -13
42 -33 -7
42 -33 -20
42 -34 -10
42 -34 -17
43 0 -11
43 0 -22
43 0 -27
43 0 -33
43 -1 0
43 -2 -27
43 -3 -24
43 -4 -8
43 -4 -18
43 -4 -19
43 -5 -4
43 -6 -12
43 -6 -15
43 -7 -25
43 -8 -15
43 -9 -10
43 -10 -26
43 -11 -5
43 -11 -8
43 -11 -24
43 -12 -2
43 -12 -20
43 -12 -24
43 -13 -11
43 -13 -32
43 -15 -6
43 -15 -19
43 -17 -11
43 -18 -16
43 -18 -25
43 -18 -31
43 -19 -4
43 -19 -12
43 -19 -23
43 -20 -12
43 -20 -20
43 -21 -18
43 -21 -19
43 -21 -20
43 -21 -34
43 -23 -17
43 -23 -27
43 -24 -2
43 -24 -11
43 -25 -4
43 -26 -12
43 -26 -19
43 -27 -2
43 -27 -31
43 -28 -22
43 -29 -11
43 -29 -14
43 -29 -28
43 -29 -33
43 -30 -31
43 -31 -3
43 -32 -13
43 -33 -7
43 -33 -20
43 -34 -10
43 -34 -17
44 0 -11
44 0 -22
44 0 -27
44 0 -33
44 -1 0
44 -2 -27
44 -3 -24
44 -4 -8
44 -4 -18
44 -4 -19
44 -5 -4
44 -6 -12
44 -6 -15
44 -7 -25
44 -8 -15
44 -9 -10
44 -10 -26
44 -11 -5
44 -11 -8
44 -11 -24
44 -12 -2
44 -12 -20
44 -12 -24
44 -13 -11
44 -13 -32
44 -15 -6
44 -15 -19
44 -17 -11
44 -18 -16
44 -18 -25
44 -18 -31
44 -19 -4
44 -19 -12
44 -19 -23
44 -20 -12
44 -20 -20
44 -21 -18
44 -21 -19
44 -21 -20
44 -21 -34
44 -23 -17
44 -23 -27
44 -24 -2
44 -24 -11
44 -25 -4
44 -26 -12
44 -26 -19
44 -27 -2
44 -27 -31
44 -28 -22
44 -29 -11
44 -29 -14
44 -29 -28
44 -29 -33
44 -30 -31
44 -31 -3
44 -32 -13
44 -33 -7
44 -33 -20
44 -34 -10
44 -34 -17
45 0 -11
45 0 -22
45 0 -27
45 0 -33
45 -1 0
45 -2 -27
45 -3 -24
45 -4 -8
45 -4 -18
45 -4 -19
45 -5 -4
45 -6 -12
45 -6 -15
45 -7 -25
45 -8 -15
45 -9 -10
45 -10 -26
45 -11 -5
45 -11 -8
45 -11 -24
45 -12 -2
45 -12 -20
45 -12 -24
45 -13 -11
45 -13 -32
45 -15 -6
45 -15 -19
45 -17 -11
45 -18 -16
45 -18 -25
45 -18 -31
45 -19 -4
45 -19 -12
45 -19 -23
45 -20 -12
45 -20 -20
45 -21 -18
45 -21 -19
45 -21 -20
45 -21 -34
45 -23 -17
45 -23 -27
45 -24 -2
45 -24 -11
45 -25 -4
45 -26 -12
45 -26 -19
45 -27 -2
45 -27 -31
45 -28 -22
45 -29 -11
45 -29 -14
45 -29 -28
45 -29 -33
45 -30 -31
45 -31 -3
45 -32 -13
45 -33 -7
45 -33 -20
45 -34 -10
45 -34 -17
46 0 -11
46 0 -22
46 0 -27
46 0 -33
46 -1 0
46 -2 -27
46 -3 -24
46 -4 -8
46 -4 -18
46 -4 -19
46 -5 -4
46 -6 -12
46 -6 -15
46 -7 -25
46 -8 -15
46 -9 -10
46 -10 -26
46 -11 -5
46 -11 -8
46 -11 -24
46 -12 -2
46 -12 -20
46 -12 -24
46 -13 -11
46 -13 -32
46 -15 -6
46 -15 -19
46 -17 -11
46 -18 -16
46 -18 -25
46 -18 -31
46 -19 -4
46 -19 -12
46 -19 -23
46 -20 -12
46 -20 -20
46 -21 -18
46 -21 -19
46 -21 -20
46 -21 -34
46 -23 -17
46 -23 -27
46 -24 -2
46 -24 -11
46 -25 -4
46 -26 -12
46 -26 -19
46 -27 -2
46 -27 -31
46 -28 -22
46 -29 -11
46 -29 -14
46 -29 -28
46 -29 -33
46 -30 -31
46 -31 -3
46 -32 -13
46 -33 -7
46 -33 -20
46 -34 -10
46 -34 -17
47 0 -11
47 0 -22
47 0 -27
47 0 -33
47 -1 0
47 -2 -27
47 -3 -24
47 -4 -8
47 -4 -18
47 -4 -19
47 -5 -4
47 -6 -12
47 -6 -15
47 -7 -25
47 -8 -15
47 -9 -10
47 -10 -26
47 -11 -5
47 -11 -8
47 -11 -24
47 -12 -2
47 -12 -20
47 -12 -24
47 -13 -11
47 -13 -32
47 -15 -6
47 -15 -19
47 -17 -11
47 -18 -16
47 -18 -25
47 -18 -31
47 -19 -4
47 -19 -12
47 -19 -23
47 -20 -12
47 -20 -20
47 -21 -18
47 -21 -19
47 -21 -20
47 -21 -34
47 -23 -17
47 -23 -27
47 -24 -2
47 -24 -11
47 -25 -4
47 -26 -12
47 -26 -19
47 -27 -2
47 -27 -31
47 -28 -22
47 -29 -11
47 -29 -14
47 -29 -28
47 -29 -33
47 -30 -31
47 -31 -3
47 -32 -13
47 -33 -7
47 -33 -20
47 -34 -10
47 -34 -17
48 0 -11
48 0 -22
48 0 -27
48 0 -33
48 -1 0
48 -2 -27
48 -3 -24
48 -4 -8
48 -4 -18
48 -4 -19
48 -5 -4
48 -6 -12
48 -6 -15
48 -7 -25
48 -8 -15
48 -9 -10
48 -10 -26
48 -11 -5
48 -11 -8
48 -11 -24
48 -12 -2
48 -12 -20
48 -12 -24
48 -13 -11
48 -13 -32
48 -15 -6
48 -15 -19
48 -17 -11
48 -18 -16
48 -18 -25
48 -18 -31
48 -19 -4
48 -19 -12
48 -19 -23
48 -20 -12
48 -20 -20
48 -21 -18
48 -21 -19
48 -21 -20
48 -21 -34
48 -23 -17
48 -23 -27
48 -24 -2
48 -24 -11
48 -25 -4
48 -26 -12
48 -26 -19
48 -27 -2
48 -27 -31
48 -28 -22
48 -29 -11
48 -29 -14
48 -29 -28
48 -29 -33
48 -30 -31
48 -31 -3
48 -32 -13
48 -33 -7
48 -33 -20
48 -34 -10
48 -34 -17
49 0 -11
49 0 -22
49 0 -27
49 0 -33
49 -1 0
49 -2 -27
49 -3 -24
49 -4 -8
49 -4 -18
49 -4 -19
49 -5 -4
49 -6 -12
49 -6 -15
49 -7 -25
49 -8 -15
49 -9 -10
49 -10 -26
49 -11 -5
49 -11 -8
49 -11 -24
49 -12 -2
49 -12 -20
49 -12 -24
49 -13 -11
49 -13 -32
49 -15 -6
49 -15 -19
49 -17 -11
49 -18 -16
49 -18 -25
49 -18 -31
49 -19 -4
49 -19 -12
49 -19 -23
49 -20 -12
49 -20 -20
49 -21 -18
49 -21 -19
49 -21 -20
49 -21 -34
49 -23 -17
49 -23 -27
49 -24 -2
49 -24 -11
49 -25 -4
49 -26 -12
49 -26 -19
49 -27 -2
49 -27 -31
49 -28 -22
49 -29 -11
49 -29 -14
49 -29 -28
49 -29 -33
49 -30 -31
49 -31 -3
49 -32 -13
49 -33 -7
49 -33 -20
49 -34 -10
49 -34 -17
50 0 -11
50 0 -22
50 0 -27
50 0 -33
50 -1 0
50 -2 -27
50 -3 -24
50 -4 -8
50 -4 -18
50 -4 -19
50 -5 -4
50 -6 -12
50 -6 -15
50 -7 -25
50 -8 -15
50 -9 -10
50 -10 -26
50 -11 -5
50 -11 -8
50 -11 -24
50 -12 -2
50 -12 -20
50 -12 -24
50 -13 -11
50 -13 -32
50 -15 -6
50 -15 -19
50 -17 -11
50 -18 -16
50 -18 -25
50 -18 -31
50 -19 -4
50 -19 -12
50 -19 -23
50 -20 -12
50 -20 -20
50 -21 -18
50 -21 -19
50 -21 -20
50 -21 -34
50 -23 -17
50 -23 -27
50 -24 -2
50 -24 -11
50 -25 -4
50 -26 -12
50 -26 -19
50 -27 -2
50 -27 -31
50 -28 -22
50 -29 -11
50 -29 -14
50 -29 -28
50 -29 -33
50 -30 -31
50 -31 -3
50 -32 -13
50 -33 -7
50 -33 -20
50 -34 -10
50 -34 -17
51 0 -11
51 0 -22
51 0 -27
51 0 -33
51 -1 0
51 -2 -27
51 -3 -24
51 -4 -8
51 -4 -18
51 -4 -19
51 -5 -4
51 -6 -12
51 -6 -15
51 -7 -25
51 -8 -15
51 -9 -10
51 -10 -26
51 -11 -5
51 -11 -8
51 -11 -24
51 -12 -2
51 -12 -20
51 -12 -24
51 -13 -11
51 -13 -32
51 -15 -6
51 -15 -19
51 -17 -11
51 -18 -16
51 -18 -25
51 -18 -31
51 -19 -4
51 -19 -12
51 -19 -23
51 -20 -12
51 -20 -20
51 -21 -18
51 -21 -19
51 -21 -20
51 -21 -34
51 -23 -17
51 -23 -27
51 -24 -2
51 -24 -11
51 -25 -4
51 -26 -12
51 -26 -19
51 -27 -2
51 -27 -31
51 -28 -22
51 -29 -11
51 -29 -14
51 -29 -28
51 -29 -33
51 -30 -31
51 -31 -3
51 -32 -13
51 -33 -7
51 -33 -20
51 -34 -10
51 -34 -17
52 0 -11
52 0 -22
52 0 -27
52 0 -33
52 -1 0
52 -2 -27
52 -3 -24
52 -4 -8
52 -4 -18
52 -4 -19
52 -5 -4
52 -6 -12
52 -6 -15
52 -7 -25
52 -8 -15
52 -9 -10
52 -10 -26
52 -11 -5
52 -11 -8
52 -11 -24
52 -12 -2
52 -12 -20
52 -12 -24
52 -13 -11
52 -13 -32
52 -15 -6
52 -15 -19
52 -17 -11
52 -18 -16
52 -18 -25
52 -18 -31
52 -19 -4
52 -19 -12
52 -19 -23
52 -20 -12
52 -20 -20
52 -21 -18
52 -21 -19
52 -21 -20
52 -21 -34
52 -23 -17
52 -23 -27
52 -24 -2
52 -24 -11
52 -25 -4
52 -26 -12
52 -26 -19
52 -27 -2
52 -27 -31
52 -28 -22
52 -29 -11
52 -29 -14
52 -29 -28
52 -29 -33
52 -30 -31
52 -31 -3
52 -32 -13
52 -33 -7
52 -33 -20
52 -34 -10
52 -34 -17
53 0 -11
53 0 -22
53 0 -27
53 0 -33
53 -1 0
53 -2 -27
53 -3 -24
53 -4 -8
53 -4 -18
53 -4 -19
53 -5 -4
53 -6 -12
53 -6 -15
53 -7 -25
53 -8 -15
53 -9 -10
53 -10 -26
53 -11 -5
53 -11 -8
53 -11 -24
53 -12 -2
53 -12 -20
53 -12 -24
53 -13 -11
53 -13 -32
53 -15 -6
53 -15 -19
53 -17 -11
53 -18 -16
53 -18 -25
53 -18 -31
53 -19 -4
53 -19 -12
53 -19 -23
53 -20 -12
53 -20 -20
53 -21 -18
53 -21 -19
53 -21 -20
53 -21 -34
53 -23 -17
53 -23 -27
53 -24 -2
53 -24 -11
53 -25 -4
53 -26 -12
53 -26 -19
53 -27 -2
53 -27 -31
53 -28 -22
53 -29 -11
53 -29 -14
53 -29 -28
53 -29 -33
53 -30 -31
53 -31 -3
53 -32 -13
53 -33 -7
53 -33 -20
53 -34 -10
53 -34 -17
54 0 -11
54 0 -22
54 0 -27
54 0 -33
54 -1 0
54 -2 -27
54 -3 -24
54 -4 -8
54 -4 -18
54 -4 -19
54 -5 -4
54 -6 -12
54 -6 -15
54 -7 -25
54 -8 -15
54 -9 -10
54 -10 -26
54 -11 -5
54 -11 -8
54 -11 -24
54 -12 -2
54 -12 -20
54 -12 -24
54 -13 -11
54 -13 -32
54 -15 -6
54 -15 -19
54 -17 -11
54 -18 -16
54 -18 -25
54 -18 -31
54 -19 -4
54 -19 -12
54 -19 -23
54 -20 -12
54 -20 -20
54 -21 -18
54 -21 -19
54 -21 -20
54 -21 -34
54 -23 -17
54 -23 -27
54 -24 -2
54 -24 -11
54 -25 -4
54 -26 -12
54 -26 -19
54 -27 -2
54 -27 -31
54 -28 -22
54 -29 -11
54 -29 -14
54 -29 -28
54 -29 -33
54 -30 -31
54 -31 -3
54 -32 -13
54 -33 -7
54 -33 -20
54 -34 -10
54 -34 -17
55 0 -11
55 0 -22
55 0 -27
55 0 -33
55 -1 0
55 -2 -27
55 -3 -24
55 -4 -8
55 -4 -18
55 -4 -19
55 -5 -4
55 -6 -12
55 -6 -15
55 -7 -25
55 -8 -15
55 -9 -10
55 -10 -26
55 -11 -5
55 -11 -8
55 -11 -24
55 -12 -2
55 -12 -20
55 -12 -24
55 -13 -11
55 -13 -32
55 -15 -6
55 -15 -19
55 -17 -11
55 -18 -16
55 -18 -25
55 -18 -31
55 -19 -4
55 -19 -12
55 -19 -23
55 -20 -12
55 -20 -20
55 -21 -18
55 -21 -19
55 -21 -20
55 -21 -34
55 -23 -17
55 -23 -27
55 -24 -2
55 -24 -11
55 -25 -4
55 -26 -12
55 -26 -19
55 -27 -2
55 -27 -31
55 -28 -22
55 -29 -11
55 -29 -14
55 -29 -28
55 -29 -33
55 -30 -31
55 -31 -3
55 -32 -13
55 -33 -7
55 -33 -20
55 -34 -10
55 -34 -17
56 0 -11
56 0 -22
56 0 -27
56 0 -33
56 -1 0
56 -2 -27
56 -3 -24
56 -4 -8
56 -4 -18
56 -4 -19
56 -5 -4
56 -6 -12
56 -6 -15
56 -7 -25
56 -8 -15
56 -9 -10
56 -10 -26
56 -11 -5
56 -11 -8
56 -11 -24
56 -12 -2
56 -12 -20
56 -12 -24
56 -13 -11
56 -13 -32
56 -15 -6
56 -15 -19
56 -17 -11
56 -18 -16
56 -18 -25
56 -18 -31
56 -19 -4
56 -19 -12
56 -19 -23
56 -20 -12
56 -20 -20
56 -21 -18
56 -21 -19
56 -21 -20
56 -21 -34
56 -23 -17
56 -23 -27
56 -24 -2
56 -24 -11
56 -25 -4
56 -26 -12
56 -26 -19
56 -27 -2
56 -27 -31
56 -28 -22
56 -29 -11
56 -29 -14
56 -29 -28
56 -29 -33
56 -30 -31
56 -31 -3
56 -32 -13
56 -33 -7
56 -33 -20
56 -34 -10
56 -34 -17
57 0 -11
57 0 -22
57 0 -27
57 0 -33
57 -1 0
57 -2 -27
57 -3 -24
57 -4 -8
57 -4 -18
57 -4 -19
57 -5 -4
57 -6 -12
57 -6 -15
57 -7 -25
57 -8 -15
57 -9 -10
57 -10 -26
57 -11 -5
57 -11 -8
57 -11 -24
57 -12 -2
57 -12 -20
57 -12 -24
57 -13 -11
57 -13 -32
57 -15 -6
57 -15 -19
57 -17 -11
57 -18 -16
57 -18 -25
57 -18 -31
57 -19 -4
57 -19 -12
57 -19 -23
57 -20 -12
57 -20 -20
57 -21 -18
57 -21 -19
57 -21 -20
57 -21 -34
57 -23 -17
57 -23 -27
57 -24 -2
57 -24 -11
57 -25 -4
57 -26 -12
57 -26 -19
57 -27 -2
57 -27 -31
57 -28 -22
57 -29 -11
57 -29 -14
57 -29 -28
57 -29 -33
57 -30 -31
57 -31 -3
57 -32 -13
57 -33 -7
57 -33 -20
57 -34 -10
57 -34 -17
58 0 -11
58 0 -22
58 0 -27
58 0 -33
58 -1 0
58 -2 -27
58 -3 -24
58 -4 -8
58 -4 -18
58 -4 -19
58 -5 -4
58 -6 -12
58 -6 -15
58 -7 -25
58 -8 -15
58 -9 -10
58 -10 -26
58 -11 -5
58 -11 -8
58 -11 -24
58 -12 -2
58 -12 -20
58 -12 -24
58 -13 -11
58 -13 -32
58 -15 -6
58 -15 -19
58 -17 -11
58 -18 -16
58 -18 -25
58 -18 -31
58 -19 -4
58 -19 -12
58 -19 -23
58 -20 -12
58 -20 -20
58 -21 -18
58 -21 -19
58 -21 -20
58 -21 -34
58 -23 -17
58 -23 -27
58 -24 -2
58 -24 -11
58 -25 -4
58 -26 -12
58 -26 -19
58 -27 -2
58 -27 -31
58 -28 -22
58 -29 -11
58 -29 -14
58 -29 -28
58 -29 -33
58 -30 -31
58 -31 -3
58 -32 -13
58 -33 -7
58 -33 -20
58 -34 -10
58 -34 -17
59 0 -11
59 0 -22
59 0 -27
59 0 -33
59 -1 0
59 -2 -27
59 -3 -24
59 -4 -8
59 -4 -18
59 -4 -19
59 -5 -4
59 -6 -12
59 -6 -15
59 -7 -25
59 -8 -15
59 -9 -10
59 -10 -26
59 -11 -5
59 -11 -8
59 -11 -24
59 -12 -2
59 -12 -20
59 -12 -24
59 -13 -11
59 -13 -32
59 -15 -6
59 -15 -19
59 -17 -11
59 -18 -16
59 -18 -25
59 -18 -31
59 -19 -4
59 -19 -12
59 -19 -23
59 -20 -12
59 -20 -20
59 -21 -18
59 -21 -19
59 -21 -20
59 -21 -34
59 -23 -17
59 -23 -27
59 -24 -2
59 -24 -11
59 -25 -4
59 -26 -12
59 -26 -19
59 -27 -2
59 -27 -31
59 -28 -22
59 -29 -11
59 -29 -14
59 -29 -28
59 -29 -33
59 -30 -31
59 -31 -3
59 -32 -13
59 -33 -7
59 -33 -20
59 -34 -10
59 -34 -17
60 0 -11
60 0 -22
60 0 -27
60 0 -33
60 -1 0
60 -2 -27
60 -3 -24
60 -4 -8
60 -4 -18
60 -4 -19
60 -5 -4
60 -6 -12
60 -6 -15
60 -7 -25
60 -8 -15
60 -9 -10
60 -10 -26
60 -11 -5
60 -11 -8
60 -11 -24
60 -12 -2
60 -12 -20
60 -12 -24
60 -13 -11
60 -13 -32
60 -15 -6
60 -15 -19
60 -17 -11
60 -18 -16
60 -18 -25
60 -18 -31
60 -19 -4
60 -19 -12
60 -19 -23
60 -20 -12
60 -20 -20
60 -21 -18
60 -21 -19
60 -21 -20
60 -21 -34
60 -23 -17
60 -23 -27
60 -24 -2
60 -24 -11
60 -25 -4
60 -26 -12
60 -26 -19
60 -27 -2
60 -27 -31
60 -28 -22
60 -29 -11
60 -29 -14
60 -29 -28
60 -29 -33
60 -30 -31
60 -31 -3
60 -32 -13
60 -33 -7
60 -33 -20
60 -34 -10
60 -34 -17
34 12 20
9 34 10
11 4 8
40 11 24
5 12 24
29 26 19
17 19 23
12 4 18
5 0 11
47 13 11
27 5 4
45 0 27
14 17 11
2 3 24
44 26 12
24 26 12
53 29 14
57 27 2
7 28 22
36 28 22
1 29 28
47 33 7
54 21 19
8 27 2
52 8 15
3 11 8
37 15 19
54 33 20
54 18 16
54 30 31
0 13 32
7 15 19
13 11 24
19 20 20
5 12 20
13 21 34
31 27 2
17 18 25
20 15 6
5 30 31
25 21 34
45 3 24
32 0 33
15 21 18
0 13 11
7 13 32
31 11 8
52 15 19
47 31 3
49 23 27
50 21 19
51 19 12
57 19 4
15 7 25
42 4 18
26 19 12
37 34 17
50 31 3
52 12 20
25 34 17
25 3 24
32 27 2
39 23 27
46 32 13
56 20 20
39 27 31
27 4 19
18 34 10
20 12 20
54 28 22
37 7 25
3 17 11
50 4 8
37 31 3
48 29 14
43 29 14
55 20 20
32 6 15
52 15 19
41 13 32
30 34 17
47 33 7
45 0 22
0 29 11
37 34 17
35 1 0
28 10 26
35 15 19
15 29 14
40 19 4
15 5 4
38 9 10
55 8 15
3 11 24
19 3 24
10 21 34
48 11 8
0 4 8
27 4 19
12 19 23
25 1 0
52 32 13
56 21 19
39 19 23
57 15 6
21 21 34
26 25 4
4 32 13
8 21 20
5 5 4
12 11 5
23 21 18
51 7 25
46 18 31
37 6 12
5 32 13
45 15 6
58 24 2
35 12 24
7 28 22
22 29 14
58 15 19
42 21 19
0 5 4
30 6 12
28 23 27
6 0 22
6 9 10
35 7 25
43 1 0
4 27 31
41 28 22
32 0 11
28 11 5
30 4 8
5 24 11
54 12 24
24 33 7
15 33 20
1 29 11
48 20 12
45 19 4
28 3 24
2 21 20
55 12 2
0 23 27
11 10 26
27 32 13
34 15 6
33 23 17
48 5 4
29 13 11
40 4 8
33 29 33
20 12 2
47 32 13
33 29 14
45 19 12
48 6 15
46 5 4
12 13 11
11 6 12
20 27 2
35 30 31
55 4 19
38 32 13
18 24 2
47 27 31
18 15 19
0 0 33
18 30 31
5 18 31
55 24 2
5 23 27
29 12 24
13 5 4
12 6 15
52 12 2
36 19 23
30 28 22
27 21 34
0 18 25
54 29 28
27 0 33
44 4 18
6 19 23
24 0 11
32 18 25
31 29 33
27 24 2
56 7 25
28 23 27
49 34 10
12 21 18
36 9 10
34 0 27
2 3 24
3 18 31
14 21 34
0 19 23
16 0 11
5 0 27
27 11 8
11 12 24
37 29 11
37 33 7
32 21 19
10 6 12
49 11 24
26 21 34
7 30 31
3 9 10
15 1 0
26 6 12
18 5 4
54 12 24
33 1 0
46 25 4
9 19 23
26 19 4
35 10 26
33 19 12
48 0 22
25 11 24
56 34 10
3 9 10
60 34 10
55 2 27
18 32 13
2 0 22
18 33 20
24 21 20
51 20 12
41 33 20
24 23 17
51 18 16
6 0 11
49 11 5
37 19 23
21 29 14
28 0 33
24 28 22
58 6 12
16 24 11
7 0 11
49 12 2
34 30 31
19 31 3
22 13 11
18 21 34
52 34 17
21 18 25
59 13 11
1 11 5
52 34 17
13 25 4
52 1 0
24 29 28
14 18 16
32 11 24
15 21 19
19 32 13
60 4 18
14 24 11
19 27 31
35 6 12
22 0 33
32 18 16
14 23 17
11 29 28
3 34 10
24 29 14
42 18 16
58 33 20
46 30 31
15 24 2
23 18 16
58 26 12
7 12 24
22 34 10
43 27 2
52 21 20
51 15 6
2 0 11
24 23 27
58 11 8
42 26 19
13 10 26
7 33 20
11 6 12
16 21 19
24 30 31
1 23 27
10 21 18
12 18 31
42 33 7
52 23 17
28 13 11
14 32 13
10 4 8
55 7 25
54 8 15
31 12 20
15 19 23
27 26 19
17 32 13
6 13 11
41 4 19
33 0 11
56 15 19
39 5 4
48 12 24
29 0 22
16 23 17
6 15 6
0 27 2
43 21 20
9 5 4
12 21 18
31 18 31
35 4 8
53 17 11
50 19 23
42 11 5
30 26 19
9 13 32
37 4 19
41 7 25
29 26 12
31 2 27
27 15 6
19 21 20
43 26 19
58 10 26
37 27 31
10 20 20
46 9 10
41 18 31
60 5 4
24 9 10
46 19 12
58 19 12
44 2 27
36 11 24
31 13 11
50 18 31
42 18 31
1 33 7
57 12 2
14 29 14
50 19 23
44 18 25
38 29 33
53 27 31
24 29 14
59 8 15
22 6 12
16 10 26
24 9 10
6 29 11
16 29 33
8 20 20
18 0 11
22 33 20
54 20 20
60 33 7
9 4 8
45 6 15
21 12 24
18 21 19
17 13 11
52 6 15
43 20 20
29 19 23
22 12 24
39 11 8
25 3 24
21 4 18
23 18 31
44 27 31
31 0 33
16 8 15
22 18 25
13 8 15
4 0 11
31 19 12
46 29 28
43 27 2
58 2 27
42 34 10
26 4 18
9 29 11
57 1 0
12 11 24
42 26 19
5 12 24
33 15 19
51 29 28
5 15 19
31 24 2
42 20 20
1 7 25
50 20 12
12 13 11
25 1 0
18 12 24
13 18 25
13 18 16
47 27 2
38 29 11
6 21 18
39 18 25
50 12 24
46 24 11
28 4 18
30 18 25
32 0 27
7 0 11
24 28 22
43 4 18
22 0 11
55 25 4
27 30 31
11 30 31
20 25 4
47 6 15
3 34 10
53 27 2
48 21 19
11 30 31
14 0 22
47 19 23
7 8 15
29 0 33
40 13 11
49 28 22
2 0 22
4 31 3
34 21 20
12 9 10
24 18 31
38 34 17
15 11 24
1 34 17
14 27 31
42 3 24
5 26 12
1 11 5
49 32 13
6 30 31
53 4 19
42 19 12
34 29 33
7 7 25
42 21 18
25 26 19
3 17 11
33 34 17
27 8 15
4 4 19
36 26 12
1 19 4
11 6 15
13 6 15
31 0 22
44 19 23
34 12 24
1 29 28
6 19 23
26 0 22
12 31 3
27 29 11
35 27 2
40 28 22
18 29 33
16 10 26
13 28 22
42 25 4
26 23 27
19 2 27
50 4 18
42 34 17
38 6 15
33 10 26
23 10 26
32 26 19
4 4 18
50 32 13
29 29 11
45 12 24
41 29 11
27 24 11
45 26 12
53 24 2
35 33 7
57 12 20
54 24 11
22 0 22
45 3 24
5 8 15
47 11 24
7 1 0
38 4 8
27 15 6
27 29 28
46 26 19
41 28 22
46 21 34
16 11 5
22 34 10
3 26 19
55 29 11
13 30 31
40 26 19
42 21 18
59 29 28
58 9 10
59 34 10
22 29 28
32 2 27
6 34 10
3 27 2
46 31 3
22 4 18
22 21 18
26 23 27
29 23 27
21 6 12
10 8 15
43 3 24
29 27 2
27 29 28
60 0 33
29 0 22
51 4 19
4 12 2
11 12 2
25 20 20
3 13 32
50 18 16
45 31 3
32 21 34
29 19 4
40 34 17
42 13 32
30 18 25
13 1 0
29 33 7
58 0 33
6 24 2
35 15 6
24 9 10
0 0 11
3 3 24
38 33 7
27 26 19
14 0 33
32 23 27
47 32 13
60 23 27
0 2 27
55 18 31
19 20 20
54 18 25
43 11 5
21 5 4
20 29 28
18 34 10
13 18 31
51 4 18
31 27 31
44 32 13
14 13 11
24 31 3
25 7 25
18 15 6
15 8 15
57 4 19
55 5 4
36 18 25
51 8 15
13 29 11
20 29 33
24 4 18
22 15 19
20 21 34
36 13 11
53 15 19
29 10 26
34 5 4
42 20 20
11 23 27
14 30 31
9 27 31
60 8 15
2 17 11
51 31 3
13 29 11
45 18 31
13 21 19
46 19 4
52 31 3
20 18 31
8 31 3
25 28 22
19 32 13
24 24 2
46 19 23
22 21 18
59 11 5
60 18 16
40 15 19
52 27 31
4 12 24
60 27 2
35 0 27
6 27 31
6 21 20
58 24 11
24 18 16
24 21 18
34 34 17
60 6 15
17 11 24
49 7 25
35 12 2
12 0 27
35 18 31
11 18 25
1 18 31
37 11 8
59 27 2
5 34 17
19 18 25
54 21 18
2 19 23
58 23 27
27 15 19
60 19 4
49 25 4
33 24 11
21 21 19
28 12 20
36 0 22
13 23 27
3 6 15
47 29 14
28 20 20
24 4 18
42 2 27
11 15 6
26 19 4
26 19 12
47 6 12
25 19 12
14 29 14
54 12 24
53 29 28
3 18 16
10 21 34
26 19 23
9 29 28
44 24 2
3 13 11
59 13 32
32 6 12
24 19 23
24 29 28
26 31 3
39 26 12
33 23 27
6 6 15
39 21 20
17 11 24
52 6 12
46 26 12
33 29 28
17 13 11
22 0 22
41 3 24
24 29 33
29 18 16
29 24 2
30 7 25
51 0 22
52 23 27
44 18 31
34 19 4
55 18 16
60 2 27
17 0 22
36 10 26
48 26 12
40 17 11
59 18 16
0 17 11
24 26 12
45 29 14
55 4 8
59 0 27
4 33 7
40 2 27
57 6 15
50 11 5
8 12 20
59 7 25
4 31 3
12 18 25
2 15 19
43 26 19
12 18 16
3 0 22
5 12 24
41 12 20
43 21 34
22 33 20
27 10 26
6 8 15
45 19 4
15 0 22
32 11 8
37 4 8
49 12 2
43 19 23
30 1 0
11 0 33
59 15 6
51 20 20
9 26 12
18 33 7
59 26 12
34 6 12
38 27 31
37 4 8
16 21 19
50 11 5
20 12 24
38 12 2
46 0 22
22 33 7
1 31 3
51 21 34
40 25 4
30 29 28
43 19 23
4 12 24
31 18 31
10 0 27
27 2 27
29 0 11
1 12 20
10 3 24
31 19 4
9 8 15
41 34 10
48 33 7
30 15 19
29 31 3
52 34 17
14 21 18
10 12 2
46 21 19
32 17 11
54 12 20
52 29 14
48 1 0
19 27 31
37 19 12
22 21 34
49 12 20
7 33 7
16 31 3
31 17 11
48 26 19
9 28 22
0 11 24
55 26 19
48 34 17
5 29 11
21 21 18
5 4 8
33 29 28
55 24 11
23 0 33
10 24 11
16 4 19
42 19 23
16 18 16
33 20 20
48 0 27
17 29 28
24 20 12
16 9 10
2 29 14
34 27 2
21 21 18
37 18 16
17 29 33
55 11 24
51 13 32
27 8 15
49 26 12
59 0 33
8 9 10
54 19 4
5 7 25
42 11 5
5 33 7
22 27 31
54 2 27
45 0 33
24 32 13
17 29 33
42 12 20
6 12 20
36 11 5
39 13 11
53 26 12
34 0 33
35 4 8
5 4 8
18 19 12
6 4 8
51 12 20
57 30 31
5 20 12
0 31 3
24 20 12
46 27 2
37 1 0
59 20 20
19 3 24
37 29 14
47 19 4
14 15 19
22 3 24
28 9 10
30 29 33
35 21 20
48 15 6
31 12 24
20 34 17
40 0 33
24 9 10
6 13 11
36 13 32
45 3 24
6 32 13
7 28 22
39 25 4
22 8 15
17 15 19
2 19 4
38 18 25
6 23 27
34 4 8
24 19 12
2 5 4
34 13 11
11 5 4
28 32 13
23 34 10
26 11 24
6 10 26
59 11 5
46 34 10
35 23 27
28 21 18
58 31 3
50 9 10
34 0 11
41 25 4
23 28 22
12 29 11
60 21 19
58 12 2
53 0 27
4 19 12
44 0 27
53 4 18
35 19 12
29 11 8
41 29 14
38 21 34
2 15 19
29 9 10
22 24 11
18 29 14
38 5 4
14 13 32
54 32 13
7 7 25
50 0 27
46 28 22
59 20 20
54 19 23
44 34 17
30 18 16
53 0 33
15 18 16
40 7 25
59 6 15
58 34 10
57 34 17
16 33 20
11 23 17
27 11 24
23 20 12
3 19 4
27 12 2
38 6 15
56 23 27
41 4 8
7 15 19
8 8 15
39 4 8
29 21 18
57 4 19
32 8 15
30 34 10
5 8 15
3 26 19
28 33 7
2 31 3
50 4 19
46 20 20
47 11 8
35 19 12
34 7 25
8 7 25
8 7 25
19 23 17
44 19 12
27 5 4
9 34 17
23 27 2
2 4 8
13 19 23
27 17 11
60 11 5
18 19 4
47 26 19
0 8 15
49 11 24
7 21 20
52 2 27
39 7 25
57 0 27
55 0 27
15 4 18
9 34 17
3 10 26
56 13 32
28 31 3
51 24 2
57 19 4
19 29 14
24 0 22
54 26 19
46 27 2
23 0 27
9 11 24
42 20 12
20 15 6
1 6 15
59 2 27
18 28 22
31 4 8
44 26 19
34 26 19
56 23 27
39 2 27
58 23 17
27 13 11
22 13 32
34 30 31
27 17 11
34 24 11
23 27 2
10 30 31
38 15 19
59 31 3
15 30 31
52 6 15
18 28 22
10 6 15
52 31 3
32 1 0
32 21 19
54 23 17
38 24 2
38 17 11
57 18 31
23 12 20
43 21 34
1 19 23
45 32 13
60 34 10
46 0 33
21 23 27
11 26 12
36 8 15
3 9 10
46 29 33
13 8 15
43 4 18
29 23 17
14 27 31
36 23 27
29 6 15
4 26 19
43 24 2
49 4 18
58 7 25
16 21 19
51 0 27
45 31 3
43 33 7
6 34 10
34 5 4
24 18 31
27 20 20
59 24 11
57 12 24
37 3 24
9 12 24
30 13 11
55 11 8
60 19 4
41 6 12
3 33 20
45 26 12
42 34 17
39 18 25
50 27 31
33 8 15
11 5 4
3 23 17
15 13 32
21 11 24
35 12 20
44 2 27
26 12 24
38 13 11
34 15 6
36 26 12
28 28 22
57 34 10
53 31 3
40 4 18
39 29 11
37 23 27
39 10 26
32 33 20
40 26 19
28 29 14
46 21 20
40 29 28
29 23 27
2 28 22
26 27 31
23 3 24
57 20 12
30 24 11
19 18 25
27 7 25
49 29 11
17 19 23
40 23 17
41 32 13
24 19 12
15 15 19
10 28 22
22 21 34
39 11 24
39 19 12
24 29 33
32 8 15
36 0 11
46 0 33
9 11 8
51 26 19
10 11 5
4 31 3
32 4 8
22 11 8
23 18 31
59 11 24
32 0 27
49 5 4
36 29 14
46 11 8
49 19 23
49 31 3
57 27 2
58 21 20
36 6 15
21 19 23
58 17 11
18 11 8
37 2 27
39 12 20
44 20 12
14 26 12
32 11 5
6 0 11
7 21 19
3 23 27
16 17 11
38 11 5
33 18 31
22 5 4
33 18 25
4 8 15
59 25 4
19 4 8
9 33 20
17 12 20
37 33 20
14 0 22
42 19 23
9 11 24
28 12 24
30 18 16
60 17 11
11 20 12
58 24 11
0 20 20
6 30 31
33 34 10
7 27 2
48 21 19
1 34 17
38 30 31
46 9 10
15 13 32
21 12 24
41 23 27
23 4 18
43 11 8
39 4 8
7 13 32
31 21 20
0 25 4
24 17 11
40 20 12
1 2 27
57 18 31
53 34 10
31 32 13
4 0 27
32 0 27
15 13 32
55 15 19
53 6 15
36 15 6
41 11 24
31 27 2
42 19 12
8 7 25
4 11 5
2 23 27
33 33 20
9 6 15
59 18 25
33 27 31
44 34 10
12 26 19
41 9 10
42 0 11
32 11 5
53 0 33
34 7 25
54 13 11
53 21 19
19 4 18
55 0 27
35 13 32
12 18 31
35 8 15
42 10 26
18 4 8
56 11 5
49 4 8
10 34 10
18 9 10
30 6 12
54 12 20
19 27 31
35 15 6
40 24 11
40 2 27
46 4 19
17 24 2
58 21 18
24 5 4
53 17 11
60 31 3
8 21 19
50 18 31
40 13 11
42 20 20
17 28 22
30 20 12
42 29 11
54 7 25
13 29 33
38 4 18
53 9 10
35 34 10
33 15 6
59 27 31
42 33 7
42 18 16
13 23 17
33 6 12
28 0 33
6 28 22
27 26 12
24 33 7
47 12 2
33 13 11
60 4 18
26 10 26
35 4 19
39 32 13
2 7 25
0 19 4
27 34 17
57 30 31
39 29 28
1 18 25
23 11 8
0 21 19
33 19 4
44 1 0
31 11 5
30 3 24
48 18 31
42 24 11
8 31 3
8 12 2
14 9 10
3 21 20
22 20 20
0 15 19
10 8 15
35 12 24
55 21 18
32 25 4
19 0 27
3 21 19
52 18 25
7 34 10
55 33 20
48 12 24
39 5 4
14 23 27
42 0 11
27 5 4
45 6 15
47 4 8
46 4 8
5 12 20
18 4 19
19 29 33
59 6 12
9 2 27
36 13 11
53 0 27
35 26 12
36 11 24
38 31 3
28 24 2
11 29 14
36 5 4
41 4 8
53 19 12
32 12 24
20 6 12
26 21 34
58 12 20
29 10 26
27 0 11
51 4 18
2 15 19
32 30 31
41 5 4
46 21 18
21 12 20
53 20 20
32 29 11
0 21 19
60 33 7
57 29 28
12 20 12
48 9 10
15 31 3
25 5 4
60 25 4
38 2 27
36 17 11
3 5 4
29 5 4
28 17 11
16 29 28
25 0 11
30 21 18
51 20 12
37 9 10
13 6 12
8 15 6
27 4 18
57 15 19
46 31 3
59 26 12
42 17 11
36 26 12
26 15 6
54 21 34
26 19 4
57 11 8
53 13 11
59 11 24
13 33 7
9 4 19
39 15 6
48 24 2
32 23 27
32 17 11
35 12 24
33 26 19
4 23 27
26 21 20
15 30 31
2 28 22
18 15 19
53 12 24
35 26 19
1 21 18
41 27 2
6 0 27
28 29 14
51 21 20
32 33 20
54 3 24
19 29 11
44 18 16
37 0 11
1 21 34
44 19 23
16 24 2
15 23 27
4 23 27
43 4 18
18 11 24
41 15 6
58 9 10
44 0 27
54 4 8
24 19 23
40 10 26
27 5 4
50 20 12
0 4 8
22 19 4
6 26 12
51 25 4
54 24 2
12 15 6
13 1 0
17 17 11
21 0 27
8 15 19
14 32 13
1 6 15
25 0 27
49 0 11
42 19 4
17 4 18
37 19 4
52 29 11
36 21 18
18 11 8
29 29 11
55 7 25
12 26 19
50 29 14
49 11 24
12 21 34
38 32 13
44 23 17
24 8 15
29 29 14
30 23 27
55 21 18
8 20 12
44 17 11
32 32 13
53 11 5
45 0 22
34 21 18
58 11 8
50 1 0
29 7 25
25 26 12
45 23 27
57 0 11
25 0 11
17 20 12
6 25 4
24 33 20
3 4 8
2 11 24
4 29 11
27 2 27
14 11 24
16 26 19
7 15 19
11 32 13
49 15 19
28 19 23
30 11 5
44 9 10
1 27 31
5 23 27
3 30 31
58 18 31
5 12 20
55 20 12
16 28 22
-1 -1 -1
17
33
4
15
31
18
10
0
46
40
56
27
32
20
23
24
25
34
36
52
16
43
47
8
50
28
3
57
44
59
29
14
42
26
54
38
19
55
60
11
2
9
49
45
21
37
58
12
30
13
1
35
7
5
6
53
39
41
48
51
22
  3.801665 seconds (42.72 M allocations: 1.116 GiB, 4.10% gc time)
