950 0 0 0 0 0 0 0 0 0 0 0 0 0 0 0 0 0 0 0 0 0 0 0 0 0 0 0 0 0 0 0 0
0 0 0 0 0 0 0 0 0 0 0 0 0 0 0 0 0 0 0 0 0 0 0 0 0 0 0 0 0 0 0 0 0
0 0 0 0 0 0 0 0 0 0 0 0 0 0 0 0 0 0 0 0 0 0 0 0 0 0 0 0 0 0 0 0 0
0 0 0 0 0 0 0 0 0 0 0 0 0 0 0 0 0 0 0 0 0 0 0 0 0 0 0 0 0 0 0 0 0
0 0 0 0 0 0 0 0 0 0 0 0 0 0 0 0 0 0 0 0 0 0 0 0 0 0 0 0 0 0 0 0 0
0 0 0 0 0 0 0 0 0 0 0 0 0 0 0 0 0 0 0 0 0 0 0 0 0 0 0 0 0 0 0 0 0
0 0 0 0 0 0 0 0 0 0 0 0 0 0 0 0 0 0 0 0 0 0 0 0 0 0 0 0 0 0 0 0 0
0 0 0 0 0 0 0 0 0 0 0 0 0 0 0 0 0 0 0 0 0 0 0 0 0 0 0 0 0 0 0 0 0
0 0 0 0 0 0 0 0 0 0 0 0 0 0 0 0 0 0 0 0 0 0 0 0 0 0 0 0 0 0 0 0 0
0 0 0 0 0 0 0 0 0 0 0 0 0 0 0 0 0 0 0 0 0 0 0 0 0 0 0 0 0 0 0 0 0
0 0 0 0 0 0 0 0 0 0 0 0 0 0 0 0 0 0 0 0 0 0 0 0 0 0 0 0 0 0 0 0 0
0 0 0 0 0 0 0 0 0 0 0 0 0 0 0 0 0 0 0 0 0 0 0 0 0 0 0 0 0 0 0 0 0
0 0 0 0 0 0 0 0 0 0 0 0 0 0 0 0 0 0 0 0 0 0 0 0 0 0 0 0 0 0 0 0 0
0 0 0 0 0 0 0 0 0 0 0 0 0 0 0 0 0 0 0 0 0 0 0 0 0 0 0 0 0 0 0 0 0
0 0 0 0 0 0 0 0 0 0 0 0 0 0 0 0 0 0 0 0 0 0 0 0 0 0 0 0 0 0 0 0 0
0 0 0 0 0 0 0 0 0 0 0 0 0 0 0 0 0 0 0 0 0 0 0 0 0 0 0 0 0 0 0 0 0
0 0 0 0 0 0 0 0 0 0 0 0 0 0 0 0 0 0 0 0 0 0 0 0 0 0 0 0 0 0 0 0 0
0 0 0 0 0 0 0 0 0 0 0 0 0 0 0 0 0 0 0 0 0 0 0 0 0 0 0 0 0 0 0 0 0
0 0 0 0 0 0 0 0 0 0 0 0 0 0 0 0 0 0 0 0 0 0 0 0 0 0 0 0 0 0 0 0 0
0 0 0 0 0 0 0 0 0 0 0 0 0 0 0 0 0 0 0 0 0 0 0 0 0 0 0 0 0 0 0 0 0
0 0 0 0 0 0 0 0 0 0 0 0 0 0 0 0 0 0 0 0 0 0 0 0 0 0 0 0 0 0 0 0 0
0 0 0 0 0 0 0 0 0 0 0 0 0 0 0 0 0 0 0 0 0 0 0 0 0 0 0 0 0 0 0 0 0
0 0 0 0 0 0 0 0 0 0 0 0 0 0 0 0 0 0 0 0 0 0 0 0 0 0 0 0 0 0 0 0 0
0 0 0 0 0 0 0 0 0 0 0 0 0 0 0 0 0 0 0 0 0 0 0 0 0 0 0 0 0 0 0 0 0
0 0 0 0 0 0 0 0 0 0 0 0 0 0 0 0 0 0 0 0 0 0 0 0 0 0 0 0 0 0 0 0 0
0 0 0 0 0 0 0 0 0 0 0 0 0 0 0 0 0 0 0 0 0 0 0 0 0 0 0 0 0 0 0 0 0
0 0 0 0 0 0 0 0 0 0 0 0 0 0 0 0 0 0 0 0 0 0 0 0 0 0 0 0 0 0 0 0 0
0 0 0 0 0 0 0 0 0 0 0 0 0 0 0 0 0 0 0 0 0 0 0 0 0 0 0 0 0 0 0 0 0
0 0 0 0 0 0 0 0 0 0 0 0 0 0 0 0 0 0 0 0 0 0 0 0 0 0 0 0 0 0 0 0 0
0 0 0 0 0 0 0 0 0 0 0 0 0 0 0 0 0 0 0 0 0 0 0 0 0 0 0 0 0 0 0 0 0
0 0 0 0 0 0 0 0 0 0 0 0 0 0 0 0 0 0 0 0 0 0 0 0 0 0 0 0 0 0 0 0 0
0 0 0 0 0 0 0 0 0 0 0 0 0 0 0 0 0 0 0 0 0 0 0 0 0 0 0 0 0 0 0 0 0
0 0 0 0 0 0 0 0 0 0 0 0 0 0 0 0 0 0 0 0 0 0 0 0 0 0 0 0 0 0 0 0 0
0 0 -28
0 -1 -18
0 -1 -22
0 -1 -28
0 -2 -1
0 -2 -10
0 -2 -13
0 -4 -12
0 -4 -14
0 -5 -4
0 -5 -31
0 -6 -7
0 -6 -11
0 -7 -9
0 -7 -10
0 -7 -23
0 -8 0
0 -8 -1
0 -8 -12
0 -8 -29
0 -9 -17
0 -9 -21
0 -10 -11
0 -10 -15
0 -10 -21
0 -11 0
0 -11 -19
0 -11 -24
0 -11 -31
0 -12 -9
0 -13 -2
0 -13 -8
0 -13 -20
0 -14 -8
0 -15 -3
0 -15 -6
0 -15 -15
0 -15 -28
0 -15 -31
0 -16 -7
0 -16 -12
0 -16 -21
0 -16 -22
0 -17 -28
0 -18 -7
0 -18 -10
0 -19 -27
0 -20 -2
0 -20 -15
0 -20 -22
0 -20 -28
0 -21 -8
0 -21 -25
0 -21 -28
0 -22 -1
0 -22 -24
0 -22 -29
0 -23 -5
0 -23 -27
0 -23 -30
0 -25 -6
0 -25 -8
0 -27 -10
0 -27 -14
0 -27 -16
0 -27 -27
0 -28 -6
0 -28 -31
0 -29 -6
0 -29 -7
0 -29 -11
0 -29 -13
0 -30 -10
0 -30 -11
0 -30 -16
0 -31 -30
0 -32 -7
0 -32 -18
0 -32 -25
0 -32 -31
0 -32 -32
1 0 -28
1 -1 -18
1 -1 -22
1 -1 -28
1 -2 -1
1 -2 -10
1 -2 -13
1 -4 -12
1 -4 -14
1 -5 -4
1 -5 -31
1 -6 -7
1 -6 -11
1 -7 -9
1 -7 -10
1 -7 -23
1 -8 0
1 -8 -1
1 -8 -12
1 -8 -29
1 -9 -17
1 -9 -21
1 -10 -11
1 -10 -15
1 -10 -21
1 -11 0
1 -11 -19
1 -11 -24
1 -11 -31
1 -12 -9
1 -13 -2
1 -13 -8
1 -13 -20
1 -14 -8
1 -15 -3
1 -15 -6
1 -15 -15
1 -15 -28
1 -15 -31
1 -16 -7
1 -16 -12
1 -16 -21
1 -16 -22
1 -17 -28
1 -18 -7
1 -18 -10
1 -19 -27
1 -20 -2
1 -20 -15
1 -20 -22
1 -20 -28
1 -21 -8
1 -21 -25
1 -21 -28
1 -22 -1
1 -22 -24
1 -22 -29
1 -23 -5
1 -23 -27
1 -23 -30
1 -25 -6
1 -25 -8
1 -27 -10
1 -27 -14
1 -27 -16
1 -27 -27
1 -28 -6
1 -28 -31
1 -29 -6
1 -29 -7
1 -29 -11
1 -29 -13
1 -30 -10
1 -30 -11
1 -30 -16
1 -31 -30
1 -32 -7
1 -32 -18
1 -32 -25
1 -32 -31
1 -32 -32
2 0 -28
2 -1 -18
2 -1 -22
2 -1 -28
2 -2 -1
2 -2 -10
2 -2 -13
2 -4 -12
2 -4 -14
2 -5 -4
2 -5 -31
2 -6 -7
2 -6 -11
2 -7 -9
2 -7 -10
2 -7 -23
2 -8 0
2 -8 -1
2 -8 -12
2 -8 -29
2 -9 -17
2 -9 -21
2 -10 -11
2 -10 -15
2 -10 -21
2 -11 0
2 -11 -19
2 -11 -24
2 -11 -31
2 -12 -9
2 -13 -2
2 -13 -8
2 -13 -20
2 -14 -8
2 -15 -3
2 -15 -6
2 -15 -15
2 -15 -28
2 -15 -31
2 -16 -7
2 -16 -12
2 -16 -21
2 -16 -22
2 -17 -28
2 -18 -7
2 -18 -10
2 -19 -27
2 -20 -2
2 -20 -15
2 -20 -22
2 -20 -28
2 -21 -8
2 -21 -25
2 -21 -28
2 -22 -1
2 -22 -24
2 -22 -29
2 -23 -5
2 -23 -27
2 -23 -30
2 -25 -6
2 -25 -8
2 -27 -10
2 -27 -14
2 -27 -16
2 -27 -27
2 -28 -6
2 -28 -31
2 -29 -6
2 -29 -7
2 -29 -11
2 -29 -13
2 -30 -10
2 -30 -11
2 -30 -16
2 -31 -30
2 -32 -7
2 -32 -18
2 -32 -25
2 -32 -31
2 -32 -32
3 0 -28
3 -1 -18
3 -1 -22
3 -1 -28
3 -2 -1
3 -2 -10
3 -2 -13
3 -4 -12
3 -4 -14
3 -5 -4
3 -5 -31
3 -6 -7
3 -6 -11
3 -7 -9
3 -7 -10
3 -7 -23
3 -8 0
3 -8 -1
3 -8 -12
3 -8 -29
3 -9 -17
3 -9 -21
3 -10 -11
3 -10 -15
3 -10 -21
3 -11 0
3 -11 -19
3 -11 -24
3 -11 -31
3 -12 -9
3 -13 -2
3 -13 -8
3 -13 -20
3 -14 -8
3 -15 -3
3 -15 -6
3 -15 -15
3 -15 -28
3 -15 -31
3 -16 -7
3 -16 -12
3 -16 -21
3 -16 -22
3 -17 -28
3 -18 -7
3 -18 -10
3 -19 -27
3 -20 -2
3 -20 -15
3 -20 -22
3 -20 -28
3 -21 -8
3 -21 -25
3 -21 -28
3 -22 -1
3 -22 -24
3 -22 -29
3 -23 -5
3 -23 -27
3 -23 -30
3 -25 -6
3 -25 -8
3 -27 -10
3 -27 -14
3 -27 -16
3 -27 -27
3 -28 -6
3 -28 -31
3 -29 -6
3 -29 -7
3 -29 -11
3 -29 -13
3 -30 -10
3 -30 -11
3 -30 -16
3 -31 -30
3 -32 -7
3 -32 -18
3 -32 -25
3 -32 -31
3 -32 -32
4 0 -28
4 -1 -18
4 -1 -22
4 -1 -28
4 -2 -1
4 -2 -10
4 -2 -13
4 -4 -12
4 -4 -14
4 -5 -4
4 -5 -31
4 -6 -7
4 -6 -11
4 -7 -9
4 -7 -10
4 -7 -23
4 -8 0
4 -8 -1
4 -8 -12
4 -8 -29
4 -9 -17
4 -9 -21
4 -10 -11
4 -10 -15
4 -10 -21
4 -11 0
4 -11 -19
4 -11 -24
4 -11 -31
4 -12 -9
4 -13 -2
4 -13 -8
4 -13 -20
4 -14 -8
4 -15 -3
4 -15 -6
4 -15 -15
4 -15 -28
4 -15 -31
4 -16 -7
4 -16 -12
4 -16 -21
4 -16 -22
4 -17 -28
4 -18 -7
4 -18 -10
4 -19 -27
4 -20 -2
4 -20 -15
4 -20 -22
4 -20 -28
4 -21 -8
4 -21 -25
4 -21 -28
4 -22 -1
4 -22 -24
4 -22 -29
4 -23 -5
4 -23 -27
4 -23 -30
4 -25 -6
4 -25 -8
4 -27 -10
4 -27 -14
4 -27 -16
4 -27 -27
4 -28 -6
4 -28 -31
4 -29 -6
4 -29 -7
4 -29 -11
4 -29 -13
4 -30 -10
4 -30 -11
4 -30 -16
4 -31 -30
4 -32 -7
4 -32 -18
4 -32 -25
4 -32 -31
4 -32 -32
5 0 -28
5 -1 -18
5 -1 -22
5 -1 -28
5 -2 -1
5 -2 -10
5 -2 -13
5 -4 -12
5 -4 -14
5 -5 -4
5 -5 -31
5 -6 -7
5 -6 -11
5 -7 -9
5 -7 -10
5 -7 -23
5 -8 0
5 -8 -1
5 -8 -12
5 -8 -29
5 -9 -17
5 -9 -21
5 -10 -11
5 -10 -15
5 -10 -21
5 -11 0
5 -11 -19
5 -11 -24
5 -11 -31
5 -12 -9
5 -13 -2
5 -13 -8
5 -13 -20
5 -14 -8
5 -15 -3
5 -15 -6
5 -15 -15
5 -15 -28
5 -15 -31
5 -16 -7
5 -16 -12
5 -16 -21
5 -16 -22
5 -17 -28
5 -18 -7
5 -18 -10
5 -19 -27
5 -20 -2
5 -20 -15
5 -20 -22
5 -20 -28
5 -21 -8
5 -21 -25
5 -21 -28
5 -22 -1
5 -22 -24
5 -22 -29
5 -23 -5
5 -23 -27
5 -23 -30
5 -25 -6
5 -25 -8
5 -27 -10
5 -27 -14
5 -27 -16
5 -27 -27
5 -28 -6
5 -28 -31
5 -29 -6
5 -29 -7
5 -29 -11
5 -29 -13
5 -30 -10
5 -30 -11
5 -30 -16
5 -31 -30
5 -32 -7
5 -32 -18
5 -32 -25
5 -32 -31
5 -32 -32
6 0 -28
6 -1 -18
6 -1 -22
6 -1 -28
6 -2 -1
6 -2 -10
6 -2 -13
6 -4 -12
6 -4 -14
6 -5 -4
6 -5 -31
6 -6 -7
6 -6 -11
6 -7 -9
6 -7 -10
6 -7 -23
6 -8 0
6 -8 -1
6 -8 -12
6 -8 -29
6 -9 -17
6 -9 -21
6 -10 -11
6 -10 -15
6 -10 -21
6 -11 0
6 -11 -19
6 -11 -24
6 -11 -31
6 -12 -9
6 -13 -2
6 -13 -8
6 -13 -20
6 -14 -8
6 -15 -3
6 -15 -6
6 -15 -15
6 -15 -28
6 -15 -31
6 -16 -7
6 -16 -12
6 -16 -21
6 -16 -22
6 -17 -28
6 -18 -7
6 -18 -10
6 -19 -27
6 -20 -2
6 -20 -15
6 -20 -22
6 -20 -28
6 -21 -8
6 -21 -25
6 -21 -28
6 -22 -1
6 -22 -24
6 -22 -29
6 -23 -5
6 -23 -27
6 -23 -30
6 -25 -6
6 -25 -8
6 -27 -10
6 -27 -14
6 -27 -16
6 -27 -27
6 -28 -6
6 -28 -31
6 -29 -6
6 -29 -7
6 -29 -11
6 -29 -13
6 -30 -10
6 -30 -11
6 -30 -16
6 -31 -30
6 -32 -7
6 -32 -18
6 -32 -25
6 -32 -31
6 -32 -32
7 0 -28
7 -1 -18
7 -1 -22
7 -1 -28
7 -2 -1
7 -2 -10
7 -2 -13
7 -4 -12
7 -4 -14
7 -5 -4
7 -5 -31
7 -6 -7
7 -6 -11
7 -7 -9
7 -7 -10
7 -7 -23
7 -8 0
7 -8 -1
7 -8 -12
7 -8 -29
7 -9 -17
7 -9 -21
7 -10 -11
7 -10 -15
7 -10 -21
7 -11 0
7 -11 -19
7 -11 -24
7 -11 -31
7 -12 -9
7 -13 -2
7 -13 -8
7 -13 -20
7 -14 -8
7 -15 -3
7 -15 -6
7 -15 -15
7 -15 -28
7 -15 -31
7 -16 -7
7 -16 -12
7 -16 -21
7 -16 -22
7 -17 -28
7 -18 -7
7 -18 -10
7 -19 -27
7 -20 -2
7 -20 -15
7 -20 -22
7 -20 -28
7 -21 -8
7 -21 -25
7 -21 -28
7 -22 -1
7 -22 -24
7 -22 -29
7 -23 -5
7 -23 -27
7 -23 -30
7 -25 -6
7 -25 -8
7 -27 -10
7 -27 -14
7 -27 -16
7 -27 -27
7 -28 -6
7 -28 -31
7 -29 -6
7 -29 -7
7 -29 -11
7 -29 -13
7 -30 -10
7 -30 -11
7 -30 -16
7 -31 -30
7 -32 -7
7 -32 -18
7 -32 -25
7 -32 -31
7 -32 -32
8 0 -28
8 -1 -18
8 -1 -22
8 -1 -28
8 -2 -1
8 -2 -10
8 -2 -13
8 -4 -12
8 -4 -14
8 -5 -4
8 -5 -31
8 -6 -7
8 -6 -11
8 -7 -9
8 -7 -10
8 -7 -23
8 -8 0
8 -8 -1
8 -8 -12
8 -8 -29
8 -9 -17
8 -9 -21
8 -10 -11
8 -10 -15
8 -10 -21
8 -11 0
8 -11 -19
8 -11 -24
8 -11 -31
8 -12 -9
8 -13 -2
8 -13 -8
8 -13 -20
8 -14 -8
8 -15 -3
8 -15 -6
8 -15 -15
8 -15 -28
8 -15 -31
8 -16 -7
8 -16 -12
8 -16 -21
8 -16 -22
8 -17 -28
8 -18 -7
8 -18 -10
8 -19 -27
8 -20 -2
8 -20 -15
8 -20 -22
8 -20 -28
8 -21 -8
8 -21 -25
8 -21 -28
8 -22 -1
8 -22 -24
8 -22 -29
8 -23 -5
8 -23 -27
8 -23 -30
8 -25 -6
8 -25 -8
8 -27 -10
8 -27 -14
8 -27 -16
8 -27 -27
8 -28 -6
8 -28 -31
8 -29 -6
8 -29 -7
8 -29 -11
8 -29 -13
8 -30 -10
8 -30 -11
8 -30 -16
8 -31 -30
8 -32 -7
8 -32 -18
8 -32 -25
8 -32 -31
8 -32 -32
9 0 -28
9 -1 -18
9 -1 -22
9 -1 -28
9 -2 -1
9 -2 -10
9 -2 -13
9 -4 -12
9 -4 -14
9 -5 -4
9 -5 -31
9 -6 -7
9 -6 -11
9 -7 -9
9 -7 -10
9 -7 -23
9 -8 0
9 -8 -1
9 -8 -12
9 -8 -29
9 -9 -17
9 -9 -21
9 -10 -11
9 -10 -15
9 -10 -21
9 -11 0
9 -11 -19
9 -11 -24
9 -11 -31
9 -12 -9
9 -13 -2
9 -13 -8
9 -13 -20
9 -14 -8
9 -15 -3
9 -15 -6
9 -15 -15
9 -15 -28
9 -15 -31
9 -16 -7
9 -16 -12
9 -16 -21
9 -16 -22
9 -17 -28
9 -18 -7
9 -18 -10
9 -19 -27
9 -20 -2
9 -20 -15
9 -20 -22
9 -20 -28
9 -21 -8
9 -21 -25
9 -21 -28
9 -22 -1
9 -22 -24
9 -22 -29
9 -23 -5
9 -23 -27
9 -23 -30
9 -25 -6
9 -25 -8
9 -27 -10
9 -27 -14
9 -27 -16
9 -27 -27
9 -28 -6
9 -28 -31
9 -29 -6
9 -29 -7
9 -29 -11
9 -29 -13
9 -30 -10
9 -30 -11
9 -30 -16
9 -31 -30
9 -32 -7
9 -32 -18
9 -32 -25
9 -32 -31
9 -32 -32
10 0 -28
10 -1 -18
10 -1 -22
10 -1 -28
10 -2 -1
10 -2 -10
10 -2 -13
10 -4 -12
10 -4 -14
10 -5 -4
10 -5 -31
10 -6 -7
10 -6 -11
10 -7 -9
10 -7 -10
10 -7 -23
10 -8 0
10 -8 -1
10 -8 -12
10 -8 -29
10 -9 -17
10 -9 -21
10 -10 -11
10 -10 -15
10 -10 -21
10 -11 0
10 -11 -19
10 -11 -24
10 -11 -31
10 -12 -9
10 -13 -2
10 -13 -8
10 -13 -20
10 -14 -8
10 -15 -3
10 -15 -6
10 -15 -15
10 -15 -28
10 -15 -31
10 -16 -7
10 -16 -12
10 -16 -21
10 -16 -22
10 -17 -28
10 -18 -7
10 -18 -10
10 -19 -27
10 -20 -2
10 -20 -15
10 -20 -22
10 -20 -28
10 -21 -8
10 -21 -25
10 -21 -28
10 -22 -1
10 -22 -24
10 -22 -29
10 -23 -5
10 -23 -27
10 -23 -30
10 -25 -6
10 -25 -8
10 -27 -10
10 -27 -14
10 -27 -16
10 -27 -27
10 -28 -6
10 -28 -31
10 -29 -6
10 -29 -7
10 -29 -11
10 -29 -13
10 -30 -10
10 -30 -11
10 -30 -16
10 -31 -30
10 -32 -7
10 -32 -18
10 -32 -25
10 -32 -31
10 -32 -32
11 0 -28
11 -1 -18
11 -1 -22
11 -1 -28
11 -2 -1
11 -2 -10
11 -2 -13
11 -4 -12
11 -4 -14
11 -5 -4
11 -5 -31
11 -6 -7
11 -6 -11
11 -7 -9
11 -7 -10
11 -7 -23
11 -8 0
11 -8 -1
11 -8 -12
11 -8 -29
11 -9 -17
11 -9 -21
11 -10 -11
11 -10 -15
11 -10 -21
11 -11 0
11 -11 -19
11 -11 -24
11 -11 -31
11 -12 -9
11 -13 -2
11 -13 -8
11 -13 -20
11 -14 -8
11 -15 -3
11 -15 -6
11 -15 -15
11 -15 -28
11 -15 -31
11 -16 -7
11 -16 -12
11 -16 -21
11 -16 -22
11 -17 -28
11 -18 -7
11 -18 -10
11 -19 -27
11 -20 -2
11 -20 -15
11 -20 -22
11 -20 -28
11 -21 -8
11 -21 -25
11 -21 -28
11 -22 -1
11 -22 -24
11 -22 -29
11 -23 -5
11 -23 -27
11 -23 -30
11 -25 -6
11 -25 -8
11 -27 -10
11 -27 -14
11 -27 -16
11 -27 -27
11 -28 -6
11 -28 -31
11 -29 -6
11 -29 -7
11 -29 -11
11 -29 -13
11 -30 -10
11 -30 -11
11 -30 -16
11 -31 -30
11 -32 -7
11 -32 -18
11 -32 -25
11 -32 -31
11 -32 -32
12 0 -28
12 -1 -18
12 -1 -22
12 -1 -28
12 -2 -1
12 -2 -10
12 -2 -13
12 -4 -12
12 -4 -14
12 -5 -4
12 -5 -31
12 -6 -7
12 -6 -11
12 -7 -9
12 -7 -10
12 -7 -23
12 -8 0
12 -8 -1
12 -8 -12
12 -8 -29
12 -9 -17
12 -9 -21
12 -10 -11
12 -10 -15
12 -10 -21
12 -11 0
12 -11 -19
12 -11 -24
12 -11 -31
12 -12 -9
12 -13 -2
12 -13 -8
12 -13 -20
12 -14 -8
12 -15 -3
12 -15 -6
12 -15 -15
12 -15 -28
12 -15 -31
12 -16 -7
12 -16 -12
12 -16 -21
12 -16 -22
12 -17 -28
12 -18 -7
12 -18 -10
12 -19 -27
12 -20 -2
12 -20 -15
12 -20 -22
12 -20 -28
12 -21 -8
12 -21 -25
12 -21 -28
12 -22 -1
12 -22 -24
12 -22 -29
12 -23 -5
12 -23 -27
12 -23 -30
12 -25 -6
12 -25 -8
12 -27 -10
12 -27 -14
12 -27 -16
12 -27 -27
12 -28 -6
12 -28 -31
12 -29 -6
12 -29 -7
12 -29 -11
12 -29 -13
12 -30 -10
12 -30 -11
12 -30 -16
12 -31 -30
12 -32 -7
12 -32 -18
12 -32 -25
12 -32 -31
12 -32 -32
13 0 -28
13 -1 -18
13 -1 -22
13 -1 -28
13 -2 -1
13 -2 -10
13 -2 -13
13 -4 -12
13 -4 -14
13 -5 -4
13 -5 -31
13 -6 -7
13 -6 -11
13 -7 -9
13 -7 -10
13 -7 -23
13 -8 0
13 -8 -1
13 -8 -12
13 -8 -29
13 -9 -17
13 -9 -21
13 -10 -11
13 -10 -15
13 -10 -21
13 -11 0
13 -11 -19
13 -11 -24
13 -11 -31
13 -12 -9
13 -13 -2
13 -13 -8
13 -13 -20
13 -14 -8
13 -15 -3
13 -15 -6
13 -15 -15
13 -15 -28
13 -15 -31
13 -16 -7
13 -16 -12
13 -16 -21
13 -16 -22
13 -17 -28
13 -18 -7
13 -18 -10
13 -19 -27
13 -20 -2
13 -20 -15
13 -20 -22
13 -20 -28
13 -21 -8
13 -21 -25
13 -21 -28
13 -22 -1
13 -22 -24
13 -22 -29
13 -23 -5
13 -23 -27
13 -23 -30
13 -25 -6
13 -25 -8
13 -27 -10
13 -27 -14
13 -27 -16
13 -27 -27
13 -28 -6
13 -28 -31
13 -29 -6
13 -29 -7
13 -29 -11
13 -29 -13
13 -30 -10
13 -30 -11
13 -30 -16
13 -31 -30
13 -32 -7
13 -32 -18
13 -32 -25
13 -32 -31
13 -32 -32
14 0 -28
14 -1 -18
14 -1 -22
14 -1 -28
14 -2 -1
14 -2 -10
14 -2 -13
14 -4 -12
14 -4 -14
14 -5 -4
14 -5 -31
14 -6 -7
14 -6 -11
14 -7 -9
14 -7 -10
14 -7 -23
14 -8 0
14 -8 -1
14 -8 -12
14 -8 -29
14 -9 -17
14 -9 -21
14 -10 -11
14 -10 -15
14 -10 -21
14 -11 0
14 -11 -19
14 -11 -24
14 -11 -31
14 -12 -9
14 -13 -2
14 -13 -8
14 -13 -20
14 -14 -8
14 -15 -3
14 -15 -6
14 -15 -15
14 -15 -28
14 -15 -31
14 -16 -7
14 -16 -12
14 -16 -21
14 -16 -22
14 -17 -28
14 -18 -7
14 -18 -10
14 -19 -27
14 -20 -2
14 -20 -15
14 -20 -22
14 -20 -28
14 -21 -8
14 -21 -25
14 -21 -28
14 -22 -1
14 -22 -24
14 -22 -29
14 -23 -5
14 -23 -27
14 -23 -30
14 -25 -6
14 -25 -8
14 -27 -10
14 -27 -14
14 -27 -16
14 -27 -27
14 -28 -6
14 -28 -31
14 -29 -6
14 -29 -7
14 -29 -11
14 -29 -13
14 -30 -10
14 -30 -11
14 -30 -16
14 -31 -30
14 -32 -7
14 -32 -18
14 -32 -25
14 -32 -31
14 -32 -32
15 0 -28
15 -1 -18
15 -1 -22
15 -1 -28
15 -2 -1
15 -2 -10
15 -2 -13
15 -4 -12
15 -4 -14
15 -5 -4
15 -5 -31
15 -6 -7
15 -6 -11
15 -7 -9
15 -7 -10
15 -7 -23
15 -8 0
15 -8 -1
15 -8 -12
15 -8 -29
15 -9 -17
15 -9 -21
15 -10 -11
15 -10 -15
15 -10 -21
15 -11 0
15 -11 -19
15 -11 -24
15 -11 -31
15 -12 -9
15 -13 -2
15 -13 -8
15 -13 -20
15 -14 -8
15 -15 -3
15 -15 -6
15 -15 -15
15 -15 -28
15 -15 -31
15 -16 -7
15 -16 -12
15 -16 -21
15 -16 -22
15 -17 -28
15 -18 -7
15 -18 -10
15 -19 -27
15 -20 -2
15 -20 -15
15 -20 -22
15 -20 -28
15 -21 -8
15 -21 -25
15 -21 -28
15 -22 -1
15 -22 -24
15 -22 -29
15 -23 -5
15 -23 -27
15 -23 -30
15 -25 -6
15 -25 -8
15 -27 -10
15 -27 -14
15 -27 -16
15 -27 -27
15 -28 -6
15 -28 -31
15 -29 -6
15 -29 -7
15 -29 -11
15 -29 -13
15 -30 -10
15 -30 -11
15 -30 -16
15 -31 -30
15 -32 -7
15 -32 -18
15 -32 -25
15 -32 -31
15 -32 -32
16 0 -28
16 -1 -18
16 -1 -22
16 -1 -28
16 -2 -1
16 -2 -10
16 -2 -13
16 -4 -12
16 -4 -14
16 -5 -4
16 -5 -31
16 -6 -7
16 -6 -11
16 -7 -9
16 -7 -10
16 -7 -23
16 -8 0
16 -8 -1
16 -8 -12
16 -8 -29
16 -9 -17
16 -9 -21
16 -10 -11
16 -10 -15
16 -10 -21
16 -11 0
16 -11 -19
16 -11 -24
16 -11 -31
16 -12 -9
16 -13 -2
16 -13 -8
16 -13 -20
16 -14 -8
16 -15 -3
16 -15 -6
16 -15 -15
16 -15 -28
16 -15 -31
16 -16 -7
16 -16 -12
16 -16 -21
16 -16 -22
16 -17 -28
16 -18 -7
16 -18 -10
16 -19 -27
16 -20 -2
16 -20 -15
16 -20 -22
16 -20 -28
16 -21 -8
16 -21 -25
16 -21 -28
16 -22 -1
16 -22 -24
16 -22 -29
16 -23 -5
16 -23 -27
16 -23 -30
16 -25 -6
16 -25 -8
16 -27 -10
16 -27 -14
16 -27 -16
16 -27 -27
16 -28 -6
16 -28 -31
16 -29 -6
16 -29 -7
16 -29 -11
16 -29 -13
16 -30 -10
16 -30 -11
16 -30 -16
16 -31 -30
16 -32 -7
16 -32 -18
16 -32 -25
16 -32 -31
16 -32 -32
17 0 -28
17 -1 -18
17 -1 -22
17 -1 -28
17 -2 -1
17 -2 -10
17 -2 -13
17 -4 -12
17 -4 -14
17 -5 -4
17 -5 -31
17 -6 -7
17 -6 -11
17 -7 -9
17 -7 -10
17 -7 -23
17 -8 0
17 -8 -1
17 -8 -12
17 -8 -29
17 -9 -17
17 -9 -21
17 -10 -11
17 -10 -15
17 -10 -21
17 -11 0
17 -11 -19
17 -11 -24
17 -11 -31
17 -12 -9
17 -13 -2
17 -13 -8
17 -13 -20
17 -14 -8
17 -15 -3
17 -15 -6
17 -15 -15
17 -15 -28
17 -15 -31
17 -16 -7
17 -16 -12
17 -16 -21
17 -16 -22
17 -17 -28
17 -18 -7
17 -18 -10
17 -19 -27
17 -20 -2
17 -20 -15
17 -20 -22
17 -20 -28
17 -21 -8
17 -21 -25
17 -21 -28
17 -22 -1
17 -22 -24
17 -22 -29
17 -23 -5
17 -23 -27
17 -23 -30
17 -25 -6
17 -25 -8
17 -27 -10
17 -27 -14
17 -27 -16
17 -27 -27
17 -28 -6
17 -28 -31
17 -29 -6
17 -29 -7
17 -29 -11
17 -29 -13
17 -30 -10
17 -30 -11
17 -30 -16
17 -31 -30
17 -32 -7
17 -32 -18
17 -32 -25
17 -32 -31
17 -32 -32
18 0 -28
18 -1 -18
18 -1 -22
18 -1 -28
18 -2 -1
18 -2 -10
18 -2 -13
18 -4 -12
18 -4 -14
18 -5 -4
18 -5 -31
18 -6 -7
18 -6 -11
18 -7 -9
18 -7 -10
18 -7 -23
18 -8 0
18 -8 -1
18 -8 -12
18 -8 -29
18 -9 -17
18 -9 -21
18 -10 -11
18 -10 -15
18 -10 -21
18 -11 0
18 -11 -19
18 -11 -24
18 -11 -31
18 -12 -9
18 -13 -2
18 -13 -8
18 -13 -20
18 -14 -8
18 -15 -3
18 -15 -6
18 -15 -15
18 -15 -28
18 -15 -31
18 -16 -7
18 -16 -12
18 -16 -21
18 -16 -22
18 -17 -28
18 -18 -7
18 -18 -10
18 -19 -27
18 -20 -2
18 -20 -15
18 -20 -22
18 -20 -28
18 -21 -8
18 -21 -25
18 -21 -28
18 -22 -1
18 -22 -24
18 -22 -29
18 -23 -5
18 -23 -27
18 -23 -30
18 -25 -6
18 -25 -8
18 -27 -10
18 -27 -14
18 -27 -16
18 -27 -27
18 -28 -6
18 -28 -31
18 -29 -6
18 -29 -7
18 -29 -11
18 -29 -13
18 -30 -10
18 -30 -11
18 -30 -16
18 -31 -30
18 -32 -7
18 -32 -18
18 -32 -25
18 -32 -31
18 -32 -32
19 0 -28
19 -1 -18
19 -1 -22
19 -1 -28
19 -2 -1
19 -2 -10
19 -2 -13
19 -4 -12
19 -4 -14
19 -5 -4
19 -5 -31
19 -6 -7
19 -6 -11
19 -7 -9
19 -7 -10
19 -7 -23
19 -8 0
19 -8 -1
19 -8 -12
19 -8 -29
19 -9 -17
19 -9 -21
19 -10 -11
19 -10 -15
19 -10 -21
19 -11 0
19 -11 -19
19 -11 -24
19 -11 -31
19 -12 -9
19 -13 -2
19 -13 -8
19 -13 -20
19 -14 -8
19 -15 -3
19 -15 -6
19 -15 -15
19 -15 -28
19 -15 -31
19 -16 -7
19 -16 -12
19 -16 -21
19 -16 -22
19 -17 -28
19 -18 -7
19 -18 -10
19 -19 -27
19 -20 -2
19 -20 -15
19 -20 -22
19 -20 -28
19 -21 -8
19 -21 -25
19 -21 -28
19 -22 -1
19 -22 -24
19 -22 -29
19 -23 -5
19 -23 -27
19 -23 -30
19 -25 -6
19 -25 -8
19 -27 -10
19 -27 -14
19 -27 -16
19 -27 -27
19 -28 -6
19 -28 -31
19 -29 -6
19 -29 -7
19 -29 -11
19 -29 -13
19 -30 -10
19 -30 -11
19 -30 -16
19 -31 -30
19 -32 -7
19 -32 -18
19 -32 -25
19 -32 -31
19 -32 -32
20 0 -28
20 -1 -18
20 -1 -22
20 -1 -28
20 -2 -1
20 -2 -10
20 -2 -13
20 -4 -12
20 -4 -14
20 -5 -4
20 -5 -31
20 -6 -7
20 -6 -11
20 -7 -9
20 -7 -10
20 -7 -23
20 -8 0
20 -8 -1
20 -8 -12
20 -8 -29
20 -9 -17
20 -9 -21
20 -10 -11
20 -10 -15
20 -10 -21
20 -11 0
20 -11 -19
20 -11 -24
20 -11 -31
20 -12 -9
20 -13 -2
20 -13 -8
20 -13 -20
20 -14 -8
20 -15 -3
20 -15 -6
20 -15 -15
20 -15 -28
20 -15 -31
20 -16 -7
20 -16 -12
20 -16 -21
20 -16 -22
20 -17 -28
20 -18 -7
20 -18 -10
20 -19 -27
20 -20 -2
20 -20 -15
20 -20 -22
20 -20 -28
20 -21 -8
20 -21 -25
20 -21 -28
20 -22 -1
20 -22 -24
20 -22 -29
20 -23 -5
20 -23 -27
20 -23 -30
20 -25 -6
20 -25 -8
20 -27 -10
20 -27 -14
20 -27 -16
20 -27 -27
20 -28 -6
20 -28 -31
20 -29 -6
20 -29 -7
20 -29 -11
20 -29 -13
20 -30 -10
20 -30 -11
20 -30 -16
20 -31 -30
20 -32 -7
20 -32 -18
20 -32 -25
20 -32 -31
20 -32 -32
21 0 -28
21 -1 -18
21 -1 -22
21 -1 -28
21 -2 -1
21 -2 -10
21 -2 -13
21 -4 -12
21 -4 -14
21 -5 -4
21 -5 -31
21 -6 -7
21 -6 -11
21 -7 -9
21 -7 -10
21 -7 -23
21 -8 0
21 -8 -1
21 -8 -12
21 -8 -29
21 -9 -17
21 -9 -21
21 -10 -11
21 -10 -15
21 -10 -21
21 -11 0
21 -11 -19
21 -11 -24
21 -11 -31
21 -12 -9
21 -13 -2
21 -13 -8
21 -13 -20
21 -14 -8
21 -15 -3
21 -15 -6
21 -15 -15
21 -15 -28
21 -15 -31
21 -16 -7
21 -16 -12
21 -16 -21
21 -16 -22
21 -17 -28
21 -18 -7
21 -18 -10
21 -19 -27
21 -20 -2
21 -20 -15
21 -20 -22
21 -20 -28
21 -21 -8
21 -21 -25
21 -21 -28
21 -22 -1
21 -22 -24
21 -22 -29
21 -23 -5
21 -23 -27
21 -23 -30
21 -25 -6
21 -25 -8
21 -27 -10
21 -27 -14
21 -27 -16
21 -27 -27
21 -28 -6
21 -28 -31
21 -29 -6
21 -29 -7
21 -29 -11
21 -29 -13
21 -30 -10
21 -30 -11
21 -30 -16
21 -31 -30
21 -32 -7
21 -32 -18
21 -32 -25
21 -32 -31
21 -32 -32
22 0 -28
22 -1 -18
22 -1 -22
22 -1 -28
22 -2 -1
22 -2 -10
22 -2 -13
22 -4 -12
22 -4 -14
22 -5 -4
22 -5 -31
22 -6 -7
22 -6 -11
22 -7 -9
22 -7 -10
22 -7 -23
22 -8 0
22 -8 -1
22 -8 -12
22 -8 -29
22 -9 -17
22 -9 -21
22 -10 -11
22 -10 -15
22 -10 -21
22 -11 0
22 -11 -19
22 -11 -24
22 -11 -31
22 -12 -9
22 -13 -2
22 -13 -8
22 -13 -20
22 -14 -8
22 -15 -3
22 -15 -6
22 -15 -15
22 -15 -28
22 -15 -31
22 -16 -7
22 -16 -12
22 -16 -21
22 -16 -22
22 -17 -28
22 -18 -7
22 -18 -10
22 -19 -27
22 -20 -2
22 -20 -15
22 -20 -22
22 -20 -28
22 -21 -8
22 -21 -25
22 -21 -28
22 -22 -1
22 -22 -24
22 -22 -29
22 -23 -5
22 -23 -27
22 -23 -30
22 -25 -6
22 -25 -8
22 -27 -10
22 -27 -14
22 -27 -16
22 -27 -27
22 -28 -6
22 -28 -31
22 -29 -6
22 -29 -7
22 -29 -11
22 -29 -13
22 -30 -10
22 -30 -11
22 -30 -16
22 -31 -30
22 -32 -7
22 -32 -18
22 -32 -25
22 -32 -31
22 -32 -32
23 0 -28
23 -1 -18
23 -1 -22
23 -1 -28
23 -2 -1
23 -2 -10
23 -2 -13
23 -4 -12
23 -4 -14
23 -5 -4
23 -5 -31
23 -6 -7
23 -6 -11
23 -7 -9
23 -7 -10
23 -7 -23
23 -8 0
23 -8 -1
23 -8 -12
23 -8 -29
23 -9 -17
23 -9 -21
23 -10 -11
23 -10 -15
23 -10 -21
23 -11 0
23 -11 -19
23 -11 -24
23 -11 -31
23 -12 -9
23 -13 -2
23 -13 -8
23 -13 -20
23 -14 -8
23 -15 -3
23 -15 -6
23 -15 -15
23 -15 -28
23 -15 -31
23 -16 -7
23 -16 -12
23 -16 -21
23 -16 -22
23 -17 -28
23 -18 -7
23 -18 -10
23 -19 -27
23 -20 -2
23 -20 -15
23 -20 -22
23 -20 -28
23 -21 -8
23 -21 -25
23 -21 -28
23 -22 -1
23 -22 -24
23 -22 -29
23 -23 -5
23 -23 -27
23 -23 -30
23 -25 -6
23 -25 -8
23 -27 -10
23 -27 -14
23 -27 -16
23 -27 -27
23 -28 -6
23 -28 -31
23 -29 -6
23 -29 -7
23 -29 -11
23 -29 -13
23 -30 -10
23 -30 -11
23 -30 -16
23 -31 -30
23 -32 -7
23 -32 -18
23 -32 -25
23 -32 -31
23 -32 -32
24 0 -28
24 -1 -18
24 -1 -22
24 -1 -28
24 -2 -1
24 -2 -10
24 -2 -13
24 -4 -12
24 -4 -14
24 -5 -4
24 -5 -31
24 -6 -7
24 -6 -11
24 -7 -9
24 -7 -10
24 -7 -23
24 -8 0
24 -8 -1
24 -8 -12
24 -8 -29
24 -9 -17
24 -9 -21
24 -10 -11
24 -10 -15
24 -10 -21
24 -11 0
24 -11 -19
24 -11 -24
24 -11 -31
24 -12 -9
24 -13 -2
24 -13 -8
24 -13 -20
24 -14 -8
24 -15 -3
24 -15 -6
24 -15 -15
24 -15 -28
24 -15 -31
24 -16 -7
24 -16 -12
24 -16 -21
24 -16 -22
24 -17 -28
24 -18 -7
24 -18 -10
24 -19 -27
24 -20 -2
24 -20 -15
24 -20 -22
24 -20 -28
24 -21 -8
24 -21 -25
24 -21 -28
24 -22 -1
24 -22 -24
24 -22 -29
24 -23 -5
24 -23 -27
24 -23 -30
24 -25 -6
24 -25 -8
24 -27 -10
24 -27 -14
24 -27 -16
24 -27 -27
24 -28 -6
24 -28 -31
24 -29 -6
24 -29 -7
24 -29 -11
24 -29 -13
24 -30 -10
24 -30 -11
24 -30 -16
24 -31 -30
24 -32 -7
24 -32 -18
24 -32 -25
24 -32 -31
24 -32 -32
25 0 -28
25 -1 -18
25 -1 -22
25 -1 -28
25 -2 -1
25 -2 -10
25 -2 -13
25 -4 -12
25 -4 -14
25 -5 -4
25 -5 -31
25 -6 -7
25 -6 -11
25 -7 -9
25 -7 -10
25 -7 -23
25 -8 0
25 -8 -1
25 -8 -12
25 -8 -29
25 -9 -17
25 -9 -21
25 -10 -11
25 -10 -15
25 -10 -21
25 -11 0
25 -11 -19
25 -11 -24
25 -11 -31
25 -12 -9
25 -13 -2
25 -13 -8
25 -13 -20
25 -14 -8
25 -15 -3
25 -15 -6
25 -15 -15
25 -15 -28
25 -15 -31
25 -16 -7
25 -16 -12
25 -16 -21
25 -16 -22
25 -17 -28
25 -18 -7
25 -18 -10
25 -19 -27
25 -20 -2
25 -20 -15
25 -20 -22
25 -20 -28
25 -21 -8
25 -21 -25
25 -21 -28
25 -22 -1
25 -22 -24
25 -22 -29
25 -23 -5
25 -23 -27
25 -23 -30
25 -25 -6
25 -25 -8
25 -27 -10
25 -27 -14
25 -27 -16
25 -27 -27
25 -28 -6
25 -28 -31
25 -29 -6
25 -29 -7
25 -29 -11
25 -29 -13
25 -30 -10
25 -30 -11
25 -30 -16
25 -31 -30
25 -32 -7
25 -32 -18
25 -32 -25
25 -32 -31
25 -32 -32
26 0 -28
26 -1 -18
26 -1 -22
26 -1 -28
26 -2 -1
26 -2 -10
26 -2 -13
26 -4 -12
26 -4 -14
26 -5 -4
26 -5 -31
26 -6 -7
26 -6 -11
26 -7 -9
26 -7 -10
26 -7 -23
26 -8 0
26 -8 -1
26 -8 -12
26 -8 -29
26 -9 -17
26 -9 -21
26 -10 -11
26 -10 -15
26 -10 -21
26 -11 0
26 -11 -19
26 -11 -24
26 -11 -31
26 -12 -9
26 -13 -2
26 -13 -8
26 -13 -20
26 -14 -8
26 -15 -3
26 -15 -6
26 -15 -15
26 -15 -28
26 -15 -31
26 -16 -7
26 -16 -12
26 -16 -21
26 -16 -22
26 -17 -28
26 -18 -7
26 -18 -10
26 -19 -27
26 -20 -2
26 -20 -15
26 -20 -22
26 -20 -28
26 -21 -8
26 -21 -25
26 -21 -28
26 -22 -1
26 -22 -24
26 -22 -29
26 -23 -5
26 -23 -27
26 -23 -30
26 -25 -6
26 -25 -8
26 -27 -10
26 -27 -14
26 -27 -16
26 -27 -27
26 -28 -6
26 -28 -31
26 -29 -6
26 -29 -7
26 -29 -11
26 -29 -13
26 -30 -10
26 -30 -11
26 -30 -16
26 -31 -30
26 -32 -7
26 -32 -18
26 -32 -25
26 -32 -31
26 -32 -32
27 0 -28
27 -1 -18
27 -1 -22
27 -1 -28
27 -2 -1
27 -2 -10
27 -2 -13
27 -4 -12
27 -4 -14
27 -5 -4
27 -5 -31
27 -6 -7
27 -6 -11
27 -7 -9
27 -7 -10
27 -7 -23
27 -8 0
27 -8 -1
27 -8 -12
27 -8 -29
27 -9 -17
27 -9 -21
27 -10 -11
27 -10 -15
27 -10 -21
27 -11 0
27 -11 -19
27 -11 -24
27 -11 -31
27 -12 -9
27 -13 -2
27 -13 -8
27 -13 -20
27 -14 -8
27 -15 -3
27 -15 -6
27 -15 -15
27 -15 -28
27 -15 -31
27 -16 -7
27 -16 -12
27 -16 -21
27 -16 -22
27 -17 -28
27 -18 -7
27 -18 -10
27 -19 -27
27 -20 -2
27 -20 -15
27 -20 -22
27 -20 -28
27 -21 -8
27 -21 -25
27 -21 -28
27 -22 -1
27 -22 -24
27 -22 -29
27 -23 -5
27 -23 -27
27 -23 -30
27 -25 -6
27 -25 -8
27 -27 -10
27 -27 -14
27 -27 -16
27 -27 -27
27 -28 -6
27 -28 -31
27 -29 -6
27 -29 -7
27 -29 -11
27 -29 -13
27 -30 -10
27 -30 -11
27 -30 -16
27 -31 -30
27 -32 -7
27 -32 -18
27 -32 -25
27 -32 -31
27 -32 -32
28 0 -28
28 -1 -18
28 -1 -22
28 -1 -28
28 -2 -1
28 -2 -10
28 -2 -13
28 -4 -12
28 -4 -14
28 -5 -4
28 -5 -31
28 -6 -7
28 -6 -11
28 -7 -9
28 -7 -10
28 -7 -23
28 -8 0
28 -8 -1
28 -8 -12
28 -8 -29
28 -9 -17
28 -9 -21
28 -10 -11
28 -10 -15
28 -10 -21
28 -11 0
28 -11 -19
28 -11 -24
28 -11 -31
28 -12 -9
28 -13 -2
28 -13 -8
28 -13 -20
28 -14 -8
28 -15 -3
28 -15 -6
28 -15 -15
28 -15 -28
28 -15 -31
28 -16 -7
28 -16 -12
28 -16 -21
28 -16 -22
28 -17 -28
28 -18 -7
28 -18 -10
28 -19 -27
28 -20 -2
28 -20 -15
28 -20 -22
28 -20 -28
28 -21 -8
28 -21 -25
28 -21 -28
28 -22 -1
28 -22 -24
28 -22 -29
28 -23 -5
28 -23 -27
28 -23 -30
28 -25 -6
28 -25 -8
28 -27 -10
28 -27 -14
28 -27 -16
28 -27 -27
28 -28 -6
28 -28 -31
28 -29 -6
28 -29 -7
28 -29 -11
28 -29 -13
28 -30 -10
28 -30 -11
28 -30 -16
28 -31 -30
28 -32 -7
28 -32 -18
28 -32 -25
28 -32 -31
28 -32 -32
29 0 -28
29 -1 -18
29 -1 -22
29 -1 -28
29 -2 -1
29 -2 -10
29 -2 -13
29 -4 -12
29 -4 -14
29 -5 -4
29 -5 -31
29 -6 -7
29 -6 -11
29 -7 -9
29 -7 -10
29 -7 -23
29 -8 0
29 -8 -1
29 -8 -12
29 -8 -29
29 -9 -17
29 -9 -21
29 -10 -11
29 -10 -15
29 -10 -21
29 -11 0
29 -11 -19
29 -11 -24
29 -11 -31
29 -12 -9
29 -13 -2
29 -13 -8
29 -13 -20
29 -14 -8
29 -15 -3
29 -15 -6
29 -15 -15
29 -15 -28
29 -15 -31
29 -16 -7
29 -16 -12
29 -16 -21
29 -16 -22
29 -17 -28
29 -18 -7
29 -18 -10
29 -19 -27
29 -20 -2
29 -20 -15
29 -20 -22
29 -20 -28
29 -21 -8
29 -21 -25
29 -21 -28
29 -22 -1
29 -22 -24
29 -22 -29
29 -23 -5
29 -23 -27
29 -23 -30
29 -25 -6
29 -25 -8
29 -27 -10
29 -27 -14
29 -27 -16
29 -27 -27
29 -28 -6
29 -28 -31
29 -29 -6
29 -29 -7
29 -29 -11
29 -29 -13
29 -30 -10
29 -30 -11
29 -30 -16
29 -31 -30
29 -32 -7
29 -32 -18
29 -32 -25
29 -32 -31
29 -32 -32
30 0 -28
30 -1 -18
30 -1 -22
30 -1 -28
30 -2 -1
30 -2 -10
30 -2 -13
30 -4 -12
30 -4 -14
30 -5 -4
30 -5 -31
30 -6 -7
30 -6 -11
30 -7 -9
30 -7 -10
30 -7 -23
30 -8 0
30 -8 -1
30 -8 -12
30 -8 -29
30 -9 -17
30 -9 -21
30 -10 -11
30 -10 -15
30 -10 -21
30 -11 0
30 -11 -19
30 -11 -24
30 -11 -31
30 -12 -9
30 -13 -2
30 -13 -8
30 -13 -20
30 -14 -8
30 -15 -3
30 -15 -6
30 -15 -15
30 -15 -28
30 -15 -31
30 -16 -7
30 -16 -12
30 -16 -21
30 -16 -22
30 -17 -28
30 -18 -7
30 -18 -10
30 -19 -27
30 -20 -2
30 -20 -15
30 -20 -22
30 -20 -28
30 -21 -8
30 -21 -25
30 -21 -28
30 -22 -1
30 -22 -24
30 -22 -29
30 -23 -5
30 -23 -27
30 -23 -30
30 -25 -6
30 -25 -8
30 -27 -10
30 -27 -14
30 -27 -16
30 -27 -27
30 -28 -6
30 -28 -31
30 -29 -6
30 -29 -7
30 -29 -11
30 -29 -13
30 -30 -10
30 -30 -11
30 -30 -16
30 -31 -30
30 -32 -7
30 -32 -18
30 -32 -25
30 -32 -31
30 -32 -32
31 0 -28
31 -1 -18
31 -1 -22
31 -1 -28
31 -2 -1
31 -2 -10
31 -2 -13
31 -4 -12
31 -4 -14
31 -5 -4
31 -5 -31
31 -6 -7
31 -6 -11
31 -7 -9
31 -7 -10
31 -7 -23
31 -8 0
31 -8 -1
31 -8 -12
31 -8 -29
31 -9 -17
31 -9 -21
31 -10 -11
31 -10 -15
31 -10 -21
31 -11 0
31 -11 -19
31 -11 -24
31 -11 -31
31 -12 -9
31 -13 -2
31 -13 -8
31 -13 -20
31 -14 -8
31 -15 -3
31 -15 -6
31 -15 -15
31 -15 -28
31 -15 -31
31 -16 -7
31 -16 -12
31 -16 -21
31 -16 -22
31 -17 -28
31 -18 -7
31 -18 -10
31 -19 -27
31 -20 -2
31 -20 -15
31 -20 -22
31 -20 -28
31 -21 -8
31 -21 -25
31 -21 -28
31 -22 -1
31 -22 -24
31 -22 -29
31 -23 -5
31 -23 -27
31 -23 -30
31 -25 -6
31 -25 -8
31 -27 -10
31 -27 -14
31 -27 -16
31 -27 -27
31 -28 -6
31 -28 -31
31 -29 -6
31 -29 -7
31 -29 -11
31 -29 -13
31 -30 -10
31 -30 -11
31 -30 -16
31 -31 -30
31 -32 -7
31 -32 -18
31 -32 -25
31 -32 -31
31 -32 -32
32 0 -28
32 -1 -18
32 -1 -22
32 -1 -28
32 -2 -1
32 -2 -10
32 -2 -13
32 -4 -12
32 -4 -14
32 -5 -4
32 -5 -31
32 -6 -7
32 -6 -11
32 -7 -9
32 -7 -10
32 -7 -23
32 -8 0
32 -8 -1
32 -8 -12
32 -8 -29
32 -9 -17
32 -9 -21
32 -10 -11
32 -10 -15
32 -10 -21
32 -11 0
32 -11 -19
32 -11 -24
32 -11 -31
32 -12 -9
32 -13 -2
32 -13 -8
32 -13 -20
32 -14 -8
32 -15 -3
32 -15 -6
32 -15 -15
32 -15 -28
32 -15 -31
32 -16 -7
32 -16 -12
32 -16 -21
32 -16 -22
32 -17 -28
32 -18 -7
32 -18 -10
32 -19 -27
32 -20 -2
32 -20 -15
32 -20 -22
32 -20 -28
32 -21 -8
32 -21 -25
32 -21 -28
32 -22 -1
32 -22 -24
32 -22 -29
32 -23 -5
32 -23 -27
32 -23 -30
32 -25 -6
32 -25 -8
32 -27 -10
32 -27 -14
32 -27 -16
32 -27 -27
32 -28 -6
32 -28 -31
32 -29 -6
32 -29 -7
32 -29 -11
32 -29 -13
32 -30 -10
32 -30 -11
32 -30 -16
32 -31 -30
32 -32 -7
32 -32 -18
32 -32 -25
32 -32 -31
32 -32 -32
33 0 -28
33 -1 -18
33 -1 -22
33 -1 -28
33 -2 -1
33 -2 -10
33 -2 -13
33 -4 -12
33 -4 -14
33 -5 -4
33 -5 -31
33 -6 -7
33 -6 -11
33 -7 -9
33 -7 -10
33 -7 -23
33 -8 0
33 -8 -1
33 -8 -12
33 -8 -29
33 -9 -17
33 -9 -21
33 -10 -11
33 -10 -15
33 -10 -21
33 -11 0
33 -11 -19
33 -11 -24
33 -11 -31
33 -12 -9
33 -13 -2
33 -13 -8
33 -13 -20
33 -14 -8
33 -15 -3
33 -15 -6
33 -15 -15
33 -15 -28
33 -15 -31
33 -16 -7
33 -16 -12
33 -16 -21
33 -16 -22
33 -17 -28
33 -18 -7
33 -18 -10
33 -19 -27
33 -20 -2
33 -20 -15
33 -20 -22
33 -20 -28
33 -21 -8
33 -21 -25
33 -21 -28
33 -22 -1
33 -22 -24
33 -22 -29
33 -23 -5
33 -23 -27
33 -23 -30
33 -25 -6
33 -25 -8
33 -27 -10
33 -27 -14
33 -27 -16
33 -27 -27
33 -28 -6
33 -28 -31
33 -29 -6
33 -29 -7
33 -29 -11
33 -29 -13
33 -30 -10
33 -30 -11
33 -30 -16
33 -31 -30
33 -32 -7
33 -32 -18
33 -32 -25
33 -32 -31
33 -32 -32
34 0 -28
34 -1 -18
34 -1 -22
34 -1 -28
34 -2 -1
34 -2 -10
34 -2 -13
34 -4 -12
34 -4 -14
34 -5 -4
34 -5 -31
34 -6 -7
34 -6 -11
34 -7 -9
34 -7 -10
34 -7 -23
34 -8 0
34 -8 -1
34 -8 -12
34 -8 -29
34 -9 -17
34 -9 -21
34 -10 -11
34 -10 -15
34 -10 -21
34 -11 0
34 -11 -19
34 -11 -24
34 -11 -31
34 -12 -9
34 -13 -2
34 -13 -8
34 -13 -20
34 -14 -8
34 -15 -3
34 -15 -6
34 -15 -15
34 -15 -28
34 -15 -31
34 -16 -7
34 -16 -12
34 -16 -21
34 -16 -22
34 -17 -28
34 -18 -7
34 -18 -10
34 -19 -27
34 -20 -2
34 -20 -15
34 -20 -22
34 -20 -28
34 -21 -8
34 -21 -25
34 -21 -28
34 -22 -1
34 -22 -24
34 -22 -29
34 -23 -5
34 -23 -27
34 -23 -30
34 -25 -6
34 -25 -8
34 -27 -10
34 -27 -14
34 -27 -16
34 -27 -27
34 -28 -6
34 -28 -31
34 -29 -6
34 -29 -7
34 -29 -11
34 -29 -13
34 -30 -10
34 -30 -11
34 -30 -16
34 -31 -30
34 -32 -7
34 -32 -18
34 -32 -25
34 -32 -31
34 -32 -32
35 0 -28
35 -1 -18
35 -1 -22
35 -1 -28
35 -2 -1
35 -2 -10
35 -2 -13
35 -4 -12
35 -4 -14
35 -5 -4
35 -5 -31
35 -6 -7
35 -6 -11
35 -7 -9
35 -7 -10
35 -7 -23
35 -8 0
35 -8 -1
35 -8 -12
35 -8 -29
35 -9 -17
35 -9 -21
35 -10 -11
35 -10 -15
35 -10 -21
35 -11 0
35 -11 -19
35 -11 -24
35 -11 -31
35 -12 -9
35 -13 -2
35 -13 -8
35 -13 -20
35 -14 -8
35 -15 -3
35 -15 -6
35 -15 -15
35 -15 -28
35 -15 -31
35 -16 -7
35 -16 -12
35 -16 -21
35 -16 -22
35 -17 -28
35 -18 -7
35 -18 -10
35 -19 -27
35 -20 -2
35 -20 -15
35 -20 -22
35 -20 -28
35 -21 -8
35 -21 -25
35 -21 -28
35 -22 -1
35 -22 -24
35 -22 -29
35 -23 -5
35 -23 -27
35 -23 -30
35 -25 -6
35 -25 -8
35 -27 -10
35 -27 -14
35 -27 -16
35 -27 -27
35 -28 -6
35 -28 -31
35 -29 -6
35 -29 -7
35 -29 -11
35 -29 -13
35 -30 -10
35 -30 -11
35 -30 -16
35 -31 -30
35 -32 -7
35 -32 -18
35 -32 -25
35 -32 -31
35 -32 -32
36 0 -28
36 -1 -18
36 -1 -22
36 -1 -28
36 -2 -1
36 -2 -10
36 -2 -13
36 -4 -12
36 -4 -14
36 -5 -4
36 -5 -31
36 -6 -7
36 -6 -11
36 -7 -9
36 -7 -10
36 -7 -23
36 -8 0
36 -8 -1
36 -8 -12
36 -8 -29
36 -9 -17
36 -9 -21
36 -10 -11
36 -10 -15
36 -10 -21
36 -11 0
36 -11 -19
36 -11 -24
36 -11 -31
36 -12 -9
36 -13 -2
36 -13 -8
36 -13 -20
36 -14 -8
36 -15 -3
36 -15 -6
36 -15 -15
36 -15 -28
36 -15 -31
36 -16 -7
36 -16 -12
36 -16 -21
36 -16 -22
36 -17 -28
36 -18 -7
36 -18 -10
36 -19 -27
36 -20 -2
36 -20 -15
36 -20 -22
36 -20 -28
36 -21 -8
36 -21 -25
36 -21 -28
36 -22 -1
36 -22 -24
36 -22 -29
36 -23 -5
36 -23 -27
36 -23 -30
36 -25 -6
36 -25 -8
36 -27 -10
36 -27 -14
36 -27 -16
36 -27 -27
36 -28 -6
36 -28 -31
36 -29 -6
36 -29 -7
36 -29 -11
36 -29 -13
36 -30 -10
36 -30 -11
36 -30 -16
36 -31 -30
36 -32 -7
36 -32 -18
36 -32 -25
36 -32 -31
36 -32 -32
37 0 -28
37 -1 -18
37 -1 -22
37 -1 -28
37 -2 -1
37 -2 -10
37 -2 -13
37 -4 -12
37 -4 -14
37 -5 -4
37 -5 -31
37 -6 -7
37 -6 -11
37 -7 -9
37 -7 -10
37 -7 -23
37 -8 0
37 -8 -1
37 -8 -12
37 -8 -29
37 -9 -17
37 -9 -21
37 -10 -11
37 -10 -15
37 -10 -21
37 -11 0
37 -11 -19
37 -11 -24
37 -11 -31
37 -12 -9
37 -13 -2
37 -13 -8
37 -13 -20
37 -14 -8
37 -15 -3
37 -15 -6
37 -15 -15
37 -15 -28
37 -15 -31
37 -16 -7
37 -16 -12
37 -16 -21
37 -16 -22
37 -17 -28
37 -18 -7
37 -18 -10
37 -19 -27
37 -20 -2
37 -20 -15
37 -20 -22
37 -20 -28
37 -21 -8
37 -21 -25
37 -21 -28
37 -22 -1
37 -22 -24
37 -22 -29
37 -23 -5
37 -23 -27
37 -23 -30
37 -25 -6
37 -25 -8
37 -27 -10
37 -27 -14
37 -27 -16
37 -27 -27
37 -28 -6
37 -28 -31
37 -29 -6
37 -29 -7
37 -29 -11
37 -29 -13
37 -30 -10
37 -30 -11
37 -30 -16
37 -31 -30
37 -32 -7
37 -32 -18
37 -32 -25
37 -32 -31
37 -32 -32
38 0 -28
38 -1 -18
38 -1 -22
38 -1 -28
38 -2 -1
38 -2 -10
38 -2 -13
38 -4 -12
38 -4 -14
38 -5 -4
38 -5 -31
38 -6 -7
38 -6 -11
38 -7 -9
38 -7 -10
38 -7 -23
38 -8 0
38 -8 -1
38 -8 -12
38 -8 -29
38 -9 -17
38 -9 -21
38 -10 -11
38 -10 -15
38 -10 -21
38 -11 0
38 -11 -19
38 -11 -24
38 -11 -31
38 -12 -9
38 -13 -2
38 -13 -8
38 -13 -20
38 -14 -8
38 -15 -3
38 -15 -6
38 -15 -15
38 -15 -28
38 -15 -31
38 -16 -7
38 -16 -12
38 -16 -21
38 -16 -22
38 -17 -28
38 -18 -7
38 -18 -10
38 -19 -27
38 -20 -2
38 -20 -15
38 -20 -22
38 -20 -28
38 -21 -8
38 -21 -25
38 -21 -28
38 -22 -1
38 -22 -24
38 -22 -29
38 -23 -5
38 -23 -27
38 -23 -30
38 -25 -6
38 -25 -8
38 -27 -10
38 -27 -14
38 -27 -16
38 -27 -27
38 -28 -6
38 -28 -31
38 -29 -6
38 -29 -7
38 -29 -11
38 -29 -13
38 -30 -10
38 -30 -11
38 -30 -16
38 -31 -30
38 -32 -7
38 -32 -18
38 -32 -25
38 -32 -31
38 -32 -32
39 0 -28
39 -1 -18
39 -1 -22
39 -1 -28
39 -2 -1
39 -2 -10
39 -2 -13
39 -4 -12
39 -4 -14
39 -5 -4
39 -5 -31
39 -6 -7
39 -6 -11
39 -7 -9
39 -7 -10
39 -7 -23
39 -8 0
39 -8 -1
39 -8 -12
39 -8 -29
39 -9 -17
39 -9 -21
39 -10 -11
39 -10 -15
39 -10 -21
39 -11 0
39 -11 -19
39 -11 -24
39 -11 -31
39 -12 -9
39 -13 -2
39 -13 -8
39 -13 -20
39 -14 -8
39 -15 -3
39 -15 -6
39 -15 -15
39 -15 -28
39 -15 -31
39 -16 -7
39 -16 -12
39 -16 -21
39 -16 -22
39 -17 -28
39 -18 -7
39 -18 -10
39 -19 -27
39 -20 -2
39 -20 -15
39 -20 -22
39 -20 -28
39 -21 -8
39 -21 -25
39 -21 -28
39 -22 -1
39 -22 -24
39 -22 -29
39 -23 -5
39 -23 -27
39 -23 -30
39 -25 -6
39 -25 -8
39 -27 -10
39 -27 -14
39 -27 -16
39 -27 -27
39 -28 -6
39 -28 -31
39 -29 -6
39 -29 -7
39 -29 -11
39 -29 -13
39 -30 -10
39 -30 -11
39 -30 -16
39 -31 -30
39 -32 -7
39 -32 -18
39 -32 -25
39 -32 -31
39 -32 -32
40 0 -28
40 -1 -18
40 -1 -22
40 -1 -28
40 -2 -1
40 -2 -10
40 -2 -13
40 -4 -12
40 -4 -14
40 -5 -4
40 -5 -31
40 -6 -7
40 -6 -11
40 -7 -9
40 -7 -10
40 -7 -23
40 -8 0
40 -8 -1
40 -8 -12
40 -8 -29
40 -9 -17
40 -9 -21
40 -10 -11
40 -10 -15
40 -10 -21
40 -11 0
40 -11 -19
40 -11 -24
40 -11 -31
40 -12 -9
40 -13 -2
40 -13 -8
40 -13 -20
40 -14 -8
40 -15 -3
40 -15 -6
40 -15 -15
40 -15 -28
40 -15 -31
40 -16 -7
40 -16 -12
40 -16 -21
40 -16 -22
40 -17 -28
40 -18 -7
40 -18 -10
40 -19 -27
40 -20 -2
40 -20 -15
40 -20 -22
40 -20 -28
40 -21 -8
40 -21 -25
40 -21 -28
40 -22 -1
40 -22 -24
40 -22 -29
40 -23 -5
40 -23 -27
40 -23 -30
40 -25 -6
40 -25 -8
40 -27 -10
40 -27 -14
40 -27 -16
40 -27 -27
40 -28 -6
40 -28 -31
40 -29 -6
40 -29 -7
40 -29 -11
40 -29 -13
40 -30 -10
40 -30 -11
40 -30 -16
40 -31 -30
40 -32 -7
40 -32 -18
40 -32 -25
40 -32 -31
40 -32 -32
41 0 -28
41 -1 -18
41 -1 -22
41 -1 -28
41 -2 -1
41 -2 -10
41 -2 -13
41 -4 -12
41 -4 -14
41 -5 -4
41 -5 -31
41 -6 -7
41 -6 -11
41 -7 -9
41 -7 -10
41 -7 -23
41 -8 0
41 -8 -1
41 -8 -12
41 -8 -29
41 -9 -17
41 -9 -21
41 -10 -11
41 -10 -15
41 -10 -21
41 -11 0
41 -11 -19
41 -11 -24
41 -11 -31
41 -12 -9
41 -13 -2
41 -13 -8
41 -13 -20
41 -14 -8
41 -15 -3
41 -15 -6
41 -15 -15
41 -15 -28
41 -15 -31
41 -16 -7
41 -16 -12
41 -16 -21
41 -16 -22
41 -17 -28
41 -18 -7
41 -18 -10
41 -19 -27
41 -20 -2
41 -20 -15
41 -20 -22
41 -20 -28
41 -21 -8
41 -21 -25
41 -21 -28
41 -22 -1
41 -22 -24
41 -22 -29
41 -23 -5
41 -23 -27
41 -23 -30
41 -25 -6
41 -25 -8
41 -27 -10
41 -27 -14
41 -27 -16
41 -27 -27
41 -28 -6
41 -28 -31
41 -29 -6
41 -29 -7
41 -29 -11
41 -29 -13
41 -30 -10
41 -30 -11
41 -30 -16
41 -31 -30
41 -32 -7
41 -32 -18
41 -32 -25
41 -32 -31
41 -32 -32
42 0 -28
42 -1 -18
42 -1 -22
42 -1 -28
42 -2 -1
42 -2 -10
42 -2 -13
42 -4 -12
42 -4 -14
42 -5 -4
42 -5 -31
42 -6 -7
42 -6 -11
42 -7 -9
42 -7 -10
42 -7 -23
42 -8 0
42 -8 -1
42 -8 -12
42 -8 -29
42 -9 -17
42 -9 -21
42 -10 -11
42 -10 -15
42 -10 -21
42 -11 0
42 -11 -19
42 -11 -24
42 -11 -31
42 -12 -9
42 -13 -2
42 -13 -8
42 -13 -20
42 -14 -8
42 -15 -3
42 -15 -6
42 -15 -15
42 -15 -28
42 -15 -31
42 -16 -7
42 -16 -12
42 -16 -21
42 -16 -22
42 -17 -28
42 -18 -7
42 -18 -10
42 -19 -27
42 -20 -2
42 -20 -15
42 -20 -22
42 -20 -28
42 -21 -8
42 -21 -25
42 -21 -28
42 -22 -1
42 -22 -24
42 -22 -29
42 -23 -5
42 -23 -27
42 -23 -30
42 -25 -6
42 -25 -8
42 -27 -10
42 -27 -14
42 -27 -16
42 -27 -27
42 -28 -6
42 -28 -31
42 -29 -6
42 -29 -7
42 -29 -11
42 -29 -13
42 -30 -10
42 -30 -11
42 -30 -16
42 -31 -30
42 -32 -7
42 -32 -18
42 -32 -25
42 -32 -31
42 -32 -32
43 0 -28
43 -1 -18
43 -1 -22
43 -1 -28
43 -2 -1
43 -2 -10
43 -2 -13
43 -4 -12
43 -4 -14
43 -5 -4
43 -5 -31
43 -6 -7
43 -6 -11
43 -7 -9
43 -7 -10
43 -7 -23
43 -8 0
43 -8 -1
43 -8 -12
43 -8 -29
43 -9 -17
43 -9 -21
43 -10 -11
43 -10 -15
43 -10 -21
43 -11 0
43 -11 -19
43 -11 -24
43 -11 -31
43 -12 -9
43 -13 -2
43 -13 -8
43 -13 -20
43 -14 -8
43 -15 -3
43 -15 -6
43 -15 -15
43 -15 -28
43 -15 -31
43 -16 -7
43 -16 -12
43 -16 -21
43 -16 -22
43 -17 -28
43 -18 -7
43 -18 -10
43 -19 -27
43 -20 -2
43 -20 -15
43 -20 -22
43 -20 -28
43 -21 -8
43 -21 -25
43 -21 -28
43 -22 -1
43 -22 -24
43 -22 -29
43 -23 -5
43 -23 -27
43 -23 -30
43 -25 -6
43 -25 -8
43 -27 -10
43 -27 -14
43 -27 -16
43 -27 -27
43 -28 -6
43 -28 -31
43 -29 -6
43 -29 -7
43 -29 -11
43 -29 -13
43 -30 -10
43 -30 -11
43 -30 -16
43 -31 -30
43 -32 -7
43 -32 -18
43 -32 -25
43 -32 -31
43 -32 -32
44 0 -28
44 -1 -18
44 -1 -22
44 -1 -28
44 -2 -1
44 -2 -10
44 -2 -13
44 -4 -12
44 -4 -14
44 -5 -4
44 -5 -31
44 -6 -7
44 -6 -11
44 -7 -9
44 -7 -10
44 -7 -23
44 -8 0
44 -8 -1
44 -8 -12
44 -8 -29
44 -9 -17
44 -9 -21
44 -10 -11
44 -10 -15
44 -10 -21
44 -11 0
44 -11 -19
44 -11 -24
44 -11 -31
44 -12 -9
44 -13 -2
44 -13 -8
44 -13 -20
44 -14 -8
44 -15 -3
44 -15 -6
44 -15 -15
44 -15 -28
44 -15 -31
44 -16 -7
44 -16 -12
44 -16 -21
44 -16 -22
44 -17 -28
44 -18 -7
44 -18 -10
44 -19 -27
44 -20 -2
44 -20 -15
44 -20 -22
44 -20 -28
44 -21 -8
44 -21 -25
44 -21 -28
44 -22 -1
44 -22 -24
44 -22 -29
44 -23 -5
44 -23 -27
44 -23 -30
44 -25 -6
44 -25 -8
44 -27 -10
44 -27 -14
44 -27 -16
44 -27 -27
44 -28 -6
44 -28 -31
44 -29 -6
44 -29 -7
44 -29 -11
44 -29 -13
44 -30 -10
44 -30 -11
44 -30 -16
44 -31 -30
44 -32 -7
44 -32 -18
44 -32 -25
44 -32 -31
44 -32 -32
45 0 -28
45 -1 -18
45 -1 -22
45 -1 -28
45 -2 -1
45 -2 -10
45 -2 -13
45 -4 -12
45 -4 -14
45 -5 -4
45 -5 -31
45 -6 -7
45 -6 -11
45 -7 -9
45 -7 -10
45 -7 -23
45 -8 0
45 -8 -1
45 -8 -12
45 -8 -29
45 -9 -17
45 -9 -21
45 -10 -11
45 -10 -15
45 -10 -21
45 -11 0
45 -11 -19
45 -11 -24
45 -11 -31
45 -12 -9
45 -13 -2
45 -13 -8
45 -13 -20
45 -14 -8
45 -15 -3
45 -15 -6
45 -15 -15
45 -15 -28
45 -15 -31
45 -16 -7
45 -16 -12
45 -16 -21
45 -16 -22
45 -17 -28
45 -18 -7
45 -18 -10
45 -19 -27
45 -20 -2
45 -20 -15
45 -20 -22
45 -20 -28
45 -21 -8
45 -21 -25
45 -21 -28
45 -22 -1
45 -22 -24
45 -22 -29
45 -23 -5
45 -23 -27
45 -23 -30
45 -25 -6
45 -25 -8
45 -27 -10
45 -27 -14
45 -27 -16
45 -27 -27
45 -28 -6
45 -28 -31
45 -29 -6
45 -29 -7
45 -29 -11
45 -29 -13
45 -30 -10
45 -30 -11
45 -30 -16
45 -31 -30
45 -32 -7
45 -32 -18
45 -32 -25
45 -32 -31
45 -32 -32
46 0 -28
46 -1 -18
46 -1 -22
46 -1 -28
46 -2 -1
46 -2 -10
46 -2 -13
46 -4 -12
46 -4 -14
46 -5 -4
46 -5 -31
46 -6 -7
46 -6 -11
46 -7 -9
46 -7 -10
46 -7 -23
46 -8 0
46 -8 -1
46 -8 -12
46 -8 -29
46 -9 -17
46 -9 -21
46 -10 -11
46 -10 -15
46 -10 -21
46 -11 0
46 -11 -19
46 -11 -24
46 -11 -31
46 -12 -9
46 -13 -2
46 -13 -8
46 -13 -20
46 -14 -8
46 -15 -3
46 -15 -6
46 -15 -15
46 -15 -28
46 -15 -31
46 -16 -7
46 -16 -12
46 -16 -21
46 -16 -22
46 -17 -28
46 -18 -7
46 -18 -10
46 -19 -27
46 -20 -2
46 -20 -15
46 -20 -22
46 -20 -28
46 -21 -8
46 -21 -25
46 -21 -28
46 -22 -1
46 -22 -24
46 -22 -29
46 -23 -5
46 -23 -27
46 -23 -30
46 -25 -6
46 -25 -8
46 -27 -10
46 -27 -14
46 -27 -16
46 -27 -27
46 -28 -6
46 -28 -31
46 -29 -6
46 -29 -7
46 -29 -11
46 -29 -13
46 -30 -10
46 -30 -11
46 -30 -16
46 -31 -30
46 -32 -7
46 -32 -18
46 -32 -25
46 -32 -31
46 -32 -32
47 0 -28
47 -1 -18
47 -1 -22
47 -1 -28
47 -2 -1
47 -2 -10
47 -2 -13
47 -4 -12
47 -4 -14
47 -5 -4
47 -5 -31
47 -6 -7
47 -6 -11
47 -7 -9
47 -7 -10
47 -7 -23
47 -8 0
47 -8 -1
47 -8 -12
47 -8 -29
47 -9 -17
47 -9 -21
47 -10 -11
47 -10 -15
47 -10 -21
47 -11 0
47 -11 -19
47 -11 -24
47 -11 -31
47 -12 -9
47 -13 -2
47 -13 -8
47 -13 -20
47 -14 -8
47 -15 -3
47 -15 -6
47 -15 -15
47 -15 -28
47 -15 -31
47 -16 -7
47 -16 -12
47 -16 -21
47 -16 -22
47 -17 -28
47 -18 -7
47 -18 -10
47 -19 -27
47 -20 -2
47 -20 -15
47 -20 -22
47 -20 -28
47 -21 -8
47 -21 -25
47 -21 -28
47 -22 -1
47 -22 -24
47 -22 -29
47 -23 -5
47 -23 -27
47 -23 -30
47 -25 -6
47 -25 -8
47 -27 -10
47 -27 -14
47 -27 -16
47 -27 -27
47 -28 -6
47 -28 -31
47 -29 -6
47 -29 -7
47 -29 -11
47 -29 -13
47 -30 -10
47 -30 -11
47 -30 -16
47 -31 -30
47 -32 -7
47 -32 -18
47 -32 -25
47 -32 -31
47 -32 -32
48 0 -28
48 -1 -18
48 -1 -22
48 -1 -28
48 -2 -1
48 -2 -10
48 -2 -13
48 -4 -12
48 -4 -14
48 -5 -4
48 -5 -31
48 -6 -7
48 -6 -11
48 -7 -9
48 -7 -10
48 -7 -23
48 -8 0
48 -8 -1
48 -8 -12
48 -8 -29
48 -9 -17
48 -9 -21
48 -10 -11
48 -10 -15
48 -10 -21
48 -11 0
48 -11 -19
48 -11 -24
48 -11 -31
48 -12 -9
48 -13 -2
48 -13 -8
48 -13 -20
48 -14 -8
48 -15 -3
48 -15 -6
48 -15 -15
48 -15 -28
48 -15 -31
48 -16 -7
48 -16 -12
48 -16 -21
48 -16 -22
48 -17 -28
48 -18 -7
48 -18 -10
48 -19 -27
48 -20 -2
48 -20 -15
48 -20 -22
48 -20 -28
48 -21 -8
48 -21 -25
48 -21 -28
48 -22 -1
48 -22 -24
48 -22 -29
48 -23 -5
48 -23 -27
48 -23 -30
48 -25 -6
48 -25 -8
48 -27 -10
48 -27 -14
48 -27 -16
48 -27 -27
48 -28 -6
48 -28 -31
48 -29 -6
48 -29 -7
48 -29 -11
48 -29 -13
48 -30 -10
48 -30 -11
48 -30 -16
48 -31 -30
48 -32 -7
48 -32 -18
48 -32 -25
48 -32 -31
48 -32 -32
49 0 -28
49 -1 -18
49 -1 -22
49 -1 -28
49 -2 -1
49 -2 -10
49 -2 -13
49 -4 -12
49 -4 -14
49 -5 -4
49 -5 -31
49 -6 -7
49 -6 -11
49 -7 -9
49 -7 -10
49 -7 -23
49 -8 0
49 -8 -1
49 -8 -12
49 -8 -29
49 -9 -17
49 -9 -21
49 -10 -11
49 -10 -15
49 -10 -21
49 -11 0
49 -11 -19
49 -11 -24
49 -11 -31
49 -12 -9
49 -13 -2
49 -13 -8
49 -13 -20
49 -14 -8
49 -15 -3
49 -15 -6
49 -15 -15
49 -15 -28
49 -15 -31
49 -16 -7
49 -16 -12
49 -16 -21
49 -16 -22
49 -17 -28
49 -18 -7
49 -18 -10
49 -19 -27
49 -20 -2
49 -20 -15
49 -20 -22
49 -20 -28
49 -21 -8
49 -21 -25
49 -21 -28
49 -22 -1
49 -22 -24
49 -22 -29
49 -23 -5
49 -23 -27
49 -23 -30
49 -25 -6
49 -25 -8
49 -27 -10
49 -27 -14
49 -27 -16
49 -27 -27
49 -28 -6
49 -28 -31
49 -29 -6
49 -29 -7
49 -29 -11
49 -29 -13
49 -30 -10
49 -30 -11
49 -30 -16
49 -31 -30
49 -32 -7
49 -32 -18
49 -32 -25
49 -32 -31
49 -32 -32
50 0 -28
50 -1 -18
50 -1 -22
50 -1 -28
50 -2 -1
50 -2 -10
50 -2 -13
50 -4 -12
50 -4 -14
50 -5 -4
50 -5 -31
50 -6 -7
50 -6 -11
50 -7 -9
50 -7 -10
50 -7 -23
50 -8 0
50 -8 -1
50 -8 -12
50 -8 -29
50 -9 -17
50 -9 -21
50 -10 -11
50 -10 -15
50 -10 -21
50 -11 0
50 -11 -19
50 -11 -24
50 -11 -31
50 -12 -9
50 -13 -2
50 -13 -8
50 -13 -20
50 -14 -8
50 -15 -3
50 -15 -6
50 -15 -15
50 -15 -28
50 -15 -31
50 -16 -7
50 -16 -12
50 -16 -21
50 -16 -22
50 -17 -28
50 -18 -7
50 -18 -10
50 -19 -27
50 -20 -2
50 -20 -15
50 -20 -22
50 -20 -28
50 -21 -8
50 -21 -25
50 -21 -28
50 -22 -1
50 -22 -24
50 -22 -29
50 -23 -5
50 -23 -27
50 -23 -30
50 -25 -6
50 -25 -8
50 -27 -10
50 -27 -14
50 -27 -16
50 -27 -27
50 -28 -6
50 -28 -31
50 -29 -6
50 -29 -7
50 -29 -11
50 -29 -13
50 -30 -10
50 -30 -11
50 -30 -16
50 -31 -30
50 -32 -7
50 -32 -18
50 -32 -25
50 -32 -31
50 -32 -32
51 0 -28
51 -1 -18
51 -1 -22
51 -1 -28
51 -2 -1
51 -2 -10
51 -2 -13
51 -4 -12
51 -4 -14
51 -5 -4
51 -5 -31
51 -6 -7
51 -6 -11
51 -7 -9
51 -7 -10
51 -7 -23
51 -8 0
51 -8 -1
51 -8 -12
51 -8 -29
51 -9 -17
51 -9 -21
51 -10 -11
51 -10 -15
51 -10 -21
51 -11 0
51 -11 -19
51 -11 -24
51 -11 -31
51 -12 -9
51 -13 -2
51 -13 -8
51 -13 -20
51 -14 -8
51 -15 -3
51 -15 -6
51 -15 -15
51 -15 -28
51 -15 -31
51 -16 -7
51 -16 -12
51 -16 -21
51 -16 -22
51 -17 -28
51 -18 -7
51 -18 -10
51 -19 -27
51 -20 -2
51 -20 -15
51 -20 -22
51 -20 -28
51 -21 -8
51 -21 -25
51 -21 -28
51 -22 -1
51 -22 -24
51 -22 -29
51 -23 -5
51 -23 -27
51 -23 -30
51 -25 -6
51 -25 -8
51 -27 -10
51 -27 -14
51 -27 -16
51 -27 -27
51 -28 -6
51 -28 -31
51 -29 -6
51 -29 -7
51 -29 -11
51 -29 -13
51 -30 -10
51 -30 -11
51 -30 -16
51 -31 -30
51 -32 -7
51 -32 -18
51 -32 -25
51 -32 -31
51 -32 -32
52 0 -28
52 -1 -18
52 -1 -22
52 -1 -28
52 -2 -1
52 -2 -10
52 -2 -13
52 -4 -12
52 -4 -14
52 -5 -4
52 -5 -31
52 -6 -7
52 -6 -11
52 -7 -9
52 -7 -10
52 -7 -23
52 -8 0
52 -8 -1
52 -8 -12
52 -8 -29
52 -9 -17
52 -9 -21
52 -10 -11
52 -10 -15
52 -10 -21
52 -11 0
52 -11 -19
52 -11 -24
52 -11 -31
52 -12 -9
52 -13 -2
52 -13 -8
52 -13 -20
52 -14 -8
52 -15 -3
52 -15 -6
52 -15 -15
52 -15 -28
52 -15 -31
52 -16 -7
52 -16 -12
52 -16 -21
52 -16 -22
52 -17 -28
52 -18 -7
52 -18 -10
52 -19 -27
52 -20 -2
52 -20 -15
52 -20 -22
52 -20 -28
52 -21 -8
52 -21 -25
52 -21 -28
52 -22 -1
52 -22 -24
52 -22 -29
52 -23 -5
52 -23 -27
52 -23 -30
52 -25 -6
52 -25 -8
52 -27 -10
52 -27 -14
52 -27 -16
52 -27 -27
52 -28 -6
52 -28 -31
52 -29 -6
52 -29 -7
52 -29 -11
52 -29 -13
52 -30 -10
52 -30 -11
52 -30 -16
52 -31 -30
52 -32 -7
52 -32 -18
52 -32 -25
52 -32 -31
52 -32 -32
53 0 -28
53 -1 -18
53 -1 -22
53 -1 -28
53 -2 -1
53 -2 -10
53 -2 -13
53 -4 -12
53 -4 -14
53 -5 -4
53 -5 -31
53 -6 -7
53 -6 -11
53 -7 -9
53 -7 -10
53 -7 -23
53 -8 0
53 -8 -1
53 -8 -12
53 -8 -29
53 -9 -17
53 -9 -21
53 -10 -11
53 -10 -15
53 -10 -21
53 -11 0
53 -11 -19
53 -11 -24
53 -11 -31
53 -12 -9
53 -13 -2
53 -13 -8
53 -13 -20
53 -14 -8
53 -15 -3
53 -15 -6
53 -15 -15
53 -15 -28
53 -15 -31
53 -16 -7
53 -16 -12
53 -16 -21
53 -16 -22
53 -17 -28
53 -18 -7
53 -18 -10
53 -19 -27
53 -20 -2
53 -20 -15
53 -20 -22
53 -20 -28
53 -21 -8
53 -21 -25
53 -21 -28
53 -22 -1
53 -22 -24
53 -22 -29
53 -23 -5
53 -23 -27
53 -23 -30
53 -25 -6
53 -25 -8
53 -27 -10
53 -27 -14
53 -27 -16
53 -27 -27
53 -28 -6
53 -28 -31
53 -29 -6
53 -29 -7
53 -29 -11
53 -29 -13
53 -30 -10
53 -30 -11
53 -30 -16
53 -31 -30
53 -32 -7
53 -32 -18
53 -32 -25
53 -32 -31
53 -32 -32
54 0 -28
54 -1 -18
54 -1 -22
54 -1 -28
54 -2 -1
54 -2 -10
54 -2 -13
54 -4 -12
54 -4 -14
54 -5 -4
54 -5 -31
54 -6 -7
54 -6 -11
54 -7 -9
54 -7 -10
54 -7 -23
54 -8 0
54 -8 -1
54 -8 -12
54 -8 -29
54 -9 -17
54 -9 -21
54 -10 -11
54 -10 -15
54 -10 -21
54 -11 0
54 -11 -19
54 -11 -24
54 -11 -31
54 -12 -9
54 -13 -2
54 -13 -8
54 -13 -20
54 -14 -8
54 -15 -3
54 -15 -6
54 -15 -15
54 -15 -28
54 -15 -31
54 -16 -7
54 -16 -12
54 -16 -21
54 -16 -22
54 -17 -28
54 -18 -7
54 -18 -10
54 -19 -27
54 -20 -2
54 -20 -15
54 -20 -22
54 -20 -28
54 -21 -8
54 -21 -25
54 -21 -28
54 -22 -1
54 -22 -24
54 -22 -29
54 -23 -5
54 -23 -27
54 -23 -30
54 -25 -6
54 -25 -8
54 -27 -10
54 -27 -14
54 -27 -16
54 -27 -27
54 -28 -6
54 -28 -31
54 -29 -6
54 -29 -7
54 -29 -11
54 -29 -13
54 -30 -10
54 -30 -11
54 -30 -16
54 -31 -30
54 -32 -7
54 -32 -18
54 -32 -25
54 -32 -31
54 -32 -32
55 0 -28
55 -1 -18
55 -1 -22
55 -1 -28
55 -2 -1
55 -2 -10
55 -2 -13
55 -4 -12
55 -4 -14
55 -5 -4
55 -5 -31
55 -6 -7
55 -6 -11
55 -7 -9
55 -7 -10
55 -7 -23
55 -8 0
55 -8 -1
55 -8 -12
55 -8 -29
55 -9 -17
55 -9 -21
55 -10 -11
55 -10 -15
55 -10 -21
55 -11 0
55 -11 -19
55 -11 -24
55 -11 -31
55 -12 -9
55 -13 -2
55 -13 -8
55 -13 -20
55 -14 -8
55 -15 -3
55 -15 -6
55 -15 -15
55 -15 -28
55 -15 -31
55 -16 -7
55 -16 -12
55 -16 -21
55 -16 -22
55 -17 -28
55 -18 -7
55 -18 -10
55 -19 -27
55 -20 -2
55 -20 -15
55 -20 -22
55 -20 -28
55 -21 -8
55 -21 -25
55 -21 -28
55 -22 -1
55 -22 -24
55 -22 -29
55 -23 -5
55 -23 -27
55 -23 -30
55 -25 -6
55 -25 -8
55 -27 -10
55 -27 -14
55 -27 -16
55 -27 -27
55 -28 -6
55 -28 -31
55 -29 -6
55 -29 -7
55 -29 -11
55 -29 -13
55 -30 -10
55 -30 -11
55 -30 -16
55 -31 -30
55 -32 -7
55 -32 -18
55 -32 -25
55 -32 -31
55 -32 -32
56 0 -28
56 -1 -18
56 -1 -22
56 -1 -28
56 -2 -1
56 -2 -10
56 -2 -13
56 -4 -12
56 -4 -14
56 -5 -4
56 -5 -31
56 -6 -7
56 -6 -11
56 -7 -9
56 -7 -10
56 -7 -23
56 -8 0
56 -8 -1
56 -8 -12
56 -8 -29
56 -9 -17
56 -9 -21
56 -10 -11
56 -10 -15
56 -10 -21
56 -11 0
56 -11 -19
56 -11 -24
56 -11 -31
56 -12 -9
56 -13 -2
56 -13 -8
56 -13 -20
56 -14 -8
56 -15 -3
56 -15 -6
56 -15 -15
56 -15 -28
56 -15 -31
56 -16 -7
56 -16 -12
56 -16 -21
56 -16 -22
56 -17 -28
56 -18 -7
56 -18 -10
56 -19 -27
56 -20 -2
56 -20 -15
56 -20 -22
56 -20 -28
56 -21 -8
56 -21 -25
56 -21 -28
56 -22 -1
56 -22 -24
56 -22 -29
56 -23 -5
56 -23 -27
56 -23 -30
56 -25 -6
56 -25 -8
56 -27 -10
56 -27 -14
56 -27 -16
56 -27 -27
56 -28 -6
56 -28 -31
56 -29 -6
56 -29 -7
56 -29 -11
56 -29 -13
56 -30 -10
56 -30 -11
56 -30 -16
56 -31 -30
56 -32 -7
56 -32 -18
56 -32 -25
56 -32 -31
56 -32 -32
57 0 -28
57 -1 -18
57 -1 -22
57 -1 -28
57 -2 -1
57 -2 -10
57 -2 -13
57 -4 -12
57 -4 -14
57 -5 -4
57 -5 -31
57 -6 -7
57 -6 -11
57 -7 -9
57 -7 -10
57 -7 -23
57 -8 0
57 -8 -1
57 -8 -12
57 -8 -29
57 -9 -17
57 -9 -21
57 -10 -11
57 -10 -15
57 -10 -21
57 -11 0
57 -11 -19
57 -11 -24
57 -11 -31
57 -12 -9
57 -13 -2
57 -13 -8
57 -13 -20
57 -14 -8
57 -15 -3
57 -15 -6
57 -15 -15
57 -15 -28
57 -15 -31
57 -16 -7
57 -16 -12
57 -16 -21
57 -16 -22
57 -17 -28
57 -18 -7
57 -18 -10
57 -19 -27
57 -20 -2
57 -20 -15
57 -20 -22
57 -20 -28
57 -21 -8
57 -21 -25
57 -21 -28
57 -22 -1
57 -22 -24
57 -22 -29
57 -23 -5
57 -23 -27
57 -23 -30
57 -25 -6
57 -25 -8
57 -27 -10
57 -27 -14
57 -27 -16
57 -27 -27
57 -28 -6
57 -28 -31
57 -29 -6
57 -29 -7
57 -29 -11
57 -29 -13
57 -30 -10
57 -30 -11
57 -30 -16
57 -31 -30
57 -32 -7
57 -32 -18
57 -32 -25
57 -32 -31
57 -32 -32
58 0 -28
58 -1 -18
58 -1 -22
58 -1 -28
58 -2 -1
58 -2 -10
58 -2 -13
58 -4 -12
58 -4 -14
58 -5 -4
58 -5 -31
58 -6 -7
58 -6 -11
58 -7 -9
58 -7 -10
58 -7 -23
58 -8 0
58 -8 -1
58 -8 -12
58 -8 -29
58 -9 -17
58 -9 -21
58 -10 -11
58 -10 -15
58 -10 -21
58 -11 0
58 -11 -19
58 -11 -24
58 -11 -31
58 -12 -9
58 -13 -2
58 -13 -8
58 -13 -20
58 -14 -8
58 -15 -3
58 -15 -6
58 -15 -15
58 -15 -28
58 -15 -31
58 -16 -7
58 -16 -12
58 -16 -21
58 -16 -22
58 -17 -28
58 -18 -7
58 -18 -10
58 -19 -27
58 -20 -2
58 -20 -15
58 -20 -22
58 -20 -28
58 -21 -8
58 -21 -25
58 -21 -28
58 -22 -1
58 -22 -24
58 -22 -29
58 -23 -5
58 -23 -27
58 -23 -30
58 -25 -6
58 -25 -8
58 -27 -10
58 -27 -14
58 -27 -16
58 -27 -27
58 -28 -6
58 -28 -31
58 -29 -6
58 -29 -7
58 -29 -11
58 -29 -13
58 -30 -10
58 -30 -11
58 -30 -16
58 -31 -30
58 -32 -7
58 -32 -18
58 -32 -25
58 -32 -31
58 -32 -32
59 0 -28
59 -1 -18
59 -1 -22
59 -1 -28
59 -2 -1
59 -2 -10
59 -2 -13
59 -4 -12
59 -4 -14
59 -5 -4
59 -5 -31
59 -6 -7
59 -6 -11
59 -7 -9
59 -7 -10
59 -7 -23
59 -8 0
59 -8 -1
59 -8 -12
59 -8 -29
59 -9 -17
59 -9 -21
59 -10 -11
59 -10 -15
59 -10 -21
59 -11 0
59 -11 -19
59 -11 -24
59 -11 -31
59 -12 -9
59 -13 -2
59 -13 -8
59 -13 -20
59 -14 -8
59 -15 -3
59 -15 -6
59 -15 -15
59 -15 -28
59 -15 -31
59 -16 -7
59 -16 -12
59 -16 -21
59 -16 -22
59 -17 -28
59 -18 -7
59 -18 -10
59 -19 -27
59 -20 -2
59 -20 -15
59 -20 -22
59 -20 -28
59 -21 -8
59 -21 -25
59 -21 -28
59 -22 -1
59 -22 -24
59 -22 -29
59 -23 -5
59 -23 -27
59 -23 -30
59 -25 -6
59 -25 -8
59 -27 -10
59 -27 -14
59 -27 -16
59 -27 -27
59 -28 -6
59 -28 -31
59 -29 -6
59 -29 -7
59 -29 -11
59 -29 -13
59 -30 -10
59 -30 -11
59 -30 -16
59 -31 -30
59 -32 -7
59 -32 -18
59 -32 -25
59 -32 -31
59 -32 -32
60 0 -28
60 -1 -18
60 -1 -22
60 -1 -28
60 -2 -1
60 -2 -10
60 -2 -13
60 -4 -12
60 -4 -14
60 -5 -4
60 -5 -31
60 -6 -7
60 -6 -11
60 -7 -9
60 -7 -10
60 -7 -23
60 -8 0
60 -8 -1
60 -8 -12
60 -8 -29
60 -9 -17
60 -9 -21
60 -10 -11
60 -10 -15
60 -10 -21
60 -11 0
60 -11 -19
60 -11 -24
60 -11 -31
60 -12 -9
60 -13 -2
60 -13 -8
60 -13 -20
60 -14 -8
60 -15 -3
60 -15 -6
60 -15 -15
60 -15 -28
60 -15 -31
60 -16 -7
60 -16 -12
60 -16 -21
60 -16 -22
60 -17 -28
60 -18 -7
60 -18 -10
60 -19 -27
60 -20 -2
60 -20 -15
60 -20 -22
60 -20 -28
60 -21 -8
60 -21 -25
60 -21 -28
60 -22 -1
60 -22 -24
60 -22 -29
60 -23 -5
60 -23 -27
60 -23 -30
60 -25 -6
60 -25 -8
60 -27 -10
60 -27 -14
60 -27 -16
60 -27 -27
60 -28 -6
60 -28 -31
60 -29 -6
60 -29 -7
60 -29 -11
60 -29 -13
60 -30 -10
60 -30 -11
60 -30 -16
60 -31 -30
60 -32 -7
60 -32 -18
60 -32 -25
60 -32 -31
60 -32 -32
61 0 -28
61 -1 -18
61 -1 -22
61 -1 -28
61 -2 -1
61 -2 -10
61 -2 -13
61 -4 -12
61 -4 -14
61 -5 -4
61 -5 -31
61 -6 -7
61 -6 -11
61 -7 -9
61 -7 -10
61 -7 -23
61 -8 0
61 -8 -1
61 -8 -12
61 -8 -29
61 -9 -17
61 -9 -21
61 -10 -11
61 -10 -15
61 -10 -21
61 -11 0
61 -11 -19
61 -11 -24
61 -11 -31
61 -12 -9
61 -13 -2
61 -13 -8
61 -13 -20
61 -14 -8
61 -15 -3
61 -15 -6
61 -15 -15
61 -15 -28
61 -15 -31
61 -16 -7
61 -16 -12
61 -16 -21
61 -16 -22
61 -17 -28
61 -18 -7
61 -18 -10
61 -19 -27
61 -20 -2
61 -20 -15
61 -20 -22
61 -20 -28
61 -21 -8
61 -21 -25
61 -21 -28
61 -22 -1
61 -22 -24
61 -22 -29
61 -23 -5
61 -23 -27
61 -23 -30
61 -25 -6
61 -25 -8
61 -27 -10
61 -27 -14
61 -27 -16
61 -27 -27
61 -28 -6
61 -28 -31
61 -29 -6
61 -29 -7
61 -29 -11
61 -29 -13
61 -30 -10
61 -30 -11
61 -30 -16
61 -31 -30
61 -32 -7
61 -32 -18
61 -32 -25
61 -32 -31
61 -32 -32
62 0 -28
62 -1 -18
62 -1 -22
62 -1 -28
62 -2 -1
62 -2 -10
62 -2 -13
62 -4 -12
62 -4 -14
62 -5 -4
62 -5 -31
62 -6 -7
62 -6 -11
62 -7 -9
62 -7 -10
62 -7 -23
62 -8 0
62 -8 -1
62 -8 -12
62 -8 -29
62 -9 -17
62 -9 -21
62 -10 -11
62 -10 -15
62 -10 -21
62 -11 0
62 -11 -19
62 -11 -24
62 -11 -31
62 -12 -9
62 -13 -2
62 -13 -8
62 -13 -20
62 -14 -8
62 -15 -3
62 -15 -6
62 -15 -15
62 -15 -28
62 -15 -31
62 -16 -7
62 -16 -12
62 -16 -21
62 -16 -22
62 -17 -28
62 -18 -7
62 -18 -10
62 -19 -27
62 -20 -2
62 -20 -15
62 -20 -22
62 -20 -28
62 -21 -8
62 -21 -25
62 -21 -28
62 -22 -1
62 -22 -24
62 -22 -29
62 -23 -5
62 -23 -27
62 -23 -30
62 -25 -6
62 -25 -8
62 -27 -10
62 -27 -14
62 -27 -16
62 -27 -27
62 -28 -6
62 -28 -31
62 -29 -6
62 -29 -7
62 -29 -11
62 -29 -13
62 -30 -10
62 -30 -11
62 -30 -16
62 -31 -30
62 -32 -7
62 -32 -18
62 -32 -25
62 -32 -31
62 -32 -32
63 0 -28
63 -1 -18
63 -1 -22
63 -1 -28
63 -2 -1
63 -2 -10
63 -2 -13
63 -4 -12
63 -4 -14
63 -5 -4
63 -5 -31
63 -6 -7
63 -6 -11
63 -7 -9
63 -7 -10
63 -7 -23
63 -8 0
63 -8 -1
63 -8 -12
63 -8 -29
63 -9 -17
63 -9 -21
63 -10 -11
63 -10 -15
63 -10 -21
63 -11 0
63 -11 -19
63 -11 -24
63 -11 -31
63 -12 -9
63 -13 -2
63 -13 -8
63 -13 -20
63 -14 -8
63 -15 -3
63 -15 -6
63 -15 -15
63 -15 -28
63 -15 -31
63 -16 -7
63 -16 -12
63 -16 -21
63 -16 -22
63 -17 -28
63 -18 -7
63 -18 -10
63 -19 -27
63 -20 -2
63 -20 -15
63 -20 -22
63 -20 -28
63 -21 -8
63 -21 -25
63 -21 -28
63 -22 -1
63 -22 -24
63 -22 -29
63 -23 -5
63 -23 -27
63 -23 -30
63 -25 -6
63 -25 -8
63 -27 -10
63 -27 -14
63 -27 -16
63 -27 -27
63 -28 -6
63 -28 -31
63 -29 -6
63 -29 -7
63 -29 -11
63 -29 -13
63 -30 -10
63 -30 -11
63 -30 -16
63 -31 -30
63 -32 -7
63 -32 -18
63 -32 -25
63 -32 -31
63 -32 -32
64 0 -28
64 -1 -18
64 -1 -22
64 -1 -28
64 -2 -1
64 -2 -10
64 -2 -13
64 -4 -12
64 -4 -14
64 -5 -4
64 -5 -31
64 -6 -7
64 -6 -11
64 -7 -9
64 -7 -10
64 -7 -23
64 -8 0
64 -8 -1
64 -8 -12
64 -8 -29
64 -9 -17
64 -9 -21
64 -10 -11
64 -10 -15
64 -10 -21
64 -11 0
64 -11 -19
64 -11 -24
64 -11 -31
64 -12 -9
64 -13 -2
64 -13 -8
64 -13 -20
64 -14 -8
64 -15 -3
64 -15 -6
64 -15 -15
64 -15 -28
64 -15 -31
64 -16 -7
64 -16 -12
64 -16 -21
64 -16 -22
64 -17 -28
64 -18 -7
64 -18 -10
64 -19 -27
64 -20 -2
64 -20 -15
64 -20 -22
64 -20 -28
64 -21 -8
64 -21 -25
64 -21 -28
64 -22 -1
64 -22 -24
64 -22 -29
64 -23 -5
64 -23 -27
64 -23 -30
64 -25 -6
64 -25 -8
64 -27 -10
64 -27 -14
64 -27 -16
64 -27 -27
64 -28 -6
64 -28 -31
64 -29 -6
64 -29 -7
64 -29 -11
64 -29 -13
64 -30 -10
64 -30 -11
64 -30 -16
64 -31 -30
64 -32 -7
64 -32 -18
64 -32 -25
64 -32 -31
64 -32 -32
65 0 -28
65 -1 -18
65 -1 -22
65 -1 -28
65 -2 -1
65 -2 -10
65 -2 -13
65 -4 -12
65 -4 -14
65 -5 -4
65 -5 -31
65 -6 -7
65 -6 -11
65 -7 -9
65 -7 -10
65 -7 -23
65 -8 0
65 -8 -1
65 -8 -12
65 -8 -29
65 -9 -17
65 -9 -21
65 -10 -11
65 -10 -15
65 -10 -21
65 -11 0
65 -11 -19
65 -11 -24
65 -11 -31
65 -12 -9
65 -13 -2
65 -13 -8
65 -13 -20
65 -14 -8
65 -15 -3
65 -15 -6
65 -15 -15
65 -15 -28
65 -15 -31
65 -16 -7
65 -16 -12
65 -16 -21
65 -16 -22
65 -17 -28
65 -18 -7
65 -18 -10
65 -19 -27
65 -20 -2
65 -20 -15
65 -20 -22
65 -20 -28
65 -21 -8
65 -21 -25
65 -21 -28
65 -22 -1
65 -22 -24
65 -22 -29
65 -23 -5
65 -23 -27
65 -23 -30
65 -25 -6
65 -25 -8
65 -27 -10
65 -27 -14
65 -27 -16
65 -27 -27
65 -28 -6
65 -28 -31
65 -29 -6
65 -29 -7
65 -29 -11
65 -29 -13
65 -30 -10
65 -30 -11
65 -30 -16
65 -31 -30
65 -32 -7
65 -32 -18
65 -32 -25
65 -32 -31
65 -32 -32
66 0 -28
66 -1 -18
66 -1 -22
66 -1 -28
66 -2 -1
66 -2 -10
66 -2 -13
66 -4 -12
66 -4 -14
66 -5 -4
66 -5 -31
66 -6 -7
66 -6 -11
66 -7 -9
66 -7 -10
66 -7 -23
66 -8 0
66 -8 -1
66 -8 -12
66 -8 -29
66 -9 -17
66 -9 -21
66 -10 -11
66 -10 -15
66 -10 -21
66 -11 0
66 -11 -19
66 -11 -24
66 -11 -31
66 -12 -9
66 -13 -2
66 -13 -8
66 -13 -20
66 -14 -8
66 -15 -3
66 -15 -6
66 -15 -15
66 -15 -28
66 -15 -31
66 -16 -7
66 -16 -12
66 -16 -21
66 -16 -22
66 -17 -28
66 -18 -7
66 -18 -10
66 -19 -27
66 -20 -2
66 -20 -15
66 -20 -22
66 -20 -28
66 -21 -8
66 -21 -25
66 -21 -28
66 -22 -1
66 -22 -24
66 -22 -29
66 -23 -5
66 -23 -27
66 -23 -30
66 -25 -6
66 -25 -8
66 -27 -10
66 -27 -14
66 -27 -16
66 -27 -27
66 -28 -6
66 -28 -31
66 -29 -6
66 -29 -7
66 -29 -11
66 -29 -13
66 -30 -10
66 -30 -11
66 -30 -16
66 -31 -30
66 -32 -7
66 -32 -18
66 -32 -25
66 -32 -31
66 -32 -32
67 0 -28
67 -1 -18
67 -1 -22
67 -1 -28
67 -2 -1
67 -2 -10
67 -2 -13
67 -4 -12
67 -4 -14
67 -5 -4
67 -5 -31
67 -6 -7
67 -6 -11
67 -7 -9
67 -7 -10
67 -7 -23
67 -8 0
67 -8 -1
67 -8 -12
67 -8 -29
67 -9 -17
67 -9 -21
67 -10 -11
67 -10 -15
67 -10 -21
67 -11 0
67 -11 -19
67 -11 -24
67 -11 -31
67 -12 -9
67 -13 -2
67 -13 -8
67 -13 -20
67 -14 -8
67 -15 -3
67 -15 -6
67 -15 -15
67 -15 -28
67 -15 -31
67 -16 -7
67 -16 -12
67 -16 -21
67 -16 -22
67 -17 -28
67 -18 -7
67 -18 -10
67 -19 -27
67 -20 -2
67 -20 -15
67 -20 -22
67 -20 -28
67 -21 -8
67 -21 -25
67 -21 -28
67 -22 -1
67 -22 -24
67 -22 -29
67 -23 -5
67 -23 -27
67 -23 -30
67 -25 -6
67 -25 -8
67 -27 -10
67 -27 -14
67 -27 -16
67 -27 -27
67 -28 -6
67 -28 -31
67 -29 -6
67 -29 -7
67 -29 -11
67 -29 -13
67 -30 -10
67 -30 -11
67 -30 -16
67 -31 -30
67 -32 -7
67 -32 -18
67 -32 -25
67 -32 -31
67 -32 -32
68 0 -28
68 -1 -18
68 -1 -22
68 -1 -28
68 -2 -1
68 -2 -10
68 -2 -13
68 -4 -12
68 -4 -14
68 -5 -4
68 -5 -31
68 -6 -7
68 -6 -11
68 -7 -9
68 -7 -10
68 -7 -23
68 -8 0
68 -8 -1
68 -8 -12
68 -8 -29
68 -9 -17
68 -9 -21
68 -10 -11
68 -10 -15
68 -10 -21
68 -11 0
68 -11 -19
68 -11 -24
68 -11 -31
68 -12 -9
68 -13 -2
68 -13 -8
68 -13 -20
68 -14 -8
68 -15 -3
68 -15 -6
68 -15 -15
68 -15 -28
68 -15 -31
68 -16 -7
68 -16 -12
68 -16 -21
68 -16 -22
68 -17 -28
68 -18 -7
68 -18 -10
68 -19 -27
68 -20 -2
68 -20 -15
68 -20 -22
68 -20 -28
68 -21 -8
68 -21 -25
68 -21 -28
68 -22 -1
68 -22 -24
68 -22 -29
68 -23 -5
68 -23 -27
68 -23 -30
68 -25 -6
68 -25 -8
68 -27 -10
68 -27 -14
68 -27 -16
68 -27 -27
68 -28 -6
68 -28 -31
68 -29 -6
68 -29 -7
68 -29 -11
68 -29 -13
68 -30 -10
68 -30 -11
68 -30 -16
68 -31 -30
68 -32 -7
68 -32 -18
68 -32 -25
68 -32 -31
68 -32 -32
69 0 -28
69 -1 -18
69 -1 -22
69 -1 -28
69 -2 -1
69 -2 -10
69 -2 -13
69 -4 -12
69 -4 -14
69 -5 -4
69 -5 -31
69 -6 -7
69 -6 -11
69 -7 -9
69 -7 -10
69 -7 -23
69 -8 0
69 -8 -1
69 -8 -12
69 -8 -29
69 -9 -17
69 -9 -21
69 -10 -11
69 -10 -15
69 -10 -21
69 -11 0
69 -11 -19
69 -11 -24
69 -11 -31
69 -12 -9
69 -13 -2
69 -13 -8
69 -13 -20
69 -14 -8
69 -15 -3
69 -15 -6
69 -15 -15
69 -15 -28
69 -15 -31
69 -16 -7
69 -16 -12
69 -16 -21
69 -16 -22
69 -17 -28
69 -18 -7
69 -18 -10
69 -19 -27
69 -20 -2
69 -20 -15
69 -20 -22
69 -20 -28
69 -21 -8
69 -21 -25
69 -21 -28
69 -22 -1
69 -22 -24
69 -22 -29
69 -23 -5
69 -23 -27
69 -23 -30
69 -25 -6
69 -25 -8
69 -27 -10
69 -27 -14
69 -27 -16
69 -27 -27
69 -28 -6
69 -28 -31
69 -29 -6
69 -29 -7
69 -29 -11
69 -29 -13
69 -30 -10
69 -30 -11
69 -30 -16
69 -31 -30
69 -32 -7
69 -32 -18
69 -32 -25
69 -32 -31
69 -32 -32
70 0 -28
70 -1 -18
70 -1 -22
70 -1 -28
70 -2 -1
70 -2 -10
70 -2 -13
70 -4 -12
70 -4 -14
70 -5 -4
70 -5 -31
70 -6 -7
70 -6 -11
70 -7 -9
70 -7 -10
70 -7 -23
70 -8 0
70 -8 -1
70 -8 -12
70 -8 -29
70 -9 -17
70 -9 -21
70 -10 -11
70 -10 -15
70 -10 -21
70 -11 0
70 -11 -19
70 -11 -24
70 -11 -31
70 -12 -9
70 -13 -2
70 -13 -8
70 -13 -20
70 -14 -8
70 -15 -3
70 -15 -6
70 -15 -15
70 -15 -28
70 -15 -31
70 -16 -7
70 -16 -12
70 -16 -21
70 -16 -22
70 -17 -28
70 -18 -7
70 -18 -10
70 -19 -27
70 -20 -2
70 -20 -15
70 -20 -22
70 -20 -28
70 -21 -8
70 -21 -25
70 -21 -28
70 -22 -1
70 -22 -24
70 -22 -29
70 -23 -5
70 -23 -27
70 -23 -30
70 -25 -6
70 -25 -8
70 -27 -10
70 -27 -14
70 -27 -16
70 -27 -27
70 -28 -6
70 -28 -31
70 -29 -6
70 -29 -7
70 -29 -11
70 -29 -13
70 -30 -10
70 -30 -11
70 -30 -16
70 -31 -30
70 -32 -7
70 -32 -18
70 -32 -25
70 -32 -31
70 -32 -32
71 0 -28
71 -1 -18
71 -1 -22
71 -1 -28
71 -2 -1
71 -2 -10
71 -2 -13
71 -4 -12
71 -4 -14
71 -5 -4
71 -5 -31
71 -6 -7
71 -6 -11
71 -7 -9
71 -7 -10
71 -7 -23
71 -8 0
71 -8 -1
71 -8 -12
71 -8 -29
71 -9 -17
71 -9 -21
71 -10 -11
71 -10 -15
71 -10 -21
71 -11 0
71 -11 -19
71 -11 -24
71 -11 -31
71 -12 -9
71 -13 -2
71 -13 -8
71 -13 -20
71 -14 -8
71 -15 -3
71 -15 -6
71 -15 -15
71 -15 -28
71 -15 -31
71 -16 -7
71 -16 -12
71 -16 -21
71 -16 -22
71 -17 -28
71 -18 -7
71 -18 -10
71 -19 -27
71 -20 -2
71 -20 -15
71 -20 -22
71 -20 -28
71 -21 -8
71 -21 -25
71 -21 -28
71 -22 -1
71 -22 -24
71 -22 -29
71 -23 -5
71 -23 -27
71 -23 -30
71 -25 -6
71 -25 -8
71 -27 -10
71 -27 -14
71 -27 -16
71 -27 -27
71 -28 -6
71 -28 -31
71 -29 -6
71 -29 -7
71 -29 -11
71 -29 -13
71 -30 -10
71 -30 -11
71 -30 -16
71 -31 -30
71 -32 -7
71 -32 -18
71 -32 -25
71 -32 -31
71 -32 -32
72 0 -28
72 -1 -18
72 -1 -22
72 -1 -28
72 -2 -1
72 -2 -10
72 -2 -13
72 -4 -12
72 -4 -14
72 -5 -4
72 -5 -31
72 -6 -7
72 -6 -11
72 -7 -9
72 -7 -10
72 -7 -23
72 -8 0
72 -8 -1
72 -8 -12
72 -8 -29
72 -9 -17
72 -9 -21
72 -10 -11
72 -10 -15
72 -10 -21
72 -11 0
72 -11 -19
72 -11 -24
72 -11 -31
72 -12 -9
72 -13 -2
72 -13 -8
72 -13 -20
72 -14 -8
72 -15 -3
72 -15 -6
72 -15 -15
72 -15 -28
72 -15 -31
72 -16 -7
72 -16 -12
72 -16 -21
72 -16 -22
72 -17 -28
72 -18 -7
72 -18 -10
72 -19 -27
72 -20 -2
72 -20 -15
72 -20 -22
72 -20 -28
72 -21 -8
72 -21 -25
72 -21 -28
72 -22 -1
72 -22 -24
72 -22 -29
72 -23 -5
72 -23 -27
72 -23 -30
72 -25 -6
72 -25 -8
72 -27 -10
72 -27 -14
72 -27 -16
72 -27 -27
72 -28 -6
72 -28 -31
72 -29 -6
72 -29 -7
72 -29 -11
72 -29 -13
72 -30 -10
72 -30 -11
72 -30 -16
72 -31 -30
72 -32 -7
72 -32 -18
72 -32 -25
72 -32 -31
72 -32 -32
73 0 -28
73 -1 -18
73 -1 -22
73 -1 -28
73 -2 -1
73 -2 -10
73 -2 -13
73 -4 -12
73 -4 -14
73 -5 -4
73 -5 -31
73 -6 -7
73 -6 -11
73 -7 -9
73 -7 -10
73 -7 -23
73 -8 0
73 -8 -1
73 -8 -12
73 -8 -29
73 -9 -17
73 -9 -21
73 -10 -11
73 -10 -15
73 -10 -21
73 -11 0
73 -11 -19
73 -11 -24
73 -11 -31
73 -12 -9
73 -13 -2
73 -13 -8
73 -13 -20
73 -14 -8
73 -15 -3
73 -15 -6
73 -15 -15
73 -15 -28
73 -15 -31
73 -16 -7
73 -16 -12
73 -16 -21
73 -16 -22
73 -17 -28
73 -18 -7
73 -18 -10
73 -19 -27
73 -20 -2
73 -20 -15
73 -20 -22
73 -20 -28
73 -21 -8
73 -21 -25
73 -21 -28
73 -22 -1
73 -22 -24
73 -22 -29
73 -23 -5
73 -23 -27
73 -23 -30
73 -25 -6
73 -25 -8
73 -27 -10
73 -27 -14
73 -27 -16
73 -27 -27
73 -28 -6
73 -28 -31
73 -29 -6
73 -29 -7
73 -29 -11
73 -29 -13
73 -30 -10
73 -30 -11
73 -30 -16
73 -31 -30
73 -32 -7
73 -32 -18
73 -32 -25
73 -32 -31
73 -32 -32
74 0 -28
74 -1 -18
74 -1 -22
74 -1 -28
74 -2 -1
74 -2 -10
74 -2 -13
74 -4 -12
74 -4 -14
74 -5 -4
74 -5 -31
74 -6 -7
74 -6 -11
74 -7 -9
74 -7 -10
74 -7 -23
74 -8 0
74 -8 -1
74 -8 -12
74 -8 -29
74 -9 -17
74 -9 -21
74 -10 -11
74 -10 -15
74 -10 -21
74 -11 0
74 -11 -19
74 -11 -24
74 -11 -31
74 -12 -9
74 -13 -2
74 -13 -8
74 -13 -20
74 -14 -8
74 -15 -3
74 -15 -6
74 -15 -15
74 -15 -28
74 -15 -31
74 -16 -7
74 -16 -12
74 -16 -21
74 -16 -22
74 -17 -28
74 -18 -7
74 -18 -10
74 -19 -27
74 -20 -2
74 -20 -15
74 -20 -22
74 -20 -28
74 -21 -8
74 -21 -25
74 -21 -28
74 -22 -1
74 -22 -24
74 -22 -29
74 -23 -5
74 -23 -27
74 -23 -30
74 -25 -6
74 -25 -8
74 -27 -10
74 -27 -14
74 -27 -16
74 -27 -27
74 -28 -6
74 -28 -31
74 -29 -6
74 -29 -7
74 -29 -11
74 -29 -13
74 -30 -10
74 -30 -11
74 -30 -16
74 -31 -30
74 -32 -7
74 -32 -18
74 -32 -25
74 -32 -31
74 -32 -32
75 0 -28
75 -1 -18
75 -1 -22
75 -1 -28
75 -2 -1
75 -2 -10
75 -2 -13
75 -4 -12
75 -4 -14
75 -5 -4
75 -5 -31
75 -6 -7
75 -6 -11
75 -7 -9
75 -7 -10
75 -7 -23
75 -8 0
75 -8 -1
75 -8 -12
75 -8 -29
75 -9 -17
75 -9 -21
75 -10 -11
75 -10 -15
75 -10 -21
75 -11 0
75 -11 -19
75 -11 -24
75 -11 -31
75 -12 -9
75 -13 -2
75 -13 -8
75 -13 -20
75 -14 -8
75 -15 -3
75 -15 -6
75 -15 -15
75 -15 -28
75 -15 -31
75 -16 -7
75 -16 -12
75 -16 -21
75 -16 -22
75 -17 -28
75 -18 -7
75 -18 -10
75 -19 -27
75 -20 -2
75 -20 -15
75 -20 -22
75 -20 -28
75 -21 -8
75 -21 -25
75 -21 -28
75 -22 -1
75 -22 -24
75 -22 -29
75 -23 -5
75 -23 -27
75 -23 -30
75 -25 -6
75 -25 -8
75 -27 -10
75 -27 -14
75 -27 -16
75 -27 -27
75 -28 -6
75 -28 -31
75 -29 -6
75 -29 -7
75 -29 -11
75 -29 -13
75 -30 -10
75 -30 -11
75 -30 -16
75 -31 -30
75 -32 -7
75 -32 -18
75 -32 -25
75 -32 -31
75 -32 -32
76 0 -28
76 -1 -18
76 -1 -22
76 -1 -28
76 -2 -1
76 -2 -10
76 -2 -13
76 -4 -12
76 -4 -14
76 -5 -4
76 -5 -31
76 -6 -7
76 -6 -11
76 -7 -9
76 -7 -10
76 -7 -23
76 -8 0
76 -8 -1
76 -8 -12
76 -8 -29
76 -9 -17
76 -9 -21
76 -10 -11
76 -10 -15
76 -10 -21
76 -11 0
76 -11 -19
76 -11 -24
76 -11 -31
76 -12 -9
76 -13 -2
76 -13 -8
76 -13 -20
76 -14 -8
76 -15 -3
76 -15 -6
76 -15 -15
76 -15 -28
76 -15 -31
76 -16 -7
76 -16 -12
76 -16 -21
76 -16 -22
76 -17 -28
76 -18 -7
76 -18 -10
76 -19 -27
76 -20 -2
76 -20 -15
76 -20 -22
76 -20 -28
76 -21 -8
76 -21 -25
76 -21 -28
76 -22 -1
76 -22 -24
76 -22 -29
76 -23 -5
76 -23 -27
76 -23 -30
76 -25 -6
76 -25 -8
76 -27 -10
76 -27 -14
76 -27 -16
76 -27 -27
76 -28 -6
76 -28 -31
76 -29 -6
76 -29 -7
76 -29 -11
76 -29 -13
76 -30 -10
76 -30 -11
76 -30 -16
76 -31 -30
76 -32 -7
76 -32 -18
76 -32 -25
76 -32 -31
76 -32 -32
77 0 -28
77 -1 -18
77 -1 -22
77 -1 -28
77 -2 -1
77 -2 -10
77 -2 -13
77 -4 -12
77 -4 -14
77 -5 -4
77 -5 -31
77 -6 -7
77 -6 -11
77 -7 -9
77 -7 -10
77 -7 -23
77 -8 0
77 -8 -1
77 -8 -12
77 -8 -29
77 -9 -17
77 -9 -21
77 -10 -11
77 -10 -15
77 -10 -21
77 -11 0
77 -11 -19
77 -11 -24
77 -11 -31
77 -12 -9
77 -13 -2
77 -13 -8
77 -13 -20
77 -14 -8
77 -15 -3
77 -15 -6
77 -15 -15
77 -15 -28
77 -15 -31
77 -16 -7
77 -16 -12
77 -16 -21
77 -16 -22
77 -17 -28
77 -18 -7
77 -18 -10
77 -19 -27
77 -20 -2
77 -20 -15
77 -20 -22
77 -20 -28
77 -21 -8
77 -21 -25
77 -21 -28
77 -22 -1
77 -22 -24
77 -22 -29
77 -23 -5
77 -23 -27
77 -23 -30
77 -25 -6
77 -25 -8
77 -27 -10
77 -27 -14
77 -27 -16
77 -27 -27
77 -28 -6
77 -28 -31
77 -29 -6
77 -29 -7
77 -29 -11
77 -29 -13
77 -30 -10
77 -30 -11
77 -30 -16
77 -31 -30
77 -32 -7
77 -32 -18
77 -32 -25
77 -32 -31
77 -32 -32
78 0 -28
78 -1 -18
78 -1 -22
78 -1 -28
78 -2 -1
78 -2 -10
78 -2 -13
78 -4 -12
78 -4 -14
78 -5 -4
78 -5 -31
78 -6 -7
78 -6 -11
78 -7 -9
78 -7 -10
78 -7 -23
78 -8 0
78 -8 -1
78 -8 -12
78 -8 -29
78 -9 -17
78 -9 -21
78 -10 -11
78 -10 -15
78 -10 -21
78 -11 0
78 -11 -19
78 -11 -24
78 -11 -31
78 -12 -9
78 -13 -2
78 -13 -8
78 -13 -20
78 -14 -8
78 -15 -3
78 -15 -6
78 -15 -15
78 -15 -28
78 -15 -31
78 -16 -7
78 -16 -12
78 -16 -21
78 -16 -22
78 -17 -28
78 -18 -7
78 -18 -10
78 -19 -27
78 -20 -2
78 -20 -15
78 -20 -22
78 -20 -28
78 -21 -8
78 -21 -25
78 -21 -28
78 -22 -1
78 -22 -24
78 -22 -29
78 -23 -5
78 -23 -27
78 -23 -30
78 -25 -6
78 -25 -8
78 -27 -10
78 -27 -14
78 -27 -16
78 -27 -27
78 -28 -6
78 -28 -31
78 -29 -6
78 -29 -7
78 -29 -11
78 -29 -13
78 -30 -10
78 -30 -11
78 -30 -16
78 -31 -30
78 -32 -7
78 -32 -18
78 -32 -25
78 -32 -31
78 -32 -32
79 0 -28
79 -1 -18
79 -1 -22
79 -1 -28
79 -2 -1
79 -2 -10
79 -2 -13
79 -4 -12
79 -4 -14
79 -5 -4
79 -5 -31
79 -6 -7
79 -6 -11
79 -7 -9
79 -7 -10
79 -7 -23
79 -8 0
79 -8 -1
79 -8 -12
79 -8 -29
79 -9 -17
79 -9 -21
79 -10 -11
79 -10 -15
79 -10 -21
79 -11 0
79 -11 -19
79 -11 -24
79 -11 -31
79 -12 -9
79 -13 -2
79 -13 -8
79 -13 -20
79 -14 -8
79 -15 -3
79 -15 -6
79 -15 -15
79 -15 -28
79 -15 -31
79 -16 -7
79 -16 -12
79 -16 -21
79 -16 -22
79 -17 -28
79 -18 -7
79 -18 -10
79 -19 -27
79 -20 -2
79 -20 -15
79 -20 -22
79 -20 -28
79 -21 -8
79 -21 -25
79 -21 -28
79 -22 -1
79 -22 -24
79 -22 -29
79 -23 -5
79 -23 -27
79 -23 -30
79 -25 -6
79 -25 -8
79 -27 -10
79 -27 -14
79 -27 -16
79 -27 -27
79 -28 -6
79 -28 -31
79 -29 -6
79 -29 -7
79 -29 -11
79 -29 -13
79 -30 -10
79 -30 -11
79 -30 -16
79 -31 -30
79 -32 -7
79 -32 -18
79 -32 -25
79 -32 -31
79 -32 -32
80 0 -28
80 -1 -18
80 -1 -22
80 -1 -28
80 -2 -1
80 -2 -10
80 -2 -13
80 -4 -12
80 -4 -14
80 -5 -4
80 -5 -31
80 -6 -7
80 -6 -11
80 -7 -9
80 -7 -10
80 -7 -23
80 -8 0
80 -8 -1
80 -8 -12
80 -8 -29
80 -9 -17
80 -9 -21
80 -10 -11
80 -10 -15
80 -10 -21
80 -11 0
80 -11 -19
80 -11 -24
80 -11 -31
80 -12 -9
80 -13 -2
80 -13 -8
80 -13 -20
80 -14 -8
80 -15 -3
80 -15 -6
80 -15 -15
80 -15 -28
80 -15 -31
80 -16 -7
80 -16 -12
80 -16 -21
80 -16 -22
80 -17 -28
80 -18 -7
80 -18 -10
80 -19 -27
80 -20 -2
80 -20 -15
80 -20 -22
80 -20 -28
80 -21 -8
80 -21 -25
80 -21 -28
80 -22 -1
80 -22 -24
80 -22 -29
80 -23 -5
80 -23 -27
80 -23 -30
80 -25 -6
80 -25 -8
80 -27 -10
80 -27 -14
80 -27 -16
80 -27 -27
80 -28 -6
80 -28 -31
80 -29 -6
80 -29 -7
80 -29 -11
80 -29 -13
80 -30 -10
80 -30 -11
80 -30 -16
80 -31 -30
80 -32 -7
80 -32 -18
80 -32 -25
80 -32 -31
80 -32 -32
7 5 4
41 4 12
25 16 21
24 11 19
48 32 32
19 32 31
57 15 6
44 28 31
58 7 10
51 30 16
22 25 6
72 30 10
70 11 31
2 4 12
31 29 13
2 23 30
9 8 12
36 22 1
29 8 1
47 10 15
5 20 28
4 30 16
24 1 18
29 29 7
2 13 2
63 21 8
33 30 11
80 23 27
48 28 6
5 11 0
64 32 7
72 8 0
77 22 1
23 18 7
61 27 10
50 10 11
5 19 27
29 32 32
1 15 6
72 11 0
61 25 8
12 16 22
2 18 10
42 6 11
40 8 29
51 19 27
76 15 31
23 8 1
20 6 11
57 1 28
9 19 27
77 30 11
55 10 11
53 11 0
22 32 25
45 6 11
64 28 31
42 30 16
5 11 0
11 29 11
77 5 31
37 23 27
42 9 17
55 23 30
43 5 31
48 10 15
24 27 16
44 10 21
3 21 25
6 11 31
75 2 1
66 7 10
79 11 24
65 4 12
79 23 30
52 32 7
45 16 22
64 20 2
72 1 22
57 20 15
14 9 21
8 7 9
66 10 15
70 25 8
71 15 3
4 25 6
7 30 10
63 10 15
73 32 32
2 15 31
54 16 21
28 8 29
56 18 7
4 23 27
41 30 10
44 10 11
27 29 6
63 7 9
16 8 12
38 9 17
53 23 30
38 6 7
57 4 14
29 4 12
13 32 18
43 4 12
57 15 3
57 20 2
73 5 31
64 32 18
32 13 2
1 16 22
57 16 22
2 11 24
67 16 12
52 8 0
70 21 28
37 19 27
68 29 6
20 10 11
39 2 1
9 6 11
74 1 18
20 15 3
64 22 1
30 16 7
72 22 1
16 16 22
72 13 20
76 17 28
79 8 0
17 27 14
21 7 9
28 27 27
31 21 25
76 30 16
50 22 1
70 30 16
4 11 31
58 32 7
49 7 10
79 19 27
33 29 6
75 2 1
53 7 9
55 19 27
29 31 30
73 10 11
57 7 9
36 30 16
57 13 2
31 31 30
18 22 29
57 15 31
11 21 25
22 22 24
66 0 28
53 27 10
66 30 10
27 27 16
65 7 10
77 21 8
60 25 8
52 5 31
42 15 3
43 21 28
55 18 10
14 19 27
41 32 32
63 18 7
44 10 11
58 8 29
26 6 7
45 8 29
1 30 10
37 7 10
8 16 7
29 31 30
54 4 14
63 2 13
62 8 29
60 13 8
50 20 2
1 29 11
38 28 31
44 16 12
35 32 18
18 28 6
41 16 7
45 20 22
78 2 13
34 18 7
3 15 6
35 22 29
67 0 28
16 18 10
20 5 4
34 13 20
59 15 3
71 19 27
61 32 32
56 2 10
69 12 9
42 25 8
6 14 8
48 4 14
64 18 7
45 28 31
67 17 28
30 20 22
24 27 10
54 8 12
32 14 8
49 15 3
37 32 31
47 21 8
63 27 16
17 11 19
2 7 9
65 29 11
49 5 31
42 29 6
14 15 28
2 8 0
61 16 21
48 2 1
22 1 18
18 17 28
8 1 28
20 8 1
7 16 22
44 32 7
46 18 10
73 22 1
34 16 12
54 1 18
70 19 27
70 27 16
79 22 29
62 32 25
60 16 7
75 22 29
18 23 30
12 30 16
56 2 1
65 21 8
32 7 23
45 21 28
9 13 8
62 21 8
58 17 28
73 6 7
30 29 7
28 13 8
65 1 28
76 4 14
43 23 27
56 19 27
53 10 21
76 21 28
72 22 1
77 7 9
64 6 11
31 17 28
11 16 12
8 20 15
43 29 7
7 6 7
3 16 21
17 15 3
37 20 28
7 10 21
32 15 6
41 32 7
33 9 21
71 29 6
75 4 14
20 8 0
72 2 1
22 32 18
53 11 19
55 32 18
30 4 14
7 1 18
63 27 10
80 8 12
8 29 11
9 20 28
21 27 10
20 16 12
19 2 10
57 17 28
38 11 19
78 1 18
12 17 28
74 5 31
79 28 6
62 20 15
44 1 28
31 21 28
26 14 8
56 21 28
6 32 32
59 7 10
68 10 15
70 9 21
36 21 8
70 31 30
9 15 28
41 21 25
15 28 6
16 29 13
46 16 21
0 8 0
36 32 18
56 2 13
53 11 19
67 9 17
78 29 13
62 30 16
27 31 30
21 18 10
20 27 14
16 15 31
48 13 2
48 13 20
53 9 17
9 15 3
28 15 6
51 1 28
76 23 30
33 13 8
75 28 6
28 8 29
22 30 16
58 2 13
33 2 1
55 29 6
37 5 4
29 14 8
26 2 13
37 13 20
1 20 22
34 10 11
78 7 9
72 23 5
36 28 31
27 8 12
45 7 9
34 15 3
22 7 23
10 11 0
6 10 21
52 23 30
2 11 19
0 11 24
4 11 31
59 30 10
23 13 20
78 8 12
11 11 0
66 32 25
25 23 5
21 16 12
26 18 10
74 10 21
40 23 30
68 2 1
17 18 10
59 10 15
76 4 12
70 28 6
12 10 21
71 16 22
55 32 7
20 6 11
42 16 12
76 31 30
11 29 13
34 31 30
52 15 3
1 18 7
48 16 21
63 28 31
4 32 31
72 32 32
76 8 12
79 2 13
72 15 15
1 30 11
57 4 14
16 4 12
7 32 25
1 22 29
58 13 20
44 20 28
9 32 32
42 6 7
66 23 27
52 15 3
36 6 7
70 23 27
52 8 29
52 27 27
71 29 6
23 5 31
56 13 2
46 22 29
2 10 15
38 11 31
4 7 9
1 21 25
17 32 7
51 16 22
7 7 10
28 23 5
44 19 27
49 25 8
53 23 30
61 7 9
21 7 10
68 27 27
18 11 24
76 29 11
26 0 28
75 27 27
11 32 7
76 32 18
53 6 7
58 15 3
3 16 7
76 20 28
29 13 20
75 7 23
56 10 11
67 10 15
68 23 30
41 23 30
13 7 9
50 11 19
23 13 8
74 15 15
75 22 1
23 22 1
59 32 32
28 32 25
9 27 16
31 20 22
4 11 19
23 32 32
39 12 9
34 10 15
22 18 7
78 4 14
62 8 29
43 25 6
35 20 22
12 0 28
76 29 6
48 4 12
13 2 1
0 29 11
16 13 2
36 10 15
79 4 14
11 6 11
55 27 14
44 20 2
3 17 28
23 9 21
76 27 10
47 27 14
77 15 15
41 2 13
3 21 28
46 8 12
66 7 23
56 11 24
44 15 3
69 31 30
72 18 7
40 27 27
45 13 2
40 5 4
47 20 15
54 23 30
75 5 31
5 30 10
18 27 16
58 8 29
15 11 19
53 7 23
44 8 12
78 6 7
36 9 21
73 23 27
44 18 10
39 23 30
2 8 0
6 21 8
20 20 2
50 15 6
10 16 22
3 32 7
19 11 31
55 11 0
73 10 15
19 15 28
38 4 14
29 16 21
48 13 8
69 22 24
2 7 10
29 10 11
68 29 13
36 15 31
79 27 16
77 1 28
23 21 25
5 32 25
25 21 8
46 7 10
58 27 10
65 30 11
41 25 6
53 11 24
23 15 6
49 15 6
73 27 14
58 11 31
72 21 8
45 1 22
60 10 15
53 25 8
43 22 29
8 13 2
70 30 16
71 30 11
53 5 4
47 16 22
0 10 11
15 30 11
14 27 14
12 27 27
28 5 4
67 12 9
52 30 16
18 32 18
25 30 10
59 8 1
22 12 9
39 12 9
55 10 11
42 16 21
65 21 25
42 7 9
8 5 4
51 8 1
61 2 10
15 9 21
1 23 5
75 20 15
39 28 6
63 29 11
17 20 15
63 23 5
35 16 22
33 29 6
16 21 25
14 20 28
18 32 25
19 22 1
21 12 9
61 30 11
51 11 24
62 10 11
78 10 21
80 13 8
37 2 13
71 15 28
26 29 11
67 1 22
50 16 7
8 4 12
24 6 7
5 11 24
11 21 28
50 22 1
29 20 2
46 8 12
33 32 31
69 12 9
71 7 23
70 16 12
57 13 2
7 6 7
33 18 7
22 10 15
76 11 19
25 0 28
53 19 27
24 21 8
73 15 28
49 32 32
44 22 24
42 11 19
7 15 31
77 5 31
29 18 7
42 16 22
8 27 16
58 11 24
10 32 32
36 9 17
75 15 28
5 21 28
35 1 18
63 23 27
29 27 10
42 7 9
28 13 2
39 20 2
55 13 2
19 11 31
28 29 11
47 22 29
71 16 21
43 15 6
57 21 8
51 20 2
75 25 6
75 13 20
2 6 7
13 7 23
71 10 21
46 29 7
43 8 12
57 4 12
22 0 28
57 16 12
16 2 13
21 8 1
67 30 16
77 32 18
56 6 7
55 5 4
13 2 1
57 22 1
76 15 6
52 17 28
3 8 12
44 29 7
49 2 10
41 32 25
11 13 2
58 31 30
60 8 29
61 32 7
68 1 18
23 13 2
29 4 14
40 32 25
52 29 13
76 15 15
67 15 3
16 10 21
5 7 23
14 16 22
38 13 20
70 5 4
40 13 2
20 20 28
59 16 22
48 1 28
77 12 9
73 28 6
78 7 23
12 27 16
49 1 22
39 15 6
35 29 7
22 30 11
30 15 3
72 15 15
14 2 10
3 21 8
69 16 12
65 22 24
33 2 13
40 2 1
11 8 12
0 12 9
50 23 5
80 12 9
60 9 17
20 23 5
72 20 2
53 29 11
5 29 6
2 6 11
34 11 24
64 29 11
31 31 30
80 1 22
72 23 30
51 20 2
34 29 11
67 29 6
65 23 5
31 2 13
30 13 2
9 22 24
48 23 30
51 22 1
71 8 0
7 15 15
70 20 15
54 16 22
62 10 11
77 2 10
38 13 2
68 15 15
28 7 10
32 32 7
31 16 7
36 28 6
14 13 2
71 10 21
53 15 3
42 27 27
63 22 1
30 6 7
77 23 30
40 5 31
31 0 28
80 2 10
41 30 10
53 27 14
38 5 31
33 4 14
16 16 7
28 17 28
14 8 29
54 28 6
68 11 24
42 13 20
46 30 16
72 15 31
58 11 19
74 22 1
15 30 11
21 11 19
80 28 6
62 32 25
8 13 2
71 16 22
23 7 9
39 10 15
1 7 10
75 21 28
63 20 28
52 16 21
76 32 25
36 29 6
47 29 11
39 21 28
5 30 10
8 15 31
47 22 29
48 13 20
21 13 8
74 15 3
55 15 28
12 7 23
71 7 10
80 28 31
18 11 0
-1 -1 -1
16
3
17
22
34
48
36
59
13
2
9
19
18
51
4
5
62
40
54
60
56
11
24
67
35
30
42
25
47
6
26
79
49
44
74
69
21
1
46
32
20
57
12
33
31
41
8
28
27
15
23
38
78
70
0
65
66
75
52
14
76
80
55
77
61
7
10
58
39
50
37
73
72
63
53
43
45
68
64
71
29
  3.803337 seconds (40.97 M allocations: 1.070 GiB, 4.22% gc time)
