950 0 0 0 0 0 0 0 0 0 0 0 0 0 0 0 0 0 0 0 0 0 0 0 0 0 0 0 0 0
0 0 0 0 0 0 0 0 0 0 0 0 0 0 0 0 0 0 0 0 0 0 0 0 0 0 0 0 0 0
0 0 0 0 0 0 0 0 0 0 0 0 0 0 0 0 0 0 0 0 0 0 0 0 0 0 0 0 0 0
0 0 0 0 0 0 0 0 0 0 0 0 0 0 0 0 0 0 0 0 0 0 0 0 0 0 0 0 0 0
0 0 0 0 0 0 0 0 0 0 0 0 0 0 0 0 0 0 0 0 0 0 0 0 0 0 0 0 0 0
0 0 0 0 0 0 0 0 0 0 0 0 0 0 0 0 0 0 0 0 0 0 0 0 0 0 0 0 0 0
0 0 0 0 0 0 0 0 0 0 0 0 0 0 0 0 0 0 0 0 0 0 0 0 0 0 0 0 0 0
0 0 0 0 0 0 0 0 0 0 0 0 0 0 0 0 0 0 0 0 0 0 0 0 0 0 0 0 0 0
0 0 0 0 0 0 0 0 0 0 0 0 0 0 0 0 0 0 0 0 0 0 0 0 0 0 0 0 0 0
0 0 0 0 0 0 0 0 0 0 0 0 0 0 0 0 0 0 0 0 0 0 0 0 0 0 0 0 0 0
0 0 0 0 0 0 0 0 0 0 0 0 0 0 0 0 0 0 0 0 0 0 0 0 0 0 0 0 0 0
0 0 0 0 0 0 0 0 0 0 0 0 0 0 0 0 0 0 0 0 0 0 0 0 0 0 0 0 0 0
0 0 0 0 0 0 0 0 0 0 0 0 0 0 0 0 0 0 0 0 0 0 0 0 0 0 0 0 0 0
0 0 0 0 0 0 0 0 0 0 0 0 0 0 0 0 0 0 0 0 0 0 0 0 0 0 0 0 0 0
0 0 0 0 0 0 0 0 0 0 0 0 0 0 0 0 0 0 0 0 0 0 0 0 0 0 0 0 0 0
0 0 0 0 0 0 0 0 0 0 0 0 0 0 0 0 0 0 0 0 0 0 0 0 0 0 0 0 0 0
0 0 0 0 0 0 0 0 0 0 0 0 0 0 0 0 0 0 0 0 0 0 0 0 0 0 0 0 0 0
0 0 0 0 0 0 0 0 0 0 0 0 0 0 0 0 0 0 0 0 0 0 0 0 0 0 0 0 0 0
0 0 0 0 0 0 0 0 0 0 0 0 0 0 0 0 0 0 0 0 0 0 0 0 0 0 0 0 0 0
0 0 0 0 0 0 0 0 0 0 0 0 0 0 0 0 0 0 0 0 0 0 0 0 0 0 0 0 0 0
0 0 0 0 0 0 0 0 0 0 0 0 0 0 0 0 0 0 0 0 0 0 0 0 0 0 0 0 0 0
0 0 0 0 0 0 0 0 0 0 0 0 0 0 0 0 0 0 0 0 0 0 0 0 0 0 0 0 0 0
0 0 0 0 0 0 0 0 0 0 0 0 0 0 0 0 0 0 0 0 0 0 0 0 0 0 0 0 0 0
0 0 0 0 0 0 0 0 0 0 0 0 0 0 0 0 0 0 0 0 0 0 0 0 0 0 0 0 0 0
0 0 0 0 0 0 0 0 0 0 0 0 0 0 0 0 0 0 0 0 0 0 0 0 0 0 0 0 0 0
0 0 0 0 0 0 0 0 0 0 0 0 0 0 0 0 0 0 0 0 0 0 0 0 0 0 0 0 0 0
0 0 0 0 0 0 0 0 0 0 0 0 0 0 0 0 0 0 0 0 0 0 0 0 0 0 0 0 0 0
0 0 0 0 0 0 0 0 0 0 0 0 0 0 0 0 0 0 0 0 0 0 0 0 0 0 0 0 0 0
0 0 0 0 0 0 0 0 0 0 0 0 0 0 0 0 0 0 0 0 0 0 0 0 0 0 0 0 0 0
0 0 0 0 0 0 0 0 0 0 0 0 0 0 0 0 0 0 0 0 0 0 0 0 0 0 0 0 0 0
0 0 -3
0 0 -7
0 -1 -3
0 -1 -10
0 -1 -13
0 -1 -16
0 -1 -22
0 -2 -12
0 -2 -16
0 -2 -25
0 -3 -21
0 -3 -25
0 -4 -1
0 -4 -6
0 -4 -23
0 -5 -11
0 -5 -16
0 -5 -18
0 -5 -20
0 -5 -27
0 -6 -1
0 -6 -6
0 -6 -8
0 -6 -18
0 -6 -27
0 -7 -26
0 -8 -15
0 -8 -18
0 -9 -22
0 -10 -1
0 -10 -5
0 -10 -16
0 -10 -21
0 -11 -5
0 -11 -15
0 -11 -23
0 -12 -2
0 -12 -3
0 -12 -10
0 -12 -14
0 -13 -1
0 -13 -9
0 -14 -4
0 -14 -19
0 -14 -20
0 -14 -25
0 -15 0
0 -15 -26
0 -16 -16
0 -16 -27
0 -17 -1
0 -17 -16
0 -17 -27
0 -18 -6
0 -18 -18
0 -18 -23
0 -18 -29
0 -20 -2
0 -20 -28
0 -21 -23
0 -22 -2
0 -22 -7
0 -22 -16
0 -22 -22
0 -23 0
0 -23 -14
0 -23 -16
0 -23 -17
0 -24 -13
0 -24 -18
0 -24 -21
0 -24 -23
0 -25 -1
0 -25 -8
0 -25 -26
0 -26 -14
0 -26 -26
0 -27 -13
0 -27 -20
0 -27 -28
0 -28 -1
0 -28 -4
0 -28 -12
0 -28 -21
0 -28 -22
0 -28 -26
0 -29 0
1 0 -3
1 0 -7
1 -1 -3
1 -1 -10
1 -1 -13
1 -1 -16
1 -1 -22
1 -2 -12
1 -2 -16
1 -2 -25
1 -3 -21
1 -3 -25
1 -4 -1
1 -4 -6
1 -4 -23
1 -5 -11
1 -5 -16
1 -5 -18
1 -5 -20
1 -5 -27
1 -6 -1
1 -6 -6
1 -6 -8
1 -6 -18
1 -6 -27
1 -7 -26
1 -8 -15
1 -8 -18
1 -9 -22
1 -10 -1
1 -10 -5
1 -10 -16
1 -10 -21
1 -11 -5
1 -11 -15
1 -11 -23
1 -12 -2
1 -12 -3
1 -12 -10
1 -12 -14
1 -13 -1
1 -13 -9
1 -14 -4
1 -14 -19
1 -14 -20
1 -14 -25
1 -15 0
1 -15 -26
1 -16 -16
1 -16 -27
1 -17 -1
1 -17 -16
1 -17 -27
1 -18 -6
1 -18 -18
1 -18 -23
1 -18 -29
1 -20 -2
1 -20 -28
1 -21 -23
1 -22 -2
1 -22 -7
1 -22 -16
1 -22 -22
1 -23 0
1 -23 -14
1 -23 -16
1 -23 -17
1 -24 -13
1 -24 -18
1 -24 -21
1 -24 -23
1 -25 -1
1 -25 -8
1 -25 -26
1 -26 -14
1 -26 -26
1 -27 -13
1 -27 -20
1 -27 -28
1 -28 -1
1 -28 -4
1 -28 -12
1 -28 -21
1 -28 -22
1 -28 -26
1 -29 0
2 0 -3
2 0 -7
2 -1 -3
2 -1 -10
2 -1 -13
2 -1 -16
2 -1 -22
2 -2 -12
2 -2 -16
2 -2 -25
2 -3 -21
2 -3 -25
2 -4 -1
2 -4 -6
2 -4 -23
2 -5 -11
2 -5 -16
2 -5 -18
2 -5 -20
2 -5 -27
2 -6 -1
2 -6 -6
2 -6 -8
2 -6 -18
2 -6 -27
2 -7 -26
2 -8 -15
2 -8 -18
2 -9 -22
2 -10 -1
2 -10 -5
2 -10 -16
2 -10 -21
2 -11 -5
2 -11 -15
2 -11 -23
2 -12 -2
2 -12 -3
2 -12 -10
2 -12 -14
2 -13 -1
2 -13 -9
2 -14 -4
2 -14 -19
2 -14 -20
2 -14 -25
2 -15 0
2 -15 -26
2 -16 -16
2 -16 -27
2 -17 -1
2 -17 -16
2 -17 -27
2 -18 -6
2 -18 -18
2 -18 -23
2 -18 -29
2 -20 -2
2 -20 -28
2 -21 -23
2 -22 -2
2 -22 -7
2 -22 -16
2 -22 -22
2 -23 0
2 -23 -14
2 -23 -16
2 -23 -17
2 -24 -13
2 -24 -18
2 -24 -21
2 -24 -23
2 -25 -1
2 -25 -8
2 -25 -26
2 -26 -14
2 -26 -26
2 -27 -13
2 -27 -20
2 -27 -28
2 -28 -1
2 -28 -4
2 -28 -12
2 -28 -21
2 -28 -22
2 -28 -26
2 -29 0
3 0 -3
3 0 -7
3 -1 -3
3 -1 -10
3 -1 -13
3 -1 -16
3 -1 -22
3 -2 -12
3 -2 -16
3 -2 -25
3 -3 -21
3 -3 -25
3 -4 -1
3 -4 -6
3 -4 -23
3 -5 -11
3 -5 -16
3 -5 -18
3 -5 -20
3 -5 -27
3 -6 -1
3 -6 -6
3 -6 -8
3 -6 -18
3 -6 -27
3 -7 -26
3 -8 -15
3 -8 -18
3 -9 -22
3 -10 -1
3 -10 -5
3 -10 -16
3 -10 -21
3 -11 -5
3 -11 -15
3 -11 -23
3 -12 -2
3 -12 -3
3 -12 -10
3 -12 -14
3 -13 -1
3 -13 -9
3 -14 -4
3 -14 -19
3 -14 -20
3 -14 -25
3 -15 0
3 -15 -26
3 -16 -16
3 -16 -27
3 -17 -1
3 -17 -16
3 -17 -27
3 -18 -6
3 -18 -18
3 -18 -23
3 -18 -29
3 -20 -2
3 -20 -28
3 -21 -23
3 -22 -2
3 -22 -7
3 -22 -16
3 -22 -22
3 -23 0
3 -23 -14
3 -23 -16
3 -23 -17
3 -24 -13
3 -24 -18
3 -24 -21
3 -24 -23
3 -25 -1
3 -25 -8
3 -25 -26
3 -26 -14
3 -26 -26
3 -27 -13
3 -27 -20
3 -27 -28
3 -28 -1
3 -28 -4
3 -28 -12
3 -28 -21
3 -28 -22
3 -28 -26
3 -29 0
4 0 -3
4 0 -7
4 -1 -3
4 -1 -10
4 -1 -13
4 -1 -16
4 -1 -22
4 -2 -12
4 -2 -16
4 -2 -25
4 -3 -21
4 -3 -25
4 -4 -1
4 -4 -6
4 -4 -23
4 -5 -11
4 -5 -16
4 -5 -18
4 -5 -20
4 -5 -27
4 -6 -1
4 -6 -6
4 -6 -8
4 -6 -18
4 -6 -27
4 -7 -26
4 -8 -15
4 -8 -18
4 -9 -22
4 -10 -1
4 -10 -5
4 -10 -16
4 -10 -21
4 -11 -5
4 -11 -15
4 -11 -23
4 -12 -2
4 -12 -3
4 -12 -10
4 -12 -14
4 -13 -1
4 -13 -9
4 -14 -4
4 -14 -19
4 -14 -20
4 -14 -25
4 -15 0
4 -15 -26
4 -16 -16
4 -16 -27
4 -17 -1
4 -17 -16
4 -17 -27
4 -18 -6
4 -18 -18
4 -18 -23
4 -18 -29
4 -20 -2
4 -20 -28
4 -21 -23
4 -22 -2
4 -22 -7
4 -22 -16
4 -22 -22
4 -23 0
4 -23 -14
4 -23 -16
4 -23 -17
4 -24 -13
4 -24 -18
4 -24 -21
4 -24 -23
4 -25 -1
4 -25 -8
4 -25 -26
4 -26 -14
4 -26 -26
4 -27 -13
4 -27 -20
4 -27 -28
4 -28 -1
4 -28 -4
4 -28 -12
4 -28 -21
4 -28 -22
4 -28 -26
4 -29 0
5 0 -3
5 0 -7
5 -1 -3
5 -1 -10
5 -1 -13
5 -1 -16
5 -1 -22
5 -2 -12
5 -2 -16
5 -2 -25
5 -3 -21
5 -3 -25
5 -4 -1
5 -4 -6
5 -4 -23
5 -5 -11
5 -5 -16
5 -5 -18
5 -5 -20
5 -5 -27
5 -6 -1
5 -6 -6
5 -6 -8
5 -6 -18
5 -6 -27
5 -7 -26
5 -8 -15
5 -8 -18
5 -9 -22
5 -10 -1
5 -10 -5
5 -10 -16
5 -10 -21
5 -11 -5
5 -11 -15
5 -11 -23
5 -12 -2
5 -12 -3
5 -12 -10
5 -12 -14
5 -13 -1
5 -13 -9
5 -14 -4
5 -14 -19
5 -14 -20
5 -14 -25
5 -15 0
5 -15 -26
5 -16 -16
5 -16 -27
5 -17 -1
5 -17 -16
5 -17 -27
5 -18 -6
5 -18 -18
5 -18 -23
5 -18 -29
5 -20 -2
5 -20 -28
5 -21 -23
5 -22 -2
5 -22 -7
5 -22 -16
5 -22 -22
5 -23 0
5 -23 -14
5 -23 -16
5 -23 -17
5 -24 -13
5 -24 -18
5 -24 -21
5 -24 -23
5 -25 -1
5 -25 -8
5 -25 -26
5 -26 -14
5 -26 -26
5 -27 -13
5 -27 -20
5 -27 -28
5 -28 -1
5 -28 -4
5 -28 -12
5 -28 -21
5 -28 -22
5 -28 -26
5 -29 0
6 0 -3
6 0 -7
6 -1 -3
6 -1 -10
6 -1 -13
6 -1 -16
6 -1 -22
6 -2 -12
6 -2 -16
6 -2 -25
6 -3 -21
6 -3 -25
6 -4 -1
6 -4 -6
6 -4 -23
6 -5 -11
6 -5 -16
6 -5 -18
6 -5 -20
6 -5 -27
6 -6 -1
6 -6 -6
6 -6 -8
6 -6 -18
6 -6 -27
6 -7 -26
6 -8 -15
6 -8 -18
6 -9 -22
6 -10 -1
6 -10 -5
6 -10 -16
6 -10 -21
6 -11 -5
6 -11 -15
6 -11 -23
6 -12 -2
6 -12 -3
6 -12 -10
6 -12 -14
6 -13 -1
6 -13 -9
6 -14 -4
6 -14 -19
6 -14 -20
6 -14 -25
6 -15 0
6 -15 -26
6 -16 -16
6 -16 -27
6 -17 -1
6 -17 -16
6 -17 -27
6 -18 -6
6 -18 -18
6 -18 -23
6 -18 -29
6 -20 -2
6 -20 -28
6 -21 -23
6 -22 -2
6 -22 -7
6 -22 -16
6 -22 -22
6 -23 0
6 -23 -14
6 -23 -16
6 -23 -17
6 -24 -13
6 -24 -18
6 -24 -21
6 -24 -23
6 -25 -1
6 -25 -8
6 -25 -26
6 -26 -14
6 -26 -26
6 -27 -13
6 -27 -20
6 -27 -28
6 -28 -1
6 -28 -4
6 -28 -12
6 -28 -21
6 -28 -22
6 -28 -26
6 -29 0
7 0 -3
7 0 -7
7 -1 -3
7 -1 -10
7 -1 -13
7 -1 -16
7 -1 -22
7 -2 -12
7 -2 -16
7 -2 -25
7 -3 -21
7 -3 -25
7 -4 -1
7 -4 -6
7 -4 -23
7 -5 -11
7 -5 -16
7 -5 -18
7 -5 -20
7 -5 -27
7 -6 -1
7 -6 -6
7 -6 -8
7 -6 -18
7 -6 -27
7 -7 -26
7 -8 -15
7 -8 -18
7 -9 -22
7 -10 -1
7 -10 -5
7 -10 -16
7 -10 -21
7 -11 -5
7 -11 -15
7 -11 -23
7 -12 -2
7 -12 -3
7 -12 -10
7 -12 -14
7 -13 -1
7 -13 -9
7 -14 -4
7 -14 -19
7 -14 -20
7 -14 -25
7 -15 0
7 -15 -26
7 -16 -16
7 -16 -27
7 -17 -1
7 -17 -16
7 -17 -27
7 -18 -6
7 -18 -18
7 -18 -23
7 -18 -29
7 -20 -2
7 -20 -28
7 -21 -23
7 -22 -2
7 -22 -7
7 -22 -16
7 -22 -22
7 -23 0
7 -23 -14
7 -23 -16
7 -23 -17
7 -24 -13
7 -24 -18
7 -24 -21
7 -24 -23
7 -25 -1
7 -25 -8
7 -25 -26
7 -26 -14
7 -26 -26
7 -27 -13
7 -27 -20
7 -27 -28
7 -28 -1
7 -28 -4
7 -28 -12
7 -28 -21
7 -28 -22
7 -28 -26
7 -29 0
8 0 -3
8 0 -7
8 -1 -3
8 -1 -10
8 -1 -13
8 -1 -16
8 -1 -22
8 -2 -12
8 -2 -16
8 -2 -25
8 -3 -21
8 -3 -25
8 -4 -1
8 -4 -6
8 -4 -23
8 -5 -11
8 -5 -16
8 -5 -18
8 -5 -20
8 -5 -27
8 -6 -1
8 -6 -6
8 -6 -8
8 -6 -18
8 -6 -27
8 -7 -26
8 -8 -15
8 -8 -18
8 -9 -22
8 -10 -1
8 -10 -5
8 -10 -16
8 -10 -21
8 -11 -5
8 -11 -15
8 -11 -23
8 -12 -2
8 -12 -3
8 -12 -10
8 -12 -14
8 -13 -1
8 -13 -9
8 -14 -4
8 -14 -19
8 -14 -20
8 -14 -25
8 -15 0
8 -15 -26
8 -16 -16
8 -16 -27
8 -17 -1
8 -17 -16
8 -17 -27
8 -18 -6
8 -18 -18
8 -18 -23
8 -18 -29
8 -20 -2
8 -20 -28
8 -21 -23
8 -22 -2
8 -22 -7
8 -22 -16
8 -22 -22
8 -23 0
8 -23 -14
8 -23 -16
8 -23 -17
8 -24 -13
8 -24 -18
8 -24 -21
8 -24 -23
8 -25 -1
8 -25 -8
8 -25 -26
8 -26 -14
8 -26 -26
8 -27 -13
8 -27 -20
8 -27 -28
8 -28 -1
8 -28 -4
8 -28 -12
8 -28 -21
8 -28 -22
8 -28 -26
8 -29 0
9 0 -3
9 0 -7
9 -1 -3
9 -1 -10
9 -1 -13
9 -1 -16
9 -1 -22
9 -2 -12
9 -2 -16
9 -2 -25
9 -3 -21
9 -3 -25
9 -4 -1
9 -4 -6
9 -4 -23
9 -5 -11
9 -5 -16
9 -5 -18
9 -5 -20
9 -5 -27
9 -6 -1
9 -6 -6
9 -6 -8
9 -6 -18
9 -6 -27
9 -7 -26
9 -8 -15
9 -8 -18
9 -9 -22
9 -10 -1
9 -10 -5
9 -10 -16
9 -10 -21
9 -11 -5
9 -11 -15
9 -11 -23
9 -12 -2
9 -12 -3
9 -12 -10
9 -12 -14
9 -13 -1
9 -13 -9
9 -14 -4
9 -14 -19
9 -14 -20
9 -14 -25
9 -15 0
9 -15 -26
9 -16 -16
9 -16 -27
9 -17 -1
9 -17 -16
9 -17 -27
9 -18 -6
9 -18 -18
9 -18 -23
9 -18 -29
9 -20 -2
9 -20 -28
9 -21 -23
9 -22 -2
9 -22 -7
9 -22 -16
9 -22 -22
9 -23 0
9 -23 -14
9 -23 -16
9 -23 -17
9 -24 -13
9 -24 -18
9 -24 -21
9 -24 -23
9 -25 -1
9 -25 -8
9 -25 -26
9 -26 -14
9 -26 -26
9 -27 -13
9 -27 -20
9 -27 -28
9 -28 -1
9 -28 -4
9 -28 -12
9 -28 -21
9 -28 -22
9 -28 -26
9 -29 0
10 0 -3
10 0 -7
10 -1 -3
10 -1 -10
10 -1 -13
10 -1 -16
10 -1 -22
10 -2 -12
10 -2 -16
10 -2 -25
10 -3 -21
10 -3 -25
10 -4 -1
10 -4 -6
10 -4 -23
10 -5 -11
10 -5 -16
10 -5 -18
10 -5 -20
10 -5 -27
10 -6 -1
10 -6 -6
10 -6 -8
10 -6 -18
10 -6 -27
10 -7 -26
10 -8 -15
10 -8 -18
10 -9 -22
10 -10 -1
10 -10 -5
10 -10 -16
10 -10 -21
10 -11 -5
10 -11 -15
10 -11 -23
10 -12 -2
10 -12 -3
10 -12 -10
10 -12 -14
10 -13 -1
10 -13 -9
10 -14 -4
10 -14 -19
10 -14 -20
10 -14 -25
10 -15 0
10 -15 -26
10 -16 -16
10 -16 -27
10 -17 -1
10 -17 -16
10 -17 -27
10 -18 -6
10 -18 -18
10 -18 -23
10 -18 -29
10 -20 -2
10 -20 -28
10 -21 -23
10 -22 -2
10 -22 -7
10 -22 -16
10 -22 -22
10 -23 0
10 -23 -14
10 -23 -16
10 -23 -17
10 -24 -13
10 -24 -18
10 -24 -21
10 -24 -23
10 -25 -1
10 -25 -8
10 -25 -26
10 -26 -14
10 -26 -26
10 -27 -13
10 -27 -20
10 -27 -28
10 -28 -1
10 -28 -4
10 -28 -12
10 -28 -21
10 -28 -22
10 -28 -26
10 -29 0
11 0 -3
11 0 -7
11 -1 -3
11 -1 -10
11 -1 -13
11 -1 -16
11 -1 -22
11 -2 -12
11 -2 -16
11 -2 -25
11 -3 -21
11 -3 -25
11 -4 -1
11 -4 -6
11 -4 -23
11 -5 -11
11 -5 -16
11 -5 -18
11 -5 -20
11 -5 -27
11 -6 -1
11 -6 -6
11 -6 -8
11 -6 -18
11 -6 -27
11 -7 -26
11 -8 -15
11 -8 -18
11 -9 -22
11 -10 -1
11 -10 -5
11 -10 -16
11 -10 -21
11 -11 -5
11 -11 -15
11 -11 -23
11 -12 -2
11 -12 -3
11 -12 -10
11 -12 -14
11 -13 -1
11 -13 -9
11 -14 -4
11 -14 -19
11 -14 -20
11 -14 -25
11 -15 0
11 -15 -26
11 -16 -16
11 -16 -27
11 -17 -1
11 -17 -16
11 -17 -27
11 -18 -6
11 -18 -18
11 -18 -23
11 -18 -29
11 -20 -2
11 -20 -28
11 -21 -23
11 -22 -2
11 -22 -7
11 -22 -16
11 -22 -22
11 -23 0
11 -23 -14
11 -23 -16
11 -23 -17
11 -24 -13
11 -24 -18
11 -24 -21
11 -24 -23
11 -25 -1
11 -25 -8
11 -25 -26
11 -26 -14
11 -26 -26
11 -27 -13
11 -27 -20
11 -27 -28
11 -28 -1
11 -28 -4
11 -28 -12
11 -28 -21
11 -28 -22
11 -28 -26
11 -29 0
12 0 -3
12 0 -7
12 -1 -3
12 -1 -10
12 -1 -13
12 -1 -16
12 -1 -22
12 -2 -12
12 -2 -16
12 -2 -25
12 -3 -21
12 -3 -25
12 -4 -1
12 -4 -6
12 -4 -23
12 -5 -11
12 -5 -16
12 -5 -18
12 -5 -20
12 -5 -27
12 -6 -1
12 -6 -6
12 -6 -8
12 -6 -18
12 -6 -27
12 -7 -26
12 -8 -15
12 -8 -18
12 -9 -22
12 -10 -1
12 -10 -5
12 -10 -16
12 -10 -21
12 -11 -5
12 -11 -15
12 -11 -23
12 -12 -2
12 -12 -3
12 -12 -10
12 -12 -14
12 -13 -1
12 -13 -9
12 -14 -4
12 -14 -19
12 -14 -20
12 -14 -25
12 -15 0
12 -15 -26
12 -16 -16
12 -16 -27
12 -17 -1
12 -17 -16
12 -17 -27
12 -18 -6
12 -18 -18
12 -18 -23
12 -18 -29
12 -20 -2
12 -20 -28
12 -21 -23
12 -22 -2
12 -22 -7
12 -22 -16
12 -22 -22
12 -23 0
12 -23 -14
12 -23 -16
12 -23 -17
12 -24 -13
12 -24 -18
12 -24 -21
12 -24 -23
12 -25 -1
12 -25 -8
12 -25 -26
12 -26 -14
12 -26 -26
12 -27 -13
12 -27 -20
12 -27 -28
12 -28 -1
12 -28 -4
12 -28 -12
12 -28 -21
12 -28 -22
12 -28 -26
12 -29 0
13 0 -3
13 0 -7
13 -1 -3
13 -1 -10
13 -1 -13
13 -1 -16
13 -1 -22
13 -2 -12
13 -2 -16
13 -2 -25
13 -3 -21
13 -3 -25
13 -4 -1
13 -4 -6
13 -4 -23
13 -5 -11
13 -5 -16
13 -5 -18
13 -5 -20
13 -5 -27
13 -6 -1
13 -6 -6
13 -6 -8
13 -6 -18
13 -6 -27
13 -7 -26
13 -8 -15
13 -8 -18
13 -9 -22
13 -10 -1
13 -10 -5
13 -10 -16
13 -10 -21
13 -11 -5
13 -11 -15
13 -11 -23
13 -12 -2
13 -12 -3
13 -12 -10
13 -12 -14
13 -13 -1
13 -13 -9
13 -14 -4
13 -14 -19
13 -14 -20
13 -14 -25
13 -15 0
13 -15 -26
13 -16 -16
13 -16 -27
13 -17 -1
13 -17 -16
13 -17 -27
13 -18 -6
13 -18 -18
13 -18 -23
13 -18 -29
13 -20 -2
13 -20 -28
13 -21 -23
13 -22 -2
13 -22 -7
13 -22 -16
13 -22 -22
13 -23 0
13 -23 -14
13 -23 -16
13 -23 -17
13 -24 -13
13 -24 -18
13 -24 -21
13 -24 -23
13 -25 -1
13 -25 -8
13 -25 -26
13 -26 -14
13 -26 -26
13 -27 -13
13 -27 -20
13 -27 -28
13 -28 -1
13 -28 -4
13 -28 -12
13 -28 -21
13 -28 -22
13 -28 -26
13 -29 0
14 0 -3
14 0 -7
14 -1 -3
14 -1 -10
14 -1 -13
14 -1 -16
14 -1 -22
14 -2 -12
14 -2 -16
14 -2 -25
14 -3 -21
14 -3 -25
14 -4 -1
14 -4 -6
14 -4 -23
14 -5 -11
14 -5 -16
14 -5 -18
14 -5 -20
14 -5 -27
14 -6 -1
14 -6 -6
14 -6 -8
14 -6 -18
14 -6 -27
14 -7 -26
14 -8 -15
14 -8 -18
14 -9 -22
14 -10 -1
14 -10 -5
14 -10 -16
14 -10 -21
14 -11 -5
14 -11 -15
14 -11 -23
14 -12 -2
14 -12 -3
14 -12 -10
14 -12 -14
14 -13 -1
14 -13 -9
14 -14 -4
14 -14 -19
14 -14 -20
14 -14 -25
14 -15 0
14 -15 -26
14 -16 -16
14 -16 -27
14 -17 -1
14 -17 -16
14 -17 -27
14 -18 -6
14 -18 -18
14 -18 -23
14 -18 -29
14 -20 -2
14 -20 -28
14 -21 -23
14 -22 -2
14 -22 -7
14 -22 -16
14 -22 -22
14 -23 0
14 -23 -14
14 -23 -16
14 -23 -17
14 -24 -13
14 -24 -18
14 -24 -21
14 -24 -23
14 -25 -1
14 -25 -8
14 -25 -26
14 -26 -14
14 -26 -26
14 -27 -13
14 -27 -20
14 -27 -28
14 -28 -1
14 -28 -4
14 -28 -12
14 -28 -21
14 -28 -22
14 -28 -26
14 -29 0
15 0 -3
15 0 -7
15 -1 -3
15 -1 -10
15 -1 -13
15 -1 -16
15 -1 -22
15 -2 -12
15 -2 -16
15 -2 -25
15 -3 -21
15 -3 -25
15 -4 -1
15 -4 -6
15 -4 -23
15 -5 -11
15 -5 -16
15 -5 -18
15 -5 -20
15 -5 -27
15 -6 -1
15 -6 -6
15 -6 -8
15 -6 -18
15 -6 -27
15 -7 -26
15 -8 -15
15 -8 -18
15 -9 -22
15 -10 -1
15 -10 -5
15 -10 -16
15 -10 -21
15 -11 -5
15 -11 -15
15 -11 -23
15 -12 -2
15 -12 -3
15 -12 -10
15 -12 -14
15 -13 -1
15 -13 -9
15 -14 -4
15 -14 -19
15 -14 -20
15 -14 -25
15 -15 0
15 -15 -26
15 -16 -16
15 -16 -27
15 -17 -1
15 -17 -16
15 -17 -27
15 -18 -6
15 -18 -18
15 -18 -23
15 -18 -29
15 -20 -2
15 -20 -28
15 -21 -23
15 -22 -2
15 -22 -7
15 -22 -16
15 -22 -22
15 -23 0
15 -23 -14
15 -23 -16
15 -23 -17
15 -24 -13
15 -24 -18
15 -24 -21
15 -24 -23
15 -25 -1
15 -25 -8
15 -25 -26
15 -26 -14
15 -26 -26
15 -27 -13
15 -27 -20
15 -27 -28
15 -28 -1
15 -28 -4
15 -28 -12
15 -28 -21
15 -28 -22
15 -28 -26
15 -29 0
16 0 -3
16 0 -7
16 -1 -3
16 -1 -10
16 -1 -13
16 -1 -16
16 -1 -22
16 -2 -12
16 -2 -16
16 -2 -25
16 -3 -21
16 -3 -25
16 -4 -1
16 -4 -6
16 -4 -23
16 -5 -11
16 -5 -16
16 -5 -18
16 -5 -20
16 -5 -27
16 -6 -1
16 -6 -6
16 -6 -8
16 -6 -18
16 -6 -27
16 -7 -26
16 -8 -15
16 -8 -18
16 -9 -22
16 -10 -1
16 -10 -5
16 -10 -16
16 -10 -21
16 -11 -5
16 -11 -15
16 -11 -23
16 -12 -2
16 -12 -3
16 -12 -10
16 -12 -14
16 -13 -1
16 -13 -9
16 -14 -4
16 -14 -19
16 -14 -20
16 -14 -25
16 -15 0
16 -15 -26
16 -16 -16
16 -16 -27
16 -17 -1
16 -17 -16
16 -17 -27
16 -18 -6
16 -18 -18
16 -18 -23
16 -18 -29
16 -20 -2
16 -20 -28
16 -21 -23
16 -22 -2
16 -22 -7
16 -22 -16
16 -22 -22
16 -23 0
16 -23 -14
16 -23 -16
16 -23 -17
16 -24 -13
16 -24 -18
16 -24 -21
16 -24 -23
16 -25 -1
16 -25 -8
16 -25 -26
16 -26 -14
16 -26 -26
16 -27 -13
16 -27 -20
16 -27 -28
16 -28 -1
16 -28 -4
16 -28 -12
16 -28 -21
16 -28 -22
16 -28 -26
16 -29 0
17 0 -3
17 0 -7
17 -1 -3
17 -1 -10
17 -1 -13
17 -1 -16
17 -1 -22
17 -2 -12
17 -2 -16
17 -2 -25
17 -3 -21
17 -3 -25
17 -4 -1
17 -4 -6
17 -4 -23
17 -5 -11
17 -5 -16
17 -5 -18
17 -5 -20
17 -5 -27
17 -6 -1
17 -6 -6
17 -6 -8
17 -6 -18
17 -6 -27
17 -7 -26
17 -8 -15
17 -8 -18
17 -9 -22
17 -10 -1
17 -10 -5
17 -10 -16
17 -10 -21
17 -11 -5
17 -11 -15
17 -11 -23
17 -12 -2
17 -12 -3
17 -12 -10
17 -12 -14
17 -13 -1
17 -13 -9
17 -14 -4
17 -14 -19
17 -14 -20
17 -14 -25
17 -15 0
17 -15 -26
17 -16 -16
17 -16 -27
17 -17 -1
17 -17 -16
17 -17 -27
17 -18 -6
17 -18 -18
17 -18 -23
17 -18 -29
17 -20 -2
17 -20 -28
17 -21 -23
17 -22 -2
17 -22 -7
17 -22 -16
17 -22 -22
17 -23 0
17 -23 -14
17 -23 -16
17 -23 -17
17 -24 -13
17 -24 -18
17 -24 -21
17 -24 -23
17 -25 -1
17 -25 -8
17 -25 -26
17 -26 -14
17 -26 -26
17 -27 -13
17 -27 -20
17 -27 -28
17 -28 -1
17 -28 -4
17 -28 -12
17 -28 -21
17 -28 -22
17 -28 -26
17 -29 0
18 0 -3
18 0 -7
18 -1 -3
18 -1 -10
18 -1 -13
18 -1 -16
18 -1 -22
18 -2 -12
18 -2 -16
18 -2 -25
18 -3 -21
18 -3 -25
18 -4 -1
18 -4 -6
18 -4 -23
18 -5 -11
18 -5 -16
18 -5 -18
18 -5 -20
18 -5 -27
18 -6 -1
18 -6 -6
18 -6 -8
18 -6 -18
18 -6 -27
18 -7 -26
18 -8 -15
18 -8 -18
18 -9 -22
18 -10 -1
18 -10 -5
18 -10 -16
18 -10 -21
18 -11 -5
18 -11 -15
18 -11 -23
18 -12 -2
18 -12 -3
18 -12 -10
18 -12 -14
18 -13 -1
18 -13 -9
18 -14 -4
18 -14 -19
18 -14 -20
18 -14 -25
18 -15 0
18 -15 -26
18 -16 -16
18 -16 -27
18 -17 -1
18 -17 -16
18 -17 -27
18 -18 -6
18 -18 -18
18 -18 -23
18 -18 -29
18 -20 -2
18 -20 -28
18 -21 -23
18 -22 -2
18 -22 -7
18 -22 -16
18 -22 -22
18 -23 0
18 -23 -14
18 -23 -16
18 -23 -17
18 -24 -13
18 -24 -18
18 -24 -21
18 -24 -23
18 -25 -1
18 -25 -8
18 -25 -26
18 -26 -14
18 -26 -26
18 -27 -13
18 -27 -20
18 -27 -28
18 -28 -1
18 -28 -4
18 -28 -12
18 -28 -21
18 -28 -22
18 -28 -26
18 -29 0
19 0 -3
19 0 -7
19 -1 -3
19 -1 -10
19 -1 -13
19 -1 -16
19 -1 -22
19 -2 -12
19 -2 -16
19 -2 -25
19 -3 -21
19 -3 -25
19 -4 -1
19 -4 -6
19 -4 -23
19 -5 -11
19 -5 -16
19 -5 -18
19 -5 -20
19 -5 -27
19 -6 -1
19 -6 -6
19 -6 -8
19 -6 -18
19 -6 -27
19 -7 -26
19 -8 -15
19 -8 -18
19 -9 -22
19 -10 -1
19 -10 -5
19 -10 -16
19 -10 -21
19 -11 -5
19 -11 -15
19 -11 -23
19 -12 -2
19 -12 -3
19 -12 -10
19 -12 -14
19 -13 -1
19 -13 -9
19 -14 -4
19 -14 -19
19 -14 -20
19 -14 -25
19 -15 0
19 -15 -26
19 -16 -16
19 -16 -27
19 -17 -1
19 -17 -16
19 -17 -27
19 -18 -6
19 -18 -18
19 -18 -23
19 -18 -29
19 -20 -2
19 -20 -28
19 -21 -23
19 -22 -2
19 -22 -7
19 -22 -16
19 -22 -22
19 -23 0
19 -23 -14
19 -23 -16
19 -23 -17
19 -24 -13
19 -24 -18
19 -24 -21
19 -24 -23
19 -25 -1
19 -25 -8
19 -25 -26
19 -26 -14
19 -26 -26
19 -27 -13
19 -27 -20
19 -27 -28
19 -28 -1
19 -28 -4
19 -28 -12
19 -28 -21
19 -28 -22
19 -28 -26
19 -29 0
20 0 -3
20 0 -7
20 -1 -3
20 -1 -10
20 -1 -13
20 -1 -16
20 -1 -22
20 -2 -12
20 -2 -16
20 -2 -25
20 -3 -21
20 -3 -25
20 -4 -1
20 -4 -6
20 -4 -23
20 -5 -11
20 -5 -16
20 -5 -18
20 -5 -20
20 -5 -27
20 -6 -1
20 -6 -6
20 -6 -8
20 -6 -18
20 -6 -27
20 -7 -26
20 -8 -15
20 -8 -18
20 -9 -22
20 -10 -1
20 -10 -5
20 -10 -16
20 -10 -21
20 -11 -5
20 -11 -15
20 -11 -23
20 -12 -2
20 -12 -3
20 -12 -10
20 -12 -14
20 -13 -1
20 -13 -9
20 -14 -4
20 -14 -19
20 -14 -20
20 -14 -25
20 -15 0
20 -15 -26
20 -16 -16
20 -16 -27
20 -17 -1
20 -17 -16
20 -17 -27
20 -18 -6
20 -18 -18
20 -18 -23
20 -18 -29
20 -20 -2
20 -20 -28
20 -21 -23
20 -22 -2
20 -22 -7
20 -22 -16
20 -22 -22
20 -23 0
20 -23 -14
20 -23 -16
20 -23 -17
20 -24 -13
20 -24 -18
20 -24 -21
20 -24 -23
20 -25 -1
20 -25 -8
20 -25 -26
20 -26 -14
20 -26 -26
20 -27 -13
20 -27 -20
20 -27 -28
20 -28 -1
20 -28 -4
20 -28 -12
20 -28 -21
20 -28 -22
20 -28 -26
20 -29 0
21 0 -3
21 0 -7
21 -1 -3
21 -1 -10
21 -1 -13
21 -1 -16
21 -1 -22
21 -2 -12
21 -2 -16
21 -2 -25
21 -3 -21
21 -3 -25
21 -4 -1
21 -4 -6
21 -4 -23
21 -5 -11
21 -5 -16
21 -5 -18
21 -5 -20
21 -5 -27
21 -6 -1
21 -6 -6
21 -6 -8
21 -6 -18
21 -6 -27
21 -7 -26
21 -8 -15
21 -8 -18
21 -9 -22
21 -10 -1
21 -10 -5
21 -10 -16
21 -10 -21
21 -11 -5
21 -11 -15
21 -11 -23
21 -12 -2
21 -12 -3
21 -12 -10
21 -12 -14
21 -13 -1
21 -13 -9
21 -14 -4
21 -14 -19
21 -14 -20
21 -14 -25
21 -15 0
21 -15 -26
21 -16 -16
21 -16 -27
21 -17 -1
21 -17 -16
21 -17 -27
21 -18 -6
21 -18 -18
21 -18 -23
21 -18 -29
21 -20 -2
21 -20 -28
21 -21 -23
21 -22 -2
21 -22 -7
21 -22 -16
21 -22 -22
21 -23 0
21 -23 -14
21 -23 -16
21 -23 -17
21 -24 -13
21 -24 -18
21 -24 -21
21 -24 -23
21 -25 -1
21 -25 -8
21 -25 -26
21 -26 -14
21 -26 -26
21 -27 -13
21 -27 -20
21 -27 -28
21 -28 -1
21 -28 -4
21 -28 -12
21 -28 -21
21 -28 -22
21 -28 -26
21 -29 0
22 0 -3
22 0 -7
22 -1 -3
22 -1 -10
22 -1 -13
22 -1 -16
22 -1 -22
22 -2 -12
22 -2 -16
22 -2 -25
22 -3 -21
22 -3 -25
22 -4 -1
22 -4 -6
22 -4 -23
22 -5 -11
22 -5 -16
22 -5 -18
22 -5 -20
22 -5 -27
22 -6 -1
22 -6 -6
22 -6 -8
22 -6 -18
22 -6 -27
22 -7 -26
22 -8 -15
22 -8 -18
22 -9 -22
22 -10 -1
22 -10 -5
22 -10 -16
22 -10 -21
22 -11 -5
22 -11 -15
22 -11 -23
22 -12 -2
22 -12 -3
22 -12 -10
22 -12 -14
22 -13 -1
22 -13 -9
22 -14 -4
22 -14 -19
22 -14 -20
22 -14 -25
22 -15 0
22 -15 -26
22 -16 -16
22 -16 -27
22 -17 -1
22 -17 -16
22 -17 -27
22 -18 -6
22 -18 -18
22 -18 -23
22 -18 -29
22 -20 -2
22 -20 -28
22 -21 -23
22 -22 -2
22 -22 -7
22 -22 -16
22 -22 -22
22 -23 0
22 -23 -14
22 -23 -16
22 -23 -17
22 -24 -13
22 -24 -18
22 -24 -21
22 -24 -23
22 -25 -1
22 -25 -8
22 -25 -26
22 -26 -14
22 -26 -26
22 -27 -13
22 -27 -20
22 -27 -28
22 -28 -1
22 -28 -4
22 -28 -12
22 -28 -21
22 -28 -22
22 -28 -26
22 -29 0
23 0 -3
23 0 -7
23 -1 -3
23 -1 -10
23 -1 -13
23 -1 -16
23 -1 -22
23 -2 -12
23 -2 -16
23 -2 -25
23 -3 -21
23 -3 -25
23 -4 -1
23 -4 -6
23 -4 -23
23 -5 -11
23 -5 -16
23 -5 -18
23 -5 -20
23 -5 -27
23 -6 -1
23 -6 -6
23 -6 -8
23 -6 -18
23 -6 -27
23 -7 -26
23 -8 -15
23 -8 -18
23 -9 -22
23 -10 -1
23 -10 -5
23 -10 -16
23 -10 -21
23 -11 -5
23 -11 -15
23 -11 -23
23 -12 -2
23 -12 -3
23 -12 -10
23 -12 -14
23 -13 -1
23 -13 -9
23 -14 -4
23 -14 -19
23 -14 -20
23 -14 -25
23 -15 0
23 -15 -26
23 -16 -16
23 -16 -27
23 -17 -1
23 -17 -16
23 -17 -27
23 -18 -6
23 -18 -18
23 -18 -23
23 -18 -29
23 -20 -2
23 -20 -28
23 -21 -23
23 -22 -2
23 -22 -7
23 -22 -16
23 -22 -22
23 -23 0
23 -23 -14
23 -23 -16
23 -23 -17
23 -24 -13
23 -24 -18
23 -24 -21
23 -24 -23
23 -25 -1
23 -25 -8
23 -25 -26
23 -26 -14
23 -26 -26
23 -27 -13
23 -27 -20
23 -27 -28
23 -28 -1
23 -28 -4
23 -28 -12
23 -28 -21
23 -28 -22
23 -28 -26
23 -29 0
24 0 -3
24 0 -7
24 -1 -3
24 -1 -10
24 -1 -13
24 -1 -16
24 -1 -22
24 -2 -12
24 -2 -16
24 -2 -25
24 -3 -21
24 -3 -25
24 -4 -1
24 -4 -6
24 -4 -23
24 -5 -11
24 -5 -16
24 -5 -18
24 -5 -20
24 -5 -27
24 -6 -1
24 -6 -6
24 -6 -8
24 -6 -18
24 -6 -27
24 -7 -26
24 -8 -15
24 -8 -18
24 -9 -22
24 -10 -1
24 -10 -5
24 -10 -16
24 -10 -21
24 -11 -5
24 -11 -15
24 -11 -23
24 -12 -2
24 -12 -3
24 -12 -10
24 -12 -14
24 -13 -1
24 -13 -9
24 -14 -4
24 -14 -19
24 -14 -20
24 -14 -25
24 -15 0
24 -15 -26
24 -16 -16
24 -16 -27
24 -17 -1
24 -17 -16
24 -17 -27
24 -18 -6
24 -18 -18
24 -18 -23
24 -18 -29
24 -20 -2
24 -20 -28
24 -21 -23
24 -22 -2
24 -22 -7
24 -22 -16
24 -22 -22
24 -23 0
24 -23 -14
24 -23 -16
24 -23 -17
24 -24 -13
24 -24 -18
24 -24 -21
24 -24 -23
24 -25 -1
24 -25 -8
24 -25 -26
24 -26 -14
24 -26 -26
24 -27 -13
24 -27 -20
24 -27 -28
24 -28 -1
24 -28 -4
24 -28 -12
24 -28 -21
24 -28 -22
24 -28 -26
24 -29 0
25 0 -3
25 0 -7
25 -1 -3
25 -1 -10
25 -1 -13
25 -1 -16
25 -1 -22
25 -2 -12
25 -2 -16
25 -2 -25
25 -3 -21
25 -3 -25
25 -4 -1
25 -4 -6
25 -4 -23
25 -5 -11
25 -5 -16
25 -5 -18
25 -5 -20
25 -5 -27
25 -6 -1
25 -6 -6
25 -6 -8
25 -6 -18
25 -6 -27
25 -7 -26
25 -8 -15
25 -8 -18
25 -9 -22
25 -10 -1
25 -10 -5
25 -10 -16
25 -10 -21
25 -11 -5
25 -11 -15
25 -11 -23
25 -12 -2
25 -12 -3
25 -12 -10
25 -12 -14
25 -13 -1
25 -13 -9
25 -14 -4
25 -14 -19
25 -14 -20
25 -14 -25
25 -15 0
25 -15 -26
25 -16 -16
25 -16 -27
25 -17 -1
25 -17 -16
25 -17 -27
25 -18 -6
25 -18 -18
25 -18 -23
25 -18 -29
25 -20 -2
25 -20 -28
25 -21 -23
25 -22 -2
25 -22 -7
25 -22 -16
25 -22 -22
25 -23 0
25 -23 -14
25 -23 -16
25 -23 -17
25 -24 -13
25 -24 -18
25 -24 -21
25 -24 -23
25 -25 -1
25 -25 -8
25 -25 -26
25 -26 -14
25 -26 -26
25 -27 -13
25 -27 -20
25 -27 -28
25 -28 -1
25 -28 -4
25 -28 -12
25 -28 -21
25 -28 -22
25 -28 -26
25 -29 0
26 0 -3
26 0 -7
26 -1 -3
26 -1 -10
26 -1 -13
26 -1 -16
26 -1 -22
26 -2 -12
26 -2 -16
26 -2 -25
26 -3 -21
26 -3 -25
26 -4 -1
26 -4 -6
26 -4 -23
26 -5 -11
26 -5 -16
26 -5 -18
26 -5 -20
26 -5 -27
26 -6 -1
26 -6 -6
26 -6 -8
26 -6 -18
26 -6 -27
26 -7 -26
26 -8 -15
26 -8 -18
26 -9 -22
26 -10 -1
26 -10 -5
26 -10 -16
26 -10 -21
26 -11 -5
26 -11 -15
26 -11 -23
26 -12 -2
26 -12 -3
26 -12 -10
26 -12 -14
26 -13 -1
26 -13 -9
26 -14 -4
26 -14 -19
26 -14 -20
26 -14 -25
26 -15 0
26 -15 -26
26 -16 -16
26 -16 -27
26 -17 -1
26 -17 -16
26 -17 -27
26 -18 -6
26 -18 -18
26 -18 -23
26 -18 -29
26 -20 -2
26 -20 -28
26 -21 -23
26 -22 -2
26 -22 -7
26 -22 -16
26 -22 -22
26 -23 0
26 -23 -14
26 -23 -16
26 -23 -17
26 -24 -13
26 -24 -18
26 -24 -21
26 -24 -23
26 -25 -1
26 -25 -8
26 -25 -26
26 -26 -14
26 -26 -26
26 -27 -13
26 -27 -20
26 -27 -28
26 -28 -1
26 -28 -4
26 -28 -12
26 -28 -21
26 -28 -22
26 -28 -26
26 -29 0
27 0 -3
27 0 -7
27 -1 -3
27 -1 -10
27 -1 -13
27 -1 -16
27 -1 -22
27 -2 -12
27 -2 -16
27 -2 -25
27 -3 -21
27 -3 -25
27 -4 -1
27 -4 -6
27 -4 -23
27 -5 -11
27 -5 -16
27 -5 -18
27 -5 -20
27 -5 -27
27 -6 -1
27 -6 -6
27 -6 -8
27 -6 -18
27 -6 -27
27 -7 -26
27 -8 -15
27 -8 -18
27 -9 -22
27 -10 -1
27 -10 -5
27 -10 -16
27 -10 -21
27 -11 -5
27 -11 -15
27 -11 -23
27 -12 -2
27 -12 -3
27 -12 -10
27 -12 -14
27 -13 -1
27 -13 -9
27 -14 -4
27 -14 -19
27 -14 -20
27 -14 -25
27 -15 0
27 -15 -26
27 -16 -16
27 -16 -27
27 -17 -1
27 -17 -16
27 -17 -27
27 -18 -6
27 -18 -18
27 -18 -23
27 -18 -29
27 -20 -2
27 -20 -28
27 -21 -23
27 -22 -2
27 -22 -7
27 -22 -16
27 -22 -22
27 -23 0
27 -23 -14
27 -23 -16
27 -23 -17
27 -24 -13
27 -24 -18
27 -24 -21
27 -24 -23
27 -25 -1
27 -25 -8
27 -25 -26
27 -26 -14
27 -26 -26
27 -27 -13
27 -27 -20
27 -27 -28
27 -28 -1
27 -28 -4
27 -28 -12
27 -28 -21
27 -28 -22
27 -28 -26
27 -29 0
28 0 -3
28 0 -7
28 -1 -3
28 -1 -10
28 -1 -13
28 -1 -16
28 -1 -22
28 -2 -12
28 -2 -16
28 -2 -25
28 -3 -21
28 -3 -25
28 -4 -1
28 -4 -6
28 -4 -23
28 -5 -11
28 -5 -16
28 -5 -18
28 -5 -20
28 -5 -27
28 -6 -1
28 -6 -6
28 -6 -8
28 -6 -18
28 -6 -27
28 -7 -26
28 -8 -15
28 -8 -18
28 -9 -22
28 -10 -1
28 -10 -5
28 -10 -16
28 -10 -21
28 -11 -5
28 -11 -15
28 -11 -23
28 -12 -2
28 -12 -3
28 -12 -10
28 -12 -14
28 -13 -1
28 -13 -9
28 -14 -4
28 -14 -19
28 -14 -20
28 -14 -25
28 -15 0
28 -15 -26
28 -16 -16
28 -16 -27
28 -17 -1
28 -17 -16
28 -17 -27
28 -18 -6
28 -18 -18
28 -18 -23
28 -18 -29
28 -20 -2
28 -20 -28
28 -21 -23
28 -22 -2
28 -22 -7
28 -22 -16
28 -22 -22
28 -23 0
28 -23 -14
28 -23 -16
28 -23 -17
28 -24 -13
28 -24 -18
28 -24 -21
28 -24 -23
28 -25 -1
28 -25 -8
28 -25 -26
28 -26 -14
28 -26 -26
28 -27 -13
28 -27 -20
28 -27 -28
28 -28 -1
28 -28 -4
28 -28 -12
28 -28 -21
28 -28 -22
28 -28 -26
28 -29 0
29 0 -3
29 0 -7
29 -1 -3
29 -1 -10
29 -1 -13
29 -1 -16
29 -1 -22
29 -2 -12
29 -2 -16
29 -2 -25
29 -3 -21
29 -3 -25
29 -4 -1
29 -4 -6
29 -4 -23
29 -5 -11
29 -5 -16
29 -5 -18
29 -5 -20
29 -5 -27
29 -6 -1
29 -6 -6
29 -6 -8
29 -6 -18
29 -6 -27
29 -7 -26
29 -8 -15
29 -8 -18
29 -9 -22
29 -10 -1
29 -10 -5
29 -10 -16
29 -10 -21
29 -11 -5
29 -11 -15
29 -11 -23
29 -12 -2
29 -12 -3
29 -12 -10
29 -12 -14
29 -13 -1
29 -13 -9
29 -14 -4
29 -14 -19
29 -14 -20
29 -14 -25
29 -15 0
29 -15 -26
29 -16 -16
29 -16 -27
29 -17 -1
29 -17 -16
29 -17 -27
29 -18 -6
29 -18 -18
29 -18 -23
29 -18 -29
29 -20 -2
29 -20 -28
29 -21 -23
29 -22 -2
29 -22 -7
29 -22 -16
29 -22 -22
29 -23 0
29 -23 -14
29 -23 -16
29 -23 -17
29 -24 -13
29 -24 -18
29 -24 -21
29 -24 -23
29 -25 -1
29 -25 -8
29 -25 -26
29 -26 -14
29 -26 -26
29 -27 -13
29 -27 -20
29 -27 -28
29 -28 -1
29 -28 -4
29 -28 -12
29 -28 -21
29 -28 -22
29 -28 -26
29 -29 0
30 0 -3
30 0 -7
30 -1 -3
30 -1 -10
30 -1 -13
30 -1 -16
30 -1 -22
30 -2 -12
30 -2 -16
30 -2 -25
30 -3 -21
30 -3 -25
30 -4 -1
30 -4 -6
30 -4 -23
30 -5 -11
30 -5 -16
30 -5 -18
30 -5 -20
30 -5 -27
30 -6 -1
30 -6 -6
30 -6 -8
30 -6 -18
30 -6 -27
30 -7 -26
30 -8 -15
30 -8 -18
30 -9 -22
30 -10 -1
30 -10 -5
30 -10 -16
30 -10 -21
30 -11 -5
30 -11 -15
30 -11 -23
30 -12 -2
30 -12 -3
30 -12 -10
30 -12 -14
30 -13 -1
30 -13 -9
30 -14 -4
30 -14 -19
30 -14 -20
30 -14 -25
30 -15 0
30 -15 -26
30 -16 -16
30 -16 -27
30 -17 -1
30 -17 -16
30 -17 -27
30 -18 -6
30 -18 -18
30 -18 -23
30 -18 -29
30 -20 -2
30 -20 -28
30 -21 -23
30 -22 -2
30 -22 -7
30 -22 -16
30 -22 -22
30 -23 0
30 -23 -14
30 -23 -16
30 -23 -17
30 -24 -13
30 -24 -18
30 -24 -21
30 -24 -23
30 -25 -1
30 -25 -8
30 -25 -26
30 -26 -14
30 -26 -26
30 -27 -13
30 -27 -20
30 -27 -28
30 -28 -1
30 -28 -4
30 -28 -12
30 -28 -21
30 -28 -22
30 -28 -26
30 -29 0
31 0 -3
31 0 -7
31 -1 -3
31 -1 -10
31 -1 -13
31 -1 -16
31 -1 -22
31 -2 -12
31 -2 -16
31 -2 -25
31 -3 -21
31 -3 -25
31 -4 -1
31 -4 -6
31 -4 -23
31 -5 -11
31 -5 -16
31 -5 -18
31 -5 -20
31 -5 -27
31 -6 -1
31 -6 -6
31 -6 -8
31 -6 -18
31 -6 -27
31 -7 -26
31 -8 -15
31 -8 -18
31 -9 -22
31 -10 -1
31 -10 -5
31 -10 -16
31 -10 -21
31 -11 -5
31 -11 -15
31 -11 -23
31 -12 -2
31 -12 -3
31 -12 -10
31 -12 -14
31 -13 -1
31 -13 -9
31 -14 -4
31 -14 -19
31 -14 -20
31 -14 -25
31 -15 0
31 -15 -26
31 -16 -16
31 -16 -27
31 -17 -1
31 -17 -16
31 -17 -27
31 -18 -6
31 -18 -18
31 -18 -23
31 -18 -29
31 -20 -2
31 -20 -28
31 -21 -23
31 -22 -2
31 -22 -7
31 -22 -16
31 -22 -22
31 -23 0
31 -23 -14
31 -23 -16
31 -23 -17
31 -24 -13
31 -24 -18
31 -24 -21
31 -24 -23
31 -25 -1
31 -25 -8
31 -25 -26
31 -26 -14
31 -26 -26
31 -27 -13
31 -27 -20
31 -27 -28
31 -28 -1
31 -28 -4
31 -28 -12
31 -28 -21
31 -28 -22
31 -28 -26
31 -29 0
32 0 -3
32 0 -7
32 -1 -3
32 -1 -10
32 -1 -13
32 -1 -16
32 -1 -22
32 -2 -12
32 -2 -16
32 -2 -25
32 -3 -21
32 -3 -25
32 -4 -1
32 -4 -6
32 -4 -23
32 -5 -11
32 -5 -16
32 -5 -18
32 -5 -20
32 -5 -27
32 -6 -1
32 -6 -6
32 -6 -8
32 -6 -18
32 -6 -27
32 -7 -26
32 -8 -15
32 -8 -18
32 -9 -22
32 -10 -1
32 -10 -5
32 -10 -16
32 -10 -21
32 -11 -5
32 -11 -15
32 -11 -23
32 -12 -2
32 -12 -3
32 -12 -10
32 -12 -14
32 -13 -1
32 -13 -9
32 -14 -4
32 -14 -19
32 -14 -20
32 -14 -25
32 -15 0
32 -15 -26
32 -16 -16
32 -16 -27
32 -17 -1
32 -17 -16
32 -17 -27
32 -18 -6
32 -18 -18
32 -18 -23
32 -18 -29
32 -20 -2
32 -20 -28
32 -21 -23
32 -22 -2
32 -22 -7
32 -22 -16
32 -22 -22
32 -23 0
32 -23 -14
32 -23 -16
32 -23 -17
32 -24 -13
32 -24 -18
32 -24 -21
32 -24 -23
32 -25 -1
32 -25 -8
32 -25 -26
32 -26 -14
32 -26 -26
32 -27 -13
32 -27 -20
32 -27 -28
32 -28 -1
32 -28 -4
32 -28 -12
32 -28 -21
32 -28 -22
32 -28 -26
32 -29 0
33 0 -3
33 0 -7
33 -1 -3
33 -1 -10
33 -1 -13
33 -1 -16
33 -1 -22
33 -2 -12
33 -2 -16
33 -2 -25
33 -3 -21
33 -3 -25
33 -4 -1
33 -4 -6
33 -4 -23
33 -5 -11
33 -5 -16
33 -5 -18
33 -5 -20
33 -5 -27
33 -6 -1
33 -6 -6
33 -6 -8
33 -6 -18
33 -6 -27
33 -7 -26
33 -8 -15
33 -8 -18
33 -9 -22
33 -10 -1
33 -10 -5
33 -10 -16
33 -10 -21
33 -11 -5
33 -11 -15
33 -11 -23
33 -12 -2
33 -12 -3
33 -12 -10
33 -12 -14
33 -13 -1
33 -13 -9
33 -14 -4
33 -14 -19
33 -14 -20
33 -14 -25
33 -15 0
33 -15 -26
33 -16 -16
33 -16 -27
33 -17 -1
33 -17 -16
33 -17 -27
33 -18 -6
33 -18 -18
33 -18 -23
33 -18 -29
33 -20 -2
33 -20 -28
33 -21 -23
33 -22 -2
33 -22 -7
33 -22 -16
33 -22 -22
33 -23 0
33 -23 -14
33 -23 -16
33 -23 -17
33 -24 -13
33 -24 -18
33 -24 -21
33 -24 -23
33 -25 -1
33 -25 -8
33 -25 -26
33 -26 -14
33 -26 -26
33 -27 -13
33 -27 -20
33 -27 -28
33 -28 -1
33 -28 -4
33 -28 -12
33 -28 -21
33 -28 -22
33 -28 -26
33 -29 0
34 0 -3
34 0 -7
34 -1 -3
34 -1 -10
34 -1 -13
34 -1 -16
34 -1 -22
34 -2 -12
34 -2 -16
34 -2 -25
34 -3 -21
34 -3 -25
34 -4 -1
34 -4 -6
34 -4 -23
34 -5 -11
34 -5 -16
34 -5 -18
34 -5 -20
34 -5 -27
34 -6 -1
34 -6 -6
34 -6 -8
34 -6 -18
34 -6 -27
34 -7 -26
34 -8 -15
34 -8 -18
34 -9 -22
34 -10 -1
34 -10 -5
34 -10 -16
34 -10 -21
34 -11 -5
34 -11 -15
34 -11 -23
34 -12 -2
34 -12 -3
34 -12 -10
34 -12 -14
34 -13 -1
34 -13 -9
34 -14 -4
34 -14 -19
34 -14 -20
34 -14 -25
34 -15 0
34 -15 -26
34 -16 -16
34 -16 -27
34 -17 -1
34 -17 -16
34 -17 -27
34 -18 -6
34 -18 -18
34 -18 -23
34 -18 -29
34 -20 -2
34 -20 -28
34 -21 -23
34 -22 -2
34 -22 -7
34 -22 -16
34 -22 -22
34 -23 0
34 -23 -14
34 -23 -16
34 -23 -17
34 -24 -13
34 -24 -18
34 -24 -21
34 -24 -23
34 -25 -1
34 -25 -8
34 -25 -26
34 -26 -14
34 -26 -26
34 -27 -13
34 -27 -20
34 -27 -28
34 -28 -1
34 -28 -4
34 -28 -12
34 -28 -21
34 -28 -22
34 -28 -26
34 -29 0
35 0 -3
35 0 -7
35 -1 -3
35 -1 -10
35 -1 -13
35 -1 -16
35 -1 -22
35 -2 -12
35 -2 -16
35 -2 -25
35 -3 -21
35 -3 -25
35 -4 -1
35 -4 -6
35 -4 -23
35 -5 -11
35 -5 -16
35 -5 -18
35 -5 -20
35 -5 -27
35 -6 -1
35 -6 -6
35 -6 -8
35 -6 -18
35 -6 -27
35 -7 -26
35 -8 -15
35 -8 -18
35 -9 -22
35 -10 -1
35 -10 -5
35 -10 -16
35 -10 -21
35 -11 -5
35 -11 -15
35 -11 -23
35 -12 -2
35 -12 -3
35 -12 -10
35 -12 -14
35 -13 -1
35 -13 -9
35 -14 -4
35 -14 -19
35 -14 -20
35 -14 -25
35 -15 0
35 -15 -26
35 -16 -16
35 -16 -27
35 -17 -1
35 -17 -16
35 -17 -27
35 -18 -6
35 -18 -18
35 -18 -23
35 -18 -29
35 -20 -2
35 -20 -28
35 -21 -23
35 -22 -2
35 -22 -7
35 -22 -16
35 -22 -22
35 -23 0
35 -23 -14
35 -23 -16
35 -23 -17
35 -24 -13
35 -24 -18
35 -24 -21
35 -24 -23
35 -25 -1
35 -25 -8
35 -25 -26
35 -26 -14
35 -26 -26
35 -27 -13
35 -27 -20
35 -27 -28
35 -28 -1
35 -28 -4
35 -28 -12
35 -28 -21
35 -28 -22
35 -28 -26
35 -29 0
36 0 -3
36 0 -7
36 -1 -3
36 -1 -10
36 -1 -13
36 -1 -16
36 -1 -22
36 -2 -12
36 -2 -16
36 -2 -25
36 -3 -21
36 -3 -25
36 -4 -1
36 -4 -6
36 -4 -23
36 -5 -11
36 -5 -16
36 -5 -18
36 -5 -20
36 -5 -27
36 -6 -1
36 -6 -6
36 -6 -8
36 -6 -18
36 -6 -27
36 -7 -26
36 -8 -15
36 -8 -18
36 -9 -22
36 -10 -1
36 -10 -5
36 -10 -16
36 -10 -21
36 -11 -5
36 -11 -15
36 -11 -23
36 -12 -2
36 -12 -3
36 -12 -10
36 -12 -14
36 -13 -1
36 -13 -9
36 -14 -4
36 -14 -19
36 -14 -20
36 -14 -25
36 -15 0
36 -15 -26
36 -16 -16
36 -16 -27
36 -17 -1
36 -17 -16
36 -17 -27
36 -18 -6
36 -18 -18
36 -18 -23
36 -18 -29
36 -20 -2
36 -20 -28
36 -21 -23
36 -22 -2
36 -22 -7
36 -22 -16
36 -22 -22
36 -23 0
36 -23 -14
36 -23 -16
36 -23 -17
36 -24 -13
36 -24 -18
36 -24 -21
36 -24 -23
36 -25 -1
36 -25 -8
36 -25 -26
36 -26 -14
36 -26 -26
36 -27 -13
36 -27 -20
36 -27 -28
36 -28 -1
36 -28 -4
36 -28 -12
36 -28 -21
36 -28 -22
36 -28 -26
36 -29 0
37 0 -3
37 0 -7
37 -1 -3
37 -1 -10
37 -1 -13
37 -1 -16
37 -1 -22
37 -2 -12
37 -2 -16
37 -2 -25
37 -3 -21
37 -3 -25
37 -4 -1
37 -4 -6
37 -4 -23
37 -5 -11
37 -5 -16
37 -5 -18
37 -5 -20
37 -5 -27
37 -6 -1
37 -6 -6
37 -6 -8
37 -6 -18
37 -6 -27
37 -7 -26
37 -8 -15
37 -8 -18
37 -9 -22
37 -10 -1
37 -10 -5
37 -10 -16
37 -10 -21
37 -11 -5
37 -11 -15
37 -11 -23
37 -12 -2
37 -12 -3
37 -12 -10
37 -12 -14
37 -13 -1
37 -13 -9
37 -14 -4
37 -14 -19
37 -14 -20
37 -14 -25
37 -15 0
37 -15 -26
37 -16 -16
37 -16 -27
37 -17 -1
37 -17 -16
37 -17 -27
37 -18 -6
37 -18 -18
37 -18 -23
37 -18 -29
37 -20 -2
37 -20 -28
37 -21 -23
37 -22 -2
37 -22 -7
37 -22 -16
37 -22 -22
37 -23 0
37 -23 -14
37 -23 -16
37 -23 -17
37 -24 -13
37 -24 -18
37 -24 -21
37 -24 -23
37 -25 -1
37 -25 -8
37 -25 -26
37 -26 -14
37 -26 -26
37 -27 -13
37 -27 -20
37 -27 -28
37 -28 -1
37 -28 -4
37 -28 -12
37 -28 -21
37 -28 -22
37 -28 -26
37 -29 0
38 0 -3
38 0 -7
38 -1 -3
38 -1 -10
38 -1 -13
38 -1 -16
38 -1 -22
38 -2 -12
38 -2 -16
38 -2 -25
38 -3 -21
38 -3 -25
38 -4 -1
38 -4 -6
38 -4 -23
38 -5 -11
38 -5 -16
38 -5 -18
38 -5 -20
38 -5 -27
38 -6 -1
38 -6 -6
38 -6 -8
38 -6 -18
38 -6 -27
38 -7 -26
38 -8 -15
38 -8 -18
38 -9 -22
38 -10 -1
38 -10 -5
38 -10 -16
38 -10 -21
38 -11 -5
38 -11 -15
38 -11 -23
38 -12 -2
38 -12 -3
38 -12 -10
38 -12 -14
38 -13 -1
38 -13 -9
38 -14 -4
38 -14 -19
38 -14 -20
38 -14 -25
38 -15 0
38 -15 -26
38 -16 -16
38 -16 -27
38 -17 -1
38 -17 -16
38 -17 -27
38 -18 -6
38 -18 -18
38 -18 -23
38 -18 -29
38 -20 -2
38 -20 -28
38 -21 -23
38 -22 -2
38 -22 -7
38 -22 -16
38 -22 -22
38 -23 0
38 -23 -14
38 -23 -16
38 -23 -17
38 -24 -13
38 -24 -18
38 -24 -21
38 -24 -23
38 -25 -1
38 -25 -8
38 -25 -26
38 -26 -14
38 -26 -26
38 -27 -13
38 -27 -20
38 -27 -28
38 -28 -1
38 -28 -4
38 -28 -12
38 -28 -21
38 -28 -22
38 -28 -26
38 -29 0
39 0 -3
39 0 -7
39 -1 -3
39 -1 -10
39 -1 -13
39 -1 -16
39 -1 -22
39 -2 -12
39 -2 -16
39 -2 -25
39 -3 -21
39 -3 -25
39 -4 -1
39 -4 -6
39 -4 -23
39 -5 -11
39 -5 -16
39 -5 -18
39 -5 -20
39 -5 -27
39 -6 -1
39 -6 -6
39 -6 -8
39 -6 -18
39 -6 -27
39 -7 -26
39 -8 -15
39 -8 -18
39 -9 -22
39 -10 -1
39 -10 -5
39 -10 -16
39 -10 -21
39 -11 -5
39 -11 -15
39 -11 -23
39 -12 -2
39 -12 -3
39 -12 -10
39 -12 -14
39 -13 -1
39 -13 -9
39 -14 -4
39 -14 -19
39 -14 -20
39 -14 -25
39 -15 0
39 -15 -26
39 -16 -16
39 -16 -27
39 -17 -1
39 -17 -16
39 -17 -27
39 -18 -6
39 -18 -18
39 -18 -23
39 -18 -29
39 -20 -2
39 -20 -28
39 -21 -23
39 -22 -2
39 -22 -7
39 -22 -16
39 -22 -22
39 -23 0
39 -23 -14
39 -23 -16
39 -23 -17
39 -24 -13
39 -24 -18
39 -24 -21
39 -24 -23
39 -25 -1
39 -25 -8
39 -25 -26
39 -26 -14
39 -26 -26
39 -27 -13
39 -27 -20
39 -27 -28
39 -28 -1
39 -28 -4
39 -28 -12
39 -28 -21
39 -28 -22
39 -28 -26
39 -29 0
40 0 -3
40 0 -7
40 -1 -3
40 -1 -10
40 -1 -13
40 -1 -16
40 -1 -22
40 -2 -12
40 -2 -16
40 -2 -25
40 -3 -21
40 -3 -25
40 -4 -1
40 -4 -6
40 -4 -23
40 -5 -11
40 -5 -16
40 -5 -18
40 -5 -20
40 -5 -27
40 -6 -1
40 -6 -6
40 -6 -8
40 -6 -18
40 -6 -27
40 -7 -26
40 -8 -15
40 -8 -18
40 -9 -22
40 -10 -1
40 -10 -5
40 -10 -16
40 -10 -21
40 -11 -5
40 -11 -15
40 -11 -23
40 -12 -2
40 -12 -3
40 -12 -10
40 -12 -14
40 -13 -1
40 -13 -9
40 -14 -4
40 -14 -19
40 -14 -20
40 -14 -25
40 -15 0
40 -15 -26
40 -16 -16
40 -16 -27
40 -17 -1
40 -17 -16
40 -17 -27
40 -18 -6
40 -18 -18
40 -18 -23
40 -18 -29
40 -20 -2
40 -20 -28
40 -21 -23
40 -22 -2
40 -22 -7
40 -22 -16
40 -22 -22
40 -23 0
40 -23 -14
40 -23 -16
40 -23 -17
40 -24 -13
40 -24 -18
40 -24 -21
40 -24 -23
40 -25 -1
40 -25 -8
40 -25 -26
40 -26 -14
40 -26 -26
40 -27 -13
40 -27 -20
40 -27 -28
40 -28 -1
40 -28 -4
40 -28 -12
40 -28 -21
40 -28 -22
40 -28 -26
40 -29 0
41 0 -3
41 0 -7
41 -1 -3
41 -1 -10
41 -1 -13
41 -1 -16
41 -1 -22
41 -2 -12
41 -2 -16
41 -2 -25
41 -3 -21
41 -3 -25
41 -4 -1
41 -4 -6
41 -4 -23
41 -5 -11
41 -5 -16
41 -5 -18
41 -5 -20
41 -5 -27
41 -6 -1
41 -6 -6
41 -6 -8
41 -6 -18
41 -6 -27
41 -7 -26
41 -8 -15
41 -8 -18
41 -9 -22
41 -10 -1
41 -10 -5
41 -10 -16
41 -10 -21
41 -11 -5
41 -11 -15
41 -11 -23
41 -12 -2
41 -12 -3
41 -12 -10
41 -12 -14
41 -13 -1
41 -13 -9
41 -14 -4
41 -14 -19
41 -14 -20
41 -14 -25
41 -15 0
41 -15 -26
41 -16 -16
41 -16 -27
41 -17 -1
41 -17 -16
41 -17 -27
41 -18 -6
41 -18 -18
41 -18 -23
41 -18 -29
41 -20 -2
41 -20 -28
41 -21 -23
41 -22 -2
41 -22 -7
41 -22 -16
41 -22 -22
41 -23 0
41 -23 -14
41 -23 -16
41 -23 -17
41 -24 -13
41 -24 -18
41 -24 -21
41 -24 -23
41 -25 -1
41 -25 -8
41 -25 -26
41 -26 -14
41 -26 -26
41 -27 -13
41 -27 -20
41 -27 -28
41 -28 -1
41 -28 -4
41 -28 -12
41 -28 -21
41 -28 -22
41 -28 -26
41 -29 0
42 0 -3
42 0 -7
42 -1 -3
42 -1 -10
42 -1 -13
42 -1 -16
42 -1 -22
42 -2 -12
42 -2 -16
42 -2 -25
42 -3 -21
42 -3 -25
42 -4 -1
42 -4 -6
42 -4 -23
42 -5 -11
42 -5 -16
42 -5 -18
42 -5 -20
42 -5 -27
42 -6 -1
42 -6 -6
42 -6 -8
42 -6 -18
42 -6 -27
42 -7 -26
42 -8 -15
42 -8 -18
42 -9 -22
42 -10 -1
42 -10 -5
42 -10 -16
42 -10 -21
42 -11 -5
42 -11 -15
42 -11 -23
42 -12 -2
42 -12 -3
42 -12 -10
42 -12 -14
42 -13 -1
42 -13 -9
42 -14 -4
42 -14 -19
42 -14 -20
42 -14 -25
42 -15 0
42 -15 -26
42 -16 -16
42 -16 -27
42 -17 -1
42 -17 -16
42 -17 -27
42 -18 -6
42 -18 -18
42 -18 -23
42 -18 -29
42 -20 -2
42 -20 -28
42 -21 -23
42 -22 -2
42 -22 -7
42 -22 -16
42 -22 -22
42 -23 0
42 -23 -14
42 -23 -16
42 -23 -17
42 -24 -13
42 -24 -18
42 -24 -21
42 -24 -23
42 -25 -1
42 -25 -8
42 -25 -26
42 -26 -14
42 -26 -26
42 -27 -13
42 -27 -20
42 -27 -28
42 -28 -1
42 -28 -4
42 -28 -12
42 -28 -21
42 -28 -22
42 -28 -26
42 -29 0
43 0 -3
43 0 -7
43 -1 -3
43 -1 -10
43 -1 -13
43 -1 -16
43 -1 -22
43 -2 -12
43 -2 -16
43 -2 -25
43 -3 -21
43 -3 -25
43 -4 -1
43 -4 -6
43 -4 -23
43 -5 -11
43 -5 -16
43 -5 -18
43 -5 -20
43 -5 -27
43 -6 -1
43 -6 -6
43 -6 -8
43 -6 -18
43 -6 -27
43 -7 -26
43 -8 -15
43 -8 -18
43 -9 -22
43 -10 -1
43 -10 -5
43 -10 -16
43 -10 -21
43 -11 -5
43 -11 -15
43 -11 -23
43 -12 -2
43 -12 -3
43 -12 -10
43 -12 -14
43 -13 -1
43 -13 -9
43 -14 -4
43 -14 -19
43 -14 -20
43 -14 -25
43 -15 0
43 -15 -26
43 -16 -16
43 -16 -27
43 -17 -1
43 -17 -16
43 -17 -27
43 -18 -6
43 -18 -18
43 -18 -23
43 -18 -29
43 -20 -2
43 -20 -28
43 -21 -23
43 -22 -2
43 -22 -7
43 -22 -16
43 -22 -22
43 -23 0
43 -23 -14
43 -23 -16
43 -23 -17
43 -24 -13
43 -24 -18
43 -24 -21
43 -24 -23
43 -25 -1
43 -25 -8
43 -25 -26
43 -26 -14
43 -26 -26
43 -27 -13
43 -27 -20
43 -27 -28
43 -28 -1
43 -28 -4
43 -28 -12
43 -28 -21
43 -28 -22
43 -28 -26
43 -29 0
44 0 -3
44 0 -7
44 -1 -3
44 -1 -10
44 -1 -13
44 -1 -16
44 -1 -22
44 -2 -12
44 -2 -16
44 -2 -25
44 -3 -21
44 -3 -25
44 -4 -1
44 -4 -6
44 -4 -23
44 -5 -11
44 -5 -16
44 -5 -18
44 -5 -20
44 -5 -27
44 -6 -1
44 -6 -6
44 -6 -8
44 -6 -18
44 -6 -27
44 -7 -26
44 -8 -15
44 -8 -18
44 -9 -22
44 -10 -1
44 -10 -5
44 -10 -16
44 -10 -21
44 -11 -5
44 -11 -15
44 -11 -23
44 -12 -2
44 -12 -3
44 -12 -10
44 -12 -14
44 -13 -1
44 -13 -9
44 -14 -4
44 -14 -19
44 -14 -20
44 -14 -25
44 -15 0
44 -15 -26
44 -16 -16
44 -16 -27
44 -17 -1
44 -17 -16
44 -17 -27
44 -18 -6
44 -18 -18
44 -18 -23
44 -18 -29
44 -20 -2
44 -20 -28
44 -21 -23
44 -22 -2
44 -22 -7
44 -22 -16
44 -22 -22
44 -23 0
44 -23 -14
44 -23 -16
44 -23 -17
44 -24 -13
44 -24 -18
44 -24 -21
44 -24 -23
44 -25 -1
44 -25 -8
44 -25 -26
44 -26 -14
44 -26 -26
44 -27 -13
44 -27 -20
44 -27 -28
44 -28 -1
44 -28 -4
44 -28 -12
44 -28 -21
44 -28 -22
44 -28 -26
44 -29 0
45 0 -3
45 0 -7
45 -1 -3
45 -1 -10
45 -1 -13
45 -1 -16
45 -1 -22
45 -2 -12
45 -2 -16
45 -2 -25
45 -3 -21
45 -3 -25
45 -4 -1
45 -4 -6
45 -4 -23
45 -5 -11
45 -5 -16
45 -5 -18
45 -5 -20
45 -5 -27
45 -6 -1
45 -6 -6
45 -6 -8
45 -6 -18
45 -6 -27
45 -7 -26
45 -8 -15
45 -8 -18
45 -9 -22
45 -10 -1
45 -10 -5
45 -10 -16
45 -10 -21
45 -11 -5
45 -11 -15
45 -11 -23
45 -12 -2
45 -12 -3
45 -12 -10
45 -12 -14
45 -13 -1
45 -13 -9
45 -14 -4
45 -14 -19
45 -14 -20
45 -14 -25
45 -15 0
45 -15 -26
45 -16 -16
45 -16 -27
45 -17 -1
45 -17 -16
45 -17 -27
45 -18 -6
45 -18 -18
45 -18 -23
45 -18 -29
45 -20 -2
45 -20 -28
45 -21 -23
45 -22 -2
45 -22 -7
45 -22 -16
45 -22 -22
45 -23 0
45 -23 -14
45 -23 -16
45 -23 -17
45 -24 -13
45 -24 -18
45 -24 -21
45 -24 -23
45 -25 -1
45 -25 -8
45 -25 -26
45 -26 -14
45 -26 -26
45 -27 -13
45 -27 -20
45 -27 -28
45 -28 -1
45 -28 -4
45 -28 -12
45 -28 -21
45 -28 -22
45 -28 -26
45 -29 0
46 0 -3
46 0 -7
46 -1 -3
46 -1 -10
46 -1 -13
46 -1 -16
46 -1 -22
46 -2 -12
46 -2 -16
46 -2 -25
46 -3 -21
46 -3 -25
46 -4 -1
46 -4 -6
46 -4 -23
46 -5 -11
46 -5 -16
46 -5 -18
46 -5 -20
46 -5 -27
46 -6 -1
46 -6 -6
46 -6 -8
46 -6 -18
46 -6 -27
46 -7 -26
46 -8 -15
46 -8 -18
46 -9 -22
46 -10 -1
46 -10 -5
46 -10 -16
46 -10 -21
46 -11 -5
46 -11 -15
46 -11 -23
46 -12 -2
46 -12 -3
46 -12 -10
46 -12 -14
46 -13 -1
46 -13 -9
46 -14 -4
46 -14 -19
46 -14 -20
46 -14 -25
46 -15 0
46 -15 -26
46 -16 -16
46 -16 -27
46 -17 -1
46 -17 -16
46 -17 -27
46 -18 -6
46 -18 -18
46 -18 -23
46 -18 -29
46 -20 -2
46 -20 -28
46 -21 -23
46 -22 -2
46 -22 -7
46 -22 -16
46 -22 -22
46 -23 0
46 -23 -14
46 -23 -16
46 -23 -17
46 -24 -13
46 -24 -18
46 -24 -21
46 -24 -23
46 -25 -1
46 -25 -8
46 -25 -26
46 -26 -14
46 -26 -26
46 -27 -13
46 -27 -20
46 -27 -28
46 -28 -1
46 -28 -4
46 -28 -12
46 -28 -21
46 -28 -22
46 -28 -26
46 -29 0
47 0 -3
47 0 -7
47 -1 -3
47 -1 -10
47 -1 -13
47 -1 -16
47 -1 -22
47 -2 -12
47 -2 -16
47 -2 -25
47 -3 -21
47 -3 -25
47 -4 -1
47 -4 -6
47 -4 -23
47 -5 -11
47 -5 -16
47 -5 -18
47 -5 -20
47 -5 -27
47 -6 -1
47 -6 -6
47 -6 -8
47 -6 -18
47 -6 -27
47 -7 -26
47 -8 -15
47 -8 -18
47 -9 -22
47 -10 -1
47 -10 -5
47 -10 -16
47 -10 -21
47 -11 -5
47 -11 -15
47 -11 -23
47 -12 -2
47 -12 -3
47 -12 -10
47 -12 -14
47 -13 -1
47 -13 -9
47 -14 -4
47 -14 -19
47 -14 -20
47 -14 -25
47 -15 0
47 -15 -26
47 -16 -16
47 -16 -27
47 -17 -1
47 -17 -16
47 -17 -27
47 -18 -6
47 -18 -18
47 -18 -23
47 -18 -29
47 -20 -2
47 -20 -28
47 -21 -23
47 -22 -2
47 -22 -7
47 -22 -16
47 -22 -22
47 -23 0
47 -23 -14
47 -23 -16
47 -23 -17
47 -24 -13
47 -24 -18
47 -24 -21
47 -24 -23
47 -25 -1
47 -25 -8
47 -25 -26
47 -26 -14
47 -26 -26
47 -27 -13
47 -27 -20
47 -27 -28
47 -28 -1
47 -28 -4
47 -28 -12
47 -28 -21
47 -28 -22
47 -28 -26
47 -29 0
48 0 -3
48 0 -7
48 -1 -3
48 -1 -10
48 -1 -13
48 -1 -16
48 -1 -22
48 -2 -12
48 -2 -16
48 -2 -25
48 -3 -21
48 -3 -25
48 -4 -1
48 -4 -6
48 -4 -23
48 -5 -11
48 -5 -16
48 -5 -18
48 -5 -20
48 -5 -27
48 -6 -1
48 -6 -6
48 -6 -8
48 -6 -18
48 -6 -27
48 -7 -26
48 -8 -15
48 -8 -18
48 -9 -22
48 -10 -1
48 -10 -5
48 -10 -16
48 -10 -21
48 -11 -5
48 -11 -15
48 -11 -23
48 -12 -2
48 -12 -3
48 -12 -10
48 -12 -14
48 -13 -1
48 -13 -9
48 -14 -4
48 -14 -19
48 -14 -20
48 -14 -25
48 -15 0
48 -15 -26
48 -16 -16
48 -16 -27
48 -17 -1
48 -17 -16
48 -17 -27
48 -18 -6
48 -18 -18
48 -18 -23
48 -18 -29
48 -20 -2
48 -20 -28
48 -21 -23
48 -22 -2
48 -22 -7
48 -22 -16
48 -22 -22
48 -23 0
48 -23 -14
48 -23 -16
48 -23 -17
48 -24 -13
48 -24 -18
48 -24 -21
48 -24 -23
48 -25 -1
48 -25 -8
48 -25 -26
48 -26 -14
48 -26 -26
48 -27 -13
48 -27 -20
48 -27 -28
48 -28 -1
48 -28 -4
48 -28 -12
48 -28 -21
48 -28 -22
48 -28 -26
48 -29 0
49 0 -3
49 0 -7
49 -1 -3
49 -1 -10
49 -1 -13
49 -1 -16
49 -1 -22
49 -2 -12
49 -2 -16
49 -2 -25
49 -3 -21
49 -3 -25
49 -4 -1
49 -4 -6
49 -4 -23
49 -5 -11
49 -5 -16
49 -5 -18
49 -5 -20
49 -5 -27
49 -6 -1
49 -6 -6
49 -6 -8
49 -6 -18
49 -6 -27
49 -7 -26
49 -8 -15
49 -8 -18
49 -9 -22
49 -10 -1
49 -10 -5
49 -10 -16
49 -10 -21
49 -11 -5
49 -11 -15
49 -11 -23
49 -12 -2
49 -12 -3
49 -12 -10
49 -12 -14
49 -13 -1
49 -13 -9
49 -14 -4
49 -14 -19
49 -14 -20
49 -14 -25
49 -15 0
49 -15 -26
49 -16 -16
49 -16 -27
49 -17 -1
49 -17 -16
49 -17 -27
49 -18 -6
49 -18 -18
49 -18 -23
49 -18 -29
49 -20 -2
49 -20 -28
49 -21 -23
49 -22 -2
49 -22 -7
49 -22 -16
49 -22 -22
49 -23 0
49 -23 -14
49 -23 -16
49 -23 -17
49 -24 -13
49 -24 -18
49 -24 -21
49 -24 -23
49 -25 -1
49 -25 -8
49 -25 -26
49 -26 -14
49 -26 -26
49 -27 -13
49 -27 -20
49 -27 -28
49 -28 -1
49 -28 -4
49 -28 -12
49 -28 -21
49 -28 -22
49 -28 -26
49 -29 0
50 0 -3
50 0 -7
50 -1 -3
50 -1 -10
50 -1 -13
50 -1 -16
50 -1 -22
50 -2 -12
50 -2 -16
50 -2 -25
50 -3 -21
50 -3 -25
50 -4 -1
50 -4 -6
50 -4 -23
50 -5 -11
50 -5 -16
50 -5 -18
50 -5 -20
50 -5 -27
50 -6 -1
50 -6 -6
50 -6 -8
50 -6 -18
50 -6 -27
50 -7 -26
50 -8 -15
50 -8 -18
50 -9 -22
50 -10 -1
50 -10 -5
50 -10 -16
50 -10 -21
50 -11 -5
50 -11 -15
50 -11 -23
50 -12 -2
50 -12 -3
50 -12 -10
50 -12 -14
50 -13 -1
50 -13 -9
50 -14 -4
50 -14 -19
50 -14 -20
50 -14 -25
50 -15 0
50 -15 -26
50 -16 -16
50 -16 -27
50 -17 -1
50 -17 -16
50 -17 -27
50 -18 -6
50 -18 -18
50 -18 -23
50 -18 -29
50 -20 -2
50 -20 -28
50 -21 -23
50 -22 -2
50 -22 -7
50 -22 -16
50 -22 -22
50 -23 0
50 -23 -14
50 -23 -16
50 -23 -17
50 -24 -13
50 -24 -18
50 -24 -21
50 -24 -23
50 -25 -1
50 -25 -8
50 -25 -26
50 -26 -14
50 -26 -26
50 -27 -13
50 -27 -20
50 -27 -28
50 -28 -1
50 -28 -4
50 -28 -12
50 -28 -21
50 -28 -22
50 -28 -26
50 -29 0
51 0 -3
51 0 -7
51 -1 -3
51 -1 -10
51 -1 -13
51 -1 -16
51 -1 -22
51 -2 -12
51 -2 -16
51 -2 -25
51 -3 -21
51 -3 -25
51 -4 -1
51 -4 -6
51 -4 -23
51 -5 -11
51 -5 -16
51 -5 -18
51 -5 -20
51 -5 -27
51 -6 -1
51 -6 -6
51 -6 -8
51 -6 -18
51 -6 -27
51 -7 -26
51 -8 -15
51 -8 -18
51 -9 -22
51 -10 -1
51 -10 -5
51 -10 -16
51 -10 -21
51 -11 -5
51 -11 -15
51 -11 -23
51 -12 -2
51 -12 -3
51 -12 -10
51 -12 -14
51 -13 -1
51 -13 -9
51 -14 -4
51 -14 -19
51 -14 -20
51 -14 -25
51 -15 0
51 -15 -26
51 -16 -16
51 -16 -27
51 -17 -1
51 -17 -16
51 -17 -27
51 -18 -6
51 -18 -18
51 -18 -23
51 -18 -29
51 -20 -2
51 -20 -28
51 -21 -23
51 -22 -2
51 -22 -7
51 -22 -16
51 -22 -22
51 -23 0
51 -23 -14
51 -23 -16
51 -23 -17
51 -24 -13
51 -24 -18
51 -24 -21
51 -24 -23
51 -25 -1
51 -25 -8
51 -25 -26
51 -26 -14
51 -26 -26
51 -27 -13
51 -27 -20
51 -27 -28
51 -28 -1
51 -28 -4
51 -28 -12
51 -28 -21
51 -28 -22
51 -28 -26
51 -29 0
52 0 -3
52 0 -7
52 -1 -3
52 -1 -10
52 -1 -13
52 -1 -16
52 -1 -22
52 -2 -12
52 -2 -16
52 -2 -25
52 -3 -21
52 -3 -25
52 -4 -1
52 -4 -6
52 -4 -23
52 -5 -11
52 -5 -16
52 -5 -18
52 -5 -20
52 -5 -27
52 -6 -1
52 -6 -6
52 -6 -8
52 -6 -18
52 -6 -27
52 -7 -26
52 -8 -15
52 -8 -18
52 -9 -22
52 -10 -1
52 -10 -5
52 -10 -16
52 -10 -21
52 -11 -5
52 -11 -15
52 -11 -23
52 -12 -2
52 -12 -3
52 -12 -10
52 -12 -14
52 -13 -1
52 -13 -9
52 -14 -4
52 -14 -19
52 -14 -20
52 -14 -25
52 -15 0
52 -15 -26
52 -16 -16
52 -16 -27
52 -17 -1
52 -17 -16
52 -17 -27
52 -18 -6
52 -18 -18
52 -18 -23
52 -18 -29
52 -20 -2
52 -20 -28
52 -21 -23
52 -22 -2
52 -22 -7
52 -22 -16
52 -22 -22
52 -23 0
52 -23 -14
52 -23 -16
52 -23 -17
52 -24 -13
52 -24 -18
52 -24 -21
52 -24 -23
52 -25 -1
52 -25 -8
52 -25 -26
52 -26 -14
52 -26 -26
52 -27 -13
52 -27 -20
52 -27 -28
52 -28 -1
52 -28 -4
52 -28 -12
52 -28 -21
52 -28 -22
52 -28 -26
52 -29 0
53 0 -3
53 0 -7
53 -1 -3
53 -1 -10
53 -1 -13
53 -1 -16
53 -1 -22
53 -2 -12
53 -2 -16
53 -2 -25
53 -3 -21
53 -3 -25
53 -4 -1
53 -4 -6
53 -4 -23
53 -5 -11
53 -5 -16
53 -5 -18
53 -5 -20
53 -5 -27
53 -6 -1
53 -6 -6
53 -6 -8
53 -6 -18
53 -6 -27
53 -7 -26
53 -8 -15
53 -8 -18
53 -9 -22
53 -10 -1
53 -10 -5
53 -10 -16
53 -10 -21
53 -11 -5
53 -11 -15
53 -11 -23
53 -12 -2
53 -12 -3
53 -12 -10
53 -12 -14
53 -13 -1
53 -13 -9
53 -14 -4
53 -14 -19
53 -14 -20
53 -14 -25
53 -15 0
53 -15 -26
53 -16 -16
53 -16 -27
53 -17 -1
53 -17 -16
53 -17 -27
53 -18 -6
53 -18 -18
53 -18 -23
53 -18 -29
53 -20 -2
53 -20 -28
53 -21 -23
53 -22 -2
53 -22 -7
53 -22 -16
53 -22 -22
53 -23 0
53 -23 -14
53 -23 -16
53 -23 -17
53 -24 -13
53 -24 -18
53 -24 -21
53 -24 -23
53 -25 -1
53 -25 -8
53 -25 -26
53 -26 -14
53 -26 -26
53 -27 -13
53 -27 -20
53 -27 -28
53 -28 -1
53 -28 -4
53 -28 -12
53 -28 -21
53 -28 -22
53 -28 -26
53 -29 0
54 0 -3
54 0 -7
54 -1 -3
54 -1 -10
54 -1 -13
54 -1 -16
54 -1 -22
54 -2 -12
54 -2 -16
54 -2 -25
54 -3 -21
54 -3 -25
54 -4 -1
54 -4 -6
54 -4 -23
54 -5 -11
54 -5 -16
54 -5 -18
54 -5 -20
54 -5 -27
54 -6 -1
54 -6 -6
54 -6 -8
54 -6 -18
54 -6 -27
54 -7 -26
54 -8 -15
54 -8 -18
54 -9 -22
54 -10 -1
54 -10 -5
54 -10 -16
54 -10 -21
54 -11 -5
54 -11 -15
54 -11 -23
54 -12 -2
54 -12 -3
54 -12 -10
54 -12 -14
54 -13 -1
54 -13 -9
54 -14 -4
54 -14 -19
54 -14 -20
54 -14 -25
54 -15 0
54 -15 -26
54 -16 -16
54 -16 -27
54 -17 -1
54 -17 -16
54 -17 -27
54 -18 -6
54 -18 -18
54 -18 -23
54 -18 -29
54 -20 -2
54 -20 -28
54 -21 -23
54 -22 -2
54 -22 -7
54 -22 -16
54 -22 -22
54 -23 0
54 -23 -14
54 -23 -16
54 -23 -17
54 -24 -13
54 -24 -18
54 -24 -21
54 -24 -23
54 -25 -1
54 -25 -8
54 -25 -26
54 -26 -14
54 -26 -26
54 -27 -13
54 -27 -20
54 -27 -28
54 -28 -1
54 -28 -4
54 -28 -12
54 -28 -21
54 -28 -22
54 -28 -26
54 -29 0
55 0 -3
55 0 -7
55 -1 -3
55 -1 -10
55 -1 -13
55 -1 -16
55 -1 -22
55 -2 -12
55 -2 -16
55 -2 -25
55 -3 -21
55 -3 -25
55 -4 -1
55 -4 -6
55 -4 -23
55 -5 -11
55 -5 -16
55 -5 -18
55 -5 -20
55 -5 -27
55 -6 -1
55 -6 -6
55 -6 -8
55 -6 -18
55 -6 -27
55 -7 -26
55 -8 -15
55 -8 -18
55 -9 -22
55 -10 -1
55 -10 -5
55 -10 -16
55 -10 -21
55 -11 -5
55 -11 -15
55 -11 -23
55 -12 -2
55 -12 -3
55 -12 -10
55 -12 -14
55 -13 -1
55 -13 -9
55 -14 -4
55 -14 -19
55 -14 -20
55 -14 -25
55 -15 0
55 -15 -26
55 -16 -16
55 -16 -27
55 -17 -1
55 -17 -16
55 -17 -27
55 -18 -6
55 -18 -18
55 -18 -23
55 -18 -29
55 -20 -2
55 -20 -28
55 -21 -23
55 -22 -2
55 -22 -7
55 -22 -16
55 -22 -22
55 -23 0
55 -23 -14
55 -23 -16
55 -23 -17
55 -24 -13
55 -24 -18
55 -24 -21
55 -24 -23
55 -25 -1
55 -25 -8
55 -25 -26
55 -26 -14
55 -26 -26
55 -27 -13
55 -27 -20
55 -27 -28
55 -28 -1
55 -28 -4
55 -28 -12
55 -28 -21
55 -28 -22
55 -28 -26
55 -29 0
56 0 -3
56 0 -7
56 -1 -3
56 -1 -10
56 -1 -13
56 -1 -16
56 -1 -22
56 -2 -12
56 -2 -16
56 -2 -25
56 -3 -21
56 -3 -25
56 -4 -1
56 -4 -6
56 -4 -23
56 -5 -11
56 -5 -16
56 -5 -18
56 -5 -20
56 -5 -27
56 -6 -1
56 -6 -6
56 -6 -8
56 -6 -18
56 -6 -27
56 -7 -26
56 -8 -15
56 -8 -18
56 -9 -22
56 -10 -1
56 -10 -5
56 -10 -16
56 -10 -21
56 -11 -5
56 -11 -15
56 -11 -23
56 -12 -2
56 -12 -3
56 -12 -10
56 -12 -14
56 -13 -1
56 -13 -9
56 -14 -4
56 -14 -19
56 -14 -20
56 -14 -25
56 -15 0
56 -15 -26
56 -16 -16
56 -16 -27
56 -17 -1
56 -17 -16
56 -17 -27
56 -18 -6
56 -18 -18
56 -18 -23
56 -18 -29
56 -20 -2
56 -20 -28
56 -21 -23
56 -22 -2
56 -22 -7
56 -22 -16
56 -22 -22
56 -23 0
56 -23 -14
56 -23 -16
56 -23 -17
56 -24 -13
56 -24 -18
56 -24 -21
56 -24 -23
56 -25 -1
56 -25 -8
56 -25 -26
56 -26 -14
56 -26 -26
56 -27 -13
56 -27 -20
56 -27 -28
56 -28 -1
56 -28 -4
56 -28 -12
56 -28 -21
56 -28 -22
56 -28 -26
56 -29 0
57 0 -3
57 0 -7
57 -1 -3
57 -1 -10
57 -1 -13
57 -1 -16
57 -1 -22
57 -2 -12
57 -2 -16
57 -2 -25
57 -3 -21
57 -3 -25
57 -4 -1
57 -4 -6
57 -4 -23
57 -5 -11
57 -5 -16
57 -5 -18
57 -5 -20
57 -5 -27
57 -6 -1
57 -6 -6
57 -6 -8
57 -6 -18
57 -6 -27
57 -7 -26
57 -8 -15
57 -8 -18
57 -9 -22
57 -10 -1
57 -10 -5
57 -10 -16
57 -10 -21
57 -11 -5
57 -11 -15
57 -11 -23
57 -12 -2
57 -12 -3
57 -12 -10
57 -12 -14
57 -13 -1
57 -13 -9
57 -14 -4
57 -14 -19
57 -14 -20
57 -14 -25
57 -15 0
57 -15 -26
57 -16 -16
57 -16 -27
57 -17 -1
57 -17 -16
57 -17 -27
57 -18 -6
57 -18 -18
57 -18 -23
57 -18 -29
57 -20 -2
57 -20 -28
57 -21 -23
57 -22 -2
57 -22 -7
57 -22 -16
57 -22 -22
57 -23 0
57 -23 -14
57 -23 -16
57 -23 -17
57 -24 -13
57 -24 -18
57 -24 -21
57 -24 -23
57 -25 -1
57 -25 -8
57 -25 -26
57 -26 -14
57 -26 -26
57 -27 -13
57 -27 -20
57 -27 -28
57 -28 -1
57 -28 -4
57 -28 -12
57 -28 -21
57 -28 -22
57 -28 -26
57 -29 0
58 0 -3
58 0 -7
58 -1 -3
58 -1 -10
58 -1 -13
58 -1 -16
58 -1 -22
58 -2 -12
58 -2 -16
58 -2 -25
58 -3 -21
58 -3 -25
58 -4 -1
58 -4 -6
58 -4 -23
58 -5 -11
58 -5 -16
58 -5 -18
58 -5 -20
58 -5 -27
58 -6 -1
58 -6 -6
58 -6 -8
58 -6 -18
58 -6 -27
58 -7 -26
58 -8 -15
58 -8 -18
58 -9 -22
58 -10 -1
58 -10 -5
58 -10 -16
58 -10 -21
58 -11 -5
58 -11 -15
58 -11 -23
58 -12 -2
58 -12 -3
58 -12 -10
58 -12 -14
58 -13 -1
58 -13 -9
58 -14 -4
58 -14 -19
58 -14 -20
58 -14 -25
58 -15 0
58 -15 -26
58 -16 -16
58 -16 -27
58 -17 -1
58 -17 -16
58 -17 -27
58 -18 -6
58 -18 -18
58 -18 -23
58 -18 -29
58 -20 -2
58 -20 -28
58 -21 -23
58 -22 -2
58 -22 -7
58 -22 -16
58 -22 -22
58 -23 0
58 -23 -14
58 -23 -16
58 -23 -17
58 -24 -13
58 -24 -18
58 -24 -21
58 -24 -23
58 -25 -1
58 -25 -8
58 -25 -26
58 -26 -14
58 -26 -26
58 -27 -13
58 -27 -20
58 -27 -28
58 -28 -1
58 -28 -4
58 -28 -12
58 -28 -21
58 -28 -22
58 -28 -26
58 -29 0
59 0 -3
59 0 -7
59 -1 -3
59 -1 -10
59 -1 -13
59 -1 -16
59 -1 -22
59 -2 -12
59 -2 -16
59 -2 -25
59 -3 -21
59 -3 -25
59 -4 -1
59 -4 -6
59 -4 -23
59 -5 -11
59 -5 -16
59 -5 -18
59 -5 -20
59 -5 -27
59 -6 -1
59 -6 -6
59 -6 -8
59 -6 -18
59 -6 -27
59 -7 -26
59 -8 -15
59 -8 -18
59 -9 -22
59 -10 -1
59 -10 -5
59 -10 -16
59 -10 -21
59 -11 -5
59 -11 -15
59 -11 -23
59 -12 -2
59 -12 -3
59 -12 -10
59 -12 -14
59 -13 -1
59 -13 -9
59 -14 -4
59 -14 -19
59 -14 -20
59 -14 -25
59 -15 0
59 -15 -26
59 -16 -16
59 -16 -27
59 -17 -1
59 -17 -16
59 -17 -27
59 -18 -6
59 -18 -18
59 -18 -23
59 -18 -29
59 -20 -2
59 -20 -28
59 -21 -23
59 -22 -2
59 -22 -7
59 -22 -16
59 -22 -22
59 -23 0
59 -23 -14
59 -23 -16
59 -23 -17
59 -24 -13
59 -24 -18
59 -24 -21
59 -24 -23
59 -25 -1
59 -25 -8
59 -25 -26
59 -26 -14
59 -26 -26
59 -27 -13
59 -27 -20
59 -27 -28
59 -28 -1
59 -28 -4
59 -28 -12
59 -28 -21
59 -28 -22
59 -28 -26
59 -29 0
60 0 -3
60 0 -7
60 -1 -3
60 -1 -10
60 -1 -13
60 -1 -16
60 -1 -22
60 -2 -12
60 -2 -16
60 -2 -25
60 -3 -21
60 -3 -25
60 -4 -1
60 -4 -6
60 -4 -23
60 -5 -11
60 -5 -16
60 -5 -18
60 -5 -20
60 -5 -27
60 -6 -1
60 -6 -6
60 -6 -8
60 -6 -18
60 -6 -27
60 -7 -26
60 -8 -15
60 -8 -18
60 -9 -22
60 -10 -1
60 -10 -5
60 -10 -16
60 -10 -21
60 -11 -5
60 -11 -15
60 -11 -23
60 -12 -2
60 -12 -3
60 -12 -10
60 -12 -14
60 -13 -1
60 -13 -9
60 -14 -4
60 -14 -19
60 -14 -20
60 -14 -25
60 -15 0
60 -15 -26
60 -16 -16
60 -16 -27
60 -17 -1
60 -17 -16
60 -17 -27
60 -18 -6
60 -18 -18
60 -18 -23
60 -18 -29
60 -20 -2
60 -20 -28
60 -21 -23
60 -22 -2
60 -22 -7
60 -22 -16
60 -22 -22
60 -23 0
60 -23 -14
60 -23 -16
60 -23 -17
60 -24 -13
60 -24 -18
60 -24 -21
60 -24 -23
60 -25 -1
60 -25 -8
60 -25 -26
60 -26 -14
60 -26 -26
60 -27 -13
60 -27 -20
60 -27 -28
60 -28 -1
60 -28 -4
60 -28 -12
60 -28 -21
60 -28 -22
60 -28 -26
60 -29 0
61 0 -3
61 0 -7
61 -1 -3
61 -1 -10
61 -1 -13
61 -1 -16
61 -1 -22
61 -2 -12
61 -2 -16
61 -2 -25
61 -3 -21
61 -3 -25
61 -4 -1
61 -4 -6
61 -4 -23
61 -5 -11
61 -5 -16
61 -5 -18
61 -5 -20
61 -5 -27
61 -6 -1
61 -6 -6
61 -6 -8
61 -6 -18
61 -6 -27
61 -7 -26
61 -8 -15
61 -8 -18
61 -9 -22
61 -10 -1
61 -10 -5
61 -10 -16
61 -10 -21
61 -11 -5
61 -11 -15
61 -11 -23
61 -12 -2
61 -12 -3
61 -12 -10
61 -12 -14
61 -13 -1
61 -13 -9
61 -14 -4
61 -14 -19
61 -14 -20
61 -14 -25
61 -15 0
61 -15 -26
61 -16 -16
61 -16 -27
61 -17 -1
61 -17 -16
61 -17 -27
61 -18 -6
61 -18 -18
61 -18 -23
61 -18 -29
61 -20 -2
61 -20 -28
61 -21 -23
61 -22 -2
61 -22 -7
61 -22 -16
61 -22 -22
61 -23 0
61 -23 -14
61 -23 -16
61 -23 -17
61 -24 -13
61 -24 -18
61 -24 -21
61 -24 -23
61 -25 -1
61 -25 -8
61 -25 -26
61 -26 -14
61 -26 -26
61 -27 -13
61 -27 -20
61 -27 -28
61 -28 -1
61 -28 -4
61 -28 -12
61 -28 -21
61 -28 -22
61 -28 -26
61 -29 0
62 0 -3
62 0 -7
62 -1 -3
62 -1 -10
62 -1 -13
62 -1 -16
62 -1 -22
62 -2 -12
62 -2 -16
62 -2 -25
62 -3 -21
62 -3 -25
62 -4 -1
62 -4 -6
62 -4 -23
62 -5 -11
62 -5 -16
62 -5 -18
62 -5 -20
62 -5 -27
62 -6 -1
62 -6 -6
62 -6 -8
62 -6 -18
62 -6 -27
62 -7 -26
62 -8 -15
62 -8 -18
62 -9 -22
62 -10 -1
62 -10 -5
62 -10 -16
62 -10 -21
62 -11 -5
62 -11 -15
62 -11 -23
62 -12 -2
62 -12 -3
62 -12 -10
62 -12 -14
62 -13 -1
62 -13 -9
62 -14 -4
62 -14 -19
62 -14 -20
62 -14 -25
62 -15 0
62 -15 -26
62 -16 -16
62 -16 -27
62 -17 -1
62 -17 -16
62 -17 -27
62 -18 -6
62 -18 -18
62 -18 -23
62 -18 -29
62 -20 -2
62 -20 -28
62 -21 -23
62 -22 -2
62 -22 -7
62 -22 -16
62 -22 -22
62 -23 0
62 -23 -14
62 -23 -16
62 -23 -17
62 -24 -13
62 -24 -18
62 -24 -21
62 -24 -23
62 -25 -1
62 -25 -8
62 -25 -26
62 -26 -14
62 -26 -26
62 -27 -13
62 -27 -20
62 -27 -28
62 -28 -1
62 -28 -4
62 -28 -12
62 -28 -21
62 -28 -22
62 -28 -26
62 -29 0
63 0 -3
63 0 -7
63 -1 -3
63 -1 -10
63 -1 -13
63 -1 -16
63 -1 -22
63 -2 -12
63 -2 -16
63 -2 -25
63 -3 -21
63 -3 -25
63 -4 -1
63 -4 -6
63 -4 -23
63 -5 -11
63 -5 -16
63 -5 -18
63 -5 -20
63 -5 -27
63 -6 -1
63 -6 -6
63 -6 -8
63 -6 -18
63 -6 -27
63 -7 -26
63 -8 -15
63 -8 -18
63 -9 -22
63 -10 -1
63 -10 -5
63 -10 -16
63 -10 -21
63 -11 -5
63 -11 -15
63 -11 -23
63 -12 -2
63 -12 -3
63 -12 -10
63 -12 -14
63 -13 -1
63 -13 -9
63 -14 -4
63 -14 -19
63 -14 -20
63 -14 -25
63 -15 0
63 -15 -26
63 -16 -16
63 -16 -27
63 -17 -1
63 -17 -16
63 -17 -27
63 -18 -6
63 -18 -18
63 -18 -23
63 -18 -29
63 -20 -2
63 -20 -28
63 -21 -23
63 -22 -2
63 -22 -7
63 -22 -16
63 -22 -22
63 -23 0
63 -23 -14
63 -23 -16
63 -23 -17
63 -24 -13
63 -24 -18
63 -24 -21
63 -24 -23
63 -25 -1
63 -25 -8
63 -25 -26
63 -26 -14
63 -26 -26
63 -27 -13
63 -27 -20
63 -27 -28
63 -28 -1
63 -28 -4
63 -28 -12
63 -28 -21
63 -28 -22
63 -28 -26
63 -29 0
64 0 -3
64 0 -7
64 -1 -3
64 -1 -10
64 -1 -13
64 -1 -16
64 -1 -22
64 -2 -12
64 -2 -16
64 -2 -25
64 -3 -21
64 -3 -25
64 -4 -1
64 -4 -6
64 -4 -23
64 -5 -11
64 -5 -16
64 -5 -18
64 -5 -20
64 -5 -27
64 -6 -1
64 -6 -6
64 -6 -8
64 -6 -18
64 -6 -27
64 -7 -26
64 -8 -15
64 -8 -18
64 -9 -22
64 -10 -1
64 -10 -5
64 -10 -16
64 -10 -21
64 -11 -5
64 -11 -15
64 -11 -23
64 -12 -2
64 -12 -3
64 -12 -10
64 -12 -14
64 -13 -1
64 -13 -9
64 -14 -4
64 -14 -19
64 -14 -20
64 -14 -25
64 -15 0
64 -15 -26
64 -16 -16
64 -16 -27
64 -17 -1
64 -17 -16
64 -17 -27
64 -18 -6
64 -18 -18
64 -18 -23
64 -18 -29
64 -20 -2
64 -20 -28
64 -21 -23
64 -22 -2
64 -22 -7
64 -22 -16
64 -22 -22
64 -23 0
64 -23 -14
64 -23 -16
64 -23 -17
64 -24 -13
64 -24 -18
64 -24 -21
64 -24 -23
64 -25 -1
64 -25 -8
64 -25 -26
64 -26 -14
64 -26 -26
64 -27 -13
64 -27 -20
64 -27 -28
64 -28 -1
64 -28 -4
64 -28 -12
64 -28 -21
64 -28 -22
64 -28 -26
64 -29 0
65 0 -3
65 0 -7
65 -1 -3
65 -1 -10
65 -1 -13
65 -1 -16
65 -1 -22
65 -2 -12
65 -2 -16
65 -2 -25
65 -3 -21
65 -3 -25
65 -4 -1
65 -4 -6
65 -4 -23
65 -5 -11
65 -5 -16
65 -5 -18
65 -5 -20
65 -5 -27
65 -6 -1
65 -6 -6
65 -6 -8
65 -6 -18
65 -6 -27
65 -7 -26
65 -8 -15
65 -8 -18
65 -9 -22
65 -10 -1
65 -10 -5
65 -10 -16
65 -10 -21
65 -11 -5
65 -11 -15
65 -11 -23
65 -12 -2
65 -12 -3
65 -12 -10
65 -12 -14
65 -13 -1
65 -13 -9
65 -14 -4
65 -14 -19
65 -14 -20
65 -14 -25
65 -15 0
65 -15 -26
65 -16 -16
65 -16 -27
65 -17 -1
65 -17 -16
65 -17 -27
65 -18 -6
65 -18 -18
65 -18 -23
65 -18 -29
65 -20 -2
65 -20 -28
65 -21 -23
65 -22 -2
65 -22 -7
65 -22 -16
65 -22 -22
65 -23 0
65 -23 -14
65 -23 -16
65 -23 -17
65 -24 -13
65 -24 -18
65 -24 -21
65 -24 -23
65 -25 -1
65 -25 -8
65 -25 -26
65 -26 -14
65 -26 -26
65 -27 -13
65 -27 -20
65 -27 -28
65 -28 -1
65 -28 -4
65 -28 -12
65 -28 -21
65 -28 -22
65 -28 -26
65 -29 0
66 0 -3
66 0 -7
66 -1 -3
66 -1 -10
66 -1 -13
66 -1 -16
66 -1 -22
66 -2 -12
66 -2 -16
66 -2 -25
66 -3 -21
66 -3 -25
66 -4 -1
66 -4 -6
66 -4 -23
66 -5 -11
66 -5 -16
66 -5 -18
66 -5 -20
66 -5 -27
66 -6 -1
66 -6 -6
66 -6 -8
66 -6 -18
66 -6 -27
66 -7 -26
66 -8 -15
66 -8 -18
66 -9 -22
66 -10 -1
66 -10 -5
66 -10 -16
66 -10 -21
66 -11 -5
66 -11 -15
66 -11 -23
66 -12 -2
66 -12 -3
66 -12 -10
66 -12 -14
66 -13 -1
66 -13 -9
66 -14 -4
66 -14 -19
66 -14 -20
66 -14 -25
66 -15 0
66 -15 -26
66 -16 -16
66 -16 -27
66 -17 -1
66 -17 -16
66 -17 -27
66 -18 -6
66 -18 -18
66 -18 -23
66 -18 -29
66 -20 -2
66 -20 -28
66 -21 -23
66 -22 -2
66 -22 -7
66 -22 -16
66 -22 -22
66 -23 0
66 -23 -14
66 -23 -16
66 -23 -17
66 -24 -13
66 -24 -18
66 -24 -21
66 -24 -23
66 -25 -1
66 -25 -8
66 -25 -26
66 -26 -14
66 -26 -26
66 -27 -13
66 -27 -20
66 -27 -28
66 -28 -1
66 -28 -4
66 -28 -12
66 -28 -21
66 -28 -22
66 -28 -26
66 -29 0
67 0 -3
67 0 -7
67 -1 -3
67 -1 -10
67 -1 -13
67 -1 -16
67 -1 -22
67 -2 -12
67 -2 -16
67 -2 -25
67 -3 -21
67 -3 -25
67 -4 -1
67 -4 -6
67 -4 -23
67 -5 -11
67 -5 -16
67 -5 -18
67 -5 -20
67 -5 -27
67 -6 -1
67 -6 -6
67 -6 -8
67 -6 -18
67 -6 -27
67 -7 -26
67 -8 -15
67 -8 -18
67 -9 -22
67 -10 -1
67 -10 -5
67 -10 -16
67 -10 -21
67 -11 -5
67 -11 -15
67 -11 -23
67 -12 -2
67 -12 -3
67 -12 -10
67 -12 -14
67 -13 -1
67 -13 -9
67 -14 -4
67 -14 -19
67 -14 -20
67 -14 -25
67 -15 0
67 -15 -26
67 -16 -16
67 -16 -27
67 -17 -1
67 -17 -16
67 -17 -27
67 -18 -6
67 -18 -18
67 -18 -23
67 -18 -29
67 -20 -2
67 -20 -28
67 -21 -23
67 -22 -2
67 -22 -7
67 -22 -16
67 -22 -22
67 -23 0
67 -23 -14
67 -23 -16
67 -23 -17
67 -24 -13
67 -24 -18
67 -24 -21
67 -24 -23
67 -25 -1
67 -25 -8
67 -25 -26
67 -26 -14
67 -26 -26
67 -27 -13
67 -27 -20
67 -27 -28
67 -28 -1
67 -28 -4
67 -28 -12
67 -28 -21
67 -28 -22
67 -28 -26
67 -29 0
68 0 -3
68 0 -7
68 -1 -3
68 -1 -10
68 -1 -13
68 -1 -16
68 -1 -22
68 -2 -12
68 -2 -16
68 -2 -25
68 -3 -21
68 -3 -25
68 -4 -1
68 -4 -6
68 -4 -23
68 -5 -11
68 -5 -16
68 -5 -18
68 -5 -20
68 -5 -27
68 -6 -1
68 -6 -6
68 -6 -8
68 -6 -18
68 -6 -27
68 -7 -26
68 -8 -15
68 -8 -18
68 -9 -22
68 -10 -1
68 -10 -5
68 -10 -16
68 -10 -21
68 -11 -5
68 -11 -15
68 -11 -23
68 -12 -2
68 -12 -3
68 -12 -10
68 -12 -14
68 -13 -1
68 -13 -9
68 -14 -4
68 -14 -19
68 -14 -20
68 -14 -25
68 -15 0
68 -15 -26
68 -16 -16
68 -16 -27
68 -17 -1
68 -17 -16
68 -17 -27
68 -18 -6
68 -18 -18
68 -18 -23
68 -18 -29
68 -20 -2
68 -20 -28
68 -21 -23
68 -22 -2
68 -22 -7
68 -22 -16
68 -22 -22
68 -23 0
68 -23 -14
68 -23 -16
68 -23 -17
68 -24 -13
68 -24 -18
68 -24 -21
68 -24 -23
68 -25 -1
68 -25 -8
68 -25 -26
68 -26 -14
68 -26 -26
68 -27 -13
68 -27 -20
68 -27 -28
68 -28 -1
68 -28 -4
68 -28 -12
68 -28 -21
68 -28 -22
68 -28 -26
68 -29 0
69 0 -3
69 0 -7
69 -1 -3
69 -1 -10
69 -1 -13
69 -1 -16
69 -1 -22
69 -2 -12
69 -2 -16
69 -2 -25
69 -3 -21
69 -3 -25
69 -4 -1
69 -4 -6
69 -4 -23
69 -5 -11
69 -5 -16
69 -5 -18
69 -5 -20
69 -5 -27
69 -6 -1
69 -6 -6
69 -6 -8
69 -6 -18
69 -6 -27
69 -7 -26
69 -8 -15
69 -8 -18
69 -9 -22
69 -10 -1
69 -10 -5
69 -10 -16
69 -10 -21
69 -11 -5
69 -11 -15
69 -11 -23
69 -12 -2
69 -12 -3
69 -12 -10
69 -12 -14
69 -13 -1
69 -13 -9
69 -14 -4
69 -14 -19
69 -14 -20
69 -14 -25
69 -15 0
69 -15 -26
69 -16 -16
69 -16 -27
69 -17 -1
69 -17 -16
69 -17 -27
69 -18 -6
69 -18 -18
69 -18 -23
69 -18 -29
69 -20 -2
69 -20 -28
69 -21 -23
69 -22 -2
69 -22 -7
69 -22 -16
69 -22 -22
69 -23 0
69 -23 -14
69 -23 -16
69 -23 -17
69 -24 -13
69 -24 -18
69 -24 -21
69 -24 -23
69 -25 -1
69 -25 -8
69 -25 -26
69 -26 -14
69 -26 -26
69 -27 -13
69 -27 -20
69 -27 -28
69 -28 -1
69 -28 -4
69 -28 -12
69 -28 -21
69 -28 -22
69 -28 -26
69 -29 0
70 0 -3
70 0 -7
70 -1 -3
70 -1 -10
70 -1 -13
70 -1 -16
70 -1 -22
70 -2 -12
70 -2 -16
70 -2 -25
70 -3 -21
70 -3 -25
70 -4 -1
70 -4 -6
70 -4 -23
70 -5 -11
70 -5 -16
70 -5 -18
70 -5 -20
70 -5 -27
70 -6 -1
70 -6 -6
70 -6 -8
70 -6 -18
70 -6 -27
70 -7 -26
70 -8 -15
70 -8 -18
70 -9 -22
70 -10 -1
70 -10 -5
70 -10 -16
70 -10 -21
70 -11 -5
70 -11 -15
70 -11 -23
70 -12 -2
70 -12 -3
70 -12 -10
70 -12 -14
70 -13 -1
70 -13 -9
70 -14 -4
70 -14 -19
70 -14 -20
70 -14 -25
70 -15 0
70 -15 -26
70 -16 -16
70 -16 -27
70 -17 -1
70 -17 -16
70 -17 -27
70 -18 -6
70 -18 -18
70 -18 -23
70 -18 -29
70 -20 -2
70 -20 -28
70 -21 -23
70 -22 -2
70 -22 -7
70 -22 -16
70 -22 -22
70 -23 0
70 -23 -14
70 -23 -16
70 -23 -17
70 -24 -13
70 -24 -18
70 -24 -21
70 -24 -23
70 -25 -1
70 -25 -8
70 -25 -26
70 -26 -14
70 -26 -26
70 -27 -13
70 -27 -20
70 -27 -28
70 -28 -1
70 -28 -4
70 -28 -12
70 -28 -21
70 -28 -22
70 -28 -26
70 -29 0
71 0 -3
71 0 -7
71 -1 -3
71 -1 -10
71 -1 -13
71 -1 -16
71 -1 -22
71 -2 -12
71 -2 -16
71 -2 -25
71 -3 -21
71 -3 -25
71 -4 -1
71 -4 -6
71 -4 -23
71 -5 -11
71 -5 -16
71 -5 -18
71 -5 -20
71 -5 -27
71 -6 -1
71 -6 -6
71 -6 -8
71 -6 -18
71 -6 -27
71 -7 -26
71 -8 -15
71 -8 -18
71 -9 -22
71 -10 -1
71 -10 -5
71 -10 -16
71 -10 -21
71 -11 -5
71 -11 -15
71 -11 -23
71 -12 -2
71 -12 -3
71 -12 -10
71 -12 -14
71 -13 -1
71 -13 -9
71 -14 -4
71 -14 -19
71 -14 -20
71 -14 -25
71 -15 0
71 -15 -26
71 -16 -16
71 -16 -27
71 -17 -1
71 -17 -16
71 -17 -27
71 -18 -6
71 -18 -18
71 -18 -23
71 -18 -29
71 -20 -2
71 -20 -28
71 -21 -23
71 -22 -2
71 -22 -7
71 -22 -16
71 -22 -22
71 -23 0
71 -23 -14
71 -23 -16
71 -23 -17
71 -24 -13
71 -24 -18
71 -24 -21
71 -24 -23
71 -25 -1
71 -25 -8
71 -25 -26
71 -26 -14
71 -26 -26
71 -27 -13
71 -27 -20
71 -27 -28
71 -28 -1
71 -28 -4
71 -28 -12
71 -28 -21
71 -28 -22
71 -28 -26
71 -29 0
72 0 -3
72 0 -7
72 -1 -3
72 -1 -10
72 -1 -13
72 -1 -16
72 -1 -22
72 -2 -12
72 -2 -16
72 -2 -25
72 -3 -21
72 -3 -25
72 -4 -1
72 -4 -6
72 -4 -23
72 -5 -11
72 -5 -16
72 -5 -18
72 -5 -20
72 -5 -27
72 -6 -1
72 -6 -6
72 -6 -8
72 -6 -18
72 -6 -27
72 -7 -26
72 -8 -15
72 -8 -18
72 -9 -22
72 -10 -1
72 -10 -5
72 -10 -16
72 -10 -21
72 -11 -5
72 -11 -15
72 -11 -23
72 -12 -2
72 -12 -3
72 -12 -10
72 -12 -14
72 -13 -1
72 -13 -9
72 -14 -4
72 -14 -19
72 -14 -20
72 -14 -25
72 -15 0
72 -15 -26
72 -16 -16
72 -16 -27
72 -17 -1
72 -17 -16
72 -17 -27
72 -18 -6
72 -18 -18
72 -18 -23
72 -18 -29
72 -20 -2
72 -20 -28
72 -21 -23
72 -22 -2
72 -22 -7
72 -22 -16
72 -22 -22
72 -23 0
72 -23 -14
72 -23 -16
72 -23 -17
72 -24 -13
72 -24 -18
72 -24 -21
72 -24 -23
72 -25 -1
72 -25 -8
72 -25 -26
72 -26 -14
72 -26 -26
72 -27 -13
72 -27 -20
72 -27 -28
72 -28 -1
72 -28 -4
72 -28 -12
72 -28 -21
72 -28 -22
72 -28 -26
72 -29 0
73 0 -3
73 0 -7
73 -1 -3
73 -1 -10
73 -1 -13
73 -1 -16
73 -1 -22
73 -2 -12
73 -2 -16
73 -2 -25
73 -3 -21
73 -3 -25
73 -4 -1
73 -4 -6
73 -4 -23
73 -5 -11
73 -5 -16
73 -5 -18
73 -5 -20
73 -5 -27
73 -6 -1
73 -6 -6
73 -6 -8
73 -6 -18
73 -6 -27
73 -7 -26
73 -8 -15
73 -8 -18
73 -9 -22
73 -10 -1
73 -10 -5
73 -10 -16
73 -10 -21
73 -11 -5
73 -11 -15
73 -11 -23
73 -12 -2
73 -12 -3
73 -12 -10
73 -12 -14
73 -13 -1
73 -13 -9
73 -14 -4
73 -14 -19
73 -14 -20
73 -14 -25
73 -15 0
73 -15 -26
73 -16 -16
73 -16 -27
73 -17 -1
73 -17 -16
73 -17 -27
73 -18 -6
73 -18 -18
73 -18 -23
73 -18 -29
73 -20 -2
73 -20 -28
73 -21 -23
73 -22 -2
73 -22 -7
73 -22 -16
73 -22 -22
73 -23 0
73 -23 -14
73 -23 -16
73 -23 -17
73 -24 -13
73 -24 -18
73 -24 -21
73 -24 -23
73 -25 -1
73 -25 -8
73 -25 -26
73 -26 -14
73 -26 -26
73 -27 -13
73 -27 -20
73 -27 -28
73 -28 -1
73 -28 -4
73 -28 -12
73 -28 -21
73 -28 -22
73 -28 -26
73 -29 0
74 0 -3
74 0 -7
74 -1 -3
74 -1 -10
74 -1 -13
74 -1 -16
74 -1 -22
74 -2 -12
74 -2 -16
74 -2 -25
74 -3 -21
74 -3 -25
74 -4 -1
74 -4 -6
74 -4 -23
74 -5 -11
74 -5 -16
74 -5 -18
74 -5 -20
74 -5 -27
74 -6 -1
74 -6 -6
74 -6 -8
74 -6 -18
74 -6 -27
74 -7 -26
74 -8 -15
74 -8 -18
74 -9 -22
74 -10 -1
74 -10 -5
74 -10 -16
74 -10 -21
74 -11 -5
74 -11 -15
74 -11 -23
74 -12 -2
74 -12 -3
74 -12 -10
74 -12 -14
74 -13 -1
74 -13 -9
74 -14 -4
74 -14 -19
74 -14 -20
74 -14 -25
74 -15 0
74 -15 -26
74 -16 -16
74 -16 -27
74 -17 -1
74 -17 -16
74 -17 -27
74 -18 -6
74 -18 -18
74 -18 -23
74 -18 -29
74 -20 -2
74 -20 -28
74 -21 -23
74 -22 -2
74 -22 -7
74 -22 -16
74 -22 -22
74 -23 0
74 -23 -14
74 -23 -16
74 -23 -17
74 -24 -13
74 -24 -18
74 -24 -21
74 -24 -23
74 -25 -1
74 -25 -8
74 -25 -26
74 -26 -14
74 -26 -26
74 -27 -13
74 -27 -20
74 -27 -28
74 -28 -1
74 -28 -4
74 -28 -12
74 -28 -21
74 -28 -22
74 -28 -26
74 -29 0
75 0 -3
75 0 -7
75 -1 -3
75 -1 -10
75 -1 -13
75 -1 -16
75 -1 -22
75 -2 -12
75 -2 -16
75 -2 -25
75 -3 -21
75 -3 -25
75 -4 -1
75 -4 -6
75 -4 -23
75 -5 -11
75 -5 -16
75 -5 -18
75 -5 -20
75 -5 -27
75 -6 -1
75 -6 -6
75 -6 -8
75 -6 -18
75 -6 -27
75 -7 -26
75 -8 -15
75 -8 -18
75 -9 -22
75 -10 -1
75 -10 -5
75 -10 -16
75 -10 -21
75 -11 -5
75 -11 -15
75 -11 -23
75 -12 -2
75 -12 -3
75 -12 -10
75 -12 -14
75 -13 -1
75 -13 -9
75 -14 -4
75 -14 -19
75 -14 -20
75 -14 -25
75 -15 0
75 -15 -26
75 -16 -16
75 -16 -27
75 -17 -1
75 -17 -16
75 -17 -27
75 -18 -6
75 -18 -18
75 -18 -23
75 -18 -29
75 -20 -2
75 -20 -28
75 -21 -23
75 -22 -2
75 -22 -7
75 -22 -16
75 -22 -22
75 -23 0
75 -23 -14
75 -23 -16
75 -23 -17
75 -24 -13
75 -24 -18
75 -24 -21
75 -24 -23
75 -25 -1
75 -25 -8
75 -25 -26
75 -26 -14
75 -26 -26
75 -27 -13
75 -27 -20
75 -27 -28
75 -28 -1
75 -28 -4
75 -28 -12
75 -28 -21
75 -28 -22
75 -28 -26
75 -29 0
76 0 -3
76 0 -7
76 -1 -3
76 -1 -10
76 -1 -13
76 -1 -16
76 -1 -22
76 -2 -12
76 -2 -16
76 -2 -25
76 -3 -21
76 -3 -25
76 -4 -1
76 -4 -6
76 -4 -23
76 -5 -11
76 -5 -16
76 -5 -18
76 -5 -20
76 -5 -27
76 -6 -1
76 -6 -6
76 -6 -8
76 -6 -18
76 -6 -27
76 -7 -26
76 -8 -15
76 -8 -18
76 -9 -22
76 -10 -1
76 -10 -5
76 -10 -16
76 -10 -21
76 -11 -5
76 -11 -15
76 -11 -23
76 -12 -2
76 -12 -3
76 -12 -10
76 -12 -14
76 -13 -1
76 -13 -9
76 -14 -4
76 -14 -19
76 -14 -20
76 -14 -25
76 -15 0
76 -15 -26
76 -16 -16
76 -16 -27
76 -17 -1
76 -17 -16
76 -17 -27
76 -18 -6
76 -18 -18
76 -18 -23
76 -18 -29
76 -20 -2
76 -20 -28
76 -21 -23
76 -22 -2
76 -22 -7
76 -22 -16
76 -22 -22
76 -23 0
76 -23 -14
76 -23 -16
76 -23 -17
76 -24 -13
76 -24 -18
76 -24 -21
76 -24 -23
76 -25 -1
76 -25 -8
76 -25 -26
76 -26 -14
76 -26 -26
76 -27 -13
76 -27 -20
76 -27 -28
76 -28 -1
76 -28 -4
76 -28 -12
76 -28 -21
76 -28 -22
76 -28 -26
76 -29 0
77 0 -3
77 0 -7
77 -1 -3
77 -1 -10
77 -1 -13
77 -1 -16
77 -1 -22
77 -2 -12
77 -2 -16
77 -2 -25
77 -3 -21
77 -3 -25
77 -4 -1
77 -4 -6
77 -4 -23
77 -5 -11
77 -5 -16
77 -5 -18
77 -5 -20
77 -5 -27
77 -6 -1
77 -6 -6
77 -6 -8
77 -6 -18
77 -6 -27
77 -7 -26
77 -8 -15
77 -8 -18
77 -9 -22
77 -10 -1
77 -10 -5
77 -10 -16
77 -10 -21
77 -11 -5
77 -11 -15
77 -11 -23
77 -12 -2
77 -12 -3
77 -12 -10
77 -12 -14
77 -13 -1
77 -13 -9
77 -14 -4
77 -14 -19
77 -14 -20
77 -14 -25
77 -15 0
77 -15 -26
77 -16 -16
77 -16 -27
77 -17 -1
77 -17 -16
77 -17 -27
77 -18 -6
77 -18 -18
77 -18 -23
77 -18 -29
77 -20 -2
77 -20 -28
77 -21 -23
77 -22 -2
77 -22 -7
77 -22 -16
77 -22 -22
77 -23 0
77 -23 -14
77 -23 -16
77 -23 -17
77 -24 -13
77 -24 -18
77 -24 -21
77 -24 -23
77 -25 -1
77 -25 -8
77 -25 -26
77 -26 -14
77 -26 -26
77 -27 -13
77 -27 -20
77 -27 -28
77 -28 -1
77 -28 -4
77 -28 -12
77 -28 -21
77 -28 -22
77 -28 -26
77 -29 0
78 0 -3
78 0 -7
78 -1 -3
78 -1 -10
78 -1 -13
78 -1 -16
78 -1 -22
78 -2 -12
78 -2 -16
78 -2 -25
78 -3 -21
78 -3 -25
78 -4 -1
78 -4 -6
78 -4 -23
78 -5 -11
78 -5 -16
78 -5 -18
78 -5 -20
78 -5 -27
78 -6 -1
78 -6 -6
78 -6 -8
78 -6 -18
78 -6 -27
78 -7 -26
78 -8 -15
78 -8 -18
78 -9 -22
78 -10 -1
78 -10 -5
78 -10 -16
78 -10 -21
78 -11 -5
78 -11 -15
78 -11 -23
78 -12 -2
78 -12 -3
78 -12 -10
78 -12 -14
78 -13 -1
78 -13 -9
78 -14 -4
78 -14 -19
78 -14 -20
78 -14 -25
78 -15 0
78 -15 -26
78 -16 -16
78 -16 -27
78 -17 -1
78 -17 -16
78 -17 -27
78 -18 -6
78 -18 -18
78 -18 -23
78 -18 -29
78 -20 -2
78 -20 -28
78 -21 -23
78 -22 -2
78 -22 -7
78 -22 -16
78 -22 -22
78 -23 0
78 -23 -14
78 -23 -16
78 -23 -17
78 -24 -13
78 -24 -18
78 -24 -21
78 -24 -23
78 -25 -1
78 -25 -8
78 -25 -26
78 -26 -14
78 -26 -26
78 -27 -13
78 -27 -20
78 -27 -28
78 -28 -1
78 -28 -4
78 -28 -12
78 -28 -21
78 -28 -22
78 -28 -26
78 -29 0
79 0 -3
79 0 -7
79 -1 -3
79 -1 -10
79 -1 -13
79 -1 -16
79 -1 -22
79 -2 -12
79 -2 -16
79 -2 -25
79 -3 -21
79 -3 -25
79 -4 -1
79 -4 -6
79 -4 -23
79 -5 -11
79 -5 -16
79 -5 -18
79 -5 -20
79 -5 -27
79 -6 -1
79 -6 -6
79 -6 -8
79 -6 -18
79 -6 -27
79 -7 -26
79 -8 -15
79 -8 -18
79 -9 -22
79 -10 -1
79 -10 -5
79 -10 -16
79 -10 -21
79 -11 -5
79 -11 -15
79 -11 -23
79 -12 -2
79 -12 -3
79 -12 -10
79 -12 -14
79 -13 -1
79 -13 -9
79 -14 -4
79 -14 -19
79 -14 -20
79 -14 -25
79 -15 0
79 -15 -26
79 -16 -16
79 -16 -27
79 -17 -1
79 -17 -16
79 -17 -27
79 -18 -6
79 -18 -18
79 -18 -23
79 -18 -29
79 -20 -2
79 -20 -28
79 -21 -23
79 -22 -2
79 -22 -7
79 -22 -16
79 -22 -22
79 -23 0
79 -23 -14
79 -23 -16
79 -23 -17
79 -24 -13
79 -24 -18
79 -24 -21
79 -24 -23
79 -25 -1
79 -25 -8
79 -25 -26
79 -26 -14
79 -26 -26
79 -27 -13
79 -27 -20
79 -27 -28
79 -28 -1
79 -28 -4
79 -28 -12
79 -28 -21
79 -28 -22
79 -28 -26
79 -29 0
80 0 -3
80 0 -7
80 -1 -3
80 -1 -10
80 -1 -13
80 -1 -16
80 -1 -22
80 -2 -12
80 -2 -16
80 -2 -25
80 -3 -21
80 -3 -25
80 -4 -1
80 -4 -6
80 -4 -23
80 -5 -11
80 -5 -16
80 -5 -18
80 -5 -20
80 -5 -27
80 -6 -1
80 -6 -6
80 -6 -8
80 -6 -18
80 -6 -27
80 -7 -26
80 -8 -15
80 -8 -18
80 -9 -22
80 -10 -1
80 -10 -5
80 -10 -16
80 -10 -21
80 -11 -5
80 -11 -15
80 -11 -23
80 -12 -2
80 -12 -3
80 -12 -10
80 -12 -14
80 -13 -1
80 -13 -9
80 -14 -4
80 -14 -19
80 -14 -20
80 -14 -25
80 -15 0
80 -15 -26
80 -16 -16
80 -16 -27
80 -17 -1
80 -17 -16
80 -17 -27
80 -18 -6
80 -18 -18
80 -18 -23
80 -18 -29
80 -20 -2
80 -20 -28
80 -21 -23
80 -22 -2
80 -22 -7
80 -22 -16
80 -22 -22
80 -23 0
80 -23 -14
80 -23 -16
80 -23 -17
80 -24 -13
80 -24 -18
80 -24 -21
80 -24 -23
80 -25 -1
80 -25 -8
80 -25 -26
80 -26 -14
80 -26 -26
80 -27 -13
80 -27 -20
80 -27 -28
80 -28 -1
80 -28 -4
80 -28 -12
80 -28 -21
80 -28 -22
80 -28 -26
80 -29 0
81 0 -3
81 0 -7
81 -1 -3
81 -1 -10
81 -1 -13
81 -1 -16
81 -1 -22
81 -2 -12
81 -2 -16
81 -2 -25
81 -3 -21
81 -3 -25
81 -4 -1
81 -4 -6
81 -4 -23
81 -5 -11
81 -5 -16
81 -5 -18
81 -5 -20
81 -5 -27
81 -6 -1
81 -6 -6
81 -6 -8
81 -6 -18
81 -6 -27
81 -7 -26
81 -8 -15
81 -8 -18
81 -9 -22
81 -10 -1
81 -10 -5
81 -10 -16
81 -10 -21
81 -11 -5
81 -11 -15
81 -11 -23
81 -12 -2
81 -12 -3
81 -12 -10
81 -12 -14
81 -13 -1
81 -13 -9
81 -14 -4
81 -14 -19
81 -14 -20
81 -14 -25
81 -15 0
81 -15 -26
81 -16 -16
81 -16 -27
81 -17 -1
81 -17 -16
81 -17 -27
81 -18 -6
81 -18 -18
81 -18 -23
81 -18 -29
81 -20 -2
81 -20 -28
81 -21 -23
81 -22 -2
81 -22 -7
81 -22 -16
81 -22 -22
81 -23 0
81 -23 -14
81 -23 -16
81 -23 -17
81 -24 -13
81 -24 -18
81 -24 -21
81 -24 -23
81 -25 -1
81 -25 -8
81 -25 -26
81 -26 -14
81 -26 -26
81 -27 -13
81 -27 -20
81 -27 -28
81 -28 -1
81 -28 -4
81 -28 -12
81 -28 -21
81 -28 -22
81 -28 -26
81 -29 0
82 0 -3
82 0 -7
82 -1 -3
82 -1 -10
82 -1 -13
82 -1 -16
82 -1 -22
82 -2 -12
82 -2 -16
82 -2 -25
82 -3 -21
82 -3 -25
82 -4 -1
82 -4 -6
82 -4 -23
82 -5 -11
82 -5 -16
82 -5 -18
82 -5 -20
82 -5 -27
82 -6 -1
82 -6 -6
82 -6 -8
82 -6 -18
82 -6 -27
82 -7 -26
82 -8 -15
82 -8 -18
82 -9 -22
82 -10 -1
82 -10 -5
82 -10 -16
82 -10 -21
82 -11 -5
82 -11 -15
82 -11 -23
82 -12 -2
82 -12 -3
82 -12 -10
82 -12 -14
82 -13 -1
82 -13 -9
82 -14 -4
82 -14 -19
82 -14 -20
82 -14 -25
82 -15 0
82 -15 -26
82 -16 -16
82 -16 -27
82 -17 -1
82 -17 -16
82 -17 -27
82 -18 -6
82 -18 -18
82 -18 -23
82 -18 -29
82 -20 -2
82 -20 -28
82 -21 -23
82 -22 -2
82 -22 -7
82 -22 -16
82 -22 -22
82 -23 0
82 -23 -14
82 -23 -16
82 -23 -17
82 -24 -13
82 -24 -18
82 -24 -21
82 -24 -23
82 -25 -1
82 -25 -8
82 -25 -26
82 -26 -14
82 -26 -26
82 -27 -13
82 -27 -20
82 -27 -28
82 -28 -1
82 -28 -4
82 -28 -12
82 -28 -21
82 -28 -22
82 -28 -26
82 -29 0
83 0 -3
83 0 -7
83 -1 -3
83 -1 -10
83 -1 -13
83 -1 -16
83 -1 -22
83 -2 -12
83 -2 -16
83 -2 -25
83 -3 -21
83 -3 -25
83 -4 -1
83 -4 -6
83 -4 -23
83 -5 -11
83 -5 -16
83 -5 -18
83 -5 -20
83 -5 -27
83 -6 -1
83 -6 -6
83 -6 -8
83 -6 -18
83 -6 -27
83 -7 -26
83 -8 -15
83 -8 -18
83 -9 -22
83 -10 -1
83 -10 -5
83 -10 -16
83 -10 -21
83 -11 -5
83 -11 -15
83 -11 -23
83 -12 -2
83 -12 -3
83 -12 -10
83 -12 -14
83 -13 -1
83 -13 -9
83 -14 -4
83 -14 -19
83 -14 -20
83 -14 -25
83 -15 0
83 -15 -26
83 -16 -16
83 -16 -27
83 -17 -1
83 -17 -16
83 -17 -27
83 -18 -6
83 -18 -18
83 -18 -23
83 -18 -29
83 -20 -2
83 -20 -28
83 -21 -23
83 -22 -2
83 -22 -7
83 -22 -16
83 -22 -22
83 -23 0
83 -23 -14
83 -23 -16
83 -23 -17
83 -24 -13
83 -24 -18
83 -24 -21
83 -24 -23
83 -25 -1
83 -25 -8
83 -25 -26
83 -26 -14
83 -26 -26
83 -27 -13
83 -27 -20
83 -27 -28
83 -28 -1
83 -28 -4
83 -28 -12
83 -28 -21
83 -28 -22
83 -28 -26
83 -29 0
84 0 -3
84 0 -7
84 -1 -3
84 -1 -10
84 -1 -13
84 -1 -16
84 -1 -22
84 -2 -12
84 -2 -16
84 -2 -25
84 -3 -21
84 -3 -25
84 -4 -1
84 -4 -6
84 -4 -23
84 -5 -11
84 -5 -16
84 -5 -18
84 -5 -20
84 -5 -27
84 -6 -1
84 -6 -6
84 -6 -8
84 -6 -18
84 -6 -27
84 -7 -26
84 -8 -15
84 -8 -18
84 -9 -22
84 -10 -1
84 -10 -5
84 -10 -16
84 -10 -21
84 -11 -5
84 -11 -15
84 -11 -23
84 -12 -2
84 -12 -3
84 -12 -10
84 -12 -14
84 -13 -1
84 -13 -9
84 -14 -4
84 -14 -19
84 -14 -20
84 -14 -25
84 -15 0
84 -15 -26
84 -16 -16
84 -16 -27
84 -17 -1
84 -17 -16
84 -17 -27
84 -18 -6
84 -18 -18
84 -18 -23
84 -18 -29
84 -20 -2
84 -20 -28
84 -21 -23
84 -22 -2
84 -22 -7
84 -22 -16
84 -22 -22
84 -23 0
84 -23 -14
84 -23 -16
84 -23 -17
84 -24 -13
84 -24 -18
84 -24 -21
84 -24 -23
84 -25 -1
84 -25 -8
84 -25 -26
84 -26 -14
84 -26 -26
84 -27 -13
84 -27 -20
84 -27 -28
84 -28 -1
84 -28 -4
84 -28 -12
84 -28 -21
84 -28 -22
84 -28 -26
84 -29 0
85 0 -3
85 0 -7
85 -1 -3
85 -1 -10
85 -1 -13
85 -1 -16
85 -1 -22
85 -2 -12
85 -2 -16
85 -2 -25
85 -3 -21
85 -3 -25
85 -4 -1
85 -4 -6
85 -4 -23
85 -5 -11
85 -5 -16
85 -5 -18
85 -5 -20
85 -5 -27
85 -6 -1
85 -6 -6
85 -6 -8
85 -6 -18
85 -6 -27
85 -7 -26
85 -8 -15
85 -8 -18
85 -9 -22
85 -10 -1
85 -10 -5
85 -10 -16
85 -10 -21
85 -11 -5
85 -11 -15
85 -11 -23
85 -12 -2
85 -12 -3
85 -12 -10
85 -12 -14
85 -13 -1
85 -13 -9
85 -14 -4
85 -14 -19
85 -14 -20
85 -14 -25
85 -15 0
85 -15 -26
85 -16 -16
85 -16 -27
85 -17 -1
85 -17 -16
85 -17 -27
85 -18 -6
85 -18 -18
85 -18 -23
85 -18 -29
85 -20 -2
85 -20 -28
85 -21 -23
85 -22 -2
85 -22 -7
85 -22 -16
85 -22 -22
85 -23 0
85 -23 -14
85 -23 -16
85 -23 -17
85 -24 -13
85 -24 -18
85 -24 -21
85 -24 -23
85 -25 -1
85 -25 -8
85 -25 -26
85 -26 -14
85 -26 -26
85 -27 -13
85 -27 -20
85 -27 -28
85 -28 -1
85 -28 -4
85 -28 -12
85 -28 -21
85 -28 -22
85 -28 -26
85 -29 0
86 0 -3
86 0 -7
86 -1 -3
86 -1 -10
86 -1 -13
86 -1 -16
86 -1 -22
86 -2 -12
86 -2 -16
86 -2 -25
86 -3 -21
86 -3 -25
86 -4 -1
86 -4 -6
86 -4 -23
86 -5 -11
86 -5 -16
86 -5 -18
86 -5 -20
86 -5 -27
86 -6 -1
86 -6 -6
86 -6 -8
86 -6 -18
86 -6 -27
86 -7 -26
86 -8 -15
86 -8 -18
86 -9 -22
86 -10 -1
86 -10 -5
86 -10 -16
86 -10 -21
86 -11 -5
86 -11 -15
86 -11 -23
86 -12 -2
86 -12 -3
86 -12 -10
86 -12 -14
86 -13 -1
86 -13 -9
86 -14 -4
86 -14 -19
86 -14 -20
86 -14 -25
86 -15 0
86 -15 -26
86 -16 -16
86 -16 -27
86 -17 -1
86 -17 -16
86 -17 -27
86 -18 -6
86 -18 -18
86 -18 -23
86 -18 -29
86 -20 -2
86 -20 -28
86 -21 -23
86 -22 -2
86 -22 -7
86 -22 -16
86 -22 -22
86 -23 0
86 -23 -14
86 -23 -16
86 -23 -17
86 -24 -13
86 -24 -18
86 -24 -21
86 -24 -23
86 -25 -1
86 -25 -8
86 -25 -26
86 -26 -14
86 -26 -26
86 -27 -13
86 -27 -20
86 -27 -28
86 -28 -1
86 -28 -4
86 -28 -12
86 -28 -21
86 -28 -22
86 -28 -26
86 -29 0
33 16 27
82 28 12
27 22 22
23 11 5
37 22 7
20 24 13
59 14 19
42 20 2
54 22 7
85 17 27
76 25 26
7 16 27
3 28 22
80 20 2
13 16 16
45 9 22
51 23 16
86 23 0
41 18 18
32 11 15
61 3 25
72 20 28
35 2 12
40 5 18
86 14 4
23 23 0
31 4 1
18 17 1
37 27 20
79 8 15
15 14 4
50 20 28
3 10 5
66 28 1
49 10 21
70 6 8
42 2 16
23 27 13
35 2 16
15 18 6
8 1 3
9 4 23
29 28 12
13 16 27
24 27 20
56 8 18
78 18 23
68 14 4
60 12 3
63 10 5
47 18 18
27 22 22
45 23 17
13 13 1
77 14 19
34 10 5
31 2 12
80 24 18
8 27 28
28 1 10
59 18 6
47 6 27
48 11 15
29 6 1
31 26 26
70 6 1
16 23 16
3 14 25
65 2 16
39 6 27
16 5 27
51 0 7
21 24 18
40 27 13
84 2 25
0 28 21
24 27 20
72 4 1
31 21 23
39 14 4
27 6 18
54 28 1
44 11 5
29 6 27
62 28 21
23 14 4
44 26 26
57 18 18
9 10 16
11 9 22
30 4 1
55 24 23
54 17 27
72 8 18
37 5 11
34 12 2
13 12 2
65 15 26
37 5 27
43 22 2
47 5 27
39 12 3
82 27 28
86 12 2
41 22 2
34 0 7
51 17 27
75 6 27
25 15 26
52 10 16
72 11 23
45 28 1
24 16 16
58 7 26
9 8 18
57 24 23
73 5 11
42 17 1
61 12 3
33 6 27
36 5 11
33 22 22
50 28 22
22 27 20
6 28 1
5 12 3
59 12 10
66 11 15
23 23 16
50 5 18
54 26 14
36 22 16
84 13 9
72 24 13
65 6 6
53 12 14
76 3 21
9 22 7
31 24 18
1 6 18
42 2 12
81 9 22
72 4 6
36 3 21
39 12 10
73 5 11
72 1 16
83 6 18
62 15 0
27 10 21
80 20 28
70 23 16
59 14 25
13 1 22
20 6 27
77 25 1
65 6 6
9 26 14
35 28 1
61 28 22
32 22 2
63 23 14
38 23 0
24 27 20
10 18 29
25 22 22
51 1 3
29 27 20
85 4 6
77 13 9
63 2 12
22 10 5
23 28 21
29 29 0
86 12 10
77 1 22
36 12 3
2 18 18
54 6 27
48 23 17
39 22 22
84 2 16
28 5 16
82 14 20
56 22 7
56 25 1
5 15 0
50 25 1
11 14 19
7 23 17
59 6 27
84 10 16
41 10 21
63 5 27
59 28 22
20 1 16
79 11 15
13 1 13
56 5 20
66 1 22
86 18 23
54 23 0
31 25 8
54 21 23
48 8 15
20 1 3
73 0 3
45 8 18
1 2 12
77 1 16
59 27 13
11 10 16
13 5 11
21 15 26
29 25 1
41 27 20
77 28 26
9 11 5
47 13 1
18 12 14
13 18 23
58 5 20
38 22 7
44 12 3
9 11 5
83 14 25
16 4 1
21 9 22
63 26 14
35 1 16
33 23 14
39 5 27
21 27 20
35 11 23
12 27 20
30 16 27
30 8 15
20 27 28
55 13 1
51 13 1
0 15 0
68 12 2
74 0 3
72 3 25
21 1 13
79 1 3
78 5 18
75 8 18
86 1 16
27 10 5
26 25 1
32 12 14
29 28 12
81 20 2
70 15 26
75 12 14
4 5 11
37 9 22
47 17 27
83 23 17
54 29 0
80 5 18
44 11 5
83 17 27
78 2 25
23 12 10
51 22 16
78 5 27
20 17 1
61 12 10
85 15 26
61 29 0
9 22 16
52 10 16
41 1 13
13 2 16
86 23 16
32 6 18
56 27 13
65 27 28
9 28 26
71 16 27
56 28 1
69 27 20
27 6 6
73 6 18
23 28 1
54 4 6
62 15 0
12 3 25
39 3 25
75 27 28
56 4 6
38 14 19
37 25 1
28 12 14
71 22 22
69 1 10
62 28 21
38 10 1
15 26 26
24 22 22
27 3 25
71 16 16
27 14 4
28 28 12
69 22 2
40 16 16
68 13 9
19 14 19
62 14 19
55 10 1
56 11 23
48 14 20
6 25 1
72 1 22
13 18 29
62 28 21
25 12 10
83 23 0
9 23 14
41 22 2
48 24 21
43 10 5
46 9 22
76 18 6
46 23 16
68 0 7
30 23 17
7 28 21
44 14 20
36 24 13
12 16 27
12 12 2
32 1 3
2 18 29
67 27 20
53 28 1
77 18 23
15 23 0
44 14 20
3 10 16
54 22 7
78 28 1
61 5 18
14 6 1
24 3 25
37 0 3
58 17 1
4 1 3
11 16 27
66 0 3
17 28 1
51 4 1
80 12 14
48 9 22
84 7 26
3 22 22
86 15 0
77 1 13
64 17 1
11 28 4
78 13 1
5 28 1
65 12 3
35 10 21
84 1 3
13 2 16
53 8 18
68 20 2
33 14 19
6 23 17
18 15 26
79 28 21
11 28 22
16 10 21
9 24 23
7 13 9
78 17 16
6 5 20
75 22 7
34 2 12
60 2 16
27 22 16
8 12 14
77 27 13
54 29 0
40 18 29
54 26 26
50 5 11
48 28 22
57 4 1
3 15 0
54 22 22
34 10 1
12 4 1
40 11 23
26 18 18
10 1 16
74 24 18
45 16 27
18 6 6
69 27 13
81 0 7
55 10 5
29 28 21
59 22 22
34 4 6
14 14 4
83 24 18
49 11 5
19 16 16
23 25 1
65 10 21
69 6 6
26 18 23
0 18 6
18 1 16
71 24 18
1 3 25
34 22 22
75 5 11
42 18 18
57 10 16
46 10 21
33 17 16
22 2 12
23 10 16
29 12 2
69 1 16
45 10 1
59 28 21
54 18 18
53 12 3
79 8 15
44 25 8
50 17 16
0 23 17
75 4 1
48 13 9
34 2 12
85 5 18
5 0 7
7 6 8
29 1 13
11 5 18
51 24 18
53 22 2
1 14 20
76 16 27
86 24 21
46 24 13
68 26 14
12 23 17
84 14 19
66 14 25
3 21 23
23 5 18
48 12 3
47 12 14
43 28 1
37 12 10
16 28 1
36 6 1
29 9 22
10 6 18
31 10 16
49 5 27
32 16 16
67 22 16
69 6 6
51 14 20
20 17 16
27 28 22
59 4 6
22 26 14
82 24 18
68 29 0
25 23 16
10 10 21
57 12 10
37 6 18
13 23 17
31 8 15
63 4 1
7 10 1
85 22 22
17 20 2
32 21 23
2 23 0
80 1 3
81 16 27
41 14 4
53 8 15
79 5 27
82 27 28
60 7 26
22 5 16
75 14 19
86 17 1
27 25 1
33 1 3
85 29 0
5 12 14
10 28 4
77 22 16
22 5 20
18 27 28
65 14 4
41 26 26
74 2 25
28 8 15
37 18 23
21 10 16
74 10 1
48 11 15
11 6 6
32 22 7
75 22 16
10 12 3
30 24 21
14 28 1
86 26 26
14 26 26
11 1 22
68 0 3
23 4 6
53 4 1
58 26 14
84 5 27
2 5 18
24 18 18
12 13 9
16 24 13
49 15 26
70 24 13
78 15 26
47 12 3
67 22 22
54 24 18
68 22 16
33 24 13
10 18 23
78 18 23
86 4 6
53 20 28
63 12 3
24 2 16
47 23 17
76 22 16
75 16 27
0 15 26
17 23 0
53 2 12
77 22 2
10 17 1
9 8 18
67 7 26
8 29 0
8 26 14
12 17 1
8 27 13
17 27 20
23 18 6
20 22 22
85 24 21
46 24 13
65 22 2
42 18 18
30 18 23
42 26 26
70 14 4
57 5 16
36 4 1
77 14 19
42 10 5
82 7 26
14 18 23
45 10 21
77 8 15
70 17 16
2 23 14
14 14 19
82 22 7
20 27 13
3 6 1
79 27 20
19 28 26
56 28 12
66 2 12
26 6 6
20 24 23
50 14 19
18 15 26
81 28 21
48 2 25
76 17 1
8 5 16
31 28 26
-1 -1 -1
11
0
8
6
7
1
12
26
18
22
17
15
9
3
4
59
23
21
42
5
2
28
10
16
35
45
34
14
24
36
30
25
13
19
54
32
48
40
27
50
43
64
20
44
38
29
52
37
53
39
56
46
33
49
71
51
77
58
41
60
70
62
65
74
61
67
72
66
47
31
69
85
81
55
68
76
75
57
82
79
84
86
83
78
63
73
80
  3.799987 seconds (36.48 M allocations: 975.855 MiB, 4.59% gc time)
