950 0 0 0 0 0 0 0 0 0
0 0 0 0 0 0 0 0 0 0
0 0 0 0 0 0 0 0 0 0
0 0 0 0 0 0 0 0 0 0
0 0 0 0 0 0 0 0 0 0
0 0 0 0 0 0 0 0 0 0
0 0 0 0 0 0 0 0 0 0
0 0 0 0 0 0 0 0 0 0
0 0 0 0 0 0 0 0 0 0
0 0 0 0 0 0 0 0 0 0
0 0 0
0 0 -1
0 0 -3
0 0 -5
0 0 -6
0 0 -7
0 0 -8
0 0 -9
0 -1 0
0 -1 -1
0 -1 -2
0 -1 -4
0 -1 -5
0 -1 -6
0 -1 -7
0 -1 -8
0 -2 -1
0 -2 -2
0 -2 -3
0 -2 -4
0 -2 -6
0 -3 0
0 -3 -3
0 -3 -5
0 -3 -7
0 -4 0
0 -4 -2
0 -4 -3
0 -4 -6
0 -4 -7
0 -5 0
0 -5 -2
0 -5 -3
0 -5 -5
0 -5 -6
0 -5 -7
0 -5 -9
0 -6 0
0 -6 -1
0 -6 -2
0 -6 -3
0 -6 -4
0 -6 -5
0 -6 -7
0 -6 -9
0 -7 -1
0 -7 -2
0 -7 -3
0 -7 -4
0 -7 -6
0 -7 -7
0 -8 -1
0 -8 -2
0 -8 -3
0 -8 -4
0 -8 -5
0 -8 -8
0 -9 -1
0 -9 -5
0 -9 -6
0 -9 -8
1 0 0
1 0 -1
1 0 -3
1 0 -5
1 0 -6
1 0 -7
1 0 -8
1 0 -9
1 -1 0
1 -1 -1
1 -1 -2
1 -1 -4
1 -1 -5
1 -1 -6
1 -1 -7
1 -1 -8
1 -2 -1
1 -2 -2
1 -2 -3
1 -2 -4
1 -2 -6
1 -3 0
1 -3 -3
1 -3 -5
1 -3 -7
1 -4 0
1 -4 -2
1 -4 -3
1 -4 -6
1 -4 -7
1 -5 0
1 -5 -2
1 -5 -3
1 -5 -5
1 -5 -6
1 -5 -7
1 -5 -9
1 -6 0
1 -6 -1
1 -6 -2
1 -6 -3
1 -6 -4
1 -6 -5
1 -6 -7
1 -6 -9
1 -7 -1
1 -7 -2
1 -7 -3
1 -7 -4
1 -7 -6
1 -7 -7
1 -8 -1
1 -8 -2
1 -8 -3
1 -8 -4
1 -8 -5
1 -8 -8
1 -9 -1
1 -9 -5
1 -9 -6
1 -9 -8
2 0 0
2 0 -1
2 0 -3
2 0 -5
2 0 -6
2 0 -7
2 0 -8
2 0 -9
2 -1 0
2 -1 -1
2 -1 -2
2 -1 -4
2 -1 -5
2 -1 -6
2 -1 -7
2 -1 -8
2 -2 -1
2 -2 -2
2 -2 -3
2 -2 -4
2 -2 -6
2 -3 0
2 -3 -3
2 -3 -5
2 -3 -7
2 -4 0
2 -4 -2
2 -4 -3
2 -4 -6
2 -4 -7
2 -5 0
2 -5 -2
2 -5 -3
2 -5 -5
2 -5 -6
2 -5 -7
2 -5 -9
2 -6 0
2 -6 -1
2 -6 -2
2 -6 -3
2 -6 -4
2 -6 -5
2 -6 -7
2 -6 -9
2 -7 -1
2 -7 -2
2 -7 -3
2 -7 -4
2 -7 -6
2 -7 -7
2 -8 -1
2 -8 -2
2 -8 -3
2 -8 -4
2 -8 -5
2 -8 -8
2 -9 -1
2 -9 -5
2 -9 -6
2 -9 -8
3 0 0
3 0 -1
3 0 -3
3 0 -5
3 0 -6
3 0 -7
3 0 -8
3 0 -9
3 -1 0
3 -1 -1
3 -1 -2
3 -1 -4
3 -1 -5
3 -1 -6
3 -1 -7
3 -1 -8
3 -2 -1
3 -2 -2
3 -2 -3
3 -2 -4
3 -2 -6
3 -3 0
3 -3 -3
3 -3 -5
3 -3 -7
3 -4 0
3 -4 -2
3 -4 -3
3 -4 -6
3 -4 -7
3 -5 0
3 -5 -2
3 -5 -3
3 -5 -5
3 -5 -6
3 -5 -7
3 -5 -9
3 -6 0
3 -6 -1
3 -6 -2
3 -6 -3
3 -6 -4
3 -6 -5
3 -6 -7
3 -6 -9
3 -7 -1
3 -7 -2
3 -7 -3
3 -7 -4
3 -7 -6
3 -7 -7
3 -8 -1
3 -8 -2
3 -8 -3
3 -8 -4
3 -8 -5
3 -8 -8
3 -9 -1
3 -9 -5
3 -9 -6
3 -9 -8
4 0 0
4 0 -1
4 0 -3
4 0 -5
4 0 -6
4 0 -7
4 0 -8
4 0 -9
4 -1 0
4 -1 -1
4 -1 -2
4 -1 -4
4 -1 -5
4 -1 -6
4 -1 -7
4 -1 -8
4 -2 -1
4 -2 -2
4 -2 -3
4 -2 -4
4 -2 -6
4 -3 0
4 -3 -3
4 -3 -5
4 -3 -7
4 -4 0
4 -4 -2
4 -4 -3
4 -4 -6
4 -4 -7
4 -5 0
4 -5 -2
4 -5 -3
4 -5 -5
4 -5 -6
4 -5 -7
4 -5 -9
4 -6 0
4 -6 -1
4 -6 -2
4 -6 -3
4 -6 -4
4 -6 -5
4 -6 -7
4 -6 -9
4 -7 -1
4 -7 -2
4 -7 -3
4 -7 -4
4 -7 -6
4 -7 -7
4 -8 -1
4 -8 -2
4 -8 -3
4 -8 -4
4 -8 -5
4 -8 -8
4 -9 -1
4 -9 -5
4 -9 -6
4 -9 -8
5 0 0
5 0 -1
5 0 -3
5 0 -5
5 0 -6
5 0 -7
5 0 -8
5 0 -9
5 -1 0
5 -1 -1
5 -1 -2
5 -1 -4
5 -1 -5
5 -1 -6
5 -1 -7
5 -1 -8
5 -2 -1
5 -2 -2
5 -2 -3
5 -2 -4
5 -2 -6
5 -3 0
5 -3 -3
5 -3 -5
5 -3 -7
5 -4 0
5 -4 -2
5 -4 -3
5 -4 -6
5 -4 -7
5 -5 0
5 -5 -2
5 -5 -3
5 -5 -5
5 -5 -6
5 -5 -7
5 -5 -9
5 -6 0
5 -6 -1
5 -6 -2
5 -6 -3
5 -6 -4
5 -6 -5
5 -6 -7
5 -6 -9
5 -7 -1
5 -7 -2
5 -7 -3
5 -7 -4
5 -7 -6
5 -7 -7
5 -8 -1
5 -8 -2
5 -8 -3
5 -8 -4
5 -8 -5
5 -8 -8
5 -9 -1
5 -9 -5
5 -9 -6
5 -9 -8
6 0 0
6 0 -1
6 0 -3
6 0 -5
6 0 -6
6 0 -7
6 0 -8
6 0 -9
6 -1 0
6 -1 -1
6 -1 -2
6 -1 -4
6 -1 -5
6 -1 -6
6 -1 -7
6 -1 -8
6 -2 -1
6 -2 -2
6 -2 -3
6 -2 -4
6 -2 -6
6 -3 0
6 -3 -3
6 -3 -5
6 -3 -7
6 -4 0
6 -4 -2
6 -4 -3
6 -4 -6
6 -4 -7
6 -5 0
6 -5 -2
6 -5 -3
6 -5 -5
6 -5 -6
6 -5 -7
6 -5 -9
6 -6 0
6 -6 -1
6 -6 -2
6 -6 -3
6 -6 -4
6 -6 -5
6 -6 -7
6 -6 -9
6 -7 -1
6 -7 -2
6 -7 -3
6 -7 -4
6 -7 -6
6 -7 -7
6 -8 -1
6 -8 -2
6 -8 -3
6 -8 -4
6 -8 -5
6 -8 -8
6 -9 -1
6 -9 -5
6 -9 -6
6 -9 -8
7 0 0
7 0 -1
7 0 -3
7 0 -5
7 0 -6
7 0 -7
7 0 -8
7 0 -9
7 -1 0
7 -1 -1
7 -1 -2
7 -1 -4
7 -1 -5
7 -1 -6
7 -1 -7
7 -1 -8
7 -2 -1
7 -2 -2
7 -2 -3
7 -2 -4
7 -2 -6
7 -3 0
7 -3 -3
7 -3 -5
7 -3 -7
7 -4 0
7 -4 -2
7 -4 -3
7 -4 -6
7 -4 -7
7 -5 0
7 -5 -2
7 -5 -3
7 -5 -5
7 -5 -6
7 -5 -7
7 -5 -9
7 -6 0
7 -6 -1
7 -6 -2
7 -6 -3
7 -6 -4
7 -6 -5
7 -6 -7
7 -6 -9
7 -7 -1
7 -7 -2
7 -7 -3
7 -7 -4
7 -7 -6
7 -7 -7
7 -8 -1
7 -8 -2
7 -8 -3
7 -8 -4
7 -8 -5
7 -8 -8
7 -9 -1
7 -9 -5
7 -9 -6
7 -9 -8
8 0 0
8 0 -1
8 0 -3
8 0 -5
8 0 -6
8 0 -7
8 0 -8
8 0 -9
8 -1 0
8 -1 -1
8 -1 -2
8 -1 -4
8 -1 -5
8 -1 -6
8 -1 -7
8 -1 -8
8 -2 -1
8 -2 -2
8 -2 -3
8 -2 -4
8 -2 -6
8 -3 0
8 -3 -3
8 -3 -5
8 -3 -7
8 -4 0
8 -4 -2
8 -4 -3
8 -4 -6
8 -4 -7
8 -5 0
8 -5 -2
8 -5 -3
8 -5 -5
8 -5 -6
8 -5 -7
8 -5 -9
8 -6 0
8 -6 -1
8 -6 -2
8 -6 -3
8 -6 -4
8 -6 -5
8 -6 -7
8 -6 -9
8 -7 -1
8 -7 -2
8 -7 -3
8 -7 -4
8 -7 -6
8 -7 -7
8 -8 -1
8 -8 -2
8 -8 -3
8 -8 -4
8 -8 -5
8 -8 -8
8 -9 -1
8 -9 -5
8 -9 -6
8 -9 -8
9 0 0
9 0 -1
9 0 -3
9 0 -5
9 0 -6
9 0 -7
9 0 -8
9 0 -9
9 -1 0
9 -1 -1
9 -1 -2
9 -1 -4
9 -1 -5
9 -1 -6
9 -1 -7
9 -1 -8
9 -2 -1
9 -2 -2
9 -2 -3
9 -2 -4
9 -2 -6
9 -3 0
9 -3 -3
9 -3 -5
9 -3 -7
9 -4 0
9 -4 -2
9 -4 -3
9 -4 -6
9 -4 -7
9 -5 0
9 -5 -2
9 -5 -3
9 -5 -5
9 -5 -6
9 -5 -7
9 -5 -9
9 -6 0
9 -6 -1
9 -6 -2
9 -6 -3
9 -6 -4
9 -6 -5
9 -6 -7
9 -6 -9
9 -7 -1
9 -7 -2
9 -7 -3
9 -7 -4
9 -7 -6
9 -7 -7
9 -8 -1
9 -8 -2
9 -8 -3
9 -8 -4
9 -8 -5
9 -8 -8
9 -9 -1
9 -9 -5
9 -9 -6
9 -9 -8
10 0 0
10 0 -1
10 0 -3
10 0 -5
10 0 -6
10 0 -7
10 0 -8
10 0 -9
10 -1 0
10 -1 -1
10 -1 -2
10 -1 -4
10 -1 -5
10 -1 -6
10 -1 -7
10 -1 -8
10 -2 -1
10 -2 -2
10 -2 -3
10 -2 -4
10 -2 -6
10 -3 0
10 -3 -3
10 -3 -5
10 -3 -7
10 -4 0
10 -4 -2
10 -4 -3
10 -4 -6
10 -4 -7
10 -5 0
10 -5 -2
10 -5 -3
10 -5 -5
10 -5 -6
10 -5 -7
10 -5 -9
10 -6 0
10 -6 -1
10 -6 -2
10 -6 -3
10 -6 -4
10 -6 -5
10 -6 -7
10 -6 -9
10 -7 -1
10 -7 -2
10 -7 -3
10 -7 -4
10 -7 -6
10 -7 -7
10 -8 -1
10 -8 -2
10 -8 -3
10 -8 -4
10 -8 -5
10 -8 -8
10 -9 -1
10 -9 -5
10 -9 -6
10 -9 -8
11 0 0
11 0 -1
11 0 -3
11 0 -5
11 0 -6
11 0 -7
11 0 -8
11 0 -9
11 -1 0
11 -1 -1
11 -1 -2
11 -1 -4
11 -1 -5
11 -1 -6
11 -1 -7
11 -1 -8
11 -2 -1
11 -2 -2
11 -2 -3
11 -2 -4
11 -2 -6
11 -3 0
11 -3 -3
11 -3 -5
11 -3 -7
11 -4 0
11 -4 -2
11 -4 -3
11 -4 -6
11 -4 -7
11 -5 0
11 -5 -2
11 -5 -3
11 -5 -5
11 -5 -6
11 -5 -7
11 -5 -9
11 -6 0
11 -6 -1
11 -6 -2
11 -6 -3
11 -6 -4
11 -6 -5
11 -6 -7
11 -6 -9
11 -7 -1
11 -7 -2
11 -7 -3
11 -7 -4
11 -7 -6
11 -7 -7
11 -8 -1
11 -8 -2
11 -8 -3
11 -8 -4
11 -8 -5
11 -8 -8
11 -9 -1
11 -9 -5
11 -9 -6
11 -9 -8
12 0 0
12 0 -1
12 0 -3
12 0 -5
12 0 -6
12 0 -7
12 0 -8
12 0 -9
12 -1 0
12 -1 -1
12 -1 -2
12 -1 -4
12 -1 -5
12 -1 -6
12 -1 -7
12 -1 -8
12 -2 -1
12 -2 -2
12 -2 -3
12 -2 -4
12 -2 -6
12 -3 0
12 -3 -3
12 -3 -5
12 -3 -7
12 -4 0
12 -4 -2
12 -4 -3
12 -4 -6
12 -4 -7
12 -5 0
12 -5 -2
12 -5 -3
12 -5 -5
12 -5 -6
12 -5 -7
12 -5 -9
12 -6 0
12 -6 -1
12 -6 -2
12 -6 -3
12 -6 -4
12 -6 -5
12 -6 -7
12 -6 -9
12 -7 -1
12 -7 -2
12 -7 -3
12 -7 -4
12 -7 -6
12 -7 -7
12 -8 -1
12 -8 -2
12 -8 -3
12 -8 -4
12 -8 -5
12 -8 -8
12 -9 -1
12 -9 -5
12 -9 -6
12 -9 -8
13 0 0
13 0 -1
13 0 -3
13 0 -5
13 0 -6
13 0 -7
13 0 -8
13 0 -9
13 -1 0
13 -1 -1
13 -1 -2
13 -1 -4
13 -1 -5
13 -1 -6
13 -1 -7
13 -1 -8
13 -2 -1
13 -2 -2
13 -2 -3
13 -2 -4
13 -2 -6
13 -3 0
13 -3 -3
13 -3 -5
13 -3 -7
13 -4 0
13 -4 -2
13 -4 -3
13 -4 -6
13 -4 -7
13 -5 0
13 -5 -2
13 -5 -3
13 -5 -5
13 -5 -6
13 -5 -7
13 -5 -9
13 -6 0
13 -6 -1
13 -6 -2
13 -6 -3
13 -6 -4
13 -6 -5
13 -6 -7
13 -6 -9
13 -7 -1
13 -7 -2
13 -7 -3
13 -7 -4
13 -7 -6
13 -7 -7
13 -8 -1
13 -8 -2
13 -8 -3
13 -8 -4
13 -8 -5
13 -8 -8
13 -9 -1
13 -9 -5
13 -9 -6
13 -9 -8
14 0 0
14 0 -1
14 0 -3
14 0 -5
14 0 -6
14 0 -7
14 0 -8
14 0 -9
14 -1 0
14 -1 -1
14 -1 -2
14 -1 -4
14 -1 -5
14 -1 -6
14 -1 -7
14 -1 -8
14 -2 -1
14 -2 -2
14 -2 -3
14 -2 -4
14 -2 -6
14 -3 0
14 -3 -3
14 -3 -5
14 -3 -7
14 -4 0
14 -4 -2
14 -4 -3
14 -4 -6
14 -4 -7
14 -5 0
14 -5 -2
14 -5 -3
14 -5 -5
14 -5 -6
14 -5 -7
14 -5 -9
14 -6 0
14 -6 -1
14 -6 -2
14 -6 -3
14 -6 -4
14 -6 -5
14 -6 -7
14 -6 -9
14 -7 -1
14 -7 -2
14 -7 -3
14 -7 -4
14 -7 -6
14 -7 -7
14 -8 -1
14 -8 -2
14 -8 -3
14 -8 -4
14 -8 -5
14 -8 -8
14 -9 -1
14 -9 -5
14 -9 -6
14 -9 -8
15 0 0
15 0 -1
15 0 -3
15 0 -5
15 0 -6
15 0 -7
15 0 -8
15 0 -9
15 -1 0
15 -1 -1
15 -1 -2
15 -1 -4
15 -1 -5
15 -1 -6
15 -1 -7
15 -1 -8
15 -2 -1
15 -2 -2
15 -2 -3
15 -2 -4
15 -2 -6
15 -3 0
15 -3 -3
15 -3 -5
15 -3 -7
15 -4 0
15 -4 -2
15 -4 -3
15 -4 -6
15 -4 -7
15 -5 0
15 -5 -2
15 -5 -3
15 -5 -5
15 -5 -6
15 -5 -7
15 -5 -9
15 -6 0
15 -6 -1
15 -6 -2
15 -6 -3
15 -6 -4
15 -6 -5
15 -6 -7
15 -6 -9
15 -7 -1
15 -7 -2
15 -7 -3
15 -7 -4
15 -7 -6
15 -7 -7
15 -8 -1
15 -8 -2
15 -8 -3
15 -8 -4
15 -8 -5
15 -8 -8
15 -9 -1
15 -9 -5
15 -9 -6
15 -9 -8
16 0 0
16 0 -1
16 0 -3
16 0 -5
16 0 -6
16 0 -7
16 0 -8
16 0 -9
16 -1 0
16 -1 -1
16 -1 -2
16 -1 -4
16 -1 -5
16 -1 -6
16 -1 -7
16 -1 -8
16 -2 -1
16 -2 -2
16 -2 -3
16 -2 -4
16 -2 -6
16 -3 0
16 -3 -3
16 -3 -5
16 -3 -7
16 -4 0
16 -4 -2
16 -4 -3
16 -4 -6
16 -4 -7
16 -5 0
16 -5 -2
16 -5 -3
16 -5 -5
16 -5 -6
16 -5 -7
16 -5 -9
16 -6 0
16 -6 -1
16 -6 -2
16 -6 -3
16 -6 -4
16 -6 -5
16 -6 -7
16 -6 -9
16 -7 -1
16 -7 -2
16 -7 -3
16 -7 -4
16 -7 -6
16 -7 -7
16 -8 -1
16 -8 -2
16 -8 -3
16 -8 -4
16 -8 -5
16 -8 -8
16 -9 -1
16 -9 -5
16 -9 -6
16 -9 -8
17 0 0
17 0 -1
17 0 -3
17 0 -5
17 0 -6
17 0 -7
17 0 -8
17 0 -9
17 -1 0
17 -1 -1
17 -1 -2
17 -1 -4
17 -1 -5
17 -1 -6
17 -1 -7
17 -1 -8
17 -2 -1
17 -2 -2
17 -2 -3
17 -2 -4
17 -2 -6
17 -3 0
17 -3 -3
17 -3 -5
17 -3 -7
17 -4 0
17 -4 -2
17 -4 -3
17 -4 -6
17 -4 -7
17 -5 0
17 -5 -2
17 -5 -3
17 -5 -5
17 -5 -6
17 -5 -7
17 -5 -9
17 -6 0
17 -6 -1
17 -6 -2
17 -6 -3
17 -6 -4
17 -6 -5
17 -6 -7
17 -6 -9
17 -7 -1
17 -7 -2
17 -7 -3
17 -7 -4
17 -7 -6
17 -7 -7
17 -8 -1
17 -8 -2
17 -8 -3
17 -8 -4
17 -8 -5
17 -8 -8
17 -9 -1
17 -9 -5
17 -9 -6
17 -9 -8
18 0 0
18 0 -1
18 0 -3
18 0 -5
18 0 -6
18 0 -7
18 0 -8
18 0 -9
18 -1 0
18 -1 -1
18 -1 -2
18 -1 -4
18 -1 -5
18 -1 -6
18 -1 -7
18 -1 -8
18 -2 -1
18 -2 -2
18 -2 -3
18 -2 -4
18 -2 -6
18 -3 0
18 -3 -3
18 -3 -5
18 -3 -7
18 -4 0
18 -4 -2
18 -4 -3
18 -4 -6
18 -4 -7
18 -5 0
18 -5 -2
18 -5 -3
18 -5 -5
18 -5 -6
18 -5 -7
18 -5 -9
18 -6 0
18 -6 -1
18 -6 -2
18 -6 -3
18 -6 -4
18 -6 -5
18 -6 -7
18 -6 -9
18 -7 -1
18 -7 -2
18 -7 -3
18 -7 -4
18 -7 -6
18 -7 -7
18 -8 -1
18 -8 -2
18 -8 -3
18 -8 -4
18 -8 -5
18 -8 -8
18 -9 -1
18 -9 -5
18 -9 -6
18 -9 -8
19 0 0
19 0 -1
19 0 -3
19 0 -5
19 0 -6
19 0 -7
19 0 -8
19 0 -9
19 -1 0
19 -1 -1
19 -1 -2
19 -1 -4
19 -1 -5
19 -1 -6
19 -1 -7
19 -1 -8
19 -2 -1
19 -2 -2
19 -2 -3
19 -2 -4
19 -2 -6
19 -3 0
19 -3 -3
19 -3 -5
19 -3 -7
19 -4 0
19 -4 -2
19 -4 -3
19 -4 -6
19 -4 -7
19 -5 0
19 -5 -2
19 -5 -3
19 -5 -5
19 -5 -6
19 -5 -7
19 -5 -9
19 -6 0
19 -6 -1
19 -6 -2
19 -6 -3
19 -6 -4
19 -6 -5
19 -6 -7
19 -6 -9
19 -7 -1
19 -7 -2
19 -7 -3
19 -7 -4
19 -7 -6
19 -7 -7
19 -8 -1
19 -8 -2
19 -8 -3
19 -8 -4
19 -8 -5
19 -8 -8
19 -9 -1
19 -9 -5
19 -9 -6
19 -9 -8
20 0 0
20 0 -1
20 0 -3
20 0 -5
20 0 -6
20 0 -7
20 0 -8
20 0 -9
20 -1 0
20 -1 -1
20 -1 -2
20 -1 -4
20 -1 -5
20 -1 -6
20 -1 -7
20 -1 -8
20 -2 -1
20 -2 -2
20 -2 -3
20 -2 -4
20 -2 -6
20 -3 0
20 -3 -3
20 -3 -5
20 -3 -7
20 -4 0
20 -4 -2
20 -4 -3
20 -4 -6
20 -4 -7
20 -5 0
20 -5 -2
20 -5 -3
20 -5 -5
20 -5 -6
20 -5 -7
20 -5 -9
20 -6 0
20 -6 -1
20 -6 -2
20 -6 -3
20 -6 -4
20 -6 -5
20 -6 -7
20 -6 -9
20 -7 -1
20 -7 -2
20 -7 -3
20 -7 -4
20 -7 -6
20 -7 -7
20 -8 -1
20 -8 -2
20 -8 -3
20 -8 -4
20 -8 -5
20 -8 -8
20 -9 -1
20 -9 -5
20 -9 -6
20 -9 -8
21 0 0
21 0 -1
21 0 -3
21 0 -5
21 0 -6
21 0 -7
21 0 -8
21 0 -9
21 -1 0
21 -1 -1
21 -1 -2
21 -1 -4
21 -1 -5
21 -1 -6
21 -1 -7
21 -1 -8
21 -2 -1
21 -2 -2
21 -2 -3
21 -2 -4
21 -2 -6
21 -3 0
21 -3 -3
21 -3 -5
21 -3 -7
21 -4 0
21 -4 -2
21 -4 -3
21 -4 -6
21 -4 -7
21 -5 0
21 -5 -2
21 -5 -3
21 -5 -5
21 -5 -6
21 -5 -7
21 -5 -9
21 -6 0
21 -6 -1
21 -6 -2
21 -6 -3
21 -6 -4
21 -6 -5
21 -6 -7
21 -6 -9
21 -7 -1
21 -7 -2
21 -7 -3
21 -7 -4
21 -7 -6
21 -7 -7
21 -8 -1
21 -8 -2
21 -8 -3
21 -8 -4
21 -8 -5
21 -8 -8
21 -9 -1
21 -9 -5
21 -9 -6
21 -9 -8
22 0 0
22 0 -1
22 0 -3
22 0 -5
22 0 -6
22 0 -7
22 0 -8
22 0 -9
22 -1 0
22 -1 -1
22 -1 -2
22 -1 -4
22 -1 -5
22 -1 -6
22 -1 -7
22 -1 -8
22 -2 -1
22 -2 -2
22 -2 -3
22 -2 -4
22 -2 -6
22 -3 0
22 -3 -3
22 -3 -5
22 -3 -7
22 -4 0
22 -4 -2
22 -4 -3
22 -4 -6
22 -4 -7
22 -5 0
22 -5 -2
22 -5 -3
22 -5 -5
22 -5 -6
22 -5 -7
22 -5 -9
22 -6 0
22 -6 -1
22 -6 -2
22 -6 -3
22 -6 -4
22 -6 -5
22 -6 -7
22 -6 -9
22 -7 -1
22 -7 -2
22 -7 -3
22 -7 -4
22 -7 -6
22 -7 -7
22 -8 -1
22 -8 -2
22 -8 -3
22 -8 -4
22 -8 -5
22 -8 -8
22 -9 -1
22 -9 -5
22 -9 -6
22 -9 -8
23 0 0
23 0 -1
23 0 -3
23 0 -5
23 0 -6
23 0 -7
23 0 -8
23 0 -9
23 -1 0
23 -1 -1
23 -1 -2
23 -1 -4
23 -1 -5
23 -1 -6
23 -1 -7
23 -1 -8
23 -2 -1
23 -2 -2
23 -2 -3
23 -2 -4
23 -2 -6
23 -3 0
23 -3 -3
23 -3 -5
23 -3 -7
23 -4 0
23 -4 -2
23 -4 -3
23 -4 -6
23 -4 -7
23 -5 0
23 -5 -2
23 -5 -3
23 -5 -5
23 -5 -6
23 -5 -7
23 -5 -9
23 -6 0
23 -6 -1
23 -6 -2
23 -6 -3
23 -6 -4
23 -6 -5
23 -6 -7
23 -6 -9
23 -7 -1
23 -7 -2
23 -7 -3
23 -7 -4
23 -7 -6
23 -7 -7
23 -8 -1
23 -8 -2
23 -8 -3
23 -8 -4
23 -8 -5
23 -8 -8
23 -9 -1
23 -9 -5
23 -9 -6
23 -9 -8
24 0 0
24 0 -1
24 0 -3
24 0 -5
24 0 -6
24 0 -7
24 0 -8
24 0 -9
24 -1 0
24 -1 -1
24 -1 -2
24 -1 -4
24 -1 -5
24 -1 -6
24 -1 -7
24 -1 -8
24 -2 -1
24 -2 -2
24 -2 -3
24 -2 -4
24 -2 -6
24 -3 0
24 -3 -3
24 -3 -5
24 -3 -7
24 -4 0
24 -4 -2
24 -4 -3
24 -4 -6
24 -4 -7
24 -5 0
24 -5 -2
24 -5 -3
24 -5 -5
24 -5 -6
24 -5 -7
24 -5 -9
24 -6 0
24 -6 -1
24 -6 -2
24 -6 -3
24 -6 -4
24 -6 -5
24 -6 -7
24 -6 -9
24 -7 -1
24 -7 -2
24 -7 -3
24 -7 -4
24 -7 -6
24 -7 -7
24 -8 -1
24 -8 -2
24 -8 -3
24 -8 -4
24 -8 -5
24 -8 -8
24 -9 -1
24 -9 -5
24 -9 -6
24 -9 -8
25 0 0
25 0 -1
25 0 -3
25 0 -5
25 0 -6
25 0 -7
25 0 -8
25 0 -9
25 -1 0
25 -1 -1
25 -1 -2
25 -1 -4
25 -1 -5
25 -1 -6
25 -1 -7
25 -1 -8
25 -2 -1
25 -2 -2
25 -2 -3
25 -2 -4
25 -2 -6
25 -3 0
25 -3 -3
25 -3 -5
25 -3 -7
25 -4 0
25 -4 -2
25 -4 -3
25 -4 -6
25 -4 -7
25 -5 0
25 -5 -2
25 -5 -3
25 -5 -5
25 -5 -6
25 -5 -7
25 -5 -9
25 -6 0
25 -6 -1
25 -6 -2
25 -6 -3
25 -6 -4
25 -6 -5
25 -6 -7
25 -6 -9
25 -7 -1
25 -7 -2
25 -7 -3
25 -7 -4
25 -7 -6
25 -7 -7
25 -8 -1
25 -8 -2
25 -8 -3
25 -8 -4
25 -8 -5
25 -8 -8
25 -9 -1
25 -9 -5
25 -9 -6
25 -9 -8
26 0 0
26 0 -1
26 0 -3
26 0 -5
26 0 -6
26 0 -7
26 0 -8
26 0 -9
26 -1 0
26 -1 -1
26 -1 -2
26 -1 -4
26 -1 -5
26 -1 -6
26 -1 -7
26 -1 -8
26 -2 -1
26 -2 -2
26 -2 -3
26 -2 -4
26 -2 -6
26 -3 0
26 -3 -3
26 -3 -5
26 -3 -7
26 -4 0
26 -4 -2
26 -4 -3
26 -4 -6
26 -4 -7
26 -5 0
26 -5 -2
26 -5 -3
26 -5 -5
26 -5 -6
26 -5 -7
26 -5 -9
26 -6 0
26 -6 -1
26 -6 -2
26 -6 -3
26 -6 -4
26 -6 -5
26 -6 -7
26 -6 -9
26 -7 -1
26 -7 -2
26 -7 -3
26 -7 -4
26 -7 -6
26 -7 -7
26 -8 -1
26 -8 -2
26 -8 -3
26 -8 -4
26 -8 -5
26 -8 -8
26 -9 -1
26 -9 -5
26 -9 -6
26 -9 -8
27 0 0
27 0 -1
27 0 -3
27 0 -5
27 0 -6
27 0 -7
27 0 -8
27 0 -9
27 -1 0
27 -1 -1
27 -1 -2
27 -1 -4
27 -1 -5
27 -1 -6
27 -1 -7
27 -1 -8
27 -2 -1
27 -2 -2
27 -2 -3
27 -2 -4
27 -2 -6
27 -3 0
27 -3 -3
27 -3 -5
27 -3 -7
27 -4 0
27 -4 -2
27 -4 -3
27 -4 -6
27 -4 -7
27 -5 0
27 -5 -2
27 -5 -3
27 -5 -5
27 -5 -6
27 -5 -7
27 -5 -9
27 -6 0
27 -6 -1
27 -6 -2
27 -6 -3
27 -6 -4
27 -6 -5
27 -6 -7
27 -6 -9
27 -7 -1
27 -7 -2
27 -7 -3
27 -7 -4
27 -7 -6
27 -7 -7
27 -8 -1
27 -8 -2
27 -8 -3
27 -8 -4
27 -8 -5
27 -8 -8
27 -9 -1
27 -9 -5
27 -9 -6
27 -9 -8
28 0 0
28 0 -1
28 0 -3
28 0 -5
28 0 -6
28 0 -7
28 0 -8
28 0 -9
28 -1 0
28 -1 -1
28 -1 -2
28 -1 -4
28 -1 -5
28 -1 -6
28 -1 -7
28 -1 -8
28 -2 -1
28 -2 -2
28 -2 -3
28 -2 -4
28 -2 -6
28 -3 0
28 -3 -3
28 -3 -5
28 -3 -7
28 -4 0
28 -4 -2
28 -4 -3
28 -4 -6
28 -4 -7
28 -5 0
28 -5 -2
28 -5 -3
28 -5 -5
28 -5 -6
28 -5 -7
28 -5 -9
28 -6 0
28 -6 -1
28 -6 -2
28 -6 -3
28 -6 -4
28 -6 -5
28 -6 -7
28 -6 -9
28 -7 -1
28 -7 -2
28 -7 -3
28 -7 -4
28 -7 -6
28 -7 -7
28 -8 -1
28 -8 -2
28 -8 -3
28 -8 -4
28 -8 -5
28 -8 -8
28 -9 -1
28 -9 -5
28 -9 -6
28 -9 -8
29 0 0
29 0 -1
29 0 -3
29 0 -5
29 0 -6
29 0 -7
29 0 -8
29 0 -9
29 -1 0
29 -1 -1
29 -1 -2
29 -1 -4
29 -1 -5
29 -1 -6
29 -1 -7
29 -1 -8
29 -2 -1
29 -2 -2
29 -2 -3
29 -2 -4
29 -2 -6
29 -3 0
29 -3 -3
29 -3 -5
29 -3 -7
29 -4 0
29 -4 -2
29 -4 -3
29 -4 -6
29 -4 -7
29 -5 0
29 -5 -2
29 -5 -3
29 -5 -5
29 -5 -6
29 -5 -7
29 -5 -9
29 -6 0
29 -6 -1
29 -6 -2
29 -6 -3
29 -6 -4
29 -6 -5
29 -6 -7
29 -6 -9
29 -7 -1
29 -7 -2
29 -7 -3
29 -7 -4
29 -7 -6
29 -7 -7
29 -8 -1
29 -8 -2
29 -8 -3
29 -8 -4
29 -8 -5
29 -8 -8
29 -9 -1
29 -9 -5
29 -9 -6
29 -9 -8
30 0 0
30 0 -1
30 0 -3
30 0 -5
30 0 -6
30 0 -7
30 0 -8
30 0 -9
30 -1 0
30 -1 -1
30 -1 -2
30 -1 -4
30 -1 -5
30 -1 -6
30 -1 -7
30 -1 -8
30 -2 -1
30 -2 -2
30 -2 -3
30 -2 -4
30 -2 -6
30 -3 0
30 -3 -3
30 -3 -5
30 -3 -7
30 -4 0
30 -4 -2
30 -4 -3
30 -4 -6
30 -4 -7
30 -5 0
30 -5 -2
30 -5 -3
30 -5 -5
30 -5 -6
30 -5 -7
30 -5 -9
30 -6 0
30 -6 -1
30 -6 -2
30 -6 -3
30 -6 -4
30 -6 -5
30 -6 -7
30 -6 -9
30 -7 -1
30 -7 -2
30 -7 -3
30 -7 -4
30 -7 -6
30 -7 -7
30 -8 -1
30 -8 -2
30 -8 -3
30 -8 -4
30 -8 -5
30 -8 -8
30 -9 -1
30 -9 -5
30 -9 -6
30 -9 -8
31 0 0
31 0 -1
31 0 -3
31 0 -5
31 0 -6
31 0 -7
31 0 -8
31 0 -9
31 -1 0
31 -1 -1
31 -1 -2
31 -1 -4
31 -1 -5
31 -1 -6
31 -1 -7
31 -1 -8
31 -2 -1
31 -2 -2
31 -2 -3
31 -2 -4
31 -2 -6
31 -3 0
31 -3 -3
31 -3 -5
31 -3 -7
31 -4 0
31 -4 -2
31 -4 -3
31 -4 -6
31 -4 -7
31 -5 0
31 -5 -2
31 -5 -3
31 -5 -5
31 -5 -6
31 -5 -7
31 -5 -9
31 -6 0
31 -6 -1
31 -6 -2
31 -6 -3
31 -6 -4
31 -6 -5
31 -6 -7
31 -6 -9
31 -7 -1
31 -7 -2
31 -7 -3
31 -7 -4
31 -7 -6
31 -7 -7
31 -8 -1
31 -8 -2
31 -8 -3
31 -8 -4
31 -8 -5
31 -8 -8
31 -9 -1
31 -9 -5
31 -9 -6
31 -9 -8
32 0 0
32 0 -1
32 0 -3
32 0 -5
32 0 -6
32 0 -7
32 0 -8
32 0 -9
32 -1 0
32 -1 -1
32 -1 -2
32 -1 -4
32 -1 -5
32 -1 -6
32 -1 -7
32 -1 -8
32 -2 -1
32 -2 -2
32 -2 -3
32 -2 -4
32 -2 -6
32 -3 0
32 -3 -3
32 -3 -5
32 -3 -7
32 -4 0
32 -4 -2
32 -4 -3
32 -4 -6
32 -4 -7
32 -5 0
32 -5 -2
32 -5 -3
32 -5 -5
32 -5 -6
32 -5 -7
32 -5 -9
32 -6 0
32 -6 -1
32 -6 -2
32 -6 -3
32 -6 -4
32 -6 -5
32 -6 -7
32 -6 -9
32 -7 -1
32 -7 -2
32 -7 -3
32 -7 -4
32 -7 -6
32 -7 -7
32 -8 -1
32 -8 -2
32 -8 -3
32 -8 -4
32 -8 -5
32 -8 -8
32 -9 -1
32 -9 -5
32 -9 -6
32 -9 -8
33 0 0
33 0 -1
33 0 -3
33 0 -5
33 0 -6
33 0 -7
33 0 -8
33 0 -9
33 -1 0
33 -1 -1
33 -1 -2
33 -1 -4
33 -1 -5
33 -1 -6
33 -1 -7
33 -1 -8
33 -2 -1
33 -2 -2
33 -2 -3
33 -2 -4
33 -2 -6
33 -3 0
33 -3 -3
33 -3 -5
33 -3 -7
33 -4 0
33 -4 -2
33 -4 -3
33 -4 -6
33 -4 -7
33 -5 0
33 -5 -2
33 -5 -3
33 -5 -5
33 -5 -6
33 -5 -7
33 -5 -9
33 -6 0
33 -6 -1
33 -6 -2
33 -6 -3
33 -6 -4
33 -6 -5
33 -6 -7
33 -6 -9
33 -7 -1
33 -7 -2
33 -7 -3
33 -7 -4
33 -7 -6
33 -7 -7
33 -8 -1
33 -8 -2
33 -8 -3
33 -8 -4
33 -8 -5
33 -8 -8
33 -9 -1
33 -9 -5
33 -9 -6
33 -9 -8
34 0 0
34 0 -1
34 0 -3
34 0 -5
34 0 -6
34 0 -7
34 0 -8
34 0 -9
34 -1 0
34 -1 -1
34 -1 -2
34 -1 -4
34 -1 -5
34 -1 -6
34 -1 -7
34 -1 -8
34 -2 -1
34 -2 -2
34 -2 -3
34 -2 -4
34 -2 -6
34 -3 0
34 -3 -3
34 -3 -5
34 -3 -7
34 -4 0
34 -4 -2
34 -4 -3
34 -4 -6
34 -4 -7
34 -5 0
34 -5 -2
34 -5 -3
34 -5 -5
34 -5 -6
34 -5 -7
34 -5 -9
34 -6 0
34 -6 -1
34 -6 -2
34 -6 -3
34 -6 -4
34 -6 -5
34 -6 -7
34 -6 -9
34 -7 -1
34 -7 -2
34 -7 -3
34 -7 -4
34 -7 -6
34 -7 -7
34 -8 -1
34 -8 -2
34 -8 -3
34 -8 -4
34 -8 -5
34 -8 -8
34 -9 -1
34 -9 -5
34 -9 -6
34 -9 -8
35 0 0
35 0 -1
35 0 -3
35 0 -5
35 0 -6
35 0 -7
35 0 -8
35 0 -9
35 -1 0
35 -1 -1
35 -1 -2
35 -1 -4
35 -1 -5
35 -1 -6
35 -1 -7
35 -1 -8
35 -2 -1
35 -2 -2
35 -2 -3
35 -2 -4
35 -2 -6
35 -3 0
35 -3 -3
35 -3 -5
35 -3 -7
35 -4 0
35 -4 -2
35 -4 -3
35 -4 -6
35 -4 -7
35 -5 0
35 -5 -2
35 -5 -3
35 -5 -5
35 -5 -6
35 -5 -7
35 -5 -9
35 -6 0
35 -6 -1
35 -6 -2
35 -6 -3
35 -6 -4
35 -6 -5
35 -6 -7
35 -6 -9
35 -7 -1
35 -7 -2
35 -7 -3
35 -7 -4
35 -7 -6
35 -7 -7
35 -8 -1
35 -8 -2
35 -8 -3
35 -8 -4
35 -8 -5
35 -8 -8
35 -9 -1
35 -9 -5
35 -9 -6
35 -9 -8
36 0 0
36 0 -1
36 0 -3
36 0 -5
36 0 -6
36 0 -7
36 0 -8
36 0 -9
36 -1 0
36 -1 -1
36 -1 -2
36 -1 -4
36 -1 -5
36 -1 -6
36 -1 -7
36 -1 -8
36 -2 -1
36 -2 -2
36 -2 -3
36 -2 -4
36 -2 -6
36 -3 0
36 -3 -3
36 -3 -5
36 -3 -7
36 -4 0
36 -4 -2
36 -4 -3
36 -4 -6
36 -4 -7
36 -5 0
36 -5 -2
36 -5 -3
36 -5 -5
36 -5 -6
36 -5 -7
36 -5 -9
36 -6 0
36 -6 -1
36 -6 -2
36 -6 -3
36 -6 -4
36 -6 -5
36 -6 -7
36 -6 -9
36 -7 -1
36 -7 -2
36 -7 -3
36 -7 -4
36 -7 -6
36 -7 -7
36 -8 -1
36 -8 -2
36 -8 -3
36 -8 -4
36 -8 -5
36 -8 -8
36 -9 -1
36 -9 -5
36 -9 -6
36 -9 -8
37 0 0
37 0 -1
37 0 -3
37 0 -5
37 0 -6
37 0 -7
37 0 -8
37 0 -9
37 -1 0
37 -1 -1
37 -1 -2
37 -1 -4
37 -1 -5
37 -1 -6
37 -1 -7
37 -1 -8
37 -2 -1
37 -2 -2
37 -2 -3
37 -2 -4
37 -2 -6
37 -3 0
37 -3 -3
37 -3 -5
37 -3 -7
37 -4 0
37 -4 -2
37 -4 -3
37 -4 -6
37 -4 -7
37 -5 0
37 -5 -2
37 -5 -3
37 -5 -5
37 -5 -6
37 -5 -7
37 -5 -9
37 -6 0
37 -6 -1
37 -6 -2
37 -6 -3
37 -6 -4
37 -6 -5
37 -6 -7
37 -6 -9
37 -7 -1
37 -7 -2
37 -7 -3
37 -7 -4
37 -7 -6
37 -7 -7
37 -8 -1
37 -8 -2
37 -8 -3
37 -8 -4
37 -8 -5
37 -8 -8
37 -9 -1
37 -9 -5
37 -9 -6
37 -9 -8
38 0 0
38 0 -1
38 0 -3
38 0 -5
38 0 -6
38 0 -7
38 0 -8
38 0 -9
38 -1 0
38 -1 -1
38 -1 -2
38 -1 -4
38 -1 -5
38 -1 -6
38 -1 -7
38 -1 -8
38 -2 -1
38 -2 -2
38 -2 -3
38 -2 -4
38 -2 -6
38 -3 0
38 -3 -3
38 -3 -5
38 -3 -7
38 -4 0
38 -4 -2
38 -4 -3
38 -4 -6
38 -4 -7
38 -5 0
38 -5 -2
38 -5 -3
38 -5 -5
38 -5 -6
38 -5 -7
38 -5 -9
38 -6 0
38 -6 -1
38 -6 -2
38 -6 -3
38 -6 -4
38 -6 -5
38 -6 -7
38 -6 -9
38 -7 -1
38 -7 -2
38 -7 -3
38 -7 -4
38 -7 -6
38 -7 -7
38 -8 -1
38 -8 -2
38 -8 -3
38 -8 -4
38 -8 -5
38 -8 -8
38 -9 -1
38 -9 -5
38 -9 -6
38 -9 -8
39 0 0
39 0 -1
39 0 -3
39 0 -5
39 0 -6
39 0 -7
39 0 -8
39 0 -9
39 -1 0
39 -1 -1
39 -1 -2
39 -1 -4
39 -1 -5
39 -1 -6
39 -1 -7
39 -1 -8
39 -2 -1
39 -2 -2
39 -2 -3
39 -2 -4
39 -2 -6
39 -3 0
39 -3 -3
39 -3 -5
39 -3 -7
39 -4 0
39 -4 -2
39 -4 -3
39 -4 -6
39 -4 -7
39 -5 0
39 -5 -2
39 -5 -3
39 -5 -5
39 -5 -6
39 -5 -7
39 -5 -9
39 -6 0
39 -6 -1
39 -6 -2
39 -6 -3
39 -6 -4
39 -6 -5
39 -6 -7
39 -6 -9
39 -7 -1
39 -7 -2
39 -7 -3
39 -7 -4
39 -7 -6
39 -7 -7
39 -8 -1
39 -8 -2
39 -8 -3
39 -8 -4
39 -8 -5
39 -8 -8
39 -9 -1
39 -9 -5
39 -9 -6
39 -9 -8
40 0 0
40 0 -1
40 0 -3
40 0 -5
40 0 -6
40 0 -7
40 0 -8
40 0 -9
40 -1 0
40 -1 -1
40 -1 -2
40 -1 -4
40 -1 -5
40 -1 -6
40 -1 -7
40 -1 -8
40 -2 -1
40 -2 -2
40 -2 -3
40 -2 -4
40 -2 -6
40 -3 0
40 -3 -3
40 -3 -5
40 -3 -7
40 -4 0
40 -4 -2
40 -4 -3
40 -4 -6
40 -4 -7
40 -5 0
40 -5 -2
40 -5 -3
40 -5 -5
40 -5 -6
40 -5 -7
40 -5 -9
40 -6 0
40 -6 -1
40 -6 -2
40 -6 -3
40 -6 -4
40 -6 -5
40 -6 -7
40 -6 -9
40 -7 -1
40 -7 -2
40 -7 -3
40 -7 -4
40 -7 -6
40 -7 -7
40 -8 -1
40 -8 -2
40 -8 -3
40 -8 -4
40 -8 -5
40 -8 -8
40 -9 -1
40 -9 -5
40 -9 -6
40 -9 -8
41 0 0
41 0 -1
41 0 -3
41 0 -5
41 0 -6
41 0 -7
41 0 -8
41 0 -9
41 -1 0
41 -1 -1
41 -1 -2
41 -1 -4
41 -1 -5
41 -1 -6
41 -1 -7
41 -1 -8
41 -2 -1
41 -2 -2
41 -2 -3
41 -2 -4
41 -2 -6
41 -3 0
41 -3 -3
41 -3 -5
41 -3 -7
41 -4 0
41 -4 -2
41 -4 -3
41 -4 -6
41 -4 -7
41 -5 0
41 -5 -2
41 -5 -3
41 -5 -5
41 -5 -6
41 -5 -7
41 -5 -9
41 -6 0
41 -6 -1
41 -6 -2
41 -6 -3
41 -6 -4
41 -6 -5
41 -6 -7
41 -6 -9
41 -7 -1
41 -7 -2
41 -7 -3
41 -7 -4
41 -7 -6
41 -7 -7
41 -8 -1
41 -8 -2
41 -8 -3
41 -8 -4
41 -8 -5
41 -8 -8
41 -9 -1
41 -9 -5
41 -9 -6
41 -9 -8
42 0 0
42 0 -1
42 0 -3
42 0 -5
42 0 -6
42 0 -7
42 0 -8
42 0 -9
42 -1 0
42 -1 -1
42 -1 -2
42 -1 -4
42 -1 -5
42 -1 -6
42 -1 -7
42 -1 -8
42 -2 -1
42 -2 -2
42 -2 -3
42 -2 -4
42 -2 -6
42 -3 0
42 -3 -3
42 -3 -5
42 -3 -7
42 -4 0
42 -4 -2
42 -4 -3
42 -4 -6
42 -4 -7
42 -5 0
42 -5 -2
42 -5 -3
42 -5 -5
42 -5 -6
42 -5 -7
42 -5 -9
42 -6 0
42 -6 -1
42 -6 -2
42 -6 -3
42 -6 -4
42 -6 -5
42 -6 -7
42 -6 -9
42 -7 -1
42 -7 -2
42 -7 -3
42 -7 -4
42 -7 -6
42 -7 -7
42 -8 -1
42 -8 -2
42 -8 -3
42 -8 -4
42 -8 -5
42 -8 -8
42 -9 -1
42 -9 -5
42 -9 -6
42 -9 -8
43 0 0
43 0 -1
43 0 -3
43 0 -5
43 0 -6
43 0 -7
43 0 -8
43 0 -9
43 -1 0
43 -1 -1
43 -1 -2
43 -1 -4
43 -1 -5
43 -1 -6
43 -1 -7
43 -1 -8
43 -2 -1
43 -2 -2
43 -2 -3
43 -2 -4
43 -2 -6
43 -3 0
43 -3 -3
43 -3 -5
43 -3 -7
43 -4 0
43 -4 -2
43 -4 -3
43 -4 -6
43 -4 -7
43 -5 0
43 -5 -2
43 -5 -3
43 -5 -5
43 -5 -6
43 -5 -7
43 -5 -9
43 -6 0
43 -6 -1
43 -6 -2
43 -6 -3
43 -6 -4
43 -6 -5
43 -6 -7
43 -6 -9
43 -7 -1
43 -7 -2
43 -7 -3
43 -7 -4
43 -7 -6
43 -7 -7
43 -8 -1
43 -8 -2
43 -8 -3
43 -8 -4
43 -8 -5
43 -8 -8
43 -9 -1
43 -9 -5
43 -9 -6
43 -9 -8
44 0 0
44 0 -1
44 0 -3
44 0 -5
44 0 -6
44 0 -7
44 0 -8
44 0 -9
44 -1 0
44 -1 -1
44 -1 -2
44 -1 -4
44 -1 -5
44 -1 -6
44 -1 -7
44 -1 -8
44 -2 -1
44 -2 -2
44 -2 -3
44 -2 -4
44 -2 -6
44 -3 0
44 -3 -3
44 -3 -5
44 -3 -7
44 -4 0
44 -4 -2
44 -4 -3
44 -4 -6
44 -4 -7
44 -5 0
44 -5 -2
44 -5 -3
44 -5 -5
44 -5 -6
44 -5 -7
44 -5 -9
44 -6 0
44 -6 -1
44 -6 -2
44 -6 -3
44 -6 -4
44 -6 -5
44 -6 -7
44 -6 -9
44 -7 -1
44 -7 -2
44 -7 -3
44 -7 -4
44 -7 -6
44 -7 -7
44 -8 -1
44 -8 -2
44 -8 -3
44 -8 -4
44 -8 -5
44 -8 -8
44 -9 -1
44 -9 -5
44 -9 -6
44 -9 -8
45 0 0
45 0 -1
45 0 -3
45 0 -5
45 0 -6
45 0 -7
45 0 -8
45 0 -9
45 -1 0
45 -1 -1
45 -1 -2
45 -1 -4
45 -1 -5
45 -1 -6
45 -1 -7
45 -1 -8
45 -2 -1
45 -2 -2
45 -2 -3
45 -2 -4
45 -2 -6
45 -3 0
45 -3 -3
45 -3 -5
45 -3 -7
45 -4 0
45 -4 -2
45 -4 -3
45 -4 -6
45 -4 -7
45 -5 0
45 -5 -2
45 -5 -3
45 -5 -5
45 -5 -6
45 -5 -7
45 -5 -9
45 -6 0
45 -6 -1
45 -6 -2
45 -6 -3
45 -6 -4
45 -6 -5
45 -6 -7
45 -6 -9
45 -7 -1
45 -7 -2
45 -7 -3
45 -7 -4
45 -7 -6
45 -7 -7
45 -8 -1
45 -8 -2
45 -8 -3
45 -8 -4
45 -8 -5
45 -8 -8
45 -9 -1
45 -9 -5
45 -9 -6
45 -9 -8
46 0 0
46 0 -1
46 0 -3
46 0 -5
46 0 -6
46 0 -7
46 0 -8
46 0 -9
46 -1 0
46 -1 -1
46 -1 -2
46 -1 -4
46 -1 -5
46 -1 -6
46 -1 -7
46 -1 -8
46 -2 -1
46 -2 -2
46 -2 -3
46 -2 -4
46 -2 -6
46 -3 0
46 -3 -3
46 -3 -5
46 -3 -7
46 -4 0
46 -4 -2
46 -4 -3
46 -4 -6
46 -4 -7
46 -5 0
46 -5 -2
46 -5 -3
46 -5 -5
46 -5 -6
46 -5 -7
46 -5 -9
46 -6 0
46 -6 -1
46 -6 -2
46 -6 -3
46 -6 -4
46 -6 -5
46 -6 -7
46 -6 -9
46 -7 -1
46 -7 -2
46 -7 -3
46 -7 -4
46 -7 -6
46 -7 -7
46 -8 -1
46 -8 -2
46 -8 -3
46 -8 -4
46 -8 -5
46 -8 -8
46 -9 -1
46 -9 -5
46 -9 -6
46 -9 -8
47 0 0
47 0 -1
47 0 -3
47 0 -5
47 0 -6
47 0 -7
47 0 -8
47 0 -9
47 -1 0
47 -1 -1
47 -1 -2
47 -1 -4
47 -1 -5
47 -1 -6
47 -1 -7
47 -1 -8
47 -2 -1
47 -2 -2
47 -2 -3
47 -2 -4
47 -2 -6
47 -3 0
47 -3 -3
47 -3 -5
47 -3 -7
47 -4 0
47 -4 -2
47 -4 -3
47 -4 -6
47 -4 -7
47 -5 0
47 -5 -2
47 -5 -3
47 -5 -5
47 -5 -6
47 -5 -7
47 -5 -9
47 -6 0
47 -6 -1
47 -6 -2
47 -6 -3
47 -6 -4
47 -6 -5
47 -6 -7
47 -6 -9
47 -7 -1
47 -7 -2
47 -7 -3
47 -7 -4
47 -7 -6
47 -7 -7
47 -8 -1
47 -8 -2
47 -8 -3
47 -8 -4
47 -8 -5
47 -8 -8
47 -9 -1
47 -9 -5
47 -9 -6
47 -9 -8
48 0 0
48 0 -1
48 0 -3
48 0 -5
48 0 -6
48 0 -7
48 0 -8
48 0 -9
48 -1 0
48 -1 -1
48 -1 -2
48 -1 -4
48 -1 -5
48 -1 -6
48 -1 -7
48 -1 -8
48 -2 -1
48 -2 -2
48 -2 -3
48 -2 -4
48 -2 -6
48 -3 0
48 -3 -3
48 -3 -5
48 -3 -7
48 -4 0
48 -4 -2
48 -4 -3
48 -4 -6
48 -4 -7
48 -5 0
48 -5 -2
48 -5 -3
48 -5 -5
48 -5 -6
48 -5 -7
48 -5 -9
48 -6 0
48 -6 -1
48 -6 -2
48 -6 -3
48 -6 -4
48 -6 -5
48 -6 -7
48 -6 -9
48 -7 -1
48 -7 -2
48 -7 -3
48 -7 -4
48 -7 -6
48 -7 -7
48 -8 -1
48 -8 -2
48 -8 -3
48 -8 -4
48 -8 -5
48 -8 -8
48 -9 -1
48 -9 -5
48 -9 -6
48 -9 -8
49 0 0
49 0 -1
49 0 -3
49 0 -5
49 0 -6
49 0 -7
49 0 -8
49 0 -9
49 -1 0
49 -1 -1
49 -1 -2
49 -1 -4
49 -1 -5
49 -1 -6
49 -1 -7
49 -1 -8
49 -2 -1
49 -2 -2
49 -2 -3
49 -2 -4
49 -2 -6
49 -3 0
49 -3 -3
49 -3 -5
49 -3 -7
49 -4 0
49 -4 -2
49 -4 -3
49 -4 -6
49 -4 -7
49 -5 0
49 -5 -2
49 -5 -3
49 -5 -5
49 -5 -6
49 -5 -7
49 -5 -9
49 -6 0
49 -6 -1
49 -6 -2
49 -6 -3
49 -6 -4
49 -6 -5
49 -6 -7
49 -6 -9
49 -7 -1
49 -7 -2
49 -7 -3
49 -7 -4
49 -7 -6
49 -7 -7
49 -8 -1
49 -8 -2
49 -8 -3
49 -8 -4
49 -8 -5
49 -8 -8
49 -9 -1
49 -9 -5
49 -9 -6
49 -9 -8
50 0 0
50 0 -1
50 0 -3
50 0 -5
50 0 -6
50 0 -7
50 0 -8
50 0 -9
50 -1 0
50 -1 -1
50 -1 -2
50 -1 -4
50 -1 -5
50 -1 -6
50 -1 -7
50 -1 -8
50 -2 -1
50 -2 -2
50 -2 -3
50 -2 -4
50 -2 -6
50 -3 0
50 -3 -3
50 -3 -5
50 -3 -7
50 -4 0
50 -4 -2
50 -4 -3
50 -4 -6
50 -4 -7
50 -5 0
50 -5 -2
50 -5 -3
50 -5 -5
50 -5 -6
50 -5 -7
50 -5 -9
50 -6 0
50 -6 -1
50 -6 -2
50 -6 -3
50 -6 -4
50 -6 -5
50 -6 -7
50 -6 -9
50 -7 -1
50 -7 -2
50 -7 -3
50 -7 -4
50 -7 -6
50 -7 -7
50 -8 -1
50 -8 -2
50 -8 -3
50 -8 -4
50 -8 -5
50 -8 -8
50 -9 -1
50 -9 -5
50 -9 -6
50 -9 -8
51 0 0
51 0 -1
51 0 -3
51 0 -5
51 0 -6
51 0 -7
51 0 -8
51 0 -9
51 -1 0
51 -1 -1
51 -1 -2
51 -1 -4
51 -1 -5
51 -1 -6
51 -1 -7
51 -1 -8
51 -2 -1
51 -2 -2
51 -2 -3
51 -2 -4
51 -2 -6
51 -3 0
51 -3 -3
51 -3 -5
51 -3 -7
51 -4 0
51 -4 -2
51 -4 -3
51 -4 -6
51 -4 -7
51 -5 0
51 -5 -2
51 -5 -3
51 -5 -5
51 -5 -6
51 -5 -7
51 -5 -9
51 -6 0
51 -6 -1
51 -6 -2
51 -6 -3
51 -6 -4
51 -6 -5
51 -6 -7
51 -6 -9
51 -7 -1
51 -7 -2
51 -7 -3
51 -7 -4
51 -7 -6
51 -7 -7
51 -8 -1
51 -8 -2
51 -8 -3
51 -8 -4
51 -8 -5
51 -8 -8
51 -9 -1
51 -9 -5
51 -9 -6
51 -9 -8
52 0 0
52 0 -1
52 0 -3
52 0 -5
52 0 -6
52 0 -7
52 0 -8
52 0 -9
52 -1 0
52 -1 -1
52 -1 -2
52 -1 -4
52 -1 -5
52 -1 -6
52 -1 -7
52 -1 -8
52 -2 -1
52 -2 -2
52 -2 -3
52 -2 -4
52 -2 -6
52 -3 0
52 -3 -3
52 -3 -5
52 -3 -7
52 -4 0
52 -4 -2
52 -4 -3
52 -4 -6
52 -4 -7
52 -5 0
52 -5 -2
52 -5 -3
52 -5 -5
52 -5 -6
52 -5 -7
52 -5 -9
52 -6 0
52 -6 -1
52 -6 -2
52 -6 -3
52 -6 -4
52 -6 -5
52 -6 -7
52 -6 -9
52 -7 -1
52 -7 -2
52 -7 -3
52 -7 -4
52 -7 -6
52 -7 -7
52 -8 -1
52 -8 -2
52 -8 -3
52 -8 -4
52 -8 -5
52 -8 -8
52 -9 -1
52 -9 -5
52 -9 -6
52 -9 -8
53 0 0
53 0 -1
53 0 -3
53 0 -5
53 0 -6
53 0 -7
53 0 -8
53 0 -9
53 -1 0
53 -1 -1
53 -1 -2
53 -1 -4
53 -1 -5
53 -1 -6
53 -1 -7
53 -1 -8
53 -2 -1
53 -2 -2
53 -2 -3
53 -2 -4
53 -2 -6
53 -3 0
53 -3 -3
53 -3 -5
53 -3 -7
53 -4 0
53 -4 -2
53 -4 -3
53 -4 -6
53 -4 -7
53 -5 0
53 -5 -2
53 -5 -3
53 -5 -5
53 -5 -6
53 -5 -7
53 -5 -9
53 -6 0
53 -6 -1
53 -6 -2
53 -6 -3
53 -6 -4
53 -6 -5
53 -6 -7
53 -6 -9
53 -7 -1
53 -7 -2
53 -7 -3
53 -7 -4
53 -7 -6
53 -7 -7
53 -8 -1
53 -8 -2
53 -8 -3
53 -8 -4
53 -8 -5
53 -8 -8
53 -9 -1
53 -9 -5
53 -9 -6
53 -9 -8
54 0 0
54 0 -1
54 0 -3
54 0 -5
54 0 -6
54 0 -7
54 0 -8
54 0 -9
54 -1 0
54 -1 -1
54 -1 -2
54 -1 -4
54 -1 -5
54 -1 -6
54 -1 -7
54 -1 -8
54 -2 -1
54 -2 -2
54 -2 -3
54 -2 -4
54 -2 -6
54 -3 0
54 -3 -3
54 -3 -5
54 -3 -7
54 -4 0
54 -4 -2
54 -4 -3
54 -4 -6
54 -4 -7
54 -5 0
54 -5 -2
54 -5 -3
54 -5 -5
54 -5 -6
54 -5 -7
54 -5 -9
54 -6 0
54 -6 -1
54 -6 -2
54 -6 -3
54 -6 -4
54 -6 -5
54 -6 -7
54 -6 -9
54 -7 -1
54 -7 -2
54 -7 -3
54 -7 -4
54 -7 -6
54 -7 -7
54 -8 -1
54 -8 -2
54 -8 -3
54 -8 -4
54 -8 -5
54 -8 -8
54 -9 -1
54 -9 -5
54 -9 -6
54 -9 -8
55 0 0
55 0 -1
55 0 -3
55 0 -5
55 0 -6
55 0 -7
55 0 -8
55 0 -9
55 -1 0
55 -1 -1
55 -1 -2
55 -1 -4
55 -1 -5
55 -1 -6
55 -1 -7
55 -1 -8
55 -2 -1
55 -2 -2
55 -2 -3
55 -2 -4
55 -2 -6
55 -3 0
55 -3 -3
55 -3 -5
55 -3 -7
55 -4 0
55 -4 -2
55 -4 -3
55 -4 -6
55 -4 -7
55 -5 0
55 -5 -2
55 -5 -3
55 -5 -5
55 -5 -6
55 -5 -7
55 -5 -9
55 -6 0
55 -6 -1
55 -6 -2
55 -6 -3
55 -6 -4
55 -6 -5
55 -6 -7
55 -6 -9
55 -7 -1
55 -7 -2
55 -7 -3
55 -7 -4
55 -7 -6
55 -7 -7
55 -8 -1
55 -8 -2
55 -8 -3
55 -8 -4
55 -8 -5
55 -8 -8
55 -9 -1
55 -9 -5
55 -9 -6
55 -9 -8
56 0 0
56 0 -1
56 0 -3
56 0 -5
56 0 -6
56 0 -7
56 0 -8
56 0 -9
56 -1 0
56 -1 -1
56 -1 -2
56 -1 -4
56 -1 -5
56 -1 -6
56 -1 -7
56 -1 -8
56 -2 -1
56 -2 -2
56 -2 -3
56 -2 -4
56 -2 -6
56 -3 0
56 -3 -3
56 -3 -5
56 -3 -7
56 -4 0
56 -4 -2
56 -4 -3
56 -4 -6
56 -4 -7
56 -5 0
56 -5 -2
56 -5 -3
56 -5 -5
56 -5 -6
56 -5 -7
56 -5 -9
56 -6 0
56 -6 -1
56 -6 -2
56 -6 -3
56 -6 -4
56 -6 -5
56 -6 -7
56 -6 -9
56 -7 -1
56 -7 -2
56 -7 -3
56 -7 -4
56 -7 -6
56 -7 -7
56 -8 -1
56 -8 -2
56 -8 -3
56 -8 -4
56 -8 -5
56 -8 -8
56 -9 -1
56 -9 -5
56 -9 -6
56 -9 -8
57 0 0
57 0 -1
57 0 -3
57 0 -5
57 0 -6
57 0 -7
57 0 -8
57 0 -9
57 -1 0
57 -1 -1
57 -1 -2
57 -1 -4
57 -1 -5
57 -1 -6
57 -1 -7
57 -1 -8
57 -2 -1
57 -2 -2
57 -2 -3
57 -2 -4
57 -2 -6
57 -3 0
57 -3 -3
57 -3 -5
57 -3 -7
57 -4 0
57 -4 -2
57 -4 -3
57 -4 -6
57 -4 -7
57 -5 0
57 -5 -2
57 -5 -3
57 -5 -5
57 -5 -6
57 -5 -7
57 -5 -9
57 -6 0
57 -6 -1
57 -6 -2
57 -6 -3
57 -6 -4
57 -6 -5
57 -6 -7
57 -6 -9
57 -7 -1
57 -7 -2
57 -7 -3
57 -7 -4
57 -7 -6
57 -7 -7
57 -8 -1
57 -8 -2
57 -8 -3
57 -8 -4
57 -8 -5
57 -8 -8
57 -9 -1
57 -9 -5
57 -9 -6
57 -9 -8
58 0 0
58 0 -1
58 0 -3
58 0 -5
58 0 -6
58 0 -7
58 0 -8
58 0 -9
58 -1 0
58 -1 -1
58 -1 -2
58 -1 -4
58 -1 -5
58 -1 -6
58 -1 -7
58 -1 -8
58 -2 -1
58 -2 -2
58 -2 -3
58 -2 -4
58 -2 -6
58 -3 0
58 -3 -3
58 -3 -5
58 -3 -7
58 -4 0
58 -4 -2
58 -4 -3
58 -4 -6
58 -4 -7
58 -5 0
58 -5 -2
58 -5 -3
58 -5 -5
58 -5 -6
58 -5 -7
58 -5 -9
58 -6 0
58 -6 -1
58 -6 -2
58 -6 -3
58 -6 -4
58 -6 -5
58 -6 -7
58 -6 -9
58 -7 -1
58 -7 -2
58 -7 -3
58 -7 -4
58 -7 -6
58 -7 -7
58 -8 -1
58 -8 -2
58 -8 -3
58 -8 -4
58 -8 -5
58 -8 -8
58 -9 -1
58 -9 -5
58 -9 -6
58 -9 -8
59 0 0
59 0 -1
59 0 -3
59 0 -5
59 0 -6
59 0 -7
59 0 -8
59 0 -9
59 -1 0
59 -1 -1
59 -1 -2
59 -1 -4
59 -1 -5
59 -1 -6
59 -1 -7
59 -1 -8
59 -2 -1
59 -2 -2
59 -2 -3
59 -2 -4
59 -2 -6
59 -3 0
59 -3 -3
59 -3 -5
59 -3 -7
59 -4 0
59 -4 -2
59 -4 -3
59 -4 -6
59 -4 -7
59 -5 0
59 -5 -2
59 -5 -3
59 -5 -5
59 -5 -6
59 -5 -7
59 -5 -9
59 -6 0
59 -6 -1
59 -6 -2
59 -6 -3
59 -6 -4
59 -6 -5
59 -6 -7
59 -6 -9
59 -7 -1
59 -7 -2
59 -7 -3
59 -7 -4
59 -7 -6
59 -7 -7
59 -8 -1
59 -8 -2
59 -8 -3
59 -8 -4
59 -8 -5
59 -8 -8
59 -9 -1
59 -9 -5
59 -9 -6
59 -9 -8
60 0 0
60 0 -1
60 0 -3
60 0 -5
60 0 -6
60 0 -7
60 0 -8
60 0 -9
60 -1 0
60 -1 -1
60 -1 -2
60 -1 -4
60 -1 -5
60 -1 -6
60 -1 -7
60 -1 -8
60 -2 -1
60 -2 -2
60 -2 -3
60 -2 -4
60 -2 -6
60 -3 0
60 -3 -3
60 -3 -5
60 -3 -7
60 -4 0
60 -4 -2
60 -4 -3
60 -4 -6
60 -4 -7
60 -5 0
60 -5 -2
60 -5 -3
60 -5 -5
60 -5 -6
60 -5 -7
60 -5 -9
60 -6 0
60 -6 -1
60 -6 -2
60 -6 -3
60 -6 -4
60 -6 -5
60 -6 -7
60 -6 -9
60 -7 -1
60 -7 -2
60 -7 -3
60 -7 -4
60 -7 -6
60 -7 -7
60 -8 -1
60 -8 -2
60 -8 -3
60 -8 -4
60 -8 -5
60 -8 -8
60 -9 -1
60 -9 -5
60 -9 -6
60 -9 -8
30 7 6
23 5 3
60 3 7
6 1 0
45 8 8
14 2 6
60 2 1
35 6 4
29 2 2
30 7 7
4 5 5
18 2 6
23 7 3
55 0 8
20 2 6
22 6 4
35 0 6
9 6 4
21 1 2
60 7 2
43 2 2
22 7 3
40 7 6
56 7 1
20 5 2
9 2 2
39 7 2
20 0 3
6 6 9
12 4 0
1 8 4
5 4 2
40 1 6
57 0 7
53 4 7
47 0 8
16 0 3
33 9 5
43 1 7
31 2 1
56 7 7
15 7 7
37 9 5
51 1 6
11 8 4
56 7 4
28 2 1
17 4 6
33 7 7
16 1 4
23 3 3
19 3 7
34 4 6
1 1 7
5 0 1
43 3 5
53 2 1
12 2 6
38 2 2
42 5 0
45 6 7
39 0 3
20 7 4
47 9 1
2 8 3
57 6 2
10 5 6
59 9 6
48 6 9
36 1 6
35 9 6
44 0 9
1 1 8
18 5 6
5 4 0
49 4 0
30 2 3
12 1 1
14 6 9
12 6 2
51 8 2
33 6 9
50 1 4
41 0 6
48 0 3
1 0 8
5 1 0
21 2 2
39 9 6
13 0 1
5 1 2
22 9 1
45 5 5
57 0 7
20 0 0
55 2 4
19 6 4
17 0 3
10 8 8
50 3 7
55 3 0
52 2 4
41 5 0
39 8 3
45 6 2
16 4 2
4 3 3
52 2 6
5 6 4
21 1 2
21 3 5
56 0 1
50 2 3
57 8 8
14 5 9
49 0 0
8 8 1
22 9 8
5 4 6
24 1 4
56 9 5
2 9 5
8 6 2
31 8 4
41 0 7
45 1 2
14 3 3
36 8 4
55 1 7
38 7 3
4 0 0
52 4 7
48 5 9
52 0 1
60 5 0
20 6 7
25 0 3
37 7 4
6 2 6
7 0 1
22 8 2
20 6 5
56 7 6
16 1 4
19 7 3
59 2 4
12 0 3
4 9 8
28 8 1
10 8 3
14 5 9
6 2 4
5 8 5
21 4 0
13 8 4
36 6 1
35 8 1
37 6 4
1 9 5
17 9 6
38 6 7
6 3 3
48 0 1
13 8 3
34 1 2
21 8 8
57 1 4
34 8 8
27 7 2
13 2 3
12 8 8
45 3 7
51 3 7
43 7 2
33 5 0
7 3 3
22 8 1
7 0 8
2 0 7
12 0 8
14 3 5
22 9 1
37 5 3
52 6 0
13 5 2
26 6 9
25 0 6
20 0 5
52 8 8
0 8 4
56 1 4
23 8 1
21 4 2
5 6 3
26 5 7
13 3 7
17 8 8
2 1 5
1 5 2
59 5 6
29 5 6
57 7 6
48 2 6
32 8 5
37 8 4
16 2 2
39 8 2
45 7 4
5 6 3
11 0 5
59 0 8
50 2 1
53 0 7
45 5 7
25 4 7
48 0 6
12 3 0
52 7 2
10 9 6
15 7 2
18 8 4
20 0 5
51 3 5
44 4 7
9 3 7
53 9 6
14 6 2
42 6 1
18 0 5
42 5 7
25 5 9
41 7 4
33 8 3
50 7 4
54 2 4
18 6 7
57 0 5
14 3 7
1 6 0
39 2 1
3 9 8
56 9 5
12 4 0
25 7 3
16 9 8
17 3 5
12 6 5
44 9 6
39 6 2
59 7 6
4 6 4
25 1 0
23 1 1
56 7 1
44 1 6
48 5 7
38 1 0
6 0 3
59 5 2
56 6 2
44 6 9
37 0 1
18 6 0
13 5 3
28 7 1
47 1 2
51 7 1
6 3 5
13 0 7
1 2 6
8 3 7
51 9 1
14 5 5
6 4 2
45 4 2
16 6 1
41 0 5
13 0 5
31 5 0
12 0 5
38 5 2
36 1 5
7 8 5
11 7 6
50 4 2
53 9 1
14 5 7
11 9 5
38 7 6
40 8 1
17 1 5
24 4 2
5 5 3
44 1 1
4 5 9
14 6 5
3 0 0
28 6 4
34 1 1
27 4 0
20 0 3
15 6 2
26 5 9
41 5 7
6 4 0
3 5 7
42 0 3
59 2 1
32 1 1
52 4 6
52 5 6
22 6 0
45 0 1
7 6 9
31 5 3
39 7 2
39 9 8
5 0 7
35 1 5
37 6 5
27 8 5
22 3 7
55 7 3
39 5 7
19 0 3
41 1 0
24 1 7
56 5 2
34 4 0
38 6 7
59 2 1
48 9 1
42 6 1
14 0 5
58 7 1
1 6 2
0 0 7
12 0 5
55 9 8
57 3 5
42 4 3
31 0 6
48 4 6
21 9 8
57 9 6
19 6 7
33 0 9
25 4 6
32 8 8
33 2 3
42 8 2
7 0 0
46 5 0
26 3 5
1 0 7
37 6 0
4 1 5
31 4 0
40 1 5
29 6 0
26 2 4
28 6 2
2 8 4
12 2 4
35 0 6
6 0 5
28 8 5
33 8 4
55 1 4
37 6 7
25 1 4
29 9 8
48 9 6
27 7 3
28 6 0
35 3 0
20 6 4
25 5 5
17 0 5
21 4 2
40 6 0
34 0 8
42 1 2
2 0 9
3 4 7
48 1 1
34 6 9
48 1 7
2 1 5
14 5 3
36 5 6
44 6 9
8 9 5
57 1 7
20 2 1
37 2 2
0 4 7
28 8 4
31 0 5
1 4 6
30 7 1
42 3 5
60 1 2
44 8 4
48 3 7
40 9 6
44 6 0
59 1 1
8 1 2
29 6 7
4 8 1
18 6 1
57 2 6
3 5 3
51 1 0
2 7 4
31 0 1
32 5 9
27 7 1
54 0 6
24 0 5
40 1 8
50 0 3
25 9 1
47 8 4
41 4 2
55 6 5
43 8 2
34 6 1
40 6 0
18 8 4
32 6 7
11 0 7
32 0 0
45 9 6
16 4 7
19 3 0
16 7 2
14 1 4
55 1 0
3 4 7
6 6 5
40 8 5
2 9 5
30 1 5
42 0 0
23 6 5
33 0 8
33 7 2
21 7 3
46 8 5
5 1 1
10 1 1
49 6 0
14 5 7
21 1 1
19 1 2
38 5 9
48 0 0
51 0 9
40 5 7
7 0 3
25 1 0
36 0 7
60 0 0
10 3 3
43 5 3
49 8 1
29 5 9
14 8 2
60 7 2
2 5 9
57 6 0
19 8 8
8 8 8
32 8 3
42 6 5
36 3 3
60 5 7
20 5 7
55 0 8
42 1 5
29 8 8
48 6 2
60 1 2
50 1 6
11 6 2
13 0 9
60 4 0
43 1 0
48 4 0
59 6 1
28 0 5
39 8 2
39 6 7
14 4 3
6 8 8
46 3 0
18 0 8
38 1 7
56 1 6
17 7 2
29 1 1
44 3 5
19 4 0
47 0 3
2 9 1
1 1 7
36 6 1
53 8 5
6 5 0
9 7 2
19 2 4
6 4 6
26 3 0
44 6 9
9 1 7
45 6 0
17 4 7
2 9 1
60 4 2
31 8 8
0 0 5
34 3 0
53 3 5
5 0 3
18 2 2
18 5 9
59 5 7
16 7 1
13 5 0
24 6 2
52 7 3
12 7 3
48 0 5
48 7 1
25 6 3
15 8 8
23 0 8
17 1 7
6 1 6
52 6 3
9 1 7
60 8 3
1 3 0
21 8 5
28 5 7
43 1 2
51 7 2
42 6 3
40 6 2
4 3 3
44 5 3
10 6 1
32 1 8
27 2 6
60 4 7
13 7 2
60 0 6
8 4 3
22 7 1
34 2 6
40 4 6
31 8 1
18 5 6
46 6 5
16 7 4
25 8 1
0 7 4
23 7 2
51 8 5
25 7 7
52 5 9
38 8 4
36 6 1
45 9 8
52 2 1
9 5 9
11 1 7
31 1 6
34 0 6
49 4 2
47 1 7
29 5 2
51 0 0
21 8 3
50 6 1
36 3 5
44 0 3
1 2 3
31 0 3
54 1 0
8 1 6
23 4 0
1 1 0
15 6 9
31 8 4
5 4 0
47 8 2
8 0 8
21 6 4
31 1 2
30 1 5
39 7 7
30 7 3
60 7 3
16 5 3
42 3 3
57 7 1
3 2 2
25 7 6
18 6 2
1 6 7
56 6 0
32 5 7
57 0 6
16 7 4
28 8 2
58 9 8
22 1 4
3 2 4
8 2 2
26 8 1
36 7 3
2 8 5
31 5 7
58 5 7
33 2 2
59 4 2
40 2 4
57 9 5
19 5 9
49 5 6
33 0 7
5 4 7
27 8 1
44 9 8
29 4 7
27 1 6
53 1 7
19 7 2
33 1 6
8 4 2
34 8 5
10 0 9
53 7 6
44 1 7
18 5 9
37 2 3
56 3 3
45 9 8
41 1 1
56 5 3
54 8 1
42 3 5
52 0 9
16 6 9
30 0 9
41 5 9
31 8 2
2 5 3
58 8 5
21 1 8
19 8 4
43 1 5
52 4 3
34 7 2
4 0 5
31 8 4
15 0 9
24 1 0
5 8 5
24 1 1
27 6 1
51 5 3
39 5 3
52 6 0
60 4 6
21 7 1
16 5 6
47 6 0
20 8 1
24 9 1
17 7 1
51 1 6
36 1 2
32 5 3
60 6 3
38 1 0
34 5 7
33 4 6
22 7 6
58 4 6
36 5 5
28 5 7
18 5 3
31 2 4
60 6 4
58 5 5
48 0 6
3 2 4
7 4 7
5 0 1
45 2 2
56 6 1
19 9 1
25 4 3
12 1 0
47 8 2
21 6 5
46 1 0
30 8 1
27 1 2
29 5 6
59 6 4
25 7 4
21 1 0
58 6 2
3 0 1
33 1 7
53 4 6
25 3 3
52 2 1
41 1 6
32 2 3
34 1 8
1 4 6
11 9 8
31 5 6
5 8 4
57 7 4
13 3 3
20 6 4
50 1 0
16 3 7
22 0 6
29 7 7
1 5 9
32 1 4
21 5 9
17 4 7
17 2 2
59 6 2
11 1 2
2 3 7
13 5 0
11 0 8
40 2 6
4 4 0
23 9 8
15 4 2
34 7 4
34 9 8
38 1 0
58 1 5
50 8 3
53 4 2
7 2 3
34 9 8
0 8 2
27 8 1
13 7 7
36 6 4
33 0 8
43 1 5
56 6 0
33 8 2
22 6 5
55 1 1
9 6 4
23 9 1
60 1 0
53 8 5
40 0 1
21 4 3
34 8 4
33 1 0
55 4 7
47 1 1
49 8 4
57 8 5
49 5 0
33 8 5
26 2 6
9 6 3
59 8 2
3 6 2
41 1 1
15 4 7
13 5 0
48 6 4
16 2 6
49 5 0
0 0 7
57 0 1
10 6 5
38 7 3
33 7 1
14 4 7
52 7 1
26 8 8
1 6 0
8 2 3
1 4 7
12 7 6
55 9 1
1 5 6
36 4 2
16 5 9
27 0 0
10 0 1
10 5 3
57 5 3
3 2 4
34 6 3
59 5 9
37 8 8
46 0 7
5 3 0
36 0 1
12 6 1
30 6 3
47 2 6
45 1 8
19 2 1
17 9 5
57 5 0
53 4 7
24 9 5
59 0 3
35 5 5
6 4 3
16 0 9
28 5 2
6 1 5
1 7 4
51 9 5
4 8 2
20 6 7
32 6 7
57 7 7
22 9 8
25 8 8
37 8 3
48 3 5
7 8 1
28 6 0
13 5 5
52 1 7
28 6 0
12 7 3
30 6 3
7 6 7
51 5 0
8 0 5
37 8 5
23 5 3
16 5 7
47 1 5
45 3 3
3 8 2
49 2 1
7 8 5
20 6 1
16 1 2
31 4 6
57 0 3
35 7 6
2 1 4
51 1 4
14 8 4
59 5 3
26 5 0
38 9 8
44 1 1
10 1 8
49 2 3
5 0 1
45 7 7
31 9 5
57 9 6
0 8 8
41 3 5
34 9 1
19 6 4
37 2 3
8 7 4
5 5 6
47 2 1
58 0 3
58 6 0
24 1 2
60 6 0
31 6 3
52 5 9
5 5 3
33 9 6
33 4 0
51 4 7
30 5 6
29 1 2
31 1 8
22 3 0
44 5 2
21 1 1
22 8 5
47 3 0
33 1 5
2 7 2
25 0 5
39 0 7
54 5 6
12 1 7
14 0 0
30 9 6
19 6 1
6 7 7
28 6 3
14 6 0
38 1 1
7 8 2
18 2 3
52 1 0
13 4 7
37 8 2
59 0 6
2 5 2
33 4 6
46 0 0
8 0 0
33 5 3
42 5 0
46 7 2
44 1 4
17 2 4
38 9 8
30 1 4
24 0 0
1 8 5
3 9 8
23 4 6
34 1 0
47 6 7
20 8 5
39 2 6
51 5 3
18 3 5
43 1 8
21 6 0
20 0 5
53 7 4
52 2 2
46 2 4
2 4 6
21 6 1
13 1 2
16 1 0
51 6 3
8 7 1
37 4 0
21 0 0
36 5 5
53 1 2
33 4 7
37 6 7
9 5 9
38 1 4
59 1 7
28 1 0
56 5 5
0 7 7
51 1 8
8 2 6
59 9 1
42 2 3
41 1 8
32 0 1
60 3 5
56 1 8
45 6 2
2 6 3
14 5 9
6 7 1
11 8 1
40 6 9
19 0 9
1 9 6
25 4 3
22 8 3
29 4 3
14 0 5
27 0 1
43 1 1
50 3 5
23 6 9
30 7 1
60 7 3
44 5 0
52 5 5
21 1 2
42 0 9
8 0 6
38 5 3
51 2 2
21 8 3
30 4 2
49 5 9
54 5 2
33 0 5
21 8 8
33 7 7
43 5 5
22 4 7
1 5 6
59 5 0
51 9 8
59 0 8
54 2 4
15 9 8
51 3 3
42 9 6
19 8 3
10 7 3
10 1 6
32 3 3
18 5 5
36 4 0
38 8 5
59 7 3
59 6 0
6 7 4
48 9 1
60 5 7
17 2 2
12 3 0
47 1 2
48 2 4
1 7 2
2 3 3
2 6 9
33 0 8
13 4 7
53 4 2
59 0 6
52 0 5
2 4 0
23 5 2
51 0 7
21 1 7
37 8 2
13 0 6
22 0 6
24 3 7
27 9 6
1 6 5
4 0 7
39 8 2
54 8 3
10 7 1
6 3 0
53 3 3
55 4 7
50 9 8
31 4 6
14 4 0
8 0 1
6 1 7
25 6 3
23 8 3
50 6 0
22 6 0
15 8 4
44 2 3
7 2 1
-1 -1 -1
27
18
2
35
58
5
42
28
53
26
0
8
25
32
40
45
30
41
10
50
14
22
6
29
54
44
46
33
20
48
12
15
17
37
21
52
4
31
51
36
39
59
16
38
24
1
60
55
57
23
43
47
9
19
56
49
34
11
3
7
13
  3.805722 seconds (32.08 M allocations: 858.044 MiB, 4.78% gc time)
