950 0 0 0 0 0 0 0 0 0 0 0 0 0 0 0 0 0 0 0 0 0 0 0
0 0 0 0 0 0 0 0 0 0 0 0 0 0 0 0 0 0 0 0 0 0 0 0
0 0 0 0 0 0 0 0 0 0 0 0 0 0 0 0 0 0 0 0 0 0 0 0
0 0 0 0 0 0 0 0 0 0 0 0 0 0 0 0 0 0 0 0 0 0 0 0
0 0 0 0 0 0 0 0 0 0 0 0 0 0 0 0 0 0 0 0 0 0 0 0
0 0 0 0 0 0 0 0 0 0 0 0 0 0 0 0 0 0 0 0 0 0 0 0
0 0 0 0 0 0 0 0 0 0 0 0 0 0 0 0 0 0 0 0 0 0 0 0
0 0 0 0 0 0 0 0 0 0 0 0 0 0 0 0 0 0 0 0 0 0 0 0
0 0 0 0 0 0 0 0 0 0 0 0 0 0 0 0 0 0 0 0 0 0 0 0
0 0 0 0 0 0 0 0 0 0 0 0 0 0 0 0 0 0 0 0 0 0 0 0
0 0 0 0 0 0 0 0 0 0 0 0 0 0 0 0 0 0 0 0 0 0 0 0
0 0 0 0 0 0 0 0 0 0 0 0 0 0 0 0 0 0 0 0 0 0 0 0
0 0 0 0 0 0 0 0 0 0 0 0 0 0 0 0 0 0 0 0 0 0 0 0
0 0 0 0 0 0 0 0 0 0 0 0 0 0 0 0 0 0 0 0 0 0 0 0
0 0 0 0 0 0 0 0 0 0 0 0 0 0 0 0 0 0 0 0 0 0 0 0
0 0 0 0 0 0 0 0 0 0 0 0 0 0 0 0 0 0 0 0 0 0 0 0
0 0 0 0 0 0 0 0 0 0 0 0 0 0 0 0 0 0 0 0 0 0 0 0
0 0 0 0 0 0 0 0 0 0 0 0 0 0 0 0 0 0 0 0 0 0 0 0
0 0 0 0 0 0 0 0 0 0 0 0 0 0 0 0 0 0 0 0 0 0 0 0
0 0 0 0 0 0 0 0 0 0 0 0 0 0 0 0 0 0 0 0 0 0 0 0
0 0 0 0 0 0 0 0 0 0 0 0 0 0 0 0 0 0 0 0 0 0 0 0
0 0 0 0 0 0 0 0 0 0 0 0 0 0 0 0 0 0 0 0 0 0 0 0
0 0 0 0 0 0 0 0 0 0 0 0 0 0 0 0 0 0 0 0 0 0 0 0
0 0 0 0 0 0 0 0 0 0 0 0 0 0 0 0 0 0 0 0 0 0 0 0
0 0 0
0 0 -3
0 0 -9
0 0 -13
0 0 -18
0 0 -21
0 -1 -7
0 -1 -8
0 -1 -11
0 -1 -18
0 -2 -1
0 -2 -18
0 -2 -23
0 -3 -9
0 -3 -20
0 -4 0
0 -4 -9
0 -4 -12
0 -4 -22
0 -5 -13
0 -5 -18
0 -5 -19
0 -6 -2
0 -6 -23
0 -7 -1
0 -7 -22
0 -8 -14
0 -9 0
0 -9 -6
0 -9 -8
0 -9 -16
0 -9 -17
0 -9 -18
0 -9 -19
0 -10 -7
0 -10 -14
0 -11 0
0 -11 -5
0 -11 -7
0 -11 -11
0 -11 -12
0 -11 -16
0 -11 -22
0 -11 -23
0 -12 -3
0 -12 -5
0 -12 -12
0 -12 -14
0 -12 -20
0 -13 0
0 -14 -3
0 -14 -17
0 -14 -19
0 -14 -22
0 -15 0
0 -15 -17
0 -15 -22
0 -16 -11
0 -17 -11
0 -18 0
0 -18 -11
0 -18 -14
0 -19 0
0 -19 -1
0 -20 -17
0 -20 -22
0 -21 -2
0 -21 -4
0 -21 -10
0 -21 -18
0 -22 -5
0 -22 -18
0 -22 -19
0 -23 -15
0 -23 -19
0 -23 -23
1 0 0
1 0 -3
1 0 -9
1 0 -13
1 0 -18
1 0 -21
1 -1 -7
1 -1 -8
1 -1 -11
1 -1 -18
1 -2 -1
1 -2 -18
1 -2 -23
1 -3 -9
1 -3 -20
1 -4 0
1 -4 -9
1 -4 -12
1 -4 -22
1 -5 -13
1 -5 -18
1 -5 -19
1 -6 -2
1 -6 -23
1 -7 -1
1 -7 -22
1 -8 -14
1 -9 0
1 -9 -6
1 -9 -8
1 -9 -16
1 -9 -17
1 -9 -18
1 -9 -19
1 -10 -7
1 -10 -14
1 -11 0
1 -11 -5
1 -11 -7
1 -11 -11
1 -11 -12
1 -11 -16
1 -11 -22
1 -11 -23
1 -12 -3
1 -12 -5
1 -12 -12
1 -12 -14
1 -12 -20
1 -13 0
1 -14 -3
1 -14 -17
1 -14 -19
1 -14 -22
1 -15 0
1 -15 -17
1 -15 -22
1 -16 -11
1 -17 -11
1 -18 0
1 -18 -11
1 -18 -14
1 -19 0
1 -19 -1
1 -20 -17
1 -20 -22
1 -21 -2
1 -21 -4
1 -21 -10
1 -21 -18
1 -22 -5
1 -22 -18
1 -22 -19
1 -23 -15
1 -23 -19
1 -23 -23
2 0 0
2 0 -3
2 0 -9
2 0 -13
2 0 -18
2 0 -21
2 -1 -7
2 -1 -8
2 -1 -11
2 -1 -18
2 -2 -1
2 -2 -18
2 -2 -23
2 -3 -9
2 -3 -20
2 -4 0
2 -4 -9
2 -4 -12
2 -4 -22
2 -5 -13
2 -5 -18
2 -5 -19
2 -6 -2
2 -6 -23
2 -7 -1
2 -7 -22
2 -8 -14
2 -9 0
2 -9 -6
2 -9 -8
2 -9 -16
2 -9 -17
2 -9 -18
2 -9 -19
2 -10 -7
2 -10 -14
2 -11 0
2 -11 -5
2 -11 -7
2 -11 -11
2 -11 -12
2 -11 -16
2 -11 -22
2 -11 -23
2 -12 -3
2 -12 -5
2 -12 -12
2 -12 -14
2 -12 -20
2 -13 0
2 -14 -3
2 -14 -17
2 -14 -19
2 -14 -22
2 -15 0
2 -15 -17
2 -15 -22
2 -16 -11
2 -17 -11
2 -18 0
2 -18 -11
2 -18 -14
2 -19 0
2 -19 -1
2 -20 -17
2 -20 -22
2 -21 -2
2 -21 -4
2 -21 -10
2 -21 -18
2 -22 -5
2 -22 -18
2 -22 -19
2 -23 -15
2 -23 -19
2 -23 -23
3 0 0
3 0 -3
3 0 -9
3 0 -13
3 0 -18
3 0 -21
3 -1 -7
3 -1 -8
3 -1 -11
3 -1 -18
3 -2 -1
3 -2 -18
3 -2 -23
3 -3 -9
3 -3 -20
3 -4 0
3 -4 -9
3 -4 -12
3 -4 -22
3 -5 -13
3 -5 -18
3 -5 -19
3 -6 -2
3 -6 -23
3 -7 -1
3 -7 -22
3 -8 -14
3 -9 0
3 -9 -6
3 -9 -8
3 -9 -16
3 -9 -17
3 -9 -18
3 -9 -19
3 -10 -7
3 -10 -14
3 -11 0
3 -11 -5
3 -11 -7
3 -11 -11
3 -11 -12
3 -11 -16
3 -11 -22
3 -11 -23
3 -12 -3
3 -12 -5
3 -12 -12
3 -12 -14
3 -12 -20
3 -13 0
3 -14 -3
3 -14 -17
3 -14 -19
3 -14 -22
3 -15 0
3 -15 -17
3 -15 -22
3 -16 -11
3 -17 -11
3 -18 0
3 -18 -11
3 -18 -14
3 -19 0
3 -19 -1
3 -20 -17
3 -20 -22
3 -21 -2
3 -21 -4
3 -21 -10
3 -21 -18
3 -22 -5
3 -22 -18
3 -22 -19
3 -23 -15
3 -23 -19
3 -23 -23
4 0 0
4 0 -3
4 0 -9
4 0 -13
4 0 -18
4 0 -21
4 -1 -7
4 -1 -8
4 -1 -11
4 -1 -18
4 -2 -1
4 -2 -18
4 -2 -23
4 -3 -9
4 -3 -20
4 -4 0
4 -4 -9
4 -4 -12
4 -4 -22
4 -5 -13
4 -5 -18
4 -5 -19
4 -6 -2
4 -6 -23
4 -7 -1
4 -7 -22
4 -8 -14
4 -9 0
4 -9 -6
4 -9 -8
4 -9 -16
4 -9 -17
4 -9 -18
4 -9 -19
4 -10 -7
4 -10 -14
4 -11 0
4 -11 -5
4 -11 -7
4 -11 -11
4 -11 -12
4 -11 -16
4 -11 -22
4 -11 -23
4 -12 -3
4 -12 -5
4 -12 -12
4 -12 -14
4 -12 -20
4 -13 0
4 -14 -3
4 -14 -17
4 -14 -19
4 -14 -22
4 -15 0
4 -15 -17
4 -15 -22
4 -16 -11
4 -17 -11
4 -18 0
4 -18 -11
4 -18 -14
4 -19 0
4 -19 -1
4 -20 -17
4 -20 -22
4 -21 -2
4 -21 -4
4 -21 -10
4 -21 -18
4 -22 -5
4 -22 -18
4 -22 -19
4 -23 -15
4 -23 -19
4 -23 -23
5 0 0
5 0 -3
5 0 -9
5 0 -13
5 0 -18
5 0 -21
5 -1 -7
5 -1 -8
5 -1 -11
5 -1 -18
5 -2 -1
5 -2 -18
5 -2 -23
5 -3 -9
5 -3 -20
5 -4 0
5 -4 -9
5 -4 -12
5 -4 -22
5 -5 -13
5 -5 -18
5 -5 -19
5 -6 -2
5 -6 -23
5 -7 -1
5 -7 -22
5 -8 -14
5 -9 0
5 -9 -6
5 -9 -8
5 -9 -16
5 -9 -17
5 -9 -18
5 -9 -19
5 -10 -7
5 -10 -14
5 -11 0
5 -11 -5
5 -11 -7
5 -11 -11
5 -11 -12
5 -11 -16
5 -11 -22
5 -11 -23
5 -12 -3
5 -12 -5
5 -12 -12
5 -12 -14
5 -12 -20
5 -13 0
5 -14 -3
5 -14 -17
5 -14 -19
5 -14 -22
5 -15 0
5 -15 -17
5 -15 -22
5 -16 -11
5 -17 -11
5 -18 0
5 -18 -11
5 -18 -14
5 -19 0
5 -19 -1
5 -20 -17
5 -20 -22
5 -21 -2
5 -21 -4
5 -21 -10
5 -21 -18
5 -22 -5
5 -22 -18
5 -22 -19
5 -23 -15
5 -23 -19
5 -23 -23
6 0 0
6 0 -3
6 0 -9
6 0 -13
6 0 -18
6 0 -21
6 -1 -7
6 -1 -8
6 -1 -11
6 -1 -18
6 -2 -1
6 -2 -18
6 -2 -23
6 -3 -9
6 -3 -20
6 -4 0
6 -4 -9
6 -4 -12
6 -4 -22
6 -5 -13
6 -5 -18
6 -5 -19
6 -6 -2
6 -6 -23
6 -7 -1
6 -7 -22
6 -8 -14
6 -9 0
6 -9 -6
6 -9 -8
6 -9 -16
6 -9 -17
6 -9 -18
6 -9 -19
6 -10 -7
6 -10 -14
6 -11 0
6 -11 -5
6 -11 -7
6 -11 -11
6 -11 -12
6 -11 -16
6 -11 -22
6 -11 -23
6 -12 -3
6 -12 -5
6 -12 -12
6 -12 -14
6 -12 -20
6 -13 0
6 -14 -3
6 -14 -17
6 -14 -19
6 -14 -22
6 -15 0
6 -15 -17
6 -15 -22
6 -16 -11
6 -17 -11
6 -18 0
6 -18 -11
6 -18 -14
6 -19 0
6 -19 -1
6 -20 -17
6 -20 -22
6 -21 -2
6 -21 -4
6 -21 -10
6 -21 -18
6 -22 -5
6 -22 -18
6 -22 -19
6 -23 -15
6 -23 -19
6 -23 -23
7 0 0
7 0 -3
7 0 -9
7 0 -13
7 0 -18
7 0 -21
7 -1 -7
7 -1 -8
7 -1 -11
7 -1 -18
7 -2 -1
7 -2 -18
7 -2 -23
7 -3 -9
7 -3 -20
7 -4 0
7 -4 -9
7 -4 -12
7 -4 -22
7 -5 -13
7 -5 -18
7 -5 -19
7 -6 -2
7 -6 -23
7 -7 -1
7 -7 -22
7 -8 -14
7 -9 0
7 -9 -6
7 -9 -8
7 -9 -16
7 -9 -17
7 -9 -18
7 -9 -19
7 -10 -7
7 -10 -14
7 -11 0
7 -11 -5
7 -11 -7
7 -11 -11
7 -11 -12
7 -11 -16
7 -11 -22
7 -11 -23
7 -12 -3
7 -12 -5
7 -12 -12
7 -12 -14
7 -12 -20
7 -13 0
7 -14 -3
7 -14 -17
7 -14 -19
7 -14 -22
7 -15 0
7 -15 -17
7 -15 -22
7 -16 -11
7 -17 -11
7 -18 0
7 -18 -11
7 -18 -14
7 -19 0
7 -19 -1
7 -20 -17
7 -20 -22
7 -21 -2
7 -21 -4
7 -21 -10
7 -21 -18
7 -22 -5
7 -22 -18
7 -22 -19
7 -23 -15
7 -23 -19
7 -23 -23
8 0 0
8 0 -3
8 0 -9
8 0 -13
8 0 -18
8 0 -21
8 -1 -7
8 -1 -8
8 -1 -11
8 -1 -18
8 -2 -1
8 -2 -18
8 -2 -23
8 -3 -9
8 -3 -20
8 -4 0
8 -4 -9
8 -4 -12
8 -4 -22
8 -5 -13
8 -5 -18
8 -5 -19
8 -6 -2
8 -6 -23
8 -7 -1
8 -7 -22
8 -8 -14
8 -9 0
8 -9 -6
8 -9 -8
8 -9 -16
8 -9 -17
8 -9 -18
8 -9 -19
8 -10 -7
8 -10 -14
8 -11 0
8 -11 -5
8 -11 -7
8 -11 -11
8 -11 -12
8 -11 -16
8 -11 -22
8 -11 -23
8 -12 -3
8 -12 -5
8 -12 -12
8 -12 -14
8 -12 -20
8 -13 0
8 -14 -3
8 -14 -17
8 -14 -19
8 -14 -22
8 -15 0
8 -15 -17
8 -15 -22
8 -16 -11
8 -17 -11
8 -18 0
8 -18 -11
8 -18 -14
8 -19 0
8 -19 -1
8 -20 -17
8 -20 -22
8 -21 -2
8 -21 -4
8 -21 -10
8 -21 -18
8 -22 -5
8 -22 -18
8 -22 -19
8 -23 -15
8 -23 -19
8 -23 -23
9 0 0
9 0 -3
9 0 -9
9 0 -13
9 0 -18
9 0 -21
9 -1 -7
9 -1 -8
9 -1 -11
9 -1 -18
9 -2 -1
9 -2 -18
9 -2 -23
9 -3 -9
9 -3 -20
9 -4 0
9 -4 -9
9 -4 -12
9 -4 -22
9 -5 -13
9 -5 -18
9 -5 -19
9 -6 -2
9 -6 -23
9 -7 -1
9 -7 -22
9 -8 -14
9 -9 0
9 -9 -6
9 -9 -8
9 -9 -16
9 -9 -17
9 -9 -18
9 -9 -19
9 -10 -7
9 -10 -14
9 -11 0
9 -11 -5
9 -11 -7
9 -11 -11
9 -11 -12
9 -11 -16
9 -11 -22
9 -11 -23
9 -12 -3
9 -12 -5
9 -12 -12
9 -12 -14
9 -12 -20
9 -13 0
9 -14 -3
9 -14 -17
9 -14 -19
9 -14 -22
9 -15 0
9 -15 -17
9 -15 -22
9 -16 -11
9 -17 -11
9 -18 0
9 -18 -11
9 -18 -14
9 -19 0
9 -19 -1
9 -20 -17
9 -20 -22
9 -21 -2
9 -21 -4
9 -21 -10
9 -21 -18
9 -22 -5
9 -22 -18
9 -22 -19
9 -23 -15
9 -23 -19
9 -23 -23
10 0 0
10 0 -3
10 0 -9
10 0 -13
10 0 -18
10 0 -21
10 -1 -7
10 -1 -8
10 -1 -11
10 -1 -18
10 -2 -1
10 -2 -18
10 -2 -23
10 -3 -9
10 -3 -20
10 -4 0
10 -4 -9
10 -4 -12
10 -4 -22
10 -5 -13
10 -5 -18
10 -5 -19
10 -6 -2
10 -6 -23
10 -7 -1
10 -7 -22
10 -8 -14
10 -9 0
10 -9 -6
10 -9 -8
10 -9 -16
10 -9 -17
10 -9 -18
10 -9 -19
10 -10 -7
10 -10 -14
10 -11 0
10 -11 -5
10 -11 -7
10 -11 -11
10 -11 -12
10 -11 -16
10 -11 -22
10 -11 -23
10 -12 -3
10 -12 -5
10 -12 -12
10 -12 -14
10 -12 -20
10 -13 0
10 -14 -3
10 -14 -17
10 -14 -19
10 -14 -22
10 -15 0
10 -15 -17
10 -15 -22
10 -16 -11
10 -17 -11
10 -18 0
10 -18 -11
10 -18 -14
10 -19 0
10 -19 -1
10 -20 -17
10 -20 -22
10 -21 -2
10 -21 -4
10 -21 -10
10 -21 -18
10 -22 -5
10 -22 -18
10 -22 -19
10 -23 -15
10 -23 -19
10 -23 -23
11 0 0
11 0 -3
11 0 -9
11 0 -13
11 0 -18
11 0 -21
11 -1 -7
11 -1 -8
11 -1 -11
11 -1 -18
11 -2 -1
11 -2 -18
11 -2 -23
11 -3 -9
11 -3 -20
11 -4 0
11 -4 -9
11 -4 -12
11 -4 -22
11 -5 -13
11 -5 -18
11 -5 -19
11 -6 -2
11 -6 -23
11 -7 -1
11 -7 -22
11 -8 -14
11 -9 0
11 -9 -6
11 -9 -8
11 -9 -16
11 -9 -17
11 -9 -18
11 -9 -19
11 -10 -7
11 -10 -14
11 -11 0
11 -11 -5
11 -11 -7
11 -11 -11
11 -11 -12
11 -11 -16
11 -11 -22
11 -11 -23
11 -12 -3
11 -12 -5
11 -12 -12
11 -12 -14
11 -12 -20
11 -13 0
11 -14 -3
11 -14 -17
11 -14 -19
11 -14 -22
11 -15 0
11 -15 -17
11 -15 -22
11 -16 -11
11 -17 -11
11 -18 0
11 -18 -11
11 -18 -14
11 -19 0
11 -19 -1
11 -20 -17
11 -20 -22
11 -21 -2
11 -21 -4
11 -21 -10
11 -21 -18
11 -22 -5
11 -22 -18
11 -22 -19
11 -23 -15
11 -23 -19
11 -23 -23
12 0 0
12 0 -3
12 0 -9
12 0 -13
12 0 -18
12 0 -21
12 -1 -7
12 -1 -8
12 -1 -11
12 -1 -18
12 -2 -1
12 -2 -18
12 -2 -23
12 -3 -9
12 -3 -20
12 -4 0
12 -4 -9
12 -4 -12
12 -4 -22
12 -5 -13
12 -5 -18
12 -5 -19
12 -6 -2
12 -6 -23
12 -7 -1
12 -7 -22
12 -8 -14
12 -9 0
12 -9 -6
12 -9 -8
12 -9 -16
12 -9 -17
12 -9 -18
12 -9 -19
12 -10 -7
12 -10 -14
12 -11 0
12 -11 -5
12 -11 -7
12 -11 -11
12 -11 -12
12 -11 -16
12 -11 -22
12 -11 -23
12 -12 -3
12 -12 -5
12 -12 -12
12 -12 -14
12 -12 -20
12 -13 0
12 -14 -3
12 -14 -17
12 -14 -19
12 -14 -22
12 -15 0
12 -15 -17
12 -15 -22
12 -16 -11
12 -17 -11
12 -18 0
12 -18 -11
12 -18 -14
12 -19 0
12 -19 -1
12 -20 -17
12 -20 -22
12 -21 -2
12 -21 -4
12 -21 -10
12 -21 -18
12 -22 -5
12 -22 -18
12 -22 -19
12 -23 -15
12 -23 -19
12 -23 -23
13 0 0
13 0 -3
13 0 -9
13 0 -13
13 0 -18
13 0 -21
13 -1 -7
13 -1 -8
13 -1 -11
13 -1 -18
13 -2 -1
13 -2 -18
13 -2 -23
13 -3 -9
13 -3 -20
13 -4 0
13 -4 -9
13 -4 -12
13 -4 -22
13 -5 -13
13 -5 -18
13 -5 -19
13 -6 -2
13 -6 -23
13 -7 -1
13 -7 -22
13 -8 -14
13 -9 0
13 -9 -6
13 -9 -8
13 -9 -16
13 -9 -17
13 -9 -18
13 -9 -19
13 -10 -7
13 -10 -14
13 -11 0
13 -11 -5
13 -11 -7
13 -11 -11
13 -11 -12
13 -11 -16
13 -11 -22
13 -11 -23
13 -12 -3
13 -12 -5
13 -12 -12
13 -12 -14
13 -12 -20
13 -13 0
13 -14 -3
13 -14 -17
13 -14 -19
13 -14 -22
13 -15 0
13 -15 -17
13 -15 -22
13 -16 -11
13 -17 -11
13 -18 0
13 -18 -11
13 -18 -14
13 -19 0
13 -19 -1
13 -20 -17
13 -20 -22
13 -21 -2
13 -21 -4
13 -21 -10
13 -21 -18
13 -22 -5
13 -22 -18
13 -22 -19
13 -23 -15
13 -23 -19
13 -23 -23
14 0 0
14 0 -3
14 0 -9
14 0 -13
14 0 -18
14 0 -21
14 -1 -7
14 -1 -8
14 -1 -11
14 -1 -18
14 -2 -1
14 -2 -18
14 -2 -23
14 -3 -9
14 -3 -20
14 -4 0
14 -4 -9
14 -4 -12
14 -4 -22
14 -5 -13
14 -5 -18
14 -5 -19
14 -6 -2
14 -6 -23
14 -7 -1
14 -7 -22
14 -8 -14
14 -9 0
14 -9 -6
14 -9 -8
14 -9 -16
14 -9 -17
14 -9 -18
14 -9 -19
14 -10 -7
14 -10 -14
14 -11 0
14 -11 -5
14 -11 -7
14 -11 -11
14 -11 -12
14 -11 -16
14 -11 -22
14 -11 -23
14 -12 -3
14 -12 -5
14 -12 -12
14 -12 -14
14 -12 -20
14 -13 0
14 -14 -3
14 -14 -17
14 -14 -19
14 -14 -22
14 -15 0
14 -15 -17
14 -15 -22
14 -16 -11
14 -17 -11
14 -18 0
14 -18 -11
14 -18 -14
14 -19 0
14 -19 -1
14 -20 -17
14 -20 -22
14 -21 -2
14 -21 -4
14 -21 -10
14 -21 -18
14 -22 -5
14 -22 -18
14 -22 -19
14 -23 -15
14 -23 -19
14 -23 -23
15 0 0
15 0 -3
15 0 -9
15 0 -13
15 0 -18
15 0 -21
15 -1 -7
15 -1 -8
15 -1 -11
15 -1 -18
15 -2 -1
15 -2 -18
15 -2 -23
15 -3 -9
15 -3 -20
15 -4 0
15 -4 -9
15 -4 -12
15 -4 -22
15 -5 -13
15 -5 -18
15 -5 -19
15 -6 -2
15 -6 -23
15 -7 -1
15 -7 -22
15 -8 -14
15 -9 0
15 -9 -6
15 -9 -8
15 -9 -16
15 -9 -17
15 -9 -18
15 -9 -19
15 -10 -7
15 -10 -14
15 -11 0
15 -11 -5
15 -11 -7
15 -11 -11
15 -11 -12
15 -11 -16
15 -11 -22
15 -11 -23
15 -12 -3
15 -12 -5
15 -12 -12
15 -12 -14
15 -12 -20
15 -13 0
15 -14 -3
15 -14 -17
15 -14 -19
15 -14 -22
15 -15 0
15 -15 -17
15 -15 -22
15 -16 -11
15 -17 -11
15 -18 0
15 -18 -11
15 -18 -14
15 -19 0
15 -19 -1
15 -20 -17
15 -20 -22
15 -21 -2
15 -21 -4
15 -21 -10
15 -21 -18
15 -22 -5
15 -22 -18
15 -22 -19
15 -23 -15
15 -23 -19
15 -23 -23
16 0 0
16 0 -3
16 0 -9
16 0 -13
16 0 -18
16 0 -21
16 -1 -7
16 -1 -8
16 -1 -11
16 -1 -18
16 -2 -1
16 -2 -18
16 -2 -23
16 -3 -9
16 -3 -20
16 -4 0
16 -4 -9
16 -4 -12
16 -4 -22
16 -5 -13
16 -5 -18
16 -5 -19
16 -6 -2
16 -6 -23
16 -7 -1
16 -7 -22
16 -8 -14
16 -9 0
16 -9 -6
16 -9 -8
16 -9 -16
16 -9 -17
16 -9 -18
16 -9 -19
16 -10 -7
16 -10 -14
16 -11 0
16 -11 -5
16 -11 -7
16 -11 -11
16 -11 -12
16 -11 -16
16 -11 -22
16 -11 -23
16 -12 -3
16 -12 -5
16 -12 -12
16 -12 -14
16 -12 -20
16 -13 0
16 -14 -3
16 -14 -17
16 -14 -19
16 -14 -22
16 -15 0
16 -15 -17
16 -15 -22
16 -16 -11
16 -17 -11
16 -18 0
16 -18 -11
16 -18 -14
16 -19 0
16 -19 -1
16 -20 -17
16 -20 -22
16 -21 -2
16 -21 -4
16 -21 -10
16 -21 -18
16 -22 -5
16 -22 -18
16 -22 -19
16 -23 -15
16 -23 -19
16 -23 -23
17 0 0
17 0 -3
17 0 -9
17 0 -13
17 0 -18
17 0 -21
17 -1 -7
17 -1 -8
17 -1 -11
17 -1 -18
17 -2 -1
17 -2 -18
17 -2 -23
17 -3 -9
17 -3 -20
17 -4 0
17 -4 -9
17 -4 -12
17 -4 -22
17 -5 -13
17 -5 -18
17 -5 -19
17 -6 -2
17 -6 -23
17 -7 -1
17 -7 -22
17 -8 -14
17 -9 0
17 -9 -6
17 -9 -8
17 -9 -16
17 -9 -17
17 -9 -18
17 -9 -19
17 -10 -7
17 -10 -14
17 -11 0
17 -11 -5
17 -11 -7
17 -11 -11
17 -11 -12
17 -11 -16
17 -11 -22
17 -11 -23
17 -12 -3
17 -12 -5
17 -12 -12
17 -12 -14
17 -12 -20
17 -13 0
17 -14 -3
17 -14 -17
17 -14 -19
17 -14 -22
17 -15 0
17 -15 -17
17 -15 -22
17 -16 -11
17 -17 -11
17 -18 0
17 -18 -11
17 -18 -14
17 -19 0
17 -19 -1
17 -20 -17
17 -20 -22
17 -21 -2
17 -21 -4
17 -21 -10
17 -21 -18
17 -22 -5
17 -22 -18
17 -22 -19
17 -23 -15
17 -23 -19
17 -23 -23
18 0 0
18 0 -3
18 0 -9
18 0 -13
18 0 -18
18 0 -21
18 -1 -7
18 -1 -8
18 -1 -11
18 -1 -18
18 -2 -1
18 -2 -18
18 -2 -23
18 -3 -9
18 -3 -20
18 -4 0
18 -4 -9
18 -4 -12
18 -4 -22
18 -5 -13
18 -5 -18
18 -5 -19
18 -6 -2
18 -6 -23
18 -7 -1
18 -7 -22
18 -8 -14
18 -9 0
18 -9 -6
18 -9 -8
18 -9 -16
18 -9 -17
18 -9 -18
18 -9 -19
18 -10 -7
18 -10 -14
18 -11 0
18 -11 -5
18 -11 -7
18 -11 -11
18 -11 -12
18 -11 -16
18 -11 -22
18 -11 -23
18 -12 -3
18 -12 -5
18 -12 -12
18 -12 -14
18 -12 -20
18 -13 0
18 -14 -3
18 -14 -17
18 -14 -19
18 -14 -22
18 -15 0
18 -15 -17
18 -15 -22
18 -16 -11
18 -17 -11
18 -18 0
18 -18 -11
18 -18 -14
18 -19 0
18 -19 -1
18 -20 -17
18 -20 -22
18 -21 -2
18 -21 -4
18 -21 -10
18 -21 -18
18 -22 -5
18 -22 -18
18 -22 -19
18 -23 -15
18 -23 -19
18 -23 -23
19 0 0
19 0 -3
19 0 -9
19 0 -13
19 0 -18
19 0 -21
19 -1 -7
19 -1 -8
19 -1 -11
19 -1 -18
19 -2 -1
19 -2 -18
19 -2 -23
19 -3 -9
19 -3 -20
19 -4 0
19 -4 -9
19 -4 -12
19 -4 -22
19 -5 -13
19 -5 -18
19 -5 -19
19 -6 -2
19 -6 -23
19 -7 -1
19 -7 -22
19 -8 -14
19 -9 0
19 -9 -6
19 -9 -8
19 -9 -16
19 -9 -17
19 -9 -18
19 -9 -19
19 -10 -7
19 -10 -14
19 -11 0
19 -11 -5
19 -11 -7
19 -11 -11
19 -11 -12
19 -11 -16
19 -11 -22
19 -11 -23
19 -12 -3
19 -12 -5
19 -12 -12
19 -12 -14
19 -12 -20
19 -13 0
19 -14 -3
19 -14 -17
19 -14 -19
19 -14 -22
19 -15 0
19 -15 -17
19 -15 -22
19 -16 -11
19 -17 -11
19 -18 0
19 -18 -11
19 -18 -14
19 -19 0
19 -19 -1
19 -20 -17
19 -20 -22
19 -21 -2
19 -21 -4
19 -21 -10
19 -21 -18
19 -22 -5
19 -22 -18
19 -22 -19
19 -23 -15
19 -23 -19
19 -23 -23
20 0 0
20 0 -3
20 0 -9
20 0 -13
20 0 -18
20 0 -21
20 -1 -7
20 -1 -8
20 -1 -11
20 -1 -18
20 -2 -1
20 -2 -18
20 -2 -23
20 -3 -9
20 -3 -20
20 -4 0
20 -4 -9
20 -4 -12
20 -4 -22
20 -5 -13
20 -5 -18
20 -5 -19
20 -6 -2
20 -6 -23
20 -7 -1
20 -7 -22
20 -8 -14
20 -9 0
20 -9 -6
20 -9 -8
20 -9 -16
20 -9 -17
20 -9 -18
20 -9 -19
20 -10 -7
20 -10 -14
20 -11 0
20 -11 -5
20 -11 -7
20 -11 -11
20 -11 -12
20 -11 -16
20 -11 -22
20 -11 -23
20 -12 -3
20 -12 -5
20 -12 -12
20 -12 -14
20 -12 -20
20 -13 0
20 -14 -3
20 -14 -17
20 -14 -19
20 -14 -22
20 -15 0
20 -15 -17
20 -15 -22
20 -16 -11
20 -17 -11
20 -18 0
20 -18 -11
20 -18 -14
20 -19 0
20 -19 -1
20 -20 -17
20 -20 -22
20 -21 -2
20 -21 -4
20 -21 -10
20 -21 -18
20 -22 -5
20 -22 -18
20 -22 -19
20 -23 -15
20 -23 -19
20 -23 -23
21 0 0
21 0 -3
21 0 -9
21 0 -13
21 0 -18
21 0 -21
21 -1 -7
21 -1 -8
21 -1 -11
21 -1 -18
21 -2 -1
21 -2 -18
21 -2 -23
21 -3 -9
21 -3 -20
21 -4 0
21 -4 -9
21 -4 -12
21 -4 -22
21 -5 -13
21 -5 -18
21 -5 -19
21 -6 -2
21 -6 -23
21 -7 -1
21 -7 -22
21 -8 -14
21 -9 0
21 -9 -6
21 -9 -8
21 -9 -16
21 -9 -17
21 -9 -18
21 -9 -19
21 -10 -7
21 -10 -14
21 -11 0
21 -11 -5
21 -11 -7
21 -11 -11
21 -11 -12
21 -11 -16
21 -11 -22
21 -11 -23
21 -12 -3
21 -12 -5
21 -12 -12
21 -12 -14
21 -12 -20
21 -13 0
21 -14 -3
21 -14 -17
21 -14 -19
21 -14 -22
21 -15 0
21 -15 -17
21 -15 -22
21 -16 -11
21 -17 -11
21 -18 0
21 -18 -11
21 -18 -14
21 -19 0
21 -19 -1
21 -20 -17
21 -20 -22
21 -21 -2
21 -21 -4
21 -21 -10
21 -21 -18
21 -22 -5
21 -22 -18
21 -22 -19
21 -23 -15
21 -23 -19
21 -23 -23
22 0 0
22 0 -3
22 0 -9
22 0 -13
22 0 -18
22 0 -21
22 -1 -7
22 -1 -8
22 -1 -11
22 -1 -18
22 -2 -1
22 -2 -18
22 -2 -23
22 -3 -9
22 -3 -20
22 -4 0
22 -4 -9
22 -4 -12
22 -4 -22
22 -5 -13
22 -5 -18
22 -5 -19
22 -6 -2
22 -6 -23
22 -7 -1
22 -7 -22
22 -8 -14
22 -9 0
22 -9 -6
22 -9 -8
22 -9 -16
22 -9 -17
22 -9 -18
22 -9 -19
22 -10 -7
22 -10 -14
22 -11 0
22 -11 -5
22 -11 -7
22 -11 -11
22 -11 -12
22 -11 -16
22 -11 -22
22 -11 -23
22 -12 -3
22 -12 -5
22 -12 -12
22 -12 -14
22 -12 -20
22 -13 0
22 -14 -3
22 -14 -17
22 -14 -19
22 -14 -22
22 -15 0
22 -15 -17
22 -15 -22
22 -16 -11
22 -17 -11
22 -18 0
22 -18 -11
22 -18 -14
22 -19 0
22 -19 -1
22 -20 -17
22 -20 -22
22 -21 -2
22 -21 -4
22 -21 -10
22 -21 -18
22 -22 -5
22 -22 -18
22 -22 -19
22 -23 -15
22 -23 -19
22 -23 -23
23 0 0
23 0 -3
23 0 -9
23 0 -13
23 0 -18
23 0 -21
23 -1 -7
23 -1 -8
23 -1 -11
23 -1 -18
23 -2 -1
23 -2 -18
23 -2 -23
23 -3 -9
23 -3 -20
23 -4 0
23 -4 -9
23 -4 -12
23 -4 -22
23 -5 -13
23 -5 -18
23 -5 -19
23 -6 -2
23 -6 -23
23 -7 -1
23 -7 -22
23 -8 -14
23 -9 0
23 -9 -6
23 -9 -8
23 -9 -16
23 -9 -17
23 -9 -18
23 -9 -19
23 -10 -7
23 -10 -14
23 -11 0
23 -11 -5
23 -11 -7
23 -11 -11
23 -11 -12
23 -11 -16
23 -11 -22
23 -11 -23
23 -12 -3
23 -12 -5
23 -12 -12
23 -12 -14
23 -12 -20
23 -13 0
23 -14 -3
23 -14 -17
23 -14 -19
23 -14 -22
23 -15 0
23 -15 -17
23 -15 -22
23 -16 -11
23 -17 -11
23 -18 0
23 -18 -11
23 -18 -14
23 -19 0
23 -19 -1
23 -20 -17
23 -20 -22
23 -21 -2
23 -21 -4
23 -21 -10
23 -21 -18
23 -22 -5
23 -22 -18
23 -22 -19
23 -23 -15
23 -23 -19
23 -23 -23
24 0 0
24 0 -3
24 0 -9
24 0 -13
24 0 -18
24 0 -21
24 -1 -7
24 -1 -8
24 -1 -11
24 -1 -18
24 -2 -1
24 -2 -18
24 -2 -23
24 -3 -9
24 -3 -20
24 -4 0
24 -4 -9
24 -4 -12
24 -4 -22
24 -5 -13
24 -5 -18
24 -5 -19
24 -6 -2
24 -6 -23
24 -7 -1
24 -7 -22
24 -8 -14
24 -9 0
24 -9 -6
24 -9 -8
24 -9 -16
24 -9 -17
24 -9 -18
24 -9 -19
24 -10 -7
24 -10 -14
24 -11 0
24 -11 -5
24 -11 -7
24 -11 -11
24 -11 -12
24 -11 -16
24 -11 -22
24 -11 -23
24 -12 -3
24 -12 -5
24 -12 -12
24 -12 -14
24 -12 -20
24 -13 0
24 -14 -3
24 -14 -17
24 -14 -19
24 -14 -22
24 -15 0
24 -15 -17
24 -15 -22
24 -16 -11
24 -17 -11
24 -18 0
24 -18 -11
24 -18 -14
24 -19 0
24 -19 -1
24 -20 -17
24 -20 -22
24 -21 -2
24 -21 -4
24 -21 -10
24 -21 -18
24 -22 -5
24 -22 -18
24 -22 -19
24 -23 -15
24 -23 -19
24 -23 -23
25 0 0
25 0 -3
25 0 -9
25 0 -13
25 0 -18
25 0 -21
25 -1 -7
25 -1 -8
25 -1 -11
25 -1 -18
25 -2 -1
25 -2 -18
25 -2 -23
25 -3 -9
25 -3 -20
25 -4 0
25 -4 -9
25 -4 -12
25 -4 -22
25 -5 -13
25 -5 -18
25 -5 -19
25 -6 -2
25 -6 -23
25 -7 -1
25 -7 -22
25 -8 -14
25 -9 0
25 -9 -6
25 -9 -8
25 -9 -16
25 -9 -17
25 -9 -18
25 -9 -19
25 -10 -7
25 -10 -14
25 -11 0
25 -11 -5
25 -11 -7
25 -11 -11
25 -11 -12
25 -11 -16
25 -11 -22
25 -11 -23
25 -12 -3
25 -12 -5
25 -12 -12
25 -12 -14
25 -12 -20
25 -13 0
25 -14 -3
25 -14 -17
25 -14 -19
25 -14 -22
25 -15 0
25 -15 -17
25 -15 -22
25 -16 -11
25 -17 -11
25 -18 0
25 -18 -11
25 -18 -14
25 -19 0
25 -19 -1
25 -20 -17
25 -20 -22
25 -21 -2
25 -21 -4
25 -21 -10
25 -21 -18
25 -22 -5
25 -22 -18
25 -22 -19
25 -23 -15
25 -23 -19
25 -23 -23
26 0 0
26 0 -3
26 0 -9
26 0 -13
26 0 -18
26 0 -21
26 -1 -7
26 -1 -8
26 -1 -11
26 -1 -18
26 -2 -1
26 -2 -18
26 -2 -23
26 -3 -9
26 -3 -20
26 -4 0
26 -4 -9
26 -4 -12
26 -4 -22
26 -5 -13
26 -5 -18
26 -5 -19
26 -6 -2
26 -6 -23
26 -7 -1
26 -7 -22
26 -8 -14
26 -9 0
26 -9 -6
26 -9 -8
26 -9 -16
26 -9 -17
26 -9 -18
26 -9 -19
26 -10 -7
26 -10 -14
26 -11 0
26 -11 -5
26 -11 -7
26 -11 -11
26 -11 -12
26 -11 -16
26 -11 -22
26 -11 -23
26 -12 -3
26 -12 -5
26 -12 -12
26 -12 -14
26 -12 -20
26 -13 0
26 -14 -3
26 -14 -17
26 -14 -19
26 -14 -22
26 -15 0
26 -15 -17
26 -15 -22
26 -16 -11
26 -17 -11
26 -18 0
26 -18 -11
26 -18 -14
26 -19 0
26 -19 -1
26 -20 -17
26 -20 -22
26 -21 -2
26 -21 -4
26 -21 -10
26 -21 -18
26 -22 -5
26 -22 -18
26 -22 -19
26 -23 -15
26 -23 -19
26 -23 -23
27 0 0
27 0 -3
27 0 -9
27 0 -13
27 0 -18
27 0 -21
27 -1 -7
27 -1 -8
27 -1 -11
27 -1 -18
27 -2 -1
27 -2 -18
27 -2 -23
27 -3 -9
27 -3 -20
27 -4 0
27 -4 -9
27 -4 -12
27 -4 -22
27 -5 -13
27 -5 -18
27 -5 -19
27 -6 -2
27 -6 -23
27 -7 -1
27 -7 -22
27 -8 -14
27 -9 0
27 -9 -6
27 -9 -8
27 -9 -16
27 -9 -17
27 -9 -18
27 -9 -19
27 -10 -7
27 -10 -14
27 -11 0
27 -11 -5
27 -11 -7
27 -11 -11
27 -11 -12
27 -11 -16
27 -11 -22
27 -11 -23
27 -12 -3
27 -12 -5
27 -12 -12
27 -12 -14
27 -12 -20
27 -13 0
27 -14 -3
27 -14 -17
27 -14 -19
27 -14 -22
27 -15 0
27 -15 -17
27 -15 -22
27 -16 -11
27 -17 -11
27 -18 0
27 -18 -11
27 -18 -14
27 -19 0
27 -19 -1
27 -20 -17
27 -20 -22
27 -21 -2
27 -21 -4
27 -21 -10
27 -21 -18
27 -22 -5
27 -22 -18
27 -22 -19
27 -23 -15
27 -23 -19
27 -23 -23
28 0 0
28 0 -3
28 0 -9
28 0 -13
28 0 -18
28 0 -21
28 -1 -7
28 -1 -8
28 -1 -11
28 -1 -18
28 -2 -1
28 -2 -18
28 -2 -23
28 -3 -9
28 -3 -20
28 -4 0
28 -4 -9
28 -4 -12
28 -4 -22
28 -5 -13
28 -5 -18
28 -5 -19
28 -6 -2
28 -6 -23
28 -7 -1
28 -7 -22
28 -8 -14
28 -9 0
28 -9 -6
28 -9 -8
28 -9 -16
28 -9 -17
28 -9 -18
28 -9 -19
28 -10 -7
28 -10 -14
28 -11 0
28 -11 -5
28 -11 -7
28 -11 -11
28 -11 -12
28 -11 -16
28 -11 -22
28 -11 -23
28 -12 -3
28 -12 -5
28 -12 -12
28 -12 -14
28 -12 -20
28 -13 0
28 -14 -3
28 -14 -17
28 -14 -19
28 -14 -22
28 -15 0
28 -15 -17
28 -15 -22
28 -16 -11
28 -17 -11
28 -18 0
28 -18 -11
28 -18 -14
28 -19 0
28 -19 -1
28 -20 -17
28 -20 -22
28 -21 -2
28 -21 -4
28 -21 -10
28 -21 -18
28 -22 -5
28 -22 -18
28 -22 -19
28 -23 -15
28 -23 -19
28 -23 -23
29 0 0
29 0 -3
29 0 -9
29 0 -13
29 0 -18
29 0 -21
29 -1 -7
29 -1 -8
29 -1 -11
29 -1 -18
29 -2 -1
29 -2 -18
29 -2 -23
29 -3 -9
29 -3 -20
29 -4 0
29 -4 -9
29 -4 -12
29 -4 -22
29 -5 -13
29 -5 -18
29 -5 -19
29 -6 -2
29 -6 -23
29 -7 -1
29 -7 -22
29 -8 -14
29 -9 0
29 -9 -6
29 -9 -8
29 -9 -16
29 -9 -17
29 -9 -18
29 -9 -19
29 -10 -7
29 -10 -14
29 -11 0
29 -11 -5
29 -11 -7
29 -11 -11
29 -11 -12
29 -11 -16
29 -11 -22
29 -11 -23
29 -12 -3
29 -12 -5
29 -12 -12
29 -12 -14
29 -12 -20
29 -13 0
29 -14 -3
29 -14 -17
29 -14 -19
29 -14 -22
29 -15 0
29 -15 -17
29 -15 -22
29 -16 -11
29 -17 -11
29 -18 0
29 -18 -11
29 -18 -14
29 -19 0
29 -19 -1
29 -20 -17
29 -20 -22
29 -21 -2
29 -21 -4
29 -21 -10
29 -21 -18
29 -22 -5
29 -22 -18
29 -22 -19
29 -23 -15
29 -23 -19
29 -23 -23
30 0 0
30 0 -3
30 0 -9
30 0 -13
30 0 -18
30 0 -21
30 -1 -7
30 -1 -8
30 -1 -11
30 -1 -18
30 -2 -1
30 -2 -18
30 -2 -23
30 -3 -9
30 -3 -20
30 -4 0
30 -4 -9
30 -4 -12
30 -4 -22
30 -5 -13
30 -5 -18
30 -5 -19
30 -6 -2
30 -6 -23
30 -7 -1
30 -7 -22
30 -8 -14
30 -9 0
30 -9 -6
30 -9 -8
30 -9 -16
30 -9 -17
30 -9 -18
30 -9 -19
30 -10 -7
30 -10 -14
30 -11 0
30 -11 -5
30 -11 -7
30 -11 -11
30 -11 -12
30 -11 -16
30 -11 -22
30 -11 -23
30 -12 -3
30 -12 -5
30 -12 -12
30 -12 -14
30 -12 -20
30 -13 0
30 -14 -3
30 -14 -17
30 -14 -19
30 -14 -22
30 -15 0
30 -15 -17
30 -15 -22
30 -16 -11
30 -17 -11
30 -18 0
30 -18 -11
30 -18 -14
30 -19 0
30 -19 -1
30 -20 -17
30 -20 -22
30 -21 -2
30 -21 -4
30 -21 -10
30 -21 -18
30 -22 -5
30 -22 -18
30 -22 -19
30 -23 -15
30 -23 -19
30 -23 -23
31 0 0
31 0 -3
31 0 -9
31 0 -13
31 0 -18
31 0 -21
31 -1 -7
31 -1 -8
31 -1 -11
31 -1 -18
31 -2 -1
31 -2 -18
31 -2 -23
31 -3 -9
31 -3 -20
31 -4 0
31 -4 -9
31 -4 -12
31 -4 -22
31 -5 -13
31 -5 -18
31 -5 -19
31 -6 -2
31 -6 -23
31 -7 -1
31 -7 -22
31 -8 -14
31 -9 0
31 -9 -6
31 -9 -8
31 -9 -16
31 -9 -17
31 -9 -18
31 -9 -19
31 -10 -7
31 -10 -14
31 -11 0
31 -11 -5
31 -11 -7
31 -11 -11
31 -11 -12
31 -11 -16
31 -11 -22
31 -11 -23
31 -12 -3
31 -12 -5
31 -12 -12
31 -12 -14
31 -12 -20
31 -13 0
31 -14 -3
31 -14 -17
31 -14 -19
31 -14 -22
31 -15 0
31 -15 -17
31 -15 -22
31 -16 -11
31 -17 -11
31 -18 0
31 -18 -11
31 -18 -14
31 -19 0
31 -19 -1
31 -20 -17
31 -20 -22
31 -21 -2
31 -21 -4
31 -21 -10
31 -21 -18
31 -22 -5
31 -22 -18
31 -22 -19
31 -23 -15
31 -23 -19
31 -23 -23
32 0 0
32 0 -3
32 0 -9
32 0 -13
32 0 -18
32 0 -21
32 -1 -7
32 -1 -8
32 -1 -11
32 -1 -18
32 -2 -1
32 -2 -18
32 -2 -23
32 -3 -9
32 -3 -20
32 -4 0
32 -4 -9
32 -4 -12
32 -4 -22
32 -5 -13
32 -5 -18
32 -5 -19
32 -6 -2
32 -6 -23
32 -7 -1
32 -7 -22
32 -8 -14
32 -9 0
32 -9 -6
32 -9 -8
32 -9 -16
32 -9 -17
32 -9 -18
32 -9 -19
32 -10 -7
32 -10 -14
32 -11 0
32 -11 -5
32 -11 -7
32 -11 -11
32 -11 -12
32 -11 -16
32 -11 -22
32 -11 -23
32 -12 -3
32 -12 -5
32 -12 -12
32 -12 -14
32 -12 -20
32 -13 0
32 -14 -3
32 -14 -17
32 -14 -19
32 -14 -22
32 -15 0
32 -15 -17
32 -15 -22
32 -16 -11
32 -17 -11
32 -18 0
32 -18 -11
32 -18 -14
32 -19 0
32 -19 -1
32 -20 -17
32 -20 -22
32 -21 -2
32 -21 -4
32 -21 -10
32 -21 -18
32 -22 -5
32 -22 -18
32 -22 -19
32 -23 -15
32 -23 -19
32 -23 -23
33 0 0
33 0 -3
33 0 -9
33 0 -13
33 0 -18
33 0 -21
33 -1 -7
33 -1 -8
33 -1 -11
33 -1 -18
33 -2 -1
33 -2 -18
33 -2 -23
33 -3 -9
33 -3 -20
33 -4 0
33 -4 -9
33 -4 -12
33 -4 -22
33 -5 -13
33 -5 -18
33 -5 -19
33 -6 -2
33 -6 -23
33 -7 -1
33 -7 -22
33 -8 -14
33 -9 0
33 -9 -6
33 -9 -8
33 -9 -16
33 -9 -17
33 -9 -18
33 -9 -19
33 -10 -7
33 -10 -14
33 -11 0
33 -11 -5
33 -11 -7
33 -11 -11
33 -11 -12
33 -11 -16
33 -11 -22
33 -11 -23
33 -12 -3
33 -12 -5
33 -12 -12
33 -12 -14
33 -12 -20
33 -13 0
33 -14 -3
33 -14 -17
33 -14 -19
33 -14 -22
33 -15 0
33 -15 -17
33 -15 -22
33 -16 -11
33 -17 -11
33 -18 0
33 -18 -11
33 -18 -14
33 -19 0
33 -19 -1
33 -20 -17
33 -20 -22
33 -21 -2
33 -21 -4
33 -21 -10
33 -21 -18
33 -22 -5
33 -22 -18
33 -22 -19
33 -23 -15
33 -23 -19
33 -23 -23
34 0 0
34 0 -3
34 0 -9
34 0 -13
34 0 -18
34 0 -21
34 -1 -7
34 -1 -8
34 -1 -11
34 -1 -18
34 -2 -1
34 -2 -18
34 -2 -23
34 -3 -9
34 -3 -20
34 -4 0
34 -4 -9
34 -4 -12
34 -4 -22
34 -5 -13
34 -5 -18
34 -5 -19
34 -6 -2
34 -6 -23
34 -7 -1
34 -7 -22
34 -8 -14
34 -9 0
34 -9 -6
34 -9 -8
34 -9 -16
34 -9 -17
34 -9 -18
34 -9 -19
34 -10 -7
34 -10 -14
34 -11 0
34 -11 -5
34 -11 -7
34 -11 -11
34 -11 -12
34 -11 -16
34 -11 -22
34 -11 -23
34 -12 -3
34 -12 -5
34 -12 -12
34 -12 -14
34 -12 -20
34 -13 0
34 -14 -3
34 -14 -17
34 -14 -19
34 -14 -22
34 -15 0
34 -15 -17
34 -15 -22
34 -16 -11
34 -17 -11
34 -18 0
34 -18 -11
34 -18 -14
34 -19 0
34 -19 -1
34 -20 -17
34 -20 -22
34 -21 -2
34 -21 -4
34 -21 -10
34 -21 -18
34 -22 -5
34 -22 -18
34 -22 -19
34 -23 -15
34 -23 -19
34 -23 -23
35 0 0
35 0 -3
35 0 -9
35 0 -13
35 0 -18
35 0 -21
35 -1 -7
35 -1 -8
35 -1 -11
35 -1 -18
35 -2 -1
35 -2 -18
35 -2 -23
35 -3 -9
35 -3 -20
35 -4 0
35 -4 -9
35 -4 -12
35 -4 -22
35 -5 -13
35 -5 -18
35 -5 -19
35 -6 -2
35 -6 -23
35 -7 -1
35 -7 -22
35 -8 -14
35 -9 0
35 -9 -6
35 -9 -8
35 -9 -16
35 -9 -17
35 -9 -18
35 -9 -19
35 -10 -7
35 -10 -14
35 -11 0
35 -11 -5
35 -11 -7
35 -11 -11
35 -11 -12
35 -11 -16
35 -11 -22
35 -11 -23
35 -12 -3
35 -12 -5
35 -12 -12
35 -12 -14
35 -12 -20
35 -13 0
35 -14 -3
35 -14 -17
35 -14 -19
35 -14 -22
35 -15 0
35 -15 -17
35 -15 -22
35 -16 -11
35 -17 -11
35 -18 0
35 -18 -11
35 -18 -14
35 -19 0
35 -19 -1
35 -20 -17
35 -20 -22
35 -21 -2
35 -21 -4
35 -21 -10
35 -21 -18
35 -22 -5
35 -22 -18
35 -22 -19
35 -23 -15
35 -23 -19
35 -23 -23
36 0 0
36 0 -3
36 0 -9
36 0 -13
36 0 -18
36 0 -21
36 -1 -7
36 -1 -8
36 -1 -11
36 -1 -18
36 -2 -1
36 -2 -18
36 -2 -23
36 -3 -9
36 -3 -20
36 -4 0
36 -4 -9
36 -4 -12
36 -4 -22
36 -5 -13
36 -5 -18
36 -5 -19
36 -6 -2
36 -6 -23
36 -7 -1
36 -7 -22
36 -8 -14
36 -9 0
36 -9 -6
36 -9 -8
36 -9 -16
36 -9 -17
36 -9 -18
36 -9 -19
36 -10 -7
36 -10 -14
36 -11 0
36 -11 -5
36 -11 -7
36 -11 -11
36 -11 -12
36 -11 -16
36 -11 -22
36 -11 -23
36 -12 -3
36 -12 -5
36 -12 -12
36 -12 -14
36 -12 -20
36 -13 0
36 -14 -3
36 -14 -17
36 -14 -19
36 -14 -22
36 -15 0
36 -15 -17
36 -15 -22
36 -16 -11
36 -17 -11
36 -18 0
36 -18 -11
36 -18 -14
36 -19 0
36 -19 -1
36 -20 -17
36 -20 -22
36 -21 -2
36 -21 -4
36 -21 -10
36 -21 -18
36 -22 -5
36 -22 -18
36 -22 -19
36 -23 -15
36 -23 -19
36 -23 -23
37 0 0
37 0 -3
37 0 -9
37 0 -13
37 0 -18
37 0 -21
37 -1 -7
37 -1 -8
37 -1 -11
37 -1 -18
37 -2 -1
37 -2 -18
37 -2 -23
37 -3 -9
37 -3 -20
37 -4 0
37 -4 -9
37 -4 -12
37 -4 -22
37 -5 -13
37 -5 -18
37 -5 -19
37 -6 -2
37 -6 -23
37 -7 -1
37 -7 -22
37 -8 -14
37 -9 0
37 -9 -6
37 -9 -8
37 -9 -16
37 -9 -17
37 -9 -18
37 -9 -19
37 -10 -7
37 -10 -14
37 -11 0
37 -11 -5
37 -11 -7
37 -11 -11
37 -11 -12
37 -11 -16
37 -11 -22
37 -11 -23
37 -12 -3
37 -12 -5
37 -12 -12
37 -12 -14
37 -12 -20
37 -13 0
37 -14 -3
37 -14 -17
37 -14 -19
37 -14 -22
37 -15 0
37 -15 -17
37 -15 -22
37 -16 -11
37 -17 -11
37 -18 0
37 -18 -11
37 -18 -14
37 -19 0
37 -19 -1
37 -20 -17
37 -20 -22
37 -21 -2
37 -21 -4
37 -21 -10
37 -21 -18
37 -22 -5
37 -22 -18
37 -22 -19
37 -23 -15
37 -23 -19
37 -23 -23
38 0 0
38 0 -3
38 0 -9
38 0 -13
38 0 -18
38 0 -21
38 -1 -7
38 -1 -8
38 -1 -11
38 -1 -18
38 -2 -1
38 -2 -18
38 -2 -23
38 -3 -9
38 -3 -20
38 -4 0
38 -4 -9
38 -4 -12
38 -4 -22
38 -5 -13
38 -5 -18
38 -5 -19
38 -6 -2
38 -6 -23
38 -7 -1
38 -7 -22
38 -8 -14
38 -9 0
38 -9 -6
38 -9 -8
38 -9 -16
38 -9 -17
38 -9 -18
38 -9 -19
38 -10 -7
38 -10 -14
38 -11 0
38 -11 -5
38 -11 -7
38 -11 -11
38 -11 -12
38 -11 -16
38 -11 -22
38 -11 -23
38 -12 -3
38 -12 -5
38 -12 -12
38 -12 -14
38 -12 -20
38 -13 0
38 -14 -3
38 -14 -17
38 -14 -19
38 -14 -22
38 -15 0
38 -15 -17
38 -15 -22
38 -16 -11
38 -17 -11
38 -18 0
38 -18 -11
38 -18 -14
38 -19 0
38 -19 -1
38 -20 -17
38 -20 -22
38 -21 -2
38 -21 -4
38 -21 -10
38 -21 -18
38 -22 -5
38 -22 -18
38 -22 -19
38 -23 -15
38 -23 -19
38 -23 -23
39 0 0
39 0 -3
39 0 -9
39 0 -13
39 0 -18
39 0 -21
39 -1 -7
39 -1 -8
39 -1 -11
39 -1 -18
39 -2 -1
39 -2 -18
39 -2 -23
39 -3 -9
39 -3 -20
39 -4 0
39 -4 -9
39 -4 -12
39 -4 -22
39 -5 -13
39 -5 -18
39 -5 -19
39 -6 -2
39 -6 -23
39 -7 -1
39 -7 -22
39 -8 -14
39 -9 0
39 -9 -6
39 -9 -8
39 -9 -16
39 -9 -17
39 -9 -18
39 -9 -19
39 -10 -7
39 -10 -14
39 -11 0
39 -11 -5
39 -11 -7
39 -11 -11
39 -11 -12
39 -11 -16
39 -11 -22
39 -11 -23
39 -12 -3
39 -12 -5
39 -12 -12
39 -12 -14
39 -12 -20
39 -13 0
39 -14 -3
39 -14 -17
39 -14 -19
39 -14 -22
39 -15 0
39 -15 -17
39 -15 -22
39 -16 -11
39 -17 -11
39 -18 0
39 -18 -11
39 -18 -14
39 -19 0
39 -19 -1
39 -20 -17
39 -20 -22
39 -21 -2
39 -21 -4
39 -21 -10
39 -21 -18
39 -22 -5
39 -22 -18
39 -22 -19
39 -23 -15
39 -23 -19
39 -23 -23
40 0 0
40 0 -3
40 0 -9
40 0 -13
40 0 -18
40 0 -21
40 -1 -7
40 -1 -8
40 -1 -11
40 -1 -18
40 -2 -1
40 -2 -18
40 -2 -23
40 -3 -9
40 -3 -20
40 -4 0
40 -4 -9
40 -4 -12
40 -4 -22
40 -5 -13
40 -5 -18
40 -5 -19
40 -6 -2
40 -6 -23
40 -7 -1
40 -7 -22
40 -8 -14
40 -9 0
40 -9 -6
40 -9 -8
40 -9 -16
40 -9 -17
40 -9 -18
40 -9 -19
40 -10 -7
40 -10 -14
40 -11 0
40 -11 -5
40 -11 -7
40 -11 -11
40 -11 -12
40 -11 -16
40 -11 -22
40 -11 -23
40 -12 -3
40 -12 -5
40 -12 -12
40 -12 -14
40 -12 -20
40 -13 0
40 -14 -3
40 -14 -17
40 -14 -19
40 -14 -22
40 -15 0
40 -15 -17
40 -15 -22
40 -16 -11
40 -17 -11
40 -18 0
40 -18 -11
40 -18 -14
40 -19 0
40 -19 -1
40 -20 -17
40 -20 -22
40 -21 -2
40 -21 -4
40 -21 -10
40 -21 -18
40 -22 -5
40 -22 -18
40 -22 -19
40 -23 -15
40 -23 -19
40 -23 -23
41 0 0
41 0 -3
41 0 -9
41 0 -13
41 0 -18
41 0 -21
41 -1 -7
41 -1 -8
41 -1 -11
41 -1 -18
41 -2 -1
41 -2 -18
41 -2 -23
41 -3 -9
41 -3 -20
41 -4 0
41 -4 -9
41 -4 -12
41 -4 -22
41 -5 -13
41 -5 -18
41 -5 -19
41 -6 -2
41 -6 -23
41 -7 -1
41 -7 -22
41 -8 -14
41 -9 0
41 -9 -6
41 -9 -8
41 -9 -16
41 -9 -17
41 -9 -18
41 -9 -19
41 -10 -7
41 -10 -14
41 -11 0
41 -11 -5
41 -11 -7
41 -11 -11
41 -11 -12
41 -11 -16
41 -11 -22
41 -11 -23
41 -12 -3
41 -12 -5
41 -12 -12
41 -12 -14
41 -12 -20
41 -13 0
41 -14 -3
41 -14 -17
41 -14 -19
41 -14 -22
41 -15 0
41 -15 -17
41 -15 -22
41 -16 -11
41 -17 -11
41 -18 0
41 -18 -11
41 -18 -14
41 -19 0
41 -19 -1
41 -20 -17
41 -20 -22
41 -21 -2
41 -21 -4
41 -21 -10
41 -21 -18
41 -22 -5
41 -22 -18
41 -22 -19
41 -23 -15
41 -23 -19
41 -23 -23
42 0 0
42 0 -3
42 0 -9
42 0 -13
42 0 -18
42 0 -21
42 -1 -7
42 -1 -8
42 -1 -11
42 -1 -18
42 -2 -1
42 -2 -18
42 -2 -23
42 -3 -9
42 -3 -20
42 -4 0
42 -4 -9
42 -4 -12
42 -4 -22
42 -5 -13
42 -5 -18
42 -5 -19
42 -6 -2
42 -6 -23
42 -7 -1
42 -7 -22
42 -8 -14
42 -9 0
42 -9 -6
42 -9 -8
42 -9 -16
42 -9 -17
42 -9 -18
42 -9 -19
42 -10 -7
42 -10 -14
42 -11 0
42 -11 -5
42 -11 -7
42 -11 -11
42 -11 -12
42 -11 -16
42 -11 -22
42 -11 -23
42 -12 -3
42 -12 -5
42 -12 -12
42 -12 -14
42 -12 -20
42 -13 0
42 -14 -3
42 -14 -17
42 -14 -19
42 -14 -22
42 -15 0
42 -15 -17
42 -15 -22
42 -16 -11
42 -17 -11
42 -18 0
42 -18 -11
42 -18 -14
42 -19 0
42 -19 -1
42 -20 -17
42 -20 -22
42 -21 -2
42 -21 -4
42 -21 -10
42 -21 -18
42 -22 -5
42 -22 -18
42 -22 -19
42 -23 -15
42 -23 -19
42 -23 -23
43 0 0
43 0 -3
43 0 -9
43 0 -13
43 0 -18
43 0 -21
43 -1 -7
43 -1 -8
43 -1 -11
43 -1 -18
43 -2 -1
43 -2 -18
43 -2 -23
43 -3 -9
43 -3 -20
43 -4 0
43 -4 -9
43 -4 -12
43 -4 -22
43 -5 -13
43 -5 -18
43 -5 -19
43 -6 -2
43 -6 -23
43 -7 -1
43 -7 -22
43 -8 -14
43 -9 0
43 -9 -6
43 -9 -8
43 -9 -16
43 -9 -17
43 -9 -18
43 -9 -19
43 -10 -7
43 -10 -14
43 -11 0
43 -11 -5
43 -11 -7
43 -11 -11
43 -11 -12
43 -11 -16
43 -11 -22
43 -11 -23
43 -12 -3
43 -12 -5
43 -12 -12
43 -12 -14
43 -12 -20
43 -13 0
43 -14 -3
43 -14 -17
43 -14 -19
43 -14 -22
43 -15 0
43 -15 -17
43 -15 -22
43 -16 -11
43 -17 -11
43 -18 0
43 -18 -11
43 -18 -14
43 -19 0
43 -19 -1
43 -20 -17
43 -20 -22
43 -21 -2
43 -21 -4
43 -21 -10
43 -21 -18
43 -22 -5
43 -22 -18
43 -22 -19
43 -23 -15
43 -23 -19
43 -23 -23
44 0 0
44 0 -3
44 0 -9
44 0 -13
44 0 -18
44 0 -21
44 -1 -7
44 -1 -8
44 -1 -11
44 -1 -18
44 -2 -1
44 -2 -18
44 -2 -23
44 -3 -9
44 -3 -20
44 -4 0
44 -4 -9
44 -4 -12
44 -4 -22
44 -5 -13
44 -5 -18
44 -5 -19
44 -6 -2
44 -6 -23
44 -7 -1
44 -7 -22
44 -8 -14
44 -9 0
44 -9 -6
44 -9 -8
44 -9 -16
44 -9 -17
44 -9 -18
44 -9 -19
44 -10 -7
44 -10 -14
44 -11 0
44 -11 -5
44 -11 -7
44 -11 -11
44 -11 -12
44 -11 -16
44 -11 -22
44 -11 -23
44 -12 -3
44 -12 -5
44 -12 -12
44 -12 -14
44 -12 -20
44 -13 0
44 -14 -3
44 -14 -17
44 -14 -19
44 -14 -22
44 -15 0
44 -15 -17
44 -15 -22
44 -16 -11
44 -17 -11
44 -18 0
44 -18 -11
44 -18 -14
44 -19 0
44 -19 -1
44 -20 -17
44 -20 -22
44 -21 -2
44 -21 -4
44 -21 -10
44 -21 -18
44 -22 -5
44 -22 -18
44 -22 -19
44 -23 -15
44 -23 -19
44 -23 -23
45 0 0
45 0 -3
45 0 -9
45 0 -13
45 0 -18
45 0 -21
45 -1 -7
45 -1 -8
45 -1 -11
45 -1 -18
45 -2 -1
45 -2 -18
45 -2 -23
45 -3 -9
45 -3 -20
45 -4 0
45 -4 -9
45 -4 -12
45 -4 -22
45 -5 -13
45 -5 -18
45 -5 -19
45 -6 -2
45 -6 -23
45 -7 -1
45 -7 -22
45 -8 -14
45 -9 0
45 -9 -6
45 -9 -8
45 -9 -16
45 -9 -17
45 -9 -18
45 -9 -19
45 -10 -7
45 -10 -14
45 -11 0
45 -11 -5
45 -11 -7
45 -11 -11
45 -11 -12
45 -11 -16
45 -11 -22
45 -11 -23
45 -12 -3
45 -12 -5
45 -12 -12
45 -12 -14
45 -12 -20
45 -13 0
45 -14 -3
45 -14 -17
45 -14 -19
45 -14 -22
45 -15 0
45 -15 -17
45 -15 -22
45 -16 -11
45 -17 -11
45 -18 0
45 -18 -11
45 -18 -14
45 -19 0
45 -19 -1
45 -20 -17
45 -20 -22
45 -21 -2
45 -21 -4
45 -21 -10
45 -21 -18
45 -22 -5
45 -22 -18
45 -22 -19
45 -23 -15
45 -23 -19
45 -23 -23
46 0 0
46 0 -3
46 0 -9
46 0 -13
46 0 -18
46 0 -21
46 -1 -7
46 -1 -8
46 -1 -11
46 -1 -18
46 -2 -1
46 -2 -18
46 -2 -23
46 -3 -9
46 -3 -20
46 -4 0
46 -4 -9
46 -4 -12
46 -4 -22
46 -5 -13
46 -5 -18
46 -5 -19
46 -6 -2
46 -6 -23
46 -7 -1
46 -7 -22
46 -8 -14
46 -9 0
46 -9 -6
46 -9 -8
46 -9 -16
46 -9 -17
46 -9 -18
46 -9 -19
46 -10 -7
46 -10 -14
46 -11 0
46 -11 -5
46 -11 -7
46 -11 -11
46 -11 -12
46 -11 -16
46 -11 -22
46 -11 -23
46 -12 -3
46 -12 -5
46 -12 -12
46 -12 -14
46 -12 -20
46 -13 0
46 -14 -3
46 -14 -17
46 -14 -19
46 -14 -22
46 -15 0
46 -15 -17
46 -15 -22
46 -16 -11
46 -17 -11
46 -18 0
46 -18 -11
46 -18 -14
46 -19 0
46 -19 -1
46 -20 -17
46 -20 -22
46 -21 -2
46 -21 -4
46 -21 -10
46 -21 -18
46 -22 -5
46 -22 -18
46 -22 -19
46 -23 -15
46 -23 -19
46 -23 -23
47 0 0
47 0 -3
47 0 -9
47 0 -13
47 0 -18
47 0 -21
47 -1 -7
47 -1 -8
47 -1 -11
47 -1 -18
47 -2 -1
47 -2 -18
47 -2 -23
47 -3 -9
47 -3 -20
47 -4 0
47 -4 -9
47 -4 -12
47 -4 -22
47 -5 -13
47 -5 -18
47 -5 -19
47 -6 -2
47 -6 -23
47 -7 -1
47 -7 -22
47 -8 -14
47 -9 0
47 -9 -6
47 -9 -8
47 -9 -16
47 -9 -17
47 -9 -18
47 -9 -19
47 -10 -7
47 -10 -14
47 -11 0
47 -11 -5
47 -11 -7
47 -11 -11
47 -11 -12
47 -11 -16
47 -11 -22
47 -11 -23
47 -12 -3
47 -12 -5
47 -12 -12
47 -12 -14
47 -12 -20
47 -13 0
47 -14 -3
47 -14 -17
47 -14 -19
47 -14 -22
47 -15 0
47 -15 -17
47 -15 -22
47 -16 -11
47 -17 -11
47 -18 0
47 -18 -11
47 -18 -14
47 -19 0
47 -19 -1
47 -20 -17
47 -20 -22
47 -21 -2
47 -21 -4
47 -21 -10
47 -21 -18
47 -22 -5
47 -22 -18
47 -22 -19
47 -23 -15
47 -23 -19
47 -23 -23
48 0 0
48 0 -3
48 0 -9
48 0 -13
48 0 -18
48 0 -21
48 -1 -7
48 -1 -8
48 -1 -11
48 -1 -18
48 -2 -1
48 -2 -18
48 -2 -23
48 -3 -9
48 -3 -20
48 -4 0
48 -4 -9
48 -4 -12
48 -4 -22
48 -5 -13
48 -5 -18
48 -5 -19
48 -6 -2
48 -6 -23
48 -7 -1
48 -7 -22
48 -8 -14
48 -9 0
48 -9 -6
48 -9 -8
48 -9 -16
48 -9 -17
48 -9 -18
48 -9 -19
48 -10 -7
48 -10 -14
48 -11 0
48 -11 -5
48 -11 -7
48 -11 -11
48 -11 -12
48 -11 -16
48 -11 -22
48 -11 -23
48 -12 -3
48 -12 -5
48 -12 -12
48 -12 -14
48 -12 -20
48 -13 0
48 -14 -3
48 -14 -17
48 -14 -19
48 -14 -22
48 -15 0
48 -15 -17
48 -15 -22
48 -16 -11
48 -17 -11
48 -18 0
48 -18 -11
48 -18 -14
48 -19 0
48 -19 -1
48 -20 -17
48 -20 -22
48 -21 -2
48 -21 -4
48 -21 -10
48 -21 -18
48 -22 -5
48 -22 -18
48 -22 -19
48 -23 -15
48 -23 -19
48 -23 -23
49 0 0
49 0 -3
49 0 -9
49 0 -13
49 0 -18
49 0 -21
49 -1 -7
49 -1 -8
49 -1 -11
49 -1 -18
49 -2 -1
49 -2 -18
49 -2 -23
49 -3 -9
49 -3 -20
49 -4 0
49 -4 -9
49 -4 -12
49 -4 -22
49 -5 -13
49 -5 -18
49 -5 -19
49 -6 -2
49 -6 -23
49 -7 -1
49 -7 -22
49 -8 -14
49 -9 0
49 -9 -6
49 -9 -8
49 -9 -16
49 -9 -17
49 -9 -18
49 -9 -19
49 -10 -7
49 -10 -14
49 -11 0
49 -11 -5
49 -11 -7
49 -11 -11
49 -11 -12
49 -11 -16
49 -11 -22
49 -11 -23
49 -12 -3
49 -12 -5
49 -12 -12
49 -12 -14
49 -12 -20
49 -13 0
49 -14 -3
49 -14 -17
49 -14 -19
49 -14 -22
49 -15 0
49 -15 -17
49 -15 -22
49 -16 -11
49 -17 -11
49 -18 0
49 -18 -11
49 -18 -14
49 -19 0
49 -19 -1
49 -20 -17
49 -20 -22
49 -21 -2
49 -21 -4
49 -21 -10
49 -21 -18
49 -22 -5
49 -22 -18
49 -22 -19
49 -23 -15
49 -23 -19
49 -23 -23
50 0 0
50 0 -3
50 0 -9
50 0 -13
50 0 -18
50 0 -21
50 -1 -7
50 -1 -8
50 -1 -11
50 -1 -18
50 -2 -1
50 -2 -18
50 -2 -23
50 -3 -9
50 -3 -20
50 -4 0
50 -4 -9
50 -4 -12
50 -4 -22
50 -5 -13
50 -5 -18
50 -5 -19
50 -6 -2
50 -6 -23
50 -7 -1
50 -7 -22
50 -8 -14
50 -9 0
50 -9 -6
50 -9 -8
50 -9 -16
50 -9 -17
50 -9 -18
50 -9 -19
50 -10 -7
50 -10 -14
50 -11 0
50 -11 -5
50 -11 -7
50 -11 -11
50 -11 -12
50 -11 -16
50 -11 -22
50 -11 -23
50 -12 -3
50 -12 -5
50 -12 -12
50 -12 -14
50 -12 -20
50 -13 0
50 -14 -3
50 -14 -17
50 -14 -19
50 -14 -22
50 -15 0
50 -15 -17
50 -15 -22
50 -16 -11
50 -17 -11
50 -18 0
50 -18 -11
50 -18 -14
50 -19 0
50 -19 -1
50 -20 -17
50 -20 -22
50 -21 -2
50 -21 -4
50 -21 -10
50 -21 -18
50 -22 -5
50 -22 -18
50 -22 -19
50 -23 -15
50 -23 -19
50 -23 -23
51 0 0
51 0 -3
51 0 -9
51 0 -13
51 0 -18
51 0 -21
51 -1 -7
51 -1 -8
51 -1 -11
51 -1 -18
51 -2 -1
51 -2 -18
51 -2 -23
51 -3 -9
51 -3 -20
51 -4 0
51 -4 -9
51 -4 -12
51 -4 -22
51 -5 -13
51 -5 -18
51 -5 -19
51 -6 -2
51 -6 -23
51 -7 -1
51 -7 -22
51 -8 -14
51 -9 0
51 -9 -6
51 -9 -8
51 -9 -16
51 -9 -17
51 -9 -18
51 -9 -19
51 -10 -7
51 -10 -14
51 -11 0
51 -11 -5
51 -11 -7
51 -11 -11
51 -11 -12
51 -11 -16
51 -11 -22
51 -11 -23
51 -12 -3
51 -12 -5
51 -12 -12
51 -12 -14
51 -12 -20
51 -13 0
51 -14 -3
51 -14 -17
51 -14 -19
51 -14 -22
51 -15 0
51 -15 -17
51 -15 -22
51 -16 -11
51 -17 -11
51 -18 0
51 -18 -11
51 -18 -14
51 -19 0
51 -19 -1
51 -20 -17
51 -20 -22
51 -21 -2
51 -21 -4
51 -21 -10
51 -21 -18
51 -22 -5
51 -22 -18
51 -22 -19
51 -23 -15
51 -23 -19
51 -23 -23
52 0 0
52 0 -3
52 0 -9
52 0 -13
52 0 -18
52 0 -21
52 -1 -7
52 -1 -8
52 -1 -11
52 -1 -18
52 -2 -1
52 -2 -18
52 -2 -23
52 -3 -9
52 -3 -20
52 -4 0
52 -4 -9
52 -4 -12
52 -4 -22
52 -5 -13
52 -5 -18
52 -5 -19
52 -6 -2
52 -6 -23
52 -7 -1
52 -7 -22
52 -8 -14
52 -9 0
52 -9 -6
52 -9 -8
52 -9 -16
52 -9 -17
52 -9 -18
52 -9 -19
52 -10 -7
52 -10 -14
52 -11 0
52 -11 -5
52 -11 -7
52 -11 -11
52 -11 -12
52 -11 -16
52 -11 -22
52 -11 -23
52 -12 -3
52 -12 -5
52 -12 -12
52 -12 -14
52 -12 -20
52 -13 0
52 -14 -3
52 -14 -17
52 -14 -19
52 -14 -22
52 -15 0
52 -15 -17
52 -15 -22
52 -16 -11
52 -17 -11
52 -18 0
52 -18 -11
52 -18 -14
52 -19 0
52 -19 -1
52 -20 -17
52 -20 -22
52 -21 -2
52 -21 -4
52 -21 -10
52 -21 -18
52 -22 -5
52 -22 -18
52 -22 -19
52 -23 -15
52 -23 -19
52 -23 -23
53 0 0
53 0 -3
53 0 -9
53 0 -13
53 0 -18
53 0 -21
53 -1 -7
53 -1 -8
53 -1 -11
53 -1 -18
53 -2 -1
53 -2 -18
53 -2 -23
53 -3 -9
53 -3 -20
53 -4 0
53 -4 -9
53 -4 -12
53 -4 -22
53 -5 -13
53 -5 -18
53 -5 -19
53 -6 -2
53 -6 -23
53 -7 -1
53 -7 -22
53 -8 -14
53 -9 0
53 -9 -6
53 -9 -8
53 -9 -16
53 -9 -17
53 -9 -18
53 -9 -19
53 -10 -7
53 -10 -14
53 -11 0
53 -11 -5
53 -11 -7
53 -11 -11
53 -11 -12
53 -11 -16
53 -11 -22
53 -11 -23
53 -12 -3
53 -12 -5
53 -12 -12
53 -12 -14
53 -12 -20
53 -13 0
53 -14 -3
53 -14 -17
53 -14 -19
53 -14 -22
53 -15 0
53 -15 -17
53 -15 -22
53 -16 -11
53 -17 -11
53 -18 0
53 -18 -11
53 -18 -14
53 -19 0
53 -19 -1
53 -20 -17
53 -20 -22
53 -21 -2
53 -21 -4
53 -21 -10
53 -21 -18
53 -22 -5
53 -22 -18
53 -22 -19
53 -23 -15
53 -23 -19
53 -23 -23
54 0 0
54 0 -3
54 0 -9
54 0 -13
54 0 -18
54 0 -21
54 -1 -7
54 -1 -8
54 -1 -11
54 -1 -18
54 -2 -1
54 -2 -18
54 -2 -23
54 -3 -9
54 -3 -20
54 -4 0
54 -4 -9
54 -4 -12
54 -4 -22
54 -5 -13
54 -5 -18
54 -5 -19
54 -6 -2
54 -6 -23
54 -7 -1
54 -7 -22
54 -8 -14
54 -9 0
54 -9 -6
54 -9 -8
54 -9 -16
54 -9 -17
54 -9 -18
54 -9 -19
54 -10 -7
54 -10 -14
54 -11 0
54 -11 -5
54 -11 -7
54 -11 -11
54 -11 -12
54 -11 -16
54 -11 -22
54 -11 -23
54 -12 -3
54 -12 -5
54 -12 -12
54 -12 -14
54 -12 -20
54 -13 0
54 -14 -3
54 -14 -17
54 -14 -19
54 -14 -22
54 -15 0
54 -15 -17
54 -15 -22
54 -16 -11
54 -17 -11
54 -18 0
54 -18 -11
54 -18 -14
54 -19 0
54 -19 -1
54 -20 -17
54 -20 -22
54 -21 -2
54 -21 -4
54 -21 -10
54 -21 -18
54 -22 -5
54 -22 -18
54 -22 -19
54 -23 -15
54 -23 -19
54 -23 -23
55 0 0
55 0 -3
55 0 -9
55 0 -13
55 0 -18
55 0 -21
55 -1 -7
55 -1 -8
55 -1 -11
55 -1 -18
55 -2 -1
55 -2 -18
55 -2 -23
55 -3 -9
55 -3 -20
55 -4 0
55 -4 -9
55 -4 -12
55 -4 -22
55 -5 -13
55 -5 -18
55 -5 -19
55 -6 -2
55 -6 -23
55 -7 -1
55 -7 -22
55 -8 -14
55 -9 0
55 -9 -6
55 -9 -8
55 -9 -16
55 -9 -17
55 -9 -18
55 -9 -19
55 -10 -7
55 -10 -14
55 -11 0
55 -11 -5
55 -11 -7
55 -11 -11
55 -11 -12
55 -11 -16
55 -11 -22
55 -11 -23
55 -12 -3
55 -12 -5
55 -12 -12
55 -12 -14
55 -12 -20
55 -13 0
55 -14 -3
55 -14 -17
55 -14 -19
55 -14 -22
55 -15 0
55 -15 -17
55 -15 -22
55 -16 -11
55 -17 -11
55 -18 0
55 -18 -11
55 -18 -14
55 -19 0
55 -19 -1
55 -20 -17
55 -20 -22
55 -21 -2
55 -21 -4
55 -21 -10
55 -21 -18
55 -22 -5
55 -22 -18
55 -22 -19
55 -23 -15
55 -23 -19
55 -23 -23
56 0 0
56 0 -3
56 0 -9
56 0 -13
56 0 -18
56 0 -21
56 -1 -7
56 -1 -8
56 -1 -11
56 -1 -18
56 -2 -1
56 -2 -18
56 -2 -23
56 -3 -9
56 -3 -20
56 -4 0
56 -4 -9
56 -4 -12
56 -4 -22
56 -5 -13
56 -5 -18
56 -5 -19
56 -6 -2
56 -6 -23
56 -7 -1
56 -7 -22
56 -8 -14
56 -9 0
56 -9 -6
56 -9 -8
56 -9 -16
56 -9 -17
56 -9 -18
56 -9 -19
56 -10 -7
56 -10 -14
56 -11 0
56 -11 -5
56 -11 -7
56 -11 -11
56 -11 -12
56 -11 -16
56 -11 -22
56 -11 -23
56 -12 -3
56 -12 -5
56 -12 -12
56 -12 -14
56 -12 -20
56 -13 0
56 -14 -3
56 -14 -17
56 -14 -19
56 -14 -22
56 -15 0
56 -15 -17
56 -15 -22
56 -16 -11
56 -17 -11
56 -18 0
56 -18 -11
56 -18 -14
56 -19 0
56 -19 -1
56 -20 -17
56 -20 -22
56 -21 -2
56 -21 -4
56 -21 -10
56 -21 -18
56 -22 -5
56 -22 -18
56 -22 -19
56 -23 -15
56 -23 -19
56 -23 -23
57 0 0
57 0 -3
57 0 -9
57 0 -13
57 0 -18
57 0 -21
57 -1 -7
57 -1 -8
57 -1 -11
57 -1 -18
57 -2 -1
57 -2 -18
57 -2 -23
57 -3 -9
57 -3 -20
57 -4 0
57 -4 -9
57 -4 -12
57 -4 -22
57 -5 -13
57 -5 -18
57 -5 -19
57 -6 -2
57 -6 -23
57 -7 -1
57 -7 -22
57 -8 -14
57 -9 0
57 -9 -6
57 -9 -8
57 -9 -16
57 -9 -17
57 -9 -18
57 -9 -19
57 -10 -7
57 -10 -14
57 -11 0
57 -11 -5
57 -11 -7
57 -11 -11
57 -11 -12
57 -11 -16
57 -11 -22
57 -11 -23
57 -12 -3
57 -12 -5
57 -12 -12
57 -12 -14
57 -12 -20
57 -13 0
57 -14 -3
57 -14 -17
57 -14 -19
57 -14 -22
57 -15 0
57 -15 -17
57 -15 -22
57 -16 -11
57 -17 -11
57 -18 0
57 -18 -11
57 -18 -14
57 -19 0
57 -19 -1
57 -20 -17
57 -20 -22
57 -21 -2
57 -21 -4
57 -21 -10
57 -21 -18
57 -22 -5
57 -22 -18
57 -22 -19
57 -23 -15
57 -23 -19
57 -23 -23
58 0 0
58 0 -3
58 0 -9
58 0 -13
58 0 -18
58 0 -21
58 -1 -7
58 -1 -8
58 -1 -11
58 -1 -18
58 -2 -1
58 -2 -18
58 -2 -23
58 -3 -9
58 -3 -20
58 -4 0
58 -4 -9
58 -4 -12
58 -4 -22
58 -5 -13
58 -5 -18
58 -5 -19
58 -6 -2
58 -6 -23
58 -7 -1
58 -7 -22
58 -8 -14
58 -9 0
58 -9 -6
58 -9 -8
58 -9 -16
58 -9 -17
58 -9 -18
58 -9 -19
58 -10 -7
58 -10 -14
58 -11 0
58 -11 -5
58 -11 -7
58 -11 -11
58 -11 -12
58 -11 -16
58 -11 -22
58 -11 -23
58 -12 -3
58 -12 -5
58 -12 -12
58 -12 -14
58 -12 -20
58 -13 0
58 -14 -3
58 -14 -17
58 -14 -19
58 -14 -22
58 -15 0
58 -15 -17
58 -15 -22
58 -16 -11
58 -17 -11
58 -18 0
58 -18 -11
58 -18 -14
58 -19 0
58 -19 -1
58 -20 -17
58 -20 -22
58 -21 -2
58 -21 -4
58 -21 -10
58 -21 -18
58 -22 -5
58 -22 -18
58 -22 -19
58 -23 -15
58 -23 -19
58 -23 -23
59 0 0
59 0 -3
59 0 -9
59 0 -13
59 0 -18
59 0 -21
59 -1 -7
59 -1 -8
59 -1 -11
59 -1 -18
59 -2 -1
59 -2 -18
59 -2 -23
59 -3 -9
59 -3 -20
59 -4 0
59 -4 -9
59 -4 -12
59 -4 -22
59 -5 -13
59 -5 -18
59 -5 -19
59 -6 -2
59 -6 -23
59 -7 -1
59 -7 -22
59 -8 -14
59 -9 0
59 -9 -6
59 -9 -8
59 -9 -16
59 -9 -17
59 -9 -18
59 -9 -19
59 -10 -7
59 -10 -14
59 -11 0
59 -11 -5
59 -11 -7
59 -11 -11
59 -11 -12
59 -11 -16
59 -11 -22
59 -11 -23
59 -12 -3
59 -12 -5
59 -12 -12
59 -12 -14
59 -12 -20
59 -13 0
59 -14 -3
59 -14 -17
59 -14 -19
59 -14 -22
59 -15 0
59 -15 -17
59 -15 -22
59 -16 -11
59 -17 -11
59 -18 0
59 -18 -11
59 -18 -14
59 -19 0
59 -19 -1
59 -20 -17
59 -20 -22
59 -21 -2
59 -21 -4
59 -21 -10
59 -21 -18
59 -22 -5
59 -22 -18
59 -22 -19
59 -23 -15
59 -23 -19
59 -23 -23
60 0 0
60 0 -3
60 0 -9
60 0 -13
60 0 -18
60 0 -21
60 -1 -7
60 -1 -8
60 -1 -11
60 -1 -18
60 -2 -1
60 -2 -18
60 -2 -23
60 -3 -9
60 -3 -20
60 -4 0
60 -4 -9
60 -4 -12
60 -4 -22
60 -5 -13
60 -5 -18
60 -5 -19
60 -6 -2
60 -6 -23
60 -7 -1
60 -7 -22
60 -8 -14
60 -9 0
60 -9 -6
60 -9 -8
60 -9 -16
60 -9 -17
60 -9 -18
60 -9 -19
60 -10 -7
60 -10 -14
60 -11 0
60 -11 -5
60 -11 -7
60 -11 -11
60 -11 -12
60 -11 -16
60 -11 -22
60 -11 -23
60 -12 -3
60 -12 -5
60 -12 -12
60 -12 -14
60 -12 -20
60 -13 0
60 -14 -3
60 -14 -17
60 -14 -19
60 -14 -22
60 -15 0
60 -15 -17
60 -15 -22
60 -16 -11
60 -17 -11
60 -18 0
60 -18 -11
60 -18 -14
60 -19 0
60 -19 -1
60 -20 -17
60 -20 -22
60 -21 -2
60 -21 -4
60 -21 -10
60 -21 -18
60 -22 -5
60 -22 -18
60 -22 -19
60 -23 -15
60 -23 -19
60 -23 -23
61 0 0
61 0 -3
61 0 -9
61 0 -13
61 0 -18
61 0 -21
61 -1 -7
61 -1 -8
61 -1 -11
61 -1 -18
61 -2 -1
61 -2 -18
61 -2 -23
61 -3 -9
61 -3 -20
61 -4 0
61 -4 -9
61 -4 -12
61 -4 -22
61 -5 -13
61 -5 -18
61 -5 -19
61 -6 -2
61 -6 -23
61 -7 -1
61 -7 -22
61 -8 -14
61 -9 0
61 -9 -6
61 -9 -8
61 -9 -16
61 -9 -17
61 -9 -18
61 -9 -19
61 -10 -7
61 -10 -14
61 -11 0
61 -11 -5
61 -11 -7
61 -11 -11
61 -11 -12
61 -11 -16
61 -11 -22
61 -11 -23
61 -12 -3
61 -12 -5
61 -12 -12
61 -12 -14
61 -12 -20
61 -13 0
61 -14 -3
61 -14 -17
61 -14 -19
61 -14 -22
61 -15 0
61 -15 -17
61 -15 -22
61 -16 -11
61 -17 -11
61 -18 0
61 -18 -11
61 -18 -14
61 -19 0
61 -19 -1
61 -20 -17
61 -20 -22
61 -21 -2
61 -21 -4
61 -21 -10
61 -21 -18
61 -22 -5
61 -22 -18
61 -22 -19
61 -23 -15
61 -23 -19
61 -23 -23
62 0 0
62 0 -3
62 0 -9
62 0 -13
62 0 -18
62 0 -21
62 -1 -7
62 -1 -8
62 -1 -11
62 -1 -18
62 -2 -1
62 -2 -18
62 -2 -23
62 -3 -9
62 -3 -20
62 -4 0
62 -4 -9
62 -4 -12
62 -4 -22
62 -5 -13
62 -5 -18
62 -5 -19
62 -6 -2
62 -6 -23
62 -7 -1
62 -7 -22
62 -8 -14
62 -9 0
62 -9 -6
62 -9 -8
62 -9 -16
62 -9 -17
62 -9 -18
62 -9 -19
62 -10 -7
62 -10 -14
62 -11 0
62 -11 -5
62 -11 -7
62 -11 -11
62 -11 -12
62 -11 -16
62 -11 -22
62 -11 -23
62 -12 -3
62 -12 -5
62 -12 -12
62 -12 -14
62 -12 -20
62 -13 0
62 -14 -3
62 -14 -17
62 -14 -19
62 -14 -22
62 -15 0
62 -15 -17
62 -15 -22
62 -16 -11
62 -17 -11
62 -18 0
62 -18 -11
62 -18 -14
62 -19 0
62 -19 -1
62 -20 -17
62 -20 -22
62 -21 -2
62 -21 -4
62 -21 -10
62 -21 -18
62 -22 -5
62 -22 -18
62 -22 -19
62 -23 -15
62 -23 -19
62 -23 -23
63 0 0
63 0 -3
63 0 -9
63 0 -13
63 0 -18
63 0 -21
63 -1 -7
63 -1 -8
63 -1 -11
63 -1 -18
63 -2 -1
63 -2 -18
63 -2 -23
63 -3 -9
63 -3 -20
63 -4 0
63 -4 -9
63 -4 -12
63 -4 -22
63 -5 -13
63 -5 -18
63 -5 -19
63 -6 -2
63 -6 -23
63 -7 -1
63 -7 -22
63 -8 -14
63 -9 0
63 -9 -6
63 -9 -8
63 -9 -16
63 -9 -17
63 -9 -18
63 -9 -19
63 -10 -7
63 -10 -14
63 -11 0
63 -11 -5
63 -11 -7
63 -11 -11
63 -11 -12
63 -11 -16
63 -11 -22
63 -11 -23
63 -12 -3
63 -12 -5
63 -12 -12
63 -12 -14
63 -12 -20
63 -13 0
63 -14 -3
63 -14 -17
63 -14 -19
63 -14 -22
63 -15 0
63 -15 -17
63 -15 -22
63 -16 -11
63 -17 -11
63 -18 0
63 -18 -11
63 -18 -14
63 -19 0
63 -19 -1
63 -20 -17
63 -20 -22
63 -21 -2
63 -21 -4
63 -21 -10
63 -21 -18
63 -22 -5
63 -22 -18
63 -22 -19
63 -23 -15
63 -23 -19
63 -23 -23
64 0 0
64 0 -3
64 0 -9
64 0 -13
64 0 -18
64 0 -21
64 -1 -7
64 -1 -8
64 -1 -11
64 -1 -18
64 -2 -1
64 -2 -18
64 -2 -23
64 -3 -9
64 -3 -20
64 -4 0
64 -4 -9
64 -4 -12
64 -4 -22
64 -5 -13
64 -5 -18
64 -5 -19
64 -6 -2
64 -6 -23
64 -7 -1
64 -7 -22
64 -8 -14
64 -9 0
64 -9 -6
64 -9 -8
64 -9 -16
64 -9 -17
64 -9 -18
64 -9 -19
64 -10 -7
64 -10 -14
64 -11 0
64 -11 -5
64 -11 -7
64 -11 -11
64 -11 -12
64 -11 -16
64 -11 -22
64 -11 -23
64 -12 -3
64 -12 -5
64 -12 -12
64 -12 -14
64 -12 -20
64 -13 0
64 -14 -3
64 -14 -17
64 -14 -19
64 -14 -22
64 -15 0
64 -15 -17
64 -15 -22
64 -16 -11
64 -17 -11
64 -18 0
64 -18 -11
64 -18 -14
64 -19 0
64 -19 -1
64 -20 -17
64 -20 -22
64 -21 -2
64 -21 -4
64 -21 -10
64 -21 -18
64 -22 -5
64 -22 -18
64 -22 -19
64 -23 -15
64 -23 -19
64 -23 -23
65 0 0
65 0 -3
65 0 -9
65 0 -13
65 0 -18
65 0 -21
65 -1 -7
65 -1 -8
65 -1 -11
65 -1 -18
65 -2 -1
65 -2 -18
65 -2 -23
65 -3 -9
65 -3 -20
65 -4 0
65 -4 -9
65 -4 -12
65 -4 -22
65 -5 -13
65 -5 -18
65 -5 -19
65 -6 -2
65 -6 -23
65 -7 -1
65 -7 -22
65 -8 -14
65 -9 0
65 -9 -6
65 -9 -8
65 -9 -16
65 -9 -17
65 -9 -18
65 -9 -19
65 -10 -7
65 -10 -14
65 -11 0
65 -11 -5
65 -11 -7
65 -11 -11
65 -11 -12
65 -11 -16
65 -11 -22
65 -11 -23
65 -12 -3
65 -12 -5
65 -12 -12
65 -12 -14
65 -12 -20
65 -13 0
65 -14 -3
65 -14 -17
65 -14 -19
65 -14 -22
65 -15 0
65 -15 -17
65 -15 -22
65 -16 -11
65 -17 -11
65 -18 0
65 -18 -11
65 -18 -14
65 -19 0
65 -19 -1
65 -20 -17
65 -20 -22
65 -21 -2
65 -21 -4
65 -21 -10
65 -21 -18
65 -22 -5
65 -22 -18
65 -22 -19
65 -23 -15
65 -23 -19
65 -23 -23
66 0 0
66 0 -3
66 0 -9
66 0 -13
66 0 -18
66 0 -21
66 -1 -7
66 -1 -8
66 -1 -11
66 -1 -18
66 -2 -1
66 -2 -18
66 -2 -23
66 -3 -9
66 -3 -20
66 -4 0
66 -4 -9
66 -4 -12
66 -4 -22
66 -5 -13
66 -5 -18
66 -5 -19
66 -6 -2
66 -6 -23
66 -7 -1
66 -7 -22
66 -8 -14
66 -9 0
66 -9 -6
66 -9 -8
66 -9 -16
66 -9 -17
66 -9 -18
66 -9 -19
66 -10 -7
66 -10 -14
66 -11 0
66 -11 -5
66 -11 -7
66 -11 -11
66 -11 -12
66 -11 -16
66 -11 -22
66 -11 -23
66 -12 -3
66 -12 -5
66 -12 -12
66 -12 -14
66 -12 -20
66 -13 0
66 -14 -3
66 -14 -17
66 -14 -19
66 -14 -22
66 -15 0
66 -15 -17
66 -15 -22
66 -16 -11
66 -17 -11
66 -18 0
66 -18 -11
66 -18 -14
66 -19 0
66 -19 -1
66 -20 -17
66 -20 -22
66 -21 -2
66 -21 -4
66 -21 -10
66 -21 -18
66 -22 -5
66 -22 -18
66 -22 -19
66 -23 -15
66 -23 -19
66 -23 -23
67 0 0
67 0 -3
67 0 -9
67 0 -13
67 0 -18
67 0 -21
67 -1 -7
67 -1 -8
67 -1 -11
67 -1 -18
67 -2 -1
67 -2 -18
67 -2 -23
67 -3 -9
67 -3 -20
67 -4 0
67 -4 -9
67 -4 -12
67 -4 -22
67 -5 -13
67 -5 -18
67 -5 -19
67 -6 -2
67 -6 -23
67 -7 -1
67 -7 -22
67 -8 -14
67 -9 0
67 -9 -6
67 -9 -8
67 -9 -16
67 -9 -17
67 -9 -18
67 -9 -19
67 -10 -7
67 -10 -14
67 -11 0
67 -11 -5
67 -11 -7
67 -11 -11
67 -11 -12
67 -11 -16
67 -11 -22
67 -11 -23
67 -12 -3
67 -12 -5
67 -12 -12
67 -12 -14
67 -12 -20
67 -13 0
67 -14 -3
67 -14 -17
67 -14 -19
67 -14 -22
67 -15 0
67 -15 -17
67 -15 -22
67 -16 -11
67 -17 -11
67 -18 0
67 -18 -11
67 -18 -14
67 -19 0
67 -19 -1
67 -20 -17
67 -20 -22
67 -21 -2
67 -21 -4
67 -21 -10
67 -21 -18
67 -22 -5
67 -22 -18
67 -22 -19
67 -23 -15
67 -23 -19
67 -23 -23
68 0 0
68 0 -3
68 0 -9
68 0 -13
68 0 -18
68 0 -21
68 -1 -7
68 -1 -8
68 -1 -11
68 -1 -18
68 -2 -1
68 -2 -18
68 -2 -23
68 -3 -9
68 -3 -20
68 -4 0
68 -4 -9
68 -4 -12
68 -4 -22
68 -5 -13
68 -5 -18
68 -5 -19
68 -6 -2
68 -6 -23
68 -7 -1
68 -7 -22
68 -8 -14
68 -9 0
68 -9 -6
68 -9 -8
68 -9 -16
68 -9 -17
68 -9 -18
68 -9 -19
68 -10 -7
68 -10 -14
68 -11 0
68 -11 -5
68 -11 -7
68 -11 -11
68 -11 -12
68 -11 -16
68 -11 -22
68 -11 -23
68 -12 -3
68 -12 -5
68 -12 -12
68 -12 -14
68 -12 -20
68 -13 0
68 -14 -3
68 -14 -17
68 -14 -19
68 -14 -22
68 -15 0
68 -15 -17
68 -15 -22
68 -16 -11
68 -17 -11
68 -18 0
68 -18 -11
68 -18 -14
68 -19 0
68 -19 -1
68 -20 -17
68 -20 -22
68 -21 -2
68 -21 -4
68 -21 -10
68 -21 -18
68 -22 -5
68 -22 -18
68 -22 -19
68 -23 -15
68 -23 -19
68 -23 -23
69 0 0
69 0 -3
69 0 -9
69 0 -13
69 0 -18
69 0 -21
69 -1 -7
69 -1 -8
69 -1 -11
69 -1 -18
69 -2 -1
69 -2 -18
69 -2 -23
69 -3 -9
69 -3 -20
69 -4 0
69 -4 -9
69 -4 -12
69 -4 -22
69 -5 -13
69 -5 -18
69 -5 -19
69 -6 -2
69 -6 -23
69 -7 -1
69 -7 -22
69 -8 -14
69 -9 0
69 -9 -6
69 -9 -8
69 -9 -16
69 -9 -17
69 -9 -18
69 -9 -19
69 -10 -7
69 -10 -14
69 -11 0
69 -11 -5
69 -11 -7
69 -11 -11
69 -11 -12
69 -11 -16
69 -11 -22
69 -11 -23
69 -12 -3
69 -12 -5
69 -12 -12
69 -12 -14
69 -12 -20
69 -13 0
69 -14 -3
69 -14 -17
69 -14 -19
69 -14 -22
69 -15 0
69 -15 -17
69 -15 -22
69 -16 -11
69 -17 -11
69 -18 0
69 -18 -11
69 -18 -14
69 -19 0
69 -19 -1
69 -20 -17
69 -20 -22
69 -21 -2
69 -21 -4
69 -21 -10
69 -21 -18
69 -22 -5
69 -22 -18
69 -22 -19
69 -23 -15
69 -23 -19
69 -23 -23
70 0 0
70 0 -3
70 0 -9
70 0 -13
70 0 -18
70 0 -21
70 -1 -7
70 -1 -8
70 -1 -11
70 -1 -18
70 -2 -1
70 -2 -18
70 -2 -23
70 -3 -9
70 -3 -20
70 -4 0
70 -4 -9
70 -4 -12
70 -4 -22
70 -5 -13
70 -5 -18
70 -5 -19
70 -6 -2
70 -6 -23
70 -7 -1
70 -7 -22
70 -8 -14
70 -9 0
70 -9 -6
70 -9 -8
70 -9 -16
70 -9 -17
70 -9 -18
70 -9 -19
70 -10 -7
70 -10 -14
70 -11 0
70 -11 -5
70 -11 -7
70 -11 -11
70 -11 -12
70 -11 -16
70 -11 -22
70 -11 -23
70 -12 -3
70 -12 -5
70 -12 -12
70 -12 -14
70 -12 -20
70 -13 0
70 -14 -3
70 -14 -17
70 -14 -19
70 -14 -22
70 -15 0
70 -15 -17
70 -15 -22
70 -16 -11
70 -17 -11
70 -18 0
70 -18 -11
70 -18 -14
70 -19 0
70 -19 -1
70 -20 -17
70 -20 -22
70 -21 -2
70 -21 -4
70 -21 -10
70 -21 -18
70 -22 -5
70 -22 -18
70 -22 -19
70 -23 -15
70 -23 -19
70 -23 -23
71 0 0
71 0 -3
71 0 -9
71 0 -13
71 0 -18
71 0 -21
71 -1 -7
71 -1 -8
71 -1 -11
71 -1 -18
71 -2 -1
71 -2 -18
71 -2 -23
71 -3 -9
71 -3 -20
71 -4 0
71 -4 -9
71 -4 -12
71 -4 -22
71 -5 -13
71 -5 -18
71 -5 -19
71 -6 -2
71 -6 -23
71 -7 -1
71 -7 -22
71 -8 -14
71 -9 0
71 -9 -6
71 -9 -8
71 -9 -16
71 -9 -17
71 -9 -18
71 -9 -19
71 -10 -7
71 -10 -14
71 -11 0
71 -11 -5
71 -11 -7
71 -11 -11
71 -11 -12
71 -11 -16
71 -11 -22
71 -11 -23
71 -12 -3
71 -12 -5
71 -12 -12
71 -12 -14
71 -12 -20
71 -13 0
71 -14 -3
71 -14 -17
71 -14 -19
71 -14 -22
71 -15 0
71 -15 -17
71 -15 -22
71 -16 -11
71 -17 -11
71 -18 0
71 -18 -11
71 -18 -14
71 -19 0
71 -19 -1
71 -20 -17
71 -20 -22
71 -21 -2
71 -21 -4
71 -21 -10
71 -21 -18
71 -22 -5
71 -22 -18
71 -22 -19
71 -23 -15
71 -23 -19
71 -23 -23
72 0 0
72 0 -3
72 0 -9
72 0 -13
72 0 -18
72 0 -21
72 -1 -7
72 -1 -8
72 -1 -11
72 -1 -18
72 -2 -1
72 -2 -18
72 -2 -23
72 -3 -9
72 -3 -20
72 -4 0
72 -4 -9
72 -4 -12
72 -4 -22
72 -5 -13
72 -5 -18
72 -5 -19
72 -6 -2
72 -6 -23
72 -7 -1
72 -7 -22
72 -8 -14
72 -9 0
72 -9 -6
72 -9 -8
72 -9 -16
72 -9 -17
72 -9 -18
72 -9 -19
72 -10 -7
72 -10 -14
72 -11 0
72 -11 -5
72 -11 -7
72 -11 -11
72 -11 -12
72 -11 -16
72 -11 -22
72 -11 -23
72 -12 -3
72 -12 -5
72 -12 -12
72 -12 -14
72 -12 -20
72 -13 0
72 -14 -3
72 -14 -17
72 -14 -19
72 -14 -22
72 -15 0
72 -15 -17
72 -15 -22
72 -16 -11
72 -17 -11
72 -18 0
72 -18 -11
72 -18 -14
72 -19 0
72 -19 -1
72 -20 -17
72 -20 -22
72 -21 -2
72 -21 -4
72 -21 -10
72 -21 -18
72 -22 -5
72 -22 -18
72 -22 -19
72 -23 -15
72 -23 -19
72 -23 -23
73 0 0
73 0 -3
73 0 -9
73 0 -13
73 0 -18
73 0 -21
73 -1 -7
73 -1 -8
73 -1 -11
73 -1 -18
73 -2 -1
73 -2 -18
73 -2 -23
73 -3 -9
73 -3 -20
73 -4 0
73 -4 -9
73 -4 -12
73 -4 -22
73 -5 -13
73 -5 -18
73 -5 -19
73 -6 -2
73 -6 -23
73 -7 -1
73 -7 -22
73 -8 -14
73 -9 0
73 -9 -6
73 -9 -8
73 -9 -16
73 -9 -17
73 -9 -18
73 -9 -19
73 -10 -7
73 -10 -14
73 -11 0
73 -11 -5
73 -11 -7
73 -11 -11
73 -11 -12
73 -11 -16
73 -11 -22
73 -11 -23
73 -12 -3
73 -12 -5
73 -12 -12
73 -12 -14
73 -12 -20
73 -13 0
73 -14 -3
73 -14 -17
73 -14 -19
73 -14 -22
73 -15 0
73 -15 -17
73 -15 -22
73 -16 -11
73 -17 -11
73 -18 0
73 -18 -11
73 -18 -14
73 -19 0
73 -19 -1
73 -20 -17
73 -20 -22
73 -21 -2
73 -21 -4
73 -21 -10
73 -21 -18
73 -22 -5
73 -22 -18
73 -22 -19
73 -23 -15
73 -23 -19
73 -23 -23
74 0 0
74 0 -3
74 0 -9
74 0 -13
74 0 -18
74 0 -21
74 -1 -7
74 -1 -8
74 -1 -11
74 -1 -18
74 -2 -1
74 -2 -18
74 -2 -23
74 -3 -9
74 -3 -20
74 -4 0
74 -4 -9
74 -4 -12
74 -4 -22
74 -5 -13
74 -5 -18
74 -5 -19
74 -6 -2
74 -6 -23
74 -7 -1
74 -7 -22
74 -8 -14
74 -9 0
74 -9 -6
74 -9 -8
74 -9 -16
74 -9 -17
74 -9 -18
74 -9 -19
74 -10 -7
74 -10 -14
74 -11 0
74 -11 -5
74 -11 -7
74 -11 -11
74 -11 -12
74 -11 -16
74 -11 -22
74 -11 -23
74 -12 -3
74 -12 -5
74 -12 -12
74 -12 -14
74 -12 -20
74 -13 0
74 -14 -3
74 -14 -17
74 -14 -19
74 -14 -22
74 -15 0
74 -15 -17
74 -15 -22
74 -16 -11
74 -17 -11
74 -18 0
74 -18 -11
74 -18 -14
74 -19 0
74 -19 -1
74 -20 -17
74 -20 -22
74 -21 -2
74 -21 -4
74 -21 -10
74 -21 -18
74 -22 -5
74 -22 -18
74 -22 -19
74 -23 -15
74 -23 -19
74 -23 -23
75 0 0
75 0 -3
75 0 -9
75 0 -13
75 0 -18
75 0 -21
75 -1 -7
75 -1 -8
75 -1 -11
75 -1 -18
75 -2 -1
75 -2 -18
75 -2 -23
75 -3 -9
75 -3 -20
75 -4 0
75 -4 -9
75 -4 -12
75 -4 -22
75 -5 -13
75 -5 -18
75 -5 -19
75 -6 -2
75 -6 -23
75 -7 -1
75 -7 -22
75 -8 -14
75 -9 0
75 -9 -6
75 -9 -8
75 -9 -16
75 -9 -17
75 -9 -18
75 -9 -19
75 -10 -7
75 -10 -14
75 -11 0
75 -11 -5
75 -11 -7
75 -11 -11
75 -11 -12
75 -11 -16
75 -11 -22
75 -11 -23
75 -12 -3
75 -12 -5
75 -12 -12
75 -12 -14
75 -12 -20
75 -13 0
75 -14 -3
75 -14 -17
75 -14 -19
75 -14 -22
75 -15 0
75 -15 -17
75 -15 -22
75 -16 -11
75 -17 -11
75 -18 0
75 -18 -11
75 -18 -14
75 -19 0
75 -19 -1
75 -20 -17
75 -20 -22
75 -21 -2
75 -21 -4
75 -21 -10
75 -21 -18
75 -22 -5
75 -22 -18
75 -22 -19
75 -23 -15
75 -23 -19
75 -23 -23
63 11 5
35 0 3
7 9 8
36 5 19
47 21 2
55 18 14
66 18 0
43 12 20
40 23 19
32 0 0
24 9 19
19 20 17
37 9 19
1 2 18
37 2 23
9 5 18
72 17 11
6 10 7
19 15 17
7 11 0
36 0 0
52 14 3
18 7 1
20 2 18
52 2 23
34 15 17
17 10 14
1 18 0
50 15 0
8 2 18
23 10 7
38 3 9
16 1 18
62 3 20
67 9 17
14 15 0
20 2 18
58 5 13
46 15 22
28 9 17
41 11 11
50 4 9
60 4 12
41 22 18
20 9 8
70 20 17
21 12 12
33 9 6
1 3 20
22 0 9
21 5 19
5 21 4
50 14 3
44 6 23
56 12 20
73 12 20
14 11 16
1 0 3
45 7 1
75 13 0
47 5 18
37 12 12
24 3 9
11 7 1
55 1 18
65 0 13
40 14 19
2 1 7
31 7 22
8 12 20
9 18 0
47 11 0
39 12 14
29 6 2
37 12 20
35 1 18
20 11 7
67 22 19
25 19 0
48 12 20
36 14 3
42 6 2
69 10 7
64 0 3
54 10 7
17 23 19
28 10 14
48 12 5
66 9 19
63 4 9
64 13 0
21 18 11
64 2 23
52 4 22
65 18 14
25 17 11
12 17 11
6 5 13
3 18 0
51 0 0
13 20 22
68 9 17
63 2 23
46 5 18
42 23 19
15 23 19
68 18 14
63 11 7
5 21 4
34 20 17
74 0 3
37 10 14
12 14 17
65 14 3
70 23 23
74 9 16
0 19 1
71 6 2
38 1 8
51 14 19
29 10 7
70 2 18
38 18 14
67 4 12
2 9 17
11 1 7
45 14 17
61 4 9
7 0 9
63 9 6
26 19 1
17 13 0
4 5 19
16 0 3
53 11 0
46 9 18
29 8 14
20 21 4
9 21 2
34 8 14
75 18 0
30 7 1
5 11 7
74 22 5
0 9 8
13 4 22
45 1 11
71 7 1
28 2 23
17 9 19
24 14 19
70 11 7
1 0 0
2 12 5
12 3 9
1 21 4
10 4 22
56 11 16
43 5 18
16 11 11
38 6 2
74 14 17
69 6 23
63 9 16
7 15 0
34 14 17
26 2 1
61 11 22
36 9 8
6 19 0
42 23 15
41 19 1
24 11 12
4 12 20
70 22 18
43 2 1
24 11 12
6 5 13
67 21 2
68 4 12
73 3 9
51 20 17
13 5 19
28 1 7
21 9 19
64 21 10
54 2 23
57 1 18
74 5 19
13 11 16
12 14 3
15 14 22
36 12 3
26 23 23
0 9 18
16 11 11
45 22 19
45 14 17
38 3 20
5 10 14
25 11 23
59 6 2
1 11 12
52 11 11
10 13 0
20 5 18
49 9 8
36 11 0
72 16 11
60 13 0
6 11 0
39 2 1
25 15 17
74 21 10
15 12 20
34 3 9
10 11 23
36 0 9
53 0 0
51 19 1
15 2 1
18 15 17
45 9 0
2 4 9
15 1 11
37 0 9
53 2 18
51 23 15
15 12 14
48 11 7
22 4 12
75 11 16
29 11 11
33 12 12
70 11 0
26 0 0
19 14 22
56 16 11
73 9 16
55 0 9
33 1 11
43 11 23
73 13 0
15 9 18
58 5 18
63 11 23
70 4 9
27 7 22
54 13 0
5 22 18
20 2 18
27 4 0
42 11 7
57 1 18
74 13 0
65 6 2
59 22 19
50 12 3
51 6 2
24 14 19
28 18 0
2 0 3
45 15 17
47 1 8
8 11 7
13 0 0
5 0 0
8 11 5
19 9 6
47 16 11
36 2 23
24 0 0
31 23 23
11 14 22
2 5 13
16 21 10
15 23 19
54 10 14
21 8 14
27 3 9
59 9 16
16 1 11
17 11 16
23 14 17
5 20 17
12 1 8
60 21 10
17 5 18
41 1 8
21 4 22
20 17 11
64 9 6
35 8 14
45 22 5
19 1 8
26 11 16
25 20 22
63 21 4
9 7 1
39 3 9
46 11 5
71 12 14
20 1 8
66 0 3
24 14 17
60 5 19
30 21 10
56 21 4
28 19 1
13 4 9
28 21 4
0 14 22
6 0 0
32 20 22
60 12 3
48 11 0
71 21 2
28 9 8
6 7 1
5 12 20
13 9 17
74 6 2
43 0 13
6 1 18
55 0 3
60 23 19
12 11 0
62 9 16
64 0 18
66 9 17
61 21 2
65 14 19
22 14 19
7 15 22
61 19 1
72 12 14
39 14 17
28 6 23
0 9 18
48 23 23
4 0 13
10 0 9
5 22 18
41 12 14
36 6 2
14 0 3
73 21 4
60 11 0
64 23 23
36 12 5
27 12 3
10 7 22
38 18 11
41 20 17
35 7 22
75 11 16
71 9 8
7 9 17
49 21 2
5 9 19
49 1 18
56 4 9
74 2 18
35 11 0
41 23 23
25 0 13
74 23 19
45 18 11
28 18 11
54 0 18
1 3 20
69 6 2
9 22 19
12 9 0
0 7 22
11 0 3
16 23 15
69 12 20
21 18 0
1 21 2
57 10 14
38 12 5
20 9 8
9 4 0
69 11 7
60 0 21
9 15 0
6 9 19
26 0 0
5 9 17
54 15 0
21 12 14
43 18 11
14 9 8
51 3 20
69 12 14
19 23 19
23 3 20
54 9 19
66 3 20
72 5 13
1 9 6
6 18 14
32 10 7
29 5 19
13 9 19
63 10 7
52 10 14
1 1 8
23 0 13
40 21 18
10 2 23
45 22 5
16 8 14
23 9 8
48 9 8
3 0 0
69 5 18
39 9 0
10 9 16
8 4 9
6 12 5
37 7 1
2 4 9
1 9 6
57 20 17
5 5 18
7 11 22
11 0 3
34 9 0
7 11 0
43 19 0
46 12 14
29 11 12
60 3 20
41 11 7
71 11 22
32 18 0
4 0 18
18 20 22
44 18 11
53 12 14
17 2 1
62 14 3
53 17 11
35 1 18
58 11 0
6 22 19
9 1 8
59 23 15
43 13 0
4 18 0
33 14 17
56 0 13
12 11 0
26 8 14
72 9 0
11 4 12
21 9 6
3 0 3
75 23 15
51 9 0
37 9 0
37 0 9
15 4 9
61 0 3
65 12 3
43 14 17
43 3 20
35 14 22
0 15 22
37 11 5
33 21 10
53 7 1
42 2 23
70 14 19
56 10 7
50 5 18
50 8 14
31 5 19
34 8 14
60 21 18
9 15 17
31 4 0
48 12 14
48 0 9
55 14 3
7 1 8
67 0 13
52 7 1
40 11 0
16 14 3
16 0 21
18 23 19
40 0 21
66 11 0
18 12 3
51 23 19
68 22 18
13 11 11
53 4 12
61 21 10
13 15 22
56 1 8
1 9 6
73 2 23
8 12 5
42 15 0
43 18 11
15 13 0
18 1 8
12 22 18
42 5 13
47 14 17
21 11 0
24 1 11
56 12 3
16 11 16
60 12 3
21 11 16
8 5 19
5 17 11
46 16 11
24 5 18
39 20 17
72 0 0
23 0 13
29 9 6
6 16 11
67 14 19
32 10 7
58 0 21
21 9 8
47 9 6
60 0 18
68 12 14
61 2 18
29 23 19
16 19 0
39 2 18
69 9 19
3 4 12
58 11 0
69 11 23
68 3 20
33 12 5
17 11 7
31 9 16
65 14 17
64 11 7
2 21 2
36 15 22
63 3 20
37 15 22
73 11 11
16 16 11
7 1 18
45 7 22
63 2 23
56 0 0
22 8 14
13 9 19
20 0 18
9 5 19
74 20 17
4 14 3
26 22 18
49 22 18
50 13 0
30 23 19
40 14 22
33 9 19
50 9 8
35 7 1
31 9 17
54 2 23
75 9 19
48 23 15
15 23 15
26 5 18
70 6 23
28 22 18
18 9 19
68 9 6
18 10 7
74 18 0
62 6 2
63 14 19
57 21 2
39 6 23
65 2 18
72 12 5
0 9 8
55 10 14
46 23 23
52 9 6
37 1 11
6 16 11
19 1 7
43 21 2
4 1 11
55 2 1
27 21 2
17 19 0
49 2 23
40 20 22
68 14 22
38 11 22
20 0 9
4 12 14
43 10 14
29 9 16
33 15 17
5 3 9
58 12 12
73 0 18
5 1 7
16 11 0
18 19 1
50 2 23
63 1 18
45 14 22
38 2 23
60 14 22
38 6 2
8 0 9
51 13 0
14 18 0
29 0 21
71 4 12
43 23 23
8 11 23
38 20 17
57 9 0
20 21 4
29 11 11
33 0 9
34 11 5
6 15 22
13 11 16
5 14 3
36 1 8
72 0 21
59 1 18
33 15 0
38 19 0
23 19 1
20 4 0
8 5 13
19 4 0
66 11 22
46 12 12
34 18 0
22 11 7
72 12 14
17 4 22
58 14 22
59 2 1
3 11 16
8 12 5
37 12 14
42 12 20
55 11 7
31 7 22
54 12 20
4 6 2
56 12 5
17 19 1
75 0 3
56 5 19
2 21 18
14 8 14
35 11 12
73 22 5
3 16 11
20 11 16
61 11 7
40 15 17
72 7 22
53 3 20
15 11 5
14 21 10
16 21 2
26 10 7
28 15 0
4 22 18
2 22 5
0 4 0
9 4 22
70 6 2
52 18 11
0 8 14
38 15 22
7 4 22
46 0 0
11 7 1
55 18 14
38 21 10
49 4 12
20 9 6
61 19 0
29 22 5
15 1 8
1 19 0
41 18 14
24 0 18
8 11 5
37 23 23
19 22 19
56 0 21
1 12 14
42 1 11
11 11 16
49 23 19
37 4 22
0 14 22
13 10 14
59 9 19
3 12 3
61 9 8
68 16 11
10 15 0
47 9 0
5 9 16
24 15 17
37 9 18
15 4 9
56 4 9
0 12 14
58 10 7
73 0 13
55 19 1
58 4 12
59 9 8
45 8 14
38 0 9
39 1 18
38 22 5
51 23 19
8 0 21
30 14 17
13 10 7
70 23 23
48 11 16
63 23 19
12 21 2
45 7 22
22 11 7
26 2 18
32 19 1
62 11 5
40 19 0
11 10 14
38 11 5
50 11 16
56 0 21
56 11 11
74 19 0
32 12 12
67 17 11
0 0 9
49 5 19
10 5 18
24 9 8
35 1 11
72 4 22
26 21 18
29 5 18
18 14 3
26 18 11
25 15 22
28 11 12
64 14 3
25 0 21
58 12 14
35 21 10
48 18 0
69 11 22
47 3 20
51 19 0
26 14 17
62 22 19
59 6 23
67 4 0
12 7 22
10 22 18
31 9 0
43 14 19
61 0 21
23 11 11
30 12 20
33 18 14
12 9 16
74 14 17
3 9 18
4 14 22
20 22 18
24 0 0
18 11 5
47 18 11
73 21 4
38 23 23
73 17 11
46 0 18
32 11 16
44 9 19
8 0 0
56 3 20
24 18 14
63 11 11
60 9 19
66 14 17
48 11 23
7 14 17
42 9 19
62 11 0
25 3 20
6 5 19
30 12 14
58 2 23
37 15 0
38 14 17
0 23 23
57 1 18
68 18 14
17 4 12
61 12 12
75 23 19
61 20 22
68 15 0
22 11 5
49 22 5
8 12 12
73 5 18
-1 -1 -1
52
11
30
14
26
62
75
31
28
17
20
33
0
29
60
1
41
5
8
63
55
46
69
70
74
67
22
34
32
16
65
3
48
23
53
21
58
44
59
45
18
43
40
71
7
38
24
50
42
15
27
37
2
66
25
56
61
36
47
72
9
10
73
51
13
4
64
35
54
6
12
57
19
39
49
68
  3.801516 seconds (38.69 M allocations: 1.011 GiB, 4.96% gc time)
