950 0 0 0 0 0 0 0 0 0 0 0 0 0 0 0 0 0 0 0 0 0 0 0 0 0
0 0 0 0 0 0 0 0 0 0 0 0 0 0 0 0 0 0 0 0 0 0 0 0 0 0
0 0 0 0 0 0 0 0 0 0 0 0 0 0 0 0 0 0 0 0 0 0 0 0 0 0
0 0 0 0 0 0 0 0 0 0 0 0 0 0 0 0 0 0 0 0 0 0 0 0 0 0
0 0 0 0 0 0 0 0 0 0 0 0 0 0 0 0 0 0 0 0 0 0 0 0 0 0
0 0 0 0 0 0 0 0 0 0 0 0 0 0 0 0 0 0 0 0 0 0 0 0 0 0
0 0 0 0 0 0 0 0 0 0 0 0 0 0 0 0 0 0 0 0 0 0 0 0 0 0
0 0 0 0 0 0 0 0 0 0 0 0 0 0 0 0 0 0 0 0 0 0 0 0 0 0
0 0 0 0 0 0 0 0 0 0 0 0 0 0 0 0 0 0 0 0 0 0 0 0 0 0
0 0 0 0 0 0 0 0 0 0 0 0 0 0 0 0 0 0 0 0 0 0 0 0 0 0
0 0 0 0 0 0 0 0 0 0 0 0 0 0 0 0 0 0 0 0 0 0 0 0 0 0
0 0 0 0 0 0 0 0 0 0 0 0 0 0 0 0 0 0 0 0 0 0 0 0 0 0
0 0 0 0 0 0 0 0 0 0 0 0 0 0 0 0 0 0 0 0 0 0 0 0 0 0
0 0 0 0 0 0 0 0 0 0 0 0 0 0 0 0 0 0 0 0 0 0 0 0 0 0
0 0 0 0 0 0 0 0 0 0 0 0 0 0 0 0 0 0 0 0 0 0 0 0 0 0
0 0 0 0 0 0 0 0 0 0 0 0 0 0 0 0 0 0 0 0 0 0 0 0 0 0
0 0 0 0 0 0 0 0 0 0 0 0 0 0 0 0 0 0 0 0 0 0 0 0 0 0
0 0 0 0 0 0 0 0 0 0 0 0 0 0 0 0 0 0 0 0 0 0 0 0 0 0
0 0 0 0 0 0 0 0 0 0 0 0 0 0 0 0 0 0 0 0 0 0 0 0 0 0
0 0 0 0 0 0 0 0 0 0 0 0 0 0 0 0 0 0 0 0 0 0 0 0 0 0
0 0 0 0 0 0 0 0 0 0 0 0 0 0 0 0 0 0 0 0 0 0 0 0 0 0
0 0 0 0 0 0 0 0 0 0 0 0 0 0 0 0 0 0 0 0 0 0 0 0 0 0
0 0 0 0 0 0 0 0 0 0 0 0 0 0 0 0 0 0 0 0 0 0 0 0 0 0
0 0 0 0 0 0 0 0 0 0 0 0 0 0 0 0 0 0 0 0 0 0 0 0 0 0
0 0 0 0 0 0 0 0 0 0 0 0 0 0 0 0 0 0 0 0 0 0 0 0 0 0
0 0 0 0 0 0 0 0 0 0 0 0 0 0 0 0 0 0 0 0 0 0 0 0 0 0
0 0 -9
0 0 -13
0 -1 -15
0 -1 -18
0 -2 -1
0 -2 -3
0 -2 -11
0 -2 -12
0 -2 -13
0 -2 -21
0 -2 -24
0 -2 -25
0 -3 -5
0 -3 -13
0 -3 -20
0 -3 -25
0 -4 -1
0 -4 -14
0 -4 -16
0 -4 -19
0 -4 -22
0 -5 -8
0 -5 -16
0 -5 -25
0 -6 -8
0 -6 -15
0 -6 -17
0 -6 -20
0 -7 -4
0 -7 -6
0 -8 -2
0 -8 -10
0 -9 -11
0 -9 -14
0 -9 -20
0 -10 -23
0 -11 -17
0 -12 -10
0 -12 -18
0 -13 -3
0 -13 -7
0 -15 -1
0 -16 -7
0 -16 -14
0 -16 -16
0 -16 -24
0 -17 -6
0 -17 -19
0 -17 -25
0 -18 -19
0 -19 -23
0 -20 -20
0 -21 -1
0 -21 -3
0 -23 -4
0 -23 -13
0 -23 -19
0 -24 -5
0 -24 -8
0 -24 -17
0 -24 -21
0 -24 -23
0 -24 -24
0 -25 -12
0 -25 -14
1 0 -9
1 0 -13
1 -1 -15
1 -1 -18
1 -2 -1
1 -2 -3
1 -2 -11
1 -2 -12
1 -2 -13
1 -2 -21
1 -2 -24
1 -2 -25
1 -3 -5
1 -3 -13
1 -3 -20
1 -3 -25
1 -4 -1
1 -4 -14
1 -4 -16
1 -4 -19
1 -4 -22
1 -5 -8
1 -5 -16
1 -5 -25
1 -6 -8
1 -6 -15
1 -6 -17
1 -6 -20
1 -7 -4
1 -7 -6
1 -8 -2
1 -8 -10
1 -9 -11
1 -9 -14
1 -9 -20
1 -10 -23
1 -11 -17
1 -12 -10
1 -12 -18
1 -13 -3
1 -13 -7
1 -15 -1
1 -16 -7
1 -16 -14
1 -16 -16
1 -16 -24
1 -17 -6
1 -17 -19
1 -17 -25
1 -18 -19
1 -19 -23
1 -20 -20
1 -21 -1
1 -21 -3
1 -23 -4
1 -23 -13
1 -23 -19
1 -24 -5
1 -24 -8
1 -24 -17
1 -24 -21
1 -24 -23
1 -24 -24
1 -25 -12
1 -25 -14
2 0 -9
2 0 -13
2 -1 -15
2 -1 -18
2 -2 -1
2 -2 -3
2 -2 -11
2 -2 -12
2 -2 -13
2 -2 -21
2 -2 -24
2 -2 -25
2 -3 -5
2 -3 -13
2 -3 -20
2 -3 -25
2 -4 -1
2 -4 -14
2 -4 -16
2 -4 -19
2 -4 -22
2 -5 -8
2 -5 -16
2 -5 -25
2 -6 -8
2 -6 -15
2 -6 -17
2 -6 -20
2 -7 -4
2 -7 -6
2 -8 -2
2 -8 -10
2 -9 -11
2 -9 -14
2 -9 -20
2 -10 -23
2 -11 -17
2 -12 -10
2 -12 -18
2 -13 -3
2 -13 -7
2 -15 -1
2 -16 -7
2 -16 -14
2 -16 -16
2 -16 -24
2 -17 -6
2 -17 -19
2 -17 -25
2 -18 -19
2 -19 -23
2 -20 -20
2 -21 -1
2 -21 -3
2 -23 -4
2 -23 -13
2 -23 -19
2 -24 -5
2 -24 -8
2 -24 -17
2 -24 -21
2 -24 -23
2 -24 -24
2 -25 -12
2 -25 -14
3 0 -9
3 0 -13
3 -1 -15
3 -1 -18
3 -2 -1
3 -2 -3
3 -2 -11
3 -2 -12
3 -2 -13
3 -2 -21
3 -2 -24
3 -2 -25
3 -3 -5
3 -3 -13
3 -3 -20
3 -3 -25
3 -4 -1
3 -4 -14
3 -4 -16
3 -4 -19
3 -4 -22
3 -5 -8
3 -5 -16
3 -5 -25
3 -6 -8
3 -6 -15
3 -6 -17
3 -6 -20
3 -7 -4
3 -7 -6
3 -8 -2
3 -8 -10
3 -9 -11
3 -9 -14
3 -9 -20
3 -10 -23
3 -11 -17
3 -12 -10
3 -12 -18
3 -13 -3
3 -13 -7
3 -15 -1
3 -16 -7
3 -16 -14
3 -16 -16
3 -16 -24
3 -17 -6
3 -17 -19
3 -17 -25
3 -18 -19
3 -19 -23
3 -20 -20
3 -21 -1
3 -21 -3
3 -23 -4
3 -23 -13
3 -23 -19
3 -24 -5
3 -24 -8
3 -24 -17
3 -24 -21
3 -24 -23
3 -24 -24
3 -25 -12
3 -25 -14
4 0 -9
4 0 -13
4 -1 -15
4 -1 -18
4 -2 -1
4 -2 -3
4 -2 -11
4 -2 -12
4 -2 -13
4 -2 -21
4 -2 -24
4 -2 -25
4 -3 -5
4 -3 -13
4 -3 -20
4 -3 -25
4 -4 -1
4 -4 -14
4 -4 -16
4 -4 -19
4 -4 -22
4 -5 -8
4 -5 -16
4 -5 -25
4 -6 -8
4 -6 -15
4 -6 -17
4 -6 -20
4 -7 -4
4 -7 -6
4 -8 -2
4 -8 -10
4 -9 -11
4 -9 -14
4 -9 -20
4 -10 -23
4 -11 -17
4 -12 -10
4 -12 -18
4 -13 -3
4 -13 -7
4 -15 -1
4 -16 -7
4 -16 -14
4 -16 -16
4 -16 -24
4 -17 -6
4 -17 -19
4 -17 -25
4 -18 -19
4 -19 -23
4 -20 -20
4 -21 -1
4 -21 -3
4 -23 -4
4 -23 -13
4 -23 -19
4 -24 -5
4 -24 -8
4 -24 -17
4 -24 -21
4 -24 -23
4 -24 -24
4 -25 -12
4 -25 -14
5 0 -9
5 0 -13
5 -1 -15
5 -1 -18
5 -2 -1
5 -2 -3
5 -2 -11
5 -2 -12
5 -2 -13
5 -2 -21
5 -2 -24
5 -2 -25
5 -3 -5
5 -3 -13
5 -3 -20
5 -3 -25
5 -4 -1
5 -4 -14
5 -4 -16
5 -4 -19
5 -4 -22
5 -5 -8
5 -5 -16
5 -5 -25
5 -6 -8
5 -6 -15
5 -6 -17
5 -6 -20
5 -7 -4
5 -7 -6
5 -8 -2
5 -8 -10
5 -9 -11
5 -9 -14
5 -9 -20
5 -10 -23
5 -11 -17
5 -12 -10
5 -12 -18
5 -13 -3
5 -13 -7
5 -15 -1
5 -16 -7
5 -16 -14
5 -16 -16
5 -16 -24
5 -17 -6
5 -17 -19
5 -17 -25
5 -18 -19
5 -19 -23
5 -20 -20
5 -21 -1
5 -21 -3
5 -23 -4
5 -23 -13
5 -23 -19
5 -24 -5
5 -24 -8
5 -24 -17
5 -24 -21
5 -24 -23
5 -24 -24
5 -25 -12
5 -25 -14
6 0 -9
6 0 -13
6 -1 -15
6 -1 -18
6 -2 -1
6 -2 -3
6 -2 -11
6 -2 -12
6 -2 -13
6 -2 -21
6 -2 -24
6 -2 -25
6 -3 -5
6 -3 -13
6 -3 -20
6 -3 -25
6 -4 -1
6 -4 -14
6 -4 -16
6 -4 -19
6 -4 -22
6 -5 -8
6 -5 -16
6 -5 -25
6 -6 -8
6 -6 -15
6 -6 -17
6 -6 -20
6 -7 -4
6 -7 -6
6 -8 -2
6 -8 -10
6 -9 -11
6 -9 -14
6 -9 -20
6 -10 -23
6 -11 -17
6 -12 -10
6 -12 -18
6 -13 -3
6 -13 -7
6 -15 -1
6 -16 -7
6 -16 -14
6 -16 -16
6 -16 -24
6 -17 -6
6 -17 -19
6 -17 -25
6 -18 -19
6 -19 -23
6 -20 -20
6 -21 -1
6 -21 -3
6 -23 -4
6 -23 -13
6 -23 -19
6 -24 -5
6 -24 -8
6 -24 -17
6 -24 -21
6 -24 -23
6 -24 -24
6 -25 -12
6 -25 -14
7 0 -9
7 0 -13
7 -1 -15
7 -1 -18
7 -2 -1
7 -2 -3
7 -2 -11
7 -2 -12
7 -2 -13
7 -2 -21
7 -2 -24
7 -2 -25
7 -3 -5
7 -3 -13
7 -3 -20
7 -3 -25
7 -4 -1
7 -4 -14
7 -4 -16
7 -4 -19
7 -4 -22
7 -5 -8
7 -5 -16
7 -5 -25
7 -6 -8
7 -6 -15
7 -6 -17
7 -6 -20
7 -7 -4
7 -7 -6
7 -8 -2
7 -8 -10
7 -9 -11
7 -9 -14
7 -9 -20
7 -10 -23
7 -11 -17
7 -12 -10
7 -12 -18
7 -13 -3
7 -13 -7
7 -15 -1
7 -16 -7
7 -16 -14
7 -16 -16
7 -16 -24
7 -17 -6
7 -17 -19
7 -17 -25
7 -18 -19
7 -19 -23
7 -20 -20
7 -21 -1
7 -21 -3
7 -23 -4
7 -23 -13
7 -23 -19
7 -24 -5
7 -24 -8
7 -24 -17
7 -24 -21
7 -24 -23
7 -24 -24
7 -25 -12
7 -25 -14
8 0 -9
8 0 -13
8 -1 -15
8 -1 -18
8 -2 -1
8 -2 -3
8 -2 -11
8 -2 -12
8 -2 -13
8 -2 -21
8 -2 -24
8 -2 -25
8 -3 -5
8 -3 -13
8 -3 -20
8 -3 -25
8 -4 -1
8 -4 -14
8 -4 -16
8 -4 -19
8 -4 -22
8 -5 -8
8 -5 -16
8 -5 -25
8 -6 -8
8 -6 -15
8 -6 -17
8 -6 -20
8 -7 -4
8 -7 -6
8 -8 -2
8 -8 -10
8 -9 -11
8 -9 -14
8 -9 -20
8 -10 -23
8 -11 -17
8 -12 -10
8 -12 -18
8 -13 -3
8 -13 -7
8 -15 -1
8 -16 -7
8 -16 -14
8 -16 -16
8 -16 -24
8 -17 -6
8 -17 -19
8 -17 -25
8 -18 -19
8 -19 -23
8 -20 -20
8 -21 -1
8 -21 -3
8 -23 -4
8 -23 -13
8 -23 -19
8 -24 -5
8 -24 -8
8 -24 -17
8 -24 -21
8 -24 -23
8 -24 -24
8 -25 -12
8 -25 -14
9 0 -9
9 0 -13
9 -1 -15
9 -1 -18
9 -2 -1
9 -2 -3
9 -2 -11
9 -2 -12
9 -2 -13
9 -2 -21
9 -2 -24
9 -2 -25
9 -3 -5
9 -3 -13
9 -3 -20
9 -3 -25
9 -4 -1
9 -4 -14
9 -4 -16
9 -4 -19
9 -4 -22
9 -5 -8
9 -5 -16
9 -5 -25
9 -6 -8
9 -6 -15
9 -6 -17
9 -6 -20
9 -7 -4
9 -7 -6
9 -8 -2
9 -8 -10
9 -9 -11
9 -9 -14
9 -9 -20
9 -10 -23
9 -11 -17
9 -12 -10
9 -12 -18
9 -13 -3
9 -13 -7
9 -15 -1
9 -16 -7
9 -16 -14
9 -16 -16
9 -16 -24
9 -17 -6
9 -17 -19
9 -17 -25
9 -18 -19
9 -19 -23
9 -20 -20
9 -21 -1
9 -21 -3
9 -23 -4
9 -23 -13
9 -23 -19
9 -24 -5
9 -24 -8
9 -24 -17
9 -24 -21
9 -24 -23
9 -24 -24
9 -25 -12
9 -25 -14
10 0 -9
10 0 -13
10 -1 -15
10 -1 -18
10 -2 -1
10 -2 -3
10 -2 -11
10 -2 -12
10 -2 -13
10 -2 -21
10 -2 -24
10 -2 -25
10 -3 -5
10 -3 -13
10 -3 -20
10 -3 -25
10 -4 -1
10 -4 -14
10 -4 -16
10 -4 -19
10 -4 -22
10 -5 -8
10 -5 -16
10 -5 -25
10 -6 -8
10 -6 -15
10 -6 -17
10 -6 -20
10 -7 -4
10 -7 -6
10 -8 -2
10 -8 -10
10 -9 -11
10 -9 -14
10 -9 -20
10 -10 -23
10 -11 -17
10 -12 -10
10 -12 -18
10 -13 -3
10 -13 -7
10 -15 -1
10 -16 -7
10 -16 -14
10 -16 -16
10 -16 -24
10 -17 -6
10 -17 -19
10 -17 -25
10 -18 -19
10 -19 -23
10 -20 -20
10 -21 -1
10 -21 -3
10 -23 -4
10 -23 -13
10 -23 -19
10 -24 -5
10 -24 -8
10 -24 -17
10 -24 -21
10 -24 -23
10 -24 -24
10 -25 -12
10 -25 -14
11 0 -9
11 0 -13
11 -1 -15
11 -1 -18
11 -2 -1
11 -2 -3
11 -2 -11
11 -2 -12
11 -2 -13
11 -2 -21
11 -2 -24
11 -2 -25
11 -3 -5
11 -3 -13
11 -3 -20
11 -3 -25
11 -4 -1
11 -4 -14
11 -4 -16
11 -4 -19
11 -4 -22
11 -5 -8
11 -5 -16
11 -5 -25
11 -6 -8
11 -6 -15
11 -6 -17
11 -6 -20
11 -7 -4
11 -7 -6
11 -8 -2
11 -8 -10
11 -9 -11
11 -9 -14
11 -9 -20
11 -10 -23
11 -11 -17
11 -12 -10
11 -12 -18
11 -13 -3
11 -13 -7
11 -15 -1
11 -16 -7
11 -16 -14
11 -16 -16
11 -16 -24
11 -17 -6
11 -17 -19
11 -17 -25
11 -18 -19
11 -19 -23
11 -20 -20
11 -21 -1
11 -21 -3
11 -23 -4
11 -23 -13
11 -23 -19
11 -24 -5
11 -24 -8
11 -24 -17
11 -24 -21
11 -24 -23
11 -24 -24
11 -25 -12
11 -25 -14
12 0 -9
12 0 -13
12 -1 -15
12 -1 -18
12 -2 -1
12 -2 -3
12 -2 -11
12 -2 -12
12 -2 -13
12 -2 -21
12 -2 -24
12 -2 -25
12 -3 -5
12 -3 -13
12 -3 -20
12 -3 -25
12 -4 -1
12 -4 -14
12 -4 -16
12 -4 -19
12 -4 -22
12 -5 -8
12 -5 -16
12 -5 -25
12 -6 -8
12 -6 -15
12 -6 -17
12 -6 -20
12 -7 -4
12 -7 -6
12 -8 -2
12 -8 -10
12 -9 -11
12 -9 -14
12 -9 -20
12 -10 -23
12 -11 -17
12 -12 -10
12 -12 -18
12 -13 -3
12 -13 -7
12 -15 -1
12 -16 -7
12 -16 -14
12 -16 -16
12 -16 -24
12 -17 -6
12 -17 -19
12 -17 -25
12 -18 -19
12 -19 -23
12 -20 -20
12 -21 -1
12 -21 -3
12 -23 -4
12 -23 -13
12 -23 -19
12 -24 -5
12 -24 -8
12 -24 -17
12 -24 -21
12 -24 -23
12 -24 -24
12 -25 -12
12 -25 -14
13 0 -9
13 0 -13
13 -1 -15
13 -1 -18
13 -2 -1
13 -2 -3
13 -2 -11
13 -2 -12
13 -2 -13
13 -2 -21
13 -2 -24
13 -2 -25
13 -3 -5
13 -3 -13
13 -3 -20
13 -3 -25
13 -4 -1
13 -4 -14
13 -4 -16
13 -4 -19
13 -4 -22
13 -5 -8
13 -5 -16
13 -5 -25
13 -6 -8
13 -6 -15
13 -6 -17
13 -6 -20
13 -7 -4
13 -7 -6
13 -8 -2
13 -8 -10
13 -9 -11
13 -9 -14
13 -9 -20
13 -10 -23
13 -11 -17
13 -12 -10
13 -12 -18
13 -13 -3
13 -13 -7
13 -15 -1
13 -16 -7
13 -16 -14
13 -16 -16
13 -16 -24
13 -17 -6
13 -17 -19
13 -17 -25
13 -18 -19
13 -19 -23
13 -20 -20
13 -21 -1
13 -21 -3
13 -23 -4
13 -23 -13
13 -23 -19
13 -24 -5
13 -24 -8
13 -24 -17
13 -24 -21
13 -24 -23
13 -24 -24
13 -25 -12
13 -25 -14
14 0 -9
14 0 -13
14 -1 -15
14 -1 -18
14 -2 -1
14 -2 -3
14 -2 -11
14 -2 -12
14 -2 -13
14 -2 -21
14 -2 -24
14 -2 -25
14 -3 -5
14 -3 -13
14 -3 -20
14 -3 -25
14 -4 -1
14 -4 -14
14 -4 -16
14 -4 -19
14 -4 -22
14 -5 -8
14 -5 -16
14 -5 -25
14 -6 -8
14 -6 -15
14 -6 -17
14 -6 -20
14 -7 -4
14 -7 -6
14 -8 -2
14 -8 -10
14 -9 -11
14 -9 -14
14 -9 -20
14 -10 -23
14 -11 -17
14 -12 -10
14 -12 -18
14 -13 -3
14 -13 -7
14 -15 -1
14 -16 -7
14 -16 -14
14 -16 -16
14 -16 -24
14 -17 -6
14 -17 -19
14 -17 -25
14 -18 -19
14 -19 -23
14 -20 -20
14 -21 -1
14 -21 -3
14 -23 -4
14 -23 -13
14 -23 -19
14 -24 -5
14 -24 -8
14 -24 -17
14 -24 -21
14 -24 -23
14 -24 -24
14 -25 -12
14 -25 -14
15 0 -9
15 0 -13
15 -1 -15
15 -1 -18
15 -2 -1
15 -2 -3
15 -2 -11
15 -2 -12
15 -2 -13
15 -2 -21
15 -2 -24
15 -2 -25
15 -3 -5
15 -3 -13
15 -3 -20
15 -3 -25
15 -4 -1
15 -4 -14
15 -4 -16
15 -4 -19
15 -4 -22
15 -5 -8
15 -5 -16
15 -5 -25
15 -6 -8
15 -6 -15
15 -6 -17
15 -6 -20
15 -7 -4
15 -7 -6
15 -8 -2
15 -8 -10
15 -9 -11
15 -9 -14
15 -9 -20
15 -10 -23
15 -11 -17
15 -12 -10
15 -12 -18
15 -13 -3
15 -13 -7
15 -15 -1
15 -16 -7
15 -16 -14
15 -16 -16
15 -16 -24
15 -17 -6
15 -17 -19
15 -17 -25
15 -18 -19
15 -19 -23
15 -20 -20
15 -21 -1
15 -21 -3
15 -23 -4
15 -23 -13
15 -23 -19
15 -24 -5
15 -24 -8
15 -24 -17
15 -24 -21
15 -24 -23
15 -24 -24
15 -25 -12
15 -25 -14
16 0 -9
16 0 -13
16 -1 -15
16 -1 -18
16 -2 -1
16 -2 -3
16 -2 -11
16 -2 -12
16 -2 -13
16 -2 -21
16 -2 -24
16 -2 -25
16 -3 -5
16 -3 -13
16 -3 -20
16 -3 -25
16 -4 -1
16 -4 -14
16 -4 -16
16 -4 -19
16 -4 -22
16 -5 -8
16 -5 -16
16 -5 -25
16 -6 -8
16 -6 -15
16 -6 -17
16 -6 -20
16 -7 -4
16 -7 -6
16 -8 -2
16 -8 -10
16 -9 -11
16 -9 -14
16 -9 -20
16 -10 -23
16 -11 -17
16 -12 -10
16 -12 -18
16 -13 -3
16 -13 -7
16 -15 -1
16 -16 -7
16 -16 -14
16 -16 -16
16 -16 -24
16 -17 -6
16 -17 -19
16 -17 -25
16 -18 -19
16 -19 -23
16 -20 -20
16 -21 -1
16 -21 -3
16 -23 -4
16 -23 -13
16 -23 -19
16 -24 -5
16 -24 -8
16 -24 -17
16 -24 -21
16 -24 -23
16 -24 -24
16 -25 -12
16 -25 -14
17 0 -9
17 0 -13
17 -1 -15
17 -1 -18
17 -2 -1
17 -2 -3
17 -2 -11
17 -2 -12
17 -2 -13
17 -2 -21
17 -2 -24
17 -2 -25
17 -3 -5
17 -3 -13
17 -3 -20
17 -3 -25
17 -4 -1
17 -4 -14
17 -4 -16
17 -4 -19
17 -4 -22
17 -5 -8
17 -5 -16
17 -5 -25
17 -6 -8
17 -6 -15
17 -6 -17
17 -6 -20
17 -7 -4
17 -7 -6
17 -8 -2
17 -8 -10
17 -9 -11
17 -9 -14
17 -9 -20
17 -10 -23
17 -11 -17
17 -12 -10
17 -12 -18
17 -13 -3
17 -13 -7
17 -15 -1
17 -16 -7
17 -16 -14
17 -16 -16
17 -16 -24
17 -17 -6
17 -17 -19
17 -17 -25
17 -18 -19
17 -19 -23
17 -20 -20
17 -21 -1
17 -21 -3
17 -23 -4
17 -23 -13
17 -23 -19
17 -24 -5
17 -24 -8
17 -24 -17
17 -24 -21
17 -24 -23
17 -24 -24
17 -25 -12
17 -25 -14
18 0 -9
18 0 -13
18 -1 -15
18 -1 -18
18 -2 -1
18 -2 -3
18 -2 -11
18 -2 -12
18 -2 -13
18 -2 -21
18 -2 -24
18 -2 -25
18 -3 -5
18 -3 -13
18 -3 -20
18 -3 -25
18 -4 -1
18 -4 -14
18 -4 -16
18 -4 -19
18 -4 -22
18 -5 -8
18 -5 -16
18 -5 -25
18 -6 -8
18 -6 -15
18 -6 -17
18 -6 -20
18 -7 -4
18 -7 -6
18 -8 -2
18 -8 -10
18 -9 -11
18 -9 -14
18 -9 -20
18 -10 -23
18 -11 -17
18 -12 -10
18 -12 -18
18 -13 -3
18 -13 -7
18 -15 -1
18 -16 -7
18 -16 -14
18 -16 -16
18 -16 -24
18 -17 -6
18 -17 -19
18 -17 -25
18 -18 -19
18 -19 -23
18 -20 -20
18 -21 -1
18 -21 -3
18 -23 -4
18 -23 -13
18 -23 -19
18 -24 -5
18 -24 -8
18 -24 -17
18 -24 -21
18 -24 -23
18 -24 -24
18 -25 -12
18 -25 -14
19 0 -9
19 0 -13
19 -1 -15
19 -1 -18
19 -2 -1
19 -2 -3
19 -2 -11
19 -2 -12
19 -2 -13
19 -2 -21
19 -2 -24
19 -2 -25
19 -3 -5
19 -3 -13
19 -3 -20
19 -3 -25
19 -4 -1
19 -4 -14
19 -4 -16
19 -4 -19
19 -4 -22
19 -5 -8
19 -5 -16
19 -5 -25
19 -6 -8
19 -6 -15
19 -6 -17
19 -6 -20
19 -7 -4
19 -7 -6
19 -8 -2
19 -8 -10
19 -9 -11
19 -9 -14
19 -9 -20
19 -10 -23
19 -11 -17
19 -12 -10
19 -12 -18
19 -13 -3
19 -13 -7
19 -15 -1
19 -16 -7
19 -16 -14
19 -16 -16
19 -16 -24
19 -17 -6
19 -17 -19
19 -17 -25
19 -18 -19
19 -19 -23
19 -20 -20
19 -21 -1
19 -21 -3
19 -23 -4
19 -23 -13
19 -23 -19
19 -24 -5
19 -24 -8
19 -24 -17
19 -24 -21
19 -24 -23
19 -24 -24
19 -25 -12
19 -25 -14
20 0 -9
20 0 -13
20 -1 -15
20 -1 -18
20 -2 -1
20 -2 -3
20 -2 -11
20 -2 -12
20 -2 -13
20 -2 -21
20 -2 -24
20 -2 -25
20 -3 -5
20 -3 -13
20 -3 -20
20 -3 -25
20 -4 -1
20 -4 -14
20 -4 -16
20 -4 -19
20 -4 -22
20 -5 -8
20 -5 -16
20 -5 -25
20 -6 -8
20 -6 -15
20 -6 -17
20 -6 -20
20 -7 -4
20 -7 -6
20 -8 -2
20 -8 -10
20 -9 -11
20 -9 -14
20 -9 -20
20 -10 -23
20 -11 -17
20 -12 -10
20 -12 -18
20 -13 -3
20 -13 -7
20 -15 -1
20 -16 -7
20 -16 -14
20 -16 -16
20 -16 -24
20 -17 -6
20 -17 -19
20 -17 -25
20 -18 -19
20 -19 -23
20 -20 -20
20 -21 -1
20 -21 -3
20 -23 -4
20 -23 -13
20 -23 -19
20 -24 -5
20 -24 -8
20 -24 -17
20 -24 -21
20 -24 -23
20 -24 -24
20 -25 -12
20 -25 -14
21 0 -9
21 0 -13
21 -1 -15
21 -1 -18
21 -2 -1
21 -2 -3
21 -2 -11
21 -2 -12
21 -2 -13
21 -2 -21
21 -2 -24
21 -2 -25
21 -3 -5
21 -3 -13
21 -3 -20
21 -3 -25
21 -4 -1
21 -4 -14
21 -4 -16
21 -4 -19
21 -4 -22
21 -5 -8
21 -5 -16
21 -5 -25
21 -6 -8
21 -6 -15
21 -6 -17
21 -6 -20
21 -7 -4
21 -7 -6
21 -8 -2
21 -8 -10
21 -9 -11
21 -9 -14
21 -9 -20
21 -10 -23
21 -11 -17
21 -12 -10
21 -12 -18
21 -13 -3
21 -13 -7
21 -15 -1
21 -16 -7
21 -16 -14
21 -16 -16
21 -16 -24
21 -17 -6
21 -17 -19
21 -17 -25
21 -18 -19
21 -19 -23
21 -20 -20
21 -21 -1
21 -21 -3
21 -23 -4
21 -23 -13
21 -23 -19
21 -24 -5
21 -24 -8
21 -24 -17
21 -24 -21
21 -24 -23
21 -24 -24
21 -25 -12
21 -25 -14
22 0 -9
22 0 -13
22 -1 -15
22 -1 -18
22 -2 -1
22 -2 -3
22 -2 -11
22 -2 -12
22 -2 -13
22 -2 -21
22 -2 -24
22 -2 -25
22 -3 -5
22 -3 -13
22 -3 -20
22 -3 -25
22 -4 -1
22 -4 -14
22 -4 -16
22 -4 -19
22 -4 -22
22 -5 -8
22 -5 -16
22 -5 -25
22 -6 -8
22 -6 -15
22 -6 -17
22 -6 -20
22 -7 -4
22 -7 -6
22 -8 -2
22 -8 -10
22 -9 -11
22 -9 -14
22 -9 -20
22 -10 -23
22 -11 -17
22 -12 -10
22 -12 -18
22 -13 -3
22 -13 -7
22 -15 -1
22 -16 -7
22 -16 -14
22 -16 -16
22 -16 -24
22 -17 -6
22 -17 -19
22 -17 -25
22 -18 -19
22 -19 -23
22 -20 -20
22 -21 -1
22 -21 -3
22 -23 -4
22 -23 -13
22 -23 -19
22 -24 -5
22 -24 -8
22 -24 -17
22 -24 -21
22 -24 -23
22 -24 -24
22 -25 -12
22 -25 -14
23 0 -9
23 0 -13
23 -1 -15
23 -1 -18
23 -2 -1
23 -2 -3
23 -2 -11
23 -2 -12
23 -2 -13
23 -2 -21
23 -2 -24
23 -2 -25
23 -3 -5
23 -3 -13
23 -3 -20
23 -3 -25
23 -4 -1
23 -4 -14
23 -4 -16
23 -4 -19
23 -4 -22
23 -5 -8
23 -5 -16
23 -5 -25
23 -6 -8
23 -6 -15
23 -6 -17
23 -6 -20
23 -7 -4
23 -7 -6
23 -8 -2
23 -8 -10
23 -9 -11
23 -9 -14
23 -9 -20
23 -10 -23
23 -11 -17
23 -12 -10
23 -12 -18
23 -13 -3
23 -13 -7
23 -15 -1
23 -16 -7
23 -16 -14
23 -16 -16
23 -16 -24
23 -17 -6
23 -17 -19
23 -17 -25
23 -18 -19
23 -19 -23
23 -20 -20
23 -21 -1
23 -21 -3
23 -23 -4
23 -23 -13
23 -23 -19
23 -24 -5
23 -24 -8
23 -24 -17
23 -24 -21
23 -24 -23
23 -24 -24
23 -25 -12
23 -25 -14
24 0 -9
24 0 -13
24 -1 -15
24 -1 -18
24 -2 -1
24 -2 -3
24 -2 -11
24 -2 -12
24 -2 -13
24 -2 -21
24 -2 -24
24 -2 -25
24 -3 -5
24 -3 -13
24 -3 -20
24 -3 -25
24 -4 -1
24 -4 -14
24 -4 -16
24 -4 -19
24 -4 -22
24 -5 -8
24 -5 -16
24 -5 -25
24 -6 -8
24 -6 -15
24 -6 -17
24 -6 -20
24 -7 -4
24 -7 -6
24 -8 -2
24 -8 -10
24 -9 -11
24 -9 -14
24 -9 -20
24 -10 -23
24 -11 -17
24 -12 -10
24 -12 -18
24 -13 -3
24 -13 -7
24 -15 -1
24 -16 -7
24 -16 -14
24 -16 -16
24 -16 -24
24 -17 -6
24 -17 -19
24 -17 -25
24 -18 -19
24 -19 -23
24 -20 -20
24 -21 -1
24 -21 -3
24 -23 -4
24 -23 -13
24 -23 -19
24 -24 -5
24 -24 -8
24 -24 -17
24 -24 -21
24 -24 -23
24 -24 -24
24 -25 -12
24 -25 -14
25 0 -9
25 0 -13
25 -1 -15
25 -1 -18
25 -2 -1
25 -2 -3
25 -2 -11
25 -2 -12
25 -2 -13
25 -2 -21
25 -2 -24
25 -2 -25
25 -3 -5
25 -3 -13
25 -3 -20
25 -3 -25
25 -4 -1
25 -4 -14
25 -4 -16
25 -4 -19
25 -4 -22
25 -5 -8
25 -5 -16
25 -5 -25
25 -6 -8
25 -6 -15
25 -6 -17
25 -6 -20
25 -7 -4
25 -7 -6
25 -8 -2
25 -8 -10
25 -9 -11
25 -9 -14
25 -9 -20
25 -10 -23
25 -11 -17
25 -12 -10
25 -12 -18
25 -13 -3
25 -13 -7
25 -15 -1
25 -16 -7
25 -16 -14
25 -16 -16
25 -16 -24
25 -17 -6
25 -17 -19
25 -17 -25
25 -18 -19
25 -19 -23
25 -20 -20
25 -21 -1
25 -21 -3
25 -23 -4
25 -23 -13
25 -23 -19
25 -24 -5
25 -24 -8
25 -24 -17
25 -24 -21
25 -24 -23
25 -24 -24
25 -25 -12
25 -25 -14
26 0 -9
26 0 -13
26 -1 -15
26 -1 -18
26 -2 -1
26 -2 -3
26 -2 -11
26 -2 -12
26 -2 -13
26 -2 -21
26 -2 -24
26 -2 -25
26 -3 -5
26 -3 -13
26 -3 -20
26 -3 -25
26 -4 -1
26 -4 -14
26 -4 -16
26 -4 -19
26 -4 -22
26 -5 -8
26 -5 -16
26 -5 -25
26 -6 -8
26 -6 -15
26 -6 -17
26 -6 -20
26 -7 -4
26 -7 -6
26 -8 -2
26 -8 -10
26 -9 -11
26 -9 -14
26 -9 -20
26 -10 -23
26 -11 -17
26 -12 -10
26 -12 -18
26 -13 -3
26 -13 -7
26 -15 -1
26 -16 -7
26 -16 -14
26 -16 -16
26 -16 -24
26 -17 -6
26 -17 -19
26 -17 -25
26 -18 -19
26 -19 -23
26 -20 -20
26 -21 -1
26 -21 -3
26 -23 -4
26 -23 -13
26 -23 -19
26 -24 -5
26 -24 -8
26 -24 -17
26 -24 -21
26 -24 -23
26 -24 -24
26 -25 -12
26 -25 -14
27 0 -9
27 0 -13
27 -1 -15
27 -1 -18
27 -2 -1
27 -2 -3
27 -2 -11
27 -2 -12
27 -2 -13
27 -2 -21
27 -2 -24
27 -2 -25
27 -3 -5
27 -3 -13
27 -3 -20
27 -3 -25
27 -4 -1
27 -4 -14
27 -4 -16
27 -4 -19
27 -4 -22
27 -5 -8
27 -5 -16
27 -5 -25
27 -6 -8
27 -6 -15
27 -6 -17
27 -6 -20
27 -7 -4
27 -7 -6
27 -8 -2
27 -8 -10
27 -9 -11
27 -9 -14
27 -9 -20
27 -10 -23
27 -11 -17
27 -12 -10
27 -12 -18
27 -13 -3
27 -13 -7
27 -15 -1
27 -16 -7
27 -16 -14
27 -16 -16
27 -16 -24
27 -17 -6
27 -17 -19
27 -17 -25
27 -18 -19
27 -19 -23
27 -20 -20
27 -21 -1
27 -21 -3
27 -23 -4
27 -23 -13
27 -23 -19
27 -24 -5
27 -24 -8
27 -24 -17
27 -24 -21
27 -24 -23
27 -24 -24
27 -25 -12
27 -25 -14
28 0 -9
28 0 -13
28 -1 -15
28 -1 -18
28 -2 -1
28 -2 -3
28 -2 -11
28 -2 -12
28 -2 -13
28 -2 -21
28 -2 -24
28 -2 -25
28 -3 -5
28 -3 -13
28 -3 -20
28 -3 -25
28 -4 -1
28 -4 -14
28 -4 -16
28 -4 -19
28 -4 -22
28 -5 -8
28 -5 -16
28 -5 -25
28 -6 -8
28 -6 -15
28 -6 -17
28 -6 -20
28 -7 -4
28 -7 -6
28 -8 -2
28 -8 -10
28 -9 -11
28 -9 -14
28 -9 -20
28 -10 -23
28 -11 -17
28 -12 -10
28 -12 -18
28 -13 -3
28 -13 -7
28 -15 -1
28 -16 -7
28 -16 -14
28 -16 -16
28 -16 -24
28 -17 -6
28 -17 -19
28 -17 -25
28 -18 -19
28 -19 -23
28 -20 -20
28 -21 -1
28 -21 -3
28 -23 -4
28 -23 -13
28 -23 -19
28 -24 -5
28 -24 -8
28 -24 -17
28 -24 -21
28 -24 -23
28 -24 -24
28 -25 -12
28 -25 -14
29 0 -9
29 0 -13
29 -1 -15
29 -1 -18
29 -2 -1
29 -2 -3
29 -2 -11
29 -2 -12
29 -2 -13
29 -2 -21
29 -2 -24
29 -2 -25
29 -3 -5
29 -3 -13
29 -3 -20
29 -3 -25
29 -4 -1
29 -4 -14
29 -4 -16
29 -4 -19
29 -4 -22
29 -5 -8
29 -5 -16
29 -5 -25
29 -6 -8
29 -6 -15
29 -6 -17
29 -6 -20
29 -7 -4
29 -7 -6
29 -8 -2
29 -8 -10
29 -9 -11
29 -9 -14
29 -9 -20
29 -10 -23
29 -11 -17
29 -12 -10
29 -12 -18
29 -13 -3
29 -13 -7
29 -15 -1
29 -16 -7
29 -16 -14
29 -16 -16
29 -16 -24
29 -17 -6
29 -17 -19
29 -17 -25
29 -18 -19
29 -19 -23
29 -20 -20
29 -21 -1
29 -21 -3
29 -23 -4
29 -23 -13
29 -23 -19
29 -24 -5
29 -24 -8
29 -24 -17
29 -24 -21
29 -24 -23
29 -24 -24
29 -25 -12
29 -25 -14
30 0 -9
30 0 -13
30 -1 -15
30 -1 -18
30 -2 -1
30 -2 -3
30 -2 -11
30 -2 -12
30 -2 -13
30 -2 -21
30 -2 -24
30 -2 -25
30 -3 -5
30 -3 -13
30 -3 -20
30 -3 -25
30 -4 -1
30 -4 -14
30 -4 -16
30 -4 -19
30 -4 -22
30 -5 -8
30 -5 -16
30 -5 -25
30 -6 -8
30 -6 -15
30 -6 -17
30 -6 -20
30 -7 -4
30 -7 -6
30 -8 -2
30 -8 -10
30 -9 -11
30 -9 -14
30 -9 -20
30 -10 -23
30 -11 -17
30 -12 -10
30 -12 -18
30 -13 -3
30 -13 -7
30 -15 -1
30 -16 -7
30 -16 -14
30 -16 -16
30 -16 -24
30 -17 -6
30 -17 -19
30 -17 -25
30 -18 -19
30 -19 -23
30 -20 -20
30 -21 -1
30 -21 -3
30 -23 -4
30 -23 -13
30 -23 -19
30 -24 -5
30 -24 -8
30 -24 -17
30 -24 -21
30 -24 -23
30 -24 -24
30 -25 -12
30 -25 -14
31 0 -9
31 0 -13
31 -1 -15
31 -1 -18
31 -2 -1
31 -2 -3
31 -2 -11
31 -2 -12
31 -2 -13
31 -2 -21
31 -2 -24
31 -2 -25
31 -3 -5
31 -3 -13
31 -3 -20
31 -3 -25
31 -4 -1
31 -4 -14
31 -4 -16
31 -4 -19
31 -4 -22
31 -5 -8
31 -5 -16
31 -5 -25
31 -6 -8
31 -6 -15
31 -6 -17
31 -6 -20
31 -7 -4
31 -7 -6
31 -8 -2
31 -8 -10
31 -9 -11
31 -9 -14
31 -9 -20
31 -10 -23
31 -11 -17
31 -12 -10
31 -12 -18
31 -13 -3
31 -13 -7
31 -15 -1
31 -16 -7
31 -16 -14
31 -16 -16
31 -16 -24
31 -17 -6
31 -17 -19
31 -17 -25
31 -18 -19
31 -19 -23
31 -20 -20
31 -21 -1
31 -21 -3
31 -23 -4
31 -23 -13
31 -23 -19
31 -24 -5
31 -24 -8
31 -24 -17
31 -24 -21
31 -24 -23
31 -24 -24
31 -25 -12
31 -25 -14
32 0 -9
32 0 -13
32 -1 -15
32 -1 -18
32 -2 -1
32 -2 -3
32 -2 -11
32 -2 -12
32 -2 -13
32 -2 -21
32 -2 -24
32 -2 -25
32 -3 -5
32 -3 -13
32 -3 -20
32 -3 -25
32 -4 -1
32 -4 -14
32 -4 -16
32 -4 -19
32 -4 -22
32 -5 -8
32 -5 -16
32 -5 -25
32 -6 -8
32 -6 -15
32 -6 -17
32 -6 -20
32 -7 -4
32 -7 -6
32 -8 -2
32 -8 -10
32 -9 -11
32 -9 -14
32 -9 -20
32 -10 -23
32 -11 -17
32 -12 -10
32 -12 -18
32 -13 -3
32 -13 -7
32 -15 -1
32 -16 -7
32 -16 -14
32 -16 -16
32 -16 -24
32 -17 -6
32 -17 -19
32 -17 -25
32 -18 -19
32 -19 -23
32 -20 -20
32 -21 -1
32 -21 -3
32 -23 -4
32 -23 -13
32 -23 -19
32 -24 -5
32 -24 -8
32 -24 -17
32 -24 -21
32 -24 -23
32 -24 -24
32 -25 -12
32 -25 -14
33 0 -9
33 0 -13
33 -1 -15
33 -1 -18
33 -2 -1
33 -2 -3
33 -2 -11
33 -2 -12
33 -2 -13
33 -2 -21
33 -2 -24
33 -2 -25
33 -3 -5
33 -3 -13
33 -3 -20
33 -3 -25
33 -4 -1
33 -4 -14
33 -4 -16
33 -4 -19
33 -4 -22
33 -5 -8
33 -5 -16
33 -5 -25
33 -6 -8
33 -6 -15
33 -6 -17
33 -6 -20
33 -7 -4
33 -7 -6
33 -8 -2
33 -8 -10
33 -9 -11
33 -9 -14
33 -9 -20
33 -10 -23
33 -11 -17
33 -12 -10
33 -12 -18
33 -13 -3
33 -13 -7
33 -15 -1
33 -16 -7
33 -16 -14
33 -16 -16
33 -16 -24
33 -17 -6
33 -17 -19
33 -17 -25
33 -18 -19
33 -19 -23
33 -20 -20
33 -21 -1
33 -21 -3
33 -23 -4
33 -23 -13
33 -23 -19
33 -24 -5
33 -24 -8
33 -24 -17
33 -24 -21
33 -24 -23
33 -24 -24
33 -25 -12
33 -25 -14
34 0 -9
34 0 -13
34 -1 -15
34 -1 -18
34 -2 -1
34 -2 -3
34 -2 -11
34 -2 -12
34 -2 -13
34 -2 -21
34 -2 -24
34 -2 -25
34 -3 -5
34 -3 -13
34 -3 -20
34 -3 -25
34 -4 -1
34 -4 -14
34 -4 -16
34 -4 -19
34 -4 -22
34 -5 -8
34 -5 -16
34 -5 -25
34 -6 -8
34 -6 -15
34 -6 -17
34 -6 -20
34 -7 -4
34 -7 -6
34 -8 -2
34 -8 -10
34 -9 -11
34 -9 -14
34 -9 -20
34 -10 -23
34 -11 -17
34 -12 -10
34 -12 -18
34 -13 -3
34 -13 -7
34 -15 -1
34 -16 -7
34 -16 -14
34 -16 -16
34 -16 -24
34 -17 -6
34 -17 -19
34 -17 -25
34 -18 -19
34 -19 -23
34 -20 -20
34 -21 -1
34 -21 -3
34 -23 -4
34 -23 -13
34 -23 -19
34 -24 -5
34 -24 -8
34 -24 -17
34 -24 -21
34 -24 -23
34 -24 -24
34 -25 -12
34 -25 -14
35 0 -9
35 0 -13
35 -1 -15
35 -1 -18
35 -2 -1
35 -2 -3
35 -2 -11
35 -2 -12
35 -2 -13
35 -2 -21
35 -2 -24
35 -2 -25
35 -3 -5
35 -3 -13
35 -3 -20
35 -3 -25
35 -4 -1
35 -4 -14
35 -4 -16
35 -4 -19
35 -4 -22
35 -5 -8
35 -5 -16
35 -5 -25
35 -6 -8
35 -6 -15
35 -6 -17
35 -6 -20
35 -7 -4
35 -7 -6
35 -8 -2
35 -8 -10
35 -9 -11
35 -9 -14
35 -9 -20
35 -10 -23
35 -11 -17
35 -12 -10
35 -12 -18
35 -13 -3
35 -13 -7
35 -15 -1
35 -16 -7
35 -16 -14
35 -16 -16
35 -16 -24
35 -17 -6
35 -17 -19
35 -17 -25
35 -18 -19
35 -19 -23
35 -20 -20
35 -21 -1
35 -21 -3
35 -23 -4
35 -23 -13
35 -23 -19
35 -24 -5
35 -24 -8
35 -24 -17
35 -24 -21
35 -24 -23
35 -24 -24
35 -25 -12
35 -25 -14
36 0 -9
36 0 -13
36 -1 -15
36 -1 -18
36 -2 -1
36 -2 -3
36 -2 -11
36 -2 -12
36 -2 -13
36 -2 -21
36 -2 -24
36 -2 -25
36 -3 -5
36 -3 -13
36 -3 -20
36 -3 -25
36 -4 -1
36 -4 -14
36 -4 -16
36 -4 -19
36 -4 -22
36 -5 -8
36 -5 -16
36 -5 -25
36 -6 -8
36 -6 -15
36 -6 -17
36 -6 -20
36 -7 -4
36 -7 -6
36 -8 -2
36 -8 -10
36 -9 -11
36 -9 -14
36 -9 -20
36 -10 -23
36 -11 -17
36 -12 -10
36 -12 -18
36 -13 -3
36 -13 -7
36 -15 -1
36 -16 -7
36 -16 -14
36 -16 -16
36 -16 -24
36 -17 -6
36 -17 -19
36 -17 -25
36 -18 -19
36 -19 -23
36 -20 -20
36 -21 -1
36 -21 -3
36 -23 -4
36 -23 -13
36 -23 -19
36 -24 -5
36 -24 -8
36 -24 -17
36 -24 -21
36 -24 -23
36 -24 -24
36 -25 -12
36 -25 -14
37 0 -9
37 0 -13
37 -1 -15
37 -1 -18
37 -2 -1
37 -2 -3
37 -2 -11
37 -2 -12
37 -2 -13
37 -2 -21
37 -2 -24
37 -2 -25
37 -3 -5
37 -3 -13
37 -3 -20
37 -3 -25
37 -4 -1
37 -4 -14
37 -4 -16
37 -4 -19
37 -4 -22
37 -5 -8
37 -5 -16
37 -5 -25
37 -6 -8
37 -6 -15
37 -6 -17
37 -6 -20
37 -7 -4
37 -7 -6
37 -8 -2
37 -8 -10
37 -9 -11
37 -9 -14
37 -9 -20
37 -10 -23
37 -11 -17
37 -12 -10
37 -12 -18
37 -13 -3
37 -13 -7
37 -15 -1
37 -16 -7
37 -16 -14
37 -16 -16
37 -16 -24
37 -17 -6
37 -17 -19
37 -17 -25
37 -18 -19
37 -19 -23
37 -20 -20
37 -21 -1
37 -21 -3
37 -23 -4
37 -23 -13
37 -23 -19
37 -24 -5
37 -24 -8
37 -24 -17
37 -24 -21
37 -24 -23
37 -24 -24
37 -25 -12
37 -25 -14
38 0 -9
38 0 -13
38 -1 -15
38 -1 -18
38 -2 -1
38 -2 -3
38 -2 -11
38 -2 -12
38 -2 -13
38 -2 -21
38 -2 -24
38 -2 -25
38 -3 -5
38 -3 -13
38 -3 -20
38 -3 -25
38 -4 -1
38 -4 -14
38 -4 -16
38 -4 -19
38 -4 -22
38 -5 -8
38 -5 -16
38 -5 -25
38 -6 -8
38 -6 -15
38 -6 -17
38 -6 -20
38 -7 -4
38 -7 -6
38 -8 -2
38 -8 -10
38 -9 -11
38 -9 -14
38 -9 -20
38 -10 -23
38 -11 -17
38 -12 -10
38 -12 -18
38 -13 -3
38 -13 -7
38 -15 -1
38 -16 -7
38 -16 -14
38 -16 -16
38 -16 -24
38 -17 -6
38 -17 -19
38 -17 -25
38 -18 -19
38 -19 -23
38 -20 -20
38 -21 -1
38 -21 -3
38 -23 -4
38 -23 -13
38 -23 -19
38 -24 -5
38 -24 -8
38 -24 -17
38 -24 -21
38 -24 -23
38 -24 -24
38 -25 -12
38 -25 -14
39 0 -9
39 0 -13
39 -1 -15
39 -1 -18
39 -2 -1
39 -2 -3
39 -2 -11
39 -2 -12
39 -2 -13
39 -2 -21
39 -2 -24
39 -2 -25
39 -3 -5
39 -3 -13
39 -3 -20
39 -3 -25
39 -4 -1
39 -4 -14
39 -4 -16
39 -4 -19
39 -4 -22
39 -5 -8
39 -5 -16
39 -5 -25
39 -6 -8
39 -6 -15
39 -6 -17
39 -6 -20
39 -7 -4
39 -7 -6
39 -8 -2
39 -8 -10
39 -9 -11
39 -9 -14
39 -9 -20
39 -10 -23
39 -11 -17
39 -12 -10
39 -12 -18
39 -13 -3
39 -13 -7
39 -15 -1
39 -16 -7
39 -16 -14
39 -16 -16
39 -16 -24
39 -17 -6
39 -17 -19
39 -17 -25
39 -18 -19
39 -19 -23
39 -20 -20
39 -21 -1
39 -21 -3
39 -23 -4
39 -23 -13
39 -23 -19
39 -24 -5
39 -24 -8
39 -24 -17
39 -24 -21
39 -24 -23
39 -24 -24
39 -25 -12
39 -25 -14
40 0 -9
40 0 -13
40 -1 -15
40 -1 -18
40 -2 -1
40 -2 -3
40 -2 -11
40 -2 -12
40 -2 -13
40 -2 -21
40 -2 -24
40 -2 -25
40 -3 -5
40 -3 -13
40 -3 -20
40 -3 -25
40 -4 -1
40 -4 -14
40 -4 -16
40 -4 -19
40 -4 -22
40 -5 -8
40 -5 -16
40 -5 -25
40 -6 -8
40 -6 -15
40 -6 -17
40 -6 -20
40 -7 -4
40 -7 -6
40 -8 -2
40 -8 -10
40 -9 -11
40 -9 -14
40 -9 -20
40 -10 -23
40 -11 -17
40 -12 -10
40 -12 -18
40 -13 -3
40 -13 -7
40 -15 -1
40 -16 -7
40 -16 -14
40 -16 -16
40 -16 -24
40 -17 -6
40 -17 -19
40 -17 -25
40 -18 -19
40 -19 -23
40 -20 -20
40 -21 -1
40 -21 -3
40 -23 -4
40 -23 -13
40 -23 -19
40 -24 -5
40 -24 -8
40 -24 -17
40 -24 -21
40 -24 -23
40 -24 -24
40 -25 -12
40 -25 -14
41 0 -9
41 0 -13
41 -1 -15
41 -1 -18
41 -2 -1
41 -2 -3
41 -2 -11
41 -2 -12
41 -2 -13
41 -2 -21
41 -2 -24
41 -2 -25
41 -3 -5
41 -3 -13
41 -3 -20
41 -3 -25
41 -4 -1
41 -4 -14
41 -4 -16
41 -4 -19
41 -4 -22
41 -5 -8
41 -5 -16
41 -5 -25
41 -6 -8
41 -6 -15
41 -6 -17
41 -6 -20
41 -7 -4
41 -7 -6
41 -8 -2
41 -8 -10
41 -9 -11
41 -9 -14
41 -9 -20
41 -10 -23
41 -11 -17
41 -12 -10
41 -12 -18
41 -13 -3
41 -13 -7
41 -15 -1
41 -16 -7
41 -16 -14
41 -16 -16
41 -16 -24
41 -17 -6
41 -17 -19
41 -17 -25
41 -18 -19
41 -19 -23
41 -20 -20
41 -21 -1
41 -21 -3
41 -23 -4
41 -23 -13
41 -23 -19
41 -24 -5
41 -24 -8
41 -24 -17
41 -24 -21
41 -24 -23
41 -24 -24
41 -25 -12
41 -25 -14
42 0 -9
42 0 -13
42 -1 -15
42 -1 -18
42 -2 -1
42 -2 -3
42 -2 -11
42 -2 -12
42 -2 -13
42 -2 -21
42 -2 -24
42 -2 -25
42 -3 -5
42 -3 -13
42 -3 -20
42 -3 -25
42 -4 -1
42 -4 -14
42 -4 -16
42 -4 -19
42 -4 -22
42 -5 -8
42 -5 -16
42 -5 -25
42 -6 -8
42 -6 -15
42 -6 -17
42 -6 -20
42 -7 -4
42 -7 -6
42 -8 -2
42 -8 -10
42 -9 -11
42 -9 -14
42 -9 -20
42 -10 -23
42 -11 -17
42 -12 -10
42 -12 -18
42 -13 -3
42 -13 -7
42 -15 -1
42 -16 -7
42 -16 -14
42 -16 -16
42 -16 -24
42 -17 -6
42 -17 -19
42 -17 -25
42 -18 -19
42 -19 -23
42 -20 -20
42 -21 -1
42 -21 -3
42 -23 -4
42 -23 -13
42 -23 -19
42 -24 -5
42 -24 -8
42 -24 -17
42 -24 -21
42 -24 -23
42 -24 -24
42 -25 -12
42 -25 -14
43 0 -9
43 0 -13
43 -1 -15
43 -1 -18
43 -2 -1
43 -2 -3
43 -2 -11
43 -2 -12
43 -2 -13
43 -2 -21
43 -2 -24
43 -2 -25
43 -3 -5
43 -3 -13
43 -3 -20
43 -3 -25
43 -4 -1
43 -4 -14
43 -4 -16
43 -4 -19
43 -4 -22
43 -5 -8
43 -5 -16
43 -5 -25
43 -6 -8
43 -6 -15
43 -6 -17
43 -6 -20
43 -7 -4
43 -7 -6
43 -8 -2
43 -8 -10
43 -9 -11
43 -9 -14
43 -9 -20
43 -10 -23
43 -11 -17
43 -12 -10
43 -12 -18
43 -13 -3
43 -13 -7
43 -15 -1
43 -16 -7
43 -16 -14
43 -16 -16
43 -16 -24
43 -17 -6
43 -17 -19
43 -17 -25
43 -18 -19
43 -19 -23
43 -20 -20
43 -21 -1
43 -21 -3
43 -23 -4
43 -23 -13
43 -23 -19
43 -24 -5
43 -24 -8
43 -24 -17
43 -24 -21
43 -24 -23
43 -24 -24
43 -25 -12
43 -25 -14
44 0 -9
44 0 -13
44 -1 -15
44 -1 -18
44 -2 -1
44 -2 -3
44 -2 -11
44 -2 -12
44 -2 -13
44 -2 -21
44 -2 -24
44 -2 -25
44 -3 -5
44 -3 -13
44 -3 -20
44 -3 -25
44 -4 -1
44 -4 -14
44 -4 -16
44 -4 -19
44 -4 -22
44 -5 -8
44 -5 -16
44 -5 -25
44 -6 -8
44 -6 -15
44 -6 -17
44 -6 -20
44 -7 -4
44 -7 -6
44 -8 -2
44 -8 -10
44 -9 -11
44 -9 -14
44 -9 -20
44 -10 -23
44 -11 -17
44 -12 -10
44 -12 -18
44 -13 -3
44 -13 -7
44 -15 -1
44 -16 -7
44 -16 -14
44 -16 -16
44 -16 -24
44 -17 -6
44 -17 -19
44 -17 -25
44 -18 -19
44 -19 -23
44 -20 -20
44 -21 -1
44 -21 -3
44 -23 -4
44 -23 -13
44 -23 -19
44 -24 -5
44 -24 -8
44 -24 -17
44 -24 -21
44 -24 -23
44 -24 -24
44 -25 -12
44 -25 -14
45 0 -9
45 0 -13
45 -1 -15
45 -1 -18
45 -2 -1
45 -2 -3
45 -2 -11
45 -2 -12
45 -2 -13
45 -2 -21
45 -2 -24
45 -2 -25
45 -3 -5
45 -3 -13
45 -3 -20
45 -3 -25
45 -4 -1
45 -4 -14
45 -4 -16
45 -4 -19
45 -4 -22
45 -5 -8
45 -5 -16
45 -5 -25
45 -6 -8
45 -6 -15
45 -6 -17
45 -6 -20
45 -7 -4
45 -7 -6
45 -8 -2
45 -8 -10
45 -9 -11
45 -9 -14
45 -9 -20
45 -10 -23
45 -11 -17
45 -12 -10
45 -12 -18
45 -13 -3
45 -13 -7
45 -15 -1
45 -16 -7
45 -16 -14
45 -16 -16
45 -16 -24
45 -17 -6
45 -17 -19
45 -17 -25
45 -18 -19
45 -19 -23
45 -20 -20
45 -21 -1
45 -21 -3
45 -23 -4
45 -23 -13
45 -23 -19
45 -24 -5
45 -24 -8
45 -24 -17
45 -24 -21
45 -24 -23
45 -24 -24
45 -25 -12
45 -25 -14
46 0 -9
46 0 -13
46 -1 -15
46 -1 -18
46 -2 -1
46 -2 -3
46 -2 -11
46 -2 -12
46 -2 -13
46 -2 -21
46 -2 -24
46 -2 -25
46 -3 -5
46 -3 -13
46 -3 -20
46 -3 -25
46 -4 -1
46 -4 -14
46 -4 -16
46 -4 -19
46 -4 -22
46 -5 -8
46 -5 -16
46 -5 -25
46 -6 -8
46 -6 -15
46 -6 -17
46 -6 -20
46 -7 -4
46 -7 -6
46 -8 -2
46 -8 -10
46 -9 -11
46 -9 -14
46 -9 -20
46 -10 -23
46 -11 -17
46 -12 -10
46 -12 -18
46 -13 -3
46 -13 -7
46 -15 -1
46 -16 -7
46 -16 -14
46 -16 -16
46 -16 -24
46 -17 -6
46 -17 -19
46 -17 -25
46 -18 -19
46 -19 -23
46 -20 -20
46 -21 -1
46 -21 -3
46 -23 -4
46 -23 -13
46 -23 -19
46 -24 -5
46 -24 -8
46 -24 -17
46 -24 -21
46 -24 -23
46 -24 -24
46 -25 -12
46 -25 -14
47 0 -9
47 0 -13
47 -1 -15
47 -1 -18
47 -2 -1
47 -2 -3
47 -2 -11
47 -2 -12
47 -2 -13
47 -2 -21
47 -2 -24
47 -2 -25
47 -3 -5
47 -3 -13
47 -3 -20
47 -3 -25
47 -4 -1
47 -4 -14
47 -4 -16
47 -4 -19
47 -4 -22
47 -5 -8
47 -5 -16
47 -5 -25
47 -6 -8
47 -6 -15
47 -6 -17
47 -6 -20
47 -7 -4
47 -7 -6
47 -8 -2
47 -8 -10
47 -9 -11
47 -9 -14
47 -9 -20
47 -10 -23
47 -11 -17
47 -12 -10
47 -12 -18
47 -13 -3
47 -13 -7
47 -15 -1
47 -16 -7
47 -16 -14
47 -16 -16
47 -16 -24
47 -17 -6
47 -17 -19
47 -17 -25
47 -18 -19
47 -19 -23
47 -20 -20
47 -21 -1
47 -21 -3
47 -23 -4
47 -23 -13
47 -23 -19
47 -24 -5
47 -24 -8
47 -24 -17
47 -24 -21
47 -24 -23
47 -24 -24
47 -25 -12
47 -25 -14
48 0 -9
48 0 -13
48 -1 -15
48 -1 -18
48 -2 -1
48 -2 -3
48 -2 -11
48 -2 -12
48 -2 -13
48 -2 -21
48 -2 -24
48 -2 -25
48 -3 -5
48 -3 -13
48 -3 -20
48 -3 -25
48 -4 -1
48 -4 -14
48 -4 -16
48 -4 -19
48 -4 -22
48 -5 -8
48 -5 -16
48 -5 -25
48 -6 -8
48 -6 -15
48 -6 -17
48 -6 -20
48 -7 -4
48 -7 -6
48 -8 -2
48 -8 -10
48 -9 -11
48 -9 -14
48 -9 -20
48 -10 -23
48 -11 -17
48 -12 -10
48 -12 -18
48 -13 -3
48 -13 -7
48 -15 -1
48 -16 -7
48 -16 -14
48 -16 -16
48 -16 -24
48 -17 -6
48 -17 -19
48 -17 -25
48 -18 -19
48 -19 -23
48 -20 -20
48 -21 -1
48 -21 -3
48 -23 -4
48 -23 -13
48 -23 -19
48 -24 -5
48 -24 -8
48 -24 -17
48 -24 -21
48 -24 -23
48 -24 -24
48 -25 -12
48 -25 -14
49 0 -9
49 0 -13
49 -1 -15
49 -1 -18
49 -2 -1
49 -2 -3
49 -2 -11
49 -2 -12
49 -2 -13
49 -2 -21
49 -2 -24
49 -2 -25
49 -3 -5
49 -3 -13
49 -3 -20
49 -3 -25
49 -4 -1
49 -4 -14
49 -4 -16
49 -4 -19
49 -4 -22
49 -5 -8
49 -5 -16
49 -5 -25
49 -6 -8
49 -6 -15
49 -6 -17
49 -6 -20
49 -7 -4
49 -7 -6
49 -8 -2
49 -8 -10
49 -9 -11
49 -9 -14
49 -9 -20
49 -10 -23
49 -11 -17
49 -12 -10
49 -12 -18
49 -13 -3
49 -13 -7
49 -15 -1
49 -16 -7
49 -16 -14
49 -16 -16
49 -16 -24
49 -17 -6
49 -17 -19
49 -17 -25
49 -18 -19
49 -19 -23
49 -20 -20
49 -21 -1
49 -21 -3
49 -23 -4
49 -23 -13
49 -23 -19
49 -24 -5
49 -24 -8
49 -24 -17
49 -24 -21
49 -24 -23
49 -24 -24
49 -25 -12
49 -25 -14
50 0 -9
50 0 -13
50 -1 -15
50 -1 -18
50 -2 -1
50 -2 -3
50 -2 -11
50 -2 -12
50 -2 -13
50 -2 -21
50 -2 -24
50 -2 -25
50 -3 -5
50 -3 -13
50 -3 -20
50 -3 -25
50 -4 -1
50 -4 -14
50 -4 -16
50 -4 -19
50 -4 -22
50 -5 -8
50 -5 -16
50 -5 -25
50 -6 -8
50 -6 -15
50 -6 -17
50 -6 -20
50 -7 -4
50 -7 -6
50 -8 -2
50 -8 -10
50 -9 -11
50 -9 -14
50 -9 -20
50 -10 -23
50 -11 -17
50 -12 -10
50 -12 -18
50 -13 -3
50 -13 -7
50 -15 -1
50 -16 -7
50 -16 -14
50 -16 -16
50 -16 -24
50 -17 -6
50 -17 -19
50 -17 -25
50 -18 -19
50 -19 -23
50 -20 -20
50 -21 -1
50 -21 -3
50 -23 -4
50 -23 -13
50 -23 -19
50 -24 -5
50 -24 -8
50 -24 -17
50 -24 -21
50 -24 -23
50 -24 -24
50 -25 -12
50 -25 -14
51 0 -9
51 0 -13
51 -1 -15
51 -1 -18
51 -2 -1
51 -2 -3
51 -2 -11
51 -2 -12
51 -2 -13
51 -2 -21
51 -2 -24
51 -2 -25
51 -3 -5
51 -3 -13
51 -3 -20
51 -3 -25
51 -4 -1
51 -4 -14
51 -4 -16
51 -4 -19
51 -4 -22
51 -5 -8
51 -5 -16
51 -5 -25
51 -6 -8
51 -6 -15
51 -6 -17
51 -6 -20
51 -7 -4
51 -7 -6
51 -8 -2
51 -8 -10
51 -9 -11
51 -9 -14
51 -9 -20
51 -10 -23
51 -11 -17
51 -12 -10
51 -12 -18
51 -13 -3
51 -13 -7
51 -15 -1
51 -16 -7
51 -16 -14
51 -16 -16
51 -16 -24
51 -17 -6
51 -17 -19
51 -17 -25
51 -18 -19
51 -19 -23
51 -20 -20
51 -21 -1
51 -21 -3
51 -23 -4
51 -23 -13
51 -23 -19
51 -24 -5
51 -24 -8
51 -24 -17
51 -24 -21
51 -24 -23
51 -24 -24
51 -25 -12
51 -25 -14
52 0 -9
52 0 -13
52 -1 -15
52 -1 -18
52 -2 -1
52 -2 -3
52 -2 -11
52 -2 -12
52 -2 -13
52 -2 -21
52 -2 -24
52 -2 -25
52 -3 -5
52 -3 -13
52 -3 -20
52 -3 -25
52 -4 -1
52 -4 -14
52 -4 -16
52 -4 -19
52 -4 -22
52 -5 -8
52 -5 -16
52 -5 -25
52 -6 -8
52 -6 -15
52 -6 -17
52 -6 -20
52 -7 -4
52 -7 -6
52 -8 -2
52 -8 -10
52 -9 -11
52 -9 -14
52 -9 -20
52 -10 -23
52 -11 -17
52 -12 -10
52 -12 -18
52 -13 -3
52 -13 -7
52 -15 -1
52 -16 -7
52 -16 -14
52 -16 -16
52 -16 -24
52 -17 -6
52 -17 -19
52 -17 -25
52 -18 -19
52 -19 -23
52 -20 -20
52 -21 -1
52 -21 -3
52 -23 -4
52 -23 -13
52 -23 -19
52 -24 -5
52 -24 -8
52 -24 -17
52 -24 -21
52 -24 -23
52 -24 -24
52 -25 -12
52 -25 -14
53 0 -9
53 0 -13
53 -1 -15
53 -1 -18
53 -2 -1
53 -2 -3
53 -2 -11
53 -2 -12
53 -2 -13
53 -2 -21
53 -2 -24
53 -2 -25
53 -3 -5
53 -3 -13
53 -3 -20
53 -3 -25
53 -4 -1
53 -4 -14
53 -4 -16
53 -4 -19
53 -4 -22
53 -5 -8
53 -5 -16
53 -5 -25
53 -6 -8
53 -6 -15
53 -6 -17
53 -6 -20
53 -7 -4
53 -7 -6
53 -8 -2
53 -8 -10
53 -9 -11
53 -9 -14
53 -9 -20
53 -10 -23
53 -11 -17
53 -12 -10
53 -12 -18
53 -13 -3
53 -13 -7
53 -15 -1
53 -16 -7
53 -16 -14
53 -16 -16
53 -16 -24
53 -17 -6
53 -17 -19
53 -17 -25
53 -18 -19
53 -19 -23
53 -20 -20
53 -21 -1
53 -21 -3
53 -23 -4
53 -23 -13
53 -23 -19
53 -24 -5
53 -24 -8
53 -24 -17
53 -24 -21
53 -24 -23
53 -24 -24
53 -25 -12
53 -25 -14
54 0 -9
54 0 -13
54 -1 -15
54 -1 -18
54 -2 -1
54 -2 -3
54 -2 -11
54 -2 -12
54 -2 -13
54 -2 -21
54 -2 -24
54 -2 -25
54 -3 -5
54 -3 -13
54 -3 -20
54 -3 -25
54 -4 -1
54 -4 -14
54 -4 -16
54 -4 -19
54 -4 -22
54 -5 -8
54 -5 -16
54 -5 -25
54 -6 -8
54 -6 -15
54 -6 -17
54 -6 -20
54 -7 -4
54 -7 -6
54 -8 -2
54 -8 -10
54 -9 -11
54 -9 -14
54 -9 -20
54 -10 -23
54 -11 -17
54 -12 -10
54 -12 -18
54 -13 -3
54 -13 -7
54 -15 -1
54 -16 -7
54 -16 -14
54 -16 -16
54 -16 -24
54 -17 -6
54 -17 -19
54 -17 -25
54 -18 -19
54 -19 -23
54 -20 -20
54 -21 -1
54 -21 -3
54 -23 -4
54 -23 -13
54 -23 -19
54 -24 -5
54 -24 -8
54 -24 -17
54 -24 -21
54 -24 -23
54 -24 -24
54 -25 -12
54 -25 -14
55 0 -9
55 0 -13
55 -1 -15
55 -1 -18
55 -2 -1
55 -2 -3
55 -2 -11
55 -2 -12
55 -2 -13
55 -2 -21
55 -2 -24
55 -2 -25
55 -3 -5
55 -3 -13
55 -3 -20
55 -3 -25
55 -4 -1
55 -4 -14
55 -4 -16
55 -4 -19
55 -4 -22
55 -5 -8
55 -5 -16
55 -5 -25
55 -6 -8
55 -6 -15
55 -6 -17
55 -6 -20
55 -7 -4
55 -7 -6
55 -8 -2
55 -8 -10
55 -9 -11
55 -9 -14
55 -9 -20
55 -10 -23
55 -11 -17
55 -12 -10
55 -12 -18
55 -13 -3
55 -13 -7
55 -15 -1
55 -16 -7
55 -16 -14
55 -16 -16
55 -16 -24
55 -17 -6
55 -17 -19
55 -17 -25
55 -18 -19
55 -19 -23
55 -20 -20
55 -21 -1
55 -21 -3
55 -23 -4
55 -23 -13
55 -23 -19
55 -24 -5
55 -24 -8
55 -24 -17
55 -24 -21
55 -24 -23
55 -24 -24
55 -25 -12
55 -25 -14
56 0 -9
56 0 -13
56 -1 -15
56 -1 -18
56 -2 -1
56 -2 -3
56 -2 -11
56 -2 -12
56 -2 -13
56 -2 -21
56 -2 -24
56 -2 -25
56 -3 -5
56 -3 -13
56 -3 -20
56 -3 -25
56 -4 -1
56 -4 -14
56 -4 -16
56 -4 -19
56 -4 -22
56 -5 -8
56 -5 -16
56 -5 -25
56 -6 -8
56 -6 -15
56 -6 -17
56 -6 -20
56 -7 -4
56 -7 -6
56 -8 -2
56 -8 -10
56 -9 -11
56 -9 -14
56 -9 -20
56 -10 -23
56 -11 -17
56 -12 -10
56 -12 -18
56 -13 -3
56 -13 -7
56 -15 -1
56 -16 -7
56 -16 -14
56 -16 -16
56 -16 -24
56 -17 -6
56 -17 -19
56 -17 -25
56 -18 -19
56 -19 -23
56 -20 -20
56 -21 -1
56 -21 -3
56 -23 -4
56 -23 -13
56 -23 -19
56 -24 -5
56 -24 -8
56 -24 -17
56 -24 -21
56 -24 -23
56 -24 -24
56 -25 -12
56 -25 -14
57 0 -9
57 0 -13
57 -1 -15
57 -1 -18
57 -2 -1
57 -2 -3
57 -2 -11
57 -2 -12
57 -2 -13
57 -2 -21
57 -2 -24
57 -2 -25
57 -3 -5
57 -3 -13
57 -3 -20
57 -3 -25
57 -4 -1
57 -4 -14
57 -4 -16
57 -4 -19
57 -4 -22
57 -5 -8
57 -5 -16
57 -5 -25
57 -6 -8
57 -6 -15
57 -6 -17
57 -6 -20
57 -7 -4
57 -7 -6
57 -8 -2
57 -8 -10
57 -9 -11
57 -9 -14
57 -9 -20
57 -10 -23
57 -11 -17
57 -12 -10
57 -12 -18
57 -13 -3
57 -13 -7
57 -15 -1
57 -16 -7
57 -16 -14
57 -16 -16
57 -16 -24
57 -17 -6
57 -17 -19
57 -17 -25
57 -18 -19
57 -19 -23
57 -20 -20
57 -21 -1
57 -21 -3
57 -23 -4
57 -23 -13
57 -23 -19
57 -24 -5
57 -24 -8
57 -24 -17
57 -24 -21
57 -24 -23
57 -24 -24
57 -25 -12
57 -25 -14
58 0 -9
58 0 -13
58 -1 -15
58 -1 -18
58 -2 -1
58 -2 -3
58 -2 -11
58 -2 -12
58 -2 -13
58 -2 -21
58 -2 -24
58 -2 -25
58 -3 -5
58 -3 -13
58 -3 -20
58 -3 -25
58 -4 -1
58 -4 -14
58 -4 -16
58 -4 -19
58 -4 -22
58 -5 -8
58 -5 -16
58 -5 -25
58 -6 -8
58 -6 -15
58 -6 -17
58 -6 -20
58 -7 -4
58 -7 -6
58 -8 -2
58 -8 -10
58 -9 -11
58 -9 -14
58 -9 -20
58 -10 -23
58 -11 -17
58 -12 -10
58 -12 -18
58 -13 -3
58 -13 -7
58 -15 -1
58 -16 -7
58 -16 -14
58 -16 -16
58 -16 -24
58 -17 -6
58 -17 -19
58 -17 -25
58 -18 -19
58 -19 -23
58 -20 -20
58 -21 -1
58 -21 -3
58 -23 -4
58 -23 -13
58 -23 -19
58 -24 -5
58 -24 -8
58 -24 -17
58 -24 -21
58 -24 -23
58 -24 -24
58 -25 -12
58 -25 -14
59 0 -9
59 0 -13
59 -1 -15
59 -1 -18
59 -2 -1
59 -2 -3
59 -2 -11
59 -2 -12
59 -2 -13
59 -2 -21
59 -2 -24
59 -2 -25
59 -3 -5
59 -3 -13
59 -3 -20
59 -3 -25
59 -4 -1
59 -4 -14
59 -4 -16
59 -4 -19
59 -4 -22
59 -5 -8
59 -5 -16
59 -5 -25
59 -6 -8
59 -6 -15
59 -6 -17
59 -6 -20
59 -7 -4
59 -7 -6
59 -8 -2
59 -8 -10
59 -9 -11
59 -9 -14
59 -9 -20
59 -10 -23
59 -11 -17
59 -12 -10
59 -12 -18
59 -13 -3
59 -13 -7
59 -15 -1
59 -16 -7
59 -16 -14
59 -16 -16
59 -16 -24
59 -17 -6
59 -17 -19
59 -17 -25
59 -18 -19
59 -19 -23
59 -20 -20
59 -21 -1
59 -21 -3
59 -23 -4
59 -23 -13
59 -23 -19
59 -24 -5
59 -24 -8
59 -24 -17
59 -24 -21
59 -24 -23
59 -24 -24
59 -25 -12
59 -25 -14
60 0 -9
60 0 -13
60 -1 -15
60 -1 -18
60 -2 -1
60 -2 -3
60 -2 -11
60 -2 -12
60 -2 -13
60 -2 -21
60 -2 -24
60 -2 -25
60 -3 -5
60 -3 -13
60 -3 -20
60 -3 -25
60 -4 -1
60 -4 -14
60 -4 -16
60 -4 -19
60 -4 -22
60 -5 -8
60 -5 -16
60 -5 -25
60 -6 -8
60 -6 -15
60 -6 -17
60 -6 -20
60 -7 -4
60 -7 -6
60 -8 -2
60 -8 -10
60 -9 -11
60 -9 -14
60 -9 -20
60 -10 -23
60 -11 -17
60 -12 -10
60 -12 -18
60 -13 -3
60 -13 -7
60 -15 -1
60 -16 -7
60 -16 -14
60 -16 -16
60 -16 -24
60 -17 -6
60 -17 -19
60 -17 -25
60 -18 -19
60 -19 -23
60 -20 -20
60 -21 -1
60 -21 -3
60 -23 -4
60 -23 -13
60 -23 -19
60 -24 -5
60 -24 -8
60 -24 -17
60 -24 -21
60 -24 -23
60 -24 -24
60 -25 -12
60 -25 -14
61 0 -9
61 0 -13
61 -1 -15
61 -1 -18
61 -2 -1
61 -2 -3
61 -2 -11
61 -2 -12
61 -2 -13
61 -2 -21
61 -2 -24
61 -2 -25
61 -3 -5
61 -3 -13
61 -3 -20
61 -3 -25
61 -4 -1
61 -4 -14
61 -4 -16
61 -4 -19
61 -4 -22
61 -5 -8
61 -5 -16
61 -5 -25
61 -6 -8
61 -6 -15
61 -6 -17
61 -6 -20
61 -7 -4
61 -7 -6
61 -8 -2
61 -8 -10
61 -9 -11
61 -9 -14
61 -9 -20
61 -10 -23
61 -11 -17
61 -12 -10
61 -12 -18
61 -13 -3
61 -13 -7
61 -15 -1
61 -16 -7
61 -16 -14
61 -16 -16
61 -16 -24
61 -17 -6
61 -17 -19
61 -17 -25
61 -18 -19
61 -19 -23
61 -20 -20
61 -21 -1
61 -21 -3
61 -23 -4
61 -23 -13
61 -23 -19
61 -24 -5
61 -24 -8
61 -24 -17
61 -24 -21
61 -24 -23
61 -24 -24
61 -25 -12
61 -25 -14
62 0 -9
62 0 -13
62 -1 -15
62 -1 -18
62 -2 -1
62 -2 -3
62 -2 -11
62 -2 -12
62 -2 -13
62 -2 -21
62 -2 -24
62 -2 -25
62 -3 -5
62 -3 -13
62 -3 -20
62 -3 -25
62 -4 -1
62 -4 -14
62 -4 -16
62 -4 -19
62 -4 -22
62 -5 -8
62 -5 -16
62 -5 -25
62 -6 -8
62 -6 -15
62 -6 -17
62 -6 -20
62 -7 -4
62 -7 -6
62 -8 -2
62 -8 -10
62 -9 -11
62 -9 -14
62 -9 -20
62 -10 -23
62 -11 -17
62 -12 -10
62 -12 -18
62 -13 -3
62 -13 -7
62 -15 -1
62 -16 -7
62 -16 -14
62 -16 -16
62 -16 -24
62 -17 -6
62 -17 -19
62 -17 -25
62 -18 -19
62 -19 -23
62 -20 -20
62 -21 -1
62 -21 -3
62 -23 -4
62 -23 -13
62 -23 -19
62 -24 -5
62 -24 -8
62 -24 -17
62 -24 -21
62 -24 -23
62 -24 -24
62 -25 -12
62 -25 -14
63 0 -9
63 0 -13
63 -1 -15
63 -1 -18
63 -2 -1
63 -2 -3
63 -2 -11
63 -2 -12
63 -2 -13
63 -2 -21
63 -2 -24
63 -2 -25
63 -3 -5
63 -3 -13
63 -3 -20
63 -3 -25
63 -4 -1
63 -4 -14
63 -4 -16
63 -4 -19
63 -4 -22
63 -5 -8
63 -5 -16
63 -5 -25
63 -6 -8
63 -6 -15
63 -6 -17
63 -6 -20
63 -7 -4
63 -7 -6
63 -8 -2
63 -8 -10
63 -9 -11
63 -9 -14
63 -9 -20
63 -10 -23
63 -11 -17
63 -12 -10
63 -12 -18
63 -13 -3
63 -13 -7
63 -15 -1
63 -16 -7
63 -16 -14
63 -16 -16
63 -16 -24
63 -17 -6
63 -17 -19
63 -17 -25
63 -18 -19
63 -19 -23
63 -20 -20
63 -21 -1
63 -21 -3
63 -23 -4
63 -23 -13
63 -23 -19
63 -24 -5
63 -24 -8
63 -24 -17
63 -24 -21
63 -24 -23
63 -24 -24
63 -25 -12
63 -25 -14
64 0 -9
64 0 -13
64 -1 -15
64 -1 -18
64 -2 -1
64 -2 -3
64 -2 -11
64 -2 -12
64 -2 -13
64 -2 -21
64 -2 -24
64 -2 -25
64 -3 -5
64 -3 -13
64 -3 -20
64 -3 -25
64 -4 -1
64 -4 -14
64 -4 -16
64 -4 -19
64 -4 -22
64 -5 -8
64 -5 -16
64 -5 -25
64 -6 -8
64 -6 -15
64 -6 -17
64 -6 -20
64 -7 -4
64 -7 -6
64 -8 -2
64 -8 -10
64 -9 -11
64 -9 -14
64 -9 -20
64 -10 -23
64 -11 -17
64 -12 -10
64 -12 -18
64 -13 -3
64 -13 -7
64 -15 -1
64 -16 -7
64 -16 -14
64 -16 -16
64 -16 -24
64 -17 -6
64 -17 -19
64 -17 -25
64 -18 -19
64 -19 -23
64 -20 -20
64 -21 -1
64 -21 -3
64 -23 -4
64 -23 -13
64 -23 -19
64 -24 -5
64 -24 -8
64 -24 -17
64 -24 -21
64 -24 -23
64 -24 -24
64 -25 -12
64 -25 -14
6 6 8
61 6 8
51 1 15
39 2 3
22 1 15
4 24 23
44 0 9
18 6 17
5 13 7
31 25 14
34 7 6
62 9 20
46 2 24
46 19 23
22 4 14
1 2 1
54 6 17
51 2 21
32 10 23
9 2 11
40 5 25
18 24 21
56 2 3
50 2 13
54 5 8
30 4 16
8 8 2
56 0 13
52 20 20
47 17 25
60 5 8
36 10 23
34 5 25
49 17 6
64 0 13
16 18 19
16 6 17
8 8 10
29 12 18
10 4 16
34 24 5
40 9 14
11 13 7
38 16 24
47 23 19
52 2 21
55 3 20
19 4 16
2 23 19
12 2 1
36 1 18
8 1 15
22 2 11
39 7 6
9 0 13
62 23 4
15 7 4
14 25 14
28 5 25
17 7 4
61 13 7
47 4 1
29 19 23
22 8 2
38 8 10
50 3 25
4 8 2
44 24 5
37 21 1
10 4 22
44 2 13
63 25 14
16 16 16
31 23 4
63 18 19
21 0 9
38 17 6
51 16 16
24 6 17
45 2 3
11 17 19
33 0 9
51 9 20
6 6 8
22 18 19
45 2 11
25 24 17
29 4 14
0 12 18
6 13 7
17 6 20
9 16 7
18 7 4
56 13 7
37 4 14
2 2 21
28 12 10
25 11 17
15 24 21
39 3 5
31 23 4
14 0 9
17 12 18
62 17 6
44 5 16
40 18 19
15 9 11
56 9 11
39 7 6
13 23 19
1 24 17
54 0 13
11 2 12
32 23 19
26 1 15
59 2 3
56 18 19
49 18 19
27 2 3
3 16 24
25 16 14
41 4 16
11 20 20
43 2 3
6 18 19
42 4 22
9 2 1
51 2 1
30 15 1
22 24 21
7 16 16
56 23 13
56 5 25
14 0 13
33 16 14
29 10 23
10 24 21
60 24 8
4 25 14
12 13 3
50 6 20
33 1 18
19 24 8
39 4 19
5 17 25
40 11 17
54 1 18
34 6 8
37 16 7
3 23 19
15 13 7
40 6 15
24 2 11
2 17 6
10 24 5
1 1 15
64 6 8
17 11 17
15 4 1
46 23 13
58 1 18
42 5 25
30 16 24
46 16 14
47 24 24
60 12 18
14 17 6
19 24 8
42 18 19
33 24 24
19 0 13
64 9 20
46 5 8
12 24 21
11 24 8
13 16 7
21 2 11
32 9 11
15 23 19
63 23 4
42 24 23
14 6 17
26 6 20
24 0 13
0 4 19
64 4 19
56 24 23
57 24 23
22 5 16
15 25 14
25 5 16
27 9 20
33 12 18
63 16 24
25 23 13
14 3 25
4 6 15
48 16 7
54 3 5
35 8 2
35 1 15
5 0 13
62 2 1
42 2 3
15 24 24
3 4 14
32 17 19
58 4 22
46 8 2
46 0 13
0 0 13
14 21 1
9 2 25
9 23 19
29 0 13
21 19 23
10 7 6
11 17 19
29 20 20
9 2 13
3 20 20
30 9 14
5 2 12
27 1 18
21 4 22
3 19 23
17 10 23
8 2 21
64 24 23
17 2 3
3 19 23
4 5 8
43 24 17
9 16 7
36 13 7
47 20 20
3 8 2
13 3 5
61 5 8
9 2 25
22 4 14
58 20 20
22 24 21
47 2 1
30 4 19
45 0 9
6 6 20
19 2 12
17 16 24
20 11 17
6 13 3
20 5 16
49 1 15
26 12 18
3 2 24
12 9 14
20 2 3
7 20 20
30 19 23
33 2 11
35 8 10
60 17 6
26 16 24
16 4 16
0 8 2
1 10 23
27 17 19
49 3 5
4 2 25
52 23 19
33 16 16
27 0 9
33 8 2
57 21 3
40 23 19
50 2 12
5 18 19
25 16 7
49 20 20
31 15 1
30 2 11
38 2 3
19 16 14
1 5 25
53 2 3
11 2 25
56 17 25
47 0 13
27 4 14
27 12 18
16 7 4
22 2 25
24 16 7
11 4 22
52 24 8
61 4 14
62 8 2
31 24 24
26 6 15
40 13 3
47 17 19
64 24 21
45 9 11
51 4 1
9 2 1
1 2 21
57 16 16
28 23 19
40 17 19
7 18 19
21 8 2
10 2 3
47 24 23
55 20 20
8 8 10
33 13 7
61 6 20
44 1 15
58 13 3
27 24 17
25 6 8
24 2 11
12 2 3
38 24 24
30 6 20
34 3 13
35 6 15
42 4 19
48 16 24
38 7 4
47 9 11
34 7 6
34 17 19
58 16 7
14 24 23
51 20 20
13 4 1
63 24 5
61 0 13
59 24 8
2 24 8
10 2 21
32 17 6
47 0 13
58 6 15
51 4 19
4 3 13
20 24 8
14 23 13
18 23 13
19 5 25
9 2 21
45 24 23
44 18 19
5 11 17
39 10 23
33 23 13
48 3 5
13 12 10
6 21 1
8 6 20
29 13 3
44 16 7
12 24 24
54 2 12
55 23 4
44 25 12
2 1 18
20 19 23
36 2 13
46 2 21
58 6 17
50 2 11
42 6 8
39 6 8
26 7 4
17 4 1
49 7 4
18 16 7
6 4 16
24 8 10
23 3 20
44 18 19
39 4 1
41 8 10
32 3 20
34 4 14
4 17 25
3 24 17
30 2 24
18 2 25
26 16 24
36 2 11
56 0 13
45 9 14
59 2 12
46 18 19
43 5 25
3 9 20
62 7 4
46 2 1
16 23 19
57 3 25
32 16 24
13 2 24
23 7 6
28 5 25
37 13 7
19 5 16
15 17 25
25 24 23
51 4 22
0 21 1
31 1 15
35 2 25
16 2 25
64 21 3
52 17 25
55 16 7
0 16 24
23 23 13
56 16 7
36 6 17
16 23 13
12 3 13
37 2 21
12 12 10
61 25 14
12 7 4
35 24 17
30 2 21
19 6 15
57 18 19
51 21 1
21 21 1
32 24 8
15 2 3
45 25 14
46 4 19
37 2 12
4 5 25
36 3 5
13 16 16
59 4 16
47 21 3
32 1 15
26 16 7
64 12 18
4 15 1
19 23 19
21 24 21
10 6 20
56 5 25
45 9 14
7 24 24
31 3 5
5 10 23
63 2 1
24 13 7
61 2 3
6 3 25
7 8 10
51 4 14
53 10 23
59 8 2
61 13 7
64 24 21
1 6 20
47 2 3
59 2 24
13 2 24
16 16 7
56 6 15
56 0 9
62 9 14
64 5 8
31 0 13
56 2 3
10 2 11
60 4 1
62 16 14
31 2 24
58 7 6
37 2 12
23 4 22
61 6 20
56 6 20
22 6 20
50 17 19
14 20 20
4 24 8
34 25 14
42 4 14
36 2 24
32 0 9
33 9 11
36 16 16
61 12 18
25 25 12
53 0 9
19 12 18
18 24 5
46 5 25
59 0 9
59 24 8
56 24 8
47 2 25
16 9 11
35 1 15
55 4 14
48 21 1
27 4 16
28 16 24
62 25 12
25 4 22
29 2 11
18 2 13
37 5 16
58 4 19
4 24 23
44 1 15
29 9 11
34 25 12
7 17 25
45 4 16
54 23 4
63 9 11
15 6 20
1 5 16
50 16 24
22 24 8
26 25 12
17 2 11
47 3 20
14 21 1
61 24 5
58 10 23
51 2 24
27 16 14
44 15 1
37 17 19
7 21 3
18 6 8
20 3 5
19 6 17
12 4 16
41 8 2
43 7 6
39 12 18
34 8 2
9 6 15
63 4 1
60 3 25
26 25 14
64 23 13
59 2 21
35 11 17
38 15 1
55 6 15
31 7 6
54 4 16
55 3 20
50 5 25
21 6 17
33 0 9
15 13 3
2 2 12
36 25 12
6 24 24
46 11 17
57 9 14
56 18 19
51 2 1
28 4 16
3 3 25
36 25 12
1 23 13
7 25 12
22 2 3
5 15 1
10 6 8
19 6 20
27 24 5
55 2 3
7 18 19
24 3 25
55 2 11
18 7 4
17 8 10
26 6 20
52 2 11
60 4 1
53 4 22
1 3 5
14 11 17
6 24 8
19 16 7
58 19 23
56 12 10
12 1 18
56 23 19
59 4 22
2 19 23
52 6 8
23 24 24
36 4 14
52 3 5
23 1 18
28 18 19
5 3 25
35 4 1
10 5 16
63 24 21
35 23 19
18 1 18
22 20 20
56 7 4
1 4 22
42 2 25
62 25 14
28 8 2
10 6 8
26 2 13
19 3 5
54 17 6
27 21 3
13 16 7
39 2 25
17 21 3
44 24 8
45 12 10
5 16 24
41 9 20
25 2 3
16 13 7
30 3 25
11 3 25
20 16 24
63 4 1
19 3 20
40 17 19
51 2 1
30 6 17
7 6 8
10 4 1
37 2 11
50 4 14
60 24 23
40 16 24
15 25 12
34 10 23
64 2 1
15 24 8
60 25 14
41 16 7
2 17 6
55 8 10
10 6 17
15 5 16
50 5 8
64 16 14
2 24 5
16 25 14
39 2 1
29 6 17
58 3 5
0 21 1
17 23 13
25 24 8
62 2 21
18 7 4
44 25 12
25 16 24
41 3 20
38 17 6
21 24 24
21 2 25
0 2 12
19 3 25
12 6 15
11 2 13
23 3 20
62 17 25
9 24 24
17 15 1
64 7 6
46 8 10
12 24 24
50 1 18
44 25 12
48 2 11
13 2 12
44 20 20
17 21 1
61 3 13
62 7 4
6 13 7
46 1 18
44 24 5
0 19 23
44 2 24
52 17 25
32 23 13
43 2 24
39 24 24
31 24 24
43 24 17
2 25 14
7 21 1
33 19 23
50 2 12
59 19 23
52 24 17
6 4 16
46 16 14
48 16 14
35 7 4
54 4 14
63 8 10
40 20 20
26 24 24
48 24 21
45 8 10
1 3 20
34 16 24
35 9 14
31 17 6
29 9 20
19 24 23
33 1 15
42 0 13
43 2 21
34 2 13
54 9 20
9 5 16
57 18 19
19 2 25
40 24 24
30 23 4
39 3 5
61 12 10
19 3 20
59 24 8
0 13 3
10 9 14
53 9 14
12 2 3
22 5 25
51 4 14
50 17 25
44 8 10
35 1 18
29 10 23
37 3 5
51 24 24
45 10 23
47 9 14
17 24 21
23 2 11
49 24 24
4 0 9
57 2 11
21 6 8
61 5 25
9 0 9
52 9 11
33 5 25
53 6 20
35 16 24
58 20 20
44 7 4
10 2 3
13 3 13
25 24 23
36 2 13
48 1 15
47 16 16
19 4 22
44 4 14
29 24 17
1 6 8
0 2 13
59 5 25
3 17 19
18 23 4
58 16 14
53 17 6
49 15 1
39 0 13
43 4 22
30 3 25
37 16 7
3 4 19
64 5 16
41 8 10
59 24 21
17 3 5
13 3 5
15 3 20
7 25 14
51 7 4
7 23 4
43 9 11
26 7 6
2 25 12
9 4 19
22 2 24
58 15 1
17 17 25
13 24 24
46 9 20
33 9 20
20 25 12
53 23 19
53 5 16
40 25 12
57 2 1
26 21 3
43 17 6
32 25 12
3 23 4
27 17 6
14 24 23
59 0 9
6 24 5
43 25 12
53 21 1
50 15 1
63 17 6
32 4 1
35 12 10
26 9 20
56 8 2
49 0 9
51 12 10
54 2 25
42 21 3
34 3 25
39 4 22
9 7 4
54 7 4
13 2 25
9 16 16
39 11 17
42 17 25
24 8 10
28 11 17
37 9 11
1 7 4
39 15 1
49 24 21
35 24 5
47 20 20
54 3 5
64 2 11
36 24 24
13 24 24
62 17 19
20 21 3
46 24 5
21 8 2
20 19 23
44 12 10
17 2 12
19 6 8
18 10 23
48 23 4
59 3 13
12 23 13
0 3 25
11 9 14
49 9 14
5 18 19
19 4 19
6 16 16
32 23 13
2 3 13
19 9 20
21 2 12
33 21 3
19 3 5
46 13 7
22 12 10
1 16 7
25 24 21
23 4 22
1 23 19
42 18 19
56 25 12
2 3 25
28 24 24
60 24 23
35 19 23
28 25 12
42 16 16
51 11 17
35 3 13
56 3 5
35 18 19
2 12 10
15 0 9
61 7 4
32 11 17
57 2 3
18 15 1
53 2 11
42 3 5
11 21 1
17 24 24
25 2 11
54 13 7
63 10 23
4 19 23
5 24 5
63 25 12
9 13 7
5 6 20
28 24 5
50 9 11
14 24 8
0 21 1
23 1 15
50 6 15
18 8 10
32 3 25
45 8 10
62 2 1
41 2 11
55 23 4
22 2 21
17 8 10
48 4 16
1 4 14
15 2 3
41 0 13
43 2 25
50 4 1
41 24 8
27 2 25
6 25 14
5 12 10
53 9 20
61 5 16
17 4 14
35 4 19
24 13 7
46 3 20
57 23 13
13 24 21
39 24 5
14 23 19
33 8 10
13 12 10
31 2 3
15 16 24
44 13 3
33 24 8
60 24 21
50 9 11
26 1 15
37 0 13
38 1 15
36 25 14
63 15 1
5 25 12
48 1 15
27 23 13
12 20 20
34 2 12
46 11 17
45 24 24
3 2 11
46 17 19
63 2 11
44 2 24
9 21 3
47 21 3
43 12 10
29 11 17
57 25 14
44 24 21
62 2 1
36 20 20
18 24 17
11 6 20
38 24 8
8 2 21
25 5 16
22 4 16
5 1 15
20 9 11
26 5 8
18 24 21
8 24 23
50 2 13
32 9 20
13 2 12
20 3 25
34 2 25
4 12 10
60 17 25
61 16 7
58 17 25
50 1 18
32 5 16
11 21 3
3 24 17
40 12 18
46 6 15
41 3 20
33 3 25
39 13 3
43 10 23
31 25 14
51 23 13
61 2 12
20 24 8
25 9 20
44 6 20
55 2 3
21 24 17
47 21 1
44 1 15
27 15 1
4 2 11
62 2 13
46 2 25
37 24 23
33 2 24
34 0 9
47 7 4
28 1 15
17 4 19
26 12 18
36 9 20
56 24 24
5 7 4
49 8 2
25 12 18
21 2 25
15 19 23
48 5 16
49 16 16
18 19 23
8 2 3
20 9 20
7 3 20
34 9 20
0 4 22
32 16 24
5 3 25
48 15 1
29 24 23
19 0 9
58 23 13
20 6 20
35 16 24
44 6 8
10 2 11
17 0 13
62 6 15
58 5 8
8 3 5
41 4 1
7 15 1
14 7 4
30 2 25
12 2 11
20 16 14
1 4 19
43 16 16
43 24 5
7 3 13
4 24 8
4 13 7
11 17 6
56 9 14
39 7 6
31 4 22
42 0 13
15 0 13
42 8 2
33 16 7
16 9 14
14 13 7
1 1 15
54 11 17
40 13 3
43 24 23
47 4 16
15 25 14
18 23 4
2 2 21
9 0 9
8 20 20
57 11 17
64 0 13
63 4 14
38 10 23
38 2 13
31 16 14
63 0 13
40 25 12
12 23 19
24 5 16
31 2 25
57 2 1
34 17 6
63 0 9
2 7 4
36 2 13
32 23 4
54 16 24
13 16 7
1 23 4
6 23 4
11 4 22
64 2 11
35 2 12
38 2 21
15 4 22
22 9 20
35 5 16
52 4 14
60 1 15
19 9 14
45 5 25
57 19 23
31 7 4
18 3 13
1 24 24
61 24 21
50 2 21
44 2 24
16 3 25
-1 -1 -1
0
2
18
63
62
61
64
5
35
40
14
24
22
54
48
39
36
37
11
8
32
59
16
19
26
50
6
33
46
10
3
38
27
41
25
52
57
15
7
17
9
44
31
49
28
13
53
23
60
58
1
20
4
30
12
56
21
42
29
34
47
45
51
43
55
  3.800838 seconds (38.49 M allocations: 1.005 GiB, 4.80% gc time)
