950 0 0 0 0 0 0 0 0 0 0 0 0 0 0 0 0 0 0 0 0 0 0 0
0 0 0 0 0 0 0 0 0 0 0 0 0 0 0 0 0 0 0 0 0 0 0 0
0 0 0 0 0 0 0 0 0 0 0 0 0 0 0 0 0 0 0 0 0 0 0 0
0 0 0 0 0 0 0 0 0 0 0 0 0 0 0 0 0 0 0 0 0 0 0 0
0 0 0 0 0 0 0 0 0 0 0 0 0 0 0 0 0 0 0 0 0 0 0 0
0 0 0 0 0 0 0 0 0 0 0 0 0 0 0 0 0 0 0 0 0 0 0 0
0 0 0 0 0 0 0 0 0 0 0 0 0 0 0 0 0 0 0 0 0 0 0 0
0 0 0 0 0 0 0 0 0 0 0 0 0 0 0 0 0 0 0 0 0 0 0 0
0 0 0 0 0 0 0 0 0 0 0 0 0 0 0 0 0 0 0 0 0 0 0 0
0 0 0 0 0 0 0 0 0 0 0 0 0 0 0 0 0 0 0 0 0 0 0 0
0 0 0 0 0 0 0 0 0 0 0 0 0 0 0 0 0 0 0 0 0 0 0 0
0 0 0 0 0 0 0 0 0 0 0 0 0 0 0 0 0 0 0 0 0 0 0 0
0 0 0 0 0 0 0 0 0 0 0 0 0 0 0 0 0 0 0 0 0 0 0 0
0 0 0 0 0 0 0 0 0 0 0 0 0 0 0 0 0 0 0 0 0 0 0 0
0 0 0 0 0 0 0 0 0 0 0 0 0 0 0 0 0 0 0 0 0 0 0 0
0 0 0 0 0 0 0 0 0 0 0 0 0 0 0 0 0 0 0 0 0 0 0 0
0 0 0 0 0 0 0 0 0 0 0 0 0 0 0 0 0 0 0 0 0 0 0 0
0 0 0 0 0 0 0 0 0 0 0 0 0 0 0 0 0 0 0 0 0 0 0 0
0 0 0 0 0 0 0 0 0 0 0 0 0 0 0 0 0 0 0 0 0 0 0 0
0 0 0 0 0 0 0 0 0 0 0 0 0 0 0 0 0 0 0 0 0 0 0 0
0 0 0 0 0 0 0 0 0 0 0 0 0 0 0 0 0 0 0 0 0 0 0 0
0 0 0 0 0 0 0 0 0 0 0 0 0 0 0 0 0 0 0 0 0 0 0 0
0 0 0 0 0 0 0 0 0 0 0 0 0 0 0 0 0 0 0 0 0 0 0 0
0 0 0 0 0 0 0 0 0 0 0 0 0 0 0 0 0 0 0 0 0 0 0 0
0 0 -11
0 0 -13
0 0 -18
0 0 -20
0 0 -21
0 -1 -5
0 -1 -6
0 -1 -15
0 -1 -16
0 -1 -20
0 -2 0
0 -2 -1
0 -2 -2
0 -2 -14
0 -2 -21
0 -2 -23
0 -3 0
0 -3 -1
0 -3 -21
0 -3 -23
0 -4 -1
0 -4 -15
0 -5 -1
0 -5 -12
0 -5 -18
0 -6 -15
0 -6 -18
0 -6 -23
0 -7 -4
0 -7 -6
0 -7 -9
0 -7 -13
0 -8 -8
0 -8 -13
0 -8 -15
0 -9 -17
0 -9 -22
0 -10 -4
0 -11 -3
0 -11 -4
0 -11 -6
0 -11 -7
0 -11 -19
0 -12 -1
0 -12 -2
0 -12 -15
0 -13 -10
0 -14 -11
0 -15 -5
0 -15 -8
0 -16 0
0 -16 -1
0 -16 -18
0 -16 -20
0 -17 -9
0 -17 -22
0 -18 -1
0 -19 -11
0 -19 -15
0 -19 -17
0 -20 -4
0 -20 -10
0 -20 -13
0 -20 -14
0 -20 -19
0 -21 -7
0 -21 -10
0 -21 -13
0 -21 -20
0 -22 -1
0 -22 -6
0 -22 -8
0 -22 -12
0 -23 -3
0 -23 -7
0 -23 -13
0 -23 -15
0 -23 -23
1 0 -11
1 0 -13
1 0 -18
1 0 -20
1 0 -21
1 -1 -5
1 -1 -6
1 -1 -15
1 -1 -16
1 -1 -20
1 -2 0
1 -2 -1
1 -2 -2
1 -2 -14
1 -2 -21
1 -2 -23
1 -3 0
1 -3 -1
1 -3 -21
1 -3 -23
1 -4 -1
1 -4 -15
1 -5 -1
1 -5 -12
1 -5 -18
1 -6 -15
1 -6 -18
1 -6 -23
1 -7 -4
1 -7 -6
1 -7 -9
1 -7 -13
1 -8 -8
1 -8 -13
1 -8 -15
1 -9 -17
1 -9 -22
1 -10 -4
1 -11 -3
1 -11 -4
1 -11 -6
1 -11 -7
1 -11 -19
1 -12 -1
1 -12 -2
1 -12 -15
1 -13 -10
1 -14 -11
1 -15 -5
1 -15 -8
1 -16 0
1 -16 -1
1 -16 -18
1 -16 -20
1 -17 -9
1 -17 -22
1 -18 -1
1 -19 -11
1 -19 -15
1 -19 -17
1 -20 -4
1 -20 -10
1 -20 -13
1 -20 -14
1 -20 -19
1 -21 -7
1 -21 -10
1 -21 -13
1 -21 -20
1 -22 -1
1 -22 -6
1 -22 -8
1 -22 -12
1 -23 -3
1 -23 -7
1 -23 -13
1 -23 -15
1 -23 -23
2 0 -11
2 0 -13
2 0 -18
2 0 -20
2 0 -21
2 -1 -5
2 -1 -6
2 -1 -15
2 -1 -16
2 -1 -20
2 -2 0
2 -2 -1
2 -2 -2
2 -2 -14
2 -2 -21
2 -2 -23
2 -3 0
2 -3 -1
2 -3 -21
2 -3 -23
2 -4 -1
2 -4 -15
2 -5 -1
2 -5 -12
2 -5 -18
2 -6 -15
2 -6 -18
2 -6 -23
2 -7 -4
2 -7 -6
2 -7 -9
2 -7 -13
2 -8 -8
2 -8 -13
2 -8 -15
2 -9 -17
2 -9 -22
2 -10 -4
2 -11 -3
2 -11 -4
2 -11 -6
2 -11 -7
2 -11 -19
2 -12 -1
2 -12 -2
2 -12 -15
2 -13 -10
2 -14 -11
2 -15 -5
2 -15 -8
2 -16 0
2 -16 -1
2 -16 -18
2 -16 -20
2 -17 -9
2 -17 -22
2 -18 -1
2 -19 -11
2 -19 -15
2 -19 -17
2 -20 -4
2 -20 -10
2 -20 -13
2 -20 -14
2 -20 -19
2 -21 -7
2 -21 -10
2 -21 -13
2 -21 -20
2 -22 -1
2 -22 -6
2 -22 -8
2 -22 -12
2 -23 -3
2 -23 -7
2 -23 -13
2 -23 -15
2 -23 -23
3 0 -11
3 0 -13
3 0 -18
3 0 -20
3 0 -21
3 -1 -5
3 -1 -6
3 -1 -15
3 -1 -16
3 -1 -20
3 -2 0
3 -2 -1
3 -2 -2
3 -2 -14
3 -2 -21
3 -2 -23
3 -3 0
3 -3 -1
3 -3 -21
3 -3 -23
3 -4 -1
3 -4 -15
3 -5 -1
3 -5 -12
3 -5 -18
3 -6 -15
3 -6 -18
3 -6 -23
3 -7 -4
3 -7 -6
3 -7 -9
3 -7 -13
3 -8 -8
3 -8 -13
3 -8 -15
3 -9 -17
3 -9 -22
3 -10 -4
3 -11 -3
3 -11 -4
3 -11 -6
3 -11 -7
3 -11 -19
3 -12 -1
3 -12 -2
3 -12 -15
3 -13 -10
3 -14 -11
3 -15 -5
3 -15 -8
3 -16 0
3 -16 -1
3 -16 -18
3 -16 -20
3 -17 -9
3 -17 -22
3 -18 -1
3 -19 -11
3 -19 -15
3 -19 -17
3 -20 -4
3 -20 -10
3 -20 -13
3 -20 -14
3 -20 -19
3 -21 -7
3 -21 -10
3 -21 -13
3 -21 -20
3 -22 -1
3 -22 -6
3 -22 -8
3 -22 -12
3 -23 -3
3 -23 -7
3 -23 -13
3 -23 -15
3 -23 -23
4 0 -11
4 0 -13
4 0 -18
4 0 -20
4 0 -21
4 -1 -5
4 -1 -6
4 -1 -15
4 -1 -16
4 -1 -20
4 -2 0
4 -2 -1
4 -2 -2
4 -2 -14
4 -2 -21
4 -2 -23
4 -3 0
4 -3 -1
4 -3 -21
4 -3 -23
4 -4 -1
4 -4 -15
4 -5 -1
4 -5 -12
4 -5 -18
4 -6 -15
4 -6 -18
4 -6 -23
4 -7 -4
4 -7 -6
4 -7 -9
4 -7 -13
4 -8 -8
4 -8 -13
4 -8 -15
4 -9 -17
4 -9 -22
4 -10 -4
4 -11 -3
4 -11 -4
4 -11 -6
4 -11 -7
4 -11 -19
4 -12 -1
4 -12 -2
4 -12 -15
4 -13 -10
4 -14 -11
4 -15 -5
4 -15 -8
4 -16 0
4 -16 -1
4 -16 -18
4 -16 -20
4 -17 -9
4 -17 -22
4 -18 -1
4 -19 -11
4 -19 -15
4 -19 -17
4 -20 -4
4 -20 -10
4 -20 -13
4 -20 -14
4 -20 -19
4 -21 -7
4 -21 -10
4 -21 -13
4 -21 -20
4 -22 -1
4 -22 -6
4 -22 -8
4 -22 -12
4 -23 -3
4 -23 -7
4 -23 -13
4 -23 -15
4 -23 -23
5 0 -11
5 0 -13
5 0 -18
5 0 -20
5 0 -21
5 -1 -5
5 -1 -6
5 -1 -15
5 -1 -16
5 -1 -20
5 -2 0
5 -2 -1
5 -2 -2
5 -2 -14
5 -2 -21
5 -2 -23
5 -3 0
5 -3 -1
5 -3 -21
5 -3 -23
5 -4 -1
5 -4 -15
5 -5 -1
5 -5 -12
5 -5 -18
5 -6 -15
5 -6 -18
5 -6 -23
5 -7 -4
5 -7 -6
5 -7 -9
5 -7 -13
5 -8 -8
5 -8 -13
5 -8 -15
5 -9 -17
5 -9 -22
5 -10 -4
5 -11 -3
5 -11 -4
5 -11 -6
5 -11 -7
5 -11 -19
5 -12 -1
5 -12 -2
5 -12 -15
5 -13 -10
5 -14 -11
5 -15 -5
5 -15 -8
5 -16 0
5 -16 -1
5 -16 -18
5 -16 -20
5 -17 -9
5 -17 -22
5 -18 -1
5 -19 -11
5 -19 -15
5 -19 -17
5 -20 -4
5 -20 -10
5 -20 -13
5 -20 -14
5 -20 -19
5 -21 -7
5 -21 -10
5 -21 -13
5 -21 -20
5 -22 -1
5 -22 -6
5 -22 -8
5 -22 -12
5 -23 -3
5 -23 -7
5 -23 -13
5 -23 -15
5 -23 -23
6 0 -11
6 0 -13
6 0 -18
6 0 -20
6 0 -21
6 -1 -5
6 -1 -6
6 -1 -15
6 -1 -16
6 -1 -20
6 -2 0
6 -2 -1
6 -2 -2
6 -2 -14
6 -2 -21
6 -2 -23
6 -3 0
6 -3 -1
6 -3 -21
6 -3 -23
6 -4 -1
6 -4 -15
6 -5 -1
6 -5 -12
6 -5 -18
6 -6 -15
6 -6 -18
6 -6 -23
6 -7 -4
6 -7 -6
6 -7 -9
6 -7 -13
6 -8 -8
6 -8 -13
6 -8 -15
6 -9 -17
6 -9 -22
6 -10 -4
6 -11 -3
6 -11 -4
6 -11 -6
6 -11 -7
6 -11 -19
6 -12 -1
6 -12 -2
6 -12 -15
6 -13 -10
6 -14 -11
6 -15 -5
6 -15 -8
6 -16 0
6 -16 -1
6 -16 -18
6 -16 -20
6 -17 -9
6 -17 -22
6 -18 -1
6 -19 -11
6 -19 -15
6 -19 -17
6 -20 -4
6 -20 -10
6 -20 -13
6 -20 -14
6 -20 -19
6 -21 -7
6 -21 -10
6 -21 -13
6 -21 -20
6 -22 -1
6 -22 -6
6 -22 -8
6 -22 -12
6 -23 -3
6 -23 -7
6 -23 -13
6 -23 -15
6 -23 -23
7 0 -11
7 0 -13
7 0 -18
7 0 -20
7 0 -21
7 -1 -5
7 -1 -6
7 -1 -15
7 -1 -16
7 -1 -20
7 -2 0
7 -2 -1
7 -2 -2
7 -2 -14
7 -2 -21
7 -2 -23
7 -3 0
7 -3 -1
7 -3 -21
7 -3 -23
7 -4 -1
7 -4 -15
7 -5 -1
7 -5 -12
7 -5 -18
7 -6 -15
7 -6 -18
7 -6 -23
7 -7 -4
7 -7 -6
7 -7 -9
7 -7 -13
7 -8 -8
7 -8 -13
7 -8 -15
7 -9 -17
7 -9 -22
7 -10 -4
7 -11 -3
7 -11 -4
7 -11 -6
7 -11 -7
7 -11 -19
7 -12 -1
7 -12 -2
7 -12 -15
7 -13 -10
7 -14 -11
7 -15 -5
7 -15 -8
7 -16 0
7 -16 -1
7 -16 -18
7 -16 -20
7 -17 -9
7 -17 -22
7 -18 -1
7 -19 -11
7 -19 -15
7 -19 -17
7 -20 -4
7 -20 -10
7 -20 -13
7 -20 -14
7 -20 -19
7 -21 -7
7 -21 -10
7 -21 -13
7 -21 -20
7 -22 -1
7 -22 -6
7 -22 -8
7 -22 -12
7 -23 -3
7 -23 -7
7 -23 -13
7 -23 -15
7 -23 -23
8 0 -11
8 0 -13
8 0 -18
8 0 -20
8 0 -21
8 -1 -5
8 -1 -6
8 -1 -15
8 -1 -16
8 -1 -20
8 -2 0
8 -2 -1
8 -2 -2
8 -2 -14
8 -2 -21
8 -2 -23
8 -3 0
8 -3 -1
8 -3 -21
8 -3 -23
8 -4 -1
8 -4 -15
8 -5 -1
8 -5 -12
8 -5 -18
8 -6 -15
8 -6 -18
8 -6 -23
8 -7 -4
8 -7 -6
8 -7 -9
8 -7 -13
8 -8 -8
8 -8 -13
8 -8 -15
8 -9 -17
8 -9 -22
8 -10 -4
8 -11 -3
8 -11 -4
8 -11 -6
8 -11 -7
8 -11 -19
8 -12 -1
8 -12 -2
8 -12 -15
8 -13 -10
8 -14 -11
8 -15 -5
8 -15 -8
8 -16 0
8 -16 -1
8 -16 -18
8 -16 -20
8 -17 -9
8 -17 -22
8 -18 -1
8 -19 -11
8 -19 -15
8 -19 -17
8 -20 -4
8 -20 -10
8 -20 -13
8 -20 -14
8 -20 -19
8 -21 -7
8 -21 -10
8 -21 -13
8 -21 -20
8 -22 -1
8 -22 -6
8 -22 -8
8 -22 -12
8 -23 -3
8 -23 -7
8 -23 -13
8 -23 -15
8 -23 -23
9 0 -11
9 0 -13
9 0 -18
9 0 -20
9 0 -21
9 -1 -5
9 -1 -6
9 -1 -15
9 -1 -16
9 -1 -20
9 -2 0
9 -2 -1
9 -2 -2
9 -2 -14
9 -2 -21
9 -2 -23
9 -3 0
9 -3 -1
9 -3 -21
9 -3 -23
9 -4 -1
9 -4 -15
9 -5 -1
9 -5 -12
9 -5 -18
9 -6 -15
9 -6 -18
9 -6 -23
9 -7 -4
9 -7 -6
9 -7 -9
9 -7 -13
9 -8 -8
9 -8 -13
9 -8 -15
9 -9 -17
9 -9 -22
9 -10 -4
9 -11 -3
9 -11 -4
9 -11 -6
9 -11 -7
9 -11 -19
9 -12 -1
9 -12 -2
9 -12 -15
9 -13 -10
9 -14 -11
9 -15 -5
9 -15 -8
9 -16 0
9 -16 -1
9 -16 -18
9 -16 -20
9 -17 -9
9 -17 -22
9 -18 -1
9 -19 -11
9 -19 -15
9 -19 -17
9 -20 -4
9 -20 -10
9 -20 -13
9 -20 -14
9 -20 -19
9 -21 -7
9 -21 -10
9 -21 -13
9 -21 -20
9 -22 -1
9 -22 -6
9 -22 -8
9 -22 -12
9 -23 -3
9 -23 -7
9 -23 -13
9 -23 -15
9 -23 -23
10 0 -11
10 0 -13
10 0 -18
10 0 -20
10 0 -21
10 -1 -5
10 -1 -6
10 -1 -15
10 -1 -16
10 -1 -20
10 -2 0
10 -2 -1
10 -2 -2
10 -2 -14
10 -2 -21
10 -2 -23
10 -3 0
10 -3 -1
10 -3 -21
10 -3 -23
10 -4 -1
10 -4 -15
10 -5 -1
10 -5 -12
10 -5 -18
10 -6 -15
10 -6 -18
10 -6 -23
10 -7 -4
10 -7 -6
10 -7 -9
10 -7 -13
10 -8 -8
10 -8 -13
10 -8 -15
10 -9 -17
10 -9 -22
10 -10 -4
10 -11 -3
10 -11 -4
10 -11 -6
10 -11 -7
10 -11 -19
10 -12 -1
10 -12 -2
10 -12 -15
10 -13 -10
10 -14 -11
10 -15 -5
10 -15 -8
10 -16 0
10 -16 -1
10 -16 -18
10 -16 -20
10 -17 -9
10 -17 -22
10 -18 -1
10 -19 -11
10 -19 -15
10 -19 -17
10 -20 -4
10 -20 -10
10 -20 -13
10 -20 -14
10 -20 -19
10 -21 -7
10 -21 -10
10 -21 -13
10 -21 -20
10 -22 -1
10 -22 -6
10 -22 -8
10 -22 -12
10 -23 -3
10 -23 -7
10 -23 -13
10 -23 -15
10 -23 -23
11 0 -11
11 0 -13
11 0 -18
11 0 -20
11 0 -21
11 -1 -5
11 -1 -6
11 -1 -15
11 -1 -16
11 -1 -20
11 -2 0
11 -2 -1
11 -2 -2
11 -2 -14
11 -2 -21
11 -2 -23
11 -3 0
11 -3 -1
11 -3 -21
11 -3 -23
11 -4 -1
11 -4 -15
11 -5 -1
11 -5 -12
11 -5 -18
11 -6 -15
11 -6 -18
11 -6 -23
11 -7 -4
11 -7 -6
11 -7 -9
11 -7 -13
11 -8 -8
11 -8 -13
11 -8 -15
11 -9 -17
11 -9 -22
11 -10 -4
11 -11 -3
11 -11 -4
11 -11 -6
11 -11 -7
11 -11 -19
11 -12 -1
11 -12 -2
11 -12 -15
11 -13 -10
11 -14 -11
11 -15 -5
11 -15 -8
11 -16 0
11 -16 -1
11 -16 -18
11 -16 -20
11 -17 -9
11 -17 -22
11 -18 -1
11 -19 -11
11 -19 -15
11 -19 -17
11 -20 -4
11 -20 -10
11 -20 -13
11 -20 -14
11 -20 -19
11 -21 -7
11 -21 -10
11 -21 -13
11 -21 -20
11 -22 -1
11 -22 -6
11 -22 -8
11 -22 -12
11 -23 -3
11 -23 -7
11 -23 -13
11 -23 -15
11 -23 -23
12 0 -11
12 0 -13
12 0 -18
12 0 -20
12 0 -21
12 -1 -5
12 -1 -6
12 -1 -15
12 -1 -16
12 -1 -20
12 -2 0
12 -2 -1
12 -2 -2
12 -2 -14
12 -2 -21
12 -2 -23
12 -3 0
12 -3 -1
12 -3 -21
12 -3 -23
12 -4 -1
12 -4 -15
12 -5 -1
12 -5 -12
12 -5 -18
12 -6 -15
12 -6 -18
12 -6 -23
12 -7 -4
12 -7 -6
12 -7 -9
12 -7 -13
12 -8 -8
12 -8 -13
12 -8 -15
12 -9 -17
12 -9 -22
12 -10 -4
12 -11 -3
12 -11 -4
12 -11 -6
12 -11 -7
12 -11 -19
12 -12 -1
12 -12 -2
12 -12 -15
12 -13 -10
12 -14 -11
12 -15 -5
12 -15 -8
12 -16 0
12 -16 -1
12 -16 -18
12 -16 -20
12 -17 -9
12 -17 -22
12 -18 -1
12 -19 -11
12 -19 -15
12 -19 -17
12 -20 -4
12 -20 -10
12 -20 -13
12 -20 -14
12 -20 -19
12 -21 -7
12 -21 -10
12 -21 -13
12 -21 -20
12 -22 -1
12 -22 -6
12 -22 -8
12 -22 -12
12 -23 -3
12 -23 -7
12 -23 -13
12 -23 -15
12 -23 -23
13 0 -11
13 0 -13
13 0 -18
13 0 -20
13 0 -21
13 -1 -5
13 -1 -6
13 -1 -15
13 -1 -16
13 -1 -20
13 -2 0
13 -2 -1
13 -2 -2
13 -2 -14
13 -2 -21
13 -2 -23
13 -3 0
13 -3 -1
13 -3 -21
13 -3 -23
13 -4 -1
13 -4 -15
13 -5 -1
13 -5 -12
13 -5 -18
13 -6 -15
13 -6 -18
13 -6 -23
13 -7 -4
13 -7 -6
13 -7 -9
13 -7 -13
13 -8 -8
13 -8 -13
13 -8 -15
13 -9 -17
13 -9 -22
13 -10 -4
13 -11 -3
13 -11 -4
13 -11 -6
13 -11 -7
13 -11 -19
13 -12 -1
13 -12 -2
13 -12 -15
13 -13 -10
13 -14 -11
13 -15 -5
13 -15 -8
13 -16 0
13 -16 -1
13 -16 -18
13 -16 -20
13 -17 -9
13 -17 -22
13 -18 -1
13 -19 -11
13 -19 -15
13 -19 -17
13 -20 -4
13 -20 -10
13 -20 -13
13 -20 -14
13 -20 -19
13 -21 -7
13 -21 -10
13 -21 -13
13 -21 -20
13 -22 -1
13 -22 -6
13 -22 -8
13 -22 -12
13 -23 -3
13 -23 -7
13 -23 -13
13 -23 -15
13 -23 -23
14 0 -11
14 0 -13
14 0 -18
14 0 -20
14 0 -21
14 -1 -5
14 -1 -6
14 -1 -15
14 -1 -16
14 -1 -20
14 -2 0
14 -2 -1
14 -2 -2
14 -2 -14
14 -2 -21
14 -2 -23
14 -3 0
14 -3 -1
14 -3 -21
14 -3 -23
14 -4 -1
14 -4 -15
14 -5 -1
14 -5 -12
14 -5 -18
14 -6 -15
14 -6 -18
14 -6 -23
14 -7 -4
14 -7 -6
14 -7 -9
14 -7 -13
14 -8 -8
14 -8 -13
14 -8 -15
14 -9 -17
14 -9 -22
14 -10 -4
14 -11 -3
14 -11 -4
14 -11 -6
14 -11 -7
14 -11 -19
14 -12 -1
14 -12 -2
14 -12 -15
14 -13 -10
14 -14 -11
14 -15 -5
14 -15 -8
14 -16 0
14 -16 -1
14 -16 -18
14 -16 -20
14 -17 -9
14 -17 -22
14 -18 -1
14 -19 -11
14 -19 -15
14 -19 -17
14 -20 -4
14 -20 -10
14 -20 -13
14 -20 -14
14 -20 -19
14 -21 -7
14 -21 -10
14 -21 -13
14 -21 -20
14 -22 -1
14 -22 -6
14 -22 -8
14 -22 -12
14 -23 -3
14 -23 -7
14 -23 -13
14 -23 -15
14 -23 -23
15 0 -11
15 0 -13
15 0 -18
15 0 -20
15 0 -21
15 -1 -5
15 -1 -6
15 -1 -15
15 -1 -16
15 -1 -20
15 -2 0
15 -2 -1
15 -2 -2
15 -2 -14
15 -2 -21
15 -2 -23
15 -3 0
15 -3 -1
15 -3 -21
15 -3 -23
15 -4 -1
15 -4 -15
15 -5 -1
15 -5 -12
15 -5 -18
15 -6 -15
15 -6 -18
15 -6 -23
15 -7 -4
15 -7 -6
15 -7 -9
15 -7 -13
15 -8 -8
15 -8 -13
15 -8 -15
15 -9 -17
15 -9 -22
15 -10 -4
15 -11 -3
15 -11 -4
15 -11 -6
15 -11 -7
15 -11 -19
15 -12 -1
15 -12 -2
15 -12 -15
15 -13 -10
15 -14 -11
15 -15 -5
15 -15 -8
15 -16 0
15 -16 -1
15 -16 -18
15 -16 -20
15 -17 -9
15 -17 -22
15 -18 -1
15 -19 -11
15 -19 -15
15 -19 -17
15 -20 -4
15 -20 -10
15 -20 -13
15 -20 -14
15 -20 -19
15 -21 -7
15 -21 -10
15 -21 -13
15 -21 -20
15 -22 -1
15 -22 -6
15 -22 -8
15 -22 -12
15 -23 -3
15 -23 -7
15 -23 -13
15 -23 -15
15 -23 -23
16 0 -11
16 0 -13
16 0 -18
16 0 -20
16 0 -21
16 -1 -5
16 -1 -6
16 -1 -15
16 -1 -16
16 -1 -20
16 -2 0
16 -2 -1
16 -2 -2
16 -2 -14
16 -2 -21
16 -2 -23
16 -3 0
16 -3 -1
16 -3 -21
16 -3 -23
16 -4 -1
16 -4 -15
16 -5 -1
16 -5 -12
16 -5 -18
16 -6 -15
16 -6 -18
16 -6 -23
16 -7 -4
16 -7 -6
16 -7 -9
16 -7 -13
16 -8 -8
16 -8 -13
16 -8 -15
16 -9 -17
16 -9 -22
16 -10 -4
16 -11 -3
16 -11 -4
16 -11 -6
16 -11 -7
16 -11 -19
16 -12 -1
16 -12 -2
16 -12 -15
16 -13 -10
16 -14 -11
16 -15 -5
16 -15 -8
16 -16 0
16 -16 -1
16 -16 -18
16 -16 -20
16 -17 -9
16 -17 -22
16 -18 -1
16 -19 -11
16 -19 -15
16 -19 -17
16 -20 -4
16 -20 -10
16 -20 -13
16 -20 -14
16 -20 -19
16 -21 -7
16 -21 -10
16 -21 -13
16 -21 -20
16 -22 -1
16 -22 -6
16 -22 -8
16 -22 -12
16 -23 -3
16 -23 -7
16 -23 -13
16 -23 -15
16 -23 -23
17 0 -11
17 0 -13
17 0 -18
17 0 -20
17 0 -21
17 -1 -5
17 -1 -6
17 -1 -15
17 -1 -16
17 -1 -20
17 -2 0
17 -2 -1
17 -2 -2
17 -2 -14
17 -2 -21
17 -2 -23
17 -3 0
17 -3 -1
17 -3 -21
17 -3 -23
17 -4 -1
17 -4 -15
17 -5 -1
17 -5 -12
17 -5 -18
17 -6 -15
17 -6 -18
17 -6 -23
17 -7 -4
17 -7 -6
17 -7 -9
17 -7 -13
17 -8 -8
17 -8 -13
17 -8 -15
17 -9 -17
17 -9 -22
17 -10 -4
17 -11 -3
17 -11 -4
17 -11 -6
17 -11 -7
17 -11 -19
17 -12 -1
17 -12 -2
17 -12 -15
17 -13 -10
17 -14 -11
17 -15 -5
17 -15 -8
17 -16 0
17 -16 -1
17 -16 -18
17 -16 -20
17 -17 -9
17 -17 -22
17 -18 -1
17 -19 -11
17 -19 -15
17 -19 -17
17 -20 -4
17 -20 -10
17 -20 -13
17 -20 -14
17 -20 -19
17 -21 -7
17 -21 -10
17 -21 -13
17 -21 -20
17 -22 -1
17 -22 -6
17 -22 -8
17 -22 -12
17 -23 -3
17 -23 -7
17 -23 -13
17 -23 -15
17 -23 -23
18 0 -11
18 0 -13
18 0 -18
18 0 -20
18 0 -21
18 -1 -5
18 -1 -6
18 -1 -15
18 -1 -16
18 -1 -20
18 -2 0
18 -2 -1
18 -2 -2
18 -2 -14
18 -2 -21
18 -2 -23
18 -3 0
18 -3 -1
18 -3 -21
18 -3 -23
18 -4 -1
18 -4 -15
18 -5 -1
18 -5 -12
18 -5 -18
18 -6 -15
18 -6 -18
18 -6 -23
18 -7 -4
18 -7 -6
18 -7 -9
18 -7 -13
18 -8 -8
18 -8 -13
18 -8 -15
18 -9 -17
18 -9 -22
18 -10 -4
18 -11 -3
18 -11 -4
18 -11 -6
18 -11 -7
18 -11 -19
18 -12 -1
18 -12 -2
18 -12 -15
18 -13 -10
18 -14 -11
18 -15 -5
18 -15 -8
18 -16 0
18 -16 -1
18 -16 -18
18 -16 -20
18 -17 -9
18 -17 -22
18 -18 -1
18 -19 -11
18 -19 -15
18 -19 -17
18 -20 -4
18 -20 -10
18 -20 -13
18 -20 -14
18 -20 -19
18 -21 -7
18 -21 -10
18 -21 -13
18 -21 -20
18 -22 -1
18 -22 -6
18 -22 -8
18 -22 -12
18 -23 -3
18 -23 -7
18 -23 -13
18 -23 -15
18 -23 -23
19 0 -11
19 0 -13
19 0 -18
19 0 -20
19 0 -21
19 -1 -5
19 -1 -6
19 -1 -15
19 -1 -16
19 -1 -20
19 -2 0
19 -2 -1
19 -2 -2
19 -2 -14
19 -2 -21
19 -2 -23
19 -3 0
19 -3 -1
19 -3 -21
19 -3 -23
19 -4 -1
19 -4 -15
19 -5 -1
19 -5 -12
19 -5 -18
19 -6 -15
19 -6 -18
19 -6 -23
19 -7 -4
19 -7 -6
19 -7 -9
19 -7 -13
19 -8 -8
19 -8 -13
19 -8 -15
19 -9 -17
19 -9 -22
19 -10 -4
19 -11 -3
19 -11 -4
19 -11 -6
19 -11 -7
19 -11 -19
19 -12 -1
19 -12 -2
19 -12 -15
19 -13 -10
19 -14 -11
19 -15 -5
19 -15 -8
19 -16 0
19 -16 -1
19 -16 -18
19 -16 -20
19 -17 -9
19 -17 -22
19 -18 -1
19 -19 -11
19 -19 -15
19 -19 -17
19 -20 -4
19 -20 -10
19 -20 -13
19 -20 -14
19 -20 -19
19 -21 -7
19 -21 -10
19 -21 -13
19 -21 -20
19 -22 -1
19 -22 -6
19 -22 -8
19 -22 -12
19 -23 -3
19 -23 -7
19 -23 -13
19 -23 -15
19 -23 -23
20 0 -11
20 0 -13
20 0 -18
20 0 -20
20 0 -21
20 -1 -5
20 -1 -6
20 -1 -15
20 -1 -16
20 -1 -20
20 -2 0
20 -2 -1
20 -2 -2
20 -2 -14
20 -2 -21
20 -2 -23
20 -3 0
20 -3 -1
20 -3 -21
20 -3 -23
20 -4 -1
20 -4 -15
20 -5 -1
20 -5 -12
20 -5 -18
20 -6 -15
20 -6 -18
20 -6 -23
20 -7 -4
20 -7 -6
20 -7 -9
20 -7 -13
20 -8 -8
20 -8 -13
20 -8 -15
20 -9 -17
20 -9 -22
20 -10 -4
20 -11 -3
20 -11 -4
20 -11 -6
20 -11 -7
20 -11 -19
20 -12 -1
20 -12 -2
20 -12 -15
20 -13 -10
20 -14 -11
20 -15 -5
20 -15 -8
20 -16 0
20 -16 -1
20 -16 -18
20 -16 -20
20 -17 -9
20 -17 -22
20 -18 -1
20 -19 -11
20 -19 -15
20 -19 -17
20 -20 -4
20 -20 -10
20 -20 -13
20 -20 -14
20 -20 -19
20 -21 -7
20 -21 -10
20 -21 -13
20 -21 -20
20 -22 -1
20 -22 -6
20 -22 -8
20 -22 -12
20 -23 -3
20 -23 -7
20 -23 -13
20 -23 -15
20 -23 -23
21 0 -11
21 0 -13
21 0 -18
21 0 -20
21 0 -21
21 -1 -5
21 -1 -6
21 -1 -15
21 -1 -16
21 -1 -20
21 -2 0
21 -2 -1
21 -2 -2
21 -2 -14
21 -2 -21
21 -2 -23
21 -3 0
21 -3 -1
21 -3 -21
21 -3 -23
21 -4 -1
21 -4 -15
21 -5 -1
21 -5 -12
21 -5 -18
21 -6 -15
21 -6 -18
21 -6 -23
21 -7 -4
21 -7 -6
21 -7 -9
21 -7 -13
21 -8 -8
21 -8 -13
21 -8 -15
21 -9 -17
21 -9 -22
21 -10 -4
21 -11 -3
21 -11 -4
21 -11 -6
21 -11 -7
21 -11 -19
21 -12 -1
21 -12 -2
21 -12 -15
21 -13 -10
21 -14 -11
21 -15 -5
21 -15 -8
21 -16 0
21 -16 -1
21 -16 -18
21 -16 -20
21 -17 -9
21 -17 -22
21 -18 -1
21 -19 -11
21 -19 -15
21 -19 -17
21 -20 -4
21 -20 -10
21 -20 -13
21 -20 -14
21 -20 -19
21 -21 -7
21 -21 -10
21 -21 -13
21 -21 -20
21 -22 -1
21 -22 -6
21 -22 -8
21 -22 -12
21 -23 -3
21 -23 -7
21 -23 -13
21 -23 -15
21 -23 -23
22 0 -11
22 0 -13
22 0 -18
22 0 -20
22 0 -21
22 -1 -5
22 -1 -6
22 -1 -15
22 -1 -16
22 -1 -20
22 -2 0
22 -2 -1
22 -2 -2
22 -2 -14
22 -2 -21
22 -2 -23
22 -3 0
22 -3 -1
22 -3 -21
22 -3 -23
22 -4 -1
22 -4 -15
22 -5 -1
22 -5 -12
22 -5 -18
22 -6 -15
22 -6 -18
22 -6 -23
22 -7 -4
22 -7 -6
22 -7 -9
22 -7 -13
22 -8 -8
22 -8 -13
22 -8 -15
22 -9 -17
22 -9 -22
22 -10 -4
22 -11 -3
22 -11 -4
22 -11 -6
22 -11 -7
22 -11 -19
22 -12 -1
22 -12 -2
22 -12 -15
22 -13 -10
22 -14 -11
22 -15 -5
22 -15 -8
22 -16 0
22 -16 -1
22 -16 -18
22 -16 -20
22 -17 -9
22 -17 -22
22 -18 -1
22 -19 -11
22 -19 -15
22 -19 -17
22 -20 -4
22 -20 -10
22 -20 -13
22 -20 -14
22 -20 -19
22 -21 -7
22 -21 -10
22 -21 -13
22 -21 -20
22 -22 -1
22 -22 -6
22 -22 -8
22 -22 -12
22 -23 -3
22 -23 -7
22 -23 -13
22 -23 -15
22 -23 -23
23 0 -11
23 0 -13
23 0 -18
23 0 -20
23 0 -21
23 -1 -5
23 -1 -6
23 -1 -15
23 -1 -16
23 -1 -20
23 -2 0
23 -2 -1
23 -2 -2
23 -2 -14
23 -2 -21
23 -2 -23
23 -3 0
23 -3 -1
23 -3 -21
23 -3 -23
23 -4 -1
23 -4 -15
23 -5 -1
23 -5 -12
23 -5 -18
23 -6 -15
23 -6 -18
23 -6 -23
23 -7 -4
23 -7 -6
23 -7 -9
23 -7 -13
23 -8 -8
23 -8 -13
23 -8 -15
23 -9 -17
23 -9 -22
23 -10 -4
23 -11 -3
23 -11 -4
23 -11 -6
23 -11 -7
23 -11 -19
23 -12 -1
23 -12 -2
23 -12 -15
23 -13 -10
23 -14 -11
23 -15 -5
23 -15 -8
23 -16 0
23 -16 -1
23 -16 -18
23 -16 -20
23 -17 -9
23 -17 -22
23 -18 -1
23 -19 -11
23 -19 -15
23 -19 -17
23 -20 -4
23 -20 -10
23 -20 -13
23 -20 -14
23 -20 -19
23 -21 -7
23 -21 -10
23 -21 -13
23 -21 -20
23 -22 -1
23 -22 -6
23 -22 -8
23 -22 -12
23 -23 -3
23 -23 -7
23 -23 -13
23 -23 -15
23 -23 -23
24 0 -11
24 0 -13
24 0 -18
24 0 -20
24 0 -21
24 -1 -5
24 -1 -6
24 -1 -15
24 -1 -16
24 -1 -20
24 -2 0
24 -2 -1
24 -2 -2
24 -2 -14
24 -2 -21
24 -2 -23
24 -3 0
24 -3 -1
24 -3 -21
24 -3 -23
24 -4 -1
24 -4 -15
24 -5 -1
24 -5 -12
24 -5 -18
24 -6 -15
24 -6 -18
24 -6 -23
24 -7 -4
24 -7 -6
24 -7 -9
24 -7 -13
24 -8 -8
24 -8 -13
24 -8 -15
24 -9 -17
24 -9 -22
24 -10 -4
24 -11 -3
24 -11 -4
24 -11 -6
24 -11 -7
24 -11 -19
24 -12 -1
24 -12 -2
24 -12 -15
24 -13 -10
24 -14 -11
24 -15 -5
24 -15 -8
24 -16 0
24 -16 -1
24 -16 -18
24 -16 -20
24 -17 -9
24 -17 -22
24 -18 -1
24 -19 -11
24 -19 -15
24 -19 -17
24 -20 -4
24 -20 -10
24 -20 -13
24 -20 -14
24 -20 -19
24 -21 -7
24 -21 -10
24 -21 -13
24 -21 -20
24 -22 -1
24 -22 -6
24 -22 -8
24 -22 -12
24 -23 -3
24 -23 -7
24 -23 -13
24 -23 -15
24 -23 -23
25 0 -11
25 0 -13
25 0 -18
25 0 -20
25 0 -21
25 -1 -5
25 -1 -6
25 -1 -15
25 -1 -16
25 -1 -20
25 -2 0
25 -2 -1
25 -2 -2
25 -2 -14
25 -2 -21
25 -2 -23
25 -3 0
25 -3 -1
25 -3 -21
25 -3 -23
25 -4 -1
25 -4 -15
25 -5 -1
25 -5 -12
25 -5 -18
25 -6 -15
25 -6 -18
25 -6 -23
25 -7 -4
25 -7 -6
25 -7 -9
25 -7 -13
25 -8 -8
25 -8 -13
25 -8 -15
25 -9 -17
25 -9 -22
25 -10 -4
25 -11 -3
25 -11 -4
25 -11 -6
25 -11 -7
25 -11 -19
25 -12 -1
25 -12 -2
25 -12 -15
25 -13 -10
25 -14 -11
25 -15 -5
25 -15 -8
25 -16 0
25 -16 -1
25 -16 -18
25 -16 -20
25 -17 -9
25 -17 -22
25 -18 -1
25 -19 -11
25 -19 -15
25 -19 -17
25 -20 -4
25 -20 -10
25 -20 -13
25 -20 -14
25 -20 -19
25 -21 -7
25 -21 -10
25 -21 -13
25 -21 -20
25 -22 -1
25 -22 -6
25 -22 -8
25 -22 -12
25 -23 -3
25 -23 -7
25 -23 -13
25 -23 -15
25 -23 -23
26 0 -11
26 0 -13
26 0 -18
26 0 -20
26 0 -21
26 -1 -5
26 -1 -6
26 -1 -15
26 -1 -16
26 -1 -20
26 -2 0
26 -2 -1
26 -2 -2
26 -2 -14
26 -2 -21
26 -2 -23
26 -3 0
26 -3 -1
26 -3 -21
26 -3 -23
26 -4 -1
26 -4 -15
26 -5 -1
26 -5 -12
26 -5 -18
26 -6 -15
26 -6 -18
26 -6 -23
26 -7 -4
26 -7 -6
26 -7 -9
26 -7 -13
26 -8 -8
26 -8 -13
26 -8 -15
26 -9 -17
26 -9 -22
26 -10 -4
26 -11 -3
26 -11 -4
26 -11 -6
26 -11 -7
26 -11 -19
26 -12 -1
26 -12 -2
26 -12 -15
26 -13 -10
26 -14 -11
26 -15 -5
26 -15 -8
26 -16 0
26 -16 -1
26 -16 -18
26 -16 -20
26 -17 -9
26 -17 -22
26 -18 -1
26 -19 -11
26 -19 -15
26 -19 -17
26 -20 -4
26 -20 -10
26 -20 -13
26 -20 -14
26 -20 -19
26 -21 -7
26 -21 -10
26 -21 -13
26 -21 -20
26 -22 -1
26 -22 -6
26 -22 -8
26 -22 -12
26 -23 -3
26 -23 -7
26 -23 -13
26 -23 -15
26 -23 -23
27 0 -11
27 0 -13
27 0 -18
27 0 -20
27 0 -21
27 -1 -5
27 -1 -6
27 -1 -15
27 -1 -16
27 -1 -20
27 -2 0
27 -2 -1
27 -2 -2
27 -2 -14
27 -2 -21
27 -2 -23
27 -3 0
27 -3 -1
27 -3 -21
27 -3 -23
27 -4 -1
27 -4 -15
27 -5 -1
27 -5 -12
27 -5 -18
27 -6 -15
27 -6 -18
27 -6 -23
27 -7 -4
27 -7 -6
27 -7 -9
27 -7 -13
27 -8 -8
27 -8 -13
27 -8 -15
27 -9 -17
27 -9 -22
27 -10 -4
27 -11 -3
27 -11 -4
27 -11 -6
27 -11 -7
27 -11 -19
27 -12 -1
27 -12 -2
27 -12 -15
27 -13 -10
27 -14 -11
27 -15 -5
27 -15 -8
27 -16 0
27 -16 -1
27 -16 -18
27 -16 -20
27 -17 -9
27 -17 -22
27 -18 -1
27 -19 -11
27 -19 -15
27 -19 -17
27 -20 -4
27 -20 -10
27 -20 -13
27 -20 -14
27 -20 -19
27 -21 -7
27 -21 -10
27 -21 -13
27 -21 -20
27 -22 -1
27 -22 -6
27 -22 -8
27 -22 -12
27 -23 -3
27 -23 -7
27 -23 -13
27 -23 -15
27 -23 -23
28 0 -11
28 0 -13
28 0 -18
28 0 -20
28 0 -21
28 -1 -5
28 -1 -6
28 -1 -15
28 -1 -16
28 -1 -20
28 -2 0
28 -2 -1
28 -2 -2
28 -2 -14
28 -2 -21
28 -2 -23
28 -3 0
28 -3 -1
28 -3 -21
28 -3 -23
28 -4 -1
28 -4 -15
28 -5 -1
28 -5 -12
28 -5 -18
28 -6 -15
28 -6 -18
28 -6 -23
28 -7 -4
28 -7 -6
28 -7 -9
28 -7 -13
28 -8 -8
28 -8 -13
28 -8 -15
28 -9 -17
28 -9 -22
28 -10 -4
28 -11 -3
28 -11 -4
28 -11 -6
28 -11 -7
28 -11 -19
28 -12 -1
28 -12 -2
28 -12 -15
28 -13 -10
28 -14 -11
28 -15 -5
28 -15 -8
28 -16 0
28 -16 -1
28 -16 -18
28 -16 -20
28 -17 -9
28 -17 -22
28 -18 -1
28 -19 -11
28 -19 -15
28 -19 -17
28 -20 -4
28 -20 -10
28 -20 -13
28 -20 -14
28 -20 -19
28 -21 -7
28 -21 -10
28 -21 -13
28 -21 -20
28 -22 -1
28 -22 -6
28 -22 -8
28 -22 -12
28 -23 -3
28 -23 -7
28 -23 -13
28 -23 -15
28 -23 -23
29 0 -11
29 0 -13
29 0 -18
29 0 -20
29 0 -21
29 -1 -5
29 -1 -6
29 -1 -15
29 -1 -16
29 -1 -20
29 -2 0
29 -2 -1
29 -2 -2
29 -2 -14
29 -2 -21
29 -2 -23
29 -3 0
29 -3 -1
29 -3 -21
29 -3 -23
29 -4 -1
29 -4 -15
29 -5 -1
29 -5 -12
29 -5 -18
29 -6 -15
29 -6 -18
29 -6 -23
29 -7 -4
29 -7 -6
29 -7 -9
29 -7 -13
29 -8 -8
29 -8 -13
29 -8 -15
29 -9 -17
29 -9 -22
29 -10 -4
29 -11 -3
29 -11 -4
29 -11 -6
29 -11 -7
29 -11 -19
29 -12 -1
29 -12 -2
29 -12 -15
29 -13 -10
29 -14 -11
29 -15 -5
29 -15 -8
29 -16 0
29 -16 -1
29 -16 -18
29 -16 -20
29 -17 -9
29 -17 -22
29 -18 -1
29 -19 -11
29 -19 -15
29 -19 -17
29 -20 -4
29 -20 -10
29 -20 -13
29 -20 -14
29 -20 -19
29 -21 -7
29 -21 -10
29 -21 -13
29 -21 -20
29 -22 -1
29 -22 -6
29 -22 -8
29 -22 -12
29 -23 -3
29 -23 -7
29 -23 -13
29 -23 -15
29 -23 -23
30 0 -11
30 0 -13
30 0 -18
30 0 -20
30 0 -21
30 -1 -5
30 -1 -6
30 -1 -15
30 -1 -16
30 -1 -20
30 -2 0
30 -2 -1
30 -2 -2
30 -2 -14
30 -2 -21
30 -2 -23
30 -3 0
30 -3 -1
30 -3 -21
30 -3 -23
30 -4 -1
30 -4 -15
30 -5 -1
30 -5 -12
30 -5 -18
30 -6 -15
30 -6 -18
30 -6 -23
30 -7 -4
30 -7 -6
30 -7 -9
30 -7 -13
30 -8 -8
30 -8 -13
30 -8 -15
30 -9 -17
30 -9 -22
30 -10 -4
30 -11 -3
30 -11 -4
30 -11 -6
30 -11 -7
30 -11 -19
30 -12 -1
30 -12 -2
30 -12 -15
30 -13 -10
30 -14 -11
30 -15 -5
30 -15 -8
30 -16 0
30 -16 -1
30 -16 -18
30 -16 -20
30 -17 -9
30 -17 -22
30 -18 -1
30 -19 -11
30 -19 -15
30 -19 -17
30 -20 -4
30 -20 -10
30 -20 -13
30 -20 -14
30 -20 -19
30 -21 -7
30 -21 -10
30 -21 -13
30 -21 -20
30 -22 -1
30 -22 -6
30 -22 -8
30 -22 -12
30 -23 -3
30 -23 -7
30 -23 -13
30 -23 -15
30 -23 -23
31 0 -11
31 0 -13
31 0 -18
31 0 -20
31 0 -21
31 -1 -5
31 -1 -6
31 -1 -15
31 -1 -16
31 -1 -20
31 -2 0
31 -2 -1
31 -2 -2
31 -2 -14
31 -2 -21
31 -2 -23
31 -3 0
31 -3 -1
31 -3 -21
31 -3 -23
31 -4 -1
31 -4 -15
31 -5 -1
31 -5 -12
31 -5 -18
31 -6 -15
31 -6 -18
31 -6 -23
31 -7 -4
31 -7 -6
31 -7 -9
31 -7 -13
31 -8 -8
31 -8 -13
31 -8 -15
31 -9 -17
31 -9 -22
31 -10 -4
31 -11 -3
31 -11 -4
31 -11 -6
31 -11 -7
31 -11 -19
31 -12 -1
31 -12 -2
31 -12 -15
31 -13 -10
31 -14 -11
31 -15 -5
31 -15 -8
31 -16 0
31 -16 -1
31 -16 -18
31 -16 -20
31 -17 -9
31 -17 -22
31 -18 -1
31 -19 -11
31 -19 -15
31 -19 -17
31 -20 -4
31 -20 -10
31 -20 -13
31 -20 -14
31 -20 -19
31 -21 -7
31 -21 -10
31 -21 -13
31 -21 -20
31 -22 -1
31 -22 -6
31 -22 -8
31 -22 -12
31 -23 -3
31 -23 -7
31 -23 -13
31 -23 -15
31 -23 -23
32 0 -11
32 0 -13
32 0 -18
32 0 -20
32 0 -21
32 -1 -5
32 -1 -6
32 -1 -15
32 -1 -16
32 -1 -20
32 -2 0
32 -2 -1
32 -2 -2
32 -2 -14
32 -2 -21
32 -2 -23
32 -3 0
32 -3 -1
32 -3 -21
32 -3 -23
32 -4 -1
32 -4 -15
32 -5 -1
32 -5 -12
32 -5 -18
32 -6 -15
32 -6 -18
32 -6 -23
32 -7 -4
32 -7 -6
32 -7 -9
32 -7 -13
32 -8 -8
32 -8 -13
32 -8 -15
32 -9 -17
32 -9 -22
32 -10 -4
32 -11 -3
32 -11 -4
32 -11 -6
32 -11 -7
32 -11 -19
32 -12 -1
32 -12 -2
32 -12 -15
32 -13 -10
32 -14 -11
32 -15 -5
32 -15 -8
32 -16 0
32 -16 -1
32 -16 -18
32 -16 -20
32 -17 -9
32 -17 -22
32 -18 -1
32 -19 -11
32 -19 -15
32 -19 -17
32 -20 -4
32 -20 -10
32 -20 -13
32 -20 -14
32 -20 -19
32 -21 -7
32 -21 -10
32 -21 -13
32 -21 -20
32 -22 -1
32 -22 -6
32 -22 -8
32 -22 -12
32 -23 -3
32 -23 -7
32 -23 -13
32 -23 -15
32 -23 -23
33 0 -11
33 0 -13
33 0 -18
33 0 -20
33 0 -21
33 -1 -5
33 -1 -6
33 -1 -15
33 -1 -16
33 -1 -20
33 -2 0
33 -2 -1
33 -2 -2
33 -2 -14
33 -2 -21
33 -2 -23
33 -3 0
33 -3 -1
33 -3 -21
33 -3 -23
33 -4 -1
33 -4 -15
33 -5 -1
33 -5 -12
33 -5 -18
33 -6 -15
33 -6 -18
33 -6 -23
33 -7 -4
33 -7 -6
33 -7 -9
33 -7 -13
33 -8 -8
33 -8 -13
33 -8 -15
33 -9 -17
33 -9 -22
33 -10 -4
33 -11 -3
33 -11 -4
33 -11 -6
33 -11 -7
33 -11 -19
33 -12 -1
33 -12 -2
33 -12 -15
33 -13 -10
33 -14 -11
33 -15 -5
33 -15 -8
33 -16 0
33 -16 -1
33 -16 -18
33 -16 -20
33 -17 -9
33 -17 -22
33 -18 -1
33 -19 -11
33 -19 -15
33 -19 -17
33 -20 -4
33 -20 -10
33 -20 -13
33 -20 -14
33 -20 -19
33 -21 -7
33 -21 -10
33 -21 -13
33 -21 -20
33 -22 -1
33 -22 -6
33 -22 -8
33 -22 -12
33 -23 -3
33 -23 -7
33 -23 -13
33 -23 -15
33 -23 -23
34 0 -11
34 0 -13
34 0 -18
34 0 -20
34 0 -21
34 -1 -5
34 -1 -6
34 -1 -15
34 -1 -16
34 -1 -20
34 -2 0
34 -2 -1
34 -2 -2
34 -2 -14
34 -2 -21
34 -2 -23
34 -3 0
34 -3 -1
34 -3 -21
34 -3 -23
34 -4 -1
34 -4 -15
34 -5 -1
34 -5 -12
34 -5 -18
34 -6 -15
34 -6 -18
34 -6 -23
34 -7 -4
34 -7 -6
34 -7 -9
34 -7 -13
34 -8 -8
34 -8 -13
34 -8 -15
34 -9 -17
34 -9 -22
34 -10 -4
34 -11 -3
34 -11 -4
34 -11 -6
34 -11 -7
34 -11 -19
34 -12 -1
34 -12 -2
34 -12 -15
34 -13 -10
34 -14 -11
34 -15 -5
34 -15 -8
34 -16 0
34 -16 -1
34 -16 -18
34 -16 -20
34 -17 -9
34 -17 -22
34 -18 -1
34 -19 -11
34 -19 -15
34 -19 -17
34 -20 -4
34 -20 -10
34 -20 -13
34 -20 -14
34 -20 -19
34 -21 -7
34 -21 -10
34 -21 -13
34 -21 -20
34 -22 -1
34 -22 -6
34 -22 -8
34 -22 -12
34 -23 -3
34 -23 -7
34 -23 -13
34 -23 -15
34 -23 -23
35 0 -11
35 0 -13
35 0 -18
35 0 -20
35 0 -21
35 -1 -5
35 -1 -6
35 -1 -15
35 -1 -16
35 -1 -20
35 -2 0
35 -2 -1
35 -2 -2
35 -2 -14
35 -2 -21
35 -2 -23
35 -3 0
35 -3 -1
35 -3 -21
35 -3 -23
35 -4 -1
35 -4 -15
35 -5 -1
35 -5 -12
35 -5 -18
35 -6 -15
35 -6 -18
35 -6 -23
35 -7 -4
35 -7 -6
35 -7 -9
35 -7 -13
35 -8 -8
35 -8 -13
35 -8 -15
35 -9 -17
35 -9 -22
35 -10 -4
35 -11 -3
35 -11 -4
35 -11 -6
35 -11 -7
35 -11 -19
35 -12 -1
35 -12 -2
35 -12 -15
35 -13 -10
35 -14 -11
35 -15 -5
35 -15 -8
35 -16 0
35 -16 -1
35 -16 -18
35 -16 -20
35 -17 -9
35 -17 -22
35 -18 -1
35 -19 -11
35 -19 -15
35 -19 -17
35 -20 -4
35 -20 -10
35 -20 -13
35 -20 -14
35 -20 -19
35 -21 -7
35 -21 -10
35 -21 -13
35 -21 -20
35 -22 -1
35 -22 -6
35 -22 -8
35 -22 -12
35 -23 -3
35 -23 -7
35 -23 -13
35 -23 -15
35 -23 -23
36 0 -11
36 0 -13
36 0 -18
36 0 -20
36 0 -21
36 -1 -5
36 -1 -6
36 -1 -15
36 -1 -16
36 -1 -20
36 -2 0
36 -2 -1
36 -2 -2
36 -2 -14
36 -2 -21
36 -2 -23
36 -3 0
36 -3 -1
36 -3 -21
36 -3 -23
36 -4 -1
36 -4 -15
36 -5 -1
36 -5 -12
36 -5 -18
36 -6 -15
36 -6 -18
36 -6 -23
36 -7 -4
36 -7 -6
36 -7 -9
36 -7 -13
36 -8 -8
36 -8 -13
36 -8 -15
36 -9 -17
36 -9 -22
36 -10 -4
36 -11 -3
36 -11 -4
36 -11 -6
36 -11 -7
36 -11 -19
36 -12 -1
36 -12 -2
36 -12 -15
36 -13 -10
36 -14 -11
36 -15 -5
36 -15 -8
36 -16 0
36 -16 -1
36 -16 -18
36 -16 -20
36 -17 -9
36 -17 -22
36 -18 -1
36 -19 -11
36 -19 -15
36 -19 -17
36 -20 -4
36 -20 -10
36 -20 -13
36 -20 -14
36 -20 -19
36 -21 -7
36 -21 -10
36 -21 -13
36 -21 -20
36 -22 -1
36 -22 -6
36 -22 -8
36 -22 -12
36 -23 -3
36 -23 -7
36 -23 -13
36 -23 -15
36 -23 -23
37 0 -11
37 0 -13
37 0 -18
37 0 -20
37 0 -21
37 -1 -5
37 -1 -6
37 -1 -15
37 -1 -16
37 -1 -20
37 -2 0
37 -2 -1
37 -2 -2
37 -2 -14
37 -2 -21
37 -2 -23
37 -3 0
37 -3 -1
37 -3 -21
37 -3 -23
37 -4 -1
37 -4 -15
37 -5 -1
37 -5 -12
37 -5 -18
37 -6 -15
37 -6 -18
37 -6 -23
37 -7 -4
37 -7 -6
37 -7 -9
37 -7 -13
37 -8 -8
37 -8 -13
37 -8 -15
37 -9 -17
37 -9 -22
37 -10 -4
37 -11 -3
37 -11 -4
37 -11 -6
37 -11 -7
37 -11 -19
37 -12 -1
37 -12 -2
37 -12 -15
37 -13 -10
37 -14 -11
37 -15 -5
37 -15 -8
37 -16 0
37 -16 -1
37 -16 -18
37 -16 -20
37 -17 -9
37 -17 -22
37 -18 -1
37 -19 -11
37 -19 -15
37 -19 -17
37 -20 -4
37 -20 -10
37 -20 -13
37 -20 -14
37 -20 -19
37 -21 -7
37 -21 -10
37 -21 -13
37 -21 -20
37 -22 -1
37 -22 -6
37 -22 -8
37 -22 -12
37 -23 -3
37 -23 -7
37 -23 -13
37 -23 -15
37 -23 -23
38 0 -11
38 0 -13
38 0 -18
38 0 -20
38 0 -21
38 -1 -5
38 -1 -6
38 -1 -15
38 -1 -16
38 -1 -20
38 -2 0
38 -2 -1
38 -2 -2
38 -2 -14
38 -2 -21
38 -2 -23
38 -3 0
38 -3 -1
38 -3 -21
38 -3 -23
38 -4 -1
38 -4 -15
38 -5 -1
38 -5 -12
38 -5 -18
38 -6 -15
38 -6 -18
38 -6 -23
38 -7 -4
38 -7 -6
38 -7 -9
38 -7 -13
38 -8 -8
38 -8 -13
38 -8 -15
38 -9 -17
38 -9 -22
38 -10 -4
38 -11 -3
38 -11 -4
38 -11 -6
38 -11 -7
38 -11 -19
38 -12 -1
38 -12 -2
38 -12 -15
38 -13 -10
38 -14 -11
38 -15 -5
38 -15 -8
38 -16 0
38 -16 -1
38 -16 -18
38 -16 -20
38 -17 -9
38 -17 -22
38 -18 -1
38 -19 -11
38 -19 -15
38 -19 -17
38 -20 -4
38 -20 -10
38 -20 -13
38 -20 -14
38 -20 -19
38 -21 -7
38 -21 -10
38 -21 -13
38 -21 -20
38 -22 -1
38 -22 -6
38 -22 -8
38 -22 -12
38 -23 -3
38 -23 -7
38 -23 -13
38 -23 -15
38 -23 -23
39 0 -11
39 0 -13
39 0 -18
39 0 -20
39 0 -21
39 -1 -5
39 -1 -6
39 -1 -15
39 -1 -16
39 -1 -20
39 -2 0
39 -2 -1
39 -2 -2
39 -2 -14
39 -2 -21
39 -2 -23
39 -3 0
39 -3 -1
39 -3 -21
39 -3 -23
39 -4 -1
39 -4 -15
39 -5 -1
39 -5 -12
39 -5 -18
39 -6 -15
39 -6 -18
39 -6 -23
39 -7 -4
39 -7 -6
39 -7 -9
39 -7 -13
39 -8 -8
39 -8 -13
39 -8 -15
39 -9 -17
39 -9 -22
39 -10 -4
39 -11 -3
39 -11 -4
39 -11 -6
39 -11 -7
39 -11 -19
39 -12 -1
39 -12 -2
39 -12 -15
39 -13 -10
39 -14 -11
39 -15 -5
39 -15 -8
39 -16 0
39 -16 -1
39 -16 -18
39 -16 -20
39 -17 -9
39 -17 -22
39 -18 -1
39 -19 -11
39 -19 -15
39 -19 -17
39 -20 -4
39 -20 -10
39 -20 -13
39 -20 -14
39 -20 -19
39 -21 -7
39 -21 -10
39 -21 -13
39 -21 -20
39 -22 -1
39 -22 -6
39 -22 -8
39 -22 -12
39 -23 -3
39 -23 -7
39 -23 -13
39 -23 -15
39 -23 -23
40 0 -11
40 0 -13
40 0 -18
40 0 -20
40 0 -21
40 -1 -5
40 -1 -6
40 -1 -15
40 -1 -16
40 -1 -20
40 -2 0
40 -2 -1
40 -2 -2
40 -2 -14
40 -2 -21
40 -2 -23
40 -3 0
40 -3 -1
40 -3 -21
40 -3 -23
40 -4 -1
40 -4 -15
40 -5 -1
40 -5 -12
40 -5 -18
40 -6 -15
40 -6 -18
40 -6 -23
40 -7 -4
40 -7 -6
40 -7 -9
40 -7 -13
40 -8 -8
40 -8 -13
40 -8 -15
40 -9 -17
40 -9 -22
40 -10 -4
40 -11 -3
40 -11 -4
40 -11 -6
40 -11 -7
40 -11 -19
40 -12 -1
40 -12 -2
40 -12 -15
40 -13 -10
40 -14 -11
40 -15 -5
40 -15 -8
40 -16 0
40 -16 -1
40 -16 -18
40 -16 -20
40 -17 -9
40 -17 -22
40 -18 -1
40 -19 -11
40 -19 -15
40 -19 -17
40 -20 -4
40 -20 -10
40 -20 -13
40 -20 -14
40 -20 -19
40 -21 -7
40 -21 -10
40 -21 -13
40 -21 -20
40 -22 -1
40 -22 -6
40 -22 -8
40 -22 -12
40 -23 -3
40 -23 -7
40 -23 -13
40 -23 -15
40 -23 -23
41 0 -11
41 0 -13
41 0 -18
41 0 -20
41 0 -21
41 -1 -5
41 -1 -6
41 -1 -15
41 -1 -16
41 -1 -20
41 -2 0
41 -2 -1
41 -2 -2
41 -2 -14
41 -2 -21
41 -2 -23
41 -3 0
41 -3 -1
41 -3 -21
41 -3 -23
41 -4 -1
41 -4 -15
41 -5 -1
41 -5 -12
41 -5 -18
41 -6 -15
41 -6 -18
41 -6 -23
41 -7 -4
41 -7 -6
41 -7 -9
41 -7 -13
41 -8 -8
41 -8 -13
41 -8 -15
41 -9 -17
41 -9 -22
41 -10 -4
41 -11 -3
41 -11 -4
41 -11 -6
41 -11 -7
41 -11 -19
41 -12 -1
41 -12 -2
41 -12 -15
41 -13 -10
41 -14 -11
41 -15 -5
41 -15 -8
41 -16 0
41 -16 -1
41 -16 -18
41 -16 -20
41 -17 -9
41 -17 -22
41 -18 -1
41 -19 -11
41 -19 -15
41 -19 -17
41 -20 -4
41 -20 -10
41 -20 -13
41 -20 -14
41 -20 -19
41 -21 -7
41 -21 -10
41 -21 -13
41 -21 -20
41 -22 -1
41 -22 -6
41 -22 -8
41 -22 -12
41 -23 -3
41 -23 -7
41 -23 -13
41 -23 -15
41 -23 -23
42 0 -11
42 0 -13
42 0 -18
42 0 -20
42 0 -21
42 -1 -5
42 -1 -6
42 -1 -15
42 -1 -16
42 -1 -20
42 -2 0
42 -2 -1
42 -2 -2
42 -2 -14
42 -2 -21
42 -2 -23
42 -3 0
42 -3 -1
42 -3 -21
42 -3 -23
42 -4 -1
42 -4 -15
42 -5 -1
42 -5 -12
42 -5 -18
42 -6 -15
42 -6 -18
42 -6 -23
42 -7 -4
42 -7 -6
42 -7 -9
42 -7 -13
42 -8 -8
42 -8 -13
42 -8 -15
42 -9 -17
42 -9 -22
42 -10 -4
42 -11 -3
42 -11 -4
42 -11 -6
42 -11 -7
42 -11 -19
42 -12 -1
42 -12 -2
42 -12 -15
42 -13 -10
42 -14 -11
42 -15 -5
42 -15 -8
42 -16 0
42 -16 -1
42 -16 -18
42 -16 -20
42 -17 -9
42 -17 -22
42 -18 -1
42 -19 -11
42 -19 -15
42 -19 -17
42 -20 -4
42 -20 -10
42 -20 -13
42 -20 -14
42 -20 -19
42 -21 -7
42 -21 -10
42 -21 -13
42 -21 -20
42 -22 -1
42 -22 -6
42 -22 -8
42 -22 -12
42 -23 -3
42 -23 -7
42 -23 -13
42 -23 -15
42 -23 -23
43 0 -11
43 0 -13
43 0 -18
43 0 -20
43 0 -21
43 -1 -5
43 -1 -6
43 -1 -15
43 -1 -16
43 -1 -20
43 -2 0
43 -2 -1
43 -2 -2
43 -2 -14
43 -2 -21
43 -2 -23
43 -3 0
43 -3 -1
43 -3 -21
43 -3 -23
43 -4 -1
43 -4 -15
43 -5 -1
43 -5 -12
43 -5 -18
43 -6 -15
43 -6 -18
43 -6 -23
43 -7 -4
43 -7 -6
43 -7 -9
43 -7 -13
43 -8 -8
43 -8 -13
43 -8 -15
43 -9 -17
43 -9 -22
43 -10 -4
43 -11 -3
43 -11 -4
43 -11 -6
43 -11 -7
43 -11 -19
43 -12 -1
43 -12 -2
43 -12 -15
43 -13 -10
43 -14 -11
43 -15 -5
43 -15 -8
43 -16 0
43 -16 -1
43 -16 -18
43 -16 -20
43 -17 -9
43 -17 -22
43 -18 -1
43 -19 -11
43 -19 -15
43 -19 -17
43 -20 -4
43 -20 -10
43 -20 -13
43 -20 -14
43 -20 -19
43 -21 -7
43 -21 -10
43 -21 -13
43 -21 -20
43 -22 -1
43 -22 -6
43 -22 -8
43 -22 -12
43 -23 -3
43 -23 -7
43 -23 -13
43 -23 -15
43 -23 -23
44 0 -11
44 0 -13
44 0 -18
44 0 -20
44 0 -21
44 -1 -5
44 -1 -6
44 -1 -15
44 -1 -16
44 -1 -20
44 -2 0
44 -2 -1
44 -2 -2
44 -2 -14
44 -2 -21
44 -2 -23
44 -3 0
44 -3 -1
44 -3 -21
44 -3 -23
44 -4 -1
44 -4 -15
44 -5 -1
44 -5 -12
44 -5 -18
44 -6 -15
44 -6 -18
44 -6 -23
44 -7 -4
44 -7 -6
44 -7 -9
44 -7 -13
44 -8 -8
44 -8 -13
44 -8 -15
44 -9 -17
44 -9 -22
44 -10 -4
44 -11 -3
44 -11 -4
44 -11 -6
44 -11 -7
44 -11 -19
44 -12 -1
44 -12 -2
44 -12 -15
44 -13 -10
44 -14 -11
44 -15 -5
44 -15 -8
44 -16 0
44 -16 -1
44 -16 -18
44 -16 -20
44 -17 -9
44 -17 -22
44 -18 -1
44 -19 -11
44 -19 -15
44 -19 -17
44 -20 -4
44 -20 -10
44 -20 -13
44 -20 -14
44 -20 -19
44 -21 -7
44 -21 -10
44 -21 -13
44 -21 -20
44 -22 -1
44 -22 -6
44 -22 -8
44 -22 -12
44 -23 -3
44 -23 -7
44 -23 -13
44 -23 -15
44 -23 -23
45 0 -11
45 0 -13
45 0 -18
45 0 -20
45 0 -21
45 -1 -5
45 -1 -6
45 -1 -15
45 -1 -16
45 -1 -20
45 -2 0
45 -2 -1
45 -2 -2
45 -2 -14
45 -2 -21
45 -2 -23
45 -3 0
45 -3 -1
45 -3 -21
45 -3 -23
45 -4 -1
45 -4 -15
45 -5 -1
45 -5 -12
45 -5 -18
45 -6 -15
45 -6 -18
45 -6 -23
45 -7 -4
45 -7 -6
45 -7 -9
45 -7 -13
45 -8 -8
45 -8 -13
45 -8 -15
45 -9 -17
45 -9 -22
45 -10 -4
45 -11 -3
45 -11 -4
45 -11 -6
45 -11 -7
45 -11 -19
45 -12 -1
45 -12 -2
45 -12 -15
45 -13 -10
45 -14 -11
45 -15 -5
45 -15 -8
45 -16 0
45 -16 -1
45 -16 -18
45 -16 -20
45 -17 -9
45 -17 -22
45 -18 -1
45 -19 -11
45 -19 -15
45 -19 -17
45 -20 -4
45 -20 -10
45 -20 -13
45 -20 -14
45 -20 -19
45 -21 -7
45 -21 -10
45 -21 -13
45 -21 -20
45 -22 -1
45 -22 -6
45 -22 -8
45 -22 -12
45 -23 -3
45 -23 -7
45 -23 -13
45 -23 -15
45 -23 -23
46 0 -11
46 0 -13
46 0 -18
46 0 -20
46 0 -21
46 -1 -5
46 -1 -6
46 -1 -15
46 -1 -16
46 -1 -20
46 -2 0
46 -2 -1
46 -2 -2
46 -2 -14
46 -2 -21
46 -2 -23
46 -3 0
46 -3 -1
46 -3 -21
46 -3 -23
46 -4 -1
46 -4 -15
46 -5 -1
46 -5 -12
46 -5 -18
46 -6 -15
46 -6 -18
46 -6 -23
46 -7 -4
46 -7 -6
46 -7 -9
46 -7 -13
46 -8 -8
46 -8 -13
46 -8 -15
46 -9 -17
46 -9 -22
46 -10 -4
46 -11 -3
46 -11 -4
46 -11 -6
46 -11 -7
46 -11 -19
46 -12 -1
46 -12 -2
46 -12 -15
46 -13 -10
46 -14 -11
46 -15 -5
46 -15 -8
46 -16 0
46 -16 -1
46 -16 -18
46 -16 -20
46 -17 -9
46 -17 -22
46 -18 -1
46 -19 -11
46 -19 -15
46 -19 -17
46 -20 -4
46 -20 -10
46 -20 -13
46 -20 -14
46 -20 -19
46 -21 -7
46 -21 -10
46 -21 -13
46 -21 -20
46 -22 -1
46 -22 -6
46 -22 -8
46 -22 -12
46 -23 -3
46 -23 -7
46 -23 -13
46 -23 -15
46 -23 -23
47 0 -11
47 0 -13
47 0 -18
47 0 -20
47 0 -21
47 -1 -5
47 -1 -6
47 -1 -15
47 -1 -16
47 -1 -20
47 -2 0
47 -2 -1
47 -2 -2
47 -2 -14
47 -2 -21
47 -2 -23
47 -3 0
47 -3 -1
47 -3 -21
47 -3 -23
47 -4 -1
47 -4 -15
47 -5 -1
47 -5 -12
47 -5 -18
47 -6 -15
47 -6 -18
47 -6 -23
47 -7 -4
47 -7 -6
47 -7 -9
47 -7 -13
47 -8 -8
47 -8 -13
47 -8 -15
47 -9 -17
47 -9 -22
47 -10 -4
47 -11 -3
47 -11 -4
47 -11 -6
47 -11 -7
47 -11 -19
47 -12 -1
47 -12 -2
47 -12 -15
47 -13 -10
47 -14 -11
47 -15 -5
47 -15 -8
47 -16 0
47 -16 -1
47 -16 -18
47 -16 -20
47 -17 -9
47 -17 -22
47 -18 -1
47 -19 -11
47 -19 -15
47 -19 -17
47 -20 -4
47 -20 -10
47 -20 -13
47 -20 -14
47 -20 -19
47 -21 -7
47 -21 -10
47 -21 -13
47 -21 -20
47 -22 -1
47 -22 -6
47 -22 -8
47 -22 -12
47 -23 -3
47 -23 -7
47 -23 -13
47 -23 -15
47 -23 -23
48 0 -11
48 0 -13
48 0 -18
48 0 -20
48 0 -21
48 -1 -5
48 -1 -6
48 -1 -15
48 -1 -16
48 -1 -20
48 -2 0
48 -2 -1
48 -2 -2
48 -2 -14
48 -2 -21
48 -2 -23
48 -3 0
48 -3 -1
48 -3 -21
48 -3 -23
48 -4 -1
48 -4 -15
48 -5 -1
48 -5 -12
48 -5 -18
48 -6 -15
48 -6 -18
48 -6 -23
48 -7 -4
48 -7 -6
48 -7 -9
48 -7 -13
48 -8 -8
48 -8 -13
48 -8 -15
48 -9 -17
48 -9 -22
48 -10 -4
48 -11 -3
48 -11 -4
48 -11 -6
48 -11 -7
48 -11 -19
48 -12 -1
48 -12 -2
48 -12 -15
48 -13 -10
48 -14 -11
48 -15 -5
48 -15 -8
48 -16 0
48 -16 -1
48 -16 -18
48 -16 -20
48 -17 -9
48 -17 -22
48 -18 -1
48 -19 -11
48 -19 -15
48 -19 -17
48 -20 -4
48 -20 -10
48 -20 -13
48 -20 -14
48 -20 -19
48 -21 -7
48 -21 -10
48 -21 -13
48 -21 -20
48 -22 -1
48 -22 -6
48 -22 -8
48 -22 -12
48 -23 -3
48 -23 -7
48 -23 -13
48 -23 -15
48 -23 -23
49 0 -11
49 0 -13
49 0 -18
49 0 -20
49 0 -21
49 -1 -5
49 -1 -6
49 -1 -15
49 -1 -16
49 -1 -20
49 -2 0
49 -2 -1
49 -2 -2
49 -2 -14
49 -2 -21
49 -2 -23
49 -3 0
49 -3 -1
49 -3 -21
49 -3 -23
49 -4 -1
49 -4 -15
49 -5 -1
49 -5 -12
49 -5 -18
49 -6 -15
49 -6 -18
49 -6 -23
49 -7 -4
49 -7 -6
49 -7 -9
49 -7 -13
49 -8 -8
49 -8 -13
49 -8 -15
49 -9 -17
49 -9 -22
49 -10 -4
49 -11 -3
49 -11 -4
49 -11 -6
49 -11 -7
49 -11 -19
49 -12 -1
49 -12 -2
49 -12 -15
49 -13 -10
49 -14 -11
49 -15 -5
49 -15 -8
49 -16 0
49 -16 -1
49 -16 -18
49 -16 -20
49 -17 -9
49 -17 -22
49 -18 -1
49 -19 -11
49 -19 -15
49 -19 -17
49 -20 -4
49 -20 -10
49 -20 -13
49 -20 -14
49 -20 -19
49 -21 -7
49 -21 -10
49 -21 -13
49 -21 -20
49 -22 -1
49 -22 -6
49 -22 -8
49 -22 -12
49 -23 -3
49 -23 -7
49 -23 -13
49 -23 -15
49 -23 -23
50 0 -11
50 0 -13
50 0 -18
50 0 -20
50 0 -21
50 -1 -5
50 -1 -6
50 -1 -15
50 -1 -16
50 -1 -20
50 -2 0
50 -2 -1
50 -2 -2
50 -2 -14
50 -2 -21
50 -2 -23
50 -3 0
50 -3 -1
50 -3 -21
50 -3 -23
50 -4 -1
50 -4 -15
50 -5 -1
50 -5 -12
50 -5 -18
50 -6 -15
50 -6 -18
50 -6 -23
50 -7 -4
50 -7 -6
50 -7 -9
50 -7 -13
50 -8 -8
50 -8 -13
50 -8 -15
50 -9 -17
50 -9 -22
50 -10 -4
50 -11 -3
50 -11 -4
50 -11 -6
50 -11 -7
50 -11 -19
50 -12 -1
50 -12 -2
50 -12 -15
50 -13 -10
50 -14 -11
50 -15 -5
50 -15 -8
50 -16 0
50 -16 -1
50 -16 -18
50 -16 -20
50 -17 -9
50 -17 -22
50 -18 -1
50 -19 -11
50 -19 -15
50 -19 -17
50 -20 -4
50 -20 -10
50 -20 -13
50 -20 -14
50 -20 -19
50 -21 -7
50 -21 -10
50 -21 -13
50 -21 -20
50 -22 -1
50 -22 -6
50 -22 -8
50 -22 -12
50 -23 -3
50 -23 -7
50 -23 -13
50 -23 -15
50 -23 -23
51 0 -11
51 0 -13
51 0 -18
51 0 -20
51 0 -21
51 -1 -5
51 -1 -6
51 -1 -15
51 -1 -16
51 -1 -20
51 -2 0
51 -2 -1
51 -2 -2
51 -2 -14
51 -2 -21
51 -2 -23
51 -3 0
51 -3 -1
51 -3 -21
51 -3 -23
51 -4 -1
51 -4 -15
51 -5 -1
51 -5 -12
51 -5 -18
51 -6 -15
51 -6 -18
51 -6 -23
51 -7 -4
51 -7 -6
51 -7 -9
51 -7 -13
51 -8 -8
51 -8 -13
51 -8 -15
51 -9 -17
51 -9 -22
51 -10 -4
51 -11 -3
51 -11 -4
51 -11 -6
51 -11 -7
51 -11 -19
51 -12 -1
51 -12 -2
51 -12 -15
51 -13 -10
51 -14 -11
51 -15 -5
51 -15 -8
51 -16 0
51 -16 -1
51 -16 -18
51 -16 -20
51 -17 -9
51 -17 -22
51 -18 -1
51 -19 -11
51 -19 -15
51 -19 -17
51 -20 -4
51 -20 -10
51 -20 -13
51 -20 -14
51 -20 -19
51 -21 -7
51 -21 -10
51 -21 -13
51 -21 -20
51 -22 -1
51 -22 -6
51 -22 -8
51 -22 -12
51 -23 -3
51 -23 -7
51 -23 -13
51 -23 -15
51 -23 -23
52 0 -11
52 0 -13
52 0 -18
52 0 -20
52 0 -21
52 -1 -5
52 -1 -6
52 -1 -15
52 -1 -16
52 -1 -20
52 -2 0
52 -2 -1
52 -2 -2
52 -2 -14
52 -2 -21
52 -2 -23
52 -3 0
52 -3 -1
52 -3 -21
52 -3 -23
52 -4 -1
52 -4 -15
52 -5 -1
52 -5 -12
52 -5 -18
52 -6 -15
52 -6 -18
52 -6 -23
52 -7 -4
52 -7 -6
52 -7 -9
52 -7 -13
52 -8 -8
52 -8 -13
52 -8 -15
52 -9 -17
52 -9 -22
52 -10 -4
52 -11 -3
52 -11 -4
52 -11 -6
52 -11 -7
52 -11 -19
52 -12 -1
52 -12 -2
52 -12 -15
52 -13 -10
52 -14 -11
52 -15 -5
52 -15 -8
52 -16 0
52 -16 -1
52 -16 -18
52 -16 -20
52 -17 -9
52 -17 -22
52 -18 -1
52 -19 -11
52 -19 -15
52 -19 -17
52 -20 -4
52 -20 -10
52 -20 -13
52 -20 -14
52 -20 -19
52 -21 -7
52 -21 -10
52 -21 -13
52 -21 -20
52 -22 -1
52 -22 -6
52 -22 -8
52 -22 -12
52 -23 -3
52 -23 -7
52 -23 -13
52 -23 -15
52 -23 -23
53 0 -11
53 0 -13
53 0 -18
53 0 -20
53 0 -21
53 -1 -5
53 -1 -6
53 -1 -15
53 -1 -16
53 -1 -20
53 -2 0
53 -2 -1
53 -2 -2
53 -2 -14
53 -2 -21
53 -2 -23
53 -3 0
53 -3 -1
53 -3 -21
53 -3 -23
53 -4 -1
53 -4 -15
53 -5 -1
53 -5 -12
53 -5 -18
53 -6 -15
53 -6 -18
53 -6 -23
53 -7 -4
53 -7 -6
53 -7 -9
53 -7 -13
53 -8 -8
53 -8 -13
53 -8 -15
53 -9 -17
53 -9 -22
53 -10 -4
53 -11 -3
53 -11 -4
53 -11 -6
53 -11 -7
53 -11 -19
53 -12 -1
53 -12 -2
53 -12 -15
53 -13 -10
53 -14 -11
53 -15 -5
53 -15 -8
53 -16 0
53 -16 -1
53 -16 -18
53 -16 -20
53 -17 -9
53 -17 -22
53 -18 -1
53 -19 -11
53 -19 -15
53 -19 -17
53 -20 -4
53 -20 -10
53 -20 -13
53 -20 -14
53 -20 -19
53 -21 -7
53 -21 -10
53 -21 -13
53 -21 -20
53 -22 -1
53 -22 -6
53 -22 -8
53 -22 -12
53 -23 -3
53 -23 -7
53 -23 -13
53 -23 -15
53 -23 -23
54 0 -11
54 0 -13
54 0 -18
54 0 -20
54 0 -21
54 -1 -5
54 -1 -6
54 -1 -15
54 -1 -16
54 -1 -20
54 -2 0
54 -2 -1
54 -2 -2
54 -2 -14
54 -2 -21
54 -2 -23
54 -3 0
54 -3 -1
54 -3 -21
54 -3 -23
54 -4 -1
54 -4 -15
54 -5 -1
54 -5 -12
54 -5 -18
54 -6 -15
54 -6 -18
54 -6 -23
54 -7 -4
54 -7 -6
54 -7 -9
54 -7 -13
54 -8 -8
54 -8 -13
54 -8 -15
54 -9 -17
54 -9 -22
54 -10 -4
54 -11 -3
54 -11 -4
54 -11 -6
54 -11 -7
54 -11 -19
54 -12 -1
54 -12 -2
54 -12 -15
54 -13 -10
54 -14 -11
54 -15 -5
54 -15 -8
54 -16 0
54 -16 -1
54 -16 -18
54 -16 -20
54 -17 -9
54 -17 -22
54 -18 -1
54 -19 -11
54 -19 -15
54 -19 -17
54 -20 -4
54 -20 -10
54 -20 -13
54 -20 -14
54 -20 -19
54 -21 -7
54 -21 -10
54 -21 -13
54 -21 -20
54 -22 -1
54 -22 -6
54 -22 -8
54 -22 -12
54 -23 -3
54 -23 -7
54 -23 -13
54 -23 -15
54 -23 -23
55 0 -11
55 0 -13
55 0 -18
55 0 -20
55 0 -21
55 -1 -5
55 -1 -6
55 -1 -15
55 -1 -16
55 -1 -20
55 -2 0
55 -2 -1
55 -2 -2
55 -2 -14
55 -2 -21
55 -2 -23
55 -3 0
55 -3 -1
55 -3 -21
55 -3 -23
55 -4 -1
55 -4 -15
55 -5 -1
55 -5 -12
55 -5 -18
55 -6 -15
55 -6 -18
55 -6 -23
55 -7 -4
55 -7 -6
55 -7 -9
55 -7 -13
55 -8 -8
55 -8 -13
55 -8 -15
55 -9 -17
55 -9 -22
55 -10 -4
55 -11 -3
55 -11 -4
55 -11 -6
55 -11 -7
55 -11 -19
55 -12 -1
55 -12 -2
55 -12 -15
55 -13 -10
55 -14 -11
55 -15 -5
55 -15 -8
55 -16 0
55 -16 -1
55 -16 -18
55 -16 -20
55 -17 -9
55 -17 -22
55 -18 -1
55 -19 -11
55 -19 -15
55 -19 -17
55 -20 -4
55 -20 -10
55 -20 -13
55 -20 -14
55 -20 -19
55 -21 -7
55 -21 -10
55 -21 -13
55 -21 -20
55 -22 -1
55 -22 -6
55 -22 -8
55 -22 -12
55 -23 -3
55 -23 -7
55 -23 -13
55 -23 -15
55 -23 -23
56 0 -11
56 0 -13
56 0 -18
56 0 -20
56 0 -21
56 -1 -5
56 -1 -6
56 -1 -15
56 -1 -16
56 -1 -20
56 -2 0
56 -2 -1
56 -2 -2
56 -2 -14
56 -2 -21
56 -2 -23
56 -3 0
56 -3 -1
56 -3 -21
56 -3 -23
56 -4 -1
56 -4 -15
56 -5 -1
56 -5 -12
56 -5 -18
56 -6 -15
56 -6 -18
56 -6 -23
56 -7 -4
56 -7 -6
56 -7 -9
56 -7 -13
56 -8 -8
56 -8 -13
56 -8 -15
56 -9 -17
56 -9 -22
56 -10 -4
56 -11 -3
56 -11 -4
56 -11 -6
56 -11 -7
56 -11 -19
56 -12 -1
56 -12 -2
56 -12 -15
56 -13 -10
56 -14 -11
56 -15 -5
56 -15 -8
56 -16 0
56 -16 -1
56 -16 -18
56 -16 -20
56 -17 -9
56 -17 -22
56 -18 -1
56 -19 -11
56 -19 -15
56 -19 -17
56 -20 -4
56 -20 -10
56 -20 -13
56 -20 -14
56 -20 -19
56 -21 -7
56 -21 -10
56 -21 -13
56 -21 -20
56 -22 -1
56 -22 -6
56 -22 -8
56 -22 -12
56 -23 -3
56 -23 -7
56 -23 -13
56 -23 -15
56 -23 -23
57 0 -11
57 0 -13
57 0 -18
57 0 -20
57 0 -21
57 -1 -5
57 -1 -6
57 -1 -15
57 -1 -16
57 -1 -20
57 -2 0
57 -2 -1
57 -2 -2
57 -2 -14
57 -2 -21
57 -2 -23
57 -3 0
57 -3 -1
57 -3 -21
57 -3 -23
57 -4 -1
57 -4 -15
57 -5 -1
57 -5 -12
57 -5 -18
57 -6 -15
57 -6 -18
57 -6 -23
57 -7 -4
57 -7 -6
57 -7 -9
57 -7 -13
57 -8 -8
57 -8 -13
57 -8 -15
57 -9 -17
57 -9 -22
57 -10 -4
57 -11 -3
57 -11 -4
57 -11 -6
57 -11 -7
57 -11 -19
57 -12 -1
57 -12 -2
57 -12 -15
57 -13 -10
57 -14 -11
57 -15 -5
57 -15 -8
57 -16 0
57 -16 -1
57 -16 -18
57 -16 -20
57 -17 -9
57 -17 -22
57 -18 -1
57 -19 -11
57 -19 -15
57 -19 -17
57 -20 -4
57 -20 -10
57 -20 -13
57 -20 -14
57 -20 -19
57 -21 -7
57 -21 -10
57 -21 -13
57 -21 -20
57 -22 -1
57 -22 -6
57 -22 -8
57 -22 -12
57 -23 -3
57 -23 -7
57 -23 -13
57 -23 -15
57 -23 -23
58 0 -11
58 0 -13
58 0 -18
58 0 -20
58 0 -21
58 -1 -5
58 -1 -6
58 -1 -15
58 -1 -16
58 -1 -20
58 -2 0
58 -2 -1
58 -2 -2
58 -2 -14
58 -2 -21
58 -2 -23
58 -3 0
58 -3 -1
58 -3 -21
58 -3 -23
58 -4 -1
58 -4 -15
58 -5 -1
58 -5 -12
58 -5 -18
58 -6 -15
58 -6 -18
58 -6 -23
58 -7 -4
58 -7 -6
58 -7 -9
58 -7 -13
58 -8 -8
58 -8 -13
58 -8 -15
58 -9 -17
58 -9 -22
58 -10 -4
58 -11 -3
58 -11 -4
58 -11 -6
58 -11 -7
58 -11 -19
58 -12 -1
58 -12 -2
58 -12 -15
58 -13 -10
58 -14 -11
58 -15 -5
58 -15 -8
58 -16 0
58 -16 -1
58 -16 -18
58 -16 -20
58 -17 -9
58 -17 -22
58 -18 -1
58 -19 -11
58 -19 -15
58 -19 -17
58 -20 -4
58 -20 -10
58 -20 -13
58 -20 -14
58 -20 -19
58 -21 -7
58 -21 -10
58 -21 -13
58 -21 -20
58 -22 -1
58 -22 -6
58 -22 -8
58 -22 -12
58 -23 -3
58 -23 -7
58 -23 -13
58 -23 -15
58 -23 -23
59 0 -11
59 0 -13
59 0 -18
59 0 -20
59 0 -21
59 -1 -5
59 -1 -6
59 -1 -15
59 -1 -16
59 -1 -20
59 -2 0
59 -2 -1
59 -2 -2
59 -2 -14
59 -2 -21
59 -2 -23
59 -3 0
59 -3 -1
59 -3 -21
59 -3 -23
59 -4 -1
59 -4 -15
59 -5 -1
59 -5 -12
59 -5 -18
59 -6 -15
59 -6 -18
59 -6 -23
59 -7 -4
59 -7 -6
59 -7 -9
59 -7 -13
59 -8 -8
59 -8 -13
59 -8 -15
59 -9 -17
59 -9 -22
59 -10 -4
59 -11 -3
59 -11 -4
59 -11 -6
59 -11 -7
59 -11 -19
59 -12 -1
59 -12 -2
59 -12 -15
59 -13 -10
59 -14 -11
59 -15 -5
59 -15 -8
59 -16 0
59 -16 -1
59 -16 -18
59 -16 -20
59 -17 -9
59 -17 -22
59 -18 -1
59 -19 -11
59 -19 -15
59 -19 -17
59 -20 -4
59 -20 -10
59 -20 -13
59 -20 -14
59 -20 -19
59 -21 -7
59 -21 -10
59 -21 -13
59 -21 -20
59 -22 -1
59 -22 -6
59 -22 -8
59 -22 -12
59 -23 -3
59 -23 -7
59 -23 -13
59 -23 -15
59 -23 -23
60 0 -11
60 0 -13
60 0 -18
60 0 -20
60 0 -21
60 -1 -5
60 -1 -6
60 -1 -15
60 -1 -16
60 -1 -20
60 -2 0
60 -2 -1
60 -2 -2
60 -2 -14
60 -2 -21
60 -2 -23
60 -3 0
60 -3 -1
60 -3 -21
60 -3 -23
60 -4 -1
60 -4 -15
60 -5 -1
60 -5 -12
60 -5 -18
60 -6 -15
60 -6 -18
60 -6 -23
60 -7 -4
60 -7 -6
60 -7 -9
60 -7 -13
60 -8 -8
60 -8 -13
60 -8 -15
60 -9 -17
60 -9 -22
60 -10 -4
60 -11 -3
60 -11 -4
60 -11 -6
60 -11 -7
60 -11 -19
60 -12 -1
60 -12 -2
60 -12 -15
60 -13 -10
60 -14 -11
60 -15 -5
60 -15 -8
60 -16 0
60 -16 -1
60 -16 -18
60 -16 -20
60 -17 -9
60 -17 -22
60 -18 -1
60 -19 -11
60 -19 -15
60 -19 -17
60 -20 -4
60 -20 -10
60 -20 -13
60 -20 -14
60 -20 -19
60 -21 -7
60 -21 -10
60 -21 -13
60 -21 -20
60 -22 -1
60 -22 -6
60 -22 -8
60 -22 -12
60 -23 -3
60 -23 -7
60 -23 -13
60 -23 -15
60 -23 -23
61 0 -11
61 0 -13
61 0 -18
61 0 -20
61 0 -21
61 -1 -5
61 -1 -6
61 -1 -15
61 -1 -16
61 -1 -20
61 -2 0
61 -2 -1
61 -2 -2
61 -2 -14
61 -2 -21
61 -2 -23
61 -3 0
61 -3 -1
61 -3 -21
61 -3 -23
61 -4 -1
61 -4 -15
61 -5 -1
61 -5 -12
61 -5 -18
61 -6 -15
61 -6 -18
61 -6 -23
61 -7 -4
61 -7 -6
61 -7 -9
61 -7 -13
61 -8 -8
61 -8 -13
61 -8 -15
61 -9 -17
61 -9 -22
61 -10 -4
61 -11 -3
61 -11 -4
61 -11 -6
61 -11 -7
61 -11 -19
61 -12 -1
61 -12 -2
61 -12 -15
61 -13 -10
61 -14 -11
61 -15 -5
61 -15 -8
61 -16 0
61 -16 -1
61 -16 -18
61 -16 -20
61 -17 -9
61 -17 -22
61 -18 -1
61 -19 -11
61 -19 -15
61 -19 -17
61 -20 -4
61 -20 -10
61 -20 -13
61 -20 -14
61 -20 -19
61 -21 -7
61 -21 -10
61 -21 -13
61 -21 -20
61 -22 -1
61 -22 -6
61 -22 -8
61 -22 -12
61 -23 -3
61 -23 -7
61 -23 -13
61 -23 -15
61 -23 -23
62 0 -11
62 0 -13
62 0 -18
62 0 -20
62 0 -21
62 -1 -5
62 -1 -6
62 -1 -15
62 -1 -16
62 -1 -20
62 -2 0
62 -2 -1
62 -2 -2
62 -2 -14
62 -2 -21
62 -2 -23
62 -3 0
62 -3 -1
62 -3 -21
62 -3 -23
62 -4 -1
62 -4 -15
62 -5 -1
62 -5 -12
62 -5 -18
62 -6 -15
62 -6 -18
62 -6 -23
62 -7 -4
62 -7 -6
62 -7 -9
62 -7 -13
62 -8 -8
62 -8 -13
62 -8 -15
62 -9 -17
62 -9 -22
62 -10 -4
62 -11 -3
62 -11 -4
62 -11 -6
62 -11 -7
62 -11 -19
62 -12 -1
62 -12 -2
62 -12 -15
62 -13 -10
62 -14 -11
62 -15 -5
62 -15 -8
62 -16 0
62 -16 -1
62 -16 -18
62 -16 -20
62 -17 -9
62 -17 -22
62 -18 -1
62 -19 -11
62 -19 -15
62 -19 -17
62 -20 -4
62 -20 -10
62 -20 -13
62 -20 -14
62 -20 -19
62 -21 -7
62 -21 -10
62 -21 -13
62 -21 -20
62 -22 -1
62 -22 -6
62 -22 -8
62 -22 -12
62 -23 -3
62 -23 -7
62 -23 -13
62 -23 -15
62 -23 -23
63 0 -11
63 0 -13
63 0 -18
63 0 -20
63 0 -21
63 -1 -5
63 -1 -6
63 -1 -15
63 -1 -16
63 -1 -20
63 -2 0
63 -2 -1
63 -2 -2
63 -2 -14
63 -2 -21
63 -2 -23
63 -3 0
63 -3 -1
63 -3 -21
63 -3 -23
63 -4 -1
63 -4 -15
63 -5 -1
63 -5 -12
63 -5 -18
63 -6 -15
63 -6 -18
63 -6 -23
63 -7 -4
63 -7 -6
63 -7 -9
63 -7 -13
63 -8 -8
63 -8 -13
63 -8 -15
63 -9 -17
63 -9 -22
63 -10 -4
63 -11 -3
63 -11 -4
63 -11 -6
63 -11 -7
63 -11 -19
63 -12 -1
63 -12 -2
63 -12 -15
63 -13 -10
63 -14 -11
63 -15 -5
63 -15 -8
63 -16 0
63 -16 -1
63 -16 -18
63 -16 -20
63 -17 -9
63 -17 -22
63 -18 -1
63 -19 -11
63 -19 -15
63 -19 -17
63 -20 -4
63 -20 -10
63 -20 -13
63 -20 -14
63 -20 -19
63 -21 -7
63 -21 -10
63 -21 -13
63 -21 -20
63 -22 -1
63 -22 -6
63 -22 -8
63 -22 -12
63 -23 -3
63 -23 -7
63 -23 -13
63 -23 -15
63 -23 -23
64 0 -11
64 0 -13
64 0 -18
64 0 -20
64 0 -21
64 -1 -5
64 -1 -6
64 -1 -15
64 -1 -16
64 -1 -20
64 -2 0
64 -2 -1
64 -2 -2
64 -2 -14
64 -2 -21
64 -2 -23
64 -3 0
64 -3 -1
64 -3 -21
64 -3 -23
64 -4 -1
64 -4 -15
64 -5 -1
64 -5 -12
64 -5 -18
64 -6 -15
64 -6 -18
64 -6 -23
64 -7 -4
64 -7 -6
64 -7 -9
64 -7 -13
64 -8 -8
64 -8 -13
64 -8 -15
64 -9 -17
64 -9 -22
64 -10 -4
64 -11 -3
64 -11 -4
64 -11 -6
64 -11 -7
64 -11 -19
64 -12 -1
64 -12 -2
64 -12 -15
64 -13 -10
64 -14 -11
64 -15 -5
64 -15 -8
64 -16 0
64 -16 -1
64 -16 -18
64 -16 -20
64 -17 -9
64 -17 -22
64 -18 -1
64 -19 -11
64 -19 -15
64 -19 -17
64 -20 -4
64 -20 -10
64 -20 -13
64 -20 -14
64 -20 -19
64 -21 -7
64 -21 -10
64 -21 -13
64 -21 -20
64 -22 -1
64 -22 -6
64 -22 -8
64 -22 -12
64 -23 -3
64 -23 -7
64 -23 -13
64 -23 -15
64 -23 -23
65 0 -11
65 0 -13
65 0 -18
65 0 -20
65 0 -21
65 -1 -5
65 -1 -6
65 -1 -15
65 -1 -16
65 -1 -20
65 -2 0
65 -2 -1
65 -2 -2
65 -2 -14
65 -2 -21
65 -2 -23
65 -3 0
65 -3 -1
65 -3 -21
65 -3 -23
65 -4 -1
65 -4 -15
65 -5 -1
65 -5 -12
65 -5 -18
65 -6 -15
65 -6 -18
65 -6 -23
65 -7 -4
65 -7 -6
65 -7 -9
65 -7 -13
65 -8 -8
65 -8 -13
65 -8 -15
65 -9 -17
65 -9 -22
65 -10 -4
65 -11 -3
65 -11 -4
65 -11 -6
65 -11 -7
65 -11 -19
65 -12 -1
65 -12 -2
65 -12 -15
65 -13 -10
65 -14 -11
65 -15 -5
65 -15 -8
65 -16 0
65 -16 -1
65 -16 -18
65 -16 -20
65 -17 -9
65 -17 -22
65 -18 -1
65 -19 -11
65 -19 -15
65 -19 -17
65 -20 -4
65 -20 -10
65 -20 -13
65 -20 -14
65 -20 -19
65 -21 -7
65 -21 -10
65 -21 -13
65 -21 -20
65 -22 -1
65 -22 -6
65 -22 -8
65 -22 -12
65 -23 -3
65 -23 -7
65 -23 -13
65 -23 -15
65 -23 -23
66 0 -11
66 0 -13
66 0 -18
66 0 -20
66 0 -21
66 -1 -5
66 -1 -6
66 -1 -15
66 -1 -16
66 -1 -20
66 -2 0
66 -2 -1
66 -2 -2
66 -2 -14
66 -2 -21
66 -2 -23
66 -3 0
66 -3 -1
66 -3 -21
66 -3 -23
66 -4 -1
66 -4 -15
66 -5 -1
66 -5 -12
66 -5 -18
66 -6 -15
66 -6 -18
66 -6 -23
66 -7 -4
66 -7 -6
66 -7 -9
66 -7 -13
66 -8 -8
66 -8 -13
66 -8 -15
66 -9 -17
66 -9 -22
66 -10 -4
66 -11 -3
66 -11 -4
66 -11 -6
66 -11 -7
66 -11 -19
66 -12 -1
66 -12 -2
66 -12 -15
66 -13 -10
66 -14 -11
66 -15 -5
66 -15 -8
66 -16 0
66 -16 -1
66 -16 -18
66 -16 -20
66 -17 -9
66 -17 -22
66 -18 -1
66 -19 -11
66 -19 -15
66 -19 -17
66 -20 -4
66 -20 -10
66 -20 -13
66 -20 -14
66 -20 -19
66 -21 -7
66 -21 -10
66 -21 -13
66 -21 -20
66 -22 -1
66 -22 -6
66 -22 -8
66 -22 -12
66 -23 -3
66 -23 -7
66 -23 -13
66 -23 -15
66 -23 -23
67 0 -11
67 0 -13
67 0 -18
67 0 -20
67 0 -21
67 -1 -5
67 -1 -6
67 -1 -15
67 -1 -16
67 -1 -20
67 -2 0
67 -2 -1
67 -2 -2
67 -2 -14
67 -2 -21
67 -2 -23
67 -3 0
67 -3 -1
67 -3 -21
67 -3 -23
67 -4 -1
67 -4 -15
67 -5 -1
67 -5 -12
67 -5 -18
67 -6 -15
67 -6 -18
67 -6 -23
67 -7 -4
67 -7 -6
67 -7 -9
67 -7 -13
67 -8 -8
67 -8 -13
67 -8 -15
67 -9 -17
67 -9 -22
67 -10 -4
67 -11 -3
67 -11 -4
67 -11 -6
67 -11 -7
67 -11 -19
67 -12 -1
67 -12 -2
67 -12 -15
67 -13 -10
67 -14 -11
67 -15 -5
67 -15 -8
67 -16 0
67 -16 -1
67 -16 -18
67 -16 -20
67 -17 -9
67 -17 -22
67 -18 -1
67 -19 -11
67 -19 -15
67 -19 -17
67 -20 -4
67 -20 -10
67 -20 -13
67 -20 -14
67 -20 -19
67 -21 -7
67 -21 -10
67 -21 -13
67 -21 -20
67 -22 -1
67 -22 -6
67 -22 -8
67 -22 -12
67 -23 -3
67 -23 -7
67 -23 -13
67 -23 -15
67 -23 -23
68 0 -11
68 0 -13
68 0 -18
68 0 -20
68 0 -21
68 -1 -5
68 -1 -6
68 -1 -15
68 -1 -16
68 -1 -20
68 -2 0
68 -2 -1
68 -2 -2
68 -2 -14
68 -2 -21
68 -2 -23
68 -3 0
68 -3 -1
68 -3 -21
68 -3 -23
68 -4 -1
68 -4 -15
68 -5 -1
68 -5 -12
68 -5 -18
68 -6 -15
68 -6 -18
68 -6 -23
68 -7 -4
68 -7 -6
68 -7 -9
68 -7 -13
68 -8 -8
68 -8 -13
68 -8 -15
68 -9 -17
68 -9 -22
68 -10 -4
68 -11 -3
68 -11 -4
68 -11 -6
68 -11 -7
68 -11 -19
68 -12 -1
68 -12 -2
68 -12 -15
68 -13 -10
68 -14 -11
68 -15 -5
68 -15 -8
68 -16 0
68 -16 -1
68 -16 -18
68 -16 -20
68 -17 -9
68 -17 -22
68 -18 -1
68 -19 -11
68 -19 -15
68 -19 -17
68 -20 -4
68 -20 -10
68 -20 -13
68 -20 -14
68 -20 -19
68 -21 -7
68 -21 -10
68 -21 -13
68 -21 -20
68 -22 -1
68 -22 -6
68 -22 -8
68 -22 -12
68 -23 -3
68 -23 -7
68 -23 -13
68 -23 -15
68 -23 -23
69 0 -11
69 0 -13
69 0 -18
69 0 -20
69 0 -21
69 -1 -5
69 -1 -6
69 -1 -15
69 -1 -16
69 -1 -20
69 -2 0
69 -2 -1
69 -2 -2
69 -2 -14
69 -2 -21
69 -2 -23
69 -3 0
69 -3 -1
69 -3 -21
69 -3 -23
69 -4 -1
69 -4 -15
69 -5 -1
69 -5 -12
69 -5 -18
69 -6 -15
69 -6 -18
69 -6 -23
69 -7 -4
69 -7 -6
69 -7 -9
69 -7 -13
69 -8 -8
69 -8 -13
69 -8 -15
69 -9 -17
69 -9 -22
69 -10 -4
69 -11 -3
69 -11 -4
69 -11 -6
69 -11 -7
69 -11 -19
69 -12 -1
69 -12 -2
69 -12 -15
69 -13 -10
69 -14 -11
69 -15 -5
69 -15 -8
69 -16 0
69 -16 -1
69 -16 -18
69 -16 -20
69 -17 -9
69 -17 -22
69 -18 -1
69 -19 -11
69 -19 -15
69 -19 -17
69 -20 -4
69 -20 -10
69 -20 -13
69 -20 -14
69 -20 -19
69 -21 -7
69 -21 -10
69 -21 -13
69 -21 -20
69 -22 -1
69 -22 -6
69 -22 -8
69 -22 -12
69 -23 -3
69 -23 -7
69 -23 -13
69 -23 -15
69 -23 -23
70 0 -11
70 0 -13
70 0 -18
70 0 -20
70 0 -21
70 -1 -5
70 -1 -6
70 -1 -15
70 -1 -16
70 -1 -20
70 -2 0
70 -2 -1
70 -2 -2
70 -2 -14
70 -2 -21
70 -2 -23
70 -3 0
70 -3 -1
70 -3 -21
70 -3 -23
70 -4 -1
70 -4 -15
70 -5 -1
70 -5 -12
70 -5 -18
70 -6 -15
70 -6 -18
70 -6 -23
70 -7 -4
70 -7 -6
70 -7 -9
70 -7 -13
70 -8 -8
70 -8 -13
70 -8 -15
70 -9 -17
70 -9 -22
70 -10 -4
70 -11 -3
70 -11 -4
70 -11 -6
70 -11 -7
70 -11 -19
70 -12 -1
70 -12 -2
70 -12 -15
70 -13 -10
70 -14 -11
70 -15 -5
70 -15 -8
70 -16 0
70 -16 -1
70 -16 -18
70 -16 -20
70 -17 -9
70 -17 -22
70 -18 -1
70 -19 -11
70 -19 -15
70 -19 -17
70 -20 -4
70 -20 -10
70 -20 -13
70 -20 -14
70 -20 -19
70 -21 -7
70 -21 -10
70 -21 -13
70 -21 -20
70 -22 -1
70 -22 -6
70 -22 -8
70 -22 -12
70 -23 -3
70 -23 -7
70 -23 -13
70 -23 -15
70 -23 -23
71 0 -11
71 0 -13
71 0 -18
71 0 -20
71 0 -21
71 -1 -5
71 -1 -6
71 -1 -15
71 -1 -16
71 -1 -20
71 -2 0
71 -2 -1
71 -2 -2
71 -2 -14
71 -2 -21
71 -2 -23
71 -3 0
71 -3 -1
71 -3 -21
71 -3 -23
71 -4 -1
71 -4 -15
71 -5 -1
71 -5 -12
71 -5 -18
71 -6 -15
71 -6 -18
71 -6 -23
71 -7 -4
71 -7 -6
71 -7 -9
71 -7 -13
71 -8 -8
71 -8 -13
71 -8 -15
71 -9 -17
71 -9 -22
71 -10 -4
71 -11 -3
71 -11 -4
71 -11 -6
71 -11 -7
71 -11 -19
71 -12 -1
71 -12 -2
71 -12 -15
71 -13 -10
71 -14 -11
71 -15 -5
71 -15 -8
71 -16 0
71 -16 -1
71 -16 -18
71 -16 -20
71 -17 -9
71 -17 -22
71 -18 -1
71 -19 -11
71 -19 -15
71 -19 -17
71 -20 -4
71 -20 -10
71 -20 -13
71 -20 -14
71 -20 -19
71 -21 -7
71 -21 -10
71 -21 -13
71 -21 -20
71 -22 -1
71 -22 -6
71 -22 -8
71 -22 -12
71 -23 -3
71 -23 -7
71 -23 -13
71 -23 -15
71 -23 -23
72 0 -11
72 0 -13
72 0 -18
72 0 -20
72 0 -21
72 -1 -5
72 -1 -6
72 -1 -15
72 -1 -16
72 -1 -20
72 -2 0
72 -2 -1
72 -2 -2
72 -2 -14
72 -2 -21
72 -2 -23
72 -3 0
72 -3 -1
72 -3 -21
72 -3 -23
72 -4 -1
72 -4 -15
72 -5 -1
72 -5 -12
72 -5 -18
72 -6 -15
72 -6 -18
72 -6 -23
72 -7 -4
72 -7 -6
72 -7 -9
72 -7 -13
72 -8 -8
72 -8 -13
72 -8 -15
72 -9 -17
72 -9 -22
72 -10 -4
72 -11 -3
72 -11 -4
72 -11 -6
72 -11 -7
72 -11 -19
72 -12 -1
72 -12 -2
72 -12 -15
72 -13 -10
72 -14 -11
72 -15 -5
72 -15 -8
72 -16 0
72 -16 -1
72 -16 -18
72 -16 -20
72 -17 -9
72 -17 -22
72 -18 -1
72 -19 -11
72 -19 -15
72 -19 -17
72 -20 -4
72 -20 -10
72 -20 -13
72 -20 -14
72 -20 -19
72 -21 -7
72 -21 -10
72 -21 -13
72 -21 -20
72 -22 -1
72 -22 -6
72 -22 -8
72 -22 -12
72 -23 -3
72 -23 -7
72 -23 -13
72 -23 -15
72 -23 -23
73 0 -11
73 0 -13
73 0 -18
73 0 -20
73 0 -21
73 -1 -5
73 -1 -6
73 -1 -15
73 -1 -16
73 -1 -20
73 -2 0
73 -2 -1
73 -2 -2
73 -2 -14
73 -2 -21
73 -2 -23
73 -3 0
73 -3 -1
73 -3 -21
73 -3 -23
73 -4 -1
73 -4 -15
73 -5 -1
73 -5 -12
73 -5 -18
73 -6 -15
73 -6 -18
73 -6 -23
73 -7 -4
73 -7 -6
73 -7 -9
73 -7 -13
73 -8 -8
73 -8 -13
73 -8 -15
73 -9 -17
73 -9 -22
73 -10 -4
73 -11 -3
73 -11 -4
73 -11 -6
73 -11 -7
73 -11 -19
73 -12 -1
73 -12 -2
73 -12 -15
73 -13 -10
73 -14 -11
73 -15 -5
73 -15 -8
73 -16 0
73 -16 -1
73 -16 -18
73 -16 -20
73 -17 -9
73 -17 -22
73 -18 -1
73 -19 -11
73 -19 -15
73 -19 -17
73 -20 -4
73 -20 -10
73 -20 -13
73 -20 -14
73 -20 -19
73 -21 -7
73 -21 -10
73 -21 -13
73 -21 -20
73 -22 -1
73 -22 -6
73 -22 -8
73 -22 -12
73 -23 -3
73 -23 -7
73 -23 -13
73 -23 -15
73 -23 -23
74 0 -11
74 0 -13
74 0 -18
74 0 -20
74 0 -21
74 -1 -5
74 -1 -6
74 -1 -15
74 -1 -16
74 -1 -20
74 -2 0
74 -2 -1
74 -2 -2
74 -2 -14
74 -2 -21
74 -2 -23
74 -3 0
74 -3 -1
74 -3 -21
74 -3 -23
74 -4 -1
74 -4 -15
74 -5 -1
74 -5 -12
74 -5 -18
74 -6 -15
74 -6 -18
74 -6 -23
74 -7 -4
74 -7 -6
74 -7 -9
74 -7 -13
74 -8 -8
74 -8 -13
74 -8 -15
74 -9 -17
74 -9 -22
74 -10 -4
74 -11 -3
74 -11 -4
74 -11 -6
74 -11 -7
74 -11 -19
74 -12 -1
74 -12 -2
74 -12 -15
74 -13 -10
74 -14 -11
74 -15 -5
74 -15 -8
74 -16 0
74 -16 -1
74 -16 -18
74 -16 -20
74 -17 -9
74 -17 -22
74 -18 -1
74 -19 -11
74 -19 -15
74 -19 -17
74 -20 -4
74 -20 -10
74 -20 -13
74 -20 -14
74 -20 -19
74 -21 -7
74 -21 -10
74 -21 -13
74 -21 -20
74 -22 -1
74 -22 -6
74 -22 -8
74 -22 -12
74 -23 -3
74 -23 -7
74 -23 -13
74 -23 -15
74 -23 -23
75 0 -11
75 0 -13
75 0 -18
75 0 -20
75 0 -21
75 -1 -5
75 -1 -6
75 -1 -15
75 -1 -16
75 -1 -20
75 -2 0
75 -2 -1
75 -2 -2
75 -2 -14
75 -2 -21
75 -2 -23
75 -3 0
75 -3 -1
75 -3 -21
75 -3 -23
75 -4 -1
75 -4 -15
75 -5 -1
75 -5 -12
75 -5 -18
75 -6 -15
75 -6 -18
75 -6 -23
75 -7 -4
75 -7 -6
75 -7 -9
75 -7 -13
75 -8 -8
75 -8 -13
75 -8 -15
75 -9 -17
75 -9 -22
75 -10 -4
75 -11 -3
75 -11 -4
75 -11 -6
75 -11 -7
75 -11 -19
75 -12 -1
75 -12 -2
75 -12 -15
75 -13 -10
75 -14 -11
75 -15 -5
75 -15 -8
75 -16 0
75 -16 -1
75 -16 -18
75 -16 -20
75 -17 -9
75 -17 -22
75 -18 -1
75 -19 -11
75 -19 -15
75 -19 -17
75 -20 -4
75 -20 -10
75 -20 -13
75 -20 -14
75 -20 -19
75 -21 -7
75 -21 -10
75 -21 -13
75 -21 -20
75 -22 -1
75 -22 -6
75 -22 -8
75 -22 -12
75 -23 -3
75 -23 -7
75 -23 -13
75 -23 -15
75 -23 -23
76 0 -11
76 0 -13
76 0 -18
76 0 -20
76 0 -21
76 -1 -5
76 -1 -6
76 -1 -15
76 -1 -16
76 -1 -20
76 -2 0
76 -2 -1
76 -2 -2
76 -2 -14
76 -2 -21
76 -2 -23
76 -3 0
76 -3 -1
76 -3 -21
76 -3 -23
76 -4 -1
76 -4 -15
76 -5 -1
76 -5 -12
76 -5 -18
76 -6 -15
76 -6 -18
76 -6 -23
76 -7 -4
76 -7 -6
76 -7 -9
76 -7 -13
76 -8 -8
76 -8 -13
76 -8 -15
76 -9 -17
76 -9 -22
76 -10 -4
76 -11 -3
76 -11 -4
76 -11 -6
76 -11 -7
76 -11 -19
76 -12 -1
76 -12 -2
76 -12 -15
76 -13 -10
76 -14 -11
76 -15 -5
76 -15 -8
76 -16 0
76 -16 -1
76 -16 -18
76 -16 -20
76 -17 -9
76 -17 -22
76 -18 -1
76 -19 -11
76 -19 -15
76 -19 -17
76 -20 -4
76 -20 -10
76 -20 -13
76 -20 -14
76 -20 -19
76 -21 -7
76 -21 -10
76 -21 -13
76 -21 -20
76 -22 -1
76 -22 -6
76 -22 -8
76 -22 -12
76 -23 -3
76 -23 -7
76 -23 -13
76 -23 -15
76 -23 -23
77 0 -11
77 0 -13
77 0 -18
77 0 -20
77 0 -21
77 -1 -5
77 -1 -6
77 -1 -15
77 -1 -16
77 -1 -20
77 -2 0
77 -2 -1
77 -2 -2
77 -2 -14
77 -2 -21
77 -2 -23
77 -3 0
77 -3 -1
77 -3 -21
77 -3 -23
77 -4 -1
77 -4 -15
77 -5 -1
77 -5 -12
77 -5 -18
77 -6 -15
77 -6 -18
77 -6 -23
77 -7 -4
77 -7 -6
77 -7 -9
77 -7 -13
77 -8 -8
77 -8 -13
77 -8 -15
77 -9 -17
77 -9 -22
77 -10 -4
77 -11 -3
77 -11 -4
77 -11 -6
77 -11 -7
77 -11 -19
77 -12 -1
77 -12 -2
77 -12 -15
77 -13 -10
77 -14 -11
77 -15 -5
77 -15 -8
77 -16 0
77 -16 -1
77 -16 -18
77 -16 -20
77 -17 -9
77 -17 -22
77 -18 -1
77 -19 -11
77 -19 -15
77 -19 -17
77 -20 -4
77 -20 -10
77 -20 -13
77 -20 -14
77 -20 -19
77 -21 -7
77 -21 -10
77 -21 -13
77 -21 -20
77 -22 -1
77 -22 -6
77 -22 -8
77 -22 -12
77 -23 -3
77 -23 -7
77 -23 -13
77 -23 -15
77 -23 -23
77 7 13
61 9 17
72 23 3
35 23 23
73 2 14
10 22 1
29 3 23
36 2 0
20 15 5
9 8 13
57 2 0
12 7 6
14 13 10
48 20 13
34 6 15
67 2 21
2 20 4
8 11 7
61 13 10
65 0 20
57 2 2
48 3 0
72 7 13
24 20 14
51 8 15
53 7 13
12 2 1
40 14 11
0 22 12
27 22 6
49 23 13
17 0 20
48 7 13
38 12 15
13 16 20
34 10 4
10 0 11
62 15 8
62 11 19
30 20 14
61 0 11
30 9 17
1 4 15
20 1 20
5 2 2
22 0 21
3 3 0
9 6 18
43 2 1
16 5 12
50 11 6
19 20 19
53 20 19
27 11 3
60 16 20
13 7 13
10 21 13
66 16 1
28 6 23
35 18 1
41 23 23
68 23 3
50 12 1
46 16 0
28 20 14
74 2 23
26 3 21
37 1 15
46 0 13
77 8 8
51 9 22
46 21 7
35 17 9
25 10 4
7 17 9
6 19 17
44 7 4
72 11 6
28 2 2
11 16 1
56 12 2
54 3 23
36 12 2
51 11 7
46 12 2
9 2 21
15 2 1
48 20 4
64 7 9
66 21 13
63 12 1
38 6 18
59 15 8
10 21 13
63 3 23
41 22 8
57 20 10
54 6 15
19 17 9
25 4 15
43 20 4
15 17 9
56 2 0
75 11 19
20 6 23
23 16 20
2 8 15
56 11 6
56 15 8
57 22 8
59 23 7
6 20 14
40 0 20
51 3 1
44 0 20
22 2 14
57 22 6
3 11 4
49 16 0
74 11 4
3 1 5
65 12 2
44 5 18
43 2 23
15 2 2
23 17 22
19 11 4
38 2 1
38 12 2
30 2 1
27 17 22
14 22 6
11 2 0
56 19 15
12 20 10
75 6 15
17 20 10
40 0 13
38 3 21
49 1 5
77 11 6
30 2 2
21 4 1
31 15 8
63 11 7
76 9 17
39 22 12
33 11 3
58 1 15
76 19 17
77 19 15
68 20 4
74 23 23
69 6 18
75 21 10
27 1 16
60 11 19
12 11 4
51 7 13
53 4 15
22 21 7
31 5 1
22 20 19
75 11 7
42 8 15
29 11 3
45 3 23
18 16 18
1 0 20
3 12 1
5 2 23
8 0 20
64 12 1
21 0 11
45 3 1
35 1 5
28 16 20
12 4 15
47 19 11
44 20 4
26 2 0
18 5 1
10 11 7
68 3 1
17 12 15
14 23 23
43 0 11
18 23 15
45 16 20
46 3 21
49 23 3
54 1 6
3 16 18
5 7 13
39 23 13
38 20 4
8 0 11
65 15 5
8 22 12
15 0 11
6 0 18
29 9 17
36 12 1
72 0 21
56 7 13
40 17 9
64 13 10
6 6 15
64 11 7
11 1 20
55 11 3
60 6 18
22 16 0
10 20 13
5 1 5
7 1 15
31 9 17
10 20 10
45 5 1
65 0 21
9 22 6
27 20 4
41 1 15
55 15 5
5 0 11
48 5 1
14 11 4
68 23 15
39 7 13
41 20 19
21 14 11
73 7 9
32 0 13
42 3 1
26 21 7
45 11 19
41 0 21
50 11 7
7 0 21
65 7 4
76 1 5
77 8 8
19 2 23
15 3 0
21 11 4
22 0 20
13 16 18
72 5 18
21 12 15
68 0 13
10 7 6
19 12 1
43 4 15
47 0 20
40 6 15
7 0 20
39 16 0
20 22 12
73 21 20
20 3 23
12 20 13
62 16 1
60 23 13
40 3 1
55 20 4
14 2 0
48 23 13
47 12 2
43 7 13
48 8 15
13 5 1
10 0 20
54 13 10
60 5 1
23 6 18
73 19 17
77 7 6
39 6 23
76 12 2
0 1 6
4 6 15
10 2 23
39 0 20
34 22 1
30 9 22
61 20 19
16 19 15
24 12 15
63 0 13
13 22 12
0 1 5
13 23 7
18 5 1
54 12 2
40 22 6
3 12 1
22 21 10
48 3 23
57 5 1
49 17 22
17 2 1
11 1 6
12 18 1
14 2 1
70 5 18
17 11 4
16 5 18
62 1 16
62 3 23
31 9 17
35 11 4
11 1 5
35 21 10
67 15 8
42 2 0
39 5 12
53 20 4
59 11 7
13 15 8
33 21 7
71 14 11
30 0 11
5 3 21
31 11 4
37 21 7
26 18 1
5 1 20
39 10 4
15 21 10
39 17 22
68 23 3
22 16 18
61 23 23
18 2 0
22 2 0
42 16 0
10 21 7
17 22 12
66 3 0
18 20 10
66 1 20
12 0 11
47 18 1
19 3 0
33 23 13
0 2 2
45 23 23
52 2 1
31 23 13
22 10 4
56 1 6
57 23 7
5 5 18
69 7 6
37 3 0
15 20 19
58 0 13
36 15 5
32 22 12
73 1 5
38 20 4
22 15 8
11 7 6
60 7 4
63 19 11
46 3 21
27 4 1
41 11 4
12 10 4
67 10 4
73 1 5
32 7 9
5 8 15
74 15 8
74 6 15
3 16 18
11 9 17
6 0 21
71 8 8
76 1 6
36 5 18
7 16 20
56 12 15
4 11 19
61 18 1
57 1 5
17 7 9
3 0 11
43 22 6
5 16 20
22 10 4
44 2 21
39 8 8
53 23 3
54 0 18
37 19 11
1 1 5
3 11 4
0 22 12
17 11 4
6 4 15
18 11 6
14 2 14
71 6 23
29 1 20
34 0 11
17 16 0
56 15 8
39 12 15
50 14 11
38 2 2
75 15 8
61 1 5
2 21 13
38 0 18
64 3 1
20 4 1
22 23 3
24 23 7
26 16 0
36 15 5
17 15 8
73 11 3
41 7 9
74 16 20
35 11 6
23 22 6
5 1 15
54 22 8
53 11 4
19 3 0
14 7 4
3 1 20
9 7 9
59 22 1
28 5 18
6 2 23
49 6 18
30 19 11
24 21 13
41 22 1
31 7 6
14 15 8
52 12 15
42 16 18
48 11 7
57 22 12
60 0 13
16 23 7
0 8 8
1 4 1
25 11 4
36 16 20
69 1 5
64 20 13
59 6 15
72 16 20
42 1 6
1 23 15
18 1 5
16 2 23
2 7 13
60 5 1
72 1 6
44 2 21
59 8 8
10 7 9
33 6 23
37 1 16
26 2 0
22 8 8
41 21 13
70 2 23
36 23 15
3 6 15
28 20 13
19 0 11
9 22 6
18 8 8
57 9 22
31 3 21
56 5 18
70 11 6
60 1 15
1 3 21
5 6 18
19 20 10
50 23 23
41 3 1
23 21 7
51 10 4
9 4 15
39 22 6
8 20 19
51 13 10
64 12 2
67 17 9
53 4 1
67 11 4
16 17 9
16 1 16
39 21 20
61 7 4
8 8 15
12 17 9
17 8 8
75 2 0
5 2 23
49 21 10
73 0 11
24 14 11
59 19 11
16 3 21
47 5 18
29 7 13
26 0 20
10 3 0
27 15 5
74 0 21
25 22 8
19 22 12
42 19 11
0 2 1
39 1 15
0 5 12
43 0 18
4 13 10
42 5 12
13 3 1
24 21 13
13 11 6
31 16 18
0 20 10
57 4 1
36 6 18
25 1 15
31 2 14
28 3 0
13 12 2
46 11 3
63 7 9
61 11 19
18 15 5
6 17 9
23 23 7
52 3 23
44 16 20
54 22 6
71 22 1
32 15 8
38 18 1
15 19 17
77 15 5
7 21 10
41 9 17
42 1 16
33 8 13
56 11 3
71 4 15
29 20 13
43 3 23
25 3 1
38 21 20
11 9 22
19 20 13
0 23 15
71 3 21
21 18 1
69 11 6
60 2 1
46 17 9
25 16 20
33 9 22
75 0 13
40 1 15
52 7 9
2 19 15
5 15 5
32 1 15
29 4 15
43 12 1
66 0 21
50 20 14
26 5 1
46 0 20
44 20 4
25 7 4
48 1 6
64 20 10
51 0 21
30 9 22
29 18 1
46 8 15
34 0 21
38 7 4
10 1 15
11 10 4
15 20 4
30 1 16
64 19 17
46 8 15
45 12 15
67 3 1
66 23 15
4 20 19
35 23 13
65 1 16
41 17 9
8 7 9
23 1 16
33 19 17
10 1 6
3 23 13
75 11 4
21 7 13
62 0 20
36 2 0
24 9 22
2 5 12
36 17 22
3 15 8
44 9 22
13 2 21
22 19 15
46 19 17
35 2 21
38 9 17
39 3 0
54 2 23
42 12 1
48 11 4
47 4 1
47 23 15
7 16 18
43 2 1
68 8 13
29 1 5
3 21 20
60 16 18
52 1 6
18 2 1
63 20 4
25 3 1
60 23 23
77 22 12
36 20 19
11 22 1
53 0 13
13 23 3
23 9 17
40 5 12
41 11 19
7 16 0
38 12 15
11 21 13
54 15 8
0 9 22
27 3 0
58 5 18
27 5 18
30 2 0
25 11 3
29 5 12
55 3 1
56 10 4
46 19 15
14 2 14
36 4 1
0 16 20
28 22 6
12 23 13
77 12 2
47 19 17
72 23 13
36 3 1
43 8 8
34 3 23
17 12 2
74 0 21
72 17 9
63 23 7
71 3 0
72 11 4
48 5 12
43 8 13
66 2 23
20 11 3
21 14 11
64 6 23
19 5 12
28 23 23
59 21 10
1 20 14
31 4 1
59 21 7
32 18 1
55 3 0
32 16 18
12 12 1
20 14 11
19 8 8
21 11 19
19 8 8
19 7 13
19 4 1
21 7 13
30 2 0
52 2 14
28 7 13
31 21 7
49 6 15
70 18 1
11 7 13
75 20 10
34 0 13
65 23 15
28 3 1
7 22 8
62 12 2
17 9 17
17 8 15
29 6 15
29 7 13
58 12 2
44 1 20
21 2 1
27 8 15
57 7 4
66 22 12
13 19 17
13 22 12
51 3 23
66 3 1
4 0 21
33 3 23
55 19 11
4 21 13
39 6 23
61 2 14
-1 -1 -1
34
65
16
38
69
13
56
23
57
73
52
10
36
67
35
30
27
24
32
14
7
48
46
66
74
64
37
44
40
54
9
58
77
6
50
18
31
25
22
17
41
4
71
3
8
26
15
39
61
2
55
68
28
33
59
51
20
47
11
62
63
49
45
70
29
53
42
0
19
75
5
1
43
60
12
72
21
76
  3.804074 seconds (36.13 M allocations: 966.475 MiB, 4.98% gc time)
