950 0 0 0 0 0 0 0 0 0 0 0 0 0 0 0 0 0 0 0 0 0 0 0 0 0 0 0 0 0 0 0 0 0 0 0 0 0 0 0 0 0 0 0 0 0
0 0 0 0 0 0 0 0 0 0 0 0 0 0 0 0 0 0 0 0 0 0 0 0 0 0 0 0 0 0 0 0 0 0 0 0 0 0 0 0 0 0 0 0 0 0
0 0 0 0 0 0 0 0 0 0 0 0 0 0 0 0 0 0 0 0 0 0 0 0 0 0 0 0 0 0 0 0 0 0 0 0 0 0 0 0 0 0 0 0 0 0
0 0 0 0 0 0 0 0 0 0 0 0 0 0 0 0 0 0 0 0 0 0 0 0 0 0 0 0 0 0 0 0 0 0 0 0 0 0 0 0 0 0 0 0 0 0
0 0 0 0 0 0 0 0 0 0 0 0 0 0 0 0 0 0 0 0 0 0 0 0 0 0 0 0 0 0 0 0 0 0 0 0 0 0 0 0 0 0 0 0 0 0
0 0 0 0 0 0 0 0 0 0 0 0 0 0 0 0 0 0 0 0 0 0 0 0 0 0 0 0 0 0 0 0 0 0 0 0 0 0 0 0 0 0 0 0 0 0
0 0 0 0 0 0 0 0 0 0 0 0 0 0 0 0 0 0 0 0 0 0 0 0 0 0 0 0 0 0 0 0 0 0 0 0 0 0 0 0 0 0 0 0 0 0
0 0 0 0 0 0 0 0 0 0 0 0 0 0 0 0 0 0 0 0 0 0 0 0 0 0 0 0 0 0 0 0 0 0 0 0 0 0 0 0 0 0 0 0 0 0
0 0 0 0 0 0 0 0 0 0 0 0 0 0 0 0 0 0 0 0 0 0 0 0 0 0 0 0 0 0 0 0 0 0 0 0 0 0 0 0 0 0 0 0 0 0
0 0 0 0 0 0 0 0 0 0 0 0 0 0 0 0 0 0 0 0 0 0 0 0 0 0 0 0 0 0 0 0 0 0 0 0 0 0 0 0 0 0 0 0 0 0
0 0 0 0 0 0 0 0 0 0 0 0 0 0 0 0 0 0 0 0 0 0 0 0 0 0 0 0 0 0 0 0 0 0 0 0 0 0 0 0 0 0 0 0 0 0
0 0 0 0 0 0 0 0 0 0 0 0 0 0 0 0 0 0 0 0 0 0 0 0 0 0 0 0 0 0 0 0 0 0 0 0 0 0 0 0 0 0 0 0 0 0
0 0 0 0 0 0 0 0 0 0 0 0 0 0 0 0 0 0 0 0 0 0 0 0 0 0 0 0 0 0 0 0 0 0 0 0 0 0 0 0 0 0 0 0 0 0
0 0 0 0 0 0 0 0 0 0 0 0 0 0 0 0 0 0 0 0 0 0 0 0 0 0 0 0 0 0 0 0 0 0 0 0 0 0 0 0 0 0 0 0 0 0
0 0 0 0 0 0 0 0 0 0 0 0 0 0 0 0 0 0 0 0 0 0 0 0 0 0 0 0 0 0 0 0 0 0 0 0 0 0 0 0 0 0 0 0 0 0
0 0 0 0 0 0 0 0 0 0 0 0 0 0 0 0 0 0 0 0 0 0 0 0 0 0 0 0 0 0 0 0 0 0 0 0 0 0 0 0 0 0 0 0 0 0
0 0 0 0 0 0 0 0 0 0 0 0 0 0 0 0 0 0 0 0 0 0 0 0 0 0 0 0 0 0 0 0 0 0 0 0 0 0 0 0 0 0 0 0 0 0
0 0 0 0 0 0 0 0 0 0 0 0 0 0 0 0 0 0 0 0 0 0 0 0 0 0 0 0 0 0 0 0 0 0 0 0 0 0 0 0 0 0 0 0 0 0
0 0 0 0 0 0 0 0 0 0 0 0 0 0 0 0 0 0 0 0 0 0 0 0 0 0 0 0 0 0 0 0 0 0 0 0 0 0 0 0 0 0 0 0 0 0
0 0 0 0 0 0 0 0 0 0 0 0 0 0 0 0 0 0 0 0 0 0 0 0 0 0 0 0 0 0 0 0 0 0 0 0 0 0 0 0 0 0 0 0 0 0
0 0 0 0 0 0 0 0 0 0 0 0 0 0 0 0 0 0 0 0 0 0 0 0 0 0 0 0 0 0 0 0 0 0 0 0 0 0 0 0 0 0 0 0 0 0
0 0 0 0 0 0 0 0 0 0 0 0 0 0 0 0 0 0 0 0 0 0 0 0 0 0 0 0 0 0 0 0 0 0 0 0 0 0 0 0 0 0 0 0 0 0
0 0 0 0 0 0 0 0 0 0 0 0 0 0 0 0 0 0 0 0 0 0 0 0 0 0 0 0 0 0 0 0 0 0 0 0 0 0 0 0 0 0 0 0 0 0
0 0 0 0 0 0 0 0 0 0 0 0 0 0 0 0 0 0 0 0 0 0 0 0 0 0 0 0 0 0 0 0 0 0 0 0 0 0 0 0 0 0 0 0 0 0
0 0 0 0 0 0 0 0 0 0 0 0 0 0 0 0 0 0 0 0 0 0 0 0 0 0 0 0 0 0 0 0 0 0 0 0 0 0 0 0 0 0 0 0 0 0
0 0 0 0 0 0 0 0 0 0 0 0 0 0 0 0 0 0 0 0 0 0 0 0 0 0 0 0 0 0 0 0 0 0 0 0 0 0 0 0 0 0 0 0 0 0
0 0 0 0 0 0 0 0 0 0 0 0 0 0 0 0 0 0 0 0 0 0 0 0 0 0 0 0 0 0 0 0 0 0 0 0 0 0 0 0 0 0 0 0 0 0
0 0 0 0 0 0 0 0 0 0 0 0 0 0 0 0 0 0 0 0 0 0 0 0 0 0 0 0 0 0 0 0 0 0 0 0 0 0 0 0 0 0 0 0 0 0
0 0 0 0 0 0 0 0 0 0 0 0 0 0 0 0 0 0 0 0 0 0 0 0 0 0 0 0 0 0 0 0 0 0 0 0 0 0 0 0 0 0 0 0 0 0
0 0 0 0 0 0 0 0 0 0 0 0 0 0 0 0 0 0 0 0 0 0 0 0 0 0 0 0 0 0 0 0 0 0 0 0 0 0 0 0 0 0 0 0 0 0
0 0 0 0 0 0 0 0 0 0 0 0 0 0 0 0 0 0 0 0 0 0 0 0 0 0 0 0 0 0 0 0 0 0 0 0 0 0 0 0 0 0 0 0 0 0
0 0 0 0 0 0 0 0 0 0 0 0 0 0 0 0 0 0 0 0 0 0 0 0 0 0 0 0 0 0 0 0 0 0 0 0 0 0 0 0 0 0 0 0 0 0
0 0 0 0 0 0 0 0 0 0 0 0 0 0 0 0 0 0 0 0 0 0 0 0 0 0 0 0 0 0 0 0 0 0 0 0 0 0 0 0 0 0 0 0 0 0
0 0 0 0 0 0 0 0 0 0 0 0 0 0 0 0 0 0 0 0 0 0 0 0 0 0 0 0 0 0 0 0 0 0 0 0 0 0 0 0 0 0 0 0 0 0
0 0 0 0 0 0 0 0 0 0 0 0 0 0 0 0 0 0 0 0 0 0 0 0 0 0 0 0 0 0 0 0 0 0 0 0 0 0 0 0 0 0 0 0 0 0
0 0 0 0 0 0 0 0 0 0 0 0 0 0 0 0 0 0 0 0 0 0 0 0 0 0 0 0 0 0 0 0 0 0 0 0 0 0 0 0 0 0 0 0 0 0
0 0 0 0 0 0 0 0 0 0 0 0 0 0 0 0 0 0 0 0 0 0 0 0 0 0 0 0 0 0 0 0 0 0 0 0 0 0 0 0 0 0 0 0 0 0
0 0 0 0 0 0 0 0 0 0 0 0 0 0 0 0 0 0 0 0 0 0 0 0 0 0 0 0 0 0 0 0 0 0 0 0 0 0 0 0 0 0 0 0 0 0
0 0 0 0 0 0 0 0 0 0 0 0 0 0 0 0 0 0 0 0 0 0 0 0 0 0 0 0 0 0 0 0 0 0 0 0 0 0 0 0 0 0 0 0 0 0
0 0 0 0 0 0 0 0 0 0 0 0 0 0 0 0 0 0 0 0 0 0 0 0 0 0 0 0 0 0 0 0 0 0 0 0 0 0 0 0 0 0 0 0 0 0
0 0 0 0 0 0 0 0 0 0 0 0 0 0 0 0 0 0 0 0 0 0 0 0 0 0 0 0 0 0 0 0 0 0 0 0 0 0 0 0 0 0 0 0 0 0
0 0 0 0 0 0 0 0 0 0 0 0 0 0 0 0 0 0 0 0 0 0 0 0 0 0 0 0 0 0 0 0 0 0 0 0 0 0 0 0 0 0 0 0 0 0
0 0 0 0 0 0 0 0 0 0 0 0 0 0 0 0 0 0 0 0 0 0 0 0 0 0 0 0 0 0 0 0 0 0 0 0 0 0 0 0 0 0 0 0 0 0
0 0 0 0 0 0 0 0 0 0 0 0 0 0 0 0 0 0 0 0 0 0 0 0 0 0 0 0 0 0 0 0 0 0 0 0 0 0 0 0 0 0 0 0 0 0
0 0 0 0 0 0 0 0 0 0 0 0 0 0 0 0 0 0 0 0 0 0 0 0 0 0 0 0 0 0 0 0 0 0 0 0 0 0 0 0 0 0 0 0 0 0
0 0 0 0 0 0 0 0 0 0 0 0 0 0 0 0 0 0 0 0 0 0 0 0 0 0 0 0 0 0 0 0 0 0 0 0 0 0 0 0 0 0 0 0 0 0
0 -1 -12
0 -1 -15
0 -3 -12
0 -4 -5
0 -4 -20
0 -5 -6
0 -6 -8
0 -6 -41
0 -7 -6
0 -9 -20
0 -9 -31
0 -10 -12
0 -11 -21
0 -11 -25
0 -12 -28
0 -13 -34
0 -15 -6
0 -15 -27
0 -15 -41
0 -15 -44
0 -16 -7
0 -17 -35
0 -18 -2
0 -20 -29
0 -20 -37
0 -21 -29
0 -21 -32
0 -21 -41
0 -21 -43
0 -23 -39
0 -24 -4
0 -25 -4
0 -25 -38
0 -26 -19
0 -27 -13
0 -27 -20
0 -28 -8
0 -29 -42
0 -31 -33
0 -32 -1
0 -35 -8
0 -35 -31
0 -36 -4
0 -36 -29
0 -36 -38
0 -37 -19
0 -38 -14
0 -38 -34
0 -38 -44
0 -39 -6
0 -39 -9
0 -39 -10
0 -39 -14
0 -39 -22
0 -39 -29
0 -39 -37
0 -40 -8
0 -40 -27
0 -41 -41
0 -41 -44
0 -42 -6
0 -44 -12
0 -44 -27
0 -45 -24
0 -45 -35
1 -1 -12
1 -1 -15
1 -3 -12
1 -4 -5
1 -4 -20
1 -5 -6
1 -6 -8
1 -6 -41
1 -7 -6
1 -9 -20
1 -9 -31
1 -10 -12
1 -11 -21
1 -11 -25
1 -12 -28
1 -13 -34
1 -15 -6
1 -15 -27
1 -15 -41
1 -15 -44
1 -16 -7
1 -17 -35
1 -18 -2
1 -20 -29
1 -20 -37
1 -21 -29
1 -21 -32
1 -21 -41
1 -21 -43
1 -23 -39
1 -24 -4
1 -25 -4
1 -25 -38
1 -26 -19
1 -27 -13
1 -27 -20
1 -28 -8
1 -29 -42
1 -31 -33
1 -32 -1
1 -35 -8
1 -35 -31
1 -36 -4
1 -36 -29
1 -36 -38
1 -37 -19
1 -38 -14
1 -38 -34
1 -38 -44
1 -39 -6
1 -39 -9
1 -39 -10
1 -39 -14
1 -39 -22
1 -39 -29
1 -39 -37
1 -40 -8
1 -40 -27
1 -41 -41
1 -41 -44
1 -42 -6
1 -44 -12
1 -44 -27
1 -45 -24
1 -45 -35
2 -1 -12
2 -1 -15
2 -3 -12
2 -4 -5
2 -4 -20
2 -5 -6
2 -6 -8
2 -6 -41
2 -7 -6
2 -9 -20
2 -9 -31
2 -10 -12
2 -11 -21
2 -11 -25
2 -12 -28
2 -13 -34
2 -15 -6
2 -15 -27
2 -15 -41
2 -15 -44
2 -16 -7
2 -17 -35
2 -18 -2
2 -20 -29
2 -20 -37
2 -21 -29
2 -21 -32
2 -21 -41
2 -21 -43
2 -23 -39
2 -24 -4
2 -25 -4
2 -25 -38
2 -26 -19
2 -27 -13
2 -27 -20
2 -28 -8
2 -29 -42
2 -31 -33
2 -32 -1
2 -35 -8
2 -35 -31
2 -36 -4
2 -36 -29
2 -36 -38
2 -37 -19
2 -38 -14
2 -38 -34
2 -38 -44
2 -39 -6
2 -39 -9
2 -39 -10
2 -39 -14
2 -39 -22
2 -39 -29
2 -39 -37
2 -40 -8
2 -40 -27
2 -41 -41
2 -41 -44
2 -42 -6
2 -44 -12
2 -44 -27
2 -45 -24
2 -45 -35
3 -1 -12
3 -1 -15
3 -3 -12
3 -4 -5
3 -4 -20
3 -5 -6
3 -6 -8
3 -6 -41
3 -7 -6
3 -9 -20
3 -9 -31
3 -10 -12
3 -11 -21
3 -11 -25
3 -12 -28
3 -13 -34
3 -15 -6
3 -15 -27
3 -15 -41
3 -15 -44
3 -16 -7
3 -17 -35
3 -18 -2
3 -20 -29
3 -20 -37
3 -21 -29
3 -21 -32
3 -21 -41
3 -21 -43
3 -23 -39
3 -24 -4
3 -25 -4
3 -25 -38
3 -26 -19
3 -27 -13
3 -27 -20
3 -28 -8
3 -29 -42
3 -31 -33
3 -32 -1
3 -35 -8
3 -35 -31
3 -36 -4
3 -36 -29
3 -36 -38
3 -37 -19
3 -38 -14
3 -38 -34
3 -38 -44
3 -39 -6
3 -39 -9
3 -39 -10
3 -39 -14
3 -39 -22
3 -39 -29
3 -39 -37
3 -40 -8
3 -40 -27
3 -41 -41
3 -41 -44
3 -42 -6
3 -44 -12
3 -44 -27
3 -45 -24
3 -45 -35
4 -1 -12
4 -1 -15
4 -3 -12
4 -4 -5
4 -4 -20
4 -5 -6
4 -6 -8
4 -6 -41
4 -7 -6
4 -9 -20
4 -9 -31
4 -10 -12
4 -11 -21
4 -11 -25
4 -12 -28
4 -13 -34
4 -15 -6
4 -15 -27
4 -15 -41
4 -15 -44
4 -16 -7
4 -17 -35
4 -18 -2
4 -20 -29
4 -20 -37
4 -21 -29
4 -21 -32
4 -21 -41
4 -21 -43
4 -23 -39
4 -24 -4
4 -25 -4
4 -25 -38
4 -26 -19
4 -27 -13
4 -27 -20
4 -28 -8
4 -29 -42
4 -31 -33
4 -32 -1
4 -35 -8
4 -35 -31
4 -36 -4
4 -36 -29
4 -36 -38
4 -37 -19
4 -38 -14
4 -38 -34
4 -38 -44
4 -39 -6
4 -39 -9
4 -39 -10
4 -39 -14
4 -39 -22
4 -39 -29
4 -39 -37
4 -40 -8
4 -40 -27
4 -41 -41
4 -41 -44
4 -42 -6
4 -44 -12
4 -44 -27
4 -45 -24
4 -45 -35
5 -1 -12
5 -1 -15
5 -3 -12
5 -4 -5
5 -4 -20
5 -5 -6
5 -6 -8
5 -6 -41
5 -7 -6
5 -9 -20
5 -9 -31
5 -10 -12
5 -11 -21
5 -11 -25
5 -12 -28
5 -13 -34
5 -15 -6
5 -15 -27
5 -15 -41
5 -15 -44
5 -16 -7
5 -17 -35
5 -18 -2
5 -20 -29
5 -20 -37
5 -21 -29
5 -21 -32
5 -21 -41
5 -21 -43
5 -23 -39
5 -24 -4
5 -25 -4
5 -25 -38
5 -26 -19
5 -27 -13
5 -27 -20
5 -28 -8
5 -29 -42
5 -31 -33
5 -32 -1
5 -35 -8
5 -35 -31
5 -36 -4
5 -36 -29
5 -36 -38
5 -37 -19
5 -38 -14
5 -38 -34
5 -38 -44
5 -39 -6
5 -39 -9
5 -39 -10
5 -39 -14
5 -39 -22
5 -39 -29
5 -39 -37
5 -40 -8
5 -40 -27
5 -41 -41
5 -41 -44
5 -42 -6
5 -44 -12
5 -44 -27
5 -45 -24
5 -45 -35
6 -1 -12
6 -1 -15
6 -3 -12
6 -4 -5
6 -4 -20
6 -5 -6
6 -6 -8
6 -6 -41
6 -7 -6
6 -9 -20
6 -9 -31
6 -10 -12
6 -11 -21
6 -11 -25
6 -12 -28
6 -13 -34
6 -15 -6
6 -15 -27
6 -15 -41
6 -15 -44
6 -16 -7
6 -17 -35
6 -18 -2
6 -20 -29
6 -20 -37
6 -21 -29
6 -21 -32
6 -21 -41
6 -21 -43
6 -23 -39
6 -24 -4
6 -25 -4
6 -25 -38
6 -26 -19
6 -27 -13
6 -27 -20
6 -28 -8
6 -29 -42
6 -31 -33
6 -32 -1
6 -35 -8
6 -35 -31
6 -36 -4
6 -36 -29
6 -36 -38
6 -37 -19
6 -38 -14
6 -38 -34
6 -38 -44
6 -39 -6
6 -39 -9
6 -39 -10
6 -39 -14
6 -39 -22
6 -39 -29
6 -39 -37
6 -40 -8
6 -40 -27
6 -41 -41
6 -41 -44
6 -42 -6
6 -44 -12
6 -44 -27
6 -45 -24
6 -45 -35
7 -1 -12
7 -1 -15
7 -3 -12
7 -4 -5
7 -4 -20
7 -5 -6
7 -6 -8
7 -6 -41
7 -7 -6
7 -9 -20
7 -9 -31
7 -10 -12
7 -11 -21
7 -11 -25
7 -12 -28
7 -13 -34
7 -15 -6
7 -15 -27
7 -15 -41
7 -15 -44
7 -16 -7
7 -17 -35
7 -18 -2
7 -20 -29
7 -20 -37
7 -21 -29
7 -21 -32
7 -21 -41
7 -21 -43
7 -23 -39
7 -24 -4
7 -25 -4
7 -25 -38
7 -26 -19
7 -27 -13
7 -27 -20
7 -28 -8
7 -29 -42
7 -31 -33
7 -32 -1
7 -35 -8
7 -35 -31
7 -36 -4
7 -36 -29
7 -36 -38
7 -37 -19
7 -38 -14
7 -38 -34
7 -38 -44
7 -39 -6
7 -39 -9
7 -39 -10
7 -39 -14
7 -39 -22
7 -39 -29
7 -39 -37
7 -40 -8
7 -40 -27
7 -41 -41
7 -41 -44
7 -42 -6
7 -44 -12
7 -44 -27
7 -45 -24
7 -45 -35
8 -1 -12
8 -1 -15
8 -3 -12
8 -4 -5
8 -4 -20
8 -5 -6
8 -6 -8
8 -6 -41
8 -7 -6
8 -9 -20
8 -9 -31
8 -10 -12
8 -11 -21
8 -11 -25
8 -12 -28
8 -13 -34
8 -15 -6
8 -15 -27
8 -15 -41
8 -15 -44
8 -16 -7
8 -17 -35
8 -18 -2
8 -20 -29
8 -20 -37
8 -21 -29
8 -21 -32
8 -21 -41
8 -21 -43
8 -23 -39
8 -24 -4
8 -25 -4
8 -25 -38
8 -26 -19
8 -27 -13
8 -27 -20
8 -28 -8
8 -29 -42
8 -31 -33
8 -32 -1
8 -35 -8
8 -35 -31
8 -36 -4
8 -36 -29
8 -36 -38
8 -37 -19
8 -38 -14
8 -38 -34
8 -38 -44
8 -39 -6
8 -39 -9
8 -39 -10
8 -39 -14
8 -39 -22
8 -39 -29
8 -39 -37
8 -40 -8
8 -40 -27
8 -41 -41
8 -41 -44
8 -42 -6
8 -44 -12
8 -44 -27
8 -45 -24
8 -45 -35
9 -1 -12
9 -1 -15
9 -3 -12
9 -4 -5
9 -4 -20
9 -5 -6
9 -6 -8
9 -6 -41
9 -7 -6
9 -9 -20
9 -9 -31
9 -10 -12
9 -11 -21
9 -11 -25
9 -12 -28
9 -13 -34
9 -15 -6
9 -15 -27
9 -15 -41
9 -15 -44
9 -16 -7
9 -17 -35
9 -18 -2
9 -20 -29
9 -20 -37
9 -21 -29
9 -21 -32
9 -21 -41
9 -21 -43
9 -23 -39
9 -24 -4
9 -25 -4
9 -25 -38
9 -26 -19
9 -27 -13
9 -27 -20
9 -28 -8
9 -29 -42
9 -31 -33
9 -32 -1
9 -35 -8
9 -35 -31
9 -36 -4
9 -36 -29
9 -36 -38
9 -37 -19
9 -38 -14
9 -38 -34
9 -38 -44
9 -39 -6
9 -39 -9
9 -39 -10
9 -39 -14
9 -39 -22
9 -39 -29
9 -39 -37
9 -40 -8
9 -40 -27
9 -41 -41
9 -41 -44
9 -42 -6
9 -44 -12
9 -44 -27
9 -45 -24
9 -45 -35
10 -1 -12
10 -1 -15
10 -3 -12
10 -4 -5
10 -4 -20
10 -5 -6
10 -6 -8
10 -6 -41
10 -7 -6
10 -9 -20
10 -9 -31
10 -10 -12
10 -11 -21
10 -11 -25
10 -12 -28
10 -13 -34
10 -15 -6
10 -15 -27
10 -15 -41
10 -15 -44
10 -16 -7
10 -17 -35
10 -18 -2
10 -20 -29
10 -20 -37
10 -21 -29
10 -21 -32
10 -21 -41
10 -21 -43
10 -23 -39
10 -24 -4
10 -25 -4
10 -25 -38
10 -26 -19
10 -27 -13
10 -27 -20
10 -28 -8
10 -29 -42
10 -31 -33
10 -32 -1
10 -35 -8
10 -35 -31
10 -36 -4
10 -36 -29
10 -36 -38
10 -37 -19
10 -38 -14
10 -38 -34
10 -38 -44
10 -39 -6
10 -39 -9
10 -39 -10
10 -39 -14
10 -39 -22
10 -39 -29
10 -39 -37
10 -40 -8
10 -40 -27
10 -41 -41
10 -41 -44
10 -42 -6
10 -44 -12
10 -44 -27
10 -45 -24
10 -45 -35
11 -1 -12
11 -1 -15
11 -3 -12
11 -4 -5
11 -4 -20
11 -5 -6
11 -6 -8
11 -6 -41
11 -7 -6
11 -9 -20
11 -9 -31
11 -10 -12
11 -11 -21
11 -11 -25
11 -12 -28
11 -13 -34
11 -15 -6
11 -15 -27
11 -15 -41
11 -15 -44
11 -16 -7
11 -17 -35
11 -18 -2
11 -20 -29
11 -20 -37
11 -21 -29
11 -21 -32
11 -21 -41
11 -21 -43
11 -23 -39
11 -24 -4
11 -25 -4
11 -25 -38
11 -26 -19
11 -27 -13
11 -27 -20
11 -28 -8
11 -29 -42
11 -31 -33
11 -32 -1
11 -35 -8
11 -35 -31
11 -36 -4
11 -36 -29
11 -36 -38
11 -37 -19
11 -38 -14
11 -38 -34
11 -38 -44
11 -39 -6
11 -39 -9
11 -39 -10
11 -39 -14
11 -39 -22
11 -39 -29
11 -39 -37
11 -40 -8
11 -40 -27
11 -41 -41
11 -41 -44
11 -42 -6
11 -44 -12
11 -44 -27
11 -45 -24
11 -45 -35
12 -1 -12
12 -1 -15
12 -3 -12
12 -4 -5
12 -4 -20
12 -5 -6
12 -6 -8
12 -6 -41
12 -7 -6
12 -9 -20
12 -9 -31
12 -10 -12
12 -11 -21
12 -11 -25
12 -12 -28
12 -13 -34
12 -15 -6
12 -15 -27
12 -15 -41
12 -15 -44
12 -16 -7
12 -17 -35
12 -18 -2
12 -20 -29
12 -20 -37
12 -21 -29
12 -21 -32
12 -21 -41
12 -21 -43
12 -23 -39
12 -24 -4
12 -25 -4
12 -25 -38
12 -26 -19
12 -27 -13
12 -27 -20
12 -28 -8
12 -29 -42
12 -31 -33
12 -32 -1
12 -35 -8
12 -35 -31
12 -36 -4
12 -36 -29
12 -36 -38
12 -37 -19
12 -38 -14
12 -38 -34
12 -38 -44
12 -39 -6
12 -39 -9
12 -39 -10
12 -39 -14
12 -39 -22
12 -39 -29
12 -39 -37
12 -40 -8
12 -40 -27
12 -41 -41
12 -41 -44
12 -42 -6
12 -44 -12
12 -44 -27
12 -45 -24
12 -45 -35
13 -1 -12
13 -1 -15
13 -3 -12
13 -4 -5
13 -4 -20
13 -5 -6
13 -6 -8
13 -6 -41
13 -7 -6
13 -9 -20
13 -9 -31
13 -10 -12
13 -11 -21
13 -11 -25
13 -12 -28
13 -13 -34
13 -15 -6
13 -15 -27
13 -15 -41
13 -15 -44
13 -16 -7
13 -17 -35
13 -18 -2
13 -20 -29
13 -20 -37
13 -21 -29
13 -21 -32
13 -21 -41
13 -21 -43
13 -23 -39
13 -24 -4
13 -25 -4
13 -25 -38
13 -26 -19
13 -27 -13
13 -27 -20
13 -28 -8
13 -29 -42
13 -31 -33
13 -32 -1
13 -35 -8
13 -35 -31
13 -36 -4
13 -36 -29
13 -36 -38
13 -37 -19
13 -38 -14
13 -38 -34
13 -38 -44
13 -39 -6
13 -39 -9
13 -39 -10
13 -39 -14
13 -39 -22
13 -39 -29
13 -39 -37
13 -40 -8
13 -40 -27
13 -41 -41
13 -41 -44
13 -42 -6
13 -44 -12
13 -44 -27
13 -45 -24
13 -45 -35
14 -1 -12
14 -1 -15
14 -3 -12
14 -4 -5
14 -4 -20
14 -5 -6
14 -6 -8
14 -6 -41
14 -7 -6
14 -9 -20
14 -9 -31
14 -10 -12
14 -11 -21
14 -11 -25
14 -12 -28
14 -13 -34
14 -15 -6
14 -15 -27
14 -15 -41
14 -15 -44
14 -16 -7
14 -17 -35
14 -18 -2
14 -20 -29
14 -20 -37
14 -21 -29
14 -21 -32
14 -21 -41
14 -21 -43
14 -23 -39
14 -24 -4
14 -25 -4
14 -25 -38
14 -26 -19
14 -27 -13
14 -27 -20
14 -28 -8
14 -29 -42
14 -31 -33
14 -32 -1
14 -35 -8
14 -35 -31
14 -36 -4
14 -36 -29
14 -36 -38
14 -37 -19
14 -38 -14
14 -38 -34
14 -38 -44
14 -39 -6
14 -39 -9
14 -39 -10
14 -39 -14
14 -39 -22
14 -39 -29
14 -39 -37
14 -40 -8
14 -40 -27
14 -41 -41
14 -41 -44
14 -42 -6
14 -44 -12
14 -44 -27
14 -45 -24
14 -45 -35
15 -1 -12
15 -1 -15
15 -3 -12
15 -4 -5
15 -4 -20
15 -5 -6
15 -6 -8
15 -6 -41
15 -7 -6
15 -9 -20
15 -9 -31
15 -10 -12
15 -11 -21
15 -11 -25
15 -12 -28
15 -13 -34
15 -15 -6
15 -15 -27
15 -15 -41
15 -15 -44
15 -16 -7
15 -17 -35
15 -18 -2
15 -20 -29
15 -20 -37
15 -21 -29
15 -21 -32
15 -21 -41
15 -21 -43
15 -23 -39
15 -24 -4
15 -25 -4
15 -25 -38
15 -26 -19
15 -27 -13
15 -27 -20
15 -28 -8
15 -29 -42
15 -31 -33
15 -32 -1
15 -35 -8
15 -35 -31
15 -36 -4
15 -36 -29
15 -36 -38
15 -37 -19
15 -38 -14
15 -38 -34
15 -38 -44
15 -39 -6
15 -39 -9
15 -39 -10
15 -39 -14
15 -39 -22
15 -39 -29
15 -39 -37
15 -40 -8
15 -40 -27
15 -41 -41
15 -41 -44
15 -42 -6
15 -44 -12
15 -44 -27
15 -45 -24
15 -45 -35
16 -1 -12
16 -1 -15
16 -3 -12
16 -4 -5
16 -4 -20
16 -5 -6
16 -6 -8
16 -6 -41
16 -7 -6
16 -9 -20
16 -9 -31
16 -10 -12
16 -11 -21
16 -11 -25
16 -12 -28
16 -13 -34
16 -15 -6
16 -15 -27
16 -15 -41
16 -15 -44
16 -16 -7
16 -17 -35
16 -18 -2
16 -20 -29
16 -20 -37
16 -21 -29
16 -21 -32
16 -21 -41
16 -21 -43
16 -23 -39
16 -24 -4
16 -25 -4
16 -25 -38
16 -26 -19
16 -27 -13
16 -27 -20
16 -28 -8
16 -29 -42
16 -31 -33
16 -32 -1
16 -35 -8
16 -35 -31
16 -36 -4
16 -36 -29
16 -36 -38
16 -37 -19
16 -38 -14
16 -38 -34
16 -38 -44
16 -39 -6
16 -39 -9
16 -39 -10
16 -39 -14
16 -39 -22
16 -39 -29
16 -39 -37
16 -40 -8
16 -40 -27
16 -41 -41
16 -41 -44
16 -42 -6
16 -44 -12
16 -44 -27
16 -45 -24
16 -45 -35
17 -1 -12
17 -1 -15
17 -3 -12
17 -4 -5
17 -4 -20
17 -5 -6
17 -6 -8
17 -6 -41
17 -7 -6
17 -9 -20
17 -9 -31
17 -10 -12
17 -11 -21
17 -11 -25
17 -12 -28
17 -13 -34
17 -15 -6
17 -15 -27
17 -15 -41
17 -15 -44
17 -16 -7
17 -17 -35
17 -18 -2
17 -20 -29
17 -20 -37
17 -21 -29
17 -21 -32
17 -21 -41
17 -21 -43
17 -23 -39
17 -24 -4
17 -25 -4
17 -25 -38
17 -26 -19
17 -27 -13
17 -27 -20
17 -28 -8
17 -29 -42
17 -31 -33
17 -32 -1
17 -35 -8
17 -35 -31
17 -36 -4
17 -36 -29
17 -36 -38
17 -37 -19
17 -38 -14
17 -38 -34
17 -38 -44
17 -39 -6
17 -39 -9
17 -39 -10
17 -39 -14
17 -39 -22
17 -39 -29
17 -39 -37
17 -40 -8
17 -40 -27
17 -41 -41
17 -41 -44
17 -42 -6
17 -44 -12
17 -44 -27
17 -45 -24
17 -45 -35
18 -1 -12
18 -1 -15
18 -3 -12
18 -4 -5
18 -4 -20
18 -5 -6
18 -6 -8
18 -6 -41
18 -7 -6
18 -9 -20
18 -9 -31
18 -10 -12
18 -11 -21
18 -11 -25
18 -12 -28
18 -13 -34
18 -15 -6
18 -15 -27
18 -15 -41
18 -15 -44
18 -16 -7
18 -17 -35
18 -18 -2
18 -20 -29
18 -20 -37
18 -21 -29
18 -21 -32
18 -21 -41
18 -21 -43
18 -23 -39
18 -24 -4
18 -25 -4
18 -25 -38
18 -26 -19
18 -27 -13
18 -27 -20
18 -28 -8
18 -29 -42
18 -31 -33
18 -32 -1
18 -35 -8
18 -35 -31
18 -36 -4
18 -36 -29
18 -36 -38
18 -37 -19
18 -38 -14
18 -38 -34
18 -38 -44
18 -39 -6
18 -39 -9
18 -39 -10
18 -39 -14
18 -39 -22
18 -39 -29
18 -39 -37
18 -40 -8
18 -40 -27
18 -41 -41
18 -41 -44
18 -42 -6
18 -44 -12
18 -44 -27
18 -45 -24
18 -45 -35
19 -1 -12
19 -1 -15
19 -3 -12
19 -4 -5
19 -4 -20
19 -5 -6
19 -6 -8
19 -6 -41
19 -7 -6
19 -9 -20
19 -9 -31
19 -10 -12
19 -11 -21
19 -11 -25
19 -12 -28
19 -13 -34
19 -15 -6
19 -15 -27
19 -15 -41
19 -15 -44
19 -16 -7
19 -17 -35
19 -18 -2
19 -20 -29
19 -20 -37
19 -21 -29
19 -21 -32
19 -21 -41
19 -21 -43
19 -23 -39
19 -24 -4
19 -25 -4
19 -25 -38
19 -26 -19
19 -27 -13
19 -27 -20
19 -28 -8
19 -29 -42
19 -31 -33
19 -32 -1
19 -35 -8
19 -35 -31
19 -36 -4
19 -36 -29
19 -36 -38
19 -37 -19
19 -38 -14
19 -38 -34
19 -38 -44
19 -39 -6
19 -39 -9
19 -39 -10
19 -39 -14
19 -39 -22
19 -39 -29
19 -39 -37
19 -40 -8
19 -40 -27
19 -41 -41
19 -41 -44
19 -42 -6
19 -44 -12
19 -44 -27
19 -45 -24
19 -45 -35
20 -1 -12
20 -1 -15
20 -3 -12
20 -4 -5
20 -4 -20
20 -5 -6
20 -6 -8
20 -6 -41
20 -7 -6
20 -9 -20
20 -9 -31
20 -10 -12
20 -11 -21
20 -11 -25
20 -12 -28
20 -13 -34
20 -15 -6
20 -15 -27
20 -15 -41
20 -15 -44
20 -16 -7
20 -17 -35
20 -18 -2
20 -20 -29
20 -20 -37
20 -21 -29
20 -21 -32
20 -21 -41
20 -21 -43
20 -23 -39
20 -24 -4
20 -25 -4
20 -25 -38
20 -26 -19
20 -27 -13
20 -27 -20
20 -28 -8
20 -29 -42
20 -31 -33
20 -32 -1
20 -35 -8
20 -35 -31
20 -36 -4
20 -36 -29
20 -36 -38
20 -37 -19
20 -38 -14
20 -38 -34
20 -38 -44
20 -39 -6
20 -39 -9
20 -39 -10
20 -39 -14
20 -39 -22
20 -39 -29
20 -39 -37
20 -40 -8
20 -40 -27
20 -41 -41
20 -41 -44
20 -42 -6
20 -44 -12
20 -44 -27
20 -45 -24
20 -45 -35
21 -1 -12
21 -1 -15
21 -3 -12
21 -4 -5
21 -4 -20
21 -5 -6
21 -6 -8
21 -6 -41
21 -7 -6
21 -9 -20
21 -9 -31
21 -10 -12
21 -11 -21
21 -11 -25
21 -12 -28
21 -13 -34
21 -15 -6
21 -15 -27
21 -15 -41
21 -15 -44
21 -16 -7
21 -17 -35
21 -18 -2
21 -20 -29
21 -20 -37
21 -21 -29
21 -21 -32
21 -21 -41
21 -21 -43
21 -23 -39
21 -24 -4
21 -25 -4
21 -25 -38
21 -26 -19
21 -27 -13
21 -27 -20
21 -28 -8
21 -29 -42
21 -31 -33
21 -32 -1
21 -35 -8
21 -35 -31
21 -36 -4
21 -36 -29
21 -36 -38
21 -37 -19
21 -38 -14
21 -38 -34
21 -38 -44
21 -39 -6
21 -39 -9
21 -39 -10
21 -39 -14
21 -39 -22
21 -39 -29
21 -39 -37
21 -40 -8
21 -40 -27
21 -41 -41
21 -41 -44
21 -42 -6
21 -44 -12
21 -44 -27
21 -45 -24
21 -45 -35
22 -1 -12
22 -1 -15
22 -3 -12
22 -4 -5
22 -4 -20
22 -5 -6
22 -6 -8
22 -6 -41
22 -7 -6
22 -9 -20
22 -9 -31
22 -10 -12
22 -11 -21
22 -11 -25
22 -12 -28
22 -13 -34
22 -15 -6
22 -15 -27
22 -15 -41
22 -15 -44
22 -16 -7
22 -17 -35
22 -18 -2
22 -20 -29
22 -20 -37
22 -21 -29
22 -21 -32
22 -21 -41
22 -21 -43
22 -23 -39
22 -24 -4
22 -25 -4
22 -25 -38
22 -26 -19
22 -27 -13
22 -27 -20
22 -28 -8
22 -29 -42
22 -31 -33
22 -32 -1
22 -35 -8
22 -35 -31
22 -36 -4
22 -36 -29
22 -36 -38
22 -37 -19
22 -38 -14
22 -38 -34
22 -38 -44
22 -39 -6
22 -39 -9
22 -39 -10
22 -39 -14
22 -39 -22
22 -39 -29
22 -39 -37
22 -40 -8
22 -40 -27
22 -41 -41
22 -41 -44
22 -42 -6
22 -44 -12
22 -44 -27
22 -45 -24
22 -45 -35
23 -1 -12
23 -1 -15
23 -3 -12
23 -4 -5
23 -4 -20
23 -5 -6
23 -6 -8
23 -6 -41
23 -7 -6
23 -9 -20
23 -9 -31
23 -10 -12
23 -11 -21
23 -11 -25
23 -12 -28
23 -13 -34
23 -15 -6
23 -15 -27
23 -15 -41
23 -15 -44
23 -16 -7
23 -17 -35
23 -18 -2
23 -20 -29
23 -20 -37
23 -21 -29
23 -21 -32
23 -21 -41
23 -21 -43
23 -23 -39
23 -24 -4
23 -25 -4
23 -25 -38
23 -26 -19
23 -27 -13
23 -27 -20
23 -28 -8
23 -29 -42
23 -31 -33
23 -32 -1
23 -35 -8
23 -35 -31
23 -36 -4
23 -36 -29
23 -36 -38
23 -37 -19
23 -38 -14
23 -38 -34
23 -38 -44
23 -39 -6
23 -39 -9
23 -39 -10
23 -39 -14
23 -39 -22
23 -39 -29
23 -39 -37
23 -40 -8
23 -40 -27
23 -41 -41
23 -41 -44
23 -42 -6
23 -44 -12
23 -44 -27
23 -45 -24
23 -45 -35
24 -1 -12
24 -1 -15
24 -3 -12
24 -4 -5
24 -4 -20
24 -5 -6
24 -6 -8
24 -6 -41
24 -7 -6
24 -9 -20
24 -9 -31
24 -10 -12
24 -11 -21
24 -11 -25
24 -12 -28
24 -13 -34
24 -15 -6
24 -15 -27
24 -15 -41
24 -15 -44
24 -16 -7
24 -17 -35
24 -18 -2
24 -20 -29
24 -20 -37
24 -21 -29
24 -21 -32
24 -21 -41
24 -21 -43
24 -23 -39
24 -24 -4
24 -25 -4
24 -25 -38
24 -26 -19
24 -27 -13
24 -27 -20
24 -28 -8
24 -29 -42
24 -31 -33
24 -32 -1
24 -35 -8
24 -35 -31
24 -36 -4
24 -36 -29
24 -36 -38
24 -37 -19
24 -38 -14
24 -38 -34
24 -38 -44
24 -39 -6
24 -39 -9
24 -39 -10
24 -39 -14
24 -39 -22
24 -39 -29
24 -39 -37
24 -40 -8
24 -40 -27
24 -41 -41
24 -41 -44
24 -42 -6
24 -44 -12
24 -44 -27
24 -45 -24
24 -45 -35
25 -1 -12
25 -1 -15
25 -3 -12
25 -4 -5
25 -4 -20
25 -5 -6
25 -6 -8
25 -6 -41
25 -7 -6
25 -9 -20
25 -9 -31
25 -10 -12
25 -11 -21
25 -11 -25
25 -12 -28
25 -13 -34
25 -15 -6
25 -15 -27
25 -15 -41
25 -15 -44
25 -16 -7
25 -17 -35
25 -18 -2
25 -20 -29
25 -20 -37
25 -21 -29
25 -21 -32
25 -21 -41
25 -21 -43
25 -23 -39
25 -24 -4
25 -25 -4
25 -25 -38
25 -26 -19
25 -27 -13
25 -27 -20
25 -28 -8
25 -29 -42
25 -31 -33
25 -32 -1
25 -35 -8
25 -35 -31
25 -36 -4
25 -36 -29
25 -36 -38
25 -37 -19
25 -38 -14
25 -38 -34
25 -38 -44
25 -39 -6
25 -39 -9
25 -39 -10
25 -39 -14
25 -39 -22
25 -39 -29
25 -39 -37
25 -40 -8
25 -40 -27
25 -41 -41
25 -41 -44
25 -42 -6
25 -44 -12
25 -44 -27
25 -45 -24
25 -45 -35
26 -1 -12
26 -1 -15
26 -3 -12
26 -4 -5
26 -4 -20
26 -5 -6
26 -6 -8
26 -6 -41
26 -7 -6
26 -9 -20
26 -9 -31
26 -10 -12
26 -11 -21
26 -11 -25
26 -12 -28
26 -13 -34
26 -15 -6
26 -15 -27
26 -15 -41
26 -15 -44
26 -16 -7
26 -17 -35
26 -18 -2
26 -20 -29
26 -20 -37
26 -21 -29
26 -21 -32
26 -21 -41
26 -21 -43
26 -23 -39
26 -24 -4
26 -25 -4
26 -25 -38
26 -26 -19
26 -27 -13
26 -27 -20
26 -28 -8
26 -29 -42
26 -31 -33
26 -32 -1
26 -35 -8
26 -35 -31
26 -36 -4
26 -36 -29
26 -36 -38
26 -37 -19
26 -38 -14
26 -38 -34
26 -38 -44
26 -39 -6
26 -39 -9
26 -39 -10
26 -39 -14
26 -39 -22
26 -39 -29
26 -39 -37
26 -40 -8
26 -40 -27
26 -41 -41
26 -41 -44
26 -42 -6
26 -44 -12
26 -44 -27
26 -45 -24
26 -45 -35
27 -1 -12
27 -1 -15
27 -3 -12
27 -4 -5
27 -4 -20
27 -5 -6
27 -6 -8
27 -6 -41
27 -7 -6
27 -9 -20
27 -9 -31
27 -10 -12
27 -11 -21
27 -11 -25
27 -12 -28
27 -13 -34
27 -15 -6
27 -15 -27
27 -15 -41
27 -15 -44
27 -16 -7
27 -17 -35
27 -18 -2
27 -20 -29
27 -20 -37
27 -21 -29
27 -21 -32
27 -21 -41
27 -21 -43
27 -23 -39
27 -24 -4
27 -25 -4
27 -25 -38
27 -26 -19
27 -27 -13
27 -27 -20
27 -28 -8
27 -29 -42
27 -31 -33
27 -32 -1
27 -35 -8
27 -35 -31
27 -36 -4
27 -36 -29
27 -36 -38
27 -37 -19
27 -38 -14
27 -38 -34
27 -38 -44
27 -39 -6
27 -39 -9
27 -39 -10
27 -39 -14
27 -39 -22
27 -39 -29
27 -39 -37
27 -40 -8
27 -40 -27
27 -41 -41
27 -41 -44
27 -42 -6
27 -44 -12
27 -44 -27
27 -45 -24
27 -45 -35
28 -1 -12
28 -1 -15
28 -3 -12
28 -4 -5
28 -4 -20
28 -5 -6
28 -6 -8
28 -6 -41
28 -7 -6
28 -9 -20
28 -9 -31
28 -10 -12
28 -11 -21
28 -11 -25
28 -12 -28
28 -13 -34
28 -15 -6
28 -15 -27
28 -15 -41
28 -15 -44
28 -16 -7
28 -17 -35
28 -18 -2
28 -20 -29
28 -20 -37
28 -21 -29
28 -21 -32
28 -21 -41
28 -21 -43
28 -23 -39
28 -24 -4
28 -25 -4
28 -25 -38
28 -26 -19
28 -27 -13
28 -27 -20
28 -28 -8
28 -29 -42
28 -31 -33
28 -32 -1
28 -35 -8
28 -35 -31
28 -36 -4
28 -36 -29
28 -36 -38
28 -37 -19
28 -38 -14
28 -38 -34
28 -38 -44
28 -39 -6
28 -39 -9
28 -39 -10
28 -39 -14
28 -39 -22
28 -39 -29
28 -39 -37
28 -40 -8
28 -40 -27
28 -41 -41
28 -41 -44
28 -42 -6
28 -44 -12
28 -44 -27
28 -45 -24
28 -45 -35
29 -1 -12
29 -1 -15
29 -3 -12
29 -4 -5
29 -4 -20
29 -5 -6
29 -6 -8
29 -6 -41
29 -7 -6
29 -9 -20
29 -9 -31
29 -10 -12
29 -11 -21
29 -11 -25
29 -12 -28
29 -13 -34
29 -15 -6
29 -15 -27
29 -15 -41
29 -15 -44
29 -16 -7
29 -17 -35
29 -18 -2
29 -20 -29
29 -20 -37
29 -21 -29
29 -21 -32
29 -21 -41
29 -21 -43
29 -23 -39
29 -24 -4
29 -25 -4
29 -25 -38
29 -26 -19
29 -27 -13
29 -27 -20
29 -28 -8
29 -29 -42
29 -31 -33
29 -32 -1
29 -35 -8
29 -35 -31
29 -36 -4
29 -36 -29
29 -36 -38
29 -37 -19
29 -38 -14
29 -38 -34
29 -38 -44
29 -39 -6
29 -39 -9
29 -39 -10
29 -39 -14
29 -39 -22
29 -39 -29
29 -39 -37
29 -40 -8
29 -40 -27
29 -41 -41
29 -41 -44
29 -42 -6
29 -44 -12
29 -44 -27
29 -45 -24
29 -45 -35
30 -1 -12
30 -1 -15
30 -3 -12
30 -4 -5
30 -4 -20
30 -5 -6
30 -6 -8
30 -6 -41
30 -7 -6
30 -9 -20
30 -9 -31
30 -10 -12
30 -11 -21
30 -11 -25
30 -12 -28
30 -13 -34
30 -15 -6
30 -15 -27
30 -15 -41
30 -15 -44
30 -16 -7
30 -17 -35
30 -18 -2
30 -20 -29
30 -20 -37
30 -21 -29
30 -21 -32
30 -21 -41
30 -21 -43
30 -23 -39
30 -24 -4
30 -25 -4
30 -25 -38
30 -26 -19
30 -27 -13
30 -27 -20
30 -28 -8
30 -29 -42
30 -31 -33
30 -32 -1
30 -35 -8
30 -35 -31
30 -36 -4
30 -36 -29
30 -36 -38
30 -37 -19
30 -38 -14
30 -38 -34
30 -38 -44
30 -39 -6
30 -39 -9
30 -39 -10
30 -39 -14
30 -39 -22
30 -39 -29
30 -39 -37
30 -40 -8
30 -40 -27
30 -41 -41
30 -41 -44
30 -42 -6
30 -44 -12
30 -44 -27
30 -45 -24
30 -45 -35
31 -1 -12
31 -1 -15
31 -3 -12
31 -4 -5
31 -4 -20
31 -5 -6
31 -6 -8
31 -6 -41
31 -7 -6
31 -9 -20
31 -9 -31
31 -10 -12
31 -11 -21
31 -11 -25
31 -12 -28
31 -13 -34
31 -15 -6
31 -15 -27
31 -15 -41
31 -15 -44
31 -16 -7
31 -17 -35
31 -18 -2
31 -20 -29
31 -20 -37
31 -21 -29
31 -21 -32
31 -21 -41
31 -21 -43
31 -23 -39
31 -24 -4
31 -25 -4
31 -25 -38
31 -26 -19
31 -27 -13
31 -27 -20
31 -28 -8
31 -29 -42
31 -31 -33
31 -32 -1
31 -35 -8
31 -35 -31
31 -36 -4
31 -36 -29
31 -36 -38
31 -37 -19
31 -38 -14
31 -38 -34
31 -38 -44
31 -39 -6
31 -39 -9
31 -39 -10
31 -39 -14
31 -39 -22
31 -39 -29
31 -39 -37
31 -40 -8
31 -40 -27
31 -41 -41
31 -41 -44
31 -42 -6
31 -44 -12
31 -44 -27
31 -45 -24
31 -45 -35
32 -1 -12
32 -1 -15
32 -3 -12
32 -4 -5
32 -4 -20
32 -5 -6
32 -6 -8
32 -6 -41
32 -7 -6
32 -9 -20
32 -9 -31
32 -10 -12
32 -11 -21
32 -11 -25
32 -12 -28
32 -13 -34
32 -15 -6
32 -15 -27
32 -15 -41
32 -15 -44
32 -16 -7
32 -17 -35
32 -18 -2
32 -20 -29
32 -20 -37
32 -21 -29
32 -21 -32
32 -21 -41
32 -21 -43
32 -23 -39
32 -24 -4
32 -25 -4
32 -25 -38
32 -26 -19
32 -27 -13
32 -27 -20
32 -28 -8
32 -29 -42
32 -31 -33
32 -32 -1
32 -35 -8
32 -35 -31
32 -36 -4
32 -36 -29
32 -36 -38
32 -37 -19
32 -38 -14
32 -38 -34
32 -38 -44
32 -39 -6
32 -39 -9
32 -39 -10
32 -39 -14
32 -39 -22
32 -39 -29
32 -39 -37
32 -40 -8
32 -40 -27
32 -41 -41
32 -41 -44
32 -42 -6
32 -44 -12
32 -44 -27
32 -45 -24
32 -45 -35
33 -1 -12
33 -1 -15
33 -3 -12
33 -4 -5
33 -4 -20
33 -5 -6
33 -6 -8
33 -6 -41
33 -7 -6
33 -9 -20
33 -9 -31
33 -10 -12
33 -11 -21
33 -11 -25
33 -12 -28
33 -13 -34
33 -15 -6
33 -15 -27
33 -15 -41
33 -15 -44
33 -16 -7
33 -17 -35
33 -18 -2
33 -20 -29
33 -20 -37
33 -21 -29
33 -21 -32
33 -21 -41
33 -21 -43
33 -23 -39
33 -24 -4
33 -25 -4
33 -25 -38
33 -26 -19
33 -27 -13
33 -27 -20
33 -28 -8
33 -29 -42
33 -31 -33
33 -32 -1
33 -35 -8
33 -35 -31
33 -36 -4
33 -36 -29
33 -36 -38
33 -37 -19
33 -38 -14
33 -38 -34
33 -38 -44
33 -39 -6
33 -39 -9
33 -39 -10
33 -39 -14
33 -39 -22
33 -39 -29
33 -39 -37
33 -40 -8
33 -40 -27
33 -41 -41
33 -41 -44
33 -42 -6
33 -44 -12
33 -44 -27
33 -45 -24
33 -45 -35
34 -1 -12
34 -1 -15
34 -3 -12
34 -4 -5
34 -4 -20
34 -5 -6
34 -6 -8
34 -6 -41
34 -7 -6
34 -9 -20
34 -9 -31
34 -10 -12
34 -11 -21
34 -11 -25
34 -12 -28
34 -13 -34
34 -15 -6
34 -15 -27
34 -15 -41
34 -15 -44
34 -16 -7
34 -17 -35
34 -18 -2
34 -20 -29
34 -20 -37
34 -21 -29
34 -21 -32
34 -21 -41
34 -21 -43
34 -23 -39
34 -24 -4
34 -25 -4
34 -25 -38
34 -26 -19
34 -27 -13
34 -27 -20
34 -28 -8
34 -29 -42
34 -31 -33
34 -32 -1
34 -35 -8
34 -35 -31
34 -36 -4
34 -36 -29
34 -36 -38
34 -37 -19
34 -38 -14
34 -38 -34
34 -38 -44
34 -39 -6
34 -39 -9
34 -39 -10
34 -39 -14
34 -39 -22
34 -39 -29
34 -39 -37
34 -40 -8
34 -40 -27
34 -41 -41
34 -41 -44
34 -42 -6
34 -44 -12
34 -44 -27
34 -45 -24
34 -45 -35
35 -1 -12
35 -1 -15
35 -3 -12
35 -4 -5
35 -4 -20
35 -5 -6
35 -6 -8
35 -6 -41
35 -7 -6
35 -9 -20
35 -9 -31
35 -10 -12
35 -11 -21
35 -11 -25
35 -12 -28
35 -13 -34
35 -15 -6
35 -15 -27
35 -15 -41
35 -15 -44
35 -16 -7
35 -17 -35
35 -18 -2
35 -20 -29
35 -20 -37
35 -21 -29
35 -21 -32
35 -21 -41
35 -21 -43
35 -23 -39
35 -24 -4
35 -25 -4
35 -25 -38
35 -26 -19
35 -27 -13
35 -27 -20
35 -28 -8
35 -29 -42
35 -31 -33
35 -32 -1
35 -35 -8
35 -35 -31
35 -36 -4
35 -36 -29
35 -36 -38
35 -37 -19
35 -38 -14
35 -38 -34
35 -38 -44
35 -39 -6
35 -39 -9
35 -39 -10
35 -39 -14
35 -39 -22
35 -39 -29
35 -39 -37
35 -40 -8
35 -40 -27
35 -41 -41
35 -41 -44
35 -42 -6
35 -44 -12
35 -44 -27
35 -45 -24
35 -45 -35
36 -1 -12
36 -1 -15
36 -3 -12
36 -4 -5
36 -4 -20
36 -5 -6
36 -6 -8
36 -6 -41
36 -7 -6
36 -9 -20
36 -9 -31
36 -10 -12
36 -11 -21
36 -11 -25
36 -12 -28
36 -13 -34
36 -15 -6
36 -15 -27
36 -15 -41
36 -15 -44
36 -16 -7
36 -17 -35
36 -18 -2
36 -20 -29
36 -20 -37
36 -21 -29
36 -21 -32
36 -21 -41
36 -21 -43
36 -23 -39
36 -24 -4
36 -25 -4
36 -25 -38
36 -26 -19
36 -27 -13
36 -27 -20
36 -28 -8
36 -29 -42
36 -31 -33
36 -32 -1
36 -35 -8
36 -35 -31
36 -36 -4
36 -36 -29
36 -36 -38
36 -37 -19
36 -38 -14
36 -38 -34
36 -38 -44
36 -39 -6
36 -39 -9
36 -39 -10
36 -39 -14
36 -39 -22
36 -39 -29
36 -39 -37
36 -40 -8
36 -40 -27
36 -41 -41
36 -41 -44
36 -42 -6
36 -44 -12
36 -44 -27
36 -45 -24
36 -45 -35
37 -1 -12
37 -1 -15
37 -3 -12
37 -4 -5
37 -4 -20
37 -5 -6
37 -6 -8
37 -6 -41
37 -7 -6
37 -9 -20
37 -9 -31
37 -10 -12
37 -11 -21
37 -11 -25
37 -12 -28
37 -13 -34
37 -15 -6
37 -15 -27
37 -15 -41
37 -15 -44
37 -16 -7
37 -17 -35
37 -18 -2
37 -20 -29
37 -20 -37
37 -21 -29
37 -21 -32
37 -21 -41
37 -21 -43
37 -23 -39
37 -24 -4
37 -25 -4
37 -25 -38
37 -26 -19
37 -27 -13
37 -27 -20
37 -28 -8
37 -29 -42
37 -31 -33
37 -32 -1
37 -35 -8
37 -35 -31
37 -36 -4
37 -36 -29
37 -36 -38
37 -37 -19
37 -38 -14
37 -38 -34
37 -38 -44
37 -39 -6
37 -39 -9
37 -39 -10
37 -39 -14
37 -39 -22
37 -39 -29
37 -39 -37
37 -40 -8
37 -40 -27
37 -41 -41
37 -41 -44
37 -42 -6
37 -44 -12
37 -44 -27
37 -45 -24
37 -45 -35
38 -1 -12
38 -1 -15
38 -3 -12
38 -4 -5
38 -4 -20
38 -5 -6
38 -6 -8
38 -6 -41
38 -7 -6
38 -9 -20
38 -9 -31
38 -10 -12
38 -11 -21
38 -11 -25
38 -12 -28
38 -13 -34
38 -15 -6
38 -15 -27
38 -15 -41
38 -15 -44
38 -16 -7
38 -17 -35
38 -18 -2
38 -20 -29
38 -20 -37
38 -21 -29
38 -21 -32
38 -21 -41
38 -21 -43
38 -23 -39
38 -24 -4
38 -25 -4
38 -25 -38
38 -26 -19
38 -27 -13
38 -27 -20
38 -28 -8
38 -29 -42
38 -31 -33
38 -32 -1
38 -35 -8
38 -35 -31
38 -36 -4
38 -36 -29
38 -36 -38
38 -37 -19
38 -38 -14
38 -38 -34
38 -38 -44
38 -39 -6
38 -39 -9
38 -39 -10
38 -39 -14
38 -39 -22
38 -39 -29
38 -39 -37
38 -40 -8
38 -40 -27
38 -41 -41
38 -41 -44
38 -42 -6
38 -44 -12
38 -44 -27
38 -45 -24
38 -45 -35
39 -1 -12
39 -1 -15
39 -3 -12
39 -4 -5
39 -4 -20
39 -5 -6
39 -6 -8
39 -6 -41
39 -7 -6
39 -9 -20
39 -9 -31
39 -10 -12
39 -11 -21
39 -11 -25
39 -12 -28
39 -13 -34
39 -15 -6
39 -15 -27
39 -15 -41
39 -15 -44
39 -16 -7
39 -17 -35
39 -18 -2
39 -20 -29
39 -20 -37
39 -21 -29
39 -21 -32
39 -21 -41
39 -21 -43
39 -23 -39
39 -24 -4
39 -25 -4
39 -25 -38
39 -26 -19
39 -27 -13
39 -27 -20
39 -28 -8
39 -29 -42
39 -31 -33
39 -32 -1
39 -35 -8
39 -35 -31
39 -36 -4
39 -36 -29
39 -36 -38
39 -37 -19
39 -38 -14
39 -38 -34
39 -38 -44
39 -39 -6
39 -39 -9
39 -39 -10
39 -39 -14
39 -39 -22
39 -39 -29
39 -39 -37
39 -40 -8
39 -40 -27
39 -41 -41
39 -41 -44
39 -42 -6
39 -44 -12
39 -44 -27
39 -45 -24
39 -45 -35
40 -1 -12
40 -1 -15
40 -3 -12
40 -4 -5
40 -4 -20
40 -5 -6
40 -6 -8
40 -6 -41
40 -7 -6
40 -9 -20
40 -9 -31
40 -10 -12
40 -11 -21
40 -11 -25
40 -12 -28
40 -13 -34
40 -15 -6
40 -15 -27
40 -15 -41
40 -15 -44
40 -16 -7
40 -17 -35
40 -18 -2
40 -20 -29
40 -20 -37
40 -21 -29
40 -21 -32
40 -21 -41
40 -21 -43
40 -23 -39
40 -24 -4
40 -25 -4
40 -25 -38
40 -26 -19
40 -27 -13
40 -27 -20
40 -28 -8
40 -29 -42
40 -31 -33
40 -32 -1
40 -35 -8
40 -35 -31
40 -36 -4
40 -36 -29
40 -36 -38
40 -37 -19
40 -38 -14
40 -38 -34
40 -38 -44
40 -39 -6
40 -39 -9
40 -39 -10
40 -39 -14
40 -39 -22
40 -39 -29
40 -39 -37
40 -40 -8
40 -40 -27
40 -41 -41
40 -41 -44
40 -42 -6
40 -44 -12
40 -44 -27
40 -45 -24
40 -45 -35
41 -1 -12
41 -1 -15
41 -3 -12
41 -4 -5
41 -4 -20
41 -5 -6
41 -6 -8
41 -6 -41
41 -7 -6
41 -9 -20
41 -9 -31
41 -10 -12
41 -11 -21
41 -11 -25
41 -12 -28
41 -13 -34
41 -15 -6
41 -15 -27
41 -15 -41
41 -15 -44
41 -16 -7
41 -17 -35
41 -18 -2
41 -20 -29
41 -20 -37
41 -21 -29
41 -21 -32
41 -21 -41
41 -21 -43
41 -23 -39
41 -24 -4
41 -25 -4
41 -25 -38
41 -26 -19
41 -27 -13
41 -27 -20
41 -28 -8
41 -29 -42
41 -31 -33
41 -32 -1
41 -35 -8
41 -35 -31
41 -36 -4
41 -36 -29
41 -36 -38
41 -37 -19
41 -38 -14
41 -38 -34
41 -38 -44
41 -39 -6
41 -39 -9
41 -39 -10
41 -39 -14
41 -39 -22
41 -39 -29
41 -39 -37
41 -40 -8
41 -40 -27
41 -41 -41
41 -41 -44
41 -42 -6
41 -44 -12
41 -44 -27
41 -45 -24
41 -45 -35
42 -1 -12
42 -1 -15
42 -3 -12
42 -4 -5
42 -4 -20
42 -5 -6
42 -6 -8
42 -6 -41
42 -7 -6
42 -9 -20
42 -9 -31
42 -10 -12
42 -11 -21
42 -11 -25
42 -12 -28
42 -13 -34
42 -15 -6
42 -15 -27
42 -15 -41
42 -15 -44
42 -16 -7
42 -17 -35
42 -18 -2
42 -20 -29
42 -20 -37
42 -21 -29
42 -21 -32
42 -21 -41
42 -21 -43
42 -23 -39
42 -24 -4
42 -25 -4
42 -25 -38
42 -26 -19
42 -27 -13
42 -27 -20
42 -28 -8
42 -29 -42
42 -31 -33
42 -32 -1
42 -35 -8
42 -35 -31
42 -36 -4
42 -36 -29
42 -36 -38
42 -37 -19
42 -38 -14
42 -38 -34
42 -38 -44
42 -39 -6
42 -39 -9
42 -39 -10
42 -39 -14
42 -39 -22
42 -39 -29
42 -39 -37
42 -40 -8
42 -40 -27
42 -41 -41
42 -41 -44
42 -42 -6
42 -44 -12
42 -44 -27
42 -45 -24
42 -45 -35
43 -1 -12
43 -1 -15
43 -3 -12
43 -4 -5
43 -4 -20
43 -5 -6
43 -6 -8
43 -6 -41
43 -7 -6
43 -9 -20
43 -9 -31
43 -10 -12
43 -11 -21
43 -11 -25
43 -12 -28
43 -13 -34
43 -15 -6
43 -15 -27
43 -15 -41
43 -15 -44
43 -16 -7
43 -17 -35
43 -18 -2
43 -20 -29
43 -20 -37
43 -21 -29
43 -21 -32
43 -21 -41
43 -21 -43
43 -23 -39
43 -24 -4
43 -25 -4
43 -25 -38
43 -26 -19
43 -27 -13
43 -27 -20
43 -28 -8
43 -29 -42
43 -31 -33
43 -32 -1
43 -35 -8
43 -35 -31
43 -36 -4
43 -36 -29
43 -36 -38
43 -37 -19
43 -38 -14
43 -38 -34
43 -38 -44
43 -39 -6
43 -39 -9
43 -39 -10
43 -39 -14
43 -39 -22
43 -39 -29
43 -39 -37
43 -40 -8
43 -40 -27
43 -41 -41
43 -41 -44
43 -42 -6
43 -44 -12
43 -44 -27
43 -45 -24
43 -45 -35
44 -1 -12
44 -1 -15
44 -3 -12
44 -4 -5
44 -4 -20
44 -5 -6
44 -6 -8
44 -6 -41
44 -7 -6
44 -9 -20
44 -9 -31
44 -10 -12
44 -11 -21
44 -11 -25
44 -12 -28
44 -13 -34
44 -15 -6
44 -15 -27
44 -15 -41
44 -15 -44
44 -16 -7
44 -17 -35
44 -18 -2
44 -20 -29
44 -20 -37
44 -21 -29
44 -21 -32
44 -21 -41
44 -21 -43
44 -23 -39
44 -24 -4
44 -25 -4
44 -25 -38
44 -26 -19
44 -27 -13
44 -27 -20
44 -28 -8
44 -29 -42
44 -31 -33
44 -32 -1
44 -35 -8
44 -35 -31
44 -36 -4
44 -36 -29
44 -36 -38
44 -37 -19
44 -38 -14
44 -38 -34
44 -38 -44
44 -39 -6
44 -39 -9
44 -39 -10
44 -39 -14
44 -39 -22
44 -39 -29
44 -39 -37
44 -40 -8
44 -40 -27
44 -41 -41
44 -41 -44
44 -42 -6
44 -44 -12
44 -44 -27
44 -45 -24
44 -45 -35
45 -1 -12
45 -1 -15
45 -3 -12
45 -4 -5
45 -4 -20
45 -5 -6
45 -6 -8
45 -6 -41
45 -7 -6
45 -9 -20
45 -9 -31
45 -10 -12
45 -11 -21
45 -11 -25
45 -12 -28
45 -13 -34
45 -15 -6
45 -15 -27
45 -15 -41
45 -15 -44
45 -16 -7
45 -17 -35
45 -18 -2
45 -20 -29
45 -20 -37
45 -21 -29
45 -21 -32
45 -21 -41
45 -21 -43
45 -23 -39
45 -24 -4
45 -25 -4
45 -25 -38
45 -26 -19
45 -27 -13
45 -27 -20
45 -28 -8
45 -29 -42
45 -31 -33
45 -32 -1
45 -35 -8
45 -35 -31
45 -36 -4
45 -36 -29
45 -36 -38
45 -37 -19
45 -38 -14
45 -38 -34
45 -38 -44
45 -39 -6
45 -39 -9
45 -39 -10
45 -39 -14
45 -39 -22
45 -39 -29
45 -39 -37
45 -40 -8
45 -40 -27
45 -41 -41
45 -41 -44
45 -42 -6
45 -44 -12
45 -44 -27
45 -45 -24
45 -45 -35
46 -1 -12
46 -1 -15
46 -3 -12
46 -4 -5
46 -4 -20
46 -5 -6
46 -6 -8
46 -6 -41
46 -7 -6
46 -9 -20
46 -9 -31
46 -10 -12
46 -11 -21
46 -11 -25
46 -12 -28
46 -13 -34
46 -15 -6
46 -15 -27
46 -15 -41
46 -15 -44
46 -16 -7
46 -17 -35
46 -18 -2
46 -20 -29
46 -20 -37
46 -21 -29
46 -21 -32
46 -21 -41
46 -21 -43
46 -23 -39
46 -24 -4
46 -25 -4
46 -25 -38
46 -26 -19
46 -27 -13
46 -27 -20
46 -28 -8
46 -29 -42
46 -31 -33
46 -32 -1
46 -35 -8
46 -35 -31
46 -36 -4
46 -36 -29
46 -36 -38
46 -37 -19
46 -38 -14
46 -38 -34
46 -38 -44
46 -39 -6
46 -39 -9
46 -39 -10
46 -39 -14
46 -39 -22
46 -39 -29
46 -39 -37
46 -40 -8
46 -40 -27
46 -41 -41
46 -41 -44
46 -42 -6
46 -44 -12
46 -44 -27
46 -45 -24
46 -45 -35
47 -1 -12
47 -1 -15
47 -3 -12
47 -4 -5
47 -4 -20
47 -5 -6
47 -6 -8
47 -6 -41
47 -7 -6
47 -9 -20
47 -9 -31
47 -10 -12
47 -11 -21
47 -11 -25
47 -12 -28
47 -13 -34
47 -15 -6
47 -15 -27
47 -15 -41
47 -15 -44
47 -16 -7
47 -17 -35
47 -18 -2
47 -20 -29
47 -20 -37
47 -21 -29
47 -21 -32
47 -21 -41
47 -21 -43
47 -23 -39
47 -24 -4
47 -25 -4
47 -25 -38
47 -26 -19
47 -27 -13
47 -27 -20
47 -28 -8
47 -29 -42
47 -31 -33
47 -32 -1
47 -35 -8
47 -35 -31
47 -36 -4
47 -36 -29
47 -36 -38
47 -37 -19
47 -38 -14
47 -38 -34
47 -38 -44
47 -39 -6
47 -39 -9
47 -39 -10
47 -39 -14
47 -39 -22
47 -39 -29
47 -39 -37
47 -40 -8
47 -40 -27
47 -41 -41
47 -41 -44
47 -42 -6
47 -44 -12
47 -44 -27
47 -45 -24
47 -45 -35
48 -1 -12
48 -1 -15
48 -3 -12
48 -4 -5
48 -4 -20
48 -5 -6
48 -6 -8
48 -6 -41
48 -7 -6
48 -9 -20
48 -9 -31
48 -10 -12
48 -11 -21
48 -11 -25
48 -12 -28
48 -13 -34
48 -15 -6
48 -15 -27
48 -15 -41
48 -15 -44
48 -16 -7
48 -17 -35
48 -18 -2
48 -20 -29
48 -20 -37
48 -21 -29
48 -21 -32
48 -21 -41
48 -21 -43
48 -23 -39
48 -24 -4
48 -25 -4
48 -25 -38
48 -26 -19
48 -27 -13
48 -27 -20
48 -28 -8
48 -29 -42
48 -31 -33
48 -32 -1
48 -35 -8
48 -35 -31
48 -36 -4
48 -36 -29
48 -36 -38
48 -37 -19
48 -38 -14
48 -38 -34
48 -38 -44
48 -39 -6
48 -39 -9
48 -39 -10
48 -39 -14
48 -39 -22
48 -39 -29
48 -39 -37
48 -40 -8
48 -40 -27
48 -41 -41
48 -41 -44
48 -42 -6
48 -44 -12
48 -44 -27
48 -45 -24
48 -45 -35
49 -1 -12
49 -1 -15
49 -3 -12
49 -4 -5
49 -4 -20
49 -5 -6
49 -6 -8
49 -6 -41
49 -7 -6
49 -9 -20
49 -9 -31
49 -10 -12
49 -11 -21
49 -11 -25
49 -12 -28
49 -13 -34
49 -15 -6
49 -15 -27
49 -15 -41
49 -15 -44
49 -16 -7
49 -17 -35
49 -18 -2
49 -20 -29
49 -20 -37
49 -21 -29
49 -21 -32
49 -21 -41
49 -21 -43
49 -23 -39
49 -24 -4
49 -25 -4
49 -25 -38
49 -26 -19
49 -27 -13
49 -27 -20
49 -28 -8
49 -29 -42
49 -31 -33
49 -32 -1
49 -35 -8
49 -35 -31
49 -36 -4
49 -36 -29
49 -36 -38
49 -37 -19
49 -38 -14
49 -38 -34
49 -38 -44
49 -39 -6
49 -39 -9
49 -39 -10
49 -39 -14
49 -39 -22
49 -39 -29
49 -39 -37
49 -40 -8
49 -40 -27
49 -41 -41
49 -41 -44
49 -42 -6
49 -44 -12
49 -44 -27
49 -45 -24
49 -45 -35
50 -1 -12
50 -1 -15
50 -3 -12
50 -4 -5
50 -4 -20
50 -5 -6
50 -6 -8
50 -6 -41
50 -7 -6
50 -9 -20
50 -9 -31
50 -10 -12
50 -11 -21
50 -11 -25
50 -12 -28
50 -13 -34
50 -15 -6
50 -15 -27
50 -15 -41
50 -15 -44
50 -16 -7
50 -17 -35
50 -18 -2
50 -20 -29
50 -20 -37
50 -21 -29
50 -21 -32
50 -21 -41
50 -21 -43
50 -23 -39
50 -24 -4
50 -25 -4
50 -25 -38
50 -26 -19
50 -27 -13
50 -27 -20
50 -28 -8
50 -29 -42
50 -31 -33
50 -32 -1
50 -35 -8
50 -35 -31
50 -36 -4
50 -36 -29
50 -36 -38
50 -37 -19
50 -38 -14
50 -38 -34
50 -38 -44
50 -39 -6
50 -39 -9
50 -39 -10
50 -39 -14
50 -39 -22
50 -39 -29
50 -39 -37
50 -40 -8
50 -40 -27
50 -41 -41
50 -41 -44
50 -42 -6
50 -44 -12
50 -44 -27
50 -45 -24
50 -45 -35
51 -1 -12
51 -1 -15
51 -3 -12
51 -4 -5
51 -4 -20
51 -5 -6
51 -6 -8
51 -6 -41
51 -7 -6
51 -9 -20
51 -9 -31
51 -10 -12
51 -11 -21
51 -11 -25
51 -12 -28
51 -13 -34
51 -15 -6
51 -15 -27
51 -15 -41
51 -15 -44
51 -16 -7
51 -17 -35
51 -18 -2
51 -20 -29
51 -20 -37
51 -21 -29
51 -21 -32
51 -21 -41
51 -21 -43
51 -23 -39
51 -24 -4
51 -25 -4
51 -25 -38
51 -26 -19
51 -27 -13
51 -27 -20
51 -28 -8
51 -29 -42
51 -31 -33
51 -32 -1
51 -35 -8
51 -35 -31
51 -36 -4
51 -36 -29
51 -36 -38
51 -37 -19
51 -38 -14
51 -38 -34
51 -38 -44
51 -39 -6
51 -39 -9
51 -39 -10
51 -39 -14
51 -39 -22
51 -39 -29
51 -39 -37
51 -40 -8
51 -40 -27
51 -41 -41
51 -41 -44
51 -42 -6
51 -44 -12
51 -44 -27
51 -45 -24
51 -45 -35
52 -1 -12
52 -1 -15
52 -3 -12
52 -4 -5
52 -4 -20
52 -5 -6
52 -6 -8
52 -6 -41
52 -7 -6
52 -9 -20
52 -9 -31
52 -10 -12
52 -11 -21
52 -11 -25
52 -12 -28
52 -13 -34
52 -15 -6
52 -15 -27
52 -15 -41
52 -15 -44
52 -16 -7
52 -17 -35
52 -18 -2
52 -20 -29
52 -20 -37
52 -21 -29
52 -21 -32
52 -21 -41
52 -21 -43
52 -23 -39
52 -24 -4
52 -25 -4
52 -25 -38
52 -26 -19
52 -27 -13
52 -27 -20
52 -28 -8
52 -29 -42
52 -31 -33
52 -32 -1
52 -35 -8
52 -35 -31
52 -36 -4
52 -36 -29
52 -36 -38
52 -37 -19
52 -38 -14
52 -38 -34
52 -38 -44
52 -39 -6
52 -39 -9
52 -39 -10
52 -39 -14
52 -39 -22
52 -39 -29
52 -39 -37
52 -40 -8
52 -40 -27
52 -41 -41
52 -41 -44
52 -42 -6
52 -44 -12
52 -44 -27
52 -45 -24
52 -45 -35
53 -1 -12
53 -1 -15
53 -3 -12
53 -4 -5
53 -4 -20
53 -5 -6
53 -6 -8
53 -6 -41
53 -7 -6
53 -9 -20
53 -9 -31
53 -10 -12
53 -11 -21
53 -11 -25
53 -12 -28
53 -13 -34
53 -15 -6
53 -15 -27
53 -15 -41
53 -15 -44
53 -16 -7
53 -17 -35
53 -18 -2
53 -20 -29
53 -20 -37
53 -21 -29
53 -21 -32
53 -21 -41
53 -21 -43
53 -23 -39
53 -24 -4
53 -25 -4
53 -25 -38
53 -26 -19
53 -27 -13
53 -27 -20
53 -28 -8
53 -29 -42
53 -31 -33
53 -32 -1
53 -35 -8
53 -35 -31
53 -36 -4
53 -36 -29
53 -36 -38
53 -37 -19
53 -38 -14
53 -38 -34
53 -38 -44
53 -39 -6
53 -39 -9
53 -39 -10
53 -39 -14
53 -39 -22
53 -39 -29
53 -39 -37
53 -40 -8
53 -40 -27
53 -41 -41
53 -41 -44
53 -42 -6
53 -44 -12
53 -44 -27
53 -45 -24
53 -45 -35
54 -1 -12
54 -1 -15
54 -3 -12
54 -4 -5
54 -4 -20
54 -5 -6
54 -6 -8
54 -6 -41
54 -7 -6
54 -9 -20
54 -9 -31
54 -10 -12
54 -11 -21
54 -11 -25
54 -12 -28
54 -13 -34
54 -15 -6
54 -15 -27
54 -15 -41
54 -15 -44
54 -16 -7
54 -17 -35
54 -18 -2
54 -20 -29
54 -20 -37
54 -21 -29
54 -21 -32
54 -21 -41
54 -21 -43
54 -23 -39
54 -24 -4
54 -25 -4
54 -25 -38
54 -26 -19
54 -27 -13
54 -27 -20
54 -28 -8
54 -29 -42
54 -31 -33
54 -32 -1
54 -35 -8
54 -35 -31
54 -36 -4
54 -36 -29
54 -36 -38
54 -37 -19
54 -38 -14
54 -38 -34
54 -38 -44
54 -39 -6
54 -39 -9
54 -39 -10
54 -39 -14
54 -39 -22
54 -39 -29
54 -39 -37
54 -40 -8
54 -40 -27
54 -41 -41
54 -41 -44
54 -42 -6
54 -44 -12
54 -44 -27
54 -45 -24
54 -45 -35
55 -1 -12
55 -1 -15
55 -3 -12
55 -4 -5
55 -4 -20
55 -5 -6
55 -6 -8
55 -6 -41
55 -7 -6
55 -9 -20
55 -9 -31
55 -10 -12
55 -11 -21
55 -11 -25
55 -12 -28
55 -13 -34
55 -15 -6
55 -15 -27
55 -15 -41
55 -15 -44
55 -16 -7
55 -17 -35
55 -18 -2
55 -20 -29
55 -20 -37
55 -21 -29
55 -21 -32
55 -21 -41
55 -21 -43
55 -23 -39
55 -24 -4
55 -25 -4
55 -25 -38
55 -26 -19
55 -27 -13
55 -27 -20
55 -28 -8
55 -29 -42
55 -31 -33
55 -32 -1
55 -35 -8
55 -35 -31
55 -36 -4
55 -36 -29
55 -36 -38
55 -37 -19
55 -38 -14
55 -38 -34
55 -38 -44
55 -39 -6
55 -39 -9
55 -39 -10
55 -39 -14
55 -39 -22
55 -39 -29
55 -39 -37
55 -40 -8
55 -40 -27
55 -41 -41
55 -41 -44
55 -42 -6
55 -44 -12
55 -44 -27
55 -45 -24
55 -45 -35
56 -1 -12
56 -1 -15
56 -3 -12
56 -4 -5
56 -4 -20
56 -5 -6
56 -6 -8
56 -6 -41
56 -7 -6
56 -9 -20
56 -9 -31
56 -10 -12
56 -11 -21
56 -11 -25
56 -12 -28
56 -13 -34
56 -15 -6
56 -15 -27
56 -15 -41
56 -15 -44
56 -16 -7
56 -17 -35
56 -18 -2
56 -20 -29
56 -20 -37
56 -21 -29
56 -21 -32
56 -21 -41
56 -21 -43
56 -23 -39
56 -24 -4
56 -25 -4
56 -25 -38
56 -26 -19
56 -27 -13
56 -27 -20
56 -28 -8
56 -29 -42
56 -31 -33
56 -32 -1
56 -35 -8
56 -35 -31
56 -36 -4
56 -36 -29
56 -36 -38
56 -37 -19
56 -38 -14
56 -38 -34
56 -38 -44
56 -39 -6
56 -39 -9
56 -39 -10
56 -39 -14
56 -39 -22
56 -39 -29
56 -39 -37
56 -40 -8
56 -40 -27
56 -41 -41
56 -41 -44
56 -42 -6
56 -44 -12
56 -44 -27
56 -45 -24
56 -45 -35
57 -1 -12
57 -1 -15
57 -3 -12
57 -4 -5
57 -4 -20
57 -5 -6
57 -6 -8
57 -6 -41
57 -7 -6
57 -9 -20
57 -9 -31
57 -10 -12
57 -11 -21
57 -11 -25
57 -12 -28
57 -13 -34
57 -15 -6
57 -15 -27
57 -15 -41
57 -15 -44
57 -16 -7
57 -17 -35
57 -18 -2
57 -20 -29
57 -20 -37
57 -21 -29
57 -21 -32
57 -21 -41
57 -21 -43
57 -23 -39
57 -24 -4
57 -25 -4
57 -25 -38
57 -26 -19
57 -27 -13
57 -27 -20
57 -28 -8
57 -29 -42
57 -31 -33
57 -32 -1
57 -35 -8
57 -35 -31
57 -36 -4
57 -36 -29
57 -36 -38
57 -37 -19
57 -38 -14
57 -38 -34
57 -38 -44
57 -39 -6
57 -39 -9
57 -39 -10
57 -39 -14
57 -39 -22
57 -39 -29
57 -39 -37
57 -40 -8
57 -40 -27
57 -41 -41
57 -41 -44
57 -42 -6
57 -44 -12
57 -44 -27
57 -45 -24
57 -45 -35
58 -1 -12
58 -1 -15
58 -3 -12
58 -4 -5
58 -4 -20
58 -5 -6
58 -6 -8
58 -6 -41
58 -7 -6
58 -9 -20
58 -9 -31
58 -10 -12
58 -11 -21
58 -11 -25
58 -12 -28
58 -13 -34
58 -15 -6
58 -15 -27
58 -15 -41
58 -15 -44
58 -16 -7
58 -17 -35
58 -18 -2
58 -20 -29
58 -20 -37
58 -21 -29
58 -21 -32
58 -21 -41
58 -21 -43
58 -23 -39
58 -24 -4
58 -25 -4
58 -25 -38
58 -26 -19
58 -27 -13
58 -27 -20
58 -28 -8
58 -29 -42
58 -31 -33
58 -32 -1
58 -35 -8
58 -35 -31
58 -36 -4
58 -36 -29
58 -36 -38
58 -37 -19
58 -38 -14
58 -38 -34
58 -38 -44
58 -39 -6
58 -39 -9
58 -39 -10
58 -39 -14
58 -39 -22
58 -39 -29
58 -39 -37
58 -40 -8
58 -40 -27
58 -41 -41
58 -41 -44
58 -42 -6
58 -44 -12
58 -44 -27
58 -45 -24
58 -45 -35
59 -1 -12
59 -1 -15
59 -3 -12
59 -4 -5
59 -4 -20
59 -5 -6
59 -6 -8
59 -6 -41
59 -7 -6
59 -9 -20
59 -9 -31
59 -10 -12
59 -11 -21
59 -11 -25
59 -12 -28
59 -13 -34
59 -15 -6
59 -15 -27
59 -15 -41
59 -15 -44
59 -16 -7
59 -17 -35
59 -18 -2
59 -20 -29
59 -20 -37
59 -21 -29
59 -21 -32
59 -21 -41
59 -21 -43
59 -23 -39
59 -24 -4
59 -25 -4
59 -25 -38
59 -26 -19
59 -27 -13
59 -27 -20
59 -28 -8
59 -29 -42
59 -31 -33
59 -32 -1
59 -35 -8
59 -35 -31
59 -36 -4
59 -36 -29
59 -36 -38
59 -37 -19
59 -38 -14
59 -38 -34
59 -38 -44
59 -39 -6
59 -39 -9
59 -39 -10
59 -39 -14
59 -39 -22
59 -39 -29
59 -39 -37
59 -40 -8
59 -40 -27
59 -41 -41
59 -41 -44
59 -42 -6
59 -44 -12
59 -44 -27
59 -45 -24
59 -45 -35
60 -1 -12
60 -1 -15
60 -3 -12
60 -4 -5
60 -4 -20
60 -5 -6
60 -6 -8
60 -6 -41
60 -7 -6
60 -9 -20
60 -9 -31
60 -10 -12
60 -11 -21
60 -11 -25
60 -12 -28
60 -13 -34
60 -15 -6
60 -15 -27
60 -15 -41
60 -15 -44
60 -16 -7
60 -17 -35
60 -18 -2
60 -20 -29
60 -20 -37
60 -21 -29
60 -21 -32
60 -21 -41
60 -21 -43
60 -23 -39
60 -24 -4
60 -25 -4
60 -25 -38
60 -26 -19
60 -27 -13
60 -27 -20
60 -28 -8
60 -29 -42
60 -31 -33
60 -32 -1
60 -35 -8
60 -35 -31
60 -36 -4
60 -36 -29
60 -36 -38
60 -37 -19
60 -38 -14
60 -38 -34
60 -38 -44
60 -39 -6
60 -39 -9
60 -39 -10
60 -39 -14
60 -39 -22
60 -39 -29
60 -39 -37
60 -40 -8
60 -40 -27
60 -41 -41
60 -41 -44
60 -42 -6
60 -44 -12
60 -44 -27
60 -45 -24
60 -45 -35
61 -1 -12
61 -1 -15
61 -3 -12
61 -4 -5
61 -4 -20
61 -5 -6
61 -6 -8
61 -6 -41
61 -7 -6
61 -9 -20
61 -9 -31
61 -10 -12
61 -11 -21
61 -11 -25
61 -12 -28
61 -13 -34
61 -15 -6
61 -15 -27
61 -15 -41
61 -15 -44
61 -16 -7
61 -17 -35
61 -18 -2
61 -20 -29
61 -20 -37
61 -21 -29
61 -21 -32
61 -21 -41
61 -21 -43
61 -23 -39
61 -24 -4
61 -25 -4
61 -25 -38
61 -26 -19
61 -27 -13
61 -27 -20
61 -28 -8
61 -29 -42
61 -31 -33
61 -32 -1
61 -35 -8
61 -35 -31
61 -36 -4
61 -36 -29
61 -36 -38
61 -37 -19
61 -38 -14
61 -38 -34
61 -38 -44
61 -39 -6
61 -39 -9
61 -39 -10
61 -39 -14
61 -39 -22
61 -39 -29
61 -39 -37
61 -40 -8
61 -40 -27
61 -41 -41
61 -41 -44
61 -42 -6
61 -44 -12
61 -44 -27
61 -45 -24
61 -45 -35
62 -1 -12
62 -1 -15
62 -3 -12
62 -4 -5
62 -4 -20
62 -5 -6
62 -6 -8
62 -6 -41
62 -7 -6
62 -9 -20
62 -9 -31
62 -10 -12
62 -11 -21
62 -11 -25
62 -12 -28
62 -13 -34
62 -15 -6
62 -15 -27
62 -15 -41
62 -15 -44
62 -16 -7
62 -17 -35
62 -18 -2
62 -20 -29
62 -20 -37
62 -21 -29
62 -21 -32
62 -21 -41
62 -21 -43
62 -23 -39
62 -24 -4
62 -25 -4
62 -25 -38
62 -26 -19
62 -27 -13
62 -27 -20
62 -28 -8
62 -29 -42
62 -31 -33
62 -32 -1
62 -35 -8
62 -35 -31
62 -36 -4
62 -36 -29
62 -36 -38
62 -37 -19
62 -38 -14
62 -38 -34
62 -38 -44
62 -39 -6
62 -39 -9
62 -39 -10
62 -39 -14
62 -39 -22
62 -39 -29
62 -39 -37
62 -40 -8
62 -40 -27
62 -41 -41
62 -41 -44
62 -42 -6
62 -44 -12
62 -44 -27
62 -45 -24
62 -45 -35
63 -1 -12
63 -1 -15
63 -3 -12
63 -4 -5
63 -4 -20
63 -5 -6
63 -6 -8
63 -6 -41
63 -7 -6
63 -9 -20
63 -9 -31
63 -10 -12
63 -11 -21
63 -11 -25
63 -12 -28
63 -13 -34
63 -15 -6
63 -15 -27
63 -15 -41
63 -15 -44
63 -16 -7
63 -17 -35
63 -18 -2
63 -20 -29
63 -20 -37
63 -21 -29
63 -21 -32
63 -21 -41
63 -21 -43
63 -23 -39
63 -24 -4
63 -25 -4
63 -25 -38
63 -26 -19
63 -27 -13
63 -27 -20
63 -28 -8
63 -29 -42
63 -31 -33
63 -32 -1
63 -35 -8
63 -35 -31
63 -36 -4
63 -36 -29
63 -36 -38
63 -37 -19
63 -38 -14
63 -38 -34
63 -38 -44
63 -39 -6
63 -39 -9
63 -39 -10
63 -39 -14
63 -39 -22
63 -39 -29
63 -39 -37
63 -40 -8
63 -40 -27
63 -41 -41
63 -41 -44
63 -42 -6
63 -44 -12
63 -44 -27
63 -45 -24
63 -45 -35
64 -1 -12
64 -1 -15
64 -3 -12
64 -4 -5
64 -4 -20
64 -5 -6
64 -6 -8
64 -6 -41
64 -7 -6
64 -9 -20
64 -9 -31
64 -10 -12
64 -11 -21
64 -11 -25
64 -12 -28
64 -13 -34
64 -15 -6
64 -15 -27
64 -15 -41
64 -15 -44
64 -16 -7
64 -17 -35
64 -18 -2
64 -20 -29
64 -20 -37
64 -21 -29
64 -21 -32
64 -21 -41
64 -21 -43
64 -23 -39
64 -24 -4
64 -25 -4
64 -25 -38
64 -26 -19
64 -27 -13
64 -27 -20
64 -28 -8
64 -29 -42
64 -31 -33
64 -32 -1
64 -35 -8
64 -35 -31
64 -36 -4
64 -36 -29
64 -36 -38
64 -37 -19
64 -38 -14
64 -38 -34
64 -38 -44
64 -39 -6
64 -39 -9
64 -39 -10
64 -39 -14
64 -39 -22
64 -39 -29
64 -39 -37
64 -40 -8
64 -40 -27
64 -41 -41
64 -41 -44
64 -42 -6
64 -44 -12
64 -44 -27
64 -45 -24
64 -45 -35
-1 -1 -1
40
4
8
20
9
41
14
2
62
15
52
45
21
28
25
19
36
13
58
23
18
47
30
12
3
0
59
39
50
63
11
55
16
48
49
64
10
7
35
27
43
38
31
29
53
33
17
5
1
22
37
57
32
44
24
34
61
51
54
42
60
46
26
6
56
  0.056683 seconds (113.14 k allocations: 3.778 MiB, 23.57% gc time)
