950 0 0 0 0 0 0 0 0 0 0 0 0 0 0 0 0
0 0 0 0 0 0 0 0 0 0 0 0 0 0 0 0 0
0 0 0 0 0 0 0 0 0 0 0 0 0 0 0 0 0
0 0 0 0 0 0 0 0 0 0 0 0 0 0 0 0 0
0 0 0 0 0 0 0 0 0 0 0 0 0 0 0 0 0
0 0 0 0 0 0 0 0 0 0 0 0 0 0 0 0 0
0 0 0 0 0 0 0 0 0 0 0 0 0 0 0 0 0
0 0 0 0 0 0 0 0 0 0 0 0 0 0 0 0 0
0 0 0 0 0 0 0 0 0 0 0 0 0 0 0 0 0
0 0 0 0 0 0 0 0 0 0 0 0 0 0 0 0 0
0 0 0 0 0 0 0 0 0 0 0 0 0 0 0 0 0
0 0 0 0 0 0 0 0 0 0 0 0 0 0 0 0 0
0 0 0 0 0 0 0 0 0 0 0 0 0 0 0 0 0
0 0 0 0 0 0 0 0 0 0 0 0 0 0 0 0 0
0 0 0 0 0 0 0 0 0 0 0 0 0 0 0 0 0
0 0 0 0 0 0 0 0 0 0 0 0 0 0 0 0 0
0 0 0 0 0 0 0 0 0 0 0 0 0 0 0 0 0
0 0 0
0 0 -4
0 0 -9
0 0 -11
0 0 -12
0 0 -15
0 -1 -2
0 -1 -3
0 -1 -5
0 -1 -8
0 -1 -14
0 -2 -2
0 -2 -5
0 -2 -7
0 -2 -9
0 -2 -12
0 -2 -13
0 -3 -6
0 -3 -9
0 -4 -2
0 -4 -15
0 -6 -4
0 -6 -8
0 -6 -14
0 -6 -15
0 -7 -5
0 -7 -6
0 -7 -8
0 -8 -1
0 -8 -3
0 -8 -9
0 -8 -13
0 -8 -15
0 -9 -4
0 -9 -9
0 -9 -15
0 -10 0
0 -10 -8
0 -10 -14
0 -11 -6
0 -11 -8
0 -11 -11
0 -12 -2
0 -12 -7
0 -12 -10
0 -12 -13
0 -12 -14
0 -13 0
0 -13 -6
0 -13 -13
0 -14 -4
0 -14 -5
0 -14 -14
0 -15 0
0 -15 -5
0 -15 -9
0 -15 -11
0 -15 -13
0 -15 -15
0 -16 -6
0 -16 -7
0 -16 -12
1 0 0
1 0 -4
1 0 -9
1 0 -11
1 0 -12
1 0 -15
1 -1 -2
1 -1 -3
1 -1 -5
1 -1 -8
1 -1 -14
1 -2 -2
1 -2 -5
1 -2 -7
1 -2 -9
1 -2 -12
1 -2 -13
1 -3 -6
1 -3 -9
1 -4 -2
1 -4 -15
1 -6 -4
1 -6 -8
1 -6 -14
1 -6 -15
1 -7 -5
1 -7 -6
1 -7 -8
1 -8 -1
1 -8 -3
1 -8 -9
1 -8 -13
1 -8 -15
1 -9 -4
1 -9 -9
1 -9 -15
1 -10 0
1 -10 -8
1 -10 -14
1 -11 -6
1 -11 -8
1 -11 -11
1 -12 -2
1 -12 -7
1 -12 -10
1 -12 -13
1 -12 -14
1 -13 0
1 -13 -6
1 -13 -13
1 -14 -4
1 -14 -5
1 -14 -14
1 -15 0
1 -15 -5
1 -15 -9
1 -15 -11
1 -15 -13
1 -15 -15
1 -16 -6
1 -16 -7
1 -16 -12
2 0 0
2 0 -4
2 0 -9
2 0 -11
2 0 -12
2 0 -15
2 -1 -2
2 -1 -3
2 -1 -5
2 -1 -8
2 -1 -14
2 -2 -2
2 -2 -5
2 -2 -7
2 -2 -9
2 -2 -12
2 -2 -13
2 -3 -6
2 -3 -9
2 -4 -2
2 -4 -15
2 -6 -4
2 -6 -8
2 -6 -14
2 -6 -15
2 -7 -5
2 -7 -6
2 -7 -8
2 -8 -1
2 -8 -3
2 -8 -9
2 -8 -13
2 -8 -15
2 -9 -4
2 -9 -9
2 -9 -15
2 -10 0
2 -10 -8
2 -10 -14
2 -11 -6
2 -11 -8
2 -11 -11
2 -12 -2
2 -12 -7
2 -12 -10
2 -12 -13
2 -12 -14
2 -13 0
2 -13 -6
2 -13 -13
2 -14 -4
2 -14 -5
2 -14 -14
2 -15 0
2 -15 -5
2 -15 -9
2 -15 -11
2 -15 -13
2 -15 -15
2 -16 -6
2 -16 -7
2 -16 -12
3 0 0
3 0 -4
3 0 -9
3 0 -11
3 0 -12
3 0 -15
3 -1 -2
3 -1 -3
3 -1 -5
3 -1 -8
3 -1 -14
3 -2 -2
3 -2 -5
3 -2 -7
3 -2 -9
3 -2 -12
3 -2 -13
3 -3 -6
3 -3 -9
3 -4 -2
3 -4 -15
3 -6 -4
3 -6 -8
3 -6 -14
3 -6 -15
3 -7 -5
3 -7 -6
3 -7 -8
3 -8 -1
3 -8 -3
3 -8 -9
3 -8 -13
3 -8 -15
3 -9 -4
3 -9 -9
3 -9 -15
3 -10 0
3 -10 -8
3 -10 -14
3 -11 -6
3 -11 -8
3 -11 -11
3 -12 -2
3 -12 -7
3 -12 -10
3 -12 -13
3 -12 -14
3 -13 0
3 -13 -6
3 -13 -13
3 -14 -4
3 -14 -5
3 -14 -14
3 -15 0
3 -15 -5
3 -15 -9
3 -15 -11
3 -15 -13
3 -15 -15
3 -16 -6
3 -16 -7
3 -16 -12
4 0 0
4 0 -4
4 0 -9
4 0 -11
4 0 -12
4 0 -15
4 -1 -2
4 -1 -3
4 -1 -5
4 -1 -8
4 -1 -14
4 -2 -2
4 -2 -5
4 -2 -7
4 -2 -9
4 -2 -12
4 -2 -13
4 -3 -6
4 -3 -9
4 -4 -2
4 -4 -15
4 -6 -4
4 -6 -8
4 -6 -14
4 -6 -15
4 -7 -5
4 -7 -6
4 -7 -8
4 -8 -1
4 -8 -3
4 -8 -9
4 -8 -13
4 -8 -15
4 -9 -4
4 -9 -9
4 -9 -15
4 -10 0
4 -10 -8
4 -10 -14
4 -11 -6
4 -11 -8
4 -11 -11
4 -12 -2
4 -12 -7
4 -12 -10
4 -12 -13
4 -12 -14
4 -13 0
4 -13 -6
4 -13 -13
4 -14 -4
4 -14 -5
4 -14 -14
4 -15 0
4 -15 -5
4 -15 -9
4 -15 -11
4 -15 -13
4 -15 -15
4 -16 -6
4 -16 -7
4 -16 -12
5 0 0
5 0 -4
5 0 -9
5 0 -11
5 0 -12
5 0 -15
5 -1 -2
5 -1 -3
5 -1 -5
5 -1 -8
5 -1 -14
5 -2 -2
5 -2 -5
5 -2 -7
5 -2 -9
5 -2 -12
5 -2 -13
5 -3 -6
5 -3 -9
5 -4 -2
5 -4 -15
5 -6 -4
5 -6 -8
5 -6 -14
5 -6 -15
5 -7 -5
5 -7 -6
5 -7 -8
5 -8 -1
5 -8 -3
5 -8 -9
5 -8 -13
5 -8 -15
5 -9 -4
5 -9 -9
5 -9 -15
5 -10 0
5 -10 -8
5 -10 -14
5 -11 -6
5 -11 -8
5 -11 -11
5 -12 -2
5 -12 -7
5 -12 -10
5 -12 -13
5 -12 -14
5 -13 0
5 -13 -6
5 -13 -13
5 -14 -4
5 -14 -5
5 -14 -14
5 -15 0
5 -15 -5
5 -15 -9
5 -15 -11
5 -15 -13
5 -15 -15
5 -16 -6
5 -16 -7
5 -16 -12
6 0 0
6 0 -4
6 0 -9
6 0 -11
6 0 -12
6 0 -15
6 -1 -2
6 -1 -3
6 -1 -5
6 -1 -8
6 -1 -14
6 -2 -2
6 -2 -5
6 -2 -7
6 -2 -9
6 -2 -12
6 -2 -13
6 -3 -6
6 -3 -9
6 -4 -2
6 -4 -15
6 -6 -4
6 -6 -8
6 -6 -14
6 -6 -15
6 -7 -5
6 -7 -6
6 -7 -8
6 -8 -1
6 -8 -3
6 -8 -9
6 -8 -13
6 -8 -15
6 -9 -4
6 -9 -9
6 -9 -15
6 -10 0
6 -10 -8
6 -10 -14
6 -11 -6
6 -11 -8
6 -11 -11
6 -12 -2
6 -12 -7
6 -12 -10
6 -12 -13
6 -12 -14
6 -13 0
6 -13 -6
6 -13 -13
6 -14 -4
6 -14 -5
6 -14 -14
6 -15 0
6 -15 -5
6 -15 -9
6 -15 -11
6 -15 -13
6 -15 -15
6 -16 -6
6 -16 -7
6 -16 -12
7 0 0
7 0 -4
7 0 -9
7 0 -11
7 0 -12
7 0 -15
7 -1 -2
7 -1 -3
7 -1 -5
7 -1 -8
7 -1 -14
7 -2 -2
7 -2 -5
7 -2 -7
7 -2 -9
7 -2 -12
7 -2 -13
7 -3 -6
7 -3 -9
7 -4 -2
7 -4 -15
7 -6 -4
7 -6 -8
7 -6 -14
7 -6 -15
7 -7 -5
7 -7 -6
7 -7 -8
7 -8 -1
7 -8 -3
7 -8 -9
7 -8 -13
7 -8 -15
7 -9 -4
7 -9 -9
7 -9 -15
7 -10 0
7 -10 -8
7 -10 -14
7 -11 -6
7 -11 -8
7 -11 -11
7 -12 -2
7 -12 -7
7 -12 -10
7 -12 -13
7 -12 -14
7 -13 0
7 -13 -6
7 -13 -13
7 -14 -4
7 -14 -5
7 -14 -14
7 -15 0
7 -15 -5
7 -15 -9
7 -15 -11
7 -15 -13
7 -15 -15
7 -16 -6
7 -16 -7
7 -16 -12
8 0 0
8 0 -4
8 0 -9
8 0 -11
8 0 -12
8 0 -15
8 -1 -2
8 -1 -3
8 -1 -5
8 -1 -8
8 -1 -14
8 -2 -2
8 -2 -5
8 -2 -7
8 -2 -9
8 -2 -12
8 -2 -13
8 -3 -6
8 -3 -9
8 -4 -2
8 -4 -15
8 -6 -4
8 -6 -8
8 -6 -14
8 -6 -15
8 -7 -5
8 -7 -6
8 -7 -8
8 -8 -1
8 -8 -3
8 -8 -9
8 -8 -13
8 -8 -15
8 -9 -4
8 -9 -9
8 -9 -15
8 -10 0
8 -10 -8
8 -10 -14
8 -11 -6
8 -11 -8
8 -11 -11
8 -12 -2
8 -12 -7
8 -12 -10
8 -12 -13
8 -12 -14
8 -13 0
8 -13 -6
8 -13 -13
8 -14 -4
8 -14 -5
8 -14 -14
8 -15 0
8 -15 -5
8 -15 -9
8 -15 -11
8 -15 -13
8 -15 -15
8 -16 -6
8 -16 -7
8 -16 -12
9 0 0
9 0 -4
9 0 -9
9 0 -11
9 0 -12
9 0 -15
9 -1 -2
9 -1 -3
9 -1 -5
9 -1 -8
9 -1 -14
9 -2 -2
9 -2 -5
9 -2 -7
9 -2 -9
9 -2 -12
9 -2 -13
9 -3 -6
9 -3 -9
9 -4 -2
9 -4 -15
9 -6 -4
9 -6 -8
9 -6 -14
9 -6 -15
9 -7 -5
9 -7 -6
9 -7 -8
9 -8 -1
9 -8 -3
9 -8 -9
9 -8 -13
9 -8 -15
9 -9 -4
9 -9 -9
9 -9 -15
9 -10 0
9 -10 -8
9 -10 -14
9 -11 -6
9 -11 -8
9 -11 -11
9 -12 -2
9 -12 -7
9 -12 -10
9 -12 -13
9 -12 -14
9 -13 0
9 -13 -6
9 -13 -13
9 -14 -4
9 -14 -5
9 -14 -14
9 -15 0
9 -15 -5
9 -15 -9
9 -15 -11
9 -15 -13
9 -15 -15
9 -16 -6
9 -16 -7
9 -16 -12
10 0 0
10 0 -4
10 0 -9
10 0 -11
10 0 -12
10 0 -15
10 -1 -2
10 -1 -3
10 -1 -5
10 -1 -8
10 -1 -14
10 -2 -2
10 -2 -5
10 -2 -7
10 -2 -9
10 -2 -12
10 -2 -13
10 -3 -6
10 -3 -9
10 -4 -2
10 -4 -15
10 -6 -4
10 -6 -8
10 -6 -14
10 -6 -15
10 -7 -5
10 -7 -6
10 -7 -8
10 -8 -1
10 -8 -3
10 -8 -9
10 -8 -13
10 -8 -15
10 -9 -4
10 -9 -9
10 -9 -15
10 -10 0
10 -10 -8
10 -10 -14
10 -11 -6
10 -11 -8
10 -11 -11
10 -12 -2
10 -12 -7
10 -12 -10
10 -12 -13
10 -12 -14
10 -13 0
10 -13 -6
10 -13 -13
10 -14 -4
10 -14 -5
10 -14 -14
10 -15 0
10 -15 -5
10 -15 -9
10 -15 -11
10 -15 -13
10 -15 -15
10 -16 -6
10 -16 -7
10 -16 -12
11 0 0
11 0 -4
11 0 -9
11 0 -11
11 0 -12
11 0 -15
11 -1 -2
11 -1 -3
11 -1 -5
11 -1 -8
11 -1 -14
11 -2 -2
11 -2 -5
11 -2 -7
11 -2 -9
11 -2 -12
11 -2 -13
11 -3 -6
11 -3 -9
11 -4 -2
11 -4 -15
11 -6 -4
11 -6 -8
11 -6 -14
11 -6 -15
11 -7 -5
11 -7 -6
11 -7 -8
11 -8 -1
11 -8 -3
11 -8 -9
11 -8 -13
11 -8 -15
11 -9 -4
11 -9 -9
11 -9 -15
11 -10 0
11 -10 -8
11 -10 -14
11 -11 -6
11 -11 -8
11 -11 -11
11 -12 -2
11 -12 -7
11 -12 -10
11 -12 -13
11 -12 -14
11 -13 0
11 -13 -6
11 -13 -13
11 -14 -4
11 -14 -5
11 -14 -14
11 -15 0
11 -15 -5
11 -15 -9
11 -15 -11
11 -15 -13
11 -15 -15
11 -16 -6
11 -16 -7
11 -16 -12
12 0 0
12 0 -4
12 0 -9
12 0 -11
12 0 -12
12 0 -15
12 -1 -2
12 -1 -3
12 -1 -5
12 -1 -8
12 -1 -14
12 -2 -2
12 -2 -5
12 -2 -7
12 -2 -9
12 -2 -12
12 -2 -13
12 -3 -6
12 -3 -9
12 -4 -2
12 -4 -15
12 -6 -4
12 -6 -8
12 -6 -14
12 -6 -15
12 -7 -5
12 -7 -6
12 -7 -8
12 -8 -1
12 -8 -3
12 -8 -9
12 -8 -13
12 -8 -15
12 -9 -4
12 -9 -9
12 -9 -15
12 -10 0
12 -10 -8
12 -10 -14
12 -11 -6
12 -11 -8
12 -11 -11
12 -12 -2
12 -12 -7
12 -12 -10
12 -12 -13
12 -12 -14
12 -13 0
12 -13 -6
12 -13 -13
12 -14 -4
12 -14 -5
12 -14 -14
12 -15 0
12 -15 -5
12 -15 -9
12 -15 -11
12 -15 -13
12 -15 -15
12 -16 -6
12 -16 -7
12 -16 -12
13 0 0
13 0 -4
13 0 -9
13 0 -11
13 0 -12
13 0 -15
13 -1 -2
13 -1 -3
13 -1 -5
13 -1 -8
13 -1 -14
13 -2 -2
13 -2 -5
13 -2 -7
13 -2 -9
13 -2 -12
13 -2 -13
13 -3 -6
13 -3 -9
13 -4 -2
13 -4 -15
13 -6 -4
13 -6 -8
13 -6 -14
13 -6 -15
13 -7 -5
13 -7 -6
13 -7 -8
13 -8 -1
13 -8 -3
13 -8 -9
13 -8 -13
13 -8 -15
13 -9 -4
13 -9 -9
13 -9 -15
13 -10 0
13 -10 -8
13 -10 -14
13 -11 -6
13 -11 -8
13 -11 -11
13 -12 -2
13 -12 -7
13 -12 -10
13 -12 -13
13 -12 -14
13 -13 0
13 -13 -6
13 -13 -13
13 -14 -4
13 -14 -5
13 -14 -14
13 -15 0
13 -15 -5
13 -15 -9
13 -15 -11
13 -15 -13
13 -15 -15
13 -16 -6
13 -16 -7
13 -16 -12
14 0 0
14 0 -4
14 0 -9
14 0 -11
14 0 -12
14 0 -15
14 -1 -2
14 -1 -3
14 -1 -5
14 -1 -8
14 -1 -14
14 -2 -2
14 -2 -5
14 -2 -7
14 -2 -9
14 -2 -12
14 -2 -13
14 -3 -6
14 -3 -9
14 -4 -2
14 -4 -15
14 -6 -4
14 -6 -8
14 -6 -14
14 -6 -15
14 -7 -5
14 -7 -6
14 -7 -8
14 -8 -1
14 -8 -3
14 -8 -9
14 -8 -13
14 -8 -15
14 -9 -4
14 -9 -9
14 -9 -15
14 -10 0
14 -10 -8
14 -10 -14
14 -11 -6
14 -11 -8
14 -11 -11
14 -12 -2
14 -12 -7
14 -12 -10
14 -12 -13
14 -12 -14
14 -13 0
14 -13 -6
14 -13 -13
14 -14 -4
14 -14 -5
14 -14 -14
14 -15 0
14 -15 -5
14 -15 -9
14 -15 -11
14 -15 -13
14 -15 -15
14 -16 -6
14 -16 -7
14 -16 -12
15 0 0
15 0 -4
15 0 -9
15 0 -11
15 0 -12
15 0 -15
15 -1 -2
15 -1 -3
15 -1 -5
15 -1 -8
15 -1 -14
15 -2 -2
15 -2 -5
15 -2 -7
15 -2 -9
15 -2 -12
15 -2 -13
15 -3 -6
15 -3 -9
15 -4 -2
15 -4 -15
15 -6 -4
15 -6 -8
15 -6 -14
15 -6 -15
15 -7 -5
15 -7 -6
15 -7 -8
15 -8 -1
15 -8 -3
15 -8 -9
15 -8 -13
15 -8 -15
15 -9 -4
15 -9 -9
15 -9 -15
15 -10 0
15 -10 -8
15 -10 -14
15 -11 -6
15 -11 -8
15 -11 -11
15 -12 -2
15 -12 -7
15 -12 -10
15 -12 -13
15 -12 -14
15 -13 0
15 -13 -6
15 -13 -13
15 -14 -4
15 -14 -5
15 -14 -14
15 -15 0
15 -15 -5
15 -15 -9
15 -15 -11
15 -15 -13
15 -15 -15
15 -16 -6
15 -16 -7
15 -16 -12
16 0 0
16 0 -4
16 0 -9
16 0 -11
16 0 -12
16 0 -15
16 -1 -2
16 -1 -3
16 -1 -5
16 -1 -8
16 -1 -14
16 -2 -2
16 -2 -5
16 -2 -7
16 -2 -9
16 -2 -12
16 -2 -13
16 -3 -6
16 -3 -9
16 -4 -2
16 -4 -15
16 -6 -4
16 -6 -8
16 -6 -14
16 -6 -15
16 -7 -5
16 -7 -6
16 -7 -8
16 -8 -1
16 -8 -3
16 -8 -9
16 -8 -13
16 -8 -15
16 -9 -4
16 -9 -9
16 -9 -15
16 -10 0
16 -10 -8
16 -10 -14
16 -11 -6
16 -11 -8
16 -11 -11
16 -12 -2
16 -12 -7
16 -12 -10
16 -12 -13
16 -12 -14
16 -13 0
16 -13 -6
16 -13 -13
16 -14 -4
16 -14 -5
16 -14 -14
16 -15 0
16 -15 -5
16 -15 -9
16 -15 -11
16 -15 -13
16 -15 -15
16 -16 -6
16 -16 -7
16 -16 -12
17 0 0
17 0 -4
17 0 -9
17 0 -11
17 0 -12
17 0 -15
17 -1 -2
17 -1 -3
17 -1 -5
17 -1 -8
17 -1 -14
17 -2 -2
17 -2 -5
17 -2 -7
17 -2 -9
17 -2 -12
17 -2 -13
17 -3 -6
17 -3 -9
17 -4 -2
17 -4 -15
17 -6 -4
17 -6 -8
17 -6 -14
17 -6 -15
17 -7 -5
17 -7 -6
17 -7 -8
17 -8 -1
17 -8 -3
17 -8 -9
17 -8 -13
17 -8 -15
17 -9 -4
17 -9 -9
17 -9 -15
17 -10 0
17 -10 -8
17 -10 -14
17 -11 -6
17 -11 -8
17 -11 -11
17 -12 -2
17 -12 -7
17 -12 -10
17 -12 -13
17 -12 -14
17 -13 0
17 -13 -6
17 -13 -13
17 -14 -4
17 -14 -5
17 -14 -14
17 -15 0
17 -15 -5
17 -15 -9
17 -15 -11
17 -15 -13
17 -15 -15
17 -16 -6
17 -16 -7
17 -16 -12
18 0 0
18 0 -4
18 0 -9
18 0 -11
18 0 -12
18 0 -15
18 -1 -2
18 -1 -3
18 -1 -5
18 -1 -8
18 -1 -14
18 -2 -2
18 -2 -5
18 -2 -7
18 -2 -9
18 -2 -12
18 -2 -13
18 -3 -6
18 -3 -9
18 -4 -2
18 -4 -15
18 -6 -4
18 -6 -8
18 -6 -14
18 -6 -15
18 -7 -5
18 -7 -6
18 -7 -8
18 -8 -1
18 -8 -3
18 -8 -9
18 -8 -13
18 -8 -15
18 -9 -4
18 -9 -9
18 -9 -15
18 -10 0
18 -10 -8
18 -10 -14
18 -11 -6
18 -11 -8
18 -11 -11
18 -12 -2
18 -12 -7
18 -12 -10
18 -12 -13
18 -12 -14
18 -13 0
18 -13 -6
18 -13 -13
18 -14 -4
18 -14 -5
18 -14 -14
18 -15 0
18 -15 -5
18 -15 -9
18 -15 -11
18 -15 -13
18 -15 -15
18 -16 -6
18 -16 -7
18 -16 -12
19 0 0
19 0 -4
19 0 -9
19 0 -11
19 0 -12
19 0 -15
19 -1 -2
19 -1 -3
19 -1 -5
19 -1 -8
19 -1 -14
19 -2 -2
19 -2 -5
19 -2 -7
19 -2 -9
19 -2 -12
19 -2 -13
19 -3 -6
19 -3 -9
19 -4 -2
19 -4 -15
19 -6 -4
19 -6 -8
19 -6 -14
19 -6 -15
19 -7 -5
19 -7 -6
19 -7 -8
19 -8 -1
19 -8 -3
19 -8 -9
19 -8 -13
19 -8 -15
19 -9 -4
19 -9 -9
19 -9 -15
19 -10 0
19 -10 -8
19 -10 -14
19 -11 -6
19 -11 -8
19 -11 -11
19 -12 -2
19 -12 -7
19 -12 -10
19 -12 -13
19 -12 -14
19 -13 0
19 -13 -6
19 -13 -13
19 -14 -4
19 -14 -5
19 -14 -14
19 -15 0
19 -15 -5
19 -15 -9
19 -15 -11
19 -15 -13
19 -15 -15
19 -16 -6
19 -16 -7
19 -16 -12
20 0 0
20 0 -4
20 0 -9
20 0 -11
20 0 -12
20 0 -15
20 -1 -2
20 -1 -3
20 -1 -5
20 -1 -8
20 -1 -14
20 -2 -2
20 -2 -5
20 -2 -7
20 -2 -9
20 -2 -12
20 -2 -13
20 -3 -6
20 -3 -9
20 -4 -2
20 -4 -15
20 -6 -4
20 -6 -8
20 -6 -14
20 -6 -15
20 -7 -5
20 -7 -6
20 -7 -8
20 -8 -1
20 -8 -3
20 -8 -9
20 -8 -13
20 -8 -15
20 -9 -4
20 -9 -9
20 -9 -15
20 -10 0
20 -10 -8
20 -10 -14
20 -11 -6
20 -11 -8
20 -11 -11
20 -12 -2
20 -12 -7
20 -12 -10
20 -12 -13
20 -12 -14
20 -13 0
20 -13 -6
20 -13 -13
20 -14 -4
20 -14 -5
20 -14 -14
20 -15 0
20 -15 -5
20 -15 -9
20 -15 -11
20 -15 -13
20 -15 -15
20 -16 -6
20 -16 -7
20 -16 -12
21 0 0
21 0 -4
21 0 -9
21 0 -11
21 0 -12
21 0 -15
21 -1 -2
21 -1 -3
21 -1 -5
21 -1 -8
21 -1 -14
21 -2 -2
21 -2 -5
21 -2 -7
21 -2 -9
21 -2 -12
21 -2 -13
21 -3 -6
21 -3 -9
21 -4 -2
21 -4 -15
21 -6 -4
21 -6 -8
21 -6 -14
21 -6 -15
21 -7 -5
21 -7 -6
21 -7 -8
21 -8 -1
21 -8 -3
21 -8 -9
21 -8 -13
21 -8 -15
21 -9 -4
21 -9 -9
21 -9 -15
21 -10 0
21 -10 -8
21 -10 -14
21 -11 -6
21 -11 -8
21 -11 -11
21 -12 -2
21 -12 -7
21 -12 -10
21 -12 -13
21 -12 -14
21 -13 0
21 -13 -6
21 -13 -13
21 -14 -4
21 -14 -5
21 -14 -14
21 -15 0
21 -15 -5
21 -15 -9
21 -15 -11
21 -15 -13
21 -15 -15
21 -16 -6
21 -16 -7
21 -16 -12
22 0 0
22 0 -4
22 0 -9
22 0 -11
22 0 -12
22 0 -15
22 -1 -2
22 -1 -3
22 -1 -5
22 -1 -8
22 -1 -14
22 -2 -2
22 -2 -5
22 -2 -7
22 -2 -9
22 -2 -12
22 -2 -13
22 -3 -6
22 -3 -9
22 -4 -2
22 -4 -15
22 -6 -4
22 -6 -8
22 -6 -14
22 -6 -15
22 -7 -5
22 -7 -6
22 -7 -8
22 -8 -1
22 -8 -3
22 -8 -9
22 -8 -13
22 -8 -15
22 -9 -4
22 -9 -9
22 -9 -15
22 -10 0
22 -10 -8
22 -10 -14
22 -11 -6
22 -11 -8
22 -11 -11
22 -12 -2
22 -12 -7
22 -12 -10
22 -12 -13
22 -12 -14
22 -13 0
22 -13 -6
22 -13 -13
22 -14 -4
22 -14 -5
22 -14 -14
22 -15 0
22 -15 -5
22 -15 -9
22 -15 -11
22 -15 -13
22 -15 -15
22 -16 -6
22 -16 -7
22 -16 -12
23 0 0
23 0 -4
23 0 -9
23 0 -11
23 0 -12
23 0 -15
23 -1 -2
23 -1 -3
23 -1 -5
23 -1 -8
23 -1 -14
23 -2 -2
23 -2 -5
23 -2 -7
23 -2 -9
23 -2 -12
23 -2 -13
23 -3 -6
23 -3 -9
23 -4 -2
23 -4 -15
23 -6 -4
23 -6 -8
23 -6 -14
23 -6 -15
23 -7 -5
23 -7 -6
23 -7 -8
23 -8 -1
23 -8 -3
23 -8 -9
23 -8 -13
23 -8 -15
23 -9 -4
23 -9 -9
23 -9 -15
23 -10 0
23 -10 -8
23 -10 -14
23 -11 -6
23 -11 -8
23 -11 -11
23 -12 -2
23 -12 -7
23 -12 -10
23 -12 -13
23 -12 -14
23 -13 0
23 -13 -6
23 -13 -13
23 -14 -4
23 -14 -5
23 -14 -14
23 -15 0
23 -15 -5
23 -15 -9
23 -15 -11
23 -15 -13
23 -15 -15
23 -16 -6
23 -16 -7
23 -16 -12
24 0 0
24 0 -4
24 0 -9
24 0 -11
24 0 -12
24 0 -15
24 -1 -2
24 -1 -3
24 -1 -5
24 -1 -8
24 -1 -14
24 -2 -2
24 -2 -5
24 -2 -7
24 -2 -9
24 -2 -12
24 -2 -13
24 -3 -6
24 -3 -9
24 -4 -2
24 -4 -15
24 -6 -4
24 -6 -8
24 -6 -14
24 -6 -15
24 -7 -5
24 -7 -6
24 -7 -8
24 -8 -1
24 -8 -3
24 -8 -9
24 -8 -13
24 -8 -15
24 -9 -4
24 -9 -9
24 -9 -15
24 -10 0
24 -10 -8
24 -10 -14
24 -11 -6
24 -11 -8
24 -11 -11
24 -12 -2
24 -12 -7
24 -12 -10
24 -12 -13
24 -12 -14
24 -13 0
24 -13 -6
24 -13 -13
24 -14 -4
24 -14 -5
24 -14 -14
24 -15 0
24 -15 -5
24 -15 -9
24 -15 -11
24 -15 -13
24 -15 -15
24 -16 -6
24 -16 -7
24 -16 -12
25 0 0
25 0 -4
25 0 -9
25 0 -11
25 0 -12
25 0 -15
25 -1 -2
25 -1 -3
25 -1 -5
25 -1 -8
25 -1 -14
25 -2 -2
25 -2 -5
25 -2 -7
25 -2 -9
25 -2 -12
25 -2 -13
25 -3 -6
25 -3 -9
25 -4 -2
25 -4 -15
25 -6 -4
25 -6 -8
25 -6 -14
25 -6 -15
25 -7 -5
25 -7 -6
25 -7 -8
25 -8 -1
25 -8 -3
25 -8 -9
25 -8 -13
25 -8 -15
25 -9 -4
25 -9 -9
25 -9 -15
25 -10 0
25 -10 -8
25 -10 -14
25 -11 -6
25 -11 -8
25 -11 -11
25 -12 -2
25 -12 -7
25 -12 -10
25 -12 -13
25 -12 -14
25 -13 0
25 -13 -6
25 -13 -13
25 -14 -4
25 -14 -5
25 -14 -14
25 -15 0
25 -15 -5
25 -15 -9
25 -15 -11
25 -15 -13
25 -15 -15
25 -16 -6
25 -16 -7
25 -16 -12
26 0 0
26 0 -4
26 0 -9
26 0 -11
26 0 -12
26 0 -15
26 -1 -2
26 -1 -3
26 -1 -5
26 -1 -8
26 -1 -14
26 -2 -2
26 -2 -5
26 -2 -7
26 -2 -9
26 -2 -12
26 -2 -13
26 -3 -6
26 -3 -9
26 -4 -2
26 -4 -15
26 -6 -4
26 -6 -8
26 -6 -14
26 -6 -15
26 -7 -5
26 -7 -6
26 -7 -8
26 -8 -1
26 -8 -3
26 -8 -9
26 -8 -13
26 -8 -15
26 -9 -4
26 -9 -9
26 -9 -15
26 -10 0
26 -10 -8
26 -10 -14
26 -11 -6
26 -11 -8
26 -11 -11
26 -12 -2
26 -12 -7
26 -12 -10
26 -12 -13
26 -12 -14
26 -13 0
26 -13 -6
26 -13 -13
26 -14 -4
26 -14 -5
26 -14 -14
26 -15 0
26 -15 -5
26 -15 -9
26 -15 -11
26 -15 -13
26 -15 -15
26 -16 -6
26 -16 -7
26 -16 -12
27 0 0
27 0 -4
27 0 -9
27 0 -11
27 0 -12
27 0 -15
27 -1 -2
27 -1 -3
27 -1 -5
27 -1 -8
27 -1 -14
27 -2 -2
27 -2 -5
27 -2 -7
27 -2 -9
27 -2 -12
27 -2 -13
27 -3 -6
27 -3 -9
27 -4 -2
27 -4 -15
27 -6 -4
27 -6 -8
27 -6 -14
27 -6 -15
27 -7 -5
27 -7 -6
27 -7 -8
27 -8 -1
27 -8 -3
27 -8 -9
27 -8 -13
27 -8 -15
27 -9 -4
27 -9 -9
27 -9 -15
27 -10 0
27 -10 -8
27 -10 -14
27 -11 -6
27 -11 -8
27 -11 -11
27 -12 -2
27 -12 -7
27 -12 -10
27 -12 -13
27 -12 -14
27 -13 0
27 -13 -6
27 -13 -13
27 -14 -4
27 -14 -5
27 -14 -14
27 -15 0
27 -15 -5
27 -15 -9
27 -15 -11
27 -15 -13
27 -15 -15
27 -16 -6
27 -16 -7
27 -16 -12
28 0 0
28 0 -4
28 0 -9
28 0 -11
28 0 -12
28 0 -15
28 -1 -2
28 -1 -3
28 -1 -5
28 -1 -8
28 -1 -14
28 -2 -2
28 -2 -5
28 -2 -7
28 -2 -9
28 -2 -12
28 -2 -13
28 -3 -6
28 -3 -9
28 -4 -2
28 -4 -15
28 -6 -4
28 -6 -8
28 -6 -14
28 -6 -15
28 -7 -5
28 -7 -6
28 -7 -8
28 -8 -1
28 -8 -3
28 -8 -9
28 -8 -13
28 -8 -15
28 -9 -4
28 -9 -9
28 -9 -15
28 -10 0
28 -10 -8
28 -10 -14
28 -11 -6
28 -11 -8
28 -11 -11
28 -12 -2
28 -12 -7
28 -12 -10
28 -12 -13
28 -12 -14
28 -13 0
28 -13 -6
28 -13 -13
28 -14 -4
28 -14 -5
28 -14 -14
28 -15 0
28 -15 -5
28 -15 -9
28 -15 -11
28 -15 -13
28 -15 -15
28 -16 -6
28 -16 -7
28 -16 -12
29 0 0
29 0 -4
29 0 -9
29 0 -11
29 0 -12
29 0 -15
29 -1 -2
29 -1 -3
29 -1 -5
29 -1 -8
29 -1 -14
29 -2 -2
29 -2 -5
29 -2 -7
29 -2 -9
29 -2 -12
29 -2 -13
29 -3 -6
29 -3 -9
29 -4 -2
29 -4 -15
29 -6 -4
29 -6 -8
29 -6 -14
29 -6 -15
29 -7 -5
29 -7 -6
29 -7 -8
29 -8 -1
29 -8 -3
29 -8 -9
29 -8 -13
29 -8 -15
29 -9 -4
29 -9 -9
29 -9 -15
29 -10 0
29 -10 -8
29 -10 -14
29 -11 -6
29 -11 -8
29 -11 -11
29 -12 -2
29 -12 -7
29 -12 -10
29 -12 -13
29 -12 -14
29 -13 0
29 -13 -6
29 -13 -13
29 -14 -4
29 -14 -5
29 -14 -14
29 -15 0
29 -15 -5
29 -15 -9
29 -15 -11
29 -15 -13
29 -15 -15
29 -16 -6
29 -16 -7
29 -16 -12
30 0 0
30 0 -4
30 0 -9
30 0 -11
30 0 -12
30 0 -15
30 -1 -2
30 -1 -3
30 -1 -5
30 -1 -8
30 -1 -14
30 -2 -2
30 -2 -5
30 -2 -7
30 -2 -9
30 -2 -12
30 -2 -13
30 -3 -6
30 -3 -9
30 -4 -2
30 -4 -15
30 -6 -4
30 -6 -8
30 -6 -14
30 -6 -15
30 -7 -5
30 -7 -6
30 -7 -8
30 -8 -1
30 -8 -3
30 -8 -9
30 -8 -13
30 -8 -15
30 -9 -4
30 -9 -9
30 -9 -15
30 -10 0
30 -10 -8
30 -10 -14
30 -11 -6
30 -11 -8
30 -11 -11
30 -12 -2
30 -12 -7
30 -12 -10
30 -12 -13
30 -12 -14
30 -13 0
30 -13 -6
30 -13 -13
30 -14 -4
30 -14 -5
30 -14 -14
30 -15 0
30 -15 -5
30 -15 -9
30 -15 -11
30 -15 -13
30 -15 -15
30 -16 -6
30 -16 -7
30 -16 -12
31 0 0
31 0 -4
31 0 -9
31 0 -11
31 0 -12
31 0 -15
31 -1 -2
31 -1 -3
31 -1 -5
31 -1 -8
31 -1 -14
31 -2 -2
31 -2 -5
31 -2 -7
31 -2 -9
31 -2 -12
31 -2 -13
31 -3 -6
31 -3 -9
31 -4 -2
31 -4 -15
31 -6 -4
31 -6 -8
31 -6 -14
31 -6 -15
31 -7 -5
31 -7 -6
31 -7 -8
31 -8 -1
31 -8 -3
31 -8 -9
31 -8 -13
31 -8 -15
31 -9 -4
31 -9 -9
31 -9 -15
31 -10 0
31 -10 -8
31 -10 -14
31 -11 -6
31 -11 -8
31 -11 -11
31 -12 -2
31 -12 -7
31 -12 -10
31 -12 -13
31 -12 -14
31 -13 0
31 -13 -6
31 -13 -13
31 -14 -4
31 -14 -5
31 -14 -14
31 -15 0
31 -15 -5
31 -15 -9
31 -15 -11
31 -15 -13
31 -15 -15
31 -16 -6
31 -16 -7
31 -16 -12
32 0 0
32 0 -4
32 0 -9
32 0 -11
32 0 -12
32 0 -15
32 -1 -2
32 -1 -3
32 -1 -5
32 -1 -8
32 -1 -14
32 -2 -2
32 -2 -5
32 -2 -7
32 -2 -9
32 -2 -12
32 -2 -13
32 -3 -6
32 -3 -9
32 -4 -2
32 -4 -15
32 -6 -4
32 -6 -8
32 -6 -14
32 -6 -15
32 -7 -5
32 -7 -6
32 -7 -8
32 -8 -1
32 -8 -3
32 -8 -9
32 -8 -13
32 -8 -15
32 -9 -4
32 -9 -9
32 -9 -15
32 -10 0
32 -10 -8
32 -10 -14
32 -11 -6
32 -11 -8
32 -11 -11
32 -12 -2
32 -12 -7
32 -12 -10
32 -12 -13
32 -12 -14
32 -13 0
32 -13 -6
32 -13 -13
32 -14 -4
32 -14 -5
32 -14 -14
32 -15 0
32 -15 -5
32 -15 -9
32 -15 -11
32 -15 -13
32 -15 -15
32 -16 -6
32 -16 -7
32 -16 -12
33 0 0
33 0 -4
33 0 -9
33 0 -11
33 0 -12
33 0 -15
33 -1 -2
33 -1 -3
33 -1 -5
33 -1 -8
33 -1 -14
33 -2 -2
33 -2 -5
33 -2 -7
33 -2 -9
33 -2 -12
33 -2 -13
33 -3 -6
33 -3 -9
33 -4 -2
33 -4 -15
33 -6 -4
33 -6 -8
33 -6 -14
33 -6 -15
33 -7 -5
33 -7 -6
33 -7 -8
33 -8 -1
33 -8 -3
33 -8 -9
33 -8 -13
33 -8 -15
33 -9 -4
33 -9 -9
33 -9 -15
33 -10 0
33 -10 -8
33 -10 -14
33 -11 -6
33 -11 -8
33 -11 -11
33 -12 -2
33 -12 -7
33 -12 -10
33 -12 -13
33 -12 -14
33 -13 0
33 -13 -6
33 -13 -13
33 -14 -4
33 -14 -5
33 -14 -14
33 -15 0
33 -15 -5
33 -15 -9
33 -15 -11
33 -15 -13
33 -15 -15
33 -16 -6
33 -16 -7
33 -16 -12
34 0 0
34 0 -4
34 0 -9
34 0 -11
34 0 -12
34 0 -15
34 -1 -2
34 -1 -3
34 -1 -5
34 -1 -8
34 -1 -14
34 -2 -2
34 -2 -5
34 -2 -7
34 -2 -9
34 -2 -12
34 -2 -13
34 -3 -6
34 -3 -9
34 -4 -2
34 -4 -15
34 -6 -4
34 -6 -8
34 -6 -14
34 -6 -15
34 -7 -5
34 -7 -6
34 -7 -8
34 -8 -1
34 -8 -3
34 -8 -9
34 -8 -13
34 -8 -15
34 -9 -4
34 -9 -9
34 -9 -15
34 -10 0
34 -10 -8
34 -10 -14
34 -11 -6
34 -11 -8
34 -11 -11
34 -12 -2
34 -12 -7
34 -12 -10
34 -12 -13
34 -12 -14
34 -13 0
34 -13 -6
34 -13 -13
34 -14 -4
34 -14 -5
34 -14 -14
34 -15 0
34 -15 -5
34 -15 -9
34 -15 -11
34 -15 -13
34 -15 -15
34 -16 -6
34 -16 -7
34 -16 -12
35 0 0
35 0 -4
35 0 -9
35 0 -11
35 0 -12
35 0 -15
35 -1 -2
35 -1 -3
35 -1 -5
35 -1 -8
35 -1 -14
35 -2 -2
35 -2 -5
35 -2 -7
35 -2 -9
35 -2 -12
35 -2 -13
35 -3 -6
35 -3 -9
35 -4 -2
35 -4 -15
35 -6 -4
35 -6 -8
35 -6 -14
35 -6 -15
35 -7 -5
35 -7 -6
35 -7 -8
35 -8 -1
35 -8 -3
35 -8 -9
35 -8 -13
35 -8 -15
35 -9 -4
35 -9 -9
35 -9 -15
35 -10 0
35 -10 -8
35 -10 -14
35 -11 -6
35 -11 -8
35 -11 -11
35 -12 -2
35 -12 -7
35 -12 -10
35 -12 -13
35 -12 -14
35 -13 0
35 -13 -6
35 -13 -13
35 -14 -4
35 -14 -5
35 -14 -14
35 -15 0
35 -15 -5
35 -15 -9
35 -15 -11
35 -15 -13
35 -15 -15
35 -16 -6
35 -16 -7
35 -16 -12
36 0 0
36 0 -4
36 0 -9
36 0 -11
36 0 -12
36 0 -15
36 -1 -2
36 -1 -3
36 -1 -5
36 -1 -8
36 -1 -14
36 -2 -2
36 -2 -5
36 -2 -7
36 -2 -9
36 -2 -12
36 -2 -13
36 -3 -6
36 -3 -9
36 -4 -2
36 -4 -15
36 -6 -4
36 -6 -8
36 -6 -14
36 -6 -15
36 -7 -5
36 -7 -6
36 -7 -8
36 -8 -1
36 -8 -3
36 -8 -9
36 -8 -13
36 -8 -15
36 -9 -4
36 -9 -9
36 -9 -15
36 -10 0
36 -10 -8
36 -10 -14
36 -11 -6
36 -11 -8
36 -11 -11
36 -12 -2
36 -12 -7
36 -12 -10
36 -12 -13
36 -12 -14
36 -13 0
36 -13 -6
36 -13 -13
36 -14 -4
36 -14 -5
36 -14 -14
36 -15 0
36 -15 -5
36 -15 -9
36 -15 -11
36 -15 -13
36 -15 -15
36 -16 -6
36 -16 -7
36 -16 -12
37 0 0
37 0 -4
37 0 -9
37 0 -11
37 0 -12
37 0 -15
37 -1 -2
37 -1 -3
37 -1 -5
37 -1 -8
37 -1 -14
37 -2 -2
37 -2 -5
37 -2 -7
37 -2 -9
37 -2 -12
37 -2 -13
37 -3 -6
37 -3 -9
37 -4 -2
37 -4 -15
37 -6 -4
37 -6 -8
37 -6 -14
37 -6 -15
37 -7 -5
37 -7 -6
37 -7 -8
37 -8 -1
37 -8 -3
37 -8 -9
37 -8 -13
37 -8 -15
37 -9 -4
37 -9 -9
37 -9 -15
37 -10 0
37 -10 -8
37 -10 -14
37 -11 -6
37 -11 -8
37 -11 -11
37 -12 -2
37 -12 -7
37 -12 -10
37 -12 -13
37 -12 -14
37 -13 0
37 -13 -6
37 -13 -13
37 -14 -4
37 -14 -5
37 -14 -14
37 -15 0
37 -15 -5
37 -15 -9
37 -15 -11
37 -15 -13
37 -15 -15
37 -16 -6
37 -16 -7
37 -16 -12
38 0 0
38 0 -4
38 0 -9
38 0 -11
38 0 -12
38 0 -15
38 -1 -2
38 -1 -3
38 -1 -5
38 -1 -8
38 -1 -14
38 -2 -2
38 -2 -5
38 -2 -7
38 -2 -9
38 -2 -12
38 -2 -13
38 -3 -6
38 -3 -9
38 -4 -2
38 -4 -15
38 -6 -4
38 -6 -8
38 -6 -14
38 -6 -15
38 -7 -5
38 -7 -6
38 -7 -8
38 -8 -1
38 -8 -3
38 -8 -9
38 -8 -13
38 -8 -15
38 -9 -4
38 -9 -9
38 -9 -15
38 -10 0
38 -10 -8
38 -10 -14
38 -11 -6
38 -11 -8
38 -11 -11
38 -12 -2
38 -12 -7
38 -12 -10
38 -12 -13
38 -12 -14
38 -13 0
38 -13 -6
38 -13 -13
38 -14 -4
38 -14 -5
38 -14 -14
38 -15 0
38 -15 -5
38 -15 -9
38 -15 -11
38 -15 -13
38 -15 -15
38 -16 -6
38 -16 -7
38 -16 -12
39 0 0
39 0 -4
39 0 -9
39 0 -11
39 0 -12
39 0 -15
39 -1 -2
39 -1 -3
39 -1 -5
39 -1 -8
39 -1 -14
39 -2 -2
39 -2 -5
39 -2 -7
39 -2 -9
39 -2 -12
39 -2 -13
39 -3 -6
39 -3 -9
39 -4 -2
39 -4 -15
39 -6 -4
39 -6 -8
39 -6 -14
39 -6 -15
39 -7 -5
39 -7 -6
39 -7 -8
39 -8 -1
39 -8 -3
39 -8 -9
39 -8 -13
39 -8 -15
39 -9 -4
39 -9 -9
39 -9 -15
39 -10 0
39 -10 -8
39 -10 -14
39 -11 -6
39 -11 -8
39 -11 -11
39 -12 -2
39 -12 -7
39 -12 -10
39 -12 -13
39 -12 -14
39 -13 0
39 -13 -6
39 -13 -13
39 -14 -4
39 -14 -5
39 -14 -14
39 -15 0
39 -15 -5
39 -15 -9
39 -15 -11
39 -15 -13
39 -15 -15
39 -16 -6
39 -16 -7
39 -16 -12
40 0 0
40 0 -4
40 0 -9
40 0 -11
40 0 -12
40 0 -15
40 -1 -2
40 -1 -3
40 -1 -5
40 -1 -8
40 -1 -14
40 -2 -2
40 -2 -5
40 -2 -7
40 -2 -9
40 -2 -12
40 -2 -13
40 -3 -6
40 -3 -9
40 -4 -2
40 -4 -15
40 -6 -4
40 -6 -8
40 -6 -14
40 -6 -15
40 -7 -5
40 -7 -6
40 -7 -8
40 -8 -1
40 -8 -3
40 -8 -9
40 -8 -13
40 -8 -15
40 -9 -4
40 -9 -9
40 -9 -15
40 -10 0
40 -10 -8
40 -10 -14
40 -11 -6
40 -11 -8
40 -11 -11
40 -12 -2
40 -12 -7
40 -12 -10
40 -12 -13
40 -12 -14
40 -13 0
40 -13 -6
40 -13 -13
40 -14 -4
40 -14 -5
40 -14 -14
40 -15 0
40 -15 -5
40 -15 -9
40 -15 -11
40 -15 -13
40 -15 -15
40 -16 -6
40 -16 -7
40 -16 -12
41 0 0
41 0 -4
41 0 -9
41 0 -11
41 0 -12
41 0 -15
41 -1 -2
41 -1 -3
41 -1 -5
41 -1 -8
41 -1 -14
41 -2 -2
41 -2 -5
41 -2 -7
41 -2 -9
41 -2 -12
41 -2 -13
41 -3 -6
41 -3 -9
41 -4 -2
41 -4 -15
41 -6 -4
41 -6 -8
41 -6 -14
41 -6 -15
41 -7 -5
41 -7 -6
41 -7 -8
41 -8 -1
41 -8 -3
41 -8 -9
41 -8 -13
41 -8 -15
41 -9 -4
41 -9 -9
41 -9 -15
41 -10 0
41 -10 -8
41 -10 -14
41 -11 -6
41 -11 -8
41 -11 -11
41 -12 -2
41 -12 -7
41 -12 -10
41 -12 -13
41 -12 -14
41 -13 0
41 -13 -6
41 -13 -13
41 -14 -4
41 -14 -5
41 -14 -14
41 -15 0
41 -15 -5
41 -15 -9
41 -15 -11
41 -15 -13
41 -15 -15
41 -16 -6
41 -16 -7
41 -16 -12
42 0 0
42 0 -4
42 0 -9
42 0 -11
42 0 -12
42 0 -15
42 -1 -2
42 -1 -3
42 -1 -5
42 -1 -8
42 -1 -14
42 -2 -2
42 -2 -5
42 -2 -7
42 -2 -9
42 -2 -12
42 -2 -13
42 -3 -6
42 -3 -9
42 -4 -2
42 -4 -15
42 -6 -4
42 -6 -8
42 -6 -14
42 -6 -15
42 -7 -5
42 -7 -6
42 -7 -8
42 -8 -1
42 -8 -3
42 -8 -9
42 -8 -13
42 -8 -15
42 -9 -4
42 -9 -9
42 -9 -15
42 -10 0
42 -10 -8
42 -10 -14
42 -11 -6
42 -11 -8
42 -11 -11
42 -12 -2
42 -12 -7
42 -12 -10
42 -12 -13
42 -12 -14
42 -13 0
42 -13 -6
42 -13 -13
42 -14 -4
42 -14 -5
42 -14 -14
42 -15 0
42 -15 -5
42 -15 -9
42 -15 -11
42 -15 -13
42 -15 -15
42 -16 -6
42 -16 -7
42 -16 -12
43 0 0
43 0 -4
43 0 -9
43 0 -11
43 0 -12
43 0 -15
43 -1 -2
43 -1 -3
43 -1 -5
43 -1 -8
43 -1 -14
43 -2 -2
43 -2 -5
43 -2 -7
43 -2 -9
43 -2 -12
43 -2 -13
43 -3 -6
43 -3 -9
43 -4 -2
43 -4 -15
43 -6 -4
43 -6 -8
43 -6 -14
43 -6 -15
43 -7 -5
43 -7 -6
43 -7 -8
43 -8 -1
43 -8 -3
43 -8 -9
43 -8 -13
43 -8 -15
43 -9 -4
43 -9 -9
43 -9 -15
43 -10 0
43 -10 -8
43 -10 -14
43 -11 -6
43 -11 -8
43 -11 -11
43 -12 -2
43 -12 -7
43 -12 -10
43 -12 -13
43 -12 -14
43 -13 0
43 -13 -6
43 -13 -13
43 -14 -4
43 -14 -5
43 -14 -14
43 -15 0
43 -15 -5
43 -15 -9
43 -15 -11
43 -15 -13
43 -15 -15
43 -16 -6
43 -16 -7
43 -16 -12
44 0 0
44 0 -4
44 0 -9
44 0 -11
44 0 -12
44 0 -15
44 -1 -2
44 -1 -3
44 -1 -5
44 -1 -8
44 -1 -14
44 -2 -2
44 -2 -5
44 -2 -7
44 -2 -9
44 -2 -12
44 -2 -13
44 -3 -6
44 -3 -9
44 -4 -2
44 -4 -15
44 -6 -4
44 -6 -8
44 -6 -14
44 -6 -15
44 -7 -5
44 -7 -6
44 -7 -8
44 -8 -1
44 -8 -3
44 -8 -9
44 -8 -13
44 -8 -15
44 -9 -4
44 -9 -9
44 -9 -15
44 -10 0
44 -10 -8
44 -10 -14
44 -11 -6
44 -11 -8
44 -11 -11
44 -12 -2
44 -12 -7
44 -12 -10
44 -12 -13
44 -12 -14
44 -13 0
44 -13 -6
44 -13 -13
44 -14 -4
44 -14 -5
44 -14 -14
44 -15 0
44 -15 -5
44 -15 -9
44 -15 -11
44 -15 -13
44 -15 -15
44 -16 -6
44 -16 -7
44 -16 -12
45 0 0
45 0 -4
45 0 -9
45 0 -11
45 0 -12
45 0 -15
45 -1 -2
45 -1 -3
45 -1 -5
45 -1 -8
45 -1 -14
45 -2 -2
45 -2 -5
45 -2 -7
45 -2 -9
45 -2 -12
45 -2 -13
45 -3 -6
45 -3 -9
45 -4 -2
45 -4 -15
45 -6 -4
45 -6 -8
45 -6 -14
45 -6 -15
45 -7 -5
45 -7 -6
45 -7 -8
45 -8 -1
45 -8 -3
45 -8 -9
45 -8 -13
45 -8 -15
45 -9 -4
45 -9 -9
45 -9 -15
45 -10 0
45 -10 -8
45 -10 -14
45 -11 -6
45 -11 -8
45 -11 -11
45 -12 -2
45 -12 -7
45 -12 -10
45 -12 -13
45 -12 -14
45 -13 0
45 -13 -6
45 -13 -13
45 -14 -4
45 -14 -5
45 -14 -14
45 -15 0
45 -15 -5
45 -15 -9
45 -15 -11
45 -15 -13
45 -15 -15
45 -16 -6
45 -16 -7
45 -16 -12
46 0 0
46 0 -4
46 0 -9
46 0 -11
46 0 -12
46 0 -15
46 -1 -2
46 -1 -3
46 -1 -5
46 -1 -8
46 -1 -14
46 -2 -2
46 -2 -5
46 -2 -7
46 -2 -9
46 -2 -12
46 -2 -13
46 -3 -6
46 -3 -9
46 -4 -2
46 -4 -15
46 -6 -4
46 -6 -8
46 -6 -14
46 -6 -15
46 -7 -5
46 -7 -6
46 -7 -8
46 -8 -1
46 -8 -3
46 -8 -9
46 -8 -13
46 -8 -15
46 -9 -4
46 -9 -9
46 -9 -15
46 -10 0
46 -10 -8
46 -10 -14
46 -11 -6
46 -11 -8
46 -11 -11
46 -12 -2
46 -12 -7
46 -12 -10
46 -12 -13
46 -12 -14
46 -13 0
46 -13 -6
46 -13 -13
46 -14 -4
46 -14 -5
46 -14 -14
46 -15 0
46 -15 -5
46 -15 -9
46 -15 -11
46 -15 -13
46 -15 -15
46 -16 -6
46 -16 -7
46 -16 -12
47 0 0
47 0 -4
47 0 -9
47 0 -11
47 0 -12
47 0 -15
47 -1 -2
47 -1 -3
47 -1 -5
47 -1 -8
47 -1 -14
47 -2 -2
47 -2 -5
47 -2 -7
47 -2 -9
47 -2 -12
47 -2 -13
47 -3 -6
47 -3 -9
47 -4 -2
47 -4 -15
47 -6 -4
47 -6 -8
47 -6 -14
47 -6 -15
47 -7 -5
47 -7 -6
47 -7 -8
47 -8 -1
47 -8 -3
47 -8 -9
47 -8 -13
47 -8 -15
47 -9 -4
47 -9 -9
47 -9 -15
47 -10 0
47 -10 -8
47 -10 -14
47 -11 -6
47 -11 -8
47 -11 -11
47 -12 -2
47 -12 -7
47 -12 -10
47 -12 -13
47 -12 -14
47 -13 0
47 -13 -6
47 -13 -13
47 -14 -4
47 -14 -5
47 -14 -14
47 -15 0
47 -15 -5
47 -15 -9
47 -15 -11
47 -15 -13
47 -15 -15
47 -16 -6
47 -16 -7
47 -16 -12
48 0 0
48 0 -4
48 0 -9
48 0 -11
48 0 -12
48 0 -15
48 -1 -2
48 -1 -3
48 -1 -5
48 -1 -8
48 -1 -14
48 -2 -2
48 -2 -5
48 -2 -7
48 -2 -9
48 -2 -12
48 -2 -13
48 -3 -6
48 -3 -9
48 -4 -2
48 -4 -15
48 -6 -4
48 -6 -8
48 -6 -14
48 -6 -15
48 -7 -5
48 -7 -6
48 -7 -8
48 -8 -1
48 -8 -3
48 -8 -9
48 -8 -13
48 -8 -15
48 -9 -4
48 -9 -9
48 -9 -15
48 -10 0
48 -10 -8
48 -10 -14
48 -11 -6
48 -11 -8
48 -11 -11
48 -12 -2
48 -12 -7
48 -12 -10
48 -12 -13
48 -12 -14
48 -13 0
48 -13 -6
48 -13 -13
48 -14 -4
48 -14 -5
48 -14 -14
48 -15 0
48 -15 -5
48 -15 -9
48 -15 -11
48 -15 -13
48 -15 -15
48 -16 -6
48 -16 -7
48 -16 -12
49 0 0
49 0 -4
49 0 -9
49 0 -11
49 0 -12
49 0 -15
49 -1 -2
49 -1 -3
49 -1 -5
49 -1 -8
49 -1 -14
49 -2 -2
49 -2 -5
49 -2 -7
49 -2 -9
49 -2 -12
49 -2 -13
49 -3 -6
49 -3 -9
49 -4 -2
49 -4 -15
49 -6 -4
49 -6 -8
49 -6 -14
49 -6 -15
49 -7 -5
49 -7 -6
49 -7 -8
49 -8 -1
49 -8 -3
49 -8 -9
49 -8 -13
49 -8 -15
49 -9 -4
49 -9 -9
49 -9 -15
49 -10 0
49 -10 -8
49 -10 -14
49 -11 -6
49 -11 -8
49 -11 -11
49 -12 -2
49 -12 -7
49 -12 -10
49 -12 -13
49 -12 -14
49 -13 0
49 -13 -6
49 -13 -13
49 -14 -4
49 -14 -5
49 -14 -14
49 -15 0
49 -15 -5
49 -15 -9
49 -15 -11
49 -15 -13
49 -15 -15
49 -16 -6
49 -16 -7
49 -16 -12
50 0 0
50 0 -4
50 0 -9
50 0 -11
50 0 -12
50 0 -15
50 -1 -2
50 -1 -3
50 -1 -5
50 -1 -8
50 -1 -14
50 -2 -2
50 -2 -5
50 -2 -7
50 -2 -9
50 -2 -12
50 -2 -13
50 -3 -6
50 -3 -9
50 -4 -2
50 -4 -15
50 -6 -4
50 -6 -8
50 -6 -14
50 -6 -15
50 -7 -5
50 -7 -6
50 -7 -8
50 -8 -1
50 -8 -3
50 -8 -9
50 -8 -13
50 -8 -15
50 -9 -4
50 -9 -9
50 -9 -15
50 -10 0
50 -10 -8
50 -10 -14
50 -11 -6
50 -11 -8
50 -11 -11
50 -12 -2
50 -12 -7
50 -12 -10
50 -12 -13
50 -12 -14
50 -13 0
50 -13 -6
50 -13 -13
50 -14 -4
50 -14 -5
50 -14 -14
50 -15 0
50 -15 -5
50 -15 -9
50 -15 -11
50 -15 -13
50 -15 -15
50 -16 -6
50 -16 -7
50 -16 -12
51 0 0
51 0 -4
51 0 -9
51 0 -11
51 0 -12
51 0 -15
51 -1 -2
51 -1 -3
51 -1 -5
51 -1 -8
51 -1 -14
51 -2 -2
51 -2 -5
51 -2 -7
51 -2 -9
51 -2 -12
51 -2 -13
51 -3 -6
51 -3 -9
51 -4 -2
51 -4 -15
51 -6 -4
51 -6 -8
51 -6 -14
51 -6 -15
51 -7 -5
51 -7 -6
51 -7 -8
51 -8 -1
51 -8 -3
51 -8 -9
51 -8 -13
51 -8 -15
51 -9 -4
51 -9 -9
51 -9 -15
51 -10 0
51 -10 -8
51 -10 -14
51 -11 -6
51 -11 -8
51 -11 -11
51 -12 -2
51 -12 -7
51 -12 -10
51 -12 -13
51 -12 -14
51 -13 0
51 -13 -6
51 -13 -13
51 -14 -4
51 -14 -5
51 -14 -14
51 -15 0
51 -15 -5
51 -15 -9
51 -15 -11
51 -15 -13
51 -15 -15
51 -16 -6
51 -16 -7
51 -16 -12
52 0 0
52 0 -4
52 0 -9
52 0 -11
52 0 -12
52 0 -15
52 -1 -2
52 -1 -3
52 -1 -5
52 -1 -8
52 -1 -14
52 -2 -2
52 -2 -5
52 -2 -7
52 -2 -9
52 -2 -12
52 -2 -13
52 -3 -6
52 -3 -9
52 -4 -2
52 -4 -15
52 -6 -4
52 -6 -8
52 -6 -14
52 -6 -15
52 -7 -5
52 -7 -6
52 -7 -8
52 -8 -1
52 -8 -3
52 -8 -9
52 -8 -13
52 -8 -15
52 -9 -4
52 -9 -9
52 -9 -15
52 -10 0
52 -10 -8
52 -10 -14
52 -11 -6
52 -11 -8
52 -11 -11
52 -12 -2
52 -12 -7
52 -12 -10
52 -12 -13
52 -12 -14
52 -13 0
52 -13 -6
52 -13 -13
52 -14 -4
52 -14 -5
52 -14 -14
52 -15 0
52 -15 -5
52 -15 -9
52 -15 -11
52 -15 -13
52 -15 -15
52 -16 -6
52 -16 -7
52 -16 -12
53 0 0
53 0 -4
53 0 -9
53 0 -11
53 0 -12
53 0 -15
53 -1 -2
53 -1 -3
53 -1 -5
53 -1 -8
53 -1 -14
53 -2 -2
53 -2 -5
53 -2 -7
53 -2 -9
53 -2 -12
53 -2 -13
53 -3 -6
53 -3 -9
53 -4 -2
53 -4 -15
53 -6 -4
53 -6 -8
53 -6 -14
53 -6 -15
53 -7 -5
53 -7 -6
53 -7 -8
53 -8 -1
53 -8 -3
53 -8 -9
53 -8 -13
53 -8 -15
53 -9 -4
53 -9 -9
53 -9 -15
53 -10 0
53 -10 -8
53 -10 -14
53 -11 -6
53 -11 -8
53 -11 -11
53 -12 -2
53 -12 -7
53 -12 -10
53 -12 -13
53 -12 -14
53 -13 0
53 -13 -6
53 -13 -13
53 -14 -4
53 -14 -5
53 -14 -14
53 -15 0
53 -15 -5
53 -15 -9
53 -15 -11
53 -15 -13
53 -15 -15
53 -16 -6
53 -16 -7
53 -16 -12
54 0 0
54 0 -4
54 0 -9
54 0 -11
54 0 -12
54 0 -15
54 -1 -2
54 -1 -3
54 -1 -5
54 -1 -8
54 -1 -14
54 -2 -2
54 -2 -5
54 -2 -7
54 -2 -9
54 -2 -12
54 -2 -13
54 -3 -6
54 -3 -9
54 -4 -2
54 -4 -15
54 -6 -4
54 -6 -8
54 -6 -14
54 -6 -15
54 -7 -5
54 -7 -6
54 -7 -8
54 -8 -1
54 -8 -3
54 -8 -9
54 -8 -13
54 -8 -15
54 -9 -4
54 -9 -9
54 -9 -15
54 -10 0
54 -10 -8
54 -10 -14
54 -11 -6
54 -11 -8
54 -11 -11
54 -12 -2
54 -12 -7
54 -12 -10
54 -12 -13
54 -12 -14
54 -13 0
54 -13 -6
54 -13 -13
54 -14 -4
54 -14 -5
54 -14 -14
54 -15 0
54 -15 -5
54 -15 -9
54 -15 -11
54 -15 -13
54 -15 -15
54 -16 -6
54 -16 -7
54 -16 -12
55 0 0
55 0 -4
55 0 -9
55 0 -11
55 0 -12
55 0 -15
55 -1 -2
55 -1 -3
55 -1 -5
55 -1 -8
55 -1 -14
55 -2 -2
55 -2 -5
55 -2 -7
55 -2 -9
55 -2 -12
55 -2 -13
55 -3 -6
55 -3 -9
55 -4 -2
55 -4 -15
55 -6 -4
55 -6 -8
55 -6 -14
55 -6 -15
55 -7 -5
55 -7 -6
55 -7 -8
55 -8 -1
55 -8 -3
55 -8 -9
55 -8 -13
55 -8 -15
55 -9 -4
55 -9 -9
55 -9 -15
55 -10 0
55 -10 -8
55 -10 -14
55 -11 -6
55 -11 -8
55 -11 -11
55 -12 -2
55 -12 -7
55 -12 -10
55 -12 -13
55 -12 -14
55 -13 0
55 -13 -6
55 -13 -13
55 -14 -4
55 -14 -5
55 -14 -14
55 -15 0
55 -15 -5
55 -15 -9
55 -15 -11
55 -15 -13
55 -15 -15
55 -16 -6
55 -16 -7
55 -16 -12
56 0 0
56 0 -4
56 0 -9
56 0 -11
56 0 -12
56 0 -15
56 -1 -2
56 -1 -3
56 -1 -5
56 -1 -8
56 -1 -14
56 -2 -2
56 -2 -5
56 -2 -7
56 -2 -9
56 -2 -12
56 -2 -13
56 -3 -6
56 -3 -9
56 -4 -2
56 -4 -15
56 -6 -4
56 -6 -8
56 -6 -14
56 -6 -15
56 -7 -5
56 -7 -6
56 -7 -8
56 -8 -1
56 -8 -3
56 -8 -9
56 -8 -13
56 -8 -15
56 -9 -4
56 -9 -9
56 -9 -15
56 -10 0
56 -10 -8
56 -10 -14
56 -11 -6
56 -11 -8
56 -11 -11
56 -12 -2
56 -12 -7
56 -12 -10
56 -12 -13
56 -12 -14
56 -13 0
56 -13 -6
56 -13 -13
56 -14 -4
56 -14 -5
56 -14 -14
56 -15 0
56 -15 -5
56 -15 -9
56 -15 -11
56 -15 -13
56 -15 -15
56 -16 -6
56 -16 -7
56 -16 -12
57 0 0
57 0 -4
57 0 -9
57 0 -11
57 0 -12
57 0 -15
57 -1 -2
57 -1 -3
57 -1 -5
57 -1 -8
57 -1 -14
57 -2 -2
57 -2 -5
57 -2 -7
57 -2 -9
57 -2 -12
57 -2 -13
57 -3 -6
57 -3 -9
57 -4 -2
57 -4 -15
57 -6 -4
57 -6 -8
57 -6 -14
57 -6 -15
57 -7 -5
57 -7 -6
57 -7 -8
57 -8 -1
57 -8 -3
57 -8 -9
57 -8 -13
57 -8 -15
57 -9 -4
57 -9 -9
57 -9 -15
57 -10 0
57 -10 -8
57 -10 -14
57 -11 -6
57 -11 -8
57 -11 -11
57 -12 -2
57 -12 -7
57 -12 -10
57 -12 -13
57 -12 -14
57 -13 0
57 -13 -6
57 -13 -13
57 -14 -4
57 -14 -5
57 -14 -14
57 -15 0
57 -15 -5
57 -15 -9
57 -15 -11
57 -15 -13
57 -15 -15
57 -16 -6
57 -16 -7
57 -16 -12
58 0 0
58 0 -4
58 0 -9
58 0 -11
58 0 -12
58 0 -15
58 -1 -2
58 -1 -3
58 -1 -5
58 -1 -8
58 -1 -14
58 -2 -2
58 -2 -5
58 -2 -7
58 -2 -9
58 -2 -12
58 -2 -13
58 -3 -6
58 -3 -9
58 -4 -2
58 -4 -15
58 -6 -4
58 -6 -8
58 -6 -14
58 -6 -15
58 -7 -5
58 -7 -6
58 -7 -8
58 -8 -1
58 -8 -3
58 -8 -9
58 -8 -13
58 -8 -15
58 -9 -4
58 -9 -9
58 -9 -15
58 -10 0
58 -10 -8
58 -10 -14
58 -11 -6
58 -11 -8
58 -11 -11
58 -12 -2
58 -12 -7
58 -12 -10
58 -12 -13
58 -12 -14
58 -13 0
58 -13 -6
58 -13 -13
58 -14 -4
58 -14 -5
58 -14 -14
58 -15 0
58 -15 -5
58 -15 -9
58 -15 -11
58 -15 -13
58 -15 -15
58 -16 -6
58 -16 -7
58 -16 -12
59 0 0
59 0 -4
59 0 -9
59 0 -11
59 0 -12
59 0 -15
59 -1 -2
59 -1 -3
59 -1 -5
59 -1 -8
59 -1 -14
59 -2 -2
59 -2 -5
59 -2 -7
59 -2 -9
59 -2 -12
59 -2 -13
59 -3 -6
59 -3 -9
59 -4 -2
59 -4 -15
59 -6 -4
59 -6 -8
59 -6 -14
59 -6 -15
59 -7 -5
59 -7 -6
59 -7 -8
59 -8 -1
59 -8 -3
59 -8 -9
59 -8 -13
59 -8 -15
59 -9 -4
59 -9 -9
59 -9 -15
59 -10 0
59 -10 -8
59 -10 -14
59 -11 -6
59 -11 -8
59 -11 -11
59 -12 -2
59 -12 -7
59 -12 -10
59 -12 -13
59 -12 -14
59 -13 0
59 -13 -6
59 -13 -13
59 -14 -4
59 -14 -5
59 -14 -14
59 -15 0
59 -15 -5
59 -15 -9
59 -15 -11
59 -15 -13
59 -15 -15
59 -16 -6
59 -16 -7
59 -16 -12
60 0 0
60 0 -4
60 0 -9
60 0 -11
60 0 -12
60 0 -15
60 -1 -2
60 -1 -3
60 -1 -5
60 -1 -8
60 -1 -14
60 -2 -2
60 -2 -5
60 -2 -7
60 -2 -9
60 -2 -12
60 -2 -13
60 -3 -6
60 -3 -9
60 -4 -2
60 -4 -15
60 -6 -4
60 -6 -8
60 -6 -14
60 -6 -15
60 -7 -5
60 -7 -6
60 -7 -8
60 -8 -1
60 -8 -3
60 -8 -9
60 -8 -13
60 -8 -15
60 -9 -4
60 -9 -9
60 -9 -15
60 -10 0
60 -10 -8
60 -10 -14
60 -11 -6
60 -11 -8
60 -11 -11
60 -12 -2
60 -12 -7
60 -12 -10
60 -12 -13
60 -12 -14
60 -13 0
60 -13 -6
60 -13 -13
60 -14 -4
60 -14 -5
60 -14 -14
60 -15 0
60 -15 -5
60 -15 -9
60 -15 -11
60 -15 -13
60 -15 -15
60 -16 -6
60 -16 -7
60 -16 -12
61 0 0
61 0 -4
61 0 -9
61 0 -11
61 0 -12
61 0 -15
61 -1 -2
61 -1 -3
61 -1 -5
61 -1 -8
61 -1 -14
61 -2 -2
61 -2 -5
61 -2 -7
61 -2 -9
61 -2 -12
61 -2 -13
61 -3 -6
61 -3 -9
61 -4 -2
61 -4 -15
61 -6 -4
61 -6 -8
61 -6 -14
61 -6 -15
61 -7 -5
61 -7 -6
61 -7 -8
61 -8 -1
61 -8 -3
61 -8 -9
61 -8 -13
61 -8 -15
61 -9 -4
61 -9 -9
61 -9 -15
61 -10 0
61 -10 -8
61 -10 -14
61 -11 -6
61 -11 -8
61 -11 -11
61 -12 -2
61 -12 -7
61 -12 -10
61 -12 -13
61 -12 -14
61 -13 0
61 -13 -6
61 -13 -13
61 -14 -4
61 -14 -5
61 -14 -14
61 -15 0
61 -15 -5
61 -15 -9
61 -15 -11
61 -15 -13
61 -15 -15
61 -16 -6
61 -16 -7
61 -16 -12
-1 -1 -1
17
39
25
32
19
27
47
13
28
8
6
24
54
29
59
1
51
11
12
10
9
15
22
52
57
16
7
5
45
60
44
21
53
48
23
36
56
55
0
4
35
33
20
2
61
26
38
41
3
49
42
30
18
46
58
37
34
31
43
50
40
14
  0.036524 seconds (98.43 k allocations: 3.203 MiB)
