950 0 0 0 0 0 0 0 0 0 0 0 0 0 0 0 0 0 0 0 0 0 0 0 0 0 0 0
0 0 0 0 0 0 0 0 0 0 0 0 0 0 0 0 0 0 0 0 0 0 0 0 0 0 0 0
0 0 0 0 0 0 0 0 0 0 0 0 0 0 0 0 0 0 0 0 0 0 0 0 0 0 0 0
0 0 0 0 0 0 0 0 0 0 0 0 0 0 0 0 0 0 0 0 0 0 0 0 0 0 0 0
0 0 0 0 0 0 0 0 0 0 0 0 0 0 0 0 0 0 0 0 0 0 0 0 0 0 0 0
0 0 0 0 0 0 0 0 0 0 0 0 0 0 0 0 0 0 0 0 0 0 0 0 0 0 0 0
0 0 0 0 0 0 0 0 0 0 0 0 0 0 0 0 0 0 0 0 0 0 0 0 0 0 0 0
0 0 0 0 0 0 0 0 0 0 0 0 0 0 0 0 0 0 0 0 0 0 0 0 0 0 0 0
0 0 0 0 0 0 0 0 0 0 0 0 0 0 0 0 0 0 0 0 0 0 0 0 0 0 0 0
0 0 0 0 0 0 0 0 0 0 0 0 0 0 0 0 0 0 0 0 0 0 0 0 0 0 0 0
0 0 0 0 0 0 0 0 0 0 0 0 0 0 0 0 0 0 0 0 0 0 0 0 0 0 0 0
0 0 0 0 0 0 0 0 0 0 0 0 0 0 0 0 0 0 0 0 0 0 0 0 0 0 0 0
0 0 0 0 0 0 0 0 0 0 0 0 0 0 0 0 0 0 0 0 0 0 0 0 0 0 0 0
0 0 0 0 0 0 0 0 0 0 0 0 0 0 0 0 0 0 0 0 0 0 0 0 0 0 0 0
0 0 0 0 0 0 0 0 0 0 0 0 0 0 0 0 0 0 0 0 0 0 0 0 0 0 0 0
0 0 0 0 0 0 0 0 0 0 0 0 0 0 0 0 0 0 0 0 0 0 0 0 0 0 0 0
0 0 0 0 0 0 0 0 0 0 0 0 0 0 0 0 0 0 0 0 0 0 0 0 0 0 0 0
0 0 0 0 0 0 0 0 0 0 0 0 0 0 0 0 0 0 0 0 0 0 0 0 0 0 0 0
0 0 0 0 0 0 0 0 0 0 0 0 0 0 0 0 0 0 0 0 0 0 0 0 0 0 0 0
0 0 0 0 0 0 0 0 0 0 0 0 0 0 0 0 0 0 0 0 0 0 0 0 0 0 0 0
0 0 0 0 0 0 0 0 0 0 0 0 0 0 0 0 0 0 0 0 0 0 0 0 0 0 0 0
0 0 0 0 0 0 0 0 0 0 0 0 0 0 0 0 0 0 0 0 0 0 0 0 0 0 0 0
0 0 0 0 0 0 0 0 0 0 0 0 0 0 0 0 0 0 0 0 0 0 0 0 0 0 0 0
0 0 0 0 0 0 0 0 0 0 0 0 0 0 0 0 0 0 0 0 0 0 0 0 0 0 0 0
0 0 0 0 0 0 0 0 0 0 0 0 0 0 0 0 0 0 0 0 0 0 0 0 0 0 0 0
0 0 0 0 0 0 0 0 0 0 0 0 0 0 0 0 0 0 0 0 0 0 0 0 0 0 0 0
0 0 0 0 0 0 0 0 0 0 0 0 0 0 0 0 0 0 0 0 0 0 0 0 0 0 0 0
0 0 0 0 0 0 0 0 0 0 0 0 0 0 0 0 0 0 0 0 0 0 0 0 0 0 0 0
0 0 -10
0 0 -14
0 0 -19
0 -1 -27
0 -2 0
0 -2 -2
0 -2 -16
0 -2 -24
0 -3 -10
0 -3 -13
0 -3 -20
0 -4 -14
0 -5 -3
0 -5 -11
0 -6 -12
0 -6 -27
0 -7 -4
0 -7 -5
0 -7 -8
0 -7 -22
0 -7 -23
0 -8 0
0 -8 -7
0 -8 -18
0 -9 -16
0 -10 -8
0 -10 -18
0 -10 -22
0 -11 -19
0 -12 -27
0 -13 -5
0 -13 -7
0 -14 -9
0 -15 -10
0 -16 -1
0 -16 -10
0 -16 -14
0 -16 -21
0 -17 -8
0 -18 -17
0 -18 -26
0 -18 -27
0 -19 -27
0 -20 -7
0 -20 -20
0 -20 -27
0 -21 -14
0 -21 -18
0 -21 -19
0 -21 -23
0 -21 -24
0 -22 -18
0 -23 -11
0 -23 -15
0 -24 -3
0 -24 -6
0 -24 -7
0 -25 -3
0 -25 -21
0 -26 -5
0 -26 -25
0 -27 -26
1 0 -10
1 0 -14
1 0 -19
1 -1 -27
1 -2 0
1 -2 -2
1 -2 -16
1 -2 -24
1 -3 -10
1 -3 -13
1 -3 -20
1 -4 -14
1 -5 -3
1 -5 -11
1 -6 -12
1 -6 -27
1 -7 -4
1 -7 -5
1 -7 -8
1 -7 -22
1 -7 -23
1 -8 0
1 -8 -7
1 -8 -18
1 -9 -16
1 -10 -8
1 -10 -18
1 -10 -22
1 -11 -19
1 -12 -27
1 -13 -5
1 -13 -7
1 -14 -9
1 -15 -10
1 -16 -1
1 -16 -10
1 -16 -14
1 -16 -21
1 -17 -8
1 -18 -17
1 -18 -26
1 -18 -27
1 -19 -27
1 -20 -7
1 -20 -20
1 -20 -27
1 -21 -14
1 -21 -18
1 -21 -19
1 -21 -23
1 -21 -24
1 -22 -18
1 -23 -11
1 -23 -15
1 -24 -3
1 -24 -6
1 -24 -7
1 -25 -3
1 -25 -21
1 -26 -5
1 -26 -25
1 -27 -26
2 0 -10
2 0 -14
2 0 -19
2 -1 -27
2 -2 0
2 -2 -2
2 -2 -16
2 -2 -24
2 -3 -10
2 -3 -13
2 -3 -20
2 -4 -14
2 -5 -3
2 -5 -11
2 -6 -12
2 -6 -27
2 -7 -4
2 -7 -5
2 -7 -8
2 -7 -22
2 -7 -23
2 -8 0
2 -8 -7
2 -8 -18
2 -9 -16
2 -10 -8
2 -10 -18
2 -10 -22
2 -11 -19
2 -12 -27
2 -13 -5
2 -13 -7
2 -14 -9
2 -15 -10
2 -16 -1
2 -16 -10
2 -16 -14
2 -16 -21
2 -17 -8
2 -18 -17
2 -18 -26
2 -18 -27
2 -19 -27
2 -20 -7
2 -20 -20
2 -20 -27
2 -21 -14
2 -21 -18
2 -21 -19
2 -21 -23
2 -21 -24
2 -22 -18
2 -23 -11
2 -23 -15
2 -24 -3
2 -24 -6
2 -24 -7
2 -25 -3
2 -25 -21
2 -26 -5
2 -26 -25
2 -27 -26
3 0 -10
3 0 -14
3 0 -19
3 -1 -27
3 -2 0
3 -2 -2
3 -2 -16
3 -2 -24
3 -3 -10
3 -3 -13
3 -3 -20
3 -4 -14
3 -5 -3
3 -5 -11
3 -6 -12
3 -6 -27
3 -7 -4
3 -7 -5
3 -7 -8
3 -7 -22
3 -7 -23
3 -8 0
3 -8 -7
3 -8 -18
3 -9 -16
3 -10 -8
3 -10 -18
3 -10 -22
3 -11 -19
3 -12 -27
3 -13 -5
3 -13 -7
3 -14 -9
3 -15 -10
3 -16 -1
3 -16 -10
3 -16 -14
3 -16 -21
3 -17 -8
3 -18 -17
3 -18 -26
3 -18 -27
3 -19 -27
3 -20 -7
3 -20 -20
3 -20 -27
3 -21 -14
3 -21 -18
3 -21 -19
3 -21 -23
3 -21 -24
3 -22 -18
3 -23 -11
3 -23 -15
3 -24 -3
3 -24 -6
3 -24 -7
3 -25 -3
3 -25 -21
3 -26 -5
3 -26 -25
3 -27 -26
4 0 -10
4 0 -14
4 0 -19
4 -1 -27
4 -2 0
4 -2 -2
4 -2 -16
4 -2 -24
4 -3 -10
4 -3 -13
4 -3 -20
4 -4 -14
4 -5 -3
4 -5 -11
4 -6 -12
4 -6 -27
4 -7 -4
4 -7 -5
4 -7 -8
4 -7 -22
4 -7 -23
4 -8 0
4 -8 -7
4 -8 -18
4 -9 -16
4 -10 -8
4 -10 -18
4 -10 -22
4 -11 -19
4 -12 -27
4 -13 -5
4 -13 -7
4 -14 -9
4 -15 -10
4 -16 -1
4 -16 -10
4 -16 -14
4 -16 -21
4 -17 -8
4 -18 -17
4 -18 -26
4 -18 -27
4 -19 -27
4 -20 -7
4 -20 -20
4 -20 -27
4 -21 -14
4 -21 -18
4 -21 -19
4 -21 -23
4 -21 -24
4 -22 -18
4 -23 -11
4 -23 -15
4 -24 -3
4 -24 -6
4 -24 -7
4 -25 -3
4 -25 -21
4 -26 -5
4 -26 -25
4 -27 -26
5 0 -10
5 0 -14
5 0 -19
5 -1 -27
5 -2 0
5 -2 -2
5 -2 -16
5 -2 -24
5 -3 -10
5 -3 -13
5 -3 -20
5 -4 -14
5 -5 -3
5 -5 -11
5 -6 -12
5 -6 -27
5 -7 -4
5 -7 -5
5 -7 -8
5 -7 -22
5 -7 -23
5 -8 0
5 -8 -7
5 -8 -18
5 -9 -16
5 -10 -8
5 -10 -18
5 -10 -22
5 -11 -19
5 -12 -27
5 -13 -5
5 -13 -7
5 -14 -9
5 -15 -10
5 -16 -1
5 -16 -10
5 -16 -14
5 -16 -21
5 -17 -8
5 -18 -17
5 -18 -26
5 -18 -27
5 -19 -27
5 -20 -7
5 -20 -20
5 -20 -27
5 -21 -14
5 -21 -18
5 -21 -19
5 -21 -23
5 -21 -24
5 -22 -18
5 -23 -11
5 -23 -15
5 -24 -3
5 -24 -6
5 -24 -7
5 -25 -3
5 -25 -21
5 -26 -5
5 -26 -25
5 -27 -26
6 0 -10
6 0 -14
6 0 -19
6 -1 -27
6 -2 0
6 -2 -2
6 -2 -16
6 -2 -24
6 -3 -10
6 -3 -13
6 -3 -20
6 -4 -14
6 -5 -3
6 -5 -11
6 -6 -12
6 -6 -27
6 -7 -4
6 -7 -5
6 -7 -8
6 -7 -22
6 -7 -23
6 -8 0
6 -8 -7
6 -8 -18
6 -9 -16
6 -10 -8
6 -10 -18
6 -10 -22
6 -11 -19
6 -12 -27
6 -13 -5
6 -13 -7
6 -14 -9
6 -15 -10
6 -16 -1
6 -16 -10
6 -16 -14
6 -16 -21
6 -17 -8
6 -18 -17
6 -18 -26
6 -18 -27
6 -19 -27
6 -20 -7
6 -20 -20
6 -20 -27
6 -21 -14
6 -21 -18
6 -21 -19
6 -21 -23
6 -21 -24
6 -22 -18
6 -23 -11
6 -23 -15
6 -24 -3
6 -24 -6
6 -24 -7
6 -25 -3
6 -25 -21
6 -26 -5
6 -26 -25
6 -27 -26
7 0 -10
7 0 -14
7 0 -19
7 -1 -27
7 -2 0
7 -2 -2
7 -2 -16
7 -2 -24
7 -3 -10
7 -3 -13
7 -3 -20
7 -4 -14
7 -5 -3
7 -5 -11
7 -6 -12
7 -6 -27
7 -7 -4
7 -7 -5
7 -7 -8
7 -7 -22
7 -7 -23
7 -8 0
7 -8 -7
7 -8 -18
7 -9 -16
7 -10 -8
7 -10 -18
7 -10 -22
7 -11 -19
7 -12 -27
7 -13 -5
7 -13 -7
7 -14 -9
7 -15 -10
7 -16 -1
7 -16 -10
7 -16 -14
7 -16 -21
7 -17 -8
7 -18 -17
7 -18 -26
7 -18 -27
7 -19 -27
7 -20 -7
7 -20 -20
7 -20 -27
7 -21 -14
7 -21 -18
7 -21 -19
7 -21 -23
7 -21 -24
7 -22 -18
7 -23 -11
7 -23 -15
7 -24 -3
7 -24 -6
7 -24 -7
7 -25 -3
7 -25 -21
7 -26 -5
7 -26 -25
7 -27 -26
8 0 -10
8 0 -14
8 0 -19
8 -1 -27
8 -2 0
8 -2 -2
8 -2 -16
8 -2 -24
8 -3 -10
8 -3 -13
8 -3 -20
8 -4 -14
8 -5 -3
8 -5 -11
8 -6 -12
8 -6 -27
8 -7 -4
8 -7 -5
8 -7 -8
8 -7 -22
8 -7 -23
8 -8 0
8 -8 -7
8 -8 -18
8 -9 -16
8 -10 -8
8 -10 -18
8 -10 -22
8 -11 -19
8 -12 -27
8 -13 -5
8 -13 -7
8 -14 -9
8 -15 -10
8 -16 -1
8 -16 -10
8 -16 -14
8 -16 -21
8 -17 -8
8 -18 -17
8 -18 -26
8 -18 -27
8 -19 -27
8 -20 -7
8 -20 -20
8 -20 -27
8 -21 -14
8 -21 -18
8 -21 -19
8 -21 -23
8 -21 -24
8 -22 -18
8 -23 -11
8 -23 -15
8 -24 -3
8 -24 -6
8 -24 -7
8 -25 -3
8 -25 -21
8 -26 -5
8 -26 -25
8 -27 -26
9 0 -10
9 0 -14
9 0 -19
9 -1 -27
9 -2 0
9 -2 -2
9 -2 -16
9 -2 -24
9 -3 -10
9 -3 -13
9 -3 -20
9 -4 -14
9 -5 -3
9 -5 -11
9 -6 -12
9 -6 -27
9 -7 -4
9 -7 -5
9 -7 -8
9 -7 -22
9 -7 -23
9 -8 0
9 -8 -7
9 -8 -18
9 -9 -16
9 -10 -8
9 -10 -18
9 -10 -22
9 -11 -19
9 -12 -27
9 -13 -5
9 -13 -7
9 -14 -9
9 -15 -10
9 -16 -1
9 -16 -10
9 -16 -14
9 -16 -21
9 -17 -8
9 -18 -17
9 -18 -26
9 -18 -27
9 -19 -27
9 -20 -7
9 -20 -20
9 -20 -27
9 -21 -14
9 -21 -18
9 -21 -19
9 -21 -23
9 -21 -24
9 -22 -18
9 -23 -11
9 -23 -15
9 -24 -3
9 -24 -6
9 -24 -7
9 -25 -3
9 -25 -21
9 -26 -5
9 -26 -25
9 -27 -26
10 0 -10
10 0 -14
10 0 -19
10 -1 -27
10 -2 0
10 -2 -2
10 -2 -16
10 -2 -24
10 -3 -10
10 -3 -13
10 -3 -20
10 -4 -14
10 -5 -3
10 -5 -11
10 -6 -12
10 -6 -27
10 -7 -4
10 -7 -5
10 -7 -8
10 -7 -22
10 -7 -23
10 -8 0
10 -8 -7
10 -8 -18
10 -9 -16
10 -10 -8
10 -10 -18
10 -10 -22
10 -11 -19
10 -12 -27
10 -13 -5
10 -13 -7
10 -14 -9
10 -15 -10
10 -16 -1
10 -16 -10
10 -16 -14
10 -16 -21
10 -17 -8
10 -18 -17
10 -18 -26
10 -18 -27
10 -19 -27
10 -20 -7
10 -20 -20
10 -20 -27
10 -21 -14
10 -21 -18
10 -21 -19
10 -21 -23
10 -21 -24
10 -22 -18
10 -23 -11
10 -23 -15
10 -24 -3
10 -24 -6
10 -24 -7
10 -25 -3
10 -25 -21
10 -26 -5
10 -26 -25
10 -27 -26
11 0 -10
11 0 -14
11 0 -19
11 -1 -27
11 -2 0
11 -2 -2
11 -2 -16
11 -2 -24
11 -3 -10
11 -3 -13
11 -3 -20
11 -4 -14
11 -5 -3
11 -5 -11
11 -6 -12
11 -6 -27
11 -7 -4
11 -7 -5
11 -7 -8
11 -7 -22
11 -7 -23
11 -8 0
11 -8 -7
11 -8 -18
11 -9 -16
11 -10 -8
11 -10 -18
11 -10 -22
11 -11 -19
11 -12 -27
11 -13 -5
11 -13 -7
11 -14 -9
11 -15 -10
11 -16 -1
11 -16 -10
11 -16 -14
11 -16 -21
11 -17 -8
11 -18 -17
11 -18 -26
11 -18 -27
11 -19 -27
11 -20 -7
11 -20 -20
11 -20 -27
11 -21 -14
11 -21 -18
11 -21 -19
11 -21 -23
11 -21 -24
11 -22 -18
11 -23 -11
11 -23 -15
11 -24 -3
11 -24 -6
11 -24 -7
11 -25 -3
11 -25 -21
11 -26 -5
11 -26 -25
11 -27 -26
12 0 -10
12 0 -14
12 0 -19
12 -1 -27
12 -2 0
12 -2 -2
12 -2 -16
12 -2 -24
12 -3 -10
12 -3 -13
12 -3 -20
12 -4 -14
12 -5 -3
12 -5 -11
12 -6 -12
12 -6 -27
12 -7 -4
12 -7 -5
12 -7 -8
12 -7 -22
12 -7 -23
12 -8 0
12 -8 -7
12 -8 -18
12 -9 -16
12 -10 -8
12 -10 -18
12 -10 -22
12 -11 -19
12 -12 -27
12 -13 -5
12 -13 -7
12 -14 -9
12 -15 -10
12 -16 -1
12 -16 -10
12 -16 -14
12 -16 -21
12 -17 -8
12 -18 -17
12 -18 -26
12 -18 -27
12 -19 -27
12 -20 -7
12 -20 -20
12 -20 -27
12 -21 -14
12 -21 -18
12 -21 -19
12 -21 -23
12 -21 -24
12 -22 -18
12 -23 -11
12 -23 -15
12 -24 -3
12 -24 -6
12 -24 -7
12 -25 -3
12 -25 -21
12 -26 -5
12 -26 -25
12 -27 -26
13 0 -10
13 0 -14
13 0 -19
13 -1 -27
13 -2 0
13 -2 -2
13 -2 -16
13 -2 -24
13 -3 -10
13 -3 -13
13 -3 -20
13 -4 -14
13 -5 -3
13 -5 -11
13 -6 -12
13 -6 -27
13 -7 -4
13 -7 -5
13 -7 -8
13 -7 -22
13 -7 -23
13 -8 0
13 -8 -7
13 -8 -18
13 -9 -16
13 -10 -8
13 -10 -18
13 -10 -22
13 -11 -19
13 -12 -27
13 -13 -5
13 -13 -7
13 -14 -9
13 -15 -10
13 -16 -1
13 -16 -10
13 -16 -14
13 -16 -21
13 -17 -8
13 -18 -17
13 -18 -26
13 -18 -27
13 -19 -27
13 -20 -7
13 -20 -20
13 -20 -27
13 -21 -14
13 -21 -18
13 -21 -19
13 -21 -23
13 -21 -24
13 -22 -18
13 -23 -11
13 -23 -15
13 -24 -3
13 -24 -6
13 -24 -7
13 -25 -3
13 -25 -21
13 -26 -5
13 -26 -25
13 -27 -26
14 0 -10
14 0 -14
14 0 -19
14 -1 -27
14 -2 0
14 -2 -2
14 -2 -16
14 -2 -24
14 -3 -10
14 -3 -13
14 -3 -20
14 -4 -14
14 -5 -3
14 -5 -11
14 -6 -12
14 -6 -27
14 -7 -4
14 -7 -5
14 -7 -8
14 -7 -22
14 -7 -23
14 -8 0
14 -8 -7
14 -8 -18
14 -9 -16
14 -10 -8
14 -10 -18
14 -10 -22
14 -11 -19
14 -12 -27
14 -13 -5
14 -13 -7
14 -14 -9
14 -15 -10
14 -16 -1
14 -16 -10
14 -16 -14
14 -16 -21
14 -17 -8
14 -18 -17
14 -18 -26
14 -18 -27
14 -19 -27
14 -20 -7
14 -20 -20
14 -20 -27
14 -21 -14
14 -21 -18
14 -21 -19
14 -21 -23
14 -21 -24
14 -22 -18
14 -23 -11
14 -23 -15
14 -24 -3
14 -24 -6
14 -24 -7
14 -25 -3
14 -25 -21
14 -26 -5
14 -26 -25
14 -27 -26
15 0 -10
15 0 -14
15 0 -19
15 -1 -27
15 -2 0
15 -2 -2
15 -2 -16
15 -2 -24
15 -3 -10
15 -3 -13
15 -3 -20
15 -4 -14
15 -5 -3
15 -5 -11
15 -6 -12
15 -6 -27
15 -7 -4
15 -7 -5
15 -7 -8
15 -7 -22
15 -7 -23
15 -8 0
15 -8 -7
15 -8 -18
15 -9 -16
15 -10 -8
15 -10 -18
15 -10 -22
15 -11 -19
15 -12 -27
15 -13 -5
15 -13 -7
15 -14 -9
15 -15 -10
15 -16 -1
15 -16 -10
15 -16 -14
15 -16 -21
15 -17 -8
15 -18 -17
15 -18 -26
15 -18 -27
15 -19 -27
15 -20 -7
15 -20 -20
15 -20 -27
15 -21 -14
15 -21 -18
15 -21 -19
15 -21 -23
15 -21 -24
15 -22 -18
15 -23 -11
15 -23 -15
15 -24 -3
15 -24 -6
15 -24 -7
15 -25 -3
15 -25 -21
15 -26 -5
15 -26 -25
15 -27 -26
16 0 -10
16 0 -14
16 0 -19
16 -1 -27
16 -2 0
16 -2 -2
16 -2 -16
16 -2 -24
16 -3 -10
16 -3 -13
16 -3 -20
16 -4 -14
16 -5 -3
16 -5 -11
16 -6 -12
16 -6 -27
16 -7 -4
16 -7 -5
16 -7 -8
16 -7 -22
16 -7 -23
16 -8 0
16 -8 -7
16 -8 -18
16 -9 -16
16 -10 -8
16 -10 -18
16 -10 -22
16 -11 -19
16 -12 -27
16 -13 -5
16 -13 -7
16 -14 -9
16 -15 -10
16 -16 -1
16 -16 -10
16 -16 -14
16 -16 -21
16 -17 -8
16 -18 -17
16 -18 -26
16 -18 -27
16 -19 -27
16 -20 -7
16 -20 -20
16 -20 -27
16 -21 -14
16 -21 -18
16 -21 -19
16 -21 -23
16 -21 -24
16 -22 -18
16 -23 -11
16 -23 -15
16 -24 -3
16 -24 -6
16 -24 -7
16 -25 -3
16 -25 -21
16 -26 -5
16 -26 -25
16 -27 -26
17 0 -10
17 0 -14
17 0 -19
17 -1 -27
17 -2 0
17 -2 -2
17 -2 -16
17 -2 -24
17 -3 -10
17 -3 -13
17 -3 -20
17 -4 -14
17 -5 -3
17 -5 -11
17 -6 -12
17 -6 -27
17 -7 -4
17 -7 -5
17 -7 -8
17 -7 -22
17 -7 -23
17 -8 0
17 -8 -7
17 -8 -18
17 -9 -16
17 -10 -8
17 -10 -18
17 -10 -22
17 -11 -19
17 -12 -27
17 -13 -5
17 -13 -7
17 -14 -9
17 -15 -10
17 -16 -1
17 -16 -10
17 -16 -14
17 -16 -21
17 -17 -8
17 -18 -17
17 -18 -26
17 -18 -27
17 -19 -27
17 -20 -7
17 -20 -20
17 -20 -27
17 -21 -14
17 -21 -18
17 -21 -19
17 -21 -23
17 -21 -24
17 -22 -18
17 -23 -11
17 -23 -15
17 -24 -3
17 -24 -6
17 -24 -7
17 -25 -3
17 -25 -21
17 -26 -5
17 -26 -25
17 -27 -26
18 0 -10
18 0 -14
18 0 -19
18 -1 -27
18 -2 0
18 -2 -2
18 -2 -16
18 -2 -24
18 -3 -10
18 -3 -13
18 -3 -20
18 -4 -14
18 -5 -3
18 -5 -11
18 -6 -12
18 -6 -27
18 -7 -4
18 -7 -5
18 -7 -8
18 -7 -22
18 -7 -23
18 -8 0
18 -8 -7
18 -8 -18
18 -9 -16
18 -10 -8
18 -10 -18
18 -10 -22
18 -11 -19
18 -12 -27
18 -13 -5
18 -13 -7
18 -14 -9
18 -15 -10
18 -16 -1
18 -16 -10
18 -16 -14
18 -16 -21
18 -17 -8
18 -18 -17
18 -18 -26
18 -18 -27
18 -19 -27
18 -20 -7
18 -20 -20
18 -20 -27
18 -21 -14
18 -21 -18
18 -21 -19
18 -21 -23
18 -21 -24
18 -22 -18
18 -23 -11
18 -23 -15
18 -24 -3
18 -24 -6
18 -24 -7
18 -25 -3
18 -25 -21
18 -26 -5
18 -26 -25
18 -27 -26
19 0 -10
19 0 -14
19 0 -19
19 -1 -27
19 -2 0
19 -2 -2
19 -2 -16
19 -2 -24
19 -3 -10
19 -3 -13
19 -3 -20
19 -4 -14
19 -5 -3
19 -5 -11
19 -6 -12
19 -6 -27
19 -7 -4
19 -7 -5
19 -7 -8
19 -7 -22
19 -7 -23
19 -8 0
19 -8 -7
19 -8 -18
19 -9 -16
19 -10 -8
19 -10 -18
19 -10 -22
19 -11 -19
19 -12 -27
19 -13 -5
19 -13 -7
19 -14 -9
19 -15 -10
19 -16 -1
19 -16 -10
19 -16 -14
19 -16 -21
19 -17 -8
19 -18 -17
19 -18 -26
19 -18 -27
19 -19 -27
19 -20 -7
19 -20 -20
19 -20 -27
19 -21 -14
19 -21 -18
19 -21 -19
19 -21 -23
19 -21 -24
19 -22 -18
19 -23 -11
19 -23 -15
19 -24 -3
19 -24 -6
19 -24 -7
19 -25 -3
19 -25 -21
19 -26 -5
19 -26 -25
19 -27 -26
20 0 -10
20 0 -14
20 0 -19
20 -1 -27
20 -2 0
20 -2 -2
20 -2 -16
20 -2 -24
20 -3 -10
20 -3 -13
20 -3 -20
20 -4 -14
20 -5 -3
20 -5 -11
20 -6 -12
20 -6 -27
20 -7 -4
20 -7 -5
20 -7 -8
20 -7 -22
20 -7 -23
20 -8 0
20 -8 -7
20 -8 -18
20 -9 -16
20 -10 -8
20 -10 -18
20 -10 -22
20 -11 -19
20 -12 -27
20 -13 -5
20 -13 -7
20 -14 -9
20 -15 -10
20 -16 -1
20 -16 -10
20 -16 -14
20 -16 -21
20 -17 -8
20 -18 -17
20 -18 -26
20 -18 -27
20 -19 -27
20 -20 -7
20 -20 -20
20 -20 -27
20 -21 -14
20 -21 -18
20 -21 -19
20 -21 -23
20 -21 -24
20 -22 -18
20 -23 -11
20 -23 -15
20 -24 -3
20 -24 -6
20 -24 -7
20 -25 -3
20 -25 -21
20 -26 -5
20 -26 -25
20 -27 -26
21 0 -10
21 0 -14
21 0 -19
21 -1 -27
21 -2 0
21 -2 -2
21 -2 -16
21 -2 -24
21 -3 -10
21 -3 -13
21 -3 -20
21 -4 -14
21 -5 -3
21 -5 -11
21 -6 -12
21 -6 -27
21 -7 -4
21 -7 -5
21 -7 -8
21 -7 -22
21 -7 -23
21 -8 0
21 -8 -7
21 -8 -18
21 -9 -16
21 -10 -8
21 -10 -18
21 -10 -22
21 -11 -19
21 -12 -27
21 -13 -5
21 -13 -7
21 -14 -9
21 -15 -10
21 -16 -1
21 -16 -10
21 -16 -14
21 -16 -21
21 -17 -8
21 -18 -17
21 -18 -26
21 -18 -27
21 -19 -27
21 -20 -7
21 -20 -20
21 -20 -27
21 -21 -14
21 -21 -18
21 -21 -19
21 -21 -23
21 -21 -24
21 -22 -18
21 -23 -11
21 -23 -15
21 -24 -3
21 -24 -6
21 -24 -7
21 -25 -3
21 -25 -21
21 -26 -5
21 -26 -25
21 -27 -26
22 0 -10
22 0 -14
22 0 -19
22 -1 -27
22 -2 0
22 -2 -2
22 -2 -16
22 -2 -24
22 -3 -10
22 -3 -13
22 -3 -20
22 -4 -14
22 -5 -3
22 -5 -11
22 -6 -12
22 -6 -27
22 -7 -4
22 -7 -5
22 -7 -8
22 -7 -22
22 -7 -23
22 -8 0
22 -8 -7
22 -8 -18
22 -9 -16
22 -10 -8
22 -10 -18
22 -10 -22
22 -11 -19
22 -12 -27
22 -13 -5
22 -13 -7
22 -14 -9
22 -15 -10
22 -16 -1
22 -16 -10
22 -16 -14
22 -16 -21
22 -17 -8
22 -18 -17
22 -18 -26
22 -18 -27
22 -19 -27
22 -20 -7
22 -20 -20
22 -20 -27
22 -21 -14
22 -21 -18
22 -21 -19
22 -21 -23
22 -21 -24
22 -22 -18
22 -23 -11
22 -23 -15
22 -24 -3
22 -24 -6
22 -24 -7
22 -25 -3
22 -25 -21
22 -26 -5
22 -26 -25
22 -27 -26
23 0 -10
23 0 -14
23 0 -19
23 -1 -27
23 -2 0
23 -2 -2
23 -2 -16
23 -2 -24
23 -3 -10
23 -3 -13
23 -3 -20
23 -4 -14
23 -5 -3
23 -5 -11
23 -6 -12
23 -6 -27
23 -7 -4
23 -7 -5
23 -7 -8
23 -7 -22
23 -7 -23
23 -8 0
23 -8 -7
23 -8 -18
23 -9 -16
23 -10 -8
23 -10 -18
23 -10 -22
23 -11 -19
23 -12 -27
23 -13 -5
23 -13 -7
23 -14 -9
23 -15 -10
23 -16 -1
23 -16 -10
23 -16 -14
23 -16 -21
23 -17 -8
23 -18 -17
23 -18 -26
23 -18 -27
23 -19 -27
23 -20 -7
23 -20 -20
23 -20 -27
23 -21 -14
23 -21 -18
23 -21 -19
23 -21 -23
23 -21 -24
23 -22 -18
23 -23 -11
23 -23 -15
23 -24 -3
23 -24 -6
23 -24 -7
23 -25 -3
23 -25 -21
23 -26 -5
23 -26 -25
23 -27 -26
24 0 -10
24 0 -14
24 0 -19
24 -1 -27
24 -2 0
24 -2 -2
24 -2 -16
24 -2 -24
24 -3 -10
24 -3 -13
24 -3 -20
24 -4 -14
24 -5 -3
24 -5 -11
24 -6 -12
24 -6 -27
24 -7 -4
24 -7 -5
24 -7 -8
24 -7 -22
24 -7 -23
24 -8 0
24 -8 -7
24 -8 -18
24 -9 -16
24 -10 -8
24 -10 -18
24 -10 -22
24 -11 -19
24 -12 -27
24 -13 -5
24 -13 -7
24 -14 -9
24 -15 -10
24 -16 -1
24 -16 -10
24 -16 -14
24 -16 -21
24 -17 -8
24 -18 -17
24 -18 -26
24 -18 -27
24 -19 -27
24 -20 -7
24 -20 -20
24 -20 -27
24 -21 -14
24 -21 -18
24 -21 -19
24 -21 -23
24 -21 -24
24 -22 -18
24 -23 -11
24 -23 -15
24 -24 -3
24 -24 -6
24 -24 -7
24 -25 -3
24 -25 -21
24 -26 -5
24 -26 -25
24 -27 -26
25 0 -10
25 0 -14
25 0 -19
25 -1 -27
25 -2 0
25 -2 -2
25 -2 -16
25 -2 -24
25 -3 -10
25 -3 -13
25 -3 -20
25 -4 -14
25 -5 -3
25 -5 -11
25 -6 -12
25 -6 -27
25 -7 -4
25 -7 -5
25 -7 -8
25 -7 -22
25 -7 -23
25 -8 0
25 -8 -7
25 -8 -18
25 -9 -16
25 -10 -8
25 -10 -18
25 -10 -22
25 -11 -19
25 -12 -27
25 -13 -5
25 -13 -7
25 -14 -9
25 -15 -10
25 -16 -1
25 -16 -10
25 -16 -14
25 -16 -21
25 -17 -8
25 -18 -17
25 -18 -26
25 -18 -27
25 -19 -27
25 -20 -7
25 -20 -20
25 -20 -27
25 -21 -14
25 -21 -18
25 -21 -19
25 -21 -23
25 -21 -24
25 -22 -18
25 -23 -11
25 -23 -15
25 -24 -3
25 -24 -6
25 -24 -7
25 -25 -3
25 -25 -21
25 -26 -5
25 -26 -25
25 -27 -26
26 0 -10
26 0 -14
26 0 -19
26 -1 -27
26 -2 0
26 -2 -2
26 -2 -16
26 -2 -24
26 -3 -10
26 -3 -13
26 -3 -20
26 -4 -14
26 -5 -3
26 -5 -11
26 -6 -12
26 -6 -27
26 -7 -4
26 -7 -5
26 -7 -8
26 -7 -22
26 -7 -23
26 -8 0
26 -8 -7
26 -8 -18
26 -9 -16
26 -10 -8
26 -10 -18
26 -10 -22
26 -11 -19
26 -12 -27
26 -13 -5
26 -13 -7
26 -14 -9
26 -15 -10
26 -16 -1
26 -16 -10
26 -16 -14
26 -16 -21
26 -17 -8
26 -18 -17
26 -18 -26
26 -18 -27
26 -19 -27
26 -20 -7
26 -20 -20
26 -20 -27
26 -21 -14
26 -21 -18
26 -21 -19
26 -21 -23
26 -21 -24
26 -22 -18
26 -23 -11
26 -23 -15
26 -24 -3
26 -24 -6
26 -24 -7
26 -25 -3
26 -25 -21
26 -26 -5
26 -26 -25
26 -27 -26
27 0 -10
27 0 -14
27 0 -19
27 -1 -27
27 -2 0
27 -2 -2
27 -2 -16
27 -2 -24
27 -3 -10
27 -3 -13
27 -3 -20
27 -4 -14
27 -5 -3
27 -5 -11
27 -6 -12
27 -6 -27
27 -7 -4
27 -7 -5
27 -7 -8
27 -7 -22
27 -7 -23
27 -8 0
27 -8 -7
27 -8 -18
27 -9 -16
27 -10 -8
27 -10 -18
27 -10 -22
27 -11 -19
27 -12 -27
27 -13 -5
27 -13 -7
27 -14 -9
27 -15 -10
27 -16 -1
27 -16 -10
27 -16 -14
27 -16 -21
27 -17 -8
27 -18 -17
27 -18 -26
27 -18 -27
27 -19 -27
27 -20 -7
27 -20 -20
27 -20 -27
27 -21 -14
27 -21 -18
27 -21 -19
27 -21 -23
27 -21 -24
27 -22 -18
27 -23 -11
27 -23 -15
27 -24 -3
27 -24 -6
27 -24 -7
27 -25 -3
27 -25 -21
27 -26 -5
27 -26 -25
27 -27 -26
28 0 -10
28 0 -14
28 0 -19
28 -1 -27
28 -2 0
28 -2 -2
28 -2 -16
28 -2 -24
28 -3 -10
28 -3 -13
28 -3 -20
28 -4 -14
28 -5 -3
28 -5 -11
28 -6 -12
28 -6 -27
28 -7 -4
28 -7 -5
28 -7 -8
28 -7 -22
28 -7 -23
28 -8 0
28 -8 -7
28 -8 -18
28 -9 -16
28 -10 -8
28 -10 -18
28 -10 -22
28 -11 -19
28 -12 -27
28 -13 -5
28 -13 -7
28 -14 -9
28 -15 -10
28 -16 -1
28 -16 -10
28 -16 -14
28 -16 -21
28 -17 -8
28 -18 -17
28 -18 -26
28 -18 -27
28 -19 -27
28 -20 -7
28 -20 -20
28 -20 -27
28 -21 -14
28 -21 -18
28 -21 -19
28 -21 -23
28 -21 -24
28 -22 -18
28 -23 -11
28 -23 -15
28 -24 -3
28 -24 -6
28 -24 -7
28 -25 -3
28 -25 -21
28 -26 -5
28 -26 -25
28 -27 -26
29 0 -10
29 0 -14
29 0 -19
29 -1 -27
29 -2 0
29 -2 -2
29 -2 -16
29 -2 -24
29 -3 -10
29 -3 -13
29 -3 -20
29 -4 -14
29 -5 -3
29 -5 -11
29 -6 -12
29 -6 -27
29 -7 -4
29 -7 -5
29 -7 -8
29 -7 -22
29 -7 -23
29 -8 0
29 -8 -7
29 -8 -18
29 -9 -16
29 -10 -8
29 -10 -18
29 -10 -22
29 -11 -19
29 -12 -27
29 -13 -5
29 -13 -7
29 -14 -9
29 -15 -10
29 -16 -1
29 -16 -10
29 -16 -14
29 -16 -21
29 -17 -8
29 -18 -17
29 -18 -26
29 -18 -27
29 -19 -27
29 -20 -7
29 -20 -20
29 -20 -27
29 -21 -14
29 -21 -18
29 -21 -19
29 -21 -23
29 -21 -24
29 -22 -18
29 -23 -11
29 -23 -15
29 -24 -3
29 -24 -6
29 -24 -7
29 -25 -3
29 -25 -21
29 -26 -5
29 -26 -25
29 -27 -26
30 0 -10
30 0 -14
30 0 -19
30 -1 -27
30 -2 0
30 -2 -2
30 -2 -16
30 -2 -24
30 -3 -10
30 -3 -13
30 -3 -20
30 -4 -14
30 -5 -3
30 -5 -11
30 -6 -12
30 -6 -27
30 -7 -4
30 -7 -5
30 -7 -8
30 -7 -22
30 -7 -23
30 -8 0
30 -8 -7
30 -8 -18
30 -9 -16
30 -10 -8
30 -10 -18
30 -10 -22
30 -11 -19
30 -12 -27
30 -13 -5
30 -13 -7
30 -14 -9
30 -15 -10
30 -16 -1
30 -16 -10
30 -16 -14
30 -16 -21
30 -17 -8
30 -18 -17
30 -18 -26
30 -18 -27
30 -19 -27
30 -20 -7
30 -20 -20
30 -20 -27
30 -21 -14
30 -21 -18
30 -21 -19
30 -21 -23
30 -21 -24
30 -22 -18
30 -23 -11
30 -23 -15
30 -24 -3
30 -24 -6
30 -24 -7
30 -25 -3
30 -25 -21
30 -26 -5
30 -26 -25
30 -27 -26
31 0 -10
31 0 -14
31 0 -19
31 -1 -27
31 -2 0
31 -2 -2
31 -2 -16
31 -2 -24
31 -3 -10
31 -3 -13
31 -3 -20
31 -4 -14
31 -5 -3
31 -5 -11
31 -6 -12
31 -6 -27
31 -7 -4
31 -7 -5
31 -7 -8
31 -7 -22
31 -7 -23
31 -8 0
31 -8 -7
31 -8 -18
31 -9 -16
31 -10 -8
31 -10 -18
31 -10 -22
31 -11 -19
31 -12 -27
31 -13 -5
31 -13 -7
31 -14 -9
31 -15 -10
31 -16 -1
31 -16 -10
31 -16 -14
31 -16 -21
31 -17 -8
31 -18 -17
31 -18 -26
31 -18 -27
31 -19 -27
31 -20 -7
31 -20 -20
31 -20 -27
31 -21 -14
31 -21 -18
31 -21 -19
31 -21 -23
31 -21 -24
31 -22 -18
31 -23 -11
31 -23 -15
31 -24 -3
31 -24 -6
31 -24 -7
31 -25 -3
31 -25 -21
31 -26 -5
31 -26 -25
31 -27 -26
32 0 -10
32 0 -14
32 0 -19
32 -1 -27
32 -2 0
32 -2 -2
32 -2 -16
32 -2 -24
32 -3 -10
32 -3 -13
32 -3 -20
32 -4 -14
32 -5 -3
32 -5 -11
32 -6 -12
32 -6 -27
32 -7 -4
32 -7 -5
32 -7 -8
32 -7 -22
32 -7 -23
32 -8 0
32 -8 -7
32 -8 -18
32 -9 -16
32 -10 -8
32 -10 -18
32 -10 -22
32 -11 -19
32 -12 -27
32 -13 -5
32 -13 -7
32 -14 -9
32 -15 -10
32 -16 -1
32 -16 -10
32 -16 -14
32 -16 -21
32 -17 -8
32 -18 -17
32 -18 -26
32 -18 -27
32 -19 -27
32 -20 -7
32 -20 -20
32 -20 -27
32 -21 -14
32 -21 -18
32 -21 -19
32 -21 -23
32 -21 -24
32 -22 -18
32 -23 -11
32 -23 -15
32 -24 -3
32 -24 -6
32 -24 -7
32 -25 -3
32 -25 -21
32 -26 -5
32 -26 -25
32 -27 -26
33 0 -10
33 0 -14
33 0 -19
33 -1 -27
33 -2 0
33 -2 -2
33 -2 -16
33 -2 -24
33 -3 -10
33 -3 -13
33 -3 -20
33 -4 -14
33 -5 -3
33 -5 -11
33 -6 -12
33 -6 -27
33 -7 -4
33 -7 -5
33 -7 -8
33 -7 -22
33 -7 -23
33 -8 0
33 -8 -7
33 -8 -18
33 -9 -16
33 -10 -8
33 -10 -18
33 -10 -22
33 -11 -19
33 -12 -27
33 -13 -5
33 -13 -7
33 -14 -9
33 -15 -10
33 -16 -1
33 -16 -10
33 -16 -14
33 -16 -21
33 -17 -8
33 -18 -17
33 -18 -26
33 -18 -27
33 -19 -27
33 -20 -7
33 -20 -20
33 -20 -27
33 -21 -14
33 -21 -18
33 -21 -19
33 -21 -23
33 -21 -24
33 -22 -18
33 -23 -11
33 -23 -15
33 -24 -3
33 -24 -6
33 -24 -7
33 -25 -3
33 -25 -21
33 -26 -5
33 -26 -25
33 -27 -26
34 0 -10
34 0 -14
34 0 -19
34 -1 -27
34 -2 0
34 -2 -2
34 -2 -16
34 -2 -24
34 -3 -10
34 -3 -13
34 -3 -20
34 -4 -14
34 -5 -3
34 -5 -11
34 -6 -12
34 -6 -27
34 -7 -4
34 -7 -5
34 -7 -8
34 -7 -22
34 -7 -23
34 -8 0
34 -8 -7
34 -8 -18
34 -9 -16
34 -10 -8
34 -10 -18
34 -10 -22
34 -11 -19
34 -12 -27
34 -13 -5
34 -13 -7
34 -14 -9
34 -15 -10
34 -16 -1
34 -16 -10
34 -16 -14
34 -16 -21
34 -17 -8
34 -18 -17
34 -18 -26
34 -18 -27
34 -19 -27
34 -20 -7
34 -20 -20
34 -20 -27
34 -21 -14
34 -21 -18
34 -21 -19
34 -21 -23
34 -21 -24
34 -22 -18
34 -23 -11
34 -23 -15
34 -24 -3
34 -24 -6
34 -24 -7
34 -25 -3
34 -25 -21
34 -26 -5
34 -26 -25
34 -27 -26
35 0 -10
35 0 -14
35 0 -19
35 -1 -27
35 -2 0
35 -2 -2
35 -2 -16
35 -2 -24
35 -3 -10
35 -3 -13
35 -3 -20
35 -4 -14
35 -5 -3
35 -5 -11
35 -6 -12
35 -6 -27
35 -7 -4
35 -7 -5
35 -7 -8
35 -7 -22
35 -7 -23
35 -8 0
35 -8 -7
35 -8 -18
35 -9 -16
35 -10 -8
35 -10 -18
35 -10 -22
35 -11 -19
35 -12 -27
35 -13 -5
35 -13 -7
35 -14 -9
35 -15 -10
35 -16 -1
35 -16 -10
35 -16 -14
35 -16 -21
35 -17 -8
35 -18 -17
35 -18 -26
35 -18 -27
35 -19 -27
35 -20 -7
35 -20 -20
35 -20 -27
35 -21 -14
35 -21 -18
35 -21 -19
35 -21 -23
35 -21 -24
35 -22 -18
35 -23 -11
35 -23 -15
35 -24 -3
35 -24 -6
35 -24 -7
35 -25 -3
35 -25 -21
35 -26 -5
35 -26 -25
35 -27 -26
36 0 -10
36 0 -14
36 0 -19
36 -1 -27
36 -2 0
36 -2 -2
36 -2 -16
36 -2 -24
36 -3 -10
36 -3 -13
36 -3 -20
36 -4 -14
36 -5 -3
36 -5 -11
36 -6 -12
36 -6 -27
36 -7 -4
36 -7 -5
36 -7 -8
36 -7 -22
36 -7 -23
36 -8 0
36 -8 -7
36 -8 -18
36 -9 -16
36 -10 -8
36 -10 -18
36 -10 -22
36 -11 -19
36 -12 -27
36 -13 -5
36 -13 -7
36 -14 -9
36 -15 -10
36 -16 -1
36 -16 -10
36 -16 -14
36 -16 -21
36 -17 -8
36 -18 -17
36 -18 -26
36 -18 -27
36 -19 -27
36 -20 -7
36 -20 -20
36 -20 -27
36 -21 -14
36 -21 -18
36 -21 -19
36 -21 -23
36 -21 -24
36 -22 -18
36 -23 -11
36 -23 -15
36 -24 -3
36 -24 -6
36 -24 -7
36 -25 -3
36 -25 -21
36 -26 -5
36 -26 -25
36 -27 -26
37 0 -10
37 0 -14
37 0 -19
37 -1 -27
37 -2 0
37 -2 -2
37 -2 -16
37 -2 -24
37 -3 -10
37 -3 -13
37 -3 -20
37 -4 -14
37 -5 -3
37 -5 -11
37 -6 -12
37 -6 -27
37 -7 -4
37 -7 -5
37 -7 -8
37 -7 -22
37 -7 -23
37 -8 0
37 -8 -7
37 -8 -18
37 -9 -16
37 -10 -8
37 -10 -18
37 -10 -22
37 -11 -19
37 -12 -27
37 -13 -5
37 -13 -7
37 -14 -9
37 -15 -10
37 -16 -1
37 -16 -10
37 -16 -14
37 -16 -21
37 -17 -8
37 -18 -17
37 -18 -26
37 -18 -27
37 -19 -27
37 -20 -7
37 -20 -20
37 -20 -27
37 -21 -14
37 -21 -18
37 -21 -19
37 -21 -23
37 -21 -24
37 -22 -18
37 -23 -11
37 -23 -15
37 -24 -3
37 -24 -6
37 -24 -7
37 -25 -3
37 -25 -21
37 -26 -5
37 -26 -25
37 -27 -26
38 0 -10
38 0 -14
38 0 -19
38 -1 -27
38 -2 0
38 -2 -2
38 -2 -16
38 -2 -24
38 -3 -10
38 -3 -13
38 -3 -20
38 -4 -14
38 -5 -3
38 -5 -11
38 -6 -12
38 -6 -27
38 -7 -4
38 -7 -5
38 -7 -8
38 -7 -22
38 -7 -23
38 -8 0
38 -8 -7
38 -8 -18
38 -9 -16
38 -10 -8
38 -10 -18
38 -10 -22
38 -11 -19
38 -12 -27
38 -13 -5
38 -13 -7
38 -14 -9
38 -15 -10
38 -16 -1
38 -16 -10
38 -16 -14
38 -16 -21
38 -17 -8
38 -18 -17
38 -18 -26
38 -18 -27
38 -19 -27
38 -20 -7
38 -20 -20
38 -20 -27
38 -21 -14
38 -21 -18
38 -21 -19
38 -21 -23
38 -21 -24
38 -22 -18
38 -23 -11
38 -23 -15
38 -24 -3
38 -24 -6
38 -24 -7
38 -25 -3
38 -25 -21
38 -26 -5
38 -26 -25
38 -27 -26
39 0 -10
39 0 -14
39 0 -19
39 -1 -27
39 -2 0
39 -2 -2
39 -2 -16
39 -2 -24
39 -3 -10
39 -3 -13
39 -3 -20
39 -4 -14
39 -5 -3
39 -5 -11
39 -6 -12
39 -6 -27
39 -7 -4
39 -7 -5
39 -7 -8
39 -7 -22
39 -7 -23
39 -8 0
39 -8 -7
39 -8 -18
39 -9 -16
39 -10 -8
39 -10 -18
39 -10 -22
39 -11 -19
39 -12 -27
39 -13 -5
39 -13 -7
39 -14 -9
39 -15 -10
39 -16 -1
39 -16 -10
39 -16 -14
39 -16 -21
39 -17 -8
39 -18 -17
39 -18 -26
39 -18 -27
39 -19 -27
39 -20 -7
39 -20 -20
39 -20 -27
39 -21 -14
39 -21 -18
39 -21 -19
39 -21 -23
39 -21 -24
39 -22 -18
39 -23 -11
39 -23 -15
39 -24 -3
39 -24 -6
39 -24 -7
39 -25 -3
39 -25 -21
39 -26 -5
39 -26 -25
39 -27 -26
40 0 -10
40 0 -14
40 0 -19
40 -1 -27
40 -2 0
40 -2 -2
40 -2 -16
40 -2 -24
40 -3 -10
40 -3 -13
40 -3 -20
40 -4 -14
40 -5 -3
40 -5 -11
40 -6 -12
40 -6 -27
40 -7 -4
40 -7 -5
40 -7 -8
40 -7 -22
40 -7 -23
40 -8 0
40 -8 -7
40 -8 -18
40 -9 -16
40 -10 -8
40 -10 -18
40 -10 -22
40 -11 -19
40 -12 -27
40 -13 -5
40 -13 -7
40 -14 -9
40 -15 -10
40 -16 -1
40 -16 -10
40 -16 -14
40 -16 -21
40 -17 -8
40 -18 -17
40 -18 -26
40 -18 -27
40 -19 -27
40 -20 -7
40 -20 -20
40 -20 -27
40 -21 -14
40 -21 -18
40 -21 -19
40 -21 -23
40 -21 -24
40 -22 -18
40 -23 -11
40 -23 -15
40 -24 -3
40 -24 -6
40 -24 -7
40 -25 -3
40 -25 -21
40 -26 -5
40 -26 -25
40 -27 -26
41 0 -10
41 0 -14
41 0 -19
41 -1 -27
41 -2 0
41 -2 -2
41 -2 -16
41 -2 -24
41 -3 -10
41 -3 -13
41 -3 -20
41 -4 -14
41 -5 -3
41 -5 -11
41 -6 -12
41 -6 -27
41 -7 -4
41 -7 -5
41 -7 -8
41 -7 -22
41 -7 -23
41 -8 0
41 -8 -7
41 -8 -18
41 -9 -16
41 -10 -8
41 -10 -18
41 -10 -22
41 -11 -19
41 -12 -27
41 -13 -5
41 -13 -7
41 -14 -9
41 -15 -10
41 -16 -1
41 -16 -10
41 -16 -14
41 -16 -21
41 -17 -8
41 -18 -17
41 -18 -26
41 -18 -27
41 -19 -27
41 -20 -7
41 -20 -20
41 -20 -27
41 -21 -14
41 -21 -18
41 -21 -19
41 -21 -23
41 -21 -24
41 -22 -18
41 -23 -11
41 -23 -15
41 -24 -3
41 -24 -6
41 -24 -7
41 -25 -3
41 -25 -21
41 -26 -5
41 -26 -25
41 -27 -26
42 0 -10
42 0 -14
42 0 -19
42 -1 -27
42 -2 0
42 -2 -2
42 -2 -16
42 -2 -24
42 -3 -10
42 -3 -13
42 -3 -20
42 -4 -14
42 -5 -3
42 -5 -11
42 -6 -12
42 -6 -27
42 -7 -4
42 -7 -5
42 -7 -8
42 -7 -22
42 -7 -23
42 -8 0
42 -8 -7
42 -8 -18
42 -9 -16
42 -10 -8
42 -10 -18
42 -10 -22
42 -11 -19
42 -12 -27
42 -13 -5
42 -13 -7
42 -14 -9
42 -15 -10
42 -16 -1
42 -16 -10
42 -16 -14
42 -16 -21
42 -17 -8
42 -18 -17
42 -18 -26
42 -18 -27
42 -19 -27
42 -20 -7
42 -20 -20
42 -20 -27
42 -21 -14
42 -21 -18
42 -21 -19
42 -21 -23
42 -21 -24
42 -22 -18
42 -23 -11
42 -23 -15
42 -24 -3
42 -24 -6
42 -24 -7
42 -25 -3
42 -25 -21
42 -26 -5
42 -26 -25
42 -27 -26
43 0 -10
43 0 -14
43 0 -19
43 -1 -27
43 -2 0
43 -2 -2
43 -2 -16
43 -2 -24
43 -3 -10
43 -3 -13
43 -3 -20
43 -4 -14
43 -5 -3
43 -5 -11
43 -6 -12
43 -6 -27
43 -7 -4
43 -7 -5
43 -7 -8
43 -7 -22
43 -7 -23
43 -8 0
43 -8 -7
43 -8 -18
43 -9 -16
43 -10 -8
43 -10 -18
43 -10 -22
43 -11 -19
43 -12 -27
43 -13 -5
43 -13 -7
43 -14 -9
43 -15 -10
43 -16 -1
43 -16 -10
43 -16 -14
43 -16 -21
43 -17 -8
43 -18 -17
43 -18 -26
43 -18 -27
43 -19 -27
43 -20 -7
43 -20 -20
43 -20 -27
43 -21 -14
43 -21 -18
43 -21 -19
43 -21 -23
43 -21 -24
43 -22 -18
43 -23 -11
43 -23 -15
43 -24 -3
43 -24 -6
43 -24 -7
43 -25 -3
43 -25 -21
43 -26 -5
43 -26 -25
43 -27 -26
44 0 -10
44 0 -14
44 0 -19
44 -1 -27
44 -2 0
44 -2 -2
44 -2 -16
44 -2 -24
44 -3 -10
44 -3 -13
44 -3 -20
44 -4 -14
44 -5 -3
44 -5 -11
44 -6 -12
44 -6 -27
44 -7 -4
44 -7 -5
44 -7 -8
44 -7 -22
44 -7 -23
44 -8 0
44 -8 -7
44 -8 -18
44 -9 -16
44 -10 -8
44 -10 -18
44 -10 -22
44 -11 -19
44 -12 -27
44 -13 -5
44 -13 -7
44 -14 -9
44 -15 -10
44 -16 -1
44 -16 -10
44 -16 -14
44 -16 -21
44 -17 -8
44 -18 -17
44 -18 -26
44 -18 -27
44 -19 -27
44 -20 -7
44 -20 -20
44 -20 -27
44 -21 -14
44 -21 -18
44 -21 -19
44 -21 -23
44 -21 -24
44 -22 -18
44 -23 -11
44 -23 -15
44 -24 -3
44 -24 -6
44 -24 -7
44 -25 -3
44 -25 -21
44 -26 -5
44 -26 -25
44 -27 -26
45 0 -10
45 0 -14
45 0 -19
45 -1 -27
45 -2 0
45 -2 -2
45 -2 -16
45 -2 -24
45 -3 -10
45 -3 -13
45 -3 -20
45 -4 -14
45 -5 -3
45 -5 -11
45 -6 -12
45 -6 -27
45 -7 -4
45 -7 -5
45 -7 -8
45 -7 -22
45 -7 -23
45 -8 0
45 -8 -7
45 -8 -18
45 -9 -16
45 -10 -8
45 -10 -18
45 -10 -22
45 -11 -19
45 -12 -27
45 -13 -5
45 -13 -7
45 -14 -9
45 -15 -10
45 -16 -1
45 -16 -10
45 -16 -14
45 -16 -21
45 -17 -8
45 -18 -17
45 -18 -26
45 -18 -27
45 -19 -27
45 -20 -7
45 -20 -20
45 -20 -27
45 -21 -14
45 -21 -18
45 -21 -19
45 -21 -23
45 -21 -24
45 -22 -18
45 -23 -11
45 -23 -15
45 -24 -3
45 -24 -6
45 -24 -7
45 -25 -3
45 -25 -21
45 -26 -5
45 -26 -25
45 -27 -26
46 0 -10
46 0 -14
46 0 -19
46 -1 -27
46 -2 0
46 -2 -2
46 -2 -16
46 -2 -24
46 -3 -10
46 -3 -13
46 -3 -20
46 -4 -14
46 -5 -3
46 -5 -11
46 -6 -12
46 -6 -27
46 -7 -4
46 -7 -5
46 -7 -8
46 -7 -22
46 -7 -23
46 -8 0
46 -8 -7
46 -8 -18
46 -9 -16
46 -10 -8
46 -10 -18
46 -10 -22
46 -11 -19
46 -12 -27
46 -13 -5
46 -13 -7
46 -14 -9
46 -15 -10
46 -16 -1
46 -16 -10
46 -16 -14
46 -16 -21
46 -17 -8
46 -18 -17
46 -18 -26
46 -18 -27
46 -19 -27
46 -20 -7
46 -20 -20
46 -20 -27
46 -21 -14
46 -21 -18
46 -21 -19
46 -21 -23
46 -21 -24
46 -22 -18
46 -23 -11
46 -23 -15
46 -24 -3
46 -24 -6
46 -24 -7
46 -25 -3
46 -25 -21
46 -26 -5
46 -26 -25
46 -27 -26
47 0 -10
47 0 -14
47 0 -19
47 -1 -27
47 -2 0
47 -2 -2
47 -2 -16
47 -2 -24
47 -3 -10
47 -3 -13
47 -3 -20
47 -4 -14
47 -5 -3
47 -5 -11
47 -6 -12
47 -6 -27
47 -7 -4
47 -7 -5
47 -7 -8
47 -7 -22
47 -7 -23
47 -8 0
47 -8 -7
47 -8 -18
47 -9 -16
47 -10 -8
47 -10 -18
47 -10 -22
47 -11 -19
47 -12 -27
47 -13 -5
47 -13 -7
47 -14 -9
47 -15 -10
47 -16 -1
47 -16 -10
47 -16 -14
47 -16 -21
47 -17 -8
47 -18 -17
47 -18 -26
47 -18 -27
47 -19 -27
47 -20 -7
47 -20 -20
47 -20 -27
47 -21 -14
47 -21 -18
47 -21 -19
47 -21 -23
47 -21 -24
47 -22 -18
47 -23 -11
47 -23 -15
47 -24 -3
47 -24 -6
47 -24 -7
47 -25 -3
47 -25 -21
47 -26 -5
47 -26 -25
47 -27 -26
48 0 -10
48 0 -14
48 0 -19
48 -1 -27
48 -2 0
48 -2 -2
48 -2 -16
48 -2 -24
48 -3 -10
48 -3 -13
48 -3 -20
48 -4 -14
48 -5 -3
48 -5 -11
48 -6 -12
48 -6 -27
48 -7 -4
48 -7 -5
48 -7 -8
48 -7 -22
48 -7 -23
48 -8 0
48 -8 -7
48 -8 -18
48 -9 -16
48 -10 -8
48 -10 -18
48 -10 -22
48 -11 -19
48 -12 -27
48 -13 -5
48 -13 -7
48 -14 -9
48 -15 -10
48 -16 -1
48 -16 -10
48 -16 -14
48 -16 -21
48 -17 -8
48 -18 -17
48 -18 -26
48 -18 -27
48 -19 -27
48 -20 -7
48 -20 -20
48 -20 -27
48 -21 -14
48 -21 -18
48 -21 -19
48 -21 -23
48 -21 -24
48 -22 -18
48 -23 -11
48 -23 -15
48 -24 -3
48 -24 -6
48 -24 -7
48 -25 -3
48 -25 -21
48 -26 -5
48 -26 -25
48 -27 -26
49 0 -10
49 0 -14
49 0 -19
49 -1 -27
49 -2 0
49 -2 -2
49 -2 -16
49 -2 -24
49 -3 -10
49 -3 -13
49 -3 -20
49 -4 -14
49 -5 -3
49 -5 -11
49 -6 -12
49 -6 -27
49 -7 -4
49 -7 -5
49 -7 -8
49 -7 -22
49 -7 -23
49 -8 0
49 -8 -7
49 -8 -18
49 -9 -16
49 -10 -8
49 -10 -18
49 -10 -22
49 -11 -19
49 -12 -27
49 -13 -5
49 -13 -7
49 -14 -9
49 -15 -10
49 -16 -1
49 -16 -10
49 -16 -14
49 -16 -21
49 -17 -8
49 -18 -17
49 -18 -26
49 -18 -27
49 -19 -27
49 -20 -7
49 -20 -20
49 -20 -27
49 -21 -14
49 -21 -18
49 -21 -19
49 -21 -23
49 -21 -24
49 -22 -18
49 -23 -11
49 -23 -15
49 -24 -3
49 -24 -6
49 -24 -7
49 -25 -3
49 -25 -21
49 -26 -5
49 -26 -25
49 -27 -26
50 0 -10
50 0 -14
50 0 -19
50 -1 -27
50 -2 0
50 -2 -2
50 -2 -16
50 -2 -24
50 -3 -10
50 -3 -13
50 -3 -20
50 -4 -14
50 -5 -3
50 -5 -11
50 -6 -12
50 -6 -27
50 -7 -4
50 -7 -5
50 -7 -8
50 -7 -22
50 -7 -23
50 -8 0
50 -8 -7
50 -8 -18
50 -9 -16
50 -10 -8
50 -10 -18
50 -10 -22
50 -11 -19
50 -12 -27
50 -13 -5
50 -13 -7
50 -14 -9
50 -15 -10
50 -16 -1
50 -16 -10
50 -16 -14
50 -16 -21
50 -17 -8
50 -18 -17
50 -18 -26
50 -18 -27
50 -19 -27
50 -20 -7
50 -20 -20
50 -20 -27
50 -21 -14
50 -21 -18
50 -21 -19
50 -21 -23
50 -21 -24
50 -22 -18
50 -23 -11
50 -23 -15
50 -24 -3
50 -24 -6
50 -24 -7
50 -25 -3
50 -25 -21
50 -26 -5
50 -26 -25
50 -27 -26
51 0 -10
51 0 -14
51 0 -19
51 -1 -27
51 -2 0
51 -2 -2
51 -2 -16
51 -2 -24
51 -3 -10
51 -3 -13
51 -3 -20
51 -4 -14
51 -5 -3
51 -5 -11
51 -6 -12
51 -6 -27
51 -7 -4
51 -7 -5
51 -7 -8
51 -7 -22
51 -7 -23
51 -8 0
51 -8 -7
51 -8 -18
51 -9 -16
51 -10 -8
51 -10 -18
51 -10 -22
51 -11 -19
51 -12 -27
51 -13 -5
51 -13 -7
51 -14 -9
51 -15 -10
51 -16 -1
51 -16 -10
51 -16 -14
51 -16 -21
51 -17 -8
51 -18 -17
51 -18 -26
51 -18 -27
51 -19 -27
51 -20 -7
51 -20 -20
51 -20 -27
51 -21 -14
51 -21 -18
51 -21 -19
51 -21 -23
51 -21 -24
51 -22 -18
51 -23 -11
51 -23 -15
51 -24 -3
51 -24 -6
51 -24 -7
51 -25 -3
51 -25 -21
51 -26 -5
51 -26 -25
51 -27 -26
52 0 -10
52 0 -14
52 0 -19
52 -1 -27
52 -2 0
52 -2 -2
52 -2 -16
52 -2 -24
52 -3 -10
52 -3 -13
52 -3 -20
52 -4 -14
52 -5 -3
52 -5 -11
52 -6 -12
52 -6 -27
52 -7 -4
52 -7 -5
52 -7 -8
52 -7 -22
52 -7 -23
52 -8 0
52 -8 -7
52 -8 -18
52 -9 -16
52 -10 -8
52 -10 -18
52 -10 -22
52 -11 -19
52 -12 -27
52 -13 -5
52 -13 -7
52 -14 -9
52 -15 -10
52 -16 -1
52 -16 -10
52 -16 -14
52 -16 -21
52 -17 -8
52 -18 -17
52 -18 -26
52 -18 -27
52 -19 -27
52 -20 -7
52 -20 -20
52 -20 -27
52 -21 -14
52 -21 -18
52 -21 -19
52 -21 -23
52 -21 -24
52 -22 -18
52 -23 -11
52 -23 -15
52 -24 -3
52 -24 -6
52 -24 -7
52 -25 -3
52 -25 -21
52 -26 -5
52 -26 -25
52 -27 -26
53 0 -10
53 0 -14
53 0 -19
53 -1 -27
53 -2 0
53 -2 -2
53 -2 -16
53 -2 -24
53 -3 -10
53 -3 -13
53 -3 -20
53 -4 -14
53 -5 -3
53 -5 -11
53 -6 -12
53 -6 -27
53 -7 -4
53 -7 -5
53 -7 -8
53 -7 -22
53 -7 -23
53 -8 0
53 -8 -7
53 -8 -18
53 -9 -16
53 -10 -8
53 -10 -18
53 -10 -22
53 -11 -19
53 -12 -27
53 -13 -5
53 -13 -7
53 -14 -9
53 -15 -10
53 -16 -1
53 -16 -10
53 -16 -14
53 -16 -21
53 -17 -8
53 -18 -17
53 -18 -26
53 -18 -27
53 -19 -27
53 -20 -7
53 -20 -20
53 -20 -27
53 -21 -14
53 -21 -18
53 -21 -19
53 -21 -23
53 -21 -24
53 -22 -18
53 -23 -11
53 -23 -15
53 -24 -3
53 -24 -6
53 -24 -7
53 -25 -3
53 -25 -21
53 -26 -5
53 -26 -25
53 -27 -26
54 0 -10
54 0 -14
54 0 -19
54 -1 -27
54 -2 0
54 -2 -2
54 -2 -16
54 -2 -24
54 -3 -10
54 -3 -13
54 -3 -20
54 -4 -14
54 -5 -3
54 -5 -11
54 -6 -12
54 -6 -27
54 -7 -4
54 -7 -5
54 -7 -8
54 -7 -22
54 -7 -23
54 -8 0
54 -8 -7
54 -8 -18
54 -9 -16
54 -10 -8
54 -10 -18
54 -10 -22
54 -11 -19
54 -12 -27
54 -13 -5
54 -13 -7
54 -14 -9
54 -15 -10
54 -16 -1
54 -16 -10
54 -16 -14
54 -16 -21
54 -17 -8
54 -18 -17
54 -18 -26
54 -18 -27
54 -19 -27
54 -20 -7
54 -20 -20
54 -20 -27
54 -21 -14
54 -21 -18
54 -21 -19
54 -21 -23
54 -21 -24
54 -22 -18
54 -23 -11
54 -23 -15
54 -24 -3
54 -24 -6
54 -24 -7
54 -25 -3
54 -25 -21
54 -26 -5
54 -26 -25
54 -27 -26
55 0 -10
55 0 -14
55 0 -19
55 -1 -27
55 -2 0
55 -2 -2
55 -2 -16
55 -2 -24
55 -3 -10
55 -3 -13
55 -3 -20
55 -4 -14
55 -5 -3
55 -5 -11
55 -6 -12
55 -6 -27
55 -7 -4
55 -7 -5
55 -7 -8
55 -7 -22
55 -7 -23
55 -8 0
55 -8 -7
55 -8 -18
55 -9 -16
55 -10 -8
55 -10 -18
55 -10 -22
55 -11 -19
55 -12 -27
55 -13 -5
55 -13 -7
55 -14 -9
55 -15 -10
55 -16 -1
55 -16 -10
55 -16 -14
55 -16 -21
55 -17 -8
55 -18 -17
55 -18 -26
55 -18 -27
55 -19 -27
55 -20 -7
55 -20 -20
55 -20 -27
55 -21 -14
55 -21 -18
55 -21 -19
55 -21 -23
55 -21 -24
55 -22 -18
55 -23 -11
55 -23 -15
55 -24 -3
55 -24 -6
55 -24 -7
55 -25 -3
55 -25 -21
55 -26 -5
55 -26 -25
55 -27 -26
56 0 -10
56 0 -14
56 0 -19
56 -1 -27
56 -2 0
56 -2 -2
56 -2 -16
56 -2 -24
56 -3 -10
56 -3 -13
56 -3 -20
56 -4 -14
56 -5 -3
56 -5 -11
56 -6 -12
56 -6 -27
56 -7 -4
56 -7 -5
56 -7 -8
56 -7 -22
56 -7 -23
56 -8 0
56 -8 -7
56 -8 -18
56 -9 -16
56 -10 -8
56 -10 -18
56 -10 -22
56 -11 -19
56 -12 -27
56 -13 -5
56 -13 -7
56 -14 -9
56 -15 -10
56 -16 -1
56 -16 -10
56 -16 -14
56 -16 -21
56 -17 -8
56 -18 -17
56 -18 -26
56 -18 -27
56 -19 -27
56 -20 -7
56 -20 -20
56 -20 -27
56 -21 -14
56 -21 -18
56 -21 -19
56 -21 -23
56 -21 -24
56 -22 -18
56 -23 -11
56 -23 -15
56 -24 -3
56 -24 -6
56 -24 -7
56 -25 -3
56 -25 -21
56 -26 -5
56 -26 -25
56 -27 -26
57 0 -10
57 0 -14
57 0 -19
57 -1 -27
57 -2 0
57 -2 -2
57 -2 -16
57 -2 -24
57 -3 -10
57 -3 -13
57 -3 -20
57 -4 -14
57 -5 -3
57 -5 -11
57 -6 -12
57 -6 -27
57 -7 -4
57 -7 -5
57 -7 -8
57 -7 -22
57 -7 -23
57 -8 0
57 -8 -7
57 -8 -18
57 -9 -16
57 -10 -8
57 -10 -18
57 -10 -22
57 -11 -19
57 -12 -27
57 -13 -5
57 -13 -7
57 -14 -9
57 -15 -10
57 -16 -1
57 -16 -10
57 -16 -14
57 -16 -21
57 -17 -8
57 -18 -17
57 -18 -26
57 -18 -27
57 -19 -27
57 -20 -7
57 -20 -20
57 -20 -27
57 -21 -14
57 -21 -18
57 -21 -19
57 -21 -23
57 -21 -24
57 -22 -18
57 -23 -11
57 -23 -15
57 -24 -3
57 -24 -6
57 -24 -7
57 -25 -3
57 -25 -21
57 -26 -5
57 -26 -25
57 -27 -26
58 0 -10
58 0 -14
58 0 -19
58 -1 -27
58 -2 0
58 -2 -2
58 -2 -16
58 -2 -24
58 -3 -10
58 -3 -13
58 -3 -20
58 -4 -14
58 -5 -3
58 -5 -11
58 -6 -12
58 -6 -27
58 -7 -4
58 -7 -5
58 -7 -8
58 -7 -22
58 -7 -23
58 -8 0
58 -8 -7
58 -8 -18
58 -9 -16
58 -10 -8
58 -10 -18
58 -10 -22
58 -11 -19
58 -12 -27
58 -13 -5
58 -13 -7
58 -14 -9
58 -15 -10
58 -16 -1
58 -16 -10
58 -16 -14
58 -16 -21
58 -17 -8
58 -18 -17
58 -18 -26
58 -18 -27
58 -19 -27
58 -20 -7
58 -20 -20
58 -20 -27
58 -21 -14
58 -21 -18
58 -21 -19
58 -21 -23
58 -21 -24
58 -22 -18
58 -23 -11
58 -23 -15
58 -24 -3
58 -24 -6
58 -24 -7
58 -25 -3
58 -25 -21
58 -26 -5
58 -26 -25
58 -27 -26
59 0 -10
59 0 -14
59 0 -19
59 -1 -27
59 -2 0
59 -2 -2
59 -2 -16
59 -2 -24
59 -3 -10
59 -3 -13
59 -3 -20
59 -4 -14
59 -5 -3
59 -5 -11
59 -6 -12
59 -6 -27
59 -7 -4
59 -7 -5
59 -7 -8
59 -7 -22
59 -7 -23
59 -8 0
59 -8 -7
59 -8 -18
59 -9 -16
59 -10 -8
59 -10 -18
59 -10 -22
59 -11 -19
59 -12 -27
59 -13 -5
59 -13 -7
59 -14 -9
59 -15 -10
59 -16 -1
59 -16 -10
59 -16 -14
59 -16 -21
59 -17 -8
59 -18 -17
59 -18 -26
59 -18 -27
59 -19 -27
59 -20 -7
59 -20 -20
59 -20 -27
59 -21 -14
59 -21 -18
59 -21 -19
59 -21 -23
59 -21 -24
59 -22 -18
59 -23 -11
59 -23 -15
59 -24 -3
59 -24 -6
59 -24 -7
59 -25 -3
59 -25 -21
59 -26 -5
59 -26 -25
59 -27 -26
60 0 -10
60 0 -14
60 0 -19
60 -1 -27
60 -2 0
60 -2 -2
60 -2 -16
60 -2 -24
60 -3 -10
60 -3 -13
60 -3 -20
60 -4 -14
60 -5 -3
60 -5 -11
60 -6 -12
60 -6 -27
60 -7 -4
60 -7 -5
60 -7 -8
60 -7 -22
60 -7 -23
60 -8 0
60 -8 -7
60 -8 -18
60 -9 -16
60 -10 -8
60 -10 -18
60 -10 -22
60 -11 -19
60 -12 -27
60 -13 -5
60 -13 -7
60 -14 -9
60 -15 -10
60 -16 -1
60 -16 -10
60 -16 -14
60 -16 -21
60 -17 -8
60 -18 -17
60 -18 -26
60 -18 -27
60 -19 -27
60 -20 -7
60 -20 -20
60 -20 -27
60 -21 -14
60 -21 -18
60 -21 -19
60 -21 -23
60 -21 -24
60 -22 -18
60 -23 -11
60 -23 -15
60 -24 -3
60 -24 -6
60 -24 -7
60 -25 -3
60 -25 -21
60 -26 -5
60 -26 -25
60 -27 -26
61 0 -10
61 0 -14
61 0 -19
61 -1 -27
61 -2 0
61 -2 -2
61 -2 -16
61 -2 -24
61 -3 -10
61 -3 -13
61 -3 -20
61 -4 -14
61 -5 -3
61 -5 -11
61 -6 -12
61 -6 -27
61 -7 -4
61 -7 -5
61 -7 -8
61 -7 -22
61 -7 -23
61 -8 0
61 -8 -7
61 -8 -18
61 -9 -16
61 -10 -8
61 -10 -18
61 -10 -22
61 -11 -19
61 -12 -27
61 -13 -5
61 -13 -7
61 -14 -9
61 -15 -10
61 -16 -1
61 -16 -10
61 -16 -14
61 -16 -21
61 -17 -8
61 -18 -17
61 -18 -26
61 -18 -27
61 -19 -27
61 -20 -7
61 -20 -20
61 -20 -27
61 -21 -14
61 -21 -18
61 -21 -19
61 -21 -23
61 -21 -24
61 -22 -18
61 -23 -11
61 -23 -15
61 -24 -3
61 -24 -6
61 -24 -7
61 -25 -3
61 -25 -21
61 -26 -5
61 -26 -25
61 -27 -26
-1 -1 -1
43
38
59
4
44
10
54
24
56
46
2
61
33
7
26
31
30
29
16
13
57
11
48
39
3
6
1
52
51
19
60
25
5
49
45
55
12
50
9
35
27
21
28
18
41
40
0
58
23
37
15
20
22
8
53
34
17
32
47
42
36
14
  0.037473 seconds (96.12 k allocations: 3.205 MiB)
