950 0 0 0 0 0 0 0 0 0 0 0 0 0 0 0
0 0 0 0 0 0 0 0 0 0 0 0 0 0 0 0
0 0 0 0 0 0 0 0 0 0 0 0 0 0 0 0
0 0 0 0 0 0 0 0 0 0 0 0 0 0 0 0
0 0 0 0 0 0 0 0 0 0 0 0 0 0 0 0
0 0 0 0 0 0 0 0 0 0 0 0 0 0 0 0
0 0 0 0 0 0 0 0 0 0 0 0 0 0 0 0
0 0 0 0 0 0 0 0 0 0 0 0 0 0 0 0
0 0 0 0 0 0 0 0 0 0 0 0 0 0 0 0
0 0 0 0 0 0 0 0 0 0 0 0 0 0 0 0
0 0 0 0 0 0 0 0 0 0 0 0 0 0 0 0
0 0 0 0 0 0 0 0 0 0 0 0 0 0 0 0
0 0 0 0 0 0 0 0 0 0 0 0 0 0 0 0
0 0 0 0 0 0 0 0 0 0 0 0 0 0 0 0
0 0 0 0 0 0 0 0 0 0 0 0 0 0 0 0
0 0 0 0 0 0 0 0 0 0 0 0 0 0 0 0
0 0 -2
0 0 -3
0 0 -9
0 0 -11
0 0 -13
0 0 -14
0 0 -15
0 -1 -7
0 -1 -15
0 -2 -4
0 -2 -5
0 -2 -8
0 -2 -13
0 -2 -14
0 -3 -1
0 -3 -5
0 -3 -6
0 -3 -10
0 -3 -11
0 -3 -13
0 -3 -15
0 -4 -3
0 -4 -6
0 -4 -7
0 -4 -8
0 -4 -11
0 -4 -14
0 -4 -15
0 -5 -2
0 -5 -4
0 -5 -6
0 -5 -10
0 -5 -11
0 -5 -12
0 -6 -1
0 -6 -2
0 -6 -9
0 -6 -10
0 -6 -11
0 -6 -13
0 -6 -14
0 -6 -15
0 -7 -6
0 -7 -7
0 -7 -9
0 -7 -13
0 -7 -14
0 -8 0
0 -8 -1
0 -8 -3
0 -8 -5
0 -8 -8
0 -8 -9
0 -8 -14
0 -9 -2
0 -9 -10
0 -9 -11
0 -10 0
0 -10 -4
0 -10 -6
0 -10 -7
0 -10 -8
0 -10 -9
0 -10 -10
0 -10 -11
0 -10 -12
0 -10 -13
0 -11 -1
0 -11 -2
0 -11 -5
0 -11 -9
0 -11 -10
0 -12 -2
0 -12 -3
0 -12 -5
0 -12 -7
0 -12 -13
0 -12 -15
0 -13 -10
0 -13 -11
0 -13 -12
0 -13 -13
0 -14 -1
0 -14 -3
0 -14 -8
0 -14 -13
0 -15 0
0 -15 -7
0 -15 -10
0 -15 -13
1 0 -2
1 0 -3
1 0 -9
1 0 -11
1 0 -13
1 0 -14
1 0 -15
1 -1 -7
1 -1 -15
1 -2 -4
1 -2 -5
1 -2 -8
1 -2 -13
1 -2 -14
1 -3 -1
1 -3 -5
1 -3 -6
1 -3 -10
1 -3 -11
1 -3 -13
1 -3 -15
1 -4 -3
1 -4 -6
1 -4 -7
1 -4 -8
1 -4 -11
1 -4 -14
1 -4 -15
1 -5 -2
1 -5 -4
1 -5 -6
1 -5 -10
1 -5 -11
1 -5 -12
1 -6 -1
1 -6 -2
1 -6 -9
1 -6 -10
1 -6 -11
1 -6 -13
1 -6 -14
1 -6 -15
1 -7 -6
1 -7 -7
1 -7 -9
1 -7 -13
1 -7 -14
1 -8 0
1 -8 -1
1 -8 -3
1 -8 -5
1 -8 -8
1 -8 -9
1 -8 -14
1 -9 -2
1 -9 -10
1 -9 -11
1 -10 0
1 -10 -4
1 -10 -6
1 -10 -7
1 -10 -8
1 -10 -9
1 -10 -10
1 -10 -11
1 -10 -12
1 -10 -13
1 -11 -1
1 -11 -2
1 -11 -5
1 -11 -9
1 -11 -10
1 -12 -2
1 -12 -3
1 -12 -5
1 -12 -7
1 -12 -13
1 -12 -15
1 -13 -10
1 -13 -11
1 -13 -12
1 -13 -13
1 -14 -1
1 -14 -3
1 -14 -8
1 -14 -13
1 -15 0
1 -15 -7
1 -15 -10
1 -15 -13
2 0 -2
2 0 -3
2 0 -9
2 0 -11
2 0 -13
2 0 -14
2 0 -15
2 -1 -7
2 -1 -15
2 -2 -4
2 -2 -5
2 -2 -8
2 -2 -13
2 -2 -14
2 -3 -1
2 -3 -5
2 -3 -6
2 -3 -10
2 -3 -11
2 -3 -13
2 -3 -15
2 -4 -3
2 -4 -6
2 -4 -7
2 -4 -8
2 -4 -11
2 -4 -14
2 -4 -15
2 -5 -2
2 -5 -4
2 -5 -6
2 -5 -10
2 -5 -11
2 -5 -12
2 -6 -1
2 -6 -2
2 -6 -9
2 -6 -10
2 -6 -11
2 -6 -13
2 -6 -14
2 -6 -15
2 -7 -6
2 -7 -7
2 -7 -9
2 -7 -13
2 -7 -14
2 -8 0
2 -8 -1
2 -8 -3
2 -8 -5
2 -8 -8
2 -8 -9
2 -8 -14
2 -9 -2
2 -9 -10
2 -9 -11
2 -10 0
2 -10 -4
2 -10 -6
2 -10 -7
2 -10 -8
2 -10 -9
2 -10 -10
2 -10 -11
2 -10 -12
2 -10 -13
2 -11 -1
2 -11 -2
2 -11 -5
2 -11 -9
2 -11 -10
2 -12 -2
2 -12 -3
2 -12 -5
2 -12 -7
2 -12 -13
2 -12 -15
2 -13 -10
2 -13 -11
2 -13 -12
2 -13 -13
2 -14 -1
2 -14 -3
2 -14 -8
2 -14 -13
2 -15 0
2 -15 -7
2 -15 -10
2 -15 -13
3 0 -2
3 0 -3
3 0 -9
3 0 -11
3 0 -13
3 0 -14
3 0 -15
3 -1 -7
3 -1 -15
3 -2 -4
3 -2 -5
3 -2 -8
3 -2 -13
3 -2 -14
3 -3 -1
3 -3 -5
3 -3 -6
3 -3 -10
3 -3 -11
3 -3 -13
3 -3 -15
3 -4 -3
3 -4 -6
3 -4 -7
3 -4 -8
3 -4 -11
3 -4 -14
3 -4 -15
3 -5 -2
3 -5 -4
3 -5 -6
3 -5 -10
3 -5 -11
3 -5 -12
3 -6 -1
3 -6 -2
3 -6 -9
3 -6 -10
3 -6 -11
3 -6 -13
3 -6 -14
3 -6 -15
3 -7 -6
3 -7 -7
3 -7 -9
3 -7 -13
3 -7 -14
3 -8 0
3 -8 -1
3 -8 -3
3 -8 -5
3 -8 -8
3 -8 -9
3 -8 -14
3 -9 -2
3 -9 -10
3 -9 -11
3 -10 0
3 -10 -4
3 -10 -6
3 -10 -7
3 -10 -8
3 -10 -9
3 -10 -10
3 -10 -11
3 -10 -12
3 -10 -13
3 -11 -1
3 -11 -2
3 -11 -5
3 -11 -9
3 -11 -10
3 -12 -2
3 -12 -3
3 -12 -5
3 -12 -7
3 -12 -13
3 -12 -15
3 -13 -10
3 -13 -11
3 -13 -12
3 -13 -13
3 -14 -1
3 -14 -3
3 -14 -8
3 -14 -13
3 -15 0
3 -15 -7
3 -15 -10
3 -15 -13
4 0 -2
4 0 -3
4 0 -9
4 0 -11
4 0 -13
4 0 -14
4 0 -15
4 -1 -7
4 -1 -15
4 -2 -4
4 -2 -5
4 -2 -8
4 -2 -13
4 -2 -14
4 -3 -1
4 -3 -5
4 -3 -6
4 -3 -10
4 -3 -11
4 -3 -13
4 -3 -15
4 -4 -3
4 -4 -6
4 -4 -7
4 -4 -8
4 -4 -11
4 -4 -14
4 -4 -15
4 -5 -2
4 -5 -4
4 -5 -6
4 -5 -10
4 -5 -11
4 -5 -12
4 -6 -1
4 -6 -2
4 -6 -9
4 -6 -10
4 -6 -11
4 -6 -13
4 -6 -14
4 -6 -15
4 -7 -6
4 -7 -7
4 -7 -9
4 -7 -13
4 -7 -14
4 -8 0
4 -8 -1
4 -8 -3
4 -8 -5
4 -8 -8
4 -8 -9
4 -8 -14
4 -9 -2
4 -9 -10
4 -9 -11
4 -10 0
4 -10 -4
4 -10 -6
4 -10 -7
4 -10 -8
4 -10 -9
4 -10 -10
4 -10 -11
4 -10 -12
4 -10 -13
4 -11 -1
4 -11 -2
4 -11 -5
4 -11 -9
4 -11 -10
4 -12 -2
4 -12 -3
4 -12 -5
4 -12 -7
4 -12 -13
4 -12 -15
4 -13 -10
4 -13 -11
4 -13 -12
4 -13 -13
4 -14 -1
4 -14 -3
4 -14 -8
4 -14 -13
4 -15 0
4 -15 -7
4 -15 -10
4 -15 -13
5 0 -2
5 0 -3
5 0 -9
5 0 -11
5 0 -13
5 0 -14
5 0 -15
5 -1 -7
5 -1 -15
5 -2 -4
5 -2 -5
5 -2 -8
5 -2 -13
5 -2 -14
5 -3 -1
5 -3 -5
5 -3 -6
5 -3 -10
5 -3 -11
5 -3 -13
5 -3 -15
5 -4 -3
5 -4 -6
5 -4 -7
5 -4 -8
5 -4 -11
5 -4 -14
5 -4 -15
5 -5 -2
5 -5 -4
5 -5 -6
5 -5 -10
5 -5 -11
5 -5 -12
5 -6 -1
5 -6 -2
5 -6 -9
5 -6 -10
5 -6 -11
5 -6 -13
5 -6 -14
5 -6 -15
5 -7 -6
5 -7 -7
5 -7 -9
5 -7 -13
5 -7 -14
5 -8 0
5 -8 -1
5 -8 -3
5 -8 -5
5 -8 -8
5 -8 -9
5 -8 -14
5 -9 -2
5 -9 -10
5 -9 -11
5 -10 0
5 -10 -4
5 -10 -6
5 -10 -7
5 -10 -8
5 -10 -9
5 -10 -10
5 -10 -11
5 -10 -12
5 -10 -13
5 -11 -1
5 -11 -2
5 -11 -5
5 -11 -9
5 -11 -10
5 -12 -2
5 -12 -3
5 -12 -5
5 -12 -7
5 -12 -13
5 -12 -15
5 -13 -10
5 -13 -11
5 -13 -12
5 -13 -13
5 -14 -1
5 -14 -3
5 -14 -8
5 -14 -13
5 -15 0
5 -15 -7
5 -15 -10
5 -15 -13
6 0 -2
6 0 -3
6 0 -9
6 0 -11
6 0 -13
6 0 -14
6 0 -15
6 -1 -7
6 -1 -15
6 -2 -4
6 -2 -5
6 -2 -8
6 -2 -13
6 -2 -14
6 -3 -1
6 -3 -5
6 -3 -6
6 -3 -10
6 -3 -11
6 -3 -13
6 -3 -15
6 -4 -3
6 -4 -6
6 -4 -7
6 -4 -8
6 -4 -11
6 -4 -14
6 -4 -15
6 -5 -2
6 -5 -4
6 -5 -6
6 -5 -10
6 -5 -11
6 -5 -12
6 -6 -1
6 -6 -2
6 -6 -9
6 -6 -10
6 -6 -11
6 -6 -13
6 -6 -14
6 -6 -15
6 -7 -6
6 -7 -7
6 -7 -9
6 -7 -13
6 -7 -14
6 -8 0
6 -8 -1
6 -8 -3
6 -8 -5
6 -8 -8
6 -8 -9
6 -8 -14
6 -9 -2
6 -9 -10
6 -9 -11
6 -10 0
6 -10 -4
6 -10 -6
6 -10 -7
6 -10 -8
6 -10 -9
6 -10 -10
6 -10 -11
6 -10 -12
6 -10 -13
6 -11 -1
6 -11 -2
6 -11 -5
6 -11 -9
6 -11 -10
6 -12 -2
6 -12 -3
6 -12 -5
6 -12 -7
6 -12 -13
6 -12 -15
6 -13 -10
6 -13 -11
6 -13 -12
6 -13 -13
6 -14 -1
6 -14 -3
6 -14 -8
6 -14 -13
6 -15 0
6 -15 -7
6 -15 -10
6 -15 -13
7 0 -2
7 0 -3
7 0 -9
7 0 -11
7 0 -13
7 0 -14
7 0 -15
7 -1 -7
7 -1 -15
7 -2 -4
7 -2 -5
7 -2 -8
7 -2 -13
7 -2 -14
7 -3 -1
7 -3 -5
7 -3 -6
7 -3 -10
7 -3 -11
7 -3 -13
7 -3 -15
7 -4 -3
7 -4 -6
7 -4 -7
7 -4 -8
7 -4 -11
7 -4 -14
7 -4 -15
7 -5 -2
7 -5 -4
7 -5 -6
7 -5 -10
7 -5 -11
7 -5 -12
7 -6 -1
7 -6 -2
7 -6 -9
7 -6 -10
7 -6 -11
7 -6 -13
7 -6 -14
7 -6 -15
7 -7 -6
7 -7 -7
7 -7 -9
7 -7 -13
7 -7 -14
7 -8 0
7 -8 -1
7 -8 -3
7 -8 -5
7 -8 -8
7 -8 -9
7 -8 -14
7 -9 -2
7 -9 -10
7 -9 -11
7 -10 0
7 -10 -4
7 -10 -6
7 -10 -7
7 -10 -8
7 -10 -9
7 -10 -10
7 -10 -11
7 -10 -12
7 -10 -13
7 -11 -1
7 -11 -2
7 -11 -5
7 -11 -9
7 -11 -10
7 -12 -2
7 -12 -3
7 -12 -5
7 -12 -7
7 -12 -13
7 -12 -15
7 -13 -10
7 -13 -11
7 -13 -12
7 -13 -13
7 -14 -1
7 -14 -3
7 -14 -8
7 -14 -13
7 -15 0
7 -15 -7
7 -15 -10
7 -15 -13
8 0 -2
8 0 -3
8 0 -9
8 0 -11
8 0 -13
8 0 -14
8 0 -15
8 -1 -7
8 -1 -15
8 -2 -4
8 -2 -5
8 -2 -8
8 -2 -13
8 -2 -14
8 -3 -1
8 -3 -5
8 -3 -6
8 -3 -10
8 -3 -11
8 -3 -13
8 -3 -15
8 -4 -3
8 -4 -6
8 -4 -7
8 -4 -8
8 -4 -11
8 -4 -14
8 -4 -15
8 -5 -2
8 -5 -4
8 -5 -6
8 -5 -10
8 -5 -11
8 -5 -12
8 -6 -1
8 -6 -2
8 -6 -9
8 -6 -10
8 -6 -11
8 -6 -13
8 -6 -14
8 -6 -15
8 -7 -6
8 -7 -7
8 -7 -9
8 -7 -13
8 -7 -14
8 -8 0
8 -8 -1
8 -8 -3
8 -8 -5
8 -8 -8
8 -8 -9
8 -8 -14
8 -9 -2
8 -9 -10
8 -9 -11
8 -10 0
8 -10 -4
8 -10 -6
8 -10 -7
8 -10 -8
8 -10 -9
8 -10 -10
8 -10 -11
8 -10 -12
8 -10 -13
8 -11 -1
8 -11 -2
8 -11 -5
8 -11 -9
8 -11 -10
8 -12 -2
8 -12 -3
8 -12 -5
8 -12 -7
8 -12 -13
8 -12 -15
8 -13 -10
8 -13 -11
8 -13 -12
8 -13 -13
8 -14 -1
8 -14 -3
8 -14 -8
8 -14 -13
8 -15 0
8 -15 -7
8 -15 -10
8 -15 -13
9 0 -2
9 0 -3
9 0 -9
9 0 -11
9 0 -13
9 0 -14
9 0 -15
9 -1 -7
9 -1 -15
9 -2 -4
9 -2 -5
9 -2 -8
9 -2 -13
9 -2 -14
9 -3 -1
9 -3 -5
9 -3 -6
9 -3 -10
9 -3 -11
9 -3 -13
9 -3 -15
9 -4 -3
9 -4 -6
9 -4 -7
9 -4 -8
9 -4 -11
9 -4 -14
9 -4 -15
9 -5 -2
9 -5 -4
9 -5 -6
9 -5 -10
9 -5 -11
9 -5 -12
9 -6 -1
9 -6 -2
9 -6 -9
9 -6 -10
9 -6 -11
9 -6 -13
9 -6 -14
9 -6 -15
9 -7 -6
9 -7 -7
9 -7 -9
9 -7 -13
9 -7 -14
9 -8 0
9 -8 -1
9 -8 -3
9 -8 -5
9 -8 -8
9 -8 -9
9 -8 -14
9 -9 -2
9 -9 -10
9 -9 -11
9 -10 0
9 -10 -4
9 -10 -6
9 -10 -7
9 -10 -8
9 -10 -9
9 -10 -10
9 -10 -11
9 -10 -12
9 -10 -13
9 -11 -1
9 -11 -2
9 -11 -5
9 -11 -9
9 -11 -10
9 -12 -2
9 -12 -3
9 -12 -5
9 -12 -7
9 -12 -13
9 -12 -15
9 -13 -10
9 -13 -11
9 -13 -12
9 -13 -13
9 -14 -1
9 -14 -3
9 -14 -8
9 -14 -13
9 -15 0
9 -15 -7
9 -15 -10
9 -15 -13
10 0 -2
10 0 -3
10 0 -9
10 0 -11
10 0 -13
10 0 -14
10 0 -15
10 -1 -7
10 -1 -15
10 -2 -4
10 -2 -5
10 -2 -8
10 -2 -13
10 -2 -14
10 -3 -1
10 -3 -5
10 -3 -6
10 -3 -10
10 -3 -11
10 -3 -13
10 -3 -15
10 -4 -3
10 -4 -6
10 -4 -7
10 -4 -8
10 -4 -11
10 -4 -14
10 -4 -15
10 -5 -2
10 -5 -4
10 -5 -6
10 -5 -10
10 -5 -11
10 -5 -12
10 -6 -1
10 -6 -2
10 -6 -9
10 -6 -10
10 -6 -11
10 -6 -13
10 -6 -14
10 -6 -15
10 -7 -6
10 -7 -7
10 -7 -9
10 -7 -13
10 -7 -14
10 -8 0
10 -8 -1
10 -8 -3
10 -8 -5
10 -8 -8
10 -8 -9
10 -8 -14
10 -9 -2
10 -9 -10
10 -9 -11
10 -10 0
10 -10 -4
10 -10 -6
10 -10 -7
10 -10 -8
10 -10 -9
10 -10 -10
10 -10 -11
10 -10 -12
10 -10 -13
10 -11 -1
10 -11 -2
10 -11 -5
10 -11 -9
10 -11 -10
10 -12 -2
10 -12 -3
10 -12 -5
10 -12 -7
10 -12 -13
10 -12 -15
10 -13 -10
10 -13 -11
10 -13 -12
10 -13 -13
10 -14 -1
10 -14 -3
10 -14 -8
10 -14 -13
10 -15 0
10 -15 -7
10 -15 -10
10 -15 -13
11 0 -2
11 0 -3
11 0 -9
11 0 -11
11 0 -13
11 0 -14
11 0 -15
11 -1 -7
11 -1 -15
11 -2 -4
11 -2 -5
11 -2 -8
11 -2 -13
11 -2 -14
11 -3 -1
11 -3 -5
11 -3 -6
11 -3 -10
11 -3 -11
11 -3 -13
11 -3 -15
11 -4 -3
11 -4 -6
11 -4 -7
11 -4 -8
11 -4 -11
11 -4 -14
11 -4 -15
11 -5 -2
11 -5 -4
11 -5 -6
11 -5 -10
11 -5 -11
11 -5 -12
11 -6 -1
11 -6 -2
11 -6 -9
11 -6 -10
11 -6 -11
11 -6 -13
11 -6 -14
11 -6 -15
11 -7 -6
11 -7 -7
11 -7 -9
11 -7 -13
11 -7 -14
11 -8 0
11 -8 -1
11 -8 -3
11 -8 -5
11 -8 -8
11 -8 -9
11 -8 -14
11 -9 -2
11 -9 -10
11 -9 -11
11 -10 0
11 -10 -4
11 -10 -6
11 -10 -7
11 -10 -8
11 -10 -9
11 -10 -10
11 -10 -11
11 -10 -12
11 -10 -13
11 -11 -1
11 -11 -2
11 -11 -5
11 -11 -9
11 -11 -10
11 -12 -2
11 -12 -3
11 -12 -5
11 -12 -7
11 -12 -13
11 -12 -15
11 -13 -10
11 -13 -11
11 -13 -12
11 -13 -13
11 -14 -1
11 -14 -3
11 -14 -8
11 -14 -13
11 -15 0
11 -15 -7
11 -15 -10
11 -15 -13
12 0 -2
12 0 -3
12 0 -9
12 0 -11
12 0 -13
12 0 -14
12 0 -15
12 -1 -7
12 -1 -15
12 -2 -4
12 -2 -5
12 -2 -8
12 -2 -13
12 -2 -14
12 -3 -1
12 -3 -5
12 -3 -6
12 -3 -10
12 -3 -11
12 -3 -13
12 -3 -15
12 -4 -3
12 -4 -6
12 -4 -7
12 -4 -8
12 -4 -11
12 -4 -14
12 -4 -15
12 -5 -2
12 -5 -4
12 -5 -6
12 -5 -10
12 -5 -11
12 -5 -12
12 -6 -1
12 -6 -2
12 -6 -9
12 -6 -10
12 -6 -11
12 -6 -13
12 -6 -14
12 -6 -15
12 -7 -6
12 -7 -7
12 -7 -9
12 -7 -13
12 -7 -14
12 -8 0
12 -8 -1
12 -8 -3
12 -8 -5
12 -8 -8
12 -8 -9
12 -8 -14
12 -9 -2
12 -9 -10
12 -9 -11
12 -10 0
12 -10 -4
12 -10 -6
12 -10 -7
12 -10 -8
12 -10 -9
12 -10 -10
12 -10 -11
12 -10 -12
12 -10 -13
12 -11 -1
12 -11 -2
12 -11 -5
12 -11 -9
12 -11 -10
12 -12 -2
12 -12 -3
12 -12 -5
12 -12 -7
12 -12 -13
12 -12 -15
12 -13 -10
12 -13 -11
12 -13 -12
12 -13 -13
12 -14 -1
12 -14 -3
12 -14 -8
12 -14 -13
12 -15 0
12 -15 -7
12 -15 -10
12 -15 -13
13 0 -2
13 0 -3
13 0 -9
13 0 -11
13 0 -13
13 0 -14
13 0 -15
13 -1 -7
13 -1 -15
13 -2 -4
13 -2 -5
13 -2 -8
13 -2 -13
13 -2 -14
13 -3 -1
13 -3 -5
13 -3 -6
13 -3 -10
13 -3 -11
13 -3 -13
13 -3 -15
13 -4 -3
13 -4 -6
13 -4 -7
13 -4 -8
13 -4 -11
13 -4 -14
13 -4 -15
13 -5 -2
13 -5 -4
13 -5 -6
13 -5 -10
13 -5 -11
13 -5 -12
13 -6 -1
13 -6 -2
13 -6 -9
13 -6 -10
13 -6 -11
13 -6 -13
13 -6 -14
13 -6 -15
13 -7 -6
13 -7 -7
13 -7 -9
13 -7 -13
13 -7 -14
13 -8 0
13 -8 -1
13 -8 -3
13 -8 -5
13 -8 -8
13 -8 -9
13 -8 -14
13 -9 -2
13 -9 -10
13 -9 -11
13 -10 0
13 -10 -4
13 -10 -6
13 -10 -7
13 -10 -8
13 -10 -9
13 -10 -10
13 -10 -11
13 -10 -12
13 -10 -13
13 -11 -1
13 -11 -2
13 -11 -5
13 -11 -9
13 -11 -10
13 -12 -2
13 -12 -3
13 -12 -5
13 -12 -7
13 -12 -13
13 -12 -15
13 -13 -10
13 -13 -11
13 -13 -12
13 -13 -13
13 -14 -1
13 -14 -3
13 -14 -8
13 -14 -13
13 -15 0
13 -15 -7
13 -15 -10
13 -15 -13
14 0 -2
14 0 -3
14 0 -9
14 0 -11
14 0 -13
14 0 -14
14 0 -15
14 -1 -7
14 -1 -15
14 -2 -4
14 -2 -5
14 -2 -8
14 -2 -13
14 -2 -14
14 -3 -1
14 -3 -5
14 -3 -6
14 -3 -10
14 -3 -11
14 -3 -13
14 -3 -15
14 -4 -3
14 -4 -6
14 -4 -7
14 -4 -8
14 -4 -11
14 -4 -14
14 -4 -15
14 -5 -2
14 -5 -4
14 -5 -6
14 -5 -10
14 -5 -11
14 -5 -12
14 -6 -1
14 -6 -2
14 -6 -9
14 -6 -10
14 -6 -11
14 -6 -13
14 -6 -14
14 -6 -15
14 -7 -6
14 -7 -7
14 -7 -9
14 -7 -13
14 -7 -14
14 -8 0
14 -8 -1
14 -8 -3
14 -8 -5
14 -8 -8
14 -8 -9
14 -8 -14
14 -9 -2
14 -9 -10
14 -9 -11
14 -10 0
14 -10 -4
14 -10 -6
14 -10 -7
14 -10 -8
14 -10 -9
14 -10 -10
14 -10 -11
14 -10 -12
14 -10 -13
14 -11 -1
14 -11 -2
14 -11 -5
14 -11 -9
14 -11 -10
14 -12 -2
14 -12 -3
14 -12 -5
14 -12 -7
14 -12 -13
14 -12 -15
14 -13 -10
14 -13 -11
14 -13 -12
14 -13 -13
14 -14 -1
14 -14 -3
14 -14 -8
14 -14 -13
14 -15 0
14 -15 -7
14 -15 -10
14 -15 -13
15 0 -2
15 0 -3
15 0 -9
15 0 -11
15 0 -13
15 0 -14
15 0 -15
15 -1 -7
15 -1 -15
15 -2 -4
15 -2 -5
15 -2 -8
15 -2 -13
15 -2 -14
15 -3 -1
15 -3 -5
15 -3 -6
15 -3 -10
15 -3 -11
15 -3 -13
15 -3 -15
15 -4 -3
15 -4 -6
15 -4 -7
15 -4 -8
15 -4 -11
15 -4 -14
15 -4 -15
15 -5 -2
15 -5 -4
15 -5 -6
15 -5 -10
15 -5 -11
15 -5 -12
15 -6 -1
15 -6 -2
15 -6 -9
15 -6 -10
15 -6 -11
15 -6 -13
15 -6 -14
15 -6 -15
15 -7 -6
15 -7 -7
15 -7 -9
15 -7 -13
15 -7 -14
15 -8 0
15 -8 -1
15 -8 -3
15 -8 -5
15 -8 -8
15 -8 -9
15 -8 -14
15 -9 -2
15 -9 -10
15 -9 -11
15 -10 0
15 -10 -4
15 -10 -6
15 -10 -7
15 -10 -8
15 -10 -9
15 -10 -10
15 -10 -11
15 -10 -12
15 -10 -13
15 -11 -1
15 -11 -2
15 -11 -5
15 -11 -9
15 -11 -10
15 -12 -2
15 -12 -3
15 -12 -5
15 -12 -7
15 -12 -13
15 -12 -15
15 -13 -10
15 -13 -11
15 -13 -12
15 -13 -13
15 -14 -1
15 -14 -3
15 -14 -8
15 -14 -13
15 -15 0
15 -15 -7
15 -15 -10
15 -15 -13
16 0 -2
16 0 -3
16 0 -9
16 0 -11
16 0 -13
16 0 -14
16 0 -15
16 -1 -7
16 -1 -15
16 -2 -4
16 -2 -5
16 -2 -8
16 -2 -13
16 -2 -14
16 -3 -1
16 -3 -5
16 -3 -6
16 -3 -10
16 -3 -11
16 -3 -13
16 -3 -15
16 -4 -3
16 -4 -6
16 -4 -7
16 -4 -8
16 -4 -11
16 -4 -14
16 -4 -15
16 -5 -2
16 -5 -4
16 -5 -6
16 -5 -10
16 -5 -11
16 -5 -12
16 -6 -1
16 -6 -2
16 -6 -9
16 -6 -10
16 -6 -11
16 -6 -13
16 -6 -14
16 -6 -15
16 -7 -6
16 -7 -7
16 -7 -9
16 -7 -13
16 -7 -14
16 -8 0
16 -8 -1
16 -8 -3
16 -8 -5
16 -8 -8
16 -8 -9
16 -8 -14
16 -9 -2
16 -9 -10
16 -9 -11
16 -10 0
16 -10 -4
16 -10 -6
16 -10 -7
16 -10 -8
16 -10 -9
16 -10 -10
16 -10 -11
16 -10 -12
16 -10 -13
16 -11 -1
16 -11 -2
16 -11 -5
16 -11 -9
16 -11 -10
16 -12 -2
16 -12 -3
16 -12 -5
16 -12 -7
16 -12 -13
16 -12 -15
16 -13 -10
16 -13 -11
16 -13 -12
16 -13 -13
16 -14 -1
16 -14 -3
16 -14 -8
16 -14 -13
16 -15 0
16 -15 -7
16 -15 -10
16 -15 -13
17 0 -2
17 0 -3
17 0 -9
17 0 -11
17 0 -13
17 0 -14
17 0 -15
17 -1 -7
17 -1 -15
17 -2 -4
17 -2 -5
17 -2 -8
17 -2 -13
17 -2 -14
17 -3 -1
17 -3 -5
17 -3 -6
17 -3 -10
17 -3 -11
17 -3 -13
17 -3 -15
17 -4 -3
17 -4 -6
17 -4 -7
17 -4 -8
17 -4 -11
17 -4 -14
17 -4 -15
17 -5 -2
17 -5 -4
17 -5 -6
17 -5 -10
17 -5 -11
17 -5 -12
17 -6 -1
17 -6 -2
17 -6 -9
17 -6 -10
17 -6 -11
17 -6 -13
17 -6 -14
17 -6 -15
17 -7 -6
17 -7 -7
17 -7 -9
17 -7 -13
17 -7 -14
17 -8 0
17 -8 -1
17 -8 -3
17 -8 -5
17 -8 -8
17 -8 -9
17 -8 -14
17 -9 -2
17 -9 -10
17 -9 -11
17 -10 0
17 -10 -4
17 -10 -6
17 -10 -7
17 -10 -8
17 -10 -9
17 -10 -10
17 -10 -11
17 -10 -12
17 -10 -13
17 -11 -1
17 -11 -2
17 -11 -5
17 -11 -9
17 -11 -10
17 -12 -2
17 -12 -3
17 -12 -5
17 -12 -7
17 -12 -13
17 -12 -15
17 -13 -10
17 -13 -11
17 -13 -12
17 -13 -13
17 -14 -1
17 -14 -3
17 -14 -8
17 -14 -13
17 -15 0
17 -15 -7
17 -15 -10
17 -15 -13
18 0 -2
18 0 -3
18 0 -9
18 0 -11
18 0 -13
18 0 -14
18 0 -15
18 -1 -7
18 -1 -15
18 -2 -4
18 -2 -5
18 -2 -8
18 -2 -13
18 -2 -14
18 -3 -1
18 -3 -5
18 -3 -6
18 -3 -10
18 -3 -11
18 -3 -13
18 -3 -15
18 -4 -3
18 -4 -6
18 -4 -7
18 -4 -8
18 -4 -11
18 -4 -14
18 -4 -15
18 -5 -2
18 -5 -4
18 -5 -6
18 -5 -10
18 -5 -11
18 -5 -12
18 -6 -1
18 -6 -2
18 -6 -9
18 -6 -10
18 -6 -11
18 -6 -13
18 -6 -14
18 -6 -15
18 -7 -6
18 -7 -7
18 -7 -9
18 -7 -13
18 -7 -14
18 -8 0
18 -8 -1
18 -8 -3
18 -8 -5
18 -8 -8
18 -8 -9
18 -8 -14
18 -9 -2
18 -9 -10
18 -9 -11
18 -10 0
18 -10 -4
18 -10 -6
18 -10 -7
18 -10 -8
18 -10 -9
18 -10 -10
18 -10 -11
18 -10 -12
18 -10 -13
18 -11 -1
18 -11 -2
18 -11 -5
18 -11 -9
18 -11 -10
18 -12 -2
18 -12 -3
18 -12 -5
18 -12 -7
18 -12 -13
18 -12 -15
18 -13 -10
18 -13 -11
18 -13 -12
18 -13 -13
18 -14 -1
18 -14 -3
18 -14 -8
18 -14 -13
18 -15 0
18 -15 -7
18 -15 -10
18 -15 -13
19 0 -2
19 0 -3
19 0 -9
19 0 -11
19 0 -13
19 0 -14
19 0 -15
19 -1 -7
19 -1 -15
19 -2 -4
19 -2 -5
19 -2 -8
19 -2 -13
19 -2 -14
19 -3 -1
19 -3 -5
19 -3 -6
19 -3 -10
19 -3 -11
19 -3 -13
19 -3 -15
19 -4 -3
19 -4 -6
19 -4 -7
19 -4 -8
19 -4 -11
19 -4 -14
19 -4 -15
19 -5 -2
19 -5 -4
19 -5 -6
19 -5 -10
19 -5 -11
19 -5 -12
19 -6 -1
19 -6 -2
19 -6 -9
19 -6 -10
19 -6 -11
19 -6 -13
19 -6 -14
19 -6 -15
19 -7 -6
19 -7 -7
19 -7 -9
19 -7 -13
19 -7 -14
19 -8 0
19 -8 -1
19 -8 -3
19 -8 -5
19 -8 -8
19 -8 -9
19 -8 -14
19 -9 -2
19 -9 -10
19 -9 -11
19 -10 0
19 -10 -4
19 -10 -6
19 -10 -7
19 -10 -8
19 -10 -9
19 -10 -10
19 -10 -11
19 -10 -12
19 -10 -13
19 -11 -1
19 -11 -2
19 -11 -5
19 -11 -9
19 -11 -10
19 -12 -2
19 -12 -3
19 -12 -5
19 -12 -7
19 -12 -13
19 -12 -15
19 -13 -10
19 -13 -11
19 -13 -12
19 -13 -13
19 -14 -1
19 -14 -3
19 -14 -8
19 -14 -13
19 -15 0
19 -15 -7
19 -15 -10
19 -15 -13
20 0 -2
20 0 -3
20 0 -9
20 0 -11
20 0 -13
20 0 -14
20 0 -15
20 -1 -7
20 -1 -15
20 -2 -4
20 -2 -5
20 -2 -8
20 -2 -13
20 -2 -14
20 -3 -1
20 -3 -5
20 -3 -6
20 -3 -10
20 -3 -11
20 -3 -13
20 -3 -15
20 -4 -3
20 -4 -6
20 -4 -7
20 -4 -8
20 -4 -11
20 -4 -14
20 -4 -15
20 -5 -2
20 -5 -4
20 -5 -6
20 -5 -10
20 -5 -11
20 -5 -12
20 -6 -1
20 -6 -2
20 -6 -9
20 -6 -10
20 -6 -11
20 -6 -13
20 -6 -14
20 -6 -15
20 -7 -6
20 -7 -7
20 -7 -9
20 -7 -13
20 -7 -14
20 -8 0
20 -8 -1
20 -8 -3
20 -8 -5
20 -8 -8
20 -8 -9
20 -8 -14
20 -9 -2
20 -9 -10
20 -9 -11
20 -10 0
20 -10 -4
20 -10 -6
20 -10 -7
20 -10 -8
20 -10 -9
20 -10 -10
20 -10 -11
20 -10 -12
20 -10 -13
20 -11 -1
20 -11 -2
20 -11 -5
20 -11 -9
20 -11 -10
20 -12 -2
20 -12 -3
20 -12 -5
20 -12 -7
20 -12 -13
20 -12 -15
20 -13 -10
20 -13 -11
20 -13 -12
20 -13 -13
20 -14 -1
20 -14 -3
20 -14 -8
20 -14 -13
20 -15 0
20 -15 -7
20 -15 -10
20 -15 -13
21 0 -2
21 0 -3
21 0 -9
21 0 -11
21 0 -13
21 0 -14
21 0 -15
21 -1 -7
21 -1 -15
21 -2 -4
21 -2 -5
21 -2 -8
21 -2 -13
21 -2 -14
21 -3 -1
21 -3 -5
21 -3 -6
21 -3 -10
21 -3 -11
21 -3 -13
21 -3 -15
21 -4 -3
21 -4 -6
21 -4 -7
21 -4 -8
21 -4 -11
21 -4 -14
21 -4 -15
21 -5 -2
21 -5 -4
21 -5 -6
21 -5 -10
21 -5 -11
21 -5 -12
21 -6 -1
21 -6 -2
21 -6 -9
21 -6 -10
21 -6 -11
21 -6 -13
21 -6 -14
21 -6 -15
21 -7 -6
21 -7 -7
21 -7 -9
21 -7 -13
21 -7 -14
21 -8 0
21 -8 -1
21 -8 -3
21 -8 -5
21 -8 -8
21 -8 -9
21 -8 -14
21 -9 -2
21 -9 -10
21 -9 -11
21 -10 0
21 -10 -4
21 -10 -6
21 -10 -7
21 -10 -8
21 -10 -9
21 -10 -10
21 -10 -11
21 -10 -12
21 -10 -13
21 -11 -1
21 -11 -2
21 -11 -5
21 -11 -9
21 -11 -10
21 -12 -2
21 -12 -3
21 -12 -5
21 -12 -7
21 -12 -13
21 -12 -15
21 -13 -10
21 -13 -11
21 -13 -12
21 -13 -13
21 -14 -1
21 -14 -3
21 -14 -8
21 -14 -13
21 -15 0
21 -15 -7
21 -15 -10
21 -15 -13
22 0 -2
22 0 -3
22 0 -9
22 0 -11
22 0 -13
22 0 -14
22 0 -15
22 -1 -7
22 -1 -15
22 -2 -4
22 -2 -5
22 -2 -8
22 -2 -13
22 -2 -14
22 -3 -1
22 -3 -5
22 -3 -6
22 -3 -10
22 -3 -11
22 -3 -13
22 -3 -15
22 -4 -3
22 -4 -6
22 -4 -7
22 -4 -8
22 -4 -11
22 -4 -14
22 -4 -15
22 -5 -2
22 -5 -4
22 -5 -6
22 -5 -10
22 -5 -11
22 -5 -12
22 -6 -1
22 -6 -2
22 -6 -9
22 -6 -10
22 -6 -11
22 -6 -13
22 -6 -14
22 -6 -15
22 -7 -6
22 -7 -7
22 -7 -9
22 -7 -13
22 -7 -14
22 -8 0
22 -8 -1
22 -8 -3
22 -8 -5
22 -8 -8
22 -8 -9
22 -8 -14
22 -9 -2
22 -9 -10
22 -9 -11
22 -10 0
22 -10 -4
22 -10 -6
22 -10 -7
22 -10 -8
22 -10 -9
22 -10 -10
22 -10 -11
22 -10 -12
22 -10 -13
22 -11 -1
22 -11 -2
22 -11 -5
22 -11 -9
22 -11 -10
22 -12 -2
22 -12 -3
22 -12 -5
22 -12 -7
22 -12 -13
22 -12 -15
22 -13 -10
22 -13 -11
22 -13 -12
22 -13 -13
22 -14 -1
22 -14 -3
22 -14 -8
22 -14 -13
22 -15 0
22 -15 -7
22 -15 -10
22 -15 -13
23 0 -2
23 0 -3
23 0 -9
23 0 -11
23 0 -13
23 0 -14
23 0 -15
23 -1 -7
23 -1 -15
23 -2 -4
23 -2 -5
23 -2 -8
23 -2 -13
23 -2 -14
23 -3 -1
23 -3 -5
23 -3 -6
23 -3 -10
23 -3 -11
23 -3 -13
23 -3 -15
23 -4 -3
23 -4 -6
23 -4 -7
23 -4 -8
23 -4 -11
23 -4 -14
23 -4 -15
23 -5 -2
23 -5 -4
23 -5 -6
23 -5 -10
23 -5 -11
23 -5 -12
23 -6 -1
23 -6 -2
23 -6 -9
23 -6 -10
23 -6 -11
23 -6 -13
23 -6 -14
23 -6 -15
23 -7 -6
23 -7 -7
23 -7 -9
23 -7 -13
23 -7 -14
23 -8 0
23 -8 -1
23 -8 -3
23 -8 -5
23 -8 -8
23 -8 -9
23 -8 -14
23 -9 -2
23 -9 -10
23 -9 -11
23 -10 0
23 -10 -4
23 -10 -6
23 -10 -7
23 -10 -8
23 -10 -9
23 -10 -10
23 -10 -11
23 -10 -12
23 -10 -13
23 -11 -1
23 -11 -2
23 -11 -5
23 -11 -9
23 -11 -10
23 -12 -2
23 -12 -3
23 -12 -5
23 -12 -7
23 -12 -13
23 -12 -15
23 -13 -10
23 -13 -11
23 -13 -12
23 -13 -13
23 -14 -1
23 -14 -3
23 -14 -8
23 -14 -13
23 -15 0
23 -15 -7
23 -15 -10
23 -15 -13
24 0 -2
24 0 -3
24 0 -9
24 0 -11
24 0 -13
24 0 -14
24 0 -15
24 -1 -7
24 -1 -15
24 -2 -4
24 -2 -5
24 -2 -8
24 -2 -13
24 -2 -14
24 -3 -1
24 -3 -5
24 -3 -6
24 -3 -10
24 -3 -11
24 -3 -13
24 -3 -15
24 -4 -3
24 -4 -6
24 -4 -7
24 -4 -8
24 -4 -11
24 -4 -14
24 -4 -15
24 -5 -2
24 -5 -4
24 -5 -6
24 -5 -10
24 -5 -11
24 -5 -12
24 -6 -1
24 -6 -2
24 -6 -9
24 -6 -10
24 -6 -11
24 -6 -13
24 -6 -14
24 -6 -15
24 -7 -6
24 -7 -7
24 -7 -9
24 -7 -13
24 -7 -14
24 -8 0
24 -8 -1
24 -8 -3
24 -8 -5
24 -8 -8
24 -8 -9
24 -8 -14
24 -9 -2
24 -9 -10
24 -9 -11
24 -10 0
24 -10 -4
24 -10 -6
24 -10 -7
24 -10 -8
24 -10 -9
24 -10 -10
24 -10 -11
24 -10 -12
24 -10 -13
24 -11 -1
24 -11 -2
24 -11 -5
24 -11 -9
24 -11 -10
24 -12 -2
24 -12 -3
24 -12 -5
24 -12 -7
24 -12 -13
24 -12 -15
24 -13 -10
24 -13 -11
24 -13 -12
24 -13 -13
24 -14 -1
24 -14 -3
24 -14 -8
24 -14 -13
24 -15 0
24 -15 -7
24 -15 -10
24 -15 -13
25 0 -2
25 0 -3
25 0 -9
25 0 -11
25 0 -13
25 0 -14
25 0 -15
25 -1 -7
25 -1 -15
25 -2 -4
25 -2 -5
25 -2 -8
25 -2 -13
25 -2 -14
25 -3 -1
25 -3 -5
25 -3 -6
25 -3 -10
25 -3 -11
25 -3 -13
25 -3 -15
25 -4 -3
25 -4 -6
25 -4 -7
25 -4 -8
25 -4 -11
25 -4 -14
25 -4 -15
25 -5 -2
25 -5 -4
25 -5 -6
25 -5 -10
25 -5 -11
25 -5 -12
25 -6 -1
25 -6 -2
25 -6 -9
25 -6 -10
25 -6 -11
25 -6 -13
25 -6 -14
25 -6 -15
25 -7 -6
25 -7 -7
25 -7 -9
25 -7 -13
25 -7 -14
25 -8 0
25 -8 -1
25 -8 -3
25 -8 -5
25 -8 -8
25 -8 -9
25 -8 -14
25 -9 -2
25 -9 -10
25 -9 -11
25 -10 0
25 -10 -4
25 -10 -6
25 -10 -7
25 -10 -8
25 -10 -9
25 -10 -10
25 -10 -11
25 -10 -12
25 -10 -13
25 -11 -1
25 -11 -2
25 -11 -5
25 -11 -9
25 -11 -10
25 -12 -2
25 -12 -3
25 -12 -5
25 -12 -7
25 -12 -13
25 -12 -15
25 -13 -10
25 -13 -11
25 -13 -12
25 -13 -13
25 -14 -1
25 -14 -3
25 -14 -8
25 -14 -13
25 -15 0
25 -15 -7
25 -15 -10
25 -15 -13
26 0 -2
26 0 -3
26 0 -9
26 0 -11
26 0 -13
26 0 -14
26 0 -15
26 -1 -7
26 -1 -15
26 -2 -4
26 -2 -5
26 -2 -8
26 -2 -13
26 -2 -14
26 -3 -1
26 -3 -5
26 -3 -6
26 -3 -10
26 -3 -11
26 -3 -13
26 -3 -15
26 -4 -3
26 -4 -6
26 -4 -7
26 -4 -8
26 -4 -11
26 -4 -14
26 -4 -15
26 -5 -2
26 -5 -4
26 -5 -6
26 -5 -10
26 -5 -11
26 -5 -12
26 -6 -1
26 -6 -2
26 -6 -9
26 -6 -10
26 -6 -11
26 -6 -13
26 -6 -14
26 -6 -15
26 -7 -6
26 -7 -7
26 -7 -9
26 -7 -13
26 -7 -14
26 -8 0
26 -8 -1
26 -8 -3
26 -8 -5
26 -8 -8
26 -8 -9
26 -8 -14
26 -9 -2
26 -9 -10
26 -9 -11
26 -10 0
26 -10 -4
26 -10 -6
26 -10 -7
26 -10 -8
26 -10 -9
26 -10 -10
26 -10 -11
26 -10 -12
26 -10 -13
26 -11 -1
26 -11 -2
26 -11 -5
26 -11 -9
26 -11 -10
26 -12 -2
26 -12 -3
26 -12 -5
26 -12 -7
26 -12 -13
26 -12 -15
26 -13 -10
26 -13 -11
26 -13 -12
26 -13 -13
26 -14 -1
26 -14 -3
26 -14 -8
26 -14 -13
26 -15 0
26 -15 -7
26 -15 -10
26 -15 -13
27 0 -2
27 0 -3
27 0 -9
27 0 -11
27 0 -13
27 0 -14
27 0 -15
27 -1 -7
27 -1 -15
27 -2 -4
27 -2 -5
27 -2 -8
27 -2 -13
27 -2 -14
27 -3 -1
27 -3 -5
27 -3 -6
27 -3 -10
27 -3 -11
27 -3 -13
27 -3 -15
27 -4 -3
27 -4 -6
27 -4 -7
27 -4 -8
27 -4 -11
27 -4 -14
27 -4 -15
27 -5 -2
27 -5 -4
27 -5 -6
27 -5 -10
27 -5 -11
27 -5 -12
27 -6 -1
27 -6 -2
27 -6 -9
27 -6 -10
27 -6 -11
27 -6 -13
27 -6 -14
27 -6 -15
27 -7 -6
27 -7 -7
27 -7 -9
27 -7 -13
27 -7 -14
27 -8 0
27 -8 -1
27 -8 -3
27 -8 -5
27 -8 -8
27 -8 -9
27 -8 -14
27 -9 -2
27 -9 -10
27 -9 -11
27 -10 0
27 -10 -4
27 -10 -6
27 -10 -7
27 -10 -8
27 -10 -9
27 -10 -10
27 -10 -11
27 -10 -12
27 -10 -13
27 -11 -1
27 -11 -2
27 -11 -5
27 -11 -9
27 -11 -10
27 -12 -2
27 -12 -3
27 -12 -5
27 -12 -7
27 -12 -13
27 -12 -15
27 -13 -10
27 -13 -11
27 -13 -12
27 -13 -13
27 -14 -1
27 -14 -3
27 -14 -8
27 -14 -13
27 -15 0
27 -15 -7
27 -15 -10
27 -15 -13
28 0 -2
28 0 -3
28 0 -9
28 0 -11
28 0 -13
28 0 -14
28 0 -15
28 -1 -7
28 -1 -15
28 -2 -4
28 -2 -5
28 -2 -8
28 -2 -13
28 -2 -14
28 -3 -1
28 -3 -5
28 -3 -6
28 -3 -10
28 -3 -11
28 -3 -13
28 -3 -15
28 -4 -3
28 -4 -6
28 -4 -7
28 -4 -8
28 -4 -11
28 -4 -14
28 -4 -15
28 -5 -2
28 -5 -4
28 -5 -6
28 -5 -10
28 -5 -11
28 -5 -12
28 -6 -1
28 -6 -2
28 -6 -9
28 -6 -10
28 -6 -11
28 -6 -13
28 -6 -14
28 -6 -15
28 -7 -6
28 -7 -7
28 -7 -9
28 -7 -13
28 -7 -14
28 -8 0
28 -8 -1
28 -8 -3
28 -8 -5
28 -8 -8
28 -8 -9
28 -8 -14
28 -9 -2
28 -9 -10
28 -9 -11
28 -10 0
28 -10 -4
28 -10 -6
28 -10 -7
28 -10 -8
28 -10 -9
28 -10 -10
28 -10 -11
28 -10 -12
28 -10 -13
28 -11 -1
28 -11 -2
28 -11 -5
28 -11 -9
28 -11 -10
28 -12 -2
28 -12 -3
28 -12 -5
28 -12 -7
28 -12 -13
28 -12 -15
28 -13 -10
28 -13 -11
28 -13 -12
28 -13 -13
28 -14 -1
28 -14 -3
28 -14 -8
28 -14 -13
28 -15 0
28 -15 -7
28 -15 -10
28 -15 -13
29 0 -2
29 0 -3
29 0 -9
29 0 -11
29 0 -13
29 0 -14
29 0 -15
29 -1 -7
29 -1 -15
29 -2 -4
29 -2 -5
29 -2 -8
29 -2 -13
29 -2 -14
29 -3 -1
29 -3 -5
29 -3 -6
29 -3 -10
29 -3 -11
29 -3 -13
29 -3 -15
29 -4 -3
29 -4 -6
29 -4 -7
29 -4 -8
29 -4 -11
29 -4 -14
29 -4 -15
29 -5 -2
29 -5 -4
29 -5 -6
29 -5 -10
29 -5 -11
29 -5 -12
29 -6 -1
29 -6 -2
29 -6 -9
29 -6 -10
29 -6 -11
29 -6 -13
29 -6 -14
29 -6 -15
29 -7 -6
29 -7 -7
29 -7 -9
29 -7 -13
29 -7 -14
29 -8 0
29 -8 -1
29 -8 -3
29 -8 -5
29 -8 -8
29 -8 -9
29 -8 -14
29 -9 -2
29 -9 -10
29 -9 -11
29 -10 0
29 -10 -4
29 -10 -6
29 -10 -7
29 -10 -8
29 -10 -9
29 -10 -10
29 -10 -11
29 -10 -12
29 -10 -13
29 -11 -1
29 -11 -2
29 -11 -5
29 -11 -9
29 -11 -10
29 -12 -2
29 -12 -3
29 -12 -5
29 -12 -7
29 -12 -13
29 -12 -15
29 -13 -10
29 -13 -11
29 -13 -12
29 -13 -13
29 -14 -1
29 -14 -3
29 -14 -8
29 -14 -13
29 -15 0
29 -15 -7
29 -15 -10
29 -15 -13
30 0 -2
30 0 -3
30 0 -9
30 0 -11
30 0 -13
30 0 -14
30 0 -15
30 -1 -7
30 -1 -15
30 -2 -4
30 -2 -5
30 -2 -8
30 -2 -13
30 -2 -14
30 -3 -1
30 -3 -5
30 -3 -6
30 -3 -10
30 -3 -11
30 -3 -13
30 -3 -15
30 -4 -3
30 -4 -6
30 -4 -7
30 -4 -8
30 -4 -11
30 -4 -14
30 -4 -15
30 -5 -2
30 -5 -4
30 -5 -6
30 -5 -10
30 -5 -11
30 -5 -12
30 -6 -1
30 -6 -2
30 -6 -9
30 -6 -10
30 -6 -11
30 -6 -13
30 -6 -14
30 -6 -15
30 -7 -6
30 -7 -7
30 -7 -9
30 -7 -13
30 -7 -14
30 -8 0
30 -8 -1
30 -8 -3
30 -8 -5
30 -8 -8
30 -8 -9
30 -8 -14
30 -9 -2
30 -9 -10
30 -9 -11
30 -10 0
30 -10 -4
30 -10 -6
30 -10 -7
30 -10 -8
30 -10 -9
30 -10 -10
30 -10 -11
30 -10 -12
30 -10 -13
30 -11 -1
30 -11 -2
30 -11 -5
30 -11 -9
30 -11 -10
30 -12 -2
30 -12 -3
30 -12 -5
30 -12 -7
30 -12 -13
30 -12 -15
30 -13 -10
30 -13 -11
30 -13 -12
30 -13 -13
30 -14 -1
30 -14 -3
30 -14 -8
30 -14 -13
30 -15 0
30 -15 -7
30 -15 -10
30 -15 -13
31 0 -2
31 0 -3
31 0 -9
31 0 -11
31 0 -13
31 0 -14
31 0 -15
31 -1 -7
31 -1 -15
31 -2 -4
31 -2 -5
31 -2 -8
31 -2 -13
31 -2 -14
31 -3 -1
31 -3 -5
31 -3 -6
31 -3 -10
31 -3 -11
31 -3 -13
31 -3 -15
31 -4 -3
31 -4 -6
31 -4 -7
31 -4 -8
31 -4 -11
31 -4 -14
31 -4 -15
31 -5 -2
31 -5 -4
31 -5 -6
31 -5 -10
31 -5 -11
31 -5 -12
31 -6 -1
31 -6 -2
31 -6 -9
31 -6 -10
31 -6 -11
31 -6 -13
31 -6 -14
31 -6 -15
31 -7 -6
31 -7 -7
31 -7 -9
31 -7 -13
31 -7 -14
31 -8 0
31 -8 -1
31 -8 -3
31 -8 -5
31 -8 -8
31 -8 -9
31 -8 -14
31 -9 -2
31 -9 -10
31 -9 -11
31 -10 0
31 -10 -4
31 -10 -6
31 -10 -7
31 -10 -8
31 -10 -9
31 -10 -10
31 -10 -11
31 -10 -12
31 -10 -13
31 -11 -1
31 -11 -2
31 -11 -5
31 -11 -9
31 -11 -10
31 -12 -2
31 -12 -3
31 -12 -5
31 -12 -7
31 -12 -13
31 -12 -15
31 -13 -10
31 -13 -11
31 -13 -12
31 -13 -13
31 -14 -1
31 -14 -3
31 -14 -8
31 -14 -13
31 -15 0
31 -15 -7
31 -15 -10
31 -15 -13
32 0 -2
32 0 -3
32 0 -9
32 0 -11
32 0 -13
32 0 -14
32 0 -15
32 -1 -7
32 -1 -15
32 -2 -4
32 -2 -5
32 -2 -8
32 -2 -13
32 -2 -14
32 -3 -1
32 -3 -5
32 -3 -6
32 -3 -10
32 -3 -11
32 -3 -13
32 -3 -15
32 -4 -3
32 -4 -6
32 -4 -7
32 -4 -8
32 -4 -11
32 -4 -14
32 -4 -15
32 -5 -2
32 -5 -4
32 -5 -6
32 -5 -10
32 -5 -11
32 -5 -12
32 -6 -1
32 -6 -2
32 -6 -9
32 -6 -10
32 -6 -11
32 -6 -13
32 -6 -14
32 -6 -15
32 -7 -6
32 -7 -7
32 -7 -9
32 -7 -13
32 -7 -14
32 -8 0
32 -8 -1
32 -8 -3
32 -8 -5
32 -8 -8
32 -8 -9
32 -8 -14
32 -9 -2
32 -9 -10
32 -9 -11
32 -10 0
32 -10 -4
32 -10 -6
32 -10 -7
32 -10 -8
32 -10 -9
32 -10 -10
32 -10 -11
32 -10 -12
32 -10 -13
32 -11 -1
32 -11 -2
32 -11 -5
32 -11 -9
32 -11 -10
32 -12 -2
32 -12 -3
32 -12 -5
32 -12 -7
32 -12 -13
32 -12 -15
32 -13 -10
32 -13 -11
32 -13 -12
32 -13 -13
32 -14 -1
32 -14 -3
32 -14 -8
32 -14 -13
32 -15 0
32 -15 -7
32 -15 -10
32 -15 -13
33 0 -2
33 0 -3
33 0 -9
33 0 -11
33 0 -13
33 0 -14
33 0 -15
33 -1 -7
33 -1 -15
33 -2 -4
33 -2 -5
33 -2 -8
33 -2 -13
33 -2 -14
33 -3 -1
33 -3 -5
33 -3 -6
33 -3 -10
33 -3 -11
33 -3 -13
33 -3 -15
33 -4 -3
33 -4 -6
33 -4 -7
33 -4 -8
33 -4 -11
33 -4 -14
33 -4 -15
33 -5 -2
33 -5 -4
33 -5 -6
33 -5 -10
33 -5 -11
33 -5 -12
33 -6 -1
33 -6 -2
33 -6 -9
33 -6 -10
33 -6 -11
33 -6 -13
33 -6 -14
33 -6 -15
33 -7 -6
33 -7 -7
33 -7 -9
33 -7 -13
33 -7 -14
33 -8 0
33 -8 -1
33 -8 -3
33 -8 -5
33 -8 -8
33 -8 -9
33 -8 -14
33 -9 -2
33 -9 -10
33 -9 -11
33 -10 0
33 -10 -4
33 -10 -6
33 -10 -7
33 -10 -8
33 -10 -9
33 -10 -10
33 -10 -11
33 -10 -12
33 -10 -13
33 -11 -1
33 -11 -2
33 -11 -5
33 -11 -9
33 -11 -10
33 -12 -2
33 -12 -3
33 -12 -5
33 -12 -7
33 -12 -13
33 -12 -15
33 -13 -10
33 -13 -11
33 -13 -12
33 -13 -13
33 -14 -1
33 -14 -3
33 -14 -8
33 -14 -13
33 -15 0
33 -15 -7
33 -15 -10
33 -15 -13
34 0 -2
34 0 -3
34 0 -9
34 0 -11
34 0 -13
34 0 -14
34 0 -15
34 -1 -7
34 -1 -15
34 -2 -4
34 -2 -5
34 -2 -8
34 -2 -13
34 -2 -14
34 -3 -1
34 -3 -5
34 -3 -6
34 -3 -10
34 -3 -11
34 -3 -13
34 -3 -15
34 -4 -3
34 -4 -6
34 -4 -7
34 -4 -8
34 -4 -11
34 -4 -14
34 -4 -15
34 -5 -2
34 -5 -4
34 -5 -6
34 -5 -10
34 -5 -11
34 -5 -12
34 -6 -1
34 -6 -2
34 -6 -9
34 -6 -10
34 -6 -11
34 -6 -13
34 -6 -14
34 -6 -15
34 -7 -6
34 -7 -7
34 -7 -9
34 -7 -13
34 -7 -14
34 -8 0
34 -8 -1
34 -8 -3
34 -8 -5
34 -8 -8
34 -8 -9
34 -8 -14
34 -9 -2
34 -9 -10
34 -9 -11
34 -10 0
34 -10 -4
34 -10 -6
34 -10 -7
34 -10 -8
34 -10 -9
34 -10 -10
34 -10 -11
34 -10 -12
34 -10 -13
34 -11 -1
34 -11 -2
34 -11 -5
34 -11 -9
34 -11 -10
34 -12 -2
34 -12 -3
34 -12 -5
34 -12 -7
34 -12 -13
34 -12 -15
34 -13 -10
34 -13 -11
34 -13 -12
34 -13 -13
34 -14 -1
34 -14 -3
34 -14 -8
34 -14 -13
34 -15 0
34 -15 -7
34 -15 -10
34 -15 -13
35 0 -2
35 0 -3
35 0 -9
35 0 -11
35 0 -13
35 0 -14
35 0 -15
35 -1 -7
35 -1 -15
35 -2 -4
35 -2 -5
35 -2 -8
35 -2 -13
35 -2 -14
35 -3 -1
35 -3 -5
35 -3 -6
35 -3 -10
35 -3 -11
35 -3 -13
35 -3 -15
35 -4 -3
35 -4 -6
35 -4 -7
35 -4 -8
35 -4 -11
35 -4 -14
35 -4 -15
35 -5 -2
35 -5 -4
35 -5 -6
35 -5 -10
35 -5 -11
35 -5 -12
35 -6 -1
35 -6 -2
35 -6 -9
35 -6 -10
35 -6 -11
35 -6 -13
35 -6 -14
35 -6 -15
35 -7 -6
35 -7 -7
35 -7 -9
35 -7 -13
35 -7 -14
35 -8 0
35 -8 -1
35 -8 -3
35 -8 -5
35 -8 -8
35 -8 -9
35 -8 -14
35 -9 -2
35 -9 -10
35 -9 -11
35 -10 0
35 -10 -4
35 -10 -6
35 -10 -7
35 -10 -8
35 -10 -9
35 -10 -10
35 -10 -11
35 -10 -12
35 -10 -13
35 -11 -1
35 -11 -2
35 -11 -5
35 -11 -9
35 -11 -10
35 -12 -2
35 -12 -3
35 -12 -5
35 -12 -7
35 -12 -13
35 -12 -15
35 -13 -10
35 -13 -11
35 -13 -12
35 -13 -13
35 -14 -1
35 -14 -3
35 -14 -8
35 -14 -13
35 -15 0
35 -15 -7
35 -15 -10
35 -15 -13
36 0 -2
36 0 -3
36 0 -9
36 0 -11
36 0 -13
36 0 -14
36 0 -15
36 -1 -7
36 -1 -15
36 -2 -4
36 -2 -5
36 -2 -8
36 -2 -13
36 -2 -14
36 -3 -1
36 -3 -5
36 -3 -6
36 -3 -10
36 -3 -11
36 -3 -13
36 -3 -15
36 -4 -3
36 -4 -6
36 -4 -7
36 -4 -8
36 -4 -11
36 -4 -14
36 -4 -15
36 -5 -2
36 -5 -4
36 -5 -6
36 -5 -10
36 -5 -11
36 -5 -12
36 -6 -1
36 -6 -2
36 -6 -9
36 -6 -10
36 -6 -11
36 -6 -13
36 -6 -14
36 -6 -15
36 -7 -6
36 -7 -7
36 -7 -9
36 -7 -13
36 -7 -14
36 -8 0
36 -8 -1
36 -8 -3
36 -8 -5
36 -8 -8
36 -8 -9
36 -8 -14
36 -9 -2
36 -9 -10
36 -9 -11
36 -10 0
36 -10 -4
36 -10 -6
36 -10 -7
36 -10 -8
36 -10 -9
36 -10 -10
36 -10 -11
36 -10 -12
36 -10 -13
36 -11 -1
36 -11 -2
36 -11 -5
36 -11 -9
36 -11 -10
36 -12 -2
36 -12 -3
36 -12 -5
36 -12 -7
36 -12 -13
36 -12 -15
36 -13 -10
36 -13 -11
36 -13 -12
36 -13 -13
36 -14 -1
36 -14 -3
36 -14 -8
36 -14 -13
36 -15 0
36 -15 -7
36 -15 -10
36 -15 -13
37 0 -2
37 0 -3
37 0 -9
37 0 -11
37 0 -13
37 0 -14
37 0 -15
37 -1 -7
37 -1 -15
37 -2 -4
37 -2 -5
37 -2 -8
37 -2 -13
37 -2 -14
37 -3 -1
37 -3 -5
37 -3 -6
37 -3 -10
37 -3 -11
37 -3 -13
37 -3 -15
37 -4 -3
37 -4 -6
37 -4 -7
37 -4 -8
37 -4 -11
37 -4 -14
37 -4 -15
37 -5 -2
37 -5 -4
37 -5 -6
37 -5 -10
37 -5 -11
37 -5 -12
37 -6 -1
37 -6 -2
37 -6 -9
37 -6 -10
37 -6 -11
37 -6 -13
37 -6 -14
37 -6 -15
37 -7 -6
37 -7 -7
37 -7 -9
37 -7 -13
37 -7 -14
37 -8 0
37 -8 -1
37 -8 -3
37 -8 -5
37 -8 -8
37 -8 -9
37 -8 -14
37 -9 -2
37 -9 -10
37 -9 -11
37 -10 0
37 -10 -4
37 -10 -6
37 -10 -7
37 -10 -8
37 -10 -9
37 -10 -10
37 -10 -11
37 -10 -12
37 -10 -13
37 -11 -1
37 -11 -2
37 -11 -5
37 -11 -9
37 -11 -10
37 -12 -2
37 -12 -3
37 -12 -5
37 -12 -7
37 -12 -13
37 -12 -15
37 -13 -10
37 -13 -11
37 -13 -12
37 -13 -13
37 -14 -1
37 -14 -3
37 -14 -8
37 -14 -13
37 -15 0
37 -15 -7
37 -15 -10
37 -15 -13
38 0 -2
38 0 -3
38 0 -9
38 0 -11
38 0 -13
38 0 -14
38 0 -15
38 -1 -7
38 -1 -15
38 -2 -4
38 -2 -5
38 -2 -8
38 -2 -13
38 -2 -14
38 -3 -1
38 -3 -5
38 -3 -6
38 -3 -10
38 -3 -11
38 -3 -13
38 -3 -15
38 -4 -3
38 -4 -6
38 -4 -7
38 -4 -8
38 -4 -11
38 -4 -14
38 -4 -15
38 -5 -2
38 -5 -4
38 -5 -6
38 -5 -10
38 -5 -11
38 -5 -12
38 -6 -1
38 -6 -2
38 -6 -9
38 -6 -10
38 -6 -11
38 -6 -13
38 -6 -14
38 -6 -15
38 -7 -6
38 -7 -7
38 -7 -9
38 -7 -13
38 -7 -14
38 -8 0
38 -8 -1
38 -8 -3
38 -8 -5
38 -8 -8
38 -8 -9
38 -8 -14
38 -9 -2
38 -9 -10
38 -9 -11
38 -10 0
38 -10 -4
38 -10 -6
38 -10 -7
38 -10 -8
38 -10 -9
38 -10 -10
38 -10 -11
38 -10 -12
38 -10 -13
38 -11 -1
38 -11 -2
38 -11 -5
38 -11 -9
38 -11 -10
38 -12 -2
38 -12 -3
38 -12 -5
38 -12 -7
38 -12 -13
38 -12 -15
38 -13 -10
38 -13 -11
38 -13 -12
38 -13 -13
38 -14 -1
38 -14 -3
38 -14 -8
38 -14 -13
38 -15 0
38 -15 -7
38 -15 -10
38 -15 -13
39 0 -2
39 0 -3
39 0 -9
39 0 -11
39 0 -13
39 0 -14
39 0 -15
39 -1 -7
39 -1 -15
39 -2 -4
39 -2 -5
39 -2 -8
39 -2 -13
39 -2 -14
39 -3 -1
39 -3 -5
39 -3 -6
39 -3 -10
39 -3 -11
39 -3 -13
39 -3 -15
39 -4 -3
39 -4 -6
39 -4 -7
39 -4 -8
39 -4 -11
39 -4 -14
39 -4 -15
39 -5 -2
39 -5 -4
39 -5 -6
39 -5 -10
39 -5 -11
39 -5 -12
39 -6 -1
39 -6 -2
39 -6 -9
39 -6 -10
39 -6 -11
39 -6 -13
39 -6 -14
39 -6 -15
39 -7 -6
39 -7 -7
39 -7 -9
39 -7 -13
39 -7 -14
39 -8 0
39 -8 -1
39 -8 -3
39 -8 -5
39 -8 -8
39 -8 -9
39 -8 -14
39 -9 -2
39 -9 -10
39 -9 -11
39 -10 0
39 -10 -4
39 -10 -6
39 -10 -7
39 -10 -8
39 -10 -9
39 -10 -10
39 -10 -11
39 -10 -12
39 -10 -13
39 -11 -1
39 -11 -2
39 -11 -5
39 -11 -9
39 -11 -10
39 -12 -2
39 -12 -3
39 -12 -5
39 -12 -7
39 -12 -13
39 -12 -15
39 -13 -10
39 -13 -11
39 -13 -12
39 -13 -13
39 -14 -1
39 -14 -3
39 -14 -8
39 -14 -13
39 -15 0
39 -15 -7
39 -15 -10
39 -15 -13
40 0 -2
40 0 -3
40 0 -9
40 0 -11
40 0 -13
40 0 -14
40 0 -15
40 -1 -7
40 -1 -15
40 -2 -4
40 -2 -5
40 -2 -8
40 -2 -13
40 -2 -14
40 -3 -1
40 -3 -5
40 -3 -6
40 -3 -10
40 -3 -11
40 -3 -13
40 -3 -15
40 -4 -3
40 -4 -6
40 -4 -7
40 -4 -8
40 -4 -11
40 -4 -14
40 -4 -15
40 -5 -2
40 -5 -4
40 -5 -6
40 -5 -10
40 -5 -11
40 -5 -12
40 -6 -1
40 -6 -2
40 -6 -9
40 -6 -10
40 -6 -11
40 -6 -13
40 -6 -14
40 -6 -15
40 -7 -6
40 -7 -7
40 -7 -9
40 -7 -13
40 -7 -14
40 -8 0
40 -8 -1
40 -8 -3
40 -8 -5
40 -8 -8
40 -8 -9
40 -8 -14
40 -9 -2
40 -9 -10
40 -9 -11
40 -10 0
40 -10 -4
40 -10 -6
40 -10 -7
40 -10 -8
40 -10 -9
40 -10 -10
40 -10 -11
40 -10 -12
40 -10 -13
40 -11 -1
40 -11 -2
40 -11 -5
40 -11 -9
40 -11 -10
40 -12 -2
40 -12 -3
40 -12 -5
40 -12 -7
40 -12 -13
40 -12 -15
40 -13 -10
40 -13 -11
40 -13 -12
40 -13 -13
40 -14 -1
40 -14 -3
40 -14 -8
40 -14 -13
40 -15 0
40 -15 -7
40 -15 -10
40 -15 -13
41 0 -2
41 0 -3
41 0 -9
41 0 -11
41 0 -13
41 0 -14
41 0 -15
41 -1 -7
41 -1 -15
41 -2 -4
41 -2 -5
41 -2 -8
41 -2 -13
41 -2 -14
41 -3 -1
41 -3 -5
41 -3 -6
41 -3 -10
41 -3 -11
41 -3 -13
41 -3 -15
41 -4 -3
41 -4 -6
41 -4 -7
41 -4 -8
41 -4 -11
41 -4 -14
41 -4 -15
41 -5 -2
41 -5 -4
41 -5 -6
41 -5 -10
41 -5 -11
41 -5 -12
41 -6 -1
41 -6 -2
41 -6 -9
41 -6 -10
41 -6 -11
41 -6 -13
41 -6 -14
41 -6 -15
41 -7 -6
41 -7 -7
41 -7 -9
41 -7 -13
41 -7 -14
41 -8 0
41 -8 -1
41 -8 -3
41 -8 -5
41 -8 -8
41 -8 -9
41 -8 -14
41 -9 -2
41 -9 -10
41 -9 -11
41 -10 0
41 -10 -4
41 -10 -6
41 -10 -7
41 -10 -8
41 -10 -9
41 -10 -10
41 -10 -11
41 -10 -12
41 -10 -13
41 -11 -1
41 -11 -2
41 -11 -5
41 -11 -9
41 -11 -10
41 -12 -2
41 -12 -3
41 -12 -5
41 -12 -7
41 -12 -13
41 -12 -15
41 -13 -10
41 -13 -11
41 -13 -12
41 -13 -13
41 -14 -1
41 -14 -3
41 -14 -8
41 -14 -13
41 -15 0
41 -15 -7
41 -15 -10
41 -15 -13
42 0 -2
42 0 -3
42 0 -9
42 0 -11
42 0 -13
42 0 -14
42 0 -15
42 -1 -7
42 -1 -15
42 -2 -4
42 -2 -5
42 -2 -8
42 -2 -13
42 -2 -14
42 -3 -1
42 -3 -5
42 -3 -6
42 -3 -10
42 -3 -11
42 -3 -13
42 -3 -15
42 -4 -3
42 -4 -6
42 -4 -7
42 -4 -8
42 -4 -11
42 -4 -14
42 -4 -15
42 -5 -2
42 -5 -4
42 -5 -6
42 -5 -10
42 -5 -11
42 -5 -12
42 -6 -1
42 -6 -2
42 -6 -9
42 -6 -10
42 -6 -11
42 -6 -13
42 -6 -14
42 -6 -15
42 -7 -6
42 -7 -7
42 -7 -9
42 -7 -13
42 -7 -14
42 -8 0
42 -8 -1
42 -8 -3
42 -8 -5
42 -8 -8
42 -8 -9
42 -8 -14
42 -9 -2
42 -9 -10
42 -9 -11
42 -10 0
42 -10 -4
42 -10 -6
42 -10 -7
42 -10 -8
42 -10 -9
42 -10 -10
42 -10 -11
42 -10 -12
42 -10 -13
42 -11 -1
42 -11 -2
42 -11 -5
42 -11 -9
42 -11 -10
42 -12 -2
42 -12 -3
42 -12 -5
42 -12 -7
42 -12 -13
42 -12 -15
42 -13 -10
42 -13 -11
42 -13 -12
42 -13 -13
42 -14 -1
42 -14 -3
42 -14 -8
42 -14 -13
42 -15 0
42 -15 -7
42 -15 -10
42 -15 -13
43 0 -2
43 0 -3
43 0 -9
43 0 -11
43 0 -13
43 0 -14
43 0 -15
43 -1 -7
43 -1 -15
43 -2 -4
43 -2 -5
43 -2 -8
43 -2 -13
43 -2 -14
43 -3 -1
43 -3 -5
43 -3 -6
43 -3 -10
43 -3 -11
43 -3 -13
43 -3 -15
43 -4 -3
43 -4 -6
43 -4 -7
43 -4 -8
43 -4 -11
43 -4 -14
43 -4 -15
43 -5 -2
43 -5 -4
43 -5 -6
43 -5 -10
43 -5 -11
43 -5 -12
43 -6 -1
43 -6 -2
43 -6 -9
43 -6 -10
43 -6 -11
43 -6 -13
43 -6 -14
43 -6 -15
43 -7 -6
43 -7 -7
43 -7 -9
43 -7 -13
43 -7 -14
43 -8 0
43 -8 -1
43 -8 -3
43 -8 -5
43 -8 -8
43 -8 -9
43 -8 -14
43 -9 -2
43 -9 -10
43 -9 -11
43 -10 0
43 -10 -4
43 -10 -6
43 -10 -7
43 -10 -8
43 -10 -9
43 -10 -10
43 -10 -11
43 -10 -12
43 -10 -13
43 -11 -1
43 -11 -2
43 -11 -5
43 -11 -9
43 -11 -10
43 -12 -2
43 -12 -3
43 -12 -5
43 -12 -7
43 -12 -13
43 -12 -15
43 -13 -10
43 -13 -11
43 -13 -12
43 -13 -13
43 -14 -1
43 -14 -3
43 -14 -8
43 -14 -13
43 -15 0
43 -15 -7
43 -15 -10
43 -15 -13
44 0 -2
44 0 -3
44 0 -9
44 0 -11
44 0 -13
44 0 -14
44 0 -15
44 -1 -7
44 -1 -15
44 -2 -4
44 -2 -5
44 -2 -8
44 -2 -13
44 -2 -14
44 -3 -1
44 -3 -5
44 -3 -6
44 -3 -10
44 -3 -11
44 -3 -13
44 -3 -15
44 -4 -3
44 -4 -6
44 -4 -7
44 -4 -8
44 -4 -11
44 -4 -14
44 -4 -15
44 -5 -2
44 -5 -4
44 -5 -6
44 -5 -10
44 -5 -11
44 -5 -12
44 -6 -1
44 -6 -2
44 -6 -9
44 -6 -10
44 -6 -11
44 -6 -13
44 -6 -14
44 -6 -15
44 -7 -6
44 -7 -7
44 -7 -9
44 -7 -13
44 -7 -14
44 -8 0
44 -8 -1
44 -8 -3
44 -8 -5
44 -8 -8
44 -8 -9
44 -8 -14
44 -9 -2
44 -9 -10
44 -9 -11
44 -10 0
44 -10 -4
44 -10 -6
44 -10 -7
44 -10 -8
44 -10 -9
44 -10 -10
44 -10 -11
44 -10 -12
44 -10 -13
44 -11 -1
44 -11 -2
44 -11 -5
44 -11 -9
44 -11 -10
44 -12 -2
44 -12 -3
44 -12 -5
44 -12 -7
44 -12 -13
44 -12 -15
44 -13 -10
44 -13 -11
44 -13 -12
44 -13 -13
44 -14 -1
44 -14 -3
44 -14 -8
44 -14 -13
44 -15 0
44 -15 -7
44 -15 -10
44 -15 -13
45 0 -2
45 0 -3
45 0 -9
45 0 -11
45 0 -13
45 0 -14
45 0 -15
45 -1 -7
45 -1 -15
45 -2 -4
45 -2 -5
45 -2 -8
45 -2 -13
45 -2 -14
45 -3 -1
45 -3 -5
45 -3 -6
45 -3 -10
45 -3 -11
45 -3 -13
45 -3 -15
45 -4 -3
45 -4 -6
45 -4 -7
45 -4 -8
45 -4 -11
45 -4 -14
45 -4 -15
45 -5 -2
45 -5 -4
45 -5 -6
45 -5 -10
45 -5 -11
45 -5 -12
45 -6 -1
45 -6 -2
45 -6 -9
45 -6 -10
45 -6 -11
45 -6 -13
45 -6 -14
45 -6 -15
45 -7 -6
45 -7 -7
45 -7 -9
45 -7 -13
45 -7 -14
45 -8 0
45 -8 -1
45 -8 -3
45 -8 -5
45 -8 -8
45 -8 -9
45 -8 -14
45 -9 -2
45 -9 -10
45 -9 -11
45 -10 0
45 -10 -4
45 -10 -6
45 -10 -7
45 -10 -8
45 -10 -9
45 -10 -10
45 -10 -11
45 -10 -12
45 -10 -13
45 -11 -1
45 -11 -2
45 -11 -5
45 -11 -9
45 -11 -10
45 -12 -2
45 -12 -3
45 -12 -5
45 -12 -7
45 -12 -13
45 -12 -15
45 -13 -10
45 -13 -11
45 -13 -12
45 -13 -13
45 -14 -1
45 -14 -3
45 -14 -8
45 -14 -13
45 -15 0
45 -15 -7
45 -15 -10
45 -15 -13
46 0 -2
46 0 -3
46 0 -9
46 0 -11
46 0 -13
46 0 -14
46 0 -15
46 -1 -7
46 -1 -15
46 -2 -4
46 -2 -5
46 -2 -8
46 -2 -13
46 -2 -14
46 -3 -1
46 -3 -5
46 -3 -6
46 -3 -10
46 -3 -11
46 -3 -13
46 -3 -15
46 -4 -3
46 -4 -6
46 -4 -7
46 -4 -8
46 -4 -11
46 -4 -14
46 -4 -15
46 -5 -2
46 -5 -4
46 -5 -6
46 -5 -10
46 -5 -11
46 -5 -12
46 -6 -1
46 -6 -2
46 -6 -9
46 -6 -10
46 -6 -11
46 -6 -13
46 -6 -14
46 -6 -15
46 -7 -6
46 -7 -7
46 -7 -9
46 -7 -13
46 -7 -14
46 -8 0
46 -8 -1
46 -8 -3
46 -8 -5
46 -8 -8
46 -8 -9
46 -8 -14
46 -9 -2
46 -9 -10
46 -9 -11
46 -10 0
46 -10 -4
46 -10 -6
46 -10 -7
46 -10 -8
46 -10 -9
46 -10 -10
46 -10 -11
46 -10 -12
46 -10 -13
46 -11 -1
46 -11 -2
46 -11 -5
46 -11 -9
46 -11 -10
46 -12 -2
46 -12 -3
46 -12 -5
46 -12 -7
46 -12 -13
46 -12 -15
46 -13 -10
46 -13 -11
46 -13 -12
46 -13 -13
46 -14 -1
46 -14 -3
46 -14 -8
46 -14 -13
46 -15 0
46 -15 -7
46 -15 -10
46 -15 -13
47 0 -2
47 0 -3
47 0 -9
47 0 -11
47 0 -13
47 0 -14
47 0 -15
47 -1 -7
47 -1 -15
47 -2 -4
47 -2 -5
47 -2 -8
47 -2 -13
47 -2 -14
47 -3 -1
47 -3 -5
47 -3 -6
47 -3 -10
47 -3 -11
47 -3 -13
47 -3 -15
47 -4 -3
47 -4 -6
47 -4 -7
47 -4 -8
47 -4 -11
47 -4 -14
47 -4 -15
47 -5 -2
47 -5 -4
47 -5 -6
47 -5 -10
47 -5 -11
47 -5 -12
47 -6 -1
47 -6 -2
47 -6 -9
47 -6 -10
47 -6 -11
47 -6 -13
47 -6 -14
47 -6 -15
47 -7 -6
47 -7 -7
47 -7 -9
47 -7 -13
47 -7 -14
47 -8 0
47 -8 -1
47 -8 -3
47 -8 -5
47 -8 -8
47 -8 -9
47 -8 -14
47 -9 -2
47 -9 -10
47 -9 -11
47 -10 0
47 -10 -4
47 -10 -6
47 -10 -7
47 -10 -8
47 -10 -9
47 -10 -10
47 -10 -11
47 -10 -12
47 -10 -13
47 -11 -1
47 -11 -2
47 -11 -5
47 -11 -9
47 -11 -10
47 -12 -2
47 -12 -3
47 -12 -5
47 -12 -7
47 -12 -13
47 -12 -15
47 -13 -10
47 -13 -11
47 -13 -12
47 -13 -13
47 -14 -1
47 -14 -3
47 -14 -8
47 -14 -13
47 -15 0
47 -15 -7
47 -15 -10
47 -15 -13
48 0 -2
48 0 -3
48 0 -9
48 0 -11
48 0 -13
48 0 -14
48 0 -15
48 -1 -7
48 -1 -15
48 -2 -4
48 -2 -5
48 -2 -8
48 -2 -13
48 -2 -14
48 -3 -1
48 -3 -5
48 -3 -6
48 -3 -10
48 -3 -11
48 -3 -13
48 -3 -15
48 -4 -3
48 -4 -6
48 -4 -7
48 -4 -8
48 -4 -11
48 -4 -14
48 -4 -15
48 -5 -2
48 -5 -4
48 -5 -6
48 -5 -10
48 -5 -11
48 -5 -12
48 -6 -1
48 -6 -2
48 -6 -9
48 -6 -10
48 -6 -11
48 -6 -13
48 -6 -14
48 -6 -15
48 -7 -6
48 -7 -7
48 -7 -9
48 -7 -13
48 -7 -14
48 -8 0
48 -8 -1
48 -8 -3
48 -8 -5
48 -8 -8
48 -8 -9
48 -8 -14
48 -9 -2
48 -9 -10
48 -9 -11
48 -10 0
48 -10 -4
48 -10 -6
48 -10 -7
48 -10 -8
48 -10 -9
48 -10 -10
48 -10 -11
48 -10 -12
48 -10 -13
48 -11 -1
48 -11 -2
48 -11 -5
48 -11 -9
48 -11 -10
48 -12 -2
48 -12 -3
48 -12 -5
48 -12 -7
48 -12 -13
48 -12 -15
48 -13 -10
48 -13 -11
48 -13 -12
48 -13 -13
48 -14 -1
48 -14 -3
48 -14 -8
48 -14 -13
48 -15 0
48 -15 -7
48 -15 -10
48 -15 -13
49 0 -2
49 0 -3
49 0 -9
49 0 -11
49 0 -13
49 0 -14
49 0 -15
49 -1 -7
49 -1 -15
49 -2 -4
49 -2 -5
49 -2 -8
49 -2 -13
49 -2 -14
49 -3 -1
49 -3 -5
49 -3 -6
49 -3 -10
49 -3 -11
49 -3 -13
49 -3 -15
49 -4 -3
49 -4 -6
49 -4 -7
49 -4 -8
49 -4 -11
49 -4 -14
49 -4 -15
49 -5 -2
49 -5 -4
49 -5 -6
49 -5 -10
49 -5 -11
49 -5 -12
49 -6 -1
49 -6 -2
49 -6 -9
49 -6 -10
49 -6 -11
49 -6 -13
49 -6 -14
49 -6 -15
49 -7 -6
49 -7 -7
49 -7 -9
49 -7 -13
49 -7 -14
49 -8 0
49 -8 -1
49 -8 -3
49 -8 -5
49 -8 -8
49 -8 -9
49 -8 -14
49 -9 -2
49 -9 -10
49 -9 -11
49 -10 0
49 -10 -4
49 -10 -6
49 -10 -7
49 -10 -8
49 -10 -9
49 -10 -10
49 -10 -11
49 -10 -12
49 -10 -13
49 -11 -1
49 -11 -2
49 -11 -5
49 -11 -9
49 -11 -10
49 -12 -2
49 -12 -3
49 -12 -5
49 -12 -7
49 -12 -13
49 -12 -15
49 -13 -10
49 -13 -11
49 -13 -12
49 -13 -13
49 -14 -1
49 -14 -3
49 -14 -8
49 -14 -13
49 -15 0
49 -15 -7
49 -15 -10
49 -15 -13
50 0 -2
50 0 -3
50 0 -9
50 0 -11
50 0 -13
50 0 -14
50 0 -15
50 -1 -7
50 -1 -15
50 -2 -4
50 -2 -5
50 -2 -8
50 -2 -13
50 -2 -14
50 -3 -1
50 -3 -5
50 -3 -6
50 -3 -10
50 -3 -11
50 -3 -13
50 -3 -15
50 -4 -3
50 -4 -6
50 -4 -7
50 -4 -8
50 -4 -11
50 -4 -14
50 -4 -15
50 -5 -2
50 -5 -4
50 -5 -6
50 -5 -10
50 -5 -11
50 -5 -12
50 -6 -1
50 -6 -2
50 -6 -9
50 -6 -10
50 -6 -11
50 -6 -13
50 -6 -14
50 -6 -15
50 -7 -6
50 -7 -7
50 -7 -9
50 -7 -13
50 -7 -14
50 -8 0
50 -8 -1
50 -8 -3
50 -8 -5
50 -8 -8
50 -8 -9
50 -8 -14
50 -9 -2
50 -9 -10
50 -9 -11
50 -10 0
50 -10 -4
50 -10 -6
50 -10 -7
50 -10 -8
50 -10 -9
50 -10 -10
50 -10 -11
50 -10 -12
50 -10 -13
50 -11 -1
50 -11 -2
50 -11 -5
50 -11 -9
50 -11 -10
50 -12 -2
50 -12 -3
50 -12 -5
50 -12 -7
50 -12 -13
50 -12 -15
50 -13 -10
50 -13 -11
50 -13 -12
50 -13 -13
50 -14 -1
50 -14 -3
50 -14 -8
50 -14 -13
50 -15 0
50 -15 -7
50 -15 -10
50 -15 -13
51 0 -2
51 0 -3
51 0 -9
51 0 -11
51 0 -13
51 0 -14
51 0 -15
51 -1 -7
51 -1 -15
51 -2 -4
51 -2 -5
51 -2 -8
51 -2 -13
51 -2 -14
51 -3 -1
51 -3 -5
51 -3 -6
51 -3 -10
51 -3 -11
51 -3 -13
51 -3 -15
51 -4 -3
51 -4 -6
51 -4 -7
51 -4 -8
51 -4 -11
51 -4 -14
51 -4 -15
51 -5 -2
51 -5 -4
51 -5 -6
51 -5 -10
51 -5 -11
51 -5 -12
51 -6 -1
51 -6 -2
51 -6 -9
51 -6 -10
51 -6 -11
51 -6 -13
51 -6 -14
51 -6 -15
51 -7 -6
51 -7 -7
51 -7 -9
51 -7 -13
51 -7 -14
51 -8 0
51 -8 -1
51 -8 -3
51 -8 -5
51 -8 -8
51 -8 -9
51 -8 -14
51 -9 -2
51 -9 -10
51 -9 -11
51 -10 0
51 -10 -4
51 -10 -6
51 -10 -7
51 -10 -8
51 -10 -9
51 -10 -10
51 -10 -11
51 -10 -12
51 -10 -13
51 -11 -1
51 -11 -2
51 -11 -5
51 -11 -9
51 -11 -10
51 -12 -2
51 -12 -3
51 -12 -5
51 -12 -7
51 -12 -13
51 -12 -15
51 -13 -10
51 -13 -11
51 -13 -12
51 -13 -13
51 -14 -1
51 -14 -3
51 -14 -8
51 -14 -13
51 -15 0
51 -15 -7
51 -15 -10
51 -15 -13
52 0 -2
52 0 -3
52 0 -9
52 0 -11
52 0 -13
52 0 -14
52 0 -15
52 -1 -7
52 -1 -15
52 -2 -4
52 -2 -5
52 -2 -8
52 -2 -13
52 -2 -14
52 -3 -1
52 -3 -5
52 -3 -6
52 -3 -10
52 -3 -11
52 -3 -13
52 -3 -15
52 -4 -3
52 -4 -6
52 -4 -7
52 -4 -8
52 -4 -11
52 -4 -14
52 -4 -15
52 -5 -2
52 -5 -4
52 -5 -6
52 -5 -10
52 -5 -11
52 -5 -12
52 -6 -1
52 -6 -2
52 -6 -9
52 -6 -10
52 -6 -11
52 -6 -13
52 -6 -14
52 -6 -15
52 -7 -6
52 -7 -7
52 -7 -9
52 -7 -13
52 -7 -14
52 -8 0
52 -8 -1
52 -8 -3
52 -8 -5
52 -8 -8
52 -8 -9
52 -8 -14
52 -9 -2
52 -9 -10
52 -9 -11
52 -10 0
52 -10 -4
52 -10 -6
52 -10 -7
52 -10 -8
52 -10 -9
52 -10 -10
52 -10 -11
52 -10 -12
52 -10 -13
52 -11 -1
52 -11 -2
52 -11 -5
52 -11 -9
52 -11 -10
52 -12 -2
52 -12 -3
52 -12 -5
52 -12 -7
52 -12 -13
52 -12 -15
52 -13 -10
52 -13 -11
52 -13 -12
52 -13 -13
52 -14 -1
52 -14 -3
52 -14 -8
52 -14 -13
52 -15 0
52 -15 -7
52 -15 -10
52 -15 -13
53 0 -2
53 0 -3
53 0 -9
53 0 -11
53 0 -13
53 0 -14
53 0 -15
53 -1 -7
53 -1 -15
53 -2 -4
53 -2 -5
53 -2 -8
53 -2 -13
53 -2 -14
53 -3 -1
53 -3 -5
53 -3 -6
53 -3 -10
53 -3 -11
53 -3 -13
53 -3 -15
53 -4 -3
53 -4 -6
53 -4 -7
53 -4 -8
53 -4 -11
53 -4 -14
53 -4 -15
53 -5 -2
53 -5 -4
53 -5 -6
53 -5 -10
53 -5 -11
53 -5 -12
53 -6 -1
53 -6 -2
53 -6 -9
53 -6 -10
53 -6 -11
53 -6 -13
53 -6 -14
53 -6 -15
53 -7 -6
53 -7 -7
53 -7 -9
53 -7 -13
53 -7 -14
53 -8 0
53 -8 -1
53 -8 -3
53 -8 -5
53 -8 -8
53 -8 -9
53 -8 -14
53 -9 -2
53 -9 -10
53 -9 -11
53 -10 0
53 -10 -4
53 -10 -6
53 -10 -7
53 -10 -8
53 -10 -9
53 -10 -10
53 -10 -11
53 -10 -12
53 -10 -13
53 -11 -1
53 -11 -2
53 -11 -5
53 -11 -9
53 -11 -10
53 -12 -2
53 -12 -3
53 -12 -5
53 -12 -7
53 -12 -13
53 -12 -15
53 -13 -10
53 -13 -11
53 -13 -12
53 -13 -13
53 -14 -1
53 -14 -3
53 -14 -8
53 -14 -13
53 -15 0
53 -15 -7
53 -15 -10
53 -15 -13
54 0 -2
54 0 -3
54 0 -9
54 0 -11
54 0 -13
54 0 -14
54 0 -15
54 -1 -7
54 -1 -15
54 -2 -4
54 -2 -5
54 -2 -8
54 -2 -13
54 -2 -14
54 -3 -1
54 -3 -5
54 -3 -6
54 -3 -10
54 -3 -11
54 -3 -13
54 -3 -15
54 -4 -3
54 -4 -6
54 -4 -7
54 -4 -8
54 -4 -11
54 -4 -14
54 -4 -15
54 -5 -2
54 -5 -4
54 -5 -6
54 -5 -10
54 -5 -11
54 -5 -12
54 -6 -1
54 -6 -2
54 -6 -9
54 -6 -10
54 -6 -11
54 -6 -13
54 -6 -14
54 -6 -15
54 -7 -6
54 -7 -7
54 -7 -9
54 -7 -13
54 -7 -14
54 -8 0
54 -8 -1
54 -8 -3
54 -8 -5
54 -8 -8
54 -8 -9
54 -8 -14
54 -9 -2
54 -9 -10
54 -9 -11
54 -10 0
54 -10 -4
54 -10 -6
54 -10 -7
54 -10 -8
54 -10 -9
54 -10 -10
54 -10 -11
54 -10 -12
54 -10 -13
54 -11 -1
54 -11 -2
54 -11 -5
54 -11 -9
54 -11 -10
54 -12 -2
54 -12 -3
54 -12 -5
54 -12 -7
54 -12 -13
54 -12 -15
54 -13 -10
54 -13 -11
54 -13 -12
54 -13 -13
54 -14 -1
54 -14 -3
54 -14 -8
54 -14 -13
54 -15 0
54 -15 -7
54 -15 -10
54 -15 -13
55 0 -2
55 0 -3
55 0 -9
55 0 -11
55 0 -13
55 0 -14
55 0 -15
55 -1 -7
55 -1 -15
55 -2 -4
55 -2 -5
55 -2 -8
55 -2 -13
55 -2 -14
55 -3 -1
55 -3 -5
55 -3 -6
55 -3 -10
55 -3 -11
55 -3 -13
55 -3 -15
55 -4 -3
55 -4 -6
55 -4 -7
55 -4 -8
55 -4 -11
55 -4 -14
55 -4 -15
55 -5 -2
55 -5 -4
55 -5 -6
55 -5 -10
55 -5 -11
55 -5 -12
55 -6 -1
55 -6 -2
55 -6 -9
55 -6 -10
55 -6 -11
55 -6 -13
55 -6 -14
55 -6 -15
55 -7 -6
55 -7 -7
55 -7 -9
55 -7 -13
55 -7 -14
55 -8 0
55 -8 -1
55 -8 -3
55 -8 -5
55 -8 -8
55 -8 -9
55 -8 -14
55 -9 -2
55 -9 -10
55 -9 -11
55 -10 0
55 -10 -4
55 -10 -6
55 -10 -7
55 -10 -8
55 -10 -9
55 -10 -10
55 -10 -11
55 -10 -12
55 -10 -13
55 -11 -1
55 -11 -2
55 -11 -5
55 -11 -9
55 -11 -10
55 -12 -2
55 -12 -3
55 -12 -5
55 -12 -7
55 -12 -13
55 -12 -15
55 -13 -10
55 -13 -11
55 -13 -12
55 -13 -13
55 -14 -1
55 -14 -3
55 -14 -8
55 -14 -13
55 -15 0
55 -15 -7
55 -15 -10
55 -15 -13
56 0 -2
56 0 -3
56 0 -9
56 0 -11
56 0 -13
56 0 -14
56 0 -15
56 -1 -7
56 -1 -15
56 -2 -4
56 -2 -5
56 -2 -8
56 -2 -13
56 -2 -14
56 -3 -1
56 -3 -5
56 -3 -6
56 -3 -10
56 -3 -11
56 -3 -13
56 -3 -15
56 -4 -3
56 -4 -6
56 -4 -7
56 -4 -8
56 -4 -11
56 -4 -14
56 -4 -15
56 -5 -2
56 -5 -4
56 -5 -6
56 -5 -10
56 -5 -11
56 -5 -12
56 -6 -1
56 -6 -2
56 -6 -9
56 -6 -10
56 -6 -11
56 -6 -13
56 -6 -14
56 -6 -15
56 -7 -6
56 -7 -7
56 -7 -9
56 -7 -13
56 -7 -14
56 -8 0
56 -8 -1
56 -8 -3
56 -8 -5
56 -8 -8
56 -8 -9
56 -8 -14
56 -9 -2
56 -9 -10
56 -9 -11
56 -10 0
56 -10 -4
56 -10 -6
56 -10 -7
56 -10 -8
56 -10 -9
56 -10 -10
56 -10 -11
56 -10 -12
56 -10 -13
56 -11 -1
56 -11 -2
56 -11 -5
56 -11 -9
56 -11 -10
56 -12 -2
56 -12 -3
56 -12 -5
56 -12 -7
56 -12 -13
56 -12 -15
56 -13 -10
56 -13 -11
56 -13 -12
56 -13 -13
56 -14 -1
56 -14 -3
56 -14 -8
56 -14 -13
56 -15 0
56 -15 -7
56 -15 -10
56 -15 -13
57 0 -2
57 0 -3
57 0 -9
57 0 -11
57 0 -13
57 0 -14
57 0 -15
57 -1 -7
57 -1 -15
57 -2 -4
57 -2 -5
57 -2 -8
57 -2 -13
57 -2 -14
57 -3 -1
57 -3 -5
57 -3 -6
57 -3 -10
57 -3 -11
57 -3 -13
57 -3 -15
57 -4 -3
57 -4 -6
57 -4 -7
57 -4 -8
57 -4 -11
57 -4 -14
57 -4 -15
57 -5 -2
57 -5 -4
57 -5 -6
57 -5 -10
57 -5 -11
57 -5 -12
57 -6 -1
57 -6 -2
57 -6 -9
57 -6 -10
57 -6 -11
57 -6 -13
57 -6 -14
57 -6 -15
57 -7 -6
57 -7 -7
57 -7 -9
57 -7 -13
57 -7 -14
57 -8 0
57 -8 -1
57 -8 -3
57 -8 -5
57 -8 -8
57 -8 -9
57 -8 -14
57 -9 -2
57 -9 -10
57 -9 -11
57 -10 0
57 -10 -4
57 -10 -6
57 -10 -7
57 -10 -8
57 -10 -9
57 -10 -10
57 -10 -11
57 -10 -12
57 -10 -13
57 -11 -1
57 -11 -2
57 -11 -5
57 -11 -9
57 -11 -10
57 -12 -2
57 -12 -3
57 -12 -5
57 -12 -7
57 -12 -13
57 -12 -15
57 -13 -10
57 -13 -11
57 -13 -12
57 -13 -13
57 -14 -1
57 -14 -3
57 -14 -8
57 -14 -13
57 -15 0
57 -15 -7
57 -15 -10
57 -15 -13
58 0 -2
58 0 -3
58 0 -9
58 0 -11
58 0 -13
58 0 -14
58 0 -15
58 -1 -7
58 -1 -15
58 -2 -4
58 -2 -5
58 -2 -8
58 -2 -13
58 -2 -14
58 -3 -1
58 -3 -5
58 -3 -6
58 -3 -10
58 -3 -11
58 -3 -13
58 -3 -15
58 -4 -3
58 -4 -6
58 -4 -7
58 -4 -8
58 -4 -11
58 -4 -14
58 -4 -15
58 -5 -2
58 -5 -4
58 -5 -6
58 -5 -10
58 -5 -11
58 -5 -12
58 -6 -1
58 -6 -2
58 -6 -9
58 -6 -10
58 -6 -11
58 -6 -13
58 -6 -14
58 -6 -15
58 -7 -6
58 -7 -7
58 -7 -9
58 -7 -13
58 -7 -14
58 -8 0
58 -8 -1
58 -8 -3
58 -8 -5
58 -8 -8
58 -8 -9
58 -8 -14
58 -9 -2
58 -9 -10
58 -9 -11
58 -10 0
58 -10 -4
58 -10 -6
58 -10 -7
58 -10 -8
58 -10 -9
58 -10 -10
58 -10 -11
58 -10 -12
58 -10 -13
58 -11 -1
58 -11 -2
58 -11 -5
58 -11 -9
58 -11 -10
58 -12 -2
58 -12 -3
58 -12 -5
58 -12 -7
58 -12 -13
58 -12 -15
58 -13 -10
58 -13 -11
58 -13 -12
58 -13 -13
58 -14 -1
58 -14 -3
58 -14 -8
58 -14 -13
58 -15 0
58 -15 -7
58 -15 -10
58 -15 -13
59 0 -2
59 0 -3
59 0 -9
59 0 -11
59 0 -13
59 0 -14
59 0 -15
59 -1 -7
59 -1 -15
59 -2 -4
59 -2 -5
59 -2 -8
59 -2 -13
59 -2 -14
59 -3 -1
59 -3 -5
59 -3 -6
59 -3 -10
59 -3 -11
59 -3 -13
59 -3 -15
59 -4 -3
59 -4 -6
59 -4 -7
59 -4 -8
59 -4 -11
59 -4 -14
59 -4 -15
59 -5 -2
59 -5 -4
59 -5 -6
59 -5 -10
59 -5 -11
59 -5 -12
59 -6 -1
59 -6 -2
59 -6 -9
59 -6 -10
59 -6 -11
59 -6 -13
59 -6 -14
59 -6 -15
59 -7 -6
59 -7 -7
59 -7 -9
59 -7 -13
59 -7 -14
59 -8 0
59 -8 -1
59 -8 -3
59 -8 -5
59 -8 -8
59 -8 -9
59 -8 -14
59 -9 -2
59 -9 -10
59 -9 -11
59 -10 0
59 -10 -4
59 -10 -6
59 -10 -7
59 -10 -8
59 -10 -9
59 -10 -10
59 -10 -11
59 -10 -12
59 -10 -13
59 -11 -1
59 -11 -2
59 -11 -5
59 -11 -9
59 -11 -10
59 -12 -2
59 -12 -3
59 -12 -5
59 -12 -7
59 -12 -13
59 -12 -15
59 -13 -10
59 -13 -11
59 -13 -12
59 -13 -13
59 -14 -1
59 -14 -3
59 -14 -8
59 -14 -13
59 -15 0
59 -15 -7
59 -15 -10
59 -15 -13
60 0 -2
60 0 -3
60 0 -9
60 0 -11
60 0 -13
60 0 -14
60 0 -15
60 -1 -7
60 -1 -15
60 -2 -4
60 -2 -5
60 -2 -8
60 -2 -13
60 -2 -14
60 -3 -1
60 -3 -5
60 -3 -6
60 -3 -10
60 -3 -11
60 -3 -13
60 -3 -15
60 -4 -3
60 -4 -6
60 -4 -7
60 -4 -8
60 -4 -11
60 -4 -14
60 -4 -15
60 -5 -2
60 -5 -4
60 -5 -6
60 -5 -10
60 -5 -11
60 -5 -12
60 -6 -1
60 -6 -2
60 -6 -9
60 -6 -10
60 -6 -11
60 -6 -13
60 -6 -14
60 -6 -15
60 -7 -6
60 -7 -7
60 -7 -9
60 -7 -13
60 -7 -14
60 -8 0
60 -8 -1
60 -8 -3
60 -8 -5
60 -8 -8
60 -8 -9
60 -8 -14
60 -9 -2
60 -9 -10
60 -9 -11
60 -10 0
60 -10 -4
60 -10 -6
60 -10 -7
60 -10 -8
60 -10 -9
60 -10 -10
60 -10 -11
60 -10 -12
60 -10 -13
60 -11 -1
60 -11 -2
60 -11 -5
60 -11 -9
60 -11 -10
60 -12 -2
60 -12 -3
60 -12 -5
60 -12 -7
60 -12 -13
60 -12 -15
60 -13 -10
60 -13 -11
60 -13 -12
60 -13 -13
60 -14 -1
60 -14 -3
60 -14 -8
60 -14 -13
60 -15 0
60 -15 -7
60 -15 -10
60 -15 -13
61 0 -2
61 0 -3
61 0 -9
61 0 -11
61 0 -13
61 0 -14
61 0 -15
61 -1 -7
61 -1 -15
61 -2 -4
61 -2 -5
61 -2 -8
61 -2 -13
61 -2 -14
61 -3 -1
61 -3 -5
61 -3 -6
61 -3 -10
61 -3 -11
61 -3 -13
61 -3 -15
61 -4 -3
61 -4 -6
61 -4 -7
61 -4 -8
61 -4 -11
61 -4 -14
61 -4 -15
61 -5 -2
61 -5 -4
61 -5 -6
61 -5 -10
61 -5 -11
61 -5 -12
61 -6 -1
61 -6 -2
61 -6 -9
61 -6 -10
61 -6 -11
61 -6 -13
61 -6 -14
61 -6 -15
61 -7 -6
61 -7 -7
61 -7 -9
61 -7 -13
61 -7 -14
61 -8 0
61 -8 -1
61 -8 -3
61 -8 -5
61 -8 -8
61 -8 -9
61 -8 -14
61 -9 -2
61 -9 -10
61 -9 -11
61 -10 0
61 -10 -4
61 -10 -6
61 -10 -7
61 -10 -8
61 -10 -9
61 -10 -10
61 -10 -11
61 -10 -12
61 -10 -13
61 -11 -1
61 -11 -2
61 -11 -5
61 -11 -9
61 -11 -10
61 -12 -2
61 -12 -3
61 -12 -5
61 -12 -7
61 -12 -13
61 -12 -15
61 -13 -10
61 -13 -11
61 -13 -12
61 -13 -13
61 -14 -1
61 -14 -3
61 -14 -8
61 -14 -13
61 -15 0
61 -15 -7
61 -15 -10
61 -15 -13
62 0 -2
62 0 -3
62 0 -9
62 0 -11
62 0 -13
62 0 -14
62 0 -15
62 -1 -7
62 -1 -15
62 -2 -4
62 -2 -5
62 -2 -8
62 -2 -13
62 -2 -14
62 -3 -1
62 -3 -5
62 -3 -6
62 -3 -10
62 -3 -11
62 -3 -13
62 -3 -15
62 -4 -3
62 -4 -6
62 -4 -7
62 -4 -8
62 -4 -11
62 -4 -14
62 -4 -15
62 -5 -2
62 -5 -4
62 -5 -6
62 -5 -10
62 -5 -11
62 -5 -12
62 -6 -1
62 -6 -2
62 -6 -9
62 -6 -10
62 -6 -11
62 -6 -13
62 -6 -14
62 -6 -15
62 -7 -6
62 -7 -7
62 -7 -9
62 -7 -13
62 -7 -14
62 -8 0
62 -8 -1
62 -8 -3
62 -8 -5
62 -8 -8
62 -8 -9
62 -8 -14
62 -9 -2
62 -9 -10
62 -9 -11
62 -10 0
62 -10 -4
62 -10 -6
62 -10 -7
62 -10 -8
62 -10 -9
62 -10 -10
62 -10 -11
62 -10 -12
62 -10 -13
62 -11 -1
62 -11 -2
62 -11 -5
62 -11 -9
62 -11 -10
62 -12 -2
62 -12 -3
62 -12 -5
62 -12 -7
62 -12 -13
62 -12 -15
62 -13 -10
62 -13 -11
62 -13 -12
62 -13 -13
62 -14 -1
62 -14 -3
62 -14 -8
62 -14 -13
62 -15 0
62 -15 -7
62 -15 -10
62 -15 -13
63 0 -2
63 0 -3
63 0 -9
63 0 -11
63 0 -13
63 0 -14
63 0 -15
63 -1 -7
63 -1 -15
63 -2 -4
63 -2 -5
63 -2 -8
63 -2 -13
63 -2 -14
63 -3 -1
63 -3 -5
63 -3 -6
63 -3 -10
63 -3 -11
63 -3 -13
63 -3 -15
63 -4 -3
63 -4 -6
63 -4 -7
63 -4 -8
63 -4 -11
63 -4 -14
63 -4 -15
63 -5 -2
63 -5 -4
63 -5 -6
63 -5 -10
63 -5 -11
63 -5 -12
63 -6 -1
63 -6 -2
63 -6 -9
63 -6 -10
63 -6 -11
63 -6 -13
63 -6 -14
63 -6 -15
63 -7 -6
63 -7 -7
63 -7 -9
63 -7 -13
63 -7 -14
63 -8 0
63 -8 -1
63 -8 -3
63 -8 -5
63 -8 -8
63 -8 -9
63 -8 -14
63 -9 -2
63 -9 -10
63 -9 -11
63 -10 0
63 -10 -4
63 -10 -6
63 -10 -7
63 -10 -8
63 -10 -9
63 -10 -10
63 -10 -11
63 -10 -12
63 -10 -13
63 -11 -1
63 -11 -2
63 -11 -5
63 -11 -9
63 -11 -10
63 -12 -2
63 -12 -3
63 -12 -5
63 -12 -7
63 -12 -13
63 -12 -15
63 -13 -10
63 -13 -11
63 -13 -12
63 -13 -13
63 -14 -1
63 -14 -3
63 -14 -8
63 -14 -13
63 -15 0
63 -15 -7
63 -15 -10
63 -15 -13
64 0 -2
64 0 -3
64 0 -9
64 0 -11
64 0 -13
64 0 -14
64 0 -15
64 -1 -7
64 -1 -15
64 -2 -4
64 -2 -5
64 -2 -8
64 -2 -13
64 -2 -14
64 -3 -1
64 -3 -5
64 -3 -6
64 -3 -10
64 -3 -11
64 -3 -13
64 -3 -15
64 -4 -3
64 -4 -6
64 -4 -7
64 -4 -8
64 -4 -11
64 -4 -14
64 -4 -15
64 -5 -2
64 -5 -4
64 -5 -6
64 -5 -10
64 -5 -11
64 -5 -12
64 -6 -1
64 -6 -2
64 -6 -9
64 -6 -10
64 -6 -11
64 -6 -13
64 -6 -14
64 -6 -15
64 -7 -6
64 -7 -7
64 -7 -9
64 -7 -13
64 -7 -14
64 -8 0
64 -8 -1
64 -8 -3
64 -8 -5
64 -8 -8
64 -8 -9
64 -8 -14
64 -9 -2
64 -9 -10
64 -9 -11
64 -10 0
64 -10 -4
64 -10 -6
64 -10 -7
64 -10 -8
64 -10 -9
64 -10 -10
64 -10 -11
64 -10 -12
64 -10 -13
64 -11 -1
64 -11 -2
64 -11 -5
64 -11 -9
64 -11 -10
64 -12 -2
64 -12 -3
64 -12 -5
64 -12 -7
64 -12 -13
64 -12 -15
64 -13 -10
64 -13 -11
64 -13 -12
64 -13 -13
64 -14 -1
64 -14 -3
64 -14 -8
64 -14 -13
64 -15 0
64 -15 -7
64 -15 -10
64 -15 -13
65 0 -2
65 0 -3
65 0 -9
65 0 -11
65 0 -13
65 0 -14
65 0 -15
65 -1 -7
65 -1 -15
65 -2 -4
65 -2 -5
65 -2 -8
65 -2 -13
65 -2 -14
65 -3 -1
65 -3 -5
65 -3 -6
65 -3 -10
65 -3 -11
65 -3 -13
65 -3 -15
65 -4 -3
65 -4 -6
65 -4 -7
65 -4 -8
65 -4 -11
65 -4 -14
65 -4 -15
65 -5 -2
65 -5 -4
65 -5 -6
65 -5 -10
65 -5 -11
65 -5 -12
65 -6 -1
65 -6 -2
65 -6 -9
65 -6 -10
65 -6 -11
65 -6 -13
65 -6 -14
65 -6 -15
65 -7 -6
65 -7 -7
65 -7 -9
65 -7 -13
65 -7 -14
65 -8 0
65 -8 -1
65 -8 -3
65 -8 -5
65 -8 -8
65 -8 -9
65 -8 -14
65 -9 -2
65 -9 -10
65 -9 -11
65 -10 0
65 -10 -4
65 -10 -6
65 -10 -7
65 -10 -8
65 -10 -9
65 -10 -10
65 -10 -11
65 -10 -12
65 -10 -13
65 -11 -1
65 -11 -2
65 -11 -5
65 -11 -9
65 -11 -10
65 -12 -2
65 -12 -3
65 -12 -5
65 -12 -7
65 -12 -13
65 -12 -15
65 -13 -10
65 -13 -11
65 -13 -12
65 -13 -13
65 -14 -1
65 -14 -3
65 -14 -8
65 -14 -13
65 -15 0
65 -15 -7
65 -15 -10
65 -15 -13
66 0 -2
66 0 -3
66 0 -9
66 0 -11
66 0 -13
66 0 -14
66 0 -15
66 -1 -7
66 -1 -15
66 -2 -4
66 -2 -5
66 -2 -8
66 -2 -13
66 -2 -14
66 -3 -1
66 -3 -5
66 -3 -6
66 -3 -10
66 -3 -11
66 -3 -13
66 -3 -15
66 -4 -3
66 -4 -6
66 -4 -7
66 -4 -8
66 -4 -11
66 -4 -14
66 -4 -15
66 -5 -2
66 -5 -4
66 -5 -6
66 -5 -10
66 -5 -11
66 -5 -12
66 -6 -1
66 -6 -2
66 -6 -9
66 -6 -10
66 -6 -11
66 -6 -13
66 -6 -14
66 -6 -15
66 -7 -6
66 -7 -7
66 -7 -9
66 -7 -13
66 -7 -14
66 -8 0
66 -8 -1
66 -8 -3
66 -8 -5
66 -8 -8
66 -8 -9
66 -8 -14
66 -9 -2
66 -9 -10
66 -9 -11
66 -10 0
66 -10 -4
66 -10 -6
66 -10 -7
66 -10 -8
66 -10 -9
66 -10 -10
66 -10 -11
66 -10 -12
66 -10 -13
66 -11 -1
66 -11 -2
66 -11 -5
66 -11 -9
66 -11 -10
66 -12 -2
66 -12 -3
66 -12 -5
66 -12 -7
66 -12 -13
66 -12 -15
66 -13 -10
66 -13 -11
66 -13 -12
66 -13 -13
66 -14 -1
66 -14 -3
66 -14 -8
66 -14 -13
66 -15 0
66 -15 -7
66 -15 -10
66 -15 -13
67 0 -2
67 0 -3
67 0 -9
67 0 -11
67 0 -13
67 0 -14
67 0 -15
67 -1 -7
67 -1 -15
67 -2 -4
67 -2 -5
67 -2 -8
67 -2 -13
67 -2 -14
67 -3 -1
67 -3 -5
67 -3 -6
67 -3 -10
67 -3 -11
67 -3 -13
67 -3 -15
67 -4 -3
67 -4 -6
67 -4 -7
67 -4 -8
67 -4 -11
67 -4 -14
67 -4 -15
67 -5 -2
67 -5 -4
67 -5 -6
67 -5 -10
67 -5 -11
67 -5 -12
67 -6 -1
67 -6 -2
67 -6 -9
67 -6 -10
67 -6 -11
67 -6 -13
67 -6 -14
67 -6 -15
67 -7 -6
67 -7 -7
67 -7 -9
67 -7 -13
67 -7 -14
67 -8 0
67 -8 -1
67 -8 -3
67 -8 -5
67 -8 -8
67 -8 -9
67 -8 -14
67 -9 -2
67 -9 -10
67 -9 -11
67 -10 0
67 -10 -4
67 -10 -6
67 -10 -7
67 -10 -8
67 -10 -9
67 -10 -10
67 -10 -11
67 -10 -12
67 -10 -13
67 -11 -1
67 -11 -2
67 -11 -5
67 -11 -9
67 -11 -10
67 -12 -2
67 -12 -3
67 -12 -5
67 -12 -7
67 -12 -13
67 -12 -15
67 -13 -10
67 -13 -11
67 -13 -12
67 -13 -13
67 -14 -1
67 -14 -3
67 -14 -8
67 -14 -13
67 -15 0
67 -15 -7
67 -15 -10
67 -15 -13
68 0 -2
68 0 -3
68 0 -9
68 0 -11
68 0 -13
68 0 -14
68 0 -15
68 -1 -7
68 -1 -15
68 -2 -4
68 -2 -5
68 -2 -8
68 -2 -13
68 -2 -14
68 -3 -1
68 -3 -5
68 -3 -6
68 -3 -10
68 -3 -11
68 -3 -13
68 -3 -15
68 -4 -3
68 -4 -6
68 -4 -7
68 -4 -8
68 -4 -11
68 -4 -14
68 -4 -15
68 -5 -2
68 -5 -4
68 -5 -6
68 -5 -10
68 -5 -11
68 -5 -12
68 -6 -1
68 -6 -2
68 -6 -9
68 -6 -10
68 -6 -11
68 -6 -13
68 -6 -14
68 -6 -15
68 -7 -6
68 -7 -7
68 -7 -9
68 -7 -13
68 -7 -14
68 -8 0
68 -8 -1
68 -8 -3
68 -8 -5
68 -8 -8
68 -8 -9
68 -8 -14
68 -9 -2
68 -9 -10
68 -9 -11
68 -10 0
68 -10 -4
68 -10 -6
68 -10 -7
68 -10 -8
68 -10 -9
68 -10 -10
68 -10 -11
68 -10 -12
68 -10 -13
68 -11 -1
68 -11 -2
68 -11 -5
68 -11 -9
68 -11 -10
68 -12 -2
68 -12 -3
68 -12 -5
68 -12 -7
68 -12 -13
68 -12 -15
68 -13 -10
68 -13 -11
68 -13 -12
68 -13 -13
68 -14 -1
68 -14 -3
68 -14 -8
68 -14 -13
68 -15 0
68 -15 -7
68 -15 -10
68 -15 -13
69 0 -2
69 0 -3
69 0 -9
69 0 -11
69 0 -13
69 0 -14
69 0 -15
69 -1 -7
69 -1 -15
69 -2 -4
69 -2 -5
69 -2 -8
69 -2 -13
69 -2 -14
69 -3 -1
69 -3 -5
69 -3 -6
69 -3 -10
69 -3 -11
69 -3 -13
69 -3 -15
69 -4 -3
69 -4 -6
69 -4 -7
69 -4 -8
69 -4 -11
69 -4 -14
69 -4 -15
69 -5 -2
69 -5 -4
69 -5 -6
69 -5 -10
69 -5 -11
69 -5 -12
69 -6 -1
69 -6 -2
69 -6 -9
69 -6 -10
69 -6 -11
69 -6 -13
69 -6 -14
69 -6 -15
69 -7 -6
69 -7 -7
69 -7 -9
69 -7 -13
69 -7 -14
69 -8 0
69 -8 -1
69 -8 -3
69 -8 -5
69 -8 -8
69 -8 -9
69 -8 -14
69 -9 -2
69 -9 -10
69 -9 -11
69 -10 0
69 -10 -4
69 -10 -6
69 -10 -7
69 -10 -8
69 -10 -9
69 -10 -10
69 -10 -11
69 -10 -12
69 -10 -13
69 -11 -1
69 -11 -2
69 -11 -5
69 -11 -9
69 -11 -10
69 -12 -2
69 -12 -3
69 -12 -5
69 -12 -7
69 -12 -13
69 -12 -15
69 -13 -10
69 -13 -11
69 -13 -12
69 -13 -13
69 -14 -1
69 -14 -3
69 -14 -8
69 -14 -13
69 -15 0
69 -15 -7
69 -15 -10
69 -15 -13
70 0 -2
70 0 -3
70 0 -9
70 0 -11
70 0 -13
70 0 -14
70 0 -15
70 -1 -7
70 -1 -15
70 -2 -4
70 -2 -5
70 -2 -8
70 -2 -13
70 -2 -14
70 -3 -1
70 -3 -5
70 -3 -6
70 -3 -10
70 -3 -11
70 -3 -13
70 -3 -15
70 -4 -3
70 -4 -6
70 -4 -7
70 -4 -8
70 -4 -11
70 -4 -14
70 -4 -15
70 -5 -2
70 -5 -4
70 -5 -6
70 -5 -10
70 -5 -11
70 -5 -12
70 -6 -1
70 -6 -2
70 -6 -9
70 -6 -10
70 -6 -11
70 -6 -13
70 -6 -14
70 -6 -15
70 -7 -6
70 -7 -7
70 -7 -9
70 -7 -13
70 -7 -14
70 -8 0
70 -8 -1
70 -8 -3
70 -8 -5
70 -8 -8
70 -8 -9
70 -8 -14
70 -9 -2
70 -9 -10
70 -9 -11
70 -10 0
70 -10 -4
70 -10 -6
70 -10 -7
70 -10 -8
70 -10 -9
70 -10 -10
70 -10 -11
70 -10 -12
70 -10 -13
70 -11 -1
70 -11 -2
70 -11 -5
70 -11 -9
70 -11 -10
70 -12 -2
70 -12 -3
70 -12 -5
70 -12 -7
70 -12 -13
70 -12 -15
70 -13 -10
70 -13 -11
70 -13 -12
70 -13 -13
70 -14 -1
70 -14 -3
70 -14 -8
70 -14 -13
70 -15 0
70 -15 -7
70 -15 -10
70 -15 -13
71 0 -2
71 0 -3
71 0 -9
71 0 -11
71 0 -13
71 0 -14
71 0 -15
71 -1 -7
71 -1 -15
71 -2 -4
71 -2 -5
71 -2 -8
71 -2 -13
71 -2 -14
71 -3 -1
71 -3 -5
71 -3 -6
71 -3 -10
71 -3 -11
71 -3 -13
71 -3 -15
71 -4 -3
71 -4 -6
71 -4 -7
71 -4 -8
71 -4 -11
71 -4 -14
71 -4 -15
71 -5 -2
71 -5 -4
71 -5 -6
71 -5 -10
71 -5 -11
71 -5 -12
71 -6 -1
71 -6 -2
71 -6 -9
71 -6 -10
71 -6 -11
71 -6 -13
71 -6 -14
71 -6 -15
71 -7 -6
71 -7 -7
71 -7 -9
71 -7 -13
71 -7 -14
71 -8 0
71 -8 -1
71 -8 -3
71 -8 -5
71 -8 -8
71 -8 -9
71 -8 -14
71 -9 -2
71 -9 -10
71 -9 -11
71 -10 0
71 -10 -4
71 -10 -6
71 -10 -7
71 -10 -8
71 -10 -9
71 -10 -10
71 -10 -11
71 -10 -12
71 -10 -13
71 -11 -1
71 -11 -2
71 -11 -5
71 -11 -9
71 -11 -10
71 -12 -2
71 -12 -3
71 -12 -5
71 -12 -7
71 -12 -13
71 -12 -15
71 -13 -10
71 -13 -11
71 -13 -12
71 -13 -13
71 -14 -1
71 -14 -3
71 -14 -8
71 -14 -13
71 -15 0
71 -15 -7
71 -15 -10
71 -15 -13
72 0 -2
72 0 -3
72 0 -9
72 0 -11
72 0 -13
72 0 -14
72 0 -15
72 -1 -7
72 -1 -15
72 -2 -4
72 -2 -5
72 -2 -8
72 -2 -13
72 -2 -14
72 -3 -1
72 -3 -5
72 -3 -6
72 -3 -10
72 -3 -11
72 -3 -13
72 -3 -15
72 -4 -3
72 -4 -6
72 -4 -7
72 -4 -8
72 -4 -11
72 -4 -14
72 -4 -15
72 -5 -2
72 -5 -4
72 -5 -6
72 -5 -10
72 -5 -11
72 -5 -12
72 -6 -1
72 -6 -2
72 -6 -9
72 -6 -10
72 -6 -11
72 -6 -13
72 -6 -14
72 -6 -15
72 -7 -6
72 -7 -7
72 -7 -9
72 -7 -13
72 -7 -14
72 -8 0
72 -8 -1
72 -8 -3
72 -8 -5
72 -8 -8
72 -8 -9
72 -8 -14
72 -9 -2
72 -9 -10
72 -9 -11
72 -10 0
72 -10 -4
72 -10 -6
72 -10 -7
72 -10 -8
72 -10 -9
72 -10 -10
72 -10 -11
72 -10 -12
72 -10 -13
72 -11 -1
72 -11 -2
72 -11 -5
72 -11 -9
72 -11 -10
72 -12 -2
72 -12 -3
72 -12 -5
72 -12 -7
72 -12 -13
72 -12 -15
72 -13 -10
72 -13 -11
72 -13 -12
72 -13 -13
72 -14 -1
72 -14 -3
72 -14 -8
72 -14 -13
72 -15 0
72 -15 -7
72 -15 -10
72 -15 -13
73 0 -2
73 0 -3
73 0 -9
73 0 -11
73 0 -13
73 0 -14
73 0 -15
73 -1 -7
73 -1 -15
73 -2 -4
73 -2 -5
73 -2 -8
73 -2 -13
73 -2 -14
73 -3 -1
73 -3 -5
73 -3 -6
73 -3 -10
73 -3 -11
73 -3 -13
73 -3 -15
73 -4 -3
73 -4 -6
73 -4 -7
73 -4 -8
73 -4 -11
73 -4 -14
73 -4 -15
73 -5 -2
73 -5 -4
73 -5 -6
73 -5 -10
73 -5 -11
73 -5 -12
73 -6 -1
73 -6 -2
73 -6 -9
73 -6 -10
73 -6 -11
73 -6 -13
73 -6 -14
73 -6 -15
73 -7 -6
73 -7 -7
73 -7 -9
73 -7 -13
73 -7 -14
73 -8 0
73 -8 -1
73 -8 -3
73 -8 -5
73 -8 -8
73 -8 -9
73 -8 -14
73 -9 -2
73 -9 -10
73 -9 -11
73 -10 0
73 -10 -4
73 -10 -6
73 -10 -7
73 -10 -8
73 -10 -9
73 -10 -10
73 -10 -11
73 -10 -12
73 -10 -13
73 -11 -1
73 -11 -2
73 -11 -5
73 -11 -9
73 -11 -10
73 -12 -2
73 -12 -3
73 -12 -5
73 -12 -7
73 -12 -13
73 -12 -15
73 -13 -10
73 -13 -11
73 -13 -12
73 -13 -13
73 -14 -1
73 -14 -3
73 -14 -8
73 -14 -13
73 -15 0
73 -15 -7
73 -15 -10
73 -15 -13
74 0 -2
74 0 -3
74 0 -9
74 0 -11
74 0 -13
74 0 -14
74 0 -15
74 -1 -7
74 -1 -15
74 -2 -4
74 -2 -5
74 -2 -8
74 -2 -13
74 -2 -14
74 -3 -1
74 -3 -5
74 -3 -6
74 -3 -10
74 -3 -11
74 -3 -13
74 -3 -15
74 -4 -3
74 -4 -6
74 -4 -7
74 -4 -8
74 -4 -11
74 -4 -14
74 -4 -15
74 -5 -2
74 -5 -4
74 -5 -6
74 -5 -10
74 -5 -11
74 -5 -12
74 -6 -1
74 -6 -2
74 -6 -9
74 -6 -10
74 -6 -11
74 -6 -13
74 -6 -14
74 -6 -15
74 -7 -6
74 -7 -7
74 -7 -9
74 -7 -13
74 -7 -14
74 -8 0
74 -8 -1
74 -8 -3
74 -8 -5
74 -8 -8
74 -8 -9
74 -8 -14
74 -9 -2
74 -9 -10
74 -9 -11
74 -10 0
74 -10 -4
74 -10 -6
74 -10 -7
74 -10 -8
74 -10 -9
74 -10 -10
74 -10 -11
74 -10 -12
74 -10 -13
74 -11 -1
74 -11 -2
74 -11 -5
74 -11 -9
74 -11 -10
74 -12 -2
74 -12 -3
74 -12 -5
74 -12 -7
74 -12 -13
74 -12 -15
74 -13 -10
74 -13 -11
74 -13 -12
74 -13 -13
74 -14 -1
74 -14 -3
74 -14 -8
74 -14 -13
74 -15 0
74 -15 -7
74 -15 -10
74 -15 -13
75 0 -2
75 0 -3
75 0 -9
75 0 -11
75 0 -13
75 0 -14
75 0 -15
75 -1 -7
75 -1 -15
75 -2 -4
75 -2 -5
75 -2 -8
75 -2 -13
75 -2 -14
75 -3 -1
75 -3 -5
75 -3 -6
75 -3 -10
75 -3 -11
75 -3 -13
75 -3 -15
75 -4 -3
75 -4 -6
75 -4 -7
75 -4 -8
75 -4 -11
75 -4 -14
75 -4 -15
75 -5 -2
75 -5 -4
75 -5 -6
75 -5 -10
75 -5 -11
75 -5 -12
75 -6 -1
75 -6 -2
75 -6 -9
75 -6 -10
75 -6 -11
75 -6 -13
75 -6 -14
75 -6 -15
75 -7 -6
75 -7 -7
75 -7 -9
75 -7 -13
75 -7 -14
75 -8 0
75 -8 -1
75 -8 -3
75 -8 -5
75 -8 -8
75 -8 -9
75 -8 -14
75 -9 -2
75 -9 -10
75 -9 -11
75 -10 0
75 -10 -4
75 -10 -6
75 -10 -7
75 -10 -8
75 -10 -9
75 -10 -10
75 -10 -11
75 -10 -12
75 -10 -13
75 -11 -1
75 -11 -2
75 -11 -5
75 -11 -9
75 -11 -10
75 -12 -2
75 -12 -3
75 -12 -5
75 -12 -7
75 -12 -13
75 -12 -15
75 -13 -10
75 -13 -11
75 -13 -12
75 -13 -13
75 -14 -1
75 -14 -3
75 -14 -8
75 -14 -13
75 -15 0
75 -15 -7
75 -15 -10
75 -15 -13
76 0 -2
76 0 -3
76 0 -9
76 0 -11
76 0 -13
76 0 -14
76 0 -15
76 -1 -7
76 -1 -15
76 -2 -4
76 -2 -5
76 -2 -8
76 -2 -13
76 -2 -14
76 -3 -1
76 -3 -5
76 -3 -6
76 -3 -10
76 -3 -11
76 -3 -13
76 -3 -15
76 -4 -3
76 -4 -6
76 -4 -7
76 -4 -8
76 -4 -11
76 -4 -14
76 -4 -15
76 -5 -2
76 -5 -4
76 -5 -6
76 -5 -10
76 -5 -11
76 -5 -12
76 -6 -1
76 -6 -2
76 -6 -9
76 -6 -10
76 -6 -11
76 -6 -13
76 -6 -14
76 -6 -15
76 -7 -6
76 -7 -7
76 -7 -9
76 -7 -13
76 -7 -14
76 -8 0
76 -8 -1
76 -8 -3
76 -8 -5
76 -8 -8
76 -8 -9
76 -8 -14
76 -9 -2
76 -9 -10
76 -9 -11
76 -10 0
76 -10 -4
76 -10 -6
76 -10 -7
76 -10 -8
76 -10 -9
76 -10 -10
76 -10 -11
76 -10 -12
76 -10 -13
76 -11 -1
76 -11 -2
76 -11 -5
76 -11 -9
76 -11 -10
76 -12 -2
76 -12 -3
76 -12 -5
76 -12 -7
76 -12 -13
76 -12 -15
76 -13 -10
76 -13 -11
76 -13 -12
76 -13 -13
76 -14 -1
76 -14 -3
76 -14 -8
76 -14 -13
76 -15 0
76 -15 -7
76 -15 -10
76 -15 -13
77 0 -2
77 0 -3
77 0 -9
77 0 -11
77 0 -13
77 0 -14
77 0 -15
77 -1 -7
77 -1 -15
77 -2 -4
77 -2 -5
77 -2 -8
77 -2 -13
77 -2 -14
77 -3 -1
77 -3 -5
77 -3 -6
77 -3 -10
77 -3 -11
77 -3 -13
77 -3 -15
77 -4 -3
77 -4 -6
77 -4 -7
77 -4 -8
77 -4 -11
77 -4 -14
77 -4 -15
77 -5 -2
77 -5 -4
77 -5 -6
77 -5 -10
77 -5 -11
77 -5 -12
77 -6 -1
77 -6 -2
77 -6 -9
77 -6 -10
77 -6 -11
77 -6 -13
77 -6 -14
77 -6 -15
77 -7 -6
77 -7 -7
77 -7 -9
77 -7 -13
77 -7 -14
77 -8 0
77 -8 -1
77 -8 -3
77 -8 -5
77 -8 -8
77 -8 -9
77 -8 -14
77 -9 -2
77 -9 -10
77 -9 -11
77 -10 0
77 -10 -4
77 -10 -6
77 -10 -7
77 -10 -8
77 -10 -9
77 -10 -10
77 -10 -11
77 -10 -12
77 -10 -13
77 -11 -1
77 -11 -2
77 -11 -5
77 -11 -9
77 -11 -10
77 -12 -2
77 -12 -3
77 -12 -5
77 -12 -7
77 -12 -13
77 -12 -15
77 -13 -10
77 -13 -11
77 -13 -12
77 -13 -13
77 -14 -1
77 -14 -3
77 -14 -8
77 -14 -13
77 -15 0
77 -15 -7
77 -15 -10
77 -15 -13
78 0 -2
78 0 -3
78 0 -9
78 0 -11
78 0 -13
78 0 -14
78 0 -15
78 -1 -7
78 -1 -15
78 -2 -4
78 -2 -5
78 -2 -8
78 -2 -13
78 -2 -14
78 -3 -1
78 -3 -5
78 -3 -6
78 -3 -10
78 -3 -11
78 -3 -13
78 -3 -15
78 -4 -3
78 -4 -6
78 -4 -7
78 -4 -8
78 -4 -11
78 -4 -14
78 -4 -15
78 -5 -2
78 -5 -4
78 -5 -6
78 -5 -10
78 -5 -11
78 -5 -12
78 -6 -1
78 -6 -2
78 -6 -9
78 -6 -10
78 -6 -11
78 -6 -13
78 -6 -14
78 -6 -15
78 -7 -6
78 -7 -7
78 -7 -9
78 -7 -13
78 -7 -14
78 -8 0
78 -8 -1
78 -8 -3
78 -8 -5
78 -8 -8
78 -8 -9
78 -8 -14
78 -9 -2
78 -9 -10
78 -9 -11
78 -10 0
78 -10 -4
78 -10 -6
78 -10 -7
78 -10 -8
78 -10 -9
78 -10 -10
78 -10 -11
78 -10 -12
78 -10 -13
78 -11 -1
78 -11 -2
78 -11 -5
78 -11 -9
78 -11 -10
78 -12 -2
78 -12 -3
78 -12 -5
78 -12 -7
78 -12 -13
78 -12 -15
78 -13 -10
78 -13 -11
78 -13 -12
78 -13 -13
78 -14 -1
78 -14 -3
78 -14 -8
78 -14 -13
78 -15 0
78 -15 -7
78 -15 -10
78 -15 -13
79 0 -2
79 0 -3
79 0 -9
79 0 -11
79 0 -13
79 0 -14
79 0 -15
79 -1 -7
79 -1 -15
79 -2 -4
79 -2 -5
79 -2 -8
79 -2 -13
79 -2 -14
79 -3 -1
79 -3 -5
79 -3 -6
79 -3 -10
79 -3 -11
79 -3 -13
79 -3 -15
79 -4 -3
79 -4 -6
79 -4 -7
79 -4 -8
79 -4 -11
79 -4 -14
79 -4 -15
79 -5 -2
79 -5 -4
79 -5 -6
79 -5 -10
79 -5 -11
79 -5 -12
79 -6 -1
79 -6 -2
79 -6 -9
79 -6 -10
79 -6 -11
79 -6 -13
79 -6 -14
79 -6 -15
79 -7 -6
79 -7 -7
79 -7 -9
79 -7 -13
79 -7 -14
79 -8 0
79 -8 -1
79 -8 -3
79 -8 -5
79 -8 -8
79 -8 -9
79 -8 -14
79 -9 -2
79 -9 -10
79 -9 -11
79 -10 0
79 -10 -4
79 -10 -6
79 -10 -7
79 -10 -8
79 -10 -9
79 -10 -10
79 -10 -11
79 -10 -12
79 -10 -13
79 -11 -1
79 -11 -2
79 -11 -5
79 -11 -9
79 -11 -10
79 -12 -2
79 -12 -3
79 -12 -5
79 -12 -7
79 -12 -13
79 -12 -15
79 -13 -10
79 -13 -11
79 -13 -12
79 -13 -13
79 -14 -1
79 -14 -3
79 -14 -8
79 -14 -13
79 -15 0
79 -15 -7
79 -15 -10
79 -15 -13
80 0 -2
80 0 -3
80 0 -9
80 0 -11
80 0 -13
80 0 -14
80 0 -15
80 -1 -7
80 -1 -15
80 -2 -4
80 -2 -5
80 -2 -8
80 -2 -13
80 -2 -14
80 -3 -1
80 -3 -5
80 -3 -6
80 -3 -10
80 -3 -11
80 -3 -13
80 -3 -15
80 -4 -3
80 -4 -6
80 -4 -7
80 -4 -8
80 -4 -11
80 -4 -14
80 -4 -15
80 -5 -2
80 -5 -4
80 -5 -6
80 -5 -10
80 -5 -11
80 -5 -12
80 -6 -1
80 -6 -2
80 -6 -9
80 -6 -10
80 -6 -11
80 -6 -13
80 -6 -14
80 -6 -15
80 -7 -6
80 -7 -7
80 -7 -9
80 -7 -13
80 -7 -14
80 -8 0
80 -8 -1
80 -8 -3
80 -8 -5
80 -8 -8
80 -8 -9
80 -8 -14
80 -9 -2
80 -9 -10
80 -9 -11
80 -10 0
80 -10 -4
80 -10 -6
80 -10 -7
80 -10 -8
80 -10 -9
80 -10 -10
80 -10 -11
80 -10 -12
80 -10 -13
80 -11 -1
80 -11 -2
80 -11 -5
80 -11 -9
80 -11 -10
80 -12 -2
80 -12 -3
80 -12 -5
80 -12 -7
80 -12 -13
80 -12 -15
80 -13 -10
80 -13 -11
80 -13 -12
80 -13 -13
80 -14 -1
80 -14 -3
80 -14 -8
80 -14 -13
80 -15 0
80 -15 -7
80 -15 -10
80 -15 -13
81 0 -2
81 0 -3
81 0 -9
81 0 -11
81 0 -13
81 0 -14
81 0 -15
81 -1 -7
81 -1 -15
81 -2 -4
81 -2 -5
81 -2 -8
81 -2 -13
81 -2 -14
81 -3 -1
81 -3 -5
81 -3 -6
81 -3 -10
81 -3 -11
81 -3 -13
81 -3 -15
81 -4 -3
81 -4 -6
81 -4 -7
81 -4 -8
81 -4 -11
81 -4 -14
81 -4 -15
81 -5 -2
81 -5 -4
81 -5 -6
81 -5 -10
81 -5 -11
81 -5 -12
81 -6 -1
81 -6 -2
81 -6 -9
81 -6 -10
81 -6 -11
81 -6 -13
81 -6 -14
81 -6 -15
81 -7 -6
81 -7 -7
81 -7 -9
81 -7 -13
81 -7 -14
81 -8 0
81 -8 -1
81 -8 -3
81 -8 -5
81 -8 -8
81 -8 -9
81 -8 -14
81 -9 -2
81 -9 -10
81 -9 -11
81 -10 0
81 -10 -4
81 -10 -6
81 -10 -7
81 -10 -8
81 -10 -9
81 -10 -10
81 -10 -11
81 -10 -12
81 -10 -13
81 -11 -1
81 -11 -2
81 -11 -5
81 -11 -9
81 -11 -10
81 -12 -2
81 -12 -3
81 -12 -5
81 -12 -7
81 -12 -13
81 -12 -15
81 -13 -10
81 -13 -11
81 -13 -12
81 -13 -13
81 -14 -1
81 -14 -3
81 -14 -8
81 -14 -13
81 -15 0
81 -15 -7
81 -15 -10
81 -15 -13
82 0 -2
82 0 -3
82 0 -9
82 0 -11
82 0 -13
82 0 -14
82 0 -15
82 -1 -7
82 -1 -15
82 -2 -4
82 -2 -5
82 -2 -8
82 -2 -13
82 -2 -14
82 -3 -1
82 -3 -5
82 -3 -6
82 -3 -10
82 -3 -11
82 -3 -13
82 -3 -15
82 -4 -3
82 -4 -6
82 -4 -7
82 -4 -8
82 -4 -11
82 -4 -14
82 -4 -15
82 -5 -2
82 -5 -4
82 -5 -6
82 -5 -10
82 -5 -11
82 -5 -12
82 -6 -1
82 -6 -2
82 -6 -9
82 -6 -10
82 -6 -11
82 -6 -13
82 -6 -14
82 -6 -15
82 -7 -6
82 -7 -7
82 -7 -9
82 -7 -13
82 -7 -14
82 -8 0
82 -8 -1
82 -8 -3
82 -8 -5
82 -8 -8
82 -8 -9
82 -8 -14
82 -9 -2
82 -9 -10
82 -9 -11
82 -10 0
82 -10 -4
82 -10 -6
82 -10 -7
82 -10 -8
82 -10 -9
82 -10 -10
82 -10 -11
82 -10 -12
82 -10 -13
82 -11 -1
82 -11 -2
82 -11 -5
82 -11 -9
82 -11 -10
82 -12 -2
82 -12 -3
82 -12 -5
82 -12 -7
82 -12 -13
82 -12 -15
82 -13 -10
82 -13 -11
82 -13 -12
82 -13 -13
82 -14 -1
82 -14 -3
82 -14 -8
82 -14 -13
82 -15 0
82 -15 -7
82 -15 -10
82 -15 -13
83 0 -2
83 0 -3
83 0 -9
83 0 -11
83 0 -13
83 0 -14
83 0 -15
83 -1 -7
83 -1 -15
83 -2 -4
83 -2 -5
83 -2 -8
83 -2 -13
83 -2 -14
83 -3 -1
83 -3 -5
83 -3 -6
83 -3 -10
83 -3 -11
83 -3 -13
83 -3 -15
83 -4 -3
83 -4 -6
83 -4 -7
83 -4 -8
83 -4 -11
83 -4 -14
83 -4 -15
83 -5 -2
83 -5 -4
83 -5 -6
83 -5 -10
83 -5 -11
83 -5 -12
83 -6 -1
83 -6 -2
83 -6 -9
83 -6 -10
83 -6 -11
83 -6 -13
83 -6 -14
83 -6 -15
83 -7 -6
83 -7 -7
83 -7 -9
83 -7 -13
83 -7 -14
83 -8 0
83 -8 -1
83 -8 -3
83 -8 -5
83 -8 -8
83 -8 -9
83 -8 -14
83 -9 -2
83 -9 -10
83 -9 -11
83 -10 0
83 -10 -4
83 -10 -6
83 -10 -7
83 -10 -8
83 -10 -9
83 -10 -10
83 -10 -11
83 -10 -12
83 -10 -13
83 -11 -1
83 -11 -2
83 -11 -5
83 -11 -9
83 -11 -10
83 -12 -2
83 -12 -3
83 -12 -5
83 -12 -7
83 -12 -13
83 -12 -15
83 -13 -10
83 -13 -11
83 -13 -12
83 -13 -13
83 -14 -1
83 -14 -3
83 -14 -8
83 -14 -13
83 -15 0
83 -15 -7
83 -15 -10
83 -15 -13
84 0 -2
84 0 -3
84 0 -9
84 0 -11
84 0 -13
84 0 -14
84 0 -15
84 -1 -7
84 -1 -15
84 -2 -4
84 -2 -5
84 -2 -8
84 -2 -13
84 -2 -14
84 -3 -1
84 -3 -5
84 -3 -6
84 -3 -10
84 -3 -11
84 -3 -13
84 -3 -15
84 -4 -3
84 -4 -6
84 -4 -7
84 -4 -8
84 -4 -11
84 -4 -14
84 -4 -15
84 -5 -2
84 -5 -4
84 -5 -6
84 -5 -10
84 -5 -11
84 -5 -12
84 -6 -1
84 -6 -2
84 -6 -9
84 -6 -10
84 -6 -11
84 -6 -13
84 -6 -14
84 -6 -15
84 -7 -6
84 -7 -7
84 -7 -9
84 -7 -13
84 -7 -14
84 -8 0
84 -8 -1
84 -8 -3
84 -8 -5
84 -8 -8
84 -8 -9
84 -8 -14
84 -9 -2
84 -9 -10
84 -9 -11
84 -10 0
84 -10 -4
84 -10 -6
84 -10 -7
84 -10 -8
84 -10 -9
84 -10 -10
84 -10 -11
84 -10 -12
84 -10 -13
84 -11 -1
84 -11 -2
84 -11 -5
84 -11 -9
84 -11 -10
84 -12 -2
84 -12 -3
84 -12 -5
84 -12 -7
84 -12 -13
84 -12 -15
84 -13 -10
84 -13 -11
84 -13 -12
84 -13 -13
84 -14 -1
84 -14 -3
84 -14 -8
84 -14 -13
84 -15 0
84 -15 -7
84 -15 -10
84 -15 -13
85 0 -2
85 0 -3
85 0 -9
85 0 -11
85 0 -13
85 0 -14
85 0 -15
85 -1 -7
85 -1 -15
85 -2 -4
85 -2 -5
85 -2 -8
85 -2 -13
85 -2 -14
85 -3 -1
85 -3 -5
85 -3 -6
85 -3 -10
85 -3 -11
85 -3 -13
85 -3 -15
85 -4 -3
85 -4 -6
85 -4 -7
85 -4 -8
85 -4 -11
85 -4 -14
85 -4 -15
85 -5 -2
85 -5 -4
85 -5 -6
85 -5 -10
85 -5 -11
85 -5 -12
85 -6 -1
85 -6 -2
85 -6 -9
85 -6 -10
85 -6 -11
85 -6 -13
85 -6 -14
85 -6 -15
85 -7 -6
85 -7 -7
85 -7 -9
85 -7 -13
85 -7 -14
85 -8 0
85 -8 -1
85 -8 -3
85 -8 -5
85 -8 -8
85 -8 -9
85 -8 -14
85 -9 -2
85 -9 -10
85 -9 -11
85 -10 0
85 -10 -4
85 -10 -6
85 -10 -7
85 -10 -8
85 -10 -9
85 -10 -10
85 -10 -11
85 -10 -12
85 -10 -13
85 -11 -1
85 -11 -2
85 -11 -5
85 -11 -9
85 -11 -10
85 -12 -2
85 -12 -3
85 -12 -5
85 -12 -7
85 -12 -13
85 -12 -15
85 -13 -10
85 -13 -11
85 -13 -12
85 -13 -13
85 -14 -1
85 -14 -3
85 -14 -8
85 -14 -13
85 -15 0
85 -15 -7
85 -15 -10
85 -15 -13
86 0 -2
86 0 -3
86 0 -9
86 0 -11
86 0 -13
86 0 -14
86 0 -15
86 -1 -7
86 -1 -15
86 -2 -4
86 -2 -5
86 -2 -8
86 -2 -13
86 -2 -14
86 -3 -1
86 -3 -5
86 -3 -6
86 -3 -10
86 -3 -11
86 -3 -13
86 -3 -15
86 -4 -3
86 -4 -6
86 -4 -7
86 -4 -8
86 -4 -11
86 -4 -14
86 -4 -15
86 -5 -2
86 -5 -4
86 -5 -6
86 -5 -10
86 -5 -11
86 -5 -12
86 -6 -1
86 -6 -2
86 -6 -9
86 -6 -10
86 -6 -11
86 -6 -13
86 -6 -14
86 -6 -15
86 -7 -6
86 -7 -7
86 -7 -9
86 -7 -13
86 -7 -14
86 -8 0
86 -8 -1
86 -8 -3
86 -8 -5
86 -8 -8
86 -8 -9
86 -8 -14
86 -9 -2
86 -9 -10
86 -9 -11
86 -10 0
86 -10 -4
86 -10 -6
86 -10 -7
86 -10 -8
86 -10 -9
86 -10 -10
86 -10 -11
86 -10 -12
86 -10 -13
86 -11 -1
86 -11 -2
86 -11 -5
86 -11 -9
86 -11 -10
86 -12 -2
86 -12 -3
86 -12 -5
86 -12 -7
86 -12 -13
86 -12 -15
86 -13 -10
86 -13 -11
86 -13 -12
86 -13 -13
86 -14 -1
86 -14 -3
86 -14 -8
86 -14 -13
86 -15 0
86 -15 -7
86 -15 -10
86 -15 -13
87 0 -2
87 0 -3
87 0 -9
87 0 -11
87 0 -13
87 0 -14
87 0 -15
87 -1 -7
87 -1 -15
87 -2 -4
87 -2 -5
87 -2 -8
87 -2 -13
87 -2 -14
87 -3 -1
87 -3 -5
87 -3 -6
87 -3 -10
87 -3 -11
87 -3 -13
87 -3 -15
87 -4 -3
87 -4 -6
87 -4 -7
87 -4 -8
87 -4 -11
87 -4 -14
87 -4 -15
87 -5 -2
87 -5 -4
87 -5 -6
87 -5 -10
87 -5 -11
87 -5 -12
87 -6 -1
87 -6 -2
87 -6 -9
87 -6 -10
87 -6 -11
87 -6 -13
87 -6 -14
87 -6 -15
87 -7 -6
87 -7 -7
87 -7 -9
87 -7 -13
87 -7 -14
87 -8 0
87 -8 -1
87 -8 -3
87 -8 -5
87 -8 -8
87 -8 -9
87 -8 -14
87 -9 -2
87 -9 -10
87 -9 -11
87 -10 0
87 -10 -4
87 -10 -6
87 -10 -7
87 -10 -8
87 -10 -9
87 -10 -10
87 -10 -11
87 -10 -12
87 -10 -13
87 -11 -1
87 -11 -2
87 -11 -5
87 -11 -9
87 -11 -10
87 -12 -2
87 -12 -3
87 -12 -5
87 -12 -7
87 -12 -13
87 -12 -15
87 -13 -10
87 -13 -11
87 -13 -12
87 -13 -13
87 -14 -1
87 -14 -3
87 -14 -8
87 -14 -13
87 -15 0
87 -15 -7
87 -15 -10
87 -15 -13
88 0 -2
88 0 -3
88 0 -9
88 0 -11
88 0 -13
88 0 -14
88 0 -15
88 -1 -7
88 -1 -15
88 -2 -4
88 -2 -5
88 -2 -8
88 -2 -13
88 -2 -14
88 -3 -1
88 -3 -5
88 -3 -6
88 -3 -10
88 -3 -11
88 -3 -13
88 -3 -15
88 -4 -3
88 -4 -6
88 -4 -7
88 -4 -8
88 -4 -11
88 -4 -14
88 -4 -15
88 -5 -2
88 -5 -4
88 -5 -6
88 -5 -10
88 -5 -11
88 -5 -12
88 -6 -1
88 -6 -2
88 -6 -9
88 -6 -10
88 -6 -11
88 -6 -13
88 -6 -14
88 -6 -15
88 -7 -6
88 -7 -7
88 -7 -9
88 -7 -13
88 -7 -14
88 -8 0
88 -8 -1
88 -8 -3
88 -8 -5
88 -8 -8
88 -8 -9
88 -8 -14
88 -9 -2
88 -9 -10
88 -9 -11
88 -10 0
88 -10 -4
88 -10 -6
88 -10 -7
88 -10 -8
88 -10 -9
88 -10 -10
88 -10 -11
88 -10 -12
88 -10 -13
88 -11 -1
88 -11 -2
88 -11 -5
88 -11 -9
88 -11 -10
88 -12 -2
88 -12 -3
88 -12 -5
88 -12 -7
88 -12 -13
88 -12 -15
88 -13 -10
88 -13 -11
88 -13 -12
88 -13 -13
88 -14 -1
88 -14 -3
88 -14 -8
88 -14 -13
88 -15 0
88 -15 -7
88 -15 -10
88 -15 -13
89 0 -2
89 0 -3
89 0 -9
89 0 -11
89 0 -13
89 0 -14
89 0 -15
89 -1 -7
89 -1 -15
89 -2 -4
89 -2 -5
89 -2 -8
89 -2 -13
89 -2 -14
89 -3 -1
89 -3 -5
89 -3 -6
89 -3 -10
89 -3 -11
89 -3 -13
89 -3 -15
89 -4 -3
89 -4 -6
89 -4 -7
89 -4 -8
89 -4 -11
89 -4 -14
89 -4 -15
89 -5 -2
89 -5 -4
89 -5 -6
89 -5 -10
89 -5 -11
89 -5 -12
89 -6 -1
89 -6 -2
89 -6 -9
89 -6 -10
89 -6 -11
89 -6 -13
89 -6 -14
89 -6 -15
89 -7 -6
89 -7 -7
89 -7 -9
89 -7 -13
89 -7 -14
89 -8 0
89 -8 -1
89 -8 -3
89 -8 -5
89 -8 -8
89 -8 -9
89 -8 -14
89 -9 -2
89 -9 -10
89 -9 -11
89 -10 0
89 -10 -4
89 -10 -6
89 -10 -7
89 -10 -8
89 -10 -9
89 -10 -10
89 -10 -11
89 -10 -12
89 -10 -13
89 -11 -1
89 -11 -2
89 -11 -5
89 -11 -9
89 -11 -10
89 -12 -2
89 -12 -3
89 -12 -5
89 -12 -7
89 -12 -13
89 -12 -15
89 -13 -10
89 -13 -11
89 -13 -12
89 -13 -13
89 -14 -1
89 -14 -3
89 -14 -8
89 -14 -13
89 -15 0
89 -15 -7
89 -15 -10
89 -15 -13
-1 -1 -1
10
68
50
57
52
60
8
87
39
77
23
72
25
71
84
48
80
76
12
22
15
59
73
2
62
32
83
20
78
6
27
51
86
38
53
74
13
29
88
34
36
26
28
37
19
40
75
43
11
66
65
24
56
30
82
1
4
42
17
79
14
35
0
81
85
21
55
89
9
33
45
7
58
41
54
18
64
63
61
5
16
49
3
47
31
69
70
67
46
44
  0.081129 seconds (196.35 k allocations: 6.556 MiB)
