950 0 0 0 0 0 0 0 0 0 0 0 0 0 0 0 0 0 0 0 0
0 0 0 0 0 0 0 0 0 0 0 0 0 0 0 0 0 0 0 0 0
0 0 0 0 0 0 0 0 0 0 0 0 0 0 0 0 0 0 0 0 0
0 0 0 0 0 0 0 0 0 0 0 0 0 0 0 0 0 0 0 0 0
0 0 0 0 0 0 0 0 0 0 0 0 0 0 0 0 0 0 0 0 0
0 0 0 0 0 0 0 0 0 0 0 0 0 0 0 0 0 0 0 0 0
0 0 0 0 0 0 0 0 0 0 0 0 0 0 0 0 0 0 0 0 0
0 0 0 0 0 0 0 0 0 0 0 0 0 0 0 0 0 0 0 0 0
0 0 0 0 0 0 0 0 0 0 0 0 0 0 0 0 0 0 0 0 0
0 0 0 0 0 0 0 0 0 0 0 0 0 0 0 0 0 0 0 0 0
0 0 0 0 0 0 0 0 0 0 0 0 0 0 0 0 0 0 0 0 0
0 0 0 0 0 0 0 0 0 0 0 0 0 0 0 0 0 0 0 0 0
0 0 0 0 0 0 0 0 0 0 0 0 0 0 0 0 0 0 0 0 0
0 0 0 0 0 0 0 0 0 0 0 0 0 0 0 0 0 0 0 0 0
0 0 0 0 0 0 0 0 0 0 0 0 0 0 0 0 0 0 0 0 0
0 0 0 0 0 0 0 0 0 0 0 0 0 0 0 0 0 0 0 0 0
0 0 0 0 0 0 0 0 0 0 0 0 0 0 0 0 0 0 0 0 0
0 0 0 0 0 0 0 0 0 0 0 0 0 0 0 0 0 0 0 0 0
0 0 0 0 0 0 0 0 0 0 0 0 0 0 0 0 0 0 0 0 0
0 0 0 0 0 0 0 0 0 0 0 0 0 0 0 0 0 0 0 0 0
0 0 0 0 0 0 0 0 0 0 0 0 0 0 0 0 0 0 0 0 0
0 0 -3
0 0 -8
0 0 -18
0 -1 0
0 -1 -2
0 -1 -16
0 -2 -3
0 -2 -4
0 -2 -7
0 -2 -12
0 -2 -16
0 -2 -20
0 -3 -9
0 -3 -17
0 -4 -2
0 -4 -13
0 -4 -18
0 -4 -19
0 -4 -20
0 -5 0
0 -5 -11
0 -5 -12
0 -5 -13
0 -5 -15
0 -6 -1
0 -7 -10
0 -7 -12
0 -7 -18
0 -7 -20
0 -8 -3
0 -8 -5
0 -9 0
0 -9 -2
0 -9 -11
0 -10 0
0 -10 -1
0 -10 -2
0 -11 -8
0 -12 0
0 -12 -10
0 -13 -3
0 -13 -12
0 -13 -14
0 -13 -17
0 -13 -18
0 -14 -7
0 -14 -10
0 -15 -1
0 -15 -5
0 -15 -9
0 -15 -14
0 -16 -1
0 -16 -12
0 -17 -2
0 -17 -18
0 -18 -9
0 -18 -18
0 -19 -18
0 -19 -20
0 -20 -2
0 -20 -4
0 -20 -8
1 0 -3
1 0 -8
1 0 -18
1 -1 0
1 -1 -2
1 -1 -16
1 -2 -3
1 -2 -4
1 -2 -7
1 -2 -12
1 -2 -16
1 -2 -20
1 -3 -9
1 -3 -17
1 -4 -2
1 -4 -13
1 -4 -18
1 -4 -19
1 -4 -20
1 -5 0
1 -5 -11
1 -5 -12
1 -5 -13
1 -5 -15
1 -6 -1
1 -7 -10
1 -7 -12
1 -7 -18
1 -7 -20
1 -8 -3
1 -8 -5
1 -9 0
1 -9 -2
1 -9 -11
1 -10 0
1 -10 -1
1 -10 -2
1 -11 -8
1 -12 0
1 -12 -10
1 -13 -3
1 -13 -12
1 -13 -14
1 -13 -17
1 -13 -18
1 -14 -7
1 -14 -10
1 -15 -1
1 -15 -5
1 -15 -9
1 -15 -14
1 -16 -1
1 -16 -12
1 -17 -2
1 -17 -18
1 -18 -9
1 -18 -18
1 -19 -18
1 -19 -20
1 -20 -2
1 -20 -4
1 -20 -8
2 0 -3
2 0 -8
2 0 -18
2 -1 0
2 -1 -2
2 -1 -16
2 -2 -3
2 -2 -4
2 -2 -7
2 -2 -12
2 -2 -16
2 -2 -20
2 -3 -9
2 -3 -17
2 -4 -2
2 -4 -13
2 -4 -18
2 -4 -19
2 -4 -20
2 -5 0
2 -5 -11
2 -5 -12
2 -5 -13
2 -5 -15
2 -6 -1
2 -7 -10
2 -7 -12
2 -7 -18
2 -7 -20
2 -8 -3
2 -8 -5
2 -9 0
2 -9 -2
2 -9 -11
2 -10 0
2 -10 -1
2 -10 -2
2 -11 -8
2 -12 0
2 -12 -10
2 -13 -3
2 -13 -12
2 -13 -14
2 -13 -17
2 -13 -18
2 -14 -7
2 -14 -10
2 -15 -1
2 -15 -5
2 -15 -9
2 -15 -14
2 -16 -1
2 -16 -12
2 -17 -2
2 -17 -18
2 -18 -9
2 -18 -18
2 -19 -18
2 -19 -20
2 -20 -2
2 -20 -4
2 -20 -8
3 0 -3
3 0 -8
3 0 -18
3 -1 0
3 -1 -2
3 -1 -16
3 -2 -3
3 -2 -4
3 -2 -7
3 -2 -12
3 -2 -16
3 -2 -20
3 -3 -9
3 -3 -17
3 -4 -2
3 -4 -13
3 -4 -18
3 -4 -19
3 -4 -20
3 -5 0
3 -5 -11
3 -5 -12
3 -5 -13
3 -5 -15
3 -6 -1
3 -7 -10
3 -7 -12
3 -7 -18
3 -7 -20
3 -8 -3
3 -8 -5
3 -9 0
3 -9 -2
3 -9 -11
3 -10 0
3 -10 -1
3 -10 -2
3 -11 -8
3 -12 0
3 -12 -10
3 -13 -3
3 -13 -12
3 -13 -14
3 -13 -17
3 -13 -18
3 -14 -7
3 -14 -10
3 -15 -1
3 -15 -5
3 -15 -9
3 -15 -14
3 -16 -1
3 -16 -12
3 -17 -2
3 -17 -18
3 -18 -9
3 -18 -18
3 -19 -18
3 -19 -20
3 -20 -2
3 -20 -4
3 -20 -8
4 0 -3
4 0 -8
4 0 -18
4 -1 0
4 -1 -2
4 -1 -16
4 -2 -3
4 -2 -4
4 -2 -7
4 -2 -12
4 -2 -16
4 -2 -20
4 -3 -9
4 -3 -17
4 -4 -2
4 -4 -13
4 -4 -18
4 -4 -19
4 -4 -20
4 -5 0
4 -5 -11
4 -5 -12
4 -5 -13
4 -5 -15
4 -6 -1
4 -7 -10
4 -7 -12
4 -7 -18
4 -7 -20
4 -8 -3
4 -8 -5
4 -9 0
4 -9 -2
4 -9 -11
4 -10 0
4 -10 -1
4 -10 -2
4 -11 -8
4 -12 0
4 -12 -10
4 -13 -3
4 -13 -12
4 -13 -14
4 -13 -17
4 -13 -18
4 -14 -7
4 -14 -10
4 -15 -1
4 -15 -5
4 -15 -9
4 -15 -14
4 -16 -1
4 -16 -12
4 -17 -2
4 -17 -18
4 -18 -9
4 -18 -18
4 -19 -18
4 -19 -20
4 -20 -2
4 -20 -4
4 -20 -8
5 0 -3
5 0 -8
5 0 -18
5 -1 0
5 -1 -2
5 -1 -16
5 -2 -3
5 -2 -4
5 -2 -7
5 -2 -12
5 -2 -16
5 -2 -20
5 -3 -9
5 -3 -17
5 -4 -2
5 -4 -13
5 -4 -18
5 -4 -19
5 -4 -20
5 -5 0
5 -5 -11
5 -5 -12
5 -5 -13
5 -5 -15
5 -6 -1
5 -7 -10
5 -7 -12
5 -7 -18
5 -7 -20
5 -8 -3
5 -8 -5
5 -9 0
5 -9 -2
5 -9 -11
5 -10 0
5 -10 -1
5 -10 -2
5 -11 -8
5 -12 0
5 -12 -10
5 -13 -3
5 -13 -12
5 -13 -14
5 -13 -17
5 -13 -18
5 -14 -7
5 -14 -10
5 -15 -1
5 -15 -5
5 -15 -9
5 -15 -14
5 -16 -1
5 -16 -12
5 -17 -2
5 -17 -18
5 -18 -9
5 -18 -18
5 -19 -18
5 -19 -20
5 -20 -2
5 -20 -4
5 -20 -8
6 0 -3
6 0 -8
6 0 -18
6 -1 0
6 -1 -2
6 -1 -16
6 -2 -3
6 -2 -4
6 -2 -7
6 -2 -12
6 -2 -16
6 -2 -20
6 -3 -9
6 -3 -17
6 -4 -2
6 -4 -13
6 -4 -18
6 -4 -19
6 -4 -20
6 -5 0
6 -5 -11
6 -5 -12
6 -5 -13
6 -5 -15
6 -6 -1
6 -7 -10
6 -7 -12
6 -7 -18
6 -7 -20
6 -8 -3
6 -8 -5
6 -9 0
6 -9 -2
6 -9 -11
6 -10 0
6 -10 -1
6 -10 -2
6 -11 -8
6 -12 0
6 -12 -10
6 -13 -3
6 -13 -12
6 -13 -14
6 -13 -17
6 -13 -18
6 -14 -7
6 -14 -10
6 -15 -1
6 -15 -5
6 -15 -9
6 -15 -14
6 -16 -1
6 -16 -12
6 -17 -2
6 -17 -18
6 -18 -9
6 -18 -18
6 -19 -18
6 -19 -20
6 -20 -2
6 -20 -4
6 -20 -8
7 0 -3
7 0 -8
7 0 -18
7 -1 0
7 -1 -2
7 -1 -16
7 -2 -3
7 -2 -4
7 -2 -7
7 -2 -12
7 -2 -16
7 -2 -20
7 -3 -9
7 -3 -17
7 -4 -2
7 -4 -13
7 -4 -18
7 -4 -19
7 -4 -20
7 -5 0
7 -5 -11
7 -5 -12
7 -5 -13
7 -5 -15
7 -6 -1
7 -7 -10
7 -7 -12
7 -7 -18
7 -7 -20
7 -8 -3
7 -8 -5
7 -9 0
7 -9 -2
7 -9 -11
7 -10 0
7 -10 -1
7 -10 -2
7 -11 -8
7 -12 0
7 -12 -10
7 -13 -3
7 -13 -12
7 -13 -14
7 -13 -17
7 -13 -18
7 -14 -7
7 -14 -10
7 -15 -1
7 -15 -5
7 -15 -9
7 -15 -14
7 -16 -1
7 -16 -12
7 -17 -2
7 -17 -18
7 -18 -9
7 -18 -18
7 -19 -18
7 -19 -20
7 -20 -2
7 -20 -4
7 -20 -8
8 0 -3
8 0 -8
8 0 -18
8 -1 0
8 -1 -2
8 -1 -16
8 -2 -3
8 -2 -4
8 -2 -7
8 -2 -12
8 -2 -16
8 -2 -20
8 -3 -9
8 -3 -17
8 -4 -2
8 -4 -13
8 -4 -18
8 -4 -19
8 -4 -20
8 -5 0
8 -5 -11
8 -5 -12
8 -5 -13
8 -5 -15
8 -6 -1
8 -7 -10
8 -7 -12
8 -7 -18
8 -7 -20
8 -8 -3
8 -8 -5
8 -9 0
8 -9 -2
8 -9 -11
8 -10 0
8 -10 -1
8 -10 -2
8 -11 -8
8 -12 0
8 -12 -10
8 -13 -3
8 -13 -12
8 -13 -14
8 -13 -17
8 -13 -18
8 -14 -7
8 -14 -10
8 -15 -1
8 -15 -5
8 -15 -9
8 -15 -14
8 -16 -1
8 -16 -12
8 -17 -2
8 -17 -18
8 -18 -9
8 -18 -18
8 -19 -18
8 -19 -20
8 -20 -2
8 -20 -4
8 -20 -8
9 0 -3
9 0 -8
9 0 -18
9 -1 0
9 -1 -2
9 -1 -16
9 -2 -3
9 -2 -4
9 -2 -7
9 -2 -12
9 -2 -16
9 -2 -20
9 -3 -9
9 -3 -17
9 -4 -2
9 -4 -13
9 -4 -18
9 -4 -19
9 -4 -20
9 -5 0
9 -5 -11
9 -5 -12
9 -5 -13
9 -5 -15
9 -6 -1
9 -7 -10
9 -7 -12
9 -7 -18
9 -7 -20
9 -8 -3
9 -8 -5
9 -9 0
9 -9 -2
9 -9 -11
9 -10 0
9 -10 -1
9 -10 -2
9 -11 -8
9 -12 0
9 -12 -10
9 -13 -3
9 -13 -12
9 -13 -14
9 -13 -17
9 -13 -18
9 -14 -7
9 -14 -10
9 -15 -1
9 -15 -5
9 -15 -9
9 -15 -14
9 -16 -1
9 -16 -12
9 -17 -2
9 -17 -18
9 -18 -9
9 -18 -18
9 -19 -18
9 -19 -20
9 -20 -2
9 -20 -4
9 -20 -8
10 0 -3
10 0 -8
10 0 -18
10 -1 0
10 -1 -2
10 -1 -16
10 -2 -3
10 -2 -4
10 -2 -7
10 -2 -12
10 -2 -16
10 -2 -20
10 -3 -9
10 -3 -17
10 -4 -2
10 -4 -13
10 -4 -18
10 -4 -19
10 -4 -20
10 -5 0
10 -5 -11
10 -5 -12
10 -5 -13
10 -5 -15
10 -6 -1
10 -7 -10
10 -7 -12
10 -7 -18
10 -7 -20
10 -8 -3
10 -8 -5
10 -9 0
10 -9 -2
10 -9 -11
10 -10 0
10 -10 -1
10 -10 -2
10 -11 -8
10 -12 0
10 -12 -10
10 -13 -3
10 -13 -12
10 -13 -14
10 -13 -17
10 -13 -18
10 -14 -7
10 -14 -10
10 -15 -1
10 -15 -5
10 -15 -9
10 -15 -14
10 -16 -1
10 -16 -12
10 -17 -2
10 -17 -18
10 -18 -9
10 -18 -18
10 -19 -18
10 -19 -20
10 -20 -2
10 -20 -4
10 -20 -8
11 0 -3
11 0 -8
11 0 -18
11 -1 0
11 -1 -2
11 -1 -16
11 -2 -3
11 -2 -4
11 -2 -7
11 -2 -12
11 -2 -16
11 -2 -20
11 -3 -9
11 -3 -17
11 -4 -2
11 -4 -13
11 -4 -18
11 -4 -19
11 -4 -20
11 -5 0
11 -5 -11
11 -5 -12
11 -5 -13
11 -5 -15
11 -6 -1
11 -7 -10
11 -7 -12
11 -7 -18
11 -7 -20
11 -8 -3
11 -8 -5
11 -9 0
11 -9 -2
11 -9 -11
11 -10 0
11 -10 -1
11 -10 -2
11 -11 -8
11 -12 0
11 -12 -10
11 -13 -3
11 -13 -12
11 -13 -14
11 -13 -17
11 -13 -18
11 -14 -7
11 -14 -10
11 -15 -1
11 -15 -5
11 -15 -9
11 -15 -14
11 -16 -1
11 -16 -12
11 -17 -2
11 -17 -18
11 -18 -9
11 -18 -18
11 -19 -18
11 -19 -20
11 -20 -2
11 -20 -4
11 -20 -8
12 0 -3
12 0 -8
12 0 -18
12 -1 0
12 -1 -2
12 -1 -16
12 -2 -3
12 -2 -4
12 -2 -7
12 -2 -12
12 -2 -16
12 -2 -20
12 -3 -9
12 -3 -17
12 -4 -2
12 -4 -13
12 -4 -18
12 -4 -19
12 -4 -20
12 -5 0
12 -5 -11
12 -5 -12
12 -5 -13
12 -5 -15
12 -6 -1
12 -7 -10
12 -7 -12
12 -7 -18
12 -7 -20
12 -8 -3
12 -8 -5
12 -9 0
12 -9 -2
12 -9 -11
12 -10 0
12 -10 -1
12 -10 -2
12 -11 -8
12 -12 0
12 -12 -10
12 -13 -3
12 -13 -12
12 -13 -14
12 -13 -17
12 -13 -18
12 -14 -7
12 -14 -10
12 -15 -1
12 -15 -5
12 -15 -9
12 -15 -14
12 -16 -1
12 -16 -12
12 -17 -2
12 -17 -18
12 -18 -9
12 -18 -18
12 -19 -18
12 -19 -20
12 -20 -2
12 -20 -4
12 -20 -8
13 0 -3
13 0 -8
13 0 -18
13 -1 0
13 -1 -2
13 -1 -16
13 -2 -3
13 -2 -4
13 -2 -7
13 -2 -12
13 -2 -16
13 -2 -20
13 -3 -9
13 -3 -17
13 -4 -2
13 -4 -13
13 -4 -18
13 -4 -19
13 -4 -20
13 -5 0
13 -5 -11
13 -5 -12
13 -5 -13
13 -5 -15
13 -6 -1
13 -7 -10
13 -7 -12
13 -7 -18
13 -7 -20
13 -8 -3
13 -8 -5
13 -9 0
13 -9 -2
13 -9 -11
13 -10 0
13 -10 -1
13 -10 -2
13 -11 -8
13 -12 0
13 -12 -10
13 -13 -3
13 -13 -12
13 -13 -14
13 -13 -17
13 -13 -18
13 -14 -7
13 -14 -10
13 -15 -1
13 -15 -5
13 -15 -9
13 -15 -14
13 -16 -1
13 -16 -12
13 -17 -2
13 -17 -18
13 -18 -9
13 -18 -18
13 -19 -18
13 -19 -20
13 -20 -2
13 -20 -4
13 -20 -8
14 0 -3
14 0 -8
14 0 -18
14 -1 0
14 -1 -2
14 -1 -16
14 -2 -3
14 -2 -4
14 -2 -7
14 -2 -12
14 -2 -16
14 -2 -20
14 -3 -9
14 -3 -17
14 -4 -2
14 -4 -13
14 -4 -18
14 -4 -19
14 -4 -20
14 -5 0
14 -5 -11
14 -5 -12
14 -5 -13
14 -5 -15
14 -6 -1
14 -7 -10
14 -7 -12
14 -7 -18
14 -7 -20
14 -8 -3
14 -8 -5
14 -9 0
14 -9 -2
14 -9 -11
14 -10 0
14 -10 -1
14 -10 -2
14 -11 -8
14 -12 0
14 -12 -10
14 -13 -3
14 -13 -12
14 -13 -14
14 -13 -17
14 -13 -18
14 -14 -7
14 -14 -10
14 -15 -1
14 -15 -5
14 -15 -9
14 -15 -14
14 -16 -1
14 -16 -12
14 -17 -2
14 -17 -18
14 -18 -9
14 -18 -18
14 -19 -18
14 -19 -20
14 -20 -2
14 -20 -4
14 -20 -8
15 0 -3
15 0 -8
15 0 -18
15 -1 0
15 -1 -2
15 -1 -16
15 -2 -3
15 -2 -4
15 -2 -7
15 -2 -12
15 -2 -16
15 -2 -20
15 -3 -9
15 -3 -17
15 -4 -2
15 -4 -13
15 -4 -18
15 -4 -19
15 -4 -20
15 -5 0
15 -5 -11
15 -5 -12
15 -5 -13
15 -5 -15
15 -6 -1
15 -7 -10
15 -7 -12
15 -7 -18
15 -7 -20
15 -8 -3
15 -8 -5
15 -9 0
15 -9 -2
15 -9 -11
15 -10 0
15 -10 -1
15 -10 -2
15 -11 -8
15 -12 0
15 -12 -10
15 -13 -3
15 -13 -12
15 -13 -14
15 -13 -17
15 -13 -18
15 -14 -7
15 -14 -10
15 -15 -1
15 -15 -5
15 -15 -9
15 -15 -14
15 -16 -1
15 -16 -12
15 -17 -2
15 -17 -18
15 -18 -9
15 -18 -18
15 -19 -18
15 -19 -20
15 -20 -2
15 -20 -4
15 -20 -8
16 0 -3
16 0 -8
16 0 -18
16 -1 0
16 -1 -2
16 -1 -16
16 -2 -3
16 -2 -4
16 -2 -7
16 -2 -12
16 -2 -16
16 -2 -20
16 -3 -9
16 -3 -17
16 -4 -2
16 -4 -13
16 -4 -18
16 -4 -19
16 -4 -20
16 -5 0
16 -5 -11
16 -5 -12
16 -5 -13
16 -5 -15
16 -6 -1
16 -7 -10
16 -7 -12
16 -7 -18
16 -7 -20
16 -8 -3
16 -8 -5
16 -9 0
16 -9 -2
16 -9 -11
16 -10 0
16 -10 -1
16 -10 -2
16 -11 -8
16 -12 0
16 -12 -10
16 -13 -3
16 -13 -12
16 -13 -14
16 -13 -17
16 -13 -18
16 -14 -7
16 -14 -10
16 -15 -1
16 -15 -5
16 -15 -9
16 -15 -14
16 -16 -1
16 -16 -12
16 -17 -2
16 -17 -18
16 -18 -9
16 -18 -18
16 -19 -18
16 -19 -20
16 -20 -2
16 -20 -4
16 -20 -8
17 0 -3
17 0 -8
17 0 -18
17 -1 0
17 -1 -2
17 -1 -16
17 -2 -3
17 -2 -4
17 -2 -7
17 -2 -12
17 -2 -16
17 -2 -20
17 -3 -9
17 -3 -17
17 -4 -2
17 -4 -13
17 -4 -18
17 -4 -19
17 -4 -20
17 -5 0
17 -5 -11
17 -5 -12
17 -5 -13
17 -5 -15
17 -6 -1
17 -7 -10
17 -7 -12
17 -7 -18
17 -7 -20
17 -8 -3
17 -8 -5
17 -9 0
17 -9 -2
17 -9 -11
17 -10 0
17 -10 -1
17 -10 -2
17 -11 -8
17 -12 0
17 -12 -10
17 -13 -3
17 -13 -12
17 -13 -14
17 -13 -17
17 -13 -18
17 -14 -7
17 -14 -10
17 -15 -1
17 -15 -5
17 -15 -9
17 -15 -14
17 -16 -1
17 -16 -12
17 -17 -2
17 -17 -18
17 -18 -9
17 -18 -18
17 -19 -18
17 -19 -20
17 -20 -2
17 -20 -4
17 -20 -8
18 0 -3
18 0 -8
18 0 -18
18 -1 0
18 -1 -2
18 -1 -16
18 -2 -3
18 -2 -4
18 -2 -7
18 -2 -12
18 -2 -16
18 -2 -20
18 -3 -9
18 -3 -17
18 -4 -2
18 -4 -13
18 -4 -18
18 -4 -19
18 -4 -20
18 -5 0
18 -5 -11
18 -5 -12
18 -5 -13
18 -5 -15
18 -6 -1
18 -7 -10
18 -7 -12
18 -7 -18
18 -7 -20
18 -8 -3
18 -8 -5
18 -9 0
18 -9 -2
18 -9 -11
18 -10 0
18 -10 -1
18 -10 -2
18 -11 -8
18 -12 0
18 -12 -10
18 -13 -3
18 -13 -12
18 -13 -14
18 -13 -17
18 -13 -18
18 -14 -7
18 -14 -10
18 -15 -1
18 -15 -5
18 -15 -9
18 -15 -14
18 -16 -1
18 -16 -12
18 -17 -2
18 -17 -18
18 -18 -9
18 -18 -18
18 -19 -18
18 -19 -20
18 -20 -2
18 -20 -4
18 -20 -8
19 0 -3
19 0 -8
19 0 -18
19 -1 0
19 -1 -2
19 -1 -16
19 -2 -3
19 -2 -4
19 -2 -7
19 -2 -12
19 -2 -16
19 -2 -20
19 -3 -9
19 -3 -17
19 -4 -2
19 -4 -13
19 -4 -18
19 -4 -19
19 -4 -20
19 -5 0
19 -5 -11
19 -5 -12
19 -5 -13
19 -5 -15
19 -6 -1
19 -7 -10
19 -7 -12
19 -7 -18
19 -7 -20
19 -8 -3
19 -8 -5
19 -9 0
19 -9 -2
19 -9 -11
19 -10 0
19 -10 -1
19 -10 -2
19 -11 -8
19 -12 0
19 -12 -10
19 -13 -3
19 -13 -12
19 -13 -14
19 -13 -17
19 -13 -18
19 -14 -7
19 -14 -10
19 -15 -1
19 -15 -5
19 -15 -9
19 -15 -14
19 -16 -1
19 -16 -12
19 -17 -2
19 -17 -18
19 -18 -9
19 -18 -18
19 -19 -18
19 -19 -20
19 -20 -2
19 -20 -4
19 -20 -8
20 0 -3
20 0 -8
20 0 -18
20 -1 0
20 -1 -2
20 -1 -16
20 -2 -3
20 -2 -4
20 -2 -7
20 -2 -12
20 -2 -16
20 -2 -20
20 -3 -9
20 -3 -17
20 -4 -2
20 -4 -13
20 -4 -18
20 -4 -19
20 -4 -20
20 -5 0
20 -5 -11
20 -5 -12
20 -5 -13
20 -5 -15
20 -6 -1
20 -7 -10
20 -7 -12
20 -7 -18
20 -7 -20
20 -8 -3
20 -8 -5
20 -9 0
20 -9 -2
20 -9 -11
20 -10 0
20 -10 -1
20 -10 -2
20 -11 -8
20 -12 0
20 -12 -10
20 -13 -3
20 -13 -12
20 -13 -14
20 -13 -17
20 -13 -18
20 -14 -7
20 -14 -10
20 -15 -1
20 -15 -5
20 -15 -9
20 -15 -14
20 -16 -1
20 -16 -12
20 -17 -2
20 -17 -18
20 -18 -9
20 -18 -18
20 -19 -18
20 -19 -20
20 -20 -2
20 -20 -4
20 -20 -8
21 0 -3
21 0 -8
21 0 -18
21 -1 0
21 -1 -2
21 -1 -16
21 -2 -3
21 -2 -4
21 -2 -7
21 -2 -12
21 -2 -16
21 -2 -20
21 -3 -9
21 -3 -17
21 -4 -2
21 -4 -13
21 -4 -18
21 -4 -19
21 -4 -20
21 -5 0
21 -5 -11
21 -5 -12
21 -5 -13
21 -5 -15
21 -6 -1
21 -7 -10
21 -7 -12
21 -7 -18
21 -7 -20
21 -8 -3
21 -8 -5
21 -9 0
21 -9 -2
21 -9 -11
21 -10 0
21 -10 -1
21 -10 -2
21 -11 -8
21 -12 0
21 -12 -10
21 -13 -3
21 -13 -12
21 -13 -14
21 -13 -17
21 -13 -18
21 -14 -7
21 -14 -10
21 -15 -1
21 -15 -5
21 -15 -9
21 -15 -14
21 -16 -1
21 -16 -12
21 -17 -2
21 -17 -18
21 -18 -9
21 -18 -18
21 -19 -18
21 -19 -20
21 -20 -2
21 -20 -4
21 -20 -8
22 0 -3
22 0 -8
22 0 -18
22 -1 0
22 -1 -2
22 -1 -16
22 -2 -3
22 -2 -4
22 -2 -7
22 -2 -12
22 -2 -16
22 -2 -20
22 -3 -9
22 -3 -17
22 -4 -2
22 -4 -13
22 -4 -18
22 -4 -19
22 -4 -20
22 -5 0
22 -5 -11
22 -5 -12
22 -5 -13
22 -5 -15
22 -6 -1
22 -7 -10
22 -7 -12
22 -7 -18
22 -7 -20
22 -8 -3
22 -8 -5
22 -9 0
22 -9 -2
22 -9 -11
22 -10 0
22 -10 -1
22 -10 -2
22 -11 -8
22 -12 0
22 -12 -10
22 -13 -3
22 -13 -12
22 -13 -14
22 -13 -17
22 -13 -18
22 -14 -7
22 -14 -10
22 -15 -1
22 -15 -5
22 -15 -9
22 -15 -14
22 -16 -1
22 -16 -12
22 -17 -2
22 -17 -18
22 -18 -9
22 -18 -18
22 -19 -18
22 -19 -20
22 -20 -2
22 -20 -4
22 -20 -8
23 0 -3
23 0 -8
23 0 -18
23 -1 0
23 -1 -2
23 -1 -16
23 -2 -3
23 -2 -4
23 -2 -7
23 -2 -12
23 -2 -16
23 -2 -20
23 -3 -9
23 -3 -17
23 -4 -2
23 -4 -13
23 -4 -18
23 -4 -19
23 -4 -20
23 -5 0
23 -5 -11
23 -5 -12
23 -5 -13
23 -5 -15
23 -6 -1
23 -7 -10
23 -7 -12
23 -7 -18
23 -7 -20
23 -8 -3
23 -8 -5
23 -9 0
23 -9 -2
23 -9 -11
23 -10 0
23 -10 -1
23 -10 -2
23 -11 -8
23 -12 0
23 -12 -10
23 -13 -3
23 -13 -12
23 -13 -14
23 -13 -17
23 -13 -18
23 -14 -7
23 -14 -10
23 -15 -1
23 -15 -5
23 -15 -9
23 -15 -14
23 -16 -1
23 -16 -12
23 -17 -2
23 -17 -18
23 -18 -9
23 -18 -18
23 -19 -18
23 -19 -20
23 -20 -2
23 -20 -4
23 -20 -8
24 0 -3
24 0 -8
24 0 -18
24 -1 0
24 -1 -2
24 -1 -16
24 -2 -3
24 -2 -4
24 -2 -7
24 -2 -12
24 -2 -16
24 -2 -20
24 -3 -9
24 -3 -17
24 -4 -2
24 -4 -13
24 -4 -18
24 -4 -19
24 -4 -20
24 -5 0
24 -5 -11
24 -5 -12
24 -5 -13
24 -5 -15
24 -6 -1
24 -7 -10
24 -7 -12
24 -7 -18
24 -7 -20
24 -8 -3
24 -8 -5
24 -9 0
24 -9 -2
24 -9 -11
24 -10 0
24 -10 -1
24 -10 -2
24 -11 -8
24 -12 0
24 -12 -10
24 -13 -3
24 -13 -12
24 -13 -14
24 -13 -17
24 -13 -18
24 -14 -7
24 -14 -10
24 -15 -1
24 -15 -5
24 -15 -9
24 -15 -14
24 -16 -1
24 -16 -12
24 -17 -2
24 -17 -18
24 -18 -9
24 -18 -18
24 -19 -18
24 -19 -20
24 -20 -2
24 -20 -4
24 -20 -8
25 0 -3
25 0 -8
25 0 -18
25 -1 0
25 -1 -2
25 -1 -16
25 -2 -3
25 -2 -4
25 -2 -7
25 -2 -12
25 -2 -16
25 -2 -20
25 -3 -9
25 -3 -17
25 -4 -2
25 -4 -13
25 -4 -18
25 -4 -19
25 -4 -20
25 -5 0
25 -5 -11
25 -5 -12
25 -5 -13
25 -5 -15
25 -6 -1
25 -7 -10
25 -7 -12
25 -7 -18
25 -7 -20
25 -8 -3
25 -8 -5
25 -9 0
25 -9 -2
25 -9 -11
25 -10 0
25 -10 -1
25 -10 -2
25 -11 -8
25 -12 0
25 -12 -10
25 -13 -3
25 -13 -12
25 -13 -14
25 -13 -17
25 -13 -18
25 -14 -7
25 -14 -10
25 -15 -1
25 -15 -5
25 -15 -9
25 -15 -14
25 -16 -1
25 -16 -12
25 -17 -2
25 -17 -18
25 -18 -9
25 -18 -18
25 -19 -18
25 -19 -20
25 -20 -2
25 -20 -4
25 -20 -8
26 0 -3
26 0 -8
26 0 -18
26 -1 0
26 -1 -2
26 -1 -16
26 -2 -3
26 -2 -4
26 -2 -7
26 -2 -12
26 -2 -16
26 -2 -20
26 -3 -9
26 -3 -17
26 -4 -2
26 -4 -13
26 -4 -18
26 -4 -19
26 -4 -20
26 -5 0
26 -5 -11
26 -5 -12
26 -5 -13
26 -5 -15
26 -6 -1
26 -7 -10
26 -7 -12
26 -7 -18
26 -7 -20
26 -8 -3
26 -8 -5
26 -9 0
26 -9 -2
26 -9 -11
26 -10 0
26 -10 -1
26 -10 -2
26 -11 -8
26 -12 0
26 -12 -10
26 -13 -3
26 -13 -12
26 -13 -14
26 -13 -17
26 -13 -18
26 -14 -7
26 -14 -10
26 -15 -1
26 -15 -5
26 -15 -9
26 -15 -14
26 -16 -1
26 -16 -12
26 -17 -2
26 -17 -18
26 -18 -9
26 -18 -18
26 -19 -18
26 -19 -20
26 -20 -2
26 -20 -4
26 -20 -8
27 0 -3
27 0 -8
27 0 -18
27 -1 0
27 -1 -2
27 -1 -16
27 -2 -3
27 -2 -4
27 -2 -7
27 -2 -12
27 -2 -16
27 -2 -20
27 -3 -9
27 -3 -17
27 -4 -2
27 -4 -13
27 -4 -18
27 -4 -19
27 -4 -20
27 -5 0
27 -5 -11
27 -5 -12
27 -5 -13
27 -5 -15
27 -6 -1
27 -7 -10
27 -7 -12
27 -7 -18
27 -7 -20
27 -8 -3
27 -8 -5
27 -9 0
27 -9 -2
27 -9 -11
27 -10 0
27 -10 -1
27 -10 -2
27 -11 -8
27 -12 0
27 -12 -10
27 -13 -3
27 -13 -12
27 -13 -14
27 -13 -17
27 -13 -18
27 -14 -7
27 -14 -10
27 -15 -1
27 -15 -5
27 -15 -9
27 -15 -14
27 -16 -1
27 -16 -12
27 -17 -2
27 -17 -18
27 -18 -9
27 -18 -18
27 -19 -18
27 -19 -20
27 -20 -2
27 -20 -4
27 -20 -8
28 0 -3
28 0 -8
28 0 -18
28 -1 0
28 -1 -2
28 -1 -16
28 -2 -3
28 -2 -4
28 -2 -7
28 -2 -12
28 -2 -16
28 -2 -20
28 -3 -9
28 -3 -17
28 -4 -2
28 -4 -13
28 -4 -18
28 -4 -19
28 -4 -20
28 -5 0
28 -5 -11
28 -5 -12
28 -5 -13
28 -5 -15
28 -6 -1
28 -7 -10
28 -7 -12
28 -7 -18
28 -7 -20
28 -8 -3
28 -8 -5
28 -9 0
28 -9 -2
28 -9 -11
28 -10 0
28 -10 -1
28 -10 -2
28 -11 -8
28 -12 0
28 -12 -10
28 -13 -3
28 -13 -12
28 -13 -14
28 -13 -17
28 -13 -18
28 -14 -7
28 -14 -10
28 -15 -1
28 -15 -5
28 -15 -9
28 -15 -14
28 -16 -1
28 -16 -12
28 -17 -2
28 -17 -18
28 -18 -9
28 -18 -18
28 -19 -18
28 -19 -20
28 -20 -2
28 -20 -4
28 -20 -8
29 0 -3
29 0 -8
29 0 -18
29 -1 0
29 -1 -2
29 -1 -16
29 -2 -3
29 -2 -4
29 -2 -7
29 -2 -12
29 -2 -16
29 -2 -20
29 -3 -9
29 -3 -17
29 -4 -2
29 -4 -13
29 -4 -18
29 -4 -19
29 -4 -20
29 -5 0
29 -5 -11
29 -5 -12
29 -5 -13
29 -5 -15
29 -6 -1
29 -7 -10
29 -7 -12
29 -7 -18
29 -7 -20
29 -8 -3
29 -8 -5
29 -9 0
29 -9 -2
29 -9 -11
29 -10 0
29 -10 -1
29 -10 -2
29 -11 -8
29 -12 0
29 -12 -10
29 -13 -3
29 -13 -12
29 -13 -14
29 -13 -17
29 -13 -18
29 -14 -7
29 -14 -10
29 -15 -1
29 -15 -5
29 -15 -9
29 -15 -14
29 -16 -1
29 -16 -12
29 -17 -2
29 -17 -18
29 -18 -9
29 -18 -18
29 -19 -18
29 -19 -20
29 -20 -2
29 -20 -4
29 -20 -8
30 0 -3
30 0 -8
30 0 -18
30 -1 0
30 -1 -2
30 -1 -16
30 -2 -3
30 -2 -4
30 -2 -7
30 -2 -12
30 -2 -16
30 -2 -20
30 -3 -9
30 -3 -17
30 -4 -2
30 -4 -13
30 -4 -18
30 -4 -19
30 -4 -20
30 -5 0
30 -5 -11
30 -5 -12
30 -5 -13
30 -5 -15
30 -6 -1
30 -7 -10
30 -7 -12
30 -7 -18
30 -7 -20
30 -8 -3
30 -8 -5
30 -9 0
30 -9 -2
30 -9 -11
30 -10 0
30 -10 -1
30 -10 -2
30 -11 -8
30 -12 0
30 -12 -10
30 -13 -3
30 -13 -12
30 -13 -14
30 -13 -17
30 -13 -18
30 -14 -7
30 -14 -10
30 -15 -1
30 -15 -5
30 -15 -9
30 -15 -14
30 -16 -1
30 -16 -12
30 -17 -2
30 -17 -18
30 -18 -9
30 -18 -18
30 -19 -18
30 -19 -20
30 -20 -2
30 -20 -4
30 -20 -8
31 0 -3
31 0 -8
31 0 -18
31 -1 0
31 -1 -2
31 -1 -16
31 -2 -3
31 -2 -4
31 -2 -7
31 -2 -12
31 -2 -16
31 -2 -20
31 -3 -9
31 -3 -17
31 -4 -2
31 -4 -13
31 -4 -18
31 -4 -19
31 -4 -20
31 -5 0
31 -5 -11
31 -5 -12
31 -5 -13
31 -5 -15
31 -6 -1
31 -7 -10
31 -7 -12
31 -7 -18
31 -7 -20
31 -8 -3
31 -8 -5
31 -9 0
31 -9 -2
31 -9 -11
31 -10 0
31 -10 -1
31 -10 -2
31 -11 -8
31 -12 0
31 -12 -10
31 -13 -3
31 -13 -12
31 -13 -14
31 -13 -17
31 -13 -18
31 -14 -7
31 -14 -10
31 -15 -1
31 -15 -5
31 -15 -9
31 -15 -14
31 -16 -1
31 -16 -12
31 -17 -2
31 -17 -18
31 -18 -9
31 -18 -18
31 -19 -18
31 -19 -20
31 -20 -2
31 -20 -4
31 -20 -8
32 0 -3
32 0 -8
32 0 -18
32 -1 0
32 -1 -2
32 -1 -16
32 -2 -3
32 -2 -4
32 -2 -7
32 -2 -12
32 -2 -16
32 -2 -20
32 -3 -9
32 -3 -17
32 -4 -2
32 -4 -13
32 -4 -18
32 -4 -19
32 -4 -20
32 -5 0
32 -5 -11
32 -5 -12
32 -5 -13
32 -5 -15
32 -6 -1
32 -7 -10
32 -7 -12
32 -7 -18
32 -7 -20
32 -8 -3
32 -8 -5
32 -9 0
32 -9 -2
32 -9 -11
32 -10 0
32 -10 -1
32 -10 -2
32 -11 -8
32 -12 0
32 -12 -10
32 -13 -3
32 -13 -12
32 -13 -14
32 -13 -17
32 -13 -18
32 -14 -7
32 -14 -10
32 -15 -1
32 -15 -5
32 -15 -9
32 -15 -14
32 -16 -1
32 -16 -12
32 -17 -2
32 -17 -18
32 -18 -9
32 -18 -18
32 -19 -18
32 -19 -20
32 -20 -2
32 -20 -4
32 -20 -8
33 0 -3
33 0 -8
33 0 -18
33 -1 0
33 -1 -2
33 -1 -16
33 -2 -3
33 -2 -4
33 -2 -7
33 -2 -12
33 -2 -16
33 -2 -20
33 -3 -9
33 -3 -17
33 -4 -2
33 -4 -13
33 -4 -18
33 -4 -19
33 -4 -20
33 -5 0
33 -5 -11
33 -5 -12
33 -5 -13
33 -5 -15
33 -6 -1
33 -7 -10
33 -7 -12
33 -7 -18
33 -7 -20
33 -8 -3
33 -8 -5
33 -9 0
33 -9 -2
33 -9 -11
33 -10 0
33 -10 -1
33 -10 -2
33 -11 -8
33 -12 0
33 -12 -10
33 -13 -3
33 -13 -12
33 -13 -14
33 -13 -17
33 -13 -18
33 -14 -7
33 -14 -10
33 -15 -1
33 -15 -5
33 -15 -9
33 -15 -14
33 -16 -1
33 -16 -12
33 -17 -2
33 -17 -18
33 -18 -9
33 -18 -18
33 -19 -18
33 -19 -20
33 -20 -2
33 -20 -4
33 -20 -8
34 0 -3
34 0 -8
34 0 -18
34 -1 0
34 -1 -2
34 -1 -16
34 -2 -3
34 -2 -4
34 -2 -7
34 -2 -12
34 -2 -16
34 -2 -20
34 -3 -9
34 -3 -17
34 -4 -2
34 -4 -13
34 -4 -18
34 -4 -19
34 -4 -20
34 -5 0
34 -5 -11
34 -5 -12
34 -5 -13
34 -5 -15
34 -6 -1
34 -7 -10
34 -7 -12
34 -7 -18
34 -7 -20
34 -8 -3
34 -8 -5
34 -9 0
34 -9 -2
34 -9 -11
34 -10 0
34 -10 -1
34 -10 -2
34 -11 -8
34 -12 0
34 -12 -10
34 -13 -3
34 -13 -12
34 -13 -14
34 -13 -17
34 -13 -18
34 -14 -7
34 -14 -10
34 -15 -1
34 -15 -5
34 -15 -9
34 -15 -14
34 -16 -1
34 -16 -12
34 -17 -2
34 -17 -18
34 -18 -9
34 -18 -18
34 -19 -18
34 -19 -20
34 -20 -2
34 -20 -4
34 -20 -8
35 0 -3
35 0 -8
35 0 -18
35 -1 0
35 -1 -2
35 -1 -16
35 -2 -3
35 -2 -4
35 -2 -7
35 -2 -12
35 -2 -16
35 -2 -20
35 -3 -9
35 -3 -17
35 -4 -2
35 -4 -13
35 -4 -18
35 -4 -19
35 -4 -20
35 -5 0
35 -5 -11
35 -5 -12
35 -5 -13
35 -5 -15
35 -6 -1
35 -7 -10
35 -7 -12
35 -7 -18
35 -7 -20
35 -8 -3
35 -8 -5
35 -9 0
35 -9 -2
35 -9 -11
35 -10 0
35 -10 -1
35 -10 -2
35 -11 -8
35 -12 0
35 -12 -10
35 -13 -3
35 -13 -12
35 -13 -14
35 -13 -17
35 -13 -18
35 -14 -7
35 -14 -10
35 -15 -1
35 -15 -5
35 -15 -9
35 -15 -14
35 -16 -1
35 -16 -12
35 -17 -2
35 -17 -18
35 -18 -9
35 -18 -18
35 -19 -18
35 -19 -20
35 -20 -2
35 -20 -4
35 -20 -8
36 0 -3
36 0 -8
36 0 -18
36 -1 0
36 -1 -2
36 -1 -16
36 -2 -3
36 -2 -4
36 -2 -7
36 -2 -12
36 -2 -16
36 -2 -20
36 -3 -9
36 -3 -17
36 -4 -2
36 -4 -13
36 -4 -18
36 -4 -19
36 -4 -20
36 -5 0
36 -5 -11
36 -5 -12
36 -5 -13
36 -5 -15
36 -6 -1
36 -7 -10
36 -7 -12
36 -7 -18
36 -7 -20
36 -8 -3
36 -8 -5
36 -9 0
36 -9 -2
36 -9 -11
36 -10 0
36 -10 -1
36 -10 -2
36 -11 -8
36 -12 0
36 -12 -10
36 -13 -3
36 -13 -12
36 -13 -14
36 -13 -17
36 -13 -18
36 -14 -7
36 -14 -10
36 -15 -1
36 -15 -5
36 -15 -9
36 -15 -14
36 -16 -1
36 -16 -12
36 -17 -2
36 -17 -18
36 -18 -9
36 -18 -18
36 -19 -18
36 -19 -20
36 -20 -2
36 -20 -4
36 -20 -8
37 0 -3
37 0 -8
37 0 -18
37 -1 0
37 -1 -2
37 -1 -16
37 -2 -3
37 -2 -4
37 -2 -7
37 -2 -12
37 -2 -16
37 -2 -20
37 -3 -9
37 -3 -17
37 -4 -2
37 -4 -13
37 -4 -18
37 -4 -19
37 -4 -20
37 -5 0
37 -5 -11
37 -5 -12
37 -5 -13
37 -5 -15
37 -6 -1
37 -7 -10
37 -7 -12
37 -7 -18
37 -7 -20
37 -8 -3
37 -8 -5
37 -9 0
37 -9 -2
37 -9 -11
37 -10 0
37 -10 -1
37 -10 -2
37 -11 -8
37 -12 0
37 -12 -10
37 -13 -3
37 -13 -12
37 -13 -14
37 -13 -17
37 -13 -18
37 -14 -7
37 -14 -10
37 -15 -1
37 -15 -5
37 -15 -9
37 -15 -14
37 -16 -1
37 -16 -12
37 -17 -2
37 -17 -18
37 -18 -9
37 -18 -18
37 -19 -18
37 -19 -20
37 -20 -2
37 -20 -4
37 -20 -8
38 0 -3
38 0 -8
38 0 -18
38 -1 0
38 -1 -2
38 -1 -16
38 -2 -3
38 -2 -4
38 -2 -7
38 -2 -12
38 -2 -16
38 -2 -20
38 -3 -9
38 -3 -17
38 -4 -2
38 -4 -13
38 -4 -18
38 -4 -19
38 -4 -20
38 -5 0
38 -5 -11
38 -5 -12
38 -5 -13
38 -5 -15
38 -6 -1
38 -7 -10
38 -7 -12
38 -7 -18
38 -7 -20
38 -8 -3
38 -8 -5
38 -9 0
38 -9 -2
38 -9 -11
38 -10 0
38 -10 -1
38 -10 -2
38 -11 -8
38 -12 0
38 -12 -10
38 -13 -3
38 -13 -12
38 -13 -14
38 -13 -17
38 -13 -18
38 -14 -7
38 -14 -10
38 -15 -1
38 -15 -5
38 -15 -9
38 -15 -14
38 -16 -1
38 -16 -12
38 -17 -2
38 -17 -18
38 -18 -9
38 -18 -18
38 -19 -18
38 -19 -20
38 -20 -2
38 -20 -4
38 -20 -8
39 0 -3
39 0 -8
39 0 -18
39 -1 0
39 -1 -2
39 -1 -16
39 -2 -3
39 -2 -4
39 -2 -7
39 -2 -12
39 -2 -16
39 -2 -20
39 -3 -9
39 -3 -17
39 -4 -2
39 -4 -13
39 -4 -18
39 -4 -19
39 -4 -20
39 -5 0
39 -5 -11
39 -5 -12
39 -5 -13
39 -5 -15
39 -6 -1
39 -7 -10
39 -7 -12
39 -7 -18
39 -7 -20
39 -8 -3
39 -8 -5
39 -9 0
39 -9 -2
39 -9 -11
39 -10 0
39 -10 -1
39 -10 -2
39 -11 -8
39 -12 0
39 -12 -10
39 -13 -3
39 -13 -12
39 -13 -14
39 -13 -17
39 -13 -18
39 -14 -7
39 -14 -10
39 -15 -1
39 -15 -5
39 -15 -9
39 -15 -14
39 -16 -1
39 -16 -12
39 -17 -2
39 -17 -18
39 -18 -9
39 -18 -18
39 -19 -18
39 -19 -20
39 -20 -2
39 -20 -4
39 -20 -8
40 0 -3
40 0 -8
40 0 -18
40 -1 0
40 -1 -2
40 -1 -16
40 -2 -3
40 -2 -4
40 -2 -7
40 -2 -12
40 -2 -16
40 -2 -20
40 -3 -9
40 -3 -17
40 -4 -2
40 -4 -13
40 -4 -18
40 -4 -19
40 -4 -20
40 -5 0
40 -5 -11
40 -5 -12
40 -5 -13
40 -5 -15
40 -6 -1
40 -7 -10
40 -7 -12
40 -7 -18
40 -7 -20
40 -8 -3
40 -8 -5
40 -9 0
40 -9 -2
40 -9 -11
40 -10 0
40 -10 -1
40 -10 -2
40 -11 -8
40 -12 0
40 -12 -10
40 -13 -3
40 -13 -12
40 -13 -14
40 -13 -17
40 -13 -18
40 -14 -7
40 -14 -10
40 -15 -1
40 -15 -5
40 -15 -9
40 -15 -14
40 -16 -1
40 -16 -12
40 -17 -2
40 -17 -18
40 -18 -9
40 -18 -18
40 -19 -18
40 -19 -20
40 -20 -2
40 -20 -4
40 -20 -8
41 0 -3
41 0 -8
41 0 -18
41 -1 0
41 -1 -2
41 -1 -16
41 -2 -3
41 -2 -4
41 -2 -7
41 -2 -12
41 -2 -16
41 -2 -20
41 -3 -9
41 -3 -17
41 -4 -2
41 -4 -13
41 -4 -18
41 -4 -19
41 -4 -20
41 -5 0
41 -5 -11
41 -5 -12
41 -5 -13
41 -5 -15
41 -6 -1
41 -7 -10
41 -7 -12
41 -7 -18
41 -7 -20
41 -8 -3
41 -8 -5
41 -9 0
41 -9 -2
41 -9 -11
41 -10 0
41 -10 -1
41 -10 -2
41 -11 -8
41 -12 0
41 -12 -10
41 -13 -3
41 -13 -12
41 -13 -14
41 -13 -17
41 -13 -18
41 -14 -7
41 -14 -10
41 -15 -1
41 -15 -5
41 -15 -9
41 -15 -14
41 -16 -1
41 -16 -12
41 -17 -2
41 -17 -18
41 -18 -9
41 -18 -18
41 -19 -18
41 -19 -20
41 -20 -2
41 -20 -4
41 -20 -8
42 0 -3
42 0 -8
42 0 -18
42 -1 0
42 -1 -2
42 -1 -16
42 -2 -3
42 -2 -4
42 -2 -7
42 -2 -12
42 -2 -16
42 -2 -20
42 -3 -9
42 -3 -17
42 -4 -2
42 -4 -13
42 -4 -18
42 -4 -19
42 -4 -20
42 -5 0
42 -5 -11
42 -5 -12
42 -5 -13
42 -5 -15
42 -6 -1
42 -7 -10
42 -7 -12
42 -7 -18
42 -7 -20
42 -8 -3
42 -8 -5
42 -9 0
42 -9 -2
42 -9 -11
42 -10 0
42 -10 -1
42 -10 -2
42 -11 -8
42 -12 0
42 -12 -10
42 -13 -3
42 -13 -12
42 -13 -14
42 -13 -17
42 -13 -18
42 -14 -7
42 -14 -10
42 -15 -1
42 -15 -5
42 -15 -9
42 -15 -14
42 -16 -1
42 -16 -12
42 -17 -2
42 -17 -18
42 -18 -9
42 -18 -18
42 -19 -18
42 -19 -20
42 -20 -2
42 -20 -4
42 -20 -8
43 0 -3
43 0 -8
43 0 -18
43 -1 0
43 -1 -2
43 -1 -16
43 -2 -3
43 -2 -4
43 -2 -7
43 -2 -12
43 -2 -16
43 -2 -20
43 -3 -9
43 -3 -17
43 -4 -2
43 -4 -13
43 -4 -18
43 -4 -19
43 -4 -20
43 -5 0
43 -5 -11
43 -5 -12
43 -5 -13
43 -5 -15
43 -6 -1
43 -7 -10
43 -7 -12
43 -7 -18
43 -7 -20
43 -8 -3
43 -8 -5
43 -9 0
43 -9 -2
43 -9 -11
43 -10 0
43 -10 -1
43 -10 -2
43 -11 -8
43 -12 0
43 -12 -10
43 -13 -3
43 -13 -12
43 -13 -14
43 -13 -17
43 -13 -18
43 -14 -7
43 -14 -10
43 -15 -1
43 -15 -5
43 -15 -9
43 -15 -14
43 -16 -1
43 -16 -12
43 -17 -2
43 -17 -18
43 -18 -9
43 -18 -18
43 -19 -18
43 -19 -20
43 -20 -2
43 -20 -4
43 -20 -8
44 0 -3
44 0 -8
44 0 -18
44 -1 0
44 -1 -2
44 -1 -16
44 -2 -3
44 -2 -4
44 -2 -7
44 -2 -12
44 -2 -16
44 -2 -20
44 -3 -9
44 -3 -17
44 -4 -2
44 -4 -13
44 -4 -18
44 -4 -19
44 -4 -20
44 -5 0
44 -5 -11
44 -5 -12
44 -5 -13
44 -5 -15
44 -6 -1
44 -7 -10
44 -7 -12
44 -7 -18
44 -7 -20
44 -8 -3
44 -8 -5
44 -9 0
44 -9 -2
44 -9 -11
44 -10 0
44 -10 -1
44 -10 -2
44 -11 -8
44 -12 0
44 -12 -10
44 -13 -3
44 -13 -12
44 -13 -14
44 -13 -17
44 -13 -18
44 -14 -7
44 -14 -10
44 -15 -1
44 -15 -5
44 -15 -9
44 -15 -14
44 -16 -1
44 -16 -12
44 -17 -2
44 -17 -18
44 -18 -9
44 -18 -18
44 -19 -18
44 -19 -20
44 -20 -2
44 -20 -4
44 -20 -8
45 0 -3
45 0 -8
45 0 -18
45 -1 0
45 -1 -2
45 -1 -16
45 -2 -3
45 -2 -4
45 -2 -7
45 -2 -12
45 -2 -16
45 -2 -20
45 -3 -9
45 -3 -17
45 -4 -2
45 -4 -13
45 -4 -18
45 -4 -19
45 -4 -20
45 -5 0
45 -5 -11
45 -5 -12
45 -5 -13
45 -5 -15
45 -6 -1
45 -7 -10
45 -7 -12
45 -7 -18
45 -7 -20
45 -8 -3
45 -8 -5
45 -9 0
45 -9 -2
45 -9 -11
45 -10 0
45 -10 -1
45 -10 -2
45 -11 -8
45 -12 0
45 -12 -10
45 -13 -3
45 -13 -12
45 -13 -14
45 -13 -17
45 -13 -18
45 -14 -7
45 -14 -10
45 -15 -1
45 -15 -5
45 -15 -9
45 -15 -14
45 -16 -1
45 -16 -12
45 -17 -2
45 -17 -18
45 -18 -9
45 -18 -18
45 -19 -18
45 -19 -20
45 -20 -2
45 -20 -4
45 -20 -8
46 0 -3
46 0 -8
46 0 -18
46 -1 0
46 -1 -2
46 -1 -16
46 -2 -3
46 -2 -4
46 -2 -7
46 -2 -12
46 -2 -16
46 -2 -20
46 -3 -9
46 -3 -17
46 -4 -2
46 -4 -13
46 -4 -18
46 -4 -19
46 -4 -20
46 -5 0
46 -5 -11
46 -5 -12
46 -5 -13
46 -5 -15
46 -6 -1
46 -7 -10
46 -7 -12
46 -7 -18
46 -7 -20
46 -8 -3
46 -8 -5
46 -9 0
46 -9 -2
46 -9 -11
46 -10 0
46 -10 -1
46 -10 -2
46 -11 -8
46 -12 0
46 -12 -10
46 -13 -3
46 -13 -12
46 -13 -14
46 -13 -17
46 -13 -18
46 -14 -7
46 -14 -10
46 -15 -1
46 -15 -5
46 -15 -9
46 -15 -14
46 -16 -1
46 -16 -12
46 -17 -2
46 -17 -18
46 -18 -9
46 -18 -18
46 -19 -18
46 -19 -20
46 -20 -2
46 -20 -4
46 -20 -8
47 0 -3
47 0 -8
47 0 -18
47 -1 0
47 -1 -2
47 -1 -16
47 -2 -3
47 -2 -4
47 -2 -7
47 -2 -12
47 -2 -16
47 -2 -20
47 -3 -9
47 -3 -17
47 -4 -2
47 -4 -13
47 -4 -18
47 -4 -19
47 -4 -20
47 -5 0
47 -5 -11
47 -5 -12
47 -5 -13
47 -5 -15
47 -6 -1
47 -7 -10
47 -7 -12
47 -7 -18
47 -7 -20
47 -8 -3
47 -8 -5
47 -9 0
47 -9 -2
47 -9 -11
47 -10 0
47 -10 -1
47 -10 -2
47 -11 -8
47 -12 0
47 -12 -10
47 -13 -3
47 -13 -12
47 -13 -14
47 -13 -17
47 -13 -18
47 -14 -7
47 -14 -10
47 -15 -1
47 -15 -5
47 -15 -9
47 -15 -14
47 -16 -1
47 -16 -12
47 -17 -2
47 -17 -18
47 -18 -9
47 -18 -18
47 -19 -18
47 -19 -20
47 -20 -2
47 -20 -4
47 -20 -8
48 0 -3
48 0 -8
48 0 -18
48 -1 0
48 -1 -2
48 -1 -16
48 -2 -3
48 -2 -4
48 -2 -7
48 -2 -12
48 -2 -16
48 -2 -20
48 -3 -9
48 -3 -17
48 -4 -2
48 -4 -13
48 -4 -18
48 -4 -19
48 -4 -20
48 -5 0
48 -5 -11
48 -5 -12
48 -5 -13
48 -5 -15
48 -6 -1
48 -7 -10
48 -7 -12
48 -7 -18
48 -7 -20
48 -8 -3
48 -8 -5
48 -9 0
48 -9 -2
48 -9 -11
48 -10 0
48 -10 -1
48 -10 -2
48 -11 -8
48 -12 0
48 -12 -10
48 -13 -3
48 -13 -12
48 -13 -14
48 -13 -17
48 -13 -18
48 -14 -7
48 -14 -10
48 -15 -1
48 -15 -5
48 -15 -9
48 -15 -14
48 -16 -1
48 -16 -12
48 -17 -2
48 -17 -18
48 -18 -9
48 -18 -18
48 -19 -18
48 -19 -20
48 -20 -2
48 -20 -4
48 -20 -8
49 0 -3
49 0 -8
49 0 -18
49 -1 0
49 -1 -2
49 -1 -16
49 -2 -3
49 -2 -4
49 -2 -7
49 -2 -12
49 -2 -16
49 -2 -20
49 -3 -9
49 -3 -17
49 -4 -2
49 -4 -13
49 -4 -18
49 -4 -19
49 -4 -20
49 -5 0
49 -5 -11
49 -5 -12
49 -5 -13
49 -5 -15
49 -6 -1
49 -7 -10
49 -7 -12
49 -7 -18
49 -7 -20
49 -8 -3
49 -8 -5
49 -9 0
49 -9 -2
49 -9 -11
49 -10 0
49 -10 -1
49 -10 -2
49 -11 -8
49 -12 0
49 -12 -10
49 -13 -3
49 -13 -12
49 -13 -14
49 -13 -17
49 -13 -18
49 -14 -7
49 -14 -10
49 -15 -1
49 -15 -5
49 -15 -9
49 -15 -14
49 -16 -1
49 -16 -12
49 -17 -2
49 -17 -18
49 -18 -9
49 -18 -18
49 -19 -18
49 -19 -20
49 -20 -2
49 -20 -4
49 -20 -8
50 0 -3
50 0 -8
50 0 -18
50 -1 0
50 -1 -2
50 -1 -16
50 -2 -3
50 -2 -4
50 -2 -7
50 -2 -12
50 -2 -16
50 -2 -20
50 -3 -9
50 -3 -17
50 -4 -2
50 -4 -13
50 -4 -18
50 -4 -19
50 -4 -20
50 -5 0
50 -5 -11
50 -5 -12
50 -5 -13
50 -5 -15
50 -6 -1
50 -7 -10
50 -7 -12
50 -7 -18
50 -7 -20
50 -8 -3
50 -8 -5
50 -9 0
50 -9 -2
50 -9 -11
50 -10 0
50 -10 -1
50 -10 -2
50 -11 -8
50 -12 0
50 -12 -10
50 -13 -3
50 -13 -12
50 -13 -14
50 -13 -17
50 -13 -18
50 -14 -7
50 -14 -10
50 -15 -1
50 -15 -5
50 -15 -9
50 -15 -14
50 -16 -1
50 -16 -12
50 -17 -2
50 -17 -18
50 -18 -9
50 -18 -18
50 -19 -18
50 -19 -20
50 -20 -2
50 -20 -4
50 -20 -8
51 0 -3
51 0 -8
51 0 -18
51 -1 0
51 -1 -2
51 -1 -16
51 -2 -3
51 -2 -4
51 -2 -7
51 -2 -12
51 -2 -16
51 -2 -20
51 -3 -9
51 -3 -17
51 -4 -2
51 -4 -13
51 -4 -18
51 -4 -19
51 -4 -20
51 -5 0
51 -5 -11
51 -5 -12
51 -5 -13
51 -5 -15
51 -6 -1
51 -7 -10
51 -7 -12
51 -7 -18
51 -7 -20
51 -8 -3
51 -8 -5
51 -9 0
51 -9 -2
51 -9 -11
51 -10 0
51 -10 -1
51 -10 -2
51 -11 -8
51 -12 0
51 -12 -10
51 -13 -3
51 -13 -12
51 -13 -14
51 -13 -17
51 -13 -18
51 -14 -7
51 -14 -10
51 -15 -1
51 -15 -5
51 -15 -9
51 -15 -14
51 -16 -1
51 -16 -12
51 -17 -2
51 -17 -18
51 -18 -9
51 -18 -18
51 -19 -18
51 -19 -20
51 -20 -2
51 -20 -4
51 -20 -8
52 0 -3
52 0 -8
52 0 -18
52 -1 0
52 -1 -2
52 -1 -16
52 -2 -3
52 -2 -4
52 -2 -7
52 -2 -12
52 -2 -16
52 -2 -20
52 -3 -9
52 -3 -17
52 -4 -2
52 -4 -13
52 -4 -18
52 -4 -19
52 -4 -20
52 -5 0
52 -5 -11
52 -5 -12
52 -5 -13
52 -5 -15
52 -6 -1
52 -7 -10
52 -7 -12
52 -7 -18
52 -7 -20
52 -8 -3
52 -8 -5
52 -9 0
52 -9 -2
52 -9 -11
52 -10 0
52 -10 -1
52 -10 -2
52 -11 -8
52 -12 0
52 -12 -10
52 -13 -3
52 -13 -12
52 -13 -14
52 -13 -17
52 -13 -18
52 -14 -7
52 -14 -10
52 -15 -1
52 -15 -5
52 -15 -9
52 -15 -14
52 -16 -1
52 -16 -12
52 -17 -2
52 -17 -18
52 -18 -9
52 -18 -18
52 -19 -18
52 -19 -20
52 -20 -2
52 -20 -4
52 -20 -8
53 0 -3
53 0 -8
53 0 -18
53 -1 0
53 -1 -2
53 -1 -16
53 -2 -3
53 -2 -4
53 -2 -7
53 -2 -12
53 -2 -16
53 -2 -20
53 -3 -9
53 -3 -17
53 -4 -2
53 -4 -13
53 -4 -18
53 -4 -19
53 -4 -20
53 -5 0
53 -5 -11
53 -5 -12
53 -5 -13
53 -5 -15
53 -6 -1
53 -7 -10
53 -7 -12
53 -7 -18
53 -7 -20
53 -8 -3
53 -8 -5
53 -9 0
53 -9 -2
53 -9 -11
53 -10 0
53 -10 -1
53 -10 -2
53 -11 -8
53 -12 0
53 -12 -10
53 -13 -3
53 -13 -12
53 -13 -14
53 -13 -17
53 -13 -18
53 -14 -7
53 -14 -10
53 -15 -1
53 -15 -5
53 -15 -9
53 -15 -14
53 -16 -1
53 -16 -12
53 -17 -2
53 -17 -18
53 -18 -9
53 -18 -18
53 -19 -18
53 -19 -20
53 -20 -2
53 -20 -4
53 -20 -8
54 0 -3
54 0 -8
54 0 -18
54 -1 0
54 -1 -2
54 -1 -16
54 -2 -3
54 -2 -4
54 -2 -7
54 -2 -12
54 -2 -16
54 -2 -20
54 -3 -9
54 -3 -17
54 -4 -2
54 -4 -13
54 -4 -18
54 -4 -19
54 -4 -20
54 -5 0
54 -5 -11
54 -5 -12
54 -5 -13
54 -5 -15
54 -6 -1
54 -7 -10
54 -7 -12
54 -7 -18
54 -7 -20
54 -8 -3
54 -8 -5
54 -9 0
54 -9 -2
54 -9 -11
54 -10 0
54 -10 -1
54 -10 -2
54 -11 -8
54 -12 0
54 -12 -10
54 -13 -3
54 -13 -12
54 -13 -14
54 -13 -17
54 -13 -18
54 -14 -7
54 -14 -10
54 -15 -1
54 -15 -5
54 -15 -9
54 -15 -14
54 -16 -1
54 -16 -12
54 -17 -2
54 -17 -18
54 -18 -9
54 -18 -18
54 -19 -18
54 -19 -20
54 -20 -2
54 -20 -4
54 -20 -8
55 0 -3
55 0 -8
55 0 -18
55 -1 0
55 -1 -2
55 -1 -16
55 -2 -3
55 -2 -4
55 -2 -7
55 -2 -12
55 -2 -16
55 -2 -20
55 -3 -9
55 -3 -17
55 -4 -2
55 -4 -13
55 -4 -18
55 -4 -19
55 -4 -20
55 -5 0
55 -5 -11
55 -5 -12
55 -5 -13
55 -5 -15
55 -6 -1
55 -7 -10
55 -7 -12
55 -7 -18
55 -7 -20
55 -8 -3
55 -8 -5
55 -9 0
55 -9 -2
55 -9 -11
55 -10 0
55 -10 -1
55 -10 -2
55 -11 -8
55 -12 0
55 -12 -10
55 -13 -3
55 -13 -12
55 -13 -14
55 -13 -17
55 -13 -18
55 -14 -7
55 -14 -10
55 -15 -1
55 -15 -5
55 -15 -9
55 -15 -14
55 -16 -1
55 -16 -12
55 -17 -2
55 -17 -18
55 -18 -9
55 -18 -18
55 -19 -18
55 -19 -20
55 -20 -2
55 -20 -4
55 -20 -8
56 0 -3
56 0 -8
56 0 -18
56 -1 0
56 -1 -2
56 -1 -16
56 -2 -3
56 -2 -4
56 -2 -7
56 -2 -12
56 -2 -16
56 -2 -20
56 -3 -9
56 -3 -17
56 -4 -2
56 -4 -13
56 -4 -18
56 -4 -19
56 -4 -20
56 -5 0
56 -5 -11
56 -5 -12
56 -5 -13
56 -5 -15
56 -6 -1
56 -7 -10
56 -7 -12
56 -7 -18
56 -7 -20
56 -8 -3
56 -8 -5
56 -9 0
56 -9 -2
56 -9 -11
56 -10 0
56 -10 -1
56 -10 -2
56 -11 -8
56 -12 0
56 -12 -10
56 -13 -3
56 -13 -12
56 -13 -14
56 -13 -17
56 -13 -18
56 -14 -7
56 -14 -10
56 -15 -1
56 -15 -5
56 -15 -9
56 -15 -14
56 -16 -1
56 -16 -12
56 -17 -2
56 -17 -18
56 -18 -9
56 -18 -18
56 -19 -18
56 -19 -20
56 -20 -2
56 -20 -4
56 -20 -8
57 0 -3
57 0 -8
57 0 -18
57 -1 0
57 -1 -2
57 -1 -16
57 -2 -3
57 -2 -4
57 -2 -7
57 -2 -12
57 -2 -16
57 -2 -20
57 -3 -9
57 -3 -17
57 -4 -2
57 -4 -13
57 -4 -18
57 -4 -19
57 -4 -20
57 -5 0
57 -5 -11
57 -5 -12
57 -5 -13
57 -5 -15
57 -6 -1
57 -7 -10
57 -7 -12
57 -7 -18
57 -7 -20
57 -8 -3
57 -8 -5
57 -9 0
57 -9 -2
57 -9 -11
57 -10 0
57 -10 -1
57 -10 -2
57 -11 -8
57 -12 0
57 -12 -10
57 -13 -3
57 -13 -12
57 -13 -14
57 -13 -17
57 -13 -18
57 -14 -7
57 -14 -10
57 -15 -1
57 -15 -5
57 -15 -9
57 -15 -14
57 -16 -1
57 -16 -12
57 -17 -2
57 -17 -18
57 -18 -9
57 -18 -18
57 -19 -18
57 -19 -20
57 -20 -2
57 -20 -4
57 -20 -8
58 0 -3
58 0 -8
58 0 -18
58 -1 0
58 -1 -2
58 -1 -16
58 -2 -3
58 -2 -4
58 -2 -7
58 -2 -12
58 -2 -16
58 -2 -20
58 -3 -9
58 -3 -17
58 -4 -2
58 -4 -13
58 -4 -18
58 -4 -19
58 -4 -20
58 -5 0
58 -5 -11
58 -5 -12
58 -5 -13
58 -5 -15
58 -6 -1
58 -7 -10
58 -7 -12
58 -7 -18
58 -7 -20
58 -8 -3
58 -8 -5
58 -9 0
58 -9 -2
58 -9 -11
58 -10 0
58 -10 -1
58 -10 -2
58 -11 -8
58 -12 0
58 -12 -10
58 -13 -3
58 -13 -12
58 -13 -14
58 -13 -17
58 -13 -18
58 -14 -7
58 -14 -10
58 -15 -1
58 -15 -5
58 -15 -9
58 -15 -14
58 -16 -1
58 -16 -12
58 -17 -2
58 -17 -18
58 -18 -9
58 -18 -18
58 -19 -18
58 -19 -20
58 -20 -2
58 -20 -4
58 -20 -8
59 0 -3
59 0 -8
59 0 -18
59 -1 0
59 -1 -2
59 -1 -16
59 -2 -3
59 -2 -4
59 -2 -7
59 -2 -12
59 -2 -16
59 -2 -20
59 -3 -9
59 -3 -17
59 -4 -2
59 -4 -13
59 -4 -18
59 -4 -19
59 -4 -20
59 -5 0
59 -5 -11
59 -5 -12
59 -5 -13
59 -5 -15
59 -6 -1
59 -7 -10
59 -7 -12
59 -7 -18
59 -7 -20
59 -8 -3
59 -8 -5
59 -9 0
59 -9 -2
59 -9 -11
59 -10 0
59 -10 -1
59 -10 -2
59 -11 -8
59 -12 0
59 -12 -10
59 -13 -3
59 -13 -12
59 -13 -14
59 -13 -17
59 -13 -18
59 -14 -7
59 -14 -10
59 -15 -1
59 -15 -5
59 -15 -9
59 -15 -14
59 -16 -1
59 -16 -12
59 -17 -2
59 -17 -18
59 -18 -9
59 -18 -18
59 -19 -18
59 -19 -20
59 -20 -2
59 -20 -4
59 -20 -8
60 0 -3
60 0 -8
60 0 -18
60 -1 0
60 -1 -2
60 -1 -16
60 -2 -3
60 -2 -4
60 -2 -7
60 -2 -12
60 -2 -16
60 -2 -20
60 -3 -9
60 -3 -17
60 -4 -2
60 -4 -13
60 -4 -18
60 -4 -19
60 -4 -20
60 -5 0
60 -5 -11
60 -5 -12
60 -5 -13
60 -5 -15
60 -6 -1
60 -7 -10
60 -7 -12
60 -7 -18
60 -7 -20
60 -8 -3
60 -8 -5
60 -9 0
60 -9 -2
60 -9 -11
60 -10 0
60 -10 -1
60 -10 -2
60 -11 -8
60 -12 0
60 -12 -10
60 -13 -3
60 -13 -12
60 -13 -14
60 -13 -17
60 -13 -18
60 -14 -7
60 -14 -10
60 -15 -1
60 -15 -5
60 -15 -9
60 -15 -14
60 -16 -1
60 -16 -12
60 -17 -2
60 -17 -18
60 -18 -9
60 -18 -18
60 -19 -18
60 -19 -20
60 -20 -2
60 -20 -4
60 -20 -8
61 0 -3
61 0 -8
61 0 -18
61 -1 0
61 -1 -2
61 -1 -16
61 -2 -3
61 -2 -4
61 -2 -7
61 -2 -12
61 -2 -16
61 -2 -20
61 -3 -9
61 -3 -17
61 -4 -2
61 -4 -13
61 -4 -18
61 -4 -19
61 -4 -20
61 -5 0
61 -5 -11
61 -5 -12
61 -5 -13
61 -5 -15
61 -6 -1
61 -7 -10
61 -7 -12
61 -7 -18
61 -7 -20
61 -8 -3
61 -8 -5
61 -9 0
61 -9 -2
61 -9 -11
61 -10 0
61 -10 -1
61 -10 -2
61 -11 -8
61 -12 0
61 -12 -10
61 -13 -3
61 -13 -12
61 -13 -14
61 -13 -17
61 -13 -18
61 -14 -7
61 -14 -10
61 -15 -1
61 -15 -5
61 -15 -9
61 -15 -14
61 -16 -1
61 -16 -12
61 -17 -2
61 -17 -18
61 -18 -9
61 -18 -18
61 -19 -18
61 -19 -20
61 -20 -2
61 -20 -4
61 -20 -8
-1 -1 -1
1
22
6
0
9
23
7
10
14
12
27
8
13
2
4
11
25
20
16
5
18
3
24
19
53
29
35
39
30
31
17
26
61
36
40
15
56
33
45
34
21
28
32
42
37
58
43
38
46
51
47
52
50
48
60
54
41
59
49
55
44
57
  0.034913 seconds (102.93 k allocations: 3.282 MiB)
