950 0 0 0 0 0 0 0 0 0 0 0 0 0
0 0 0 0 0 0 0 0 0 0 0 0 0 0
0 0 0 0 0 0 0 0 0 0 0 0 0 0
0 0 0 0 0 0 0 0 0 0 0 0 0 0
0 0 0 0 0 0 0 0 0 0 0 0 0 0
0 0 0 0 0 0 0 0 0 0 0 0 0 0
0 0 0 0 0 0 0 0 0 0 0 0 0 0
0 0 0 0 0 0 0 0 0 0 0 0 0 0
0 0 0 0 0 0 0 0 0 0 0 0 0 0
0 0 0 0 0 0 0 0 0 0 0 0 0 0
0 0 0 0 0 0 0 0 0 0 0 0 0 0
0 0 0 0 0 0 0 0 0 0 0 0 0 0
0 0 0 0 0 0 0 0 0 0 0 0 0 0
0 0 0 0 0 0 0 0 0 0 0 0 0 0
0 0 0
0 0 -1
0 0 -2
0 0 -4
0 0 -6
0 0 -7
0 0 -8
0 0 -10
0 0 -13
0 -1 -3
0 -1 -7
0 -2 0
0 -2 -4
0 -2 -6
0 -2 -8
0 -3 -1
0 -3 -2
0 -3 -4
0 -3 -6
0 -3 -8
0 -3 -9
0 -3 -10
0 -3 -11
0 -4 0
0 -4 -1
0 -4 -3
0 -4 -4
0 -4 -6
0 -4 -8
0 -4 -10
0 -4 -12
0 -5 -6
0 -5 -7
0 -5 -8
0 -6 -2
0 -6 -8
0 -6 -9
0 -6 -11
0 -6 -13
0 -7 -3
0 -7 -4
0 -7 -8
0 -7 -9
0 -7 -11
0 -7 -12
0 -8 -1
0 -8 -3
0 -8 -4
0 -8 -6
0 -8 -10
0 -9 -3
0 -9 -4
0 -9 -9
0 -9 -12
0 -10 0
0 -10 -1
0 -10 -2
0 -10 -3
0 -10 -5
0 -10 -6
0 -10 -10
0 -10 -11
0 -11 0
0 -11 -2
0 -11 -8
0 -11 -9
0 -11 -11
0 -11 -13
0 -12 -7
0 -12 -8
0 -12 -9
0 -12 -10
0 -13 0
0 -13 -11
1 0 0
1 0 -1
1 0 -2
1 0 -4
1 0 -6
1 0 -7
1 0 -8
1 0 -10
1 0 -13
1 -1 -3
1 -1 -7
1 -2 0
1 -2 -4
1 -2 -6
1 -2 -8
1 -3 -1
1 -3 -2
1 -3 -4
1 -3 -6
1 -3 -8
1 -3 -9
1 -3 -10
1 -3 -11
1 -4 0
1 -4 -1
1 -4 -3
1 -4 -4
1 -4 -6
1 -4 -8
1 -4 -10
1 -4 -12
1 -5 -6
1 -5 -7
1 -5 -8
1 -6 -2
1 -6 -8
1 -6 -9
1 -6 -11
1 -6 -13
1 -7 -3
1 -7 -4
1 -7 -8
1 -7 -9
1 -7 -11
1 -7 -12
1 -8 -1
1 -8 -3
1 -8 -4
1 -8 -6
1 -8 -10
1 -9 -3
1 -9 -4
1 -9 -9
1 -9 -12
1 -10 0
1 -10 -1
1 -10 -2
1 -10 -3
1 -10 -5
1 -10 -6
1 -10 -10
1 -10 -11
1 -11 0
1 -11 -2
1 -11 -8
1 -11 -9
1 -11 -11
1 -11 -13
1 -12 -7
1 -12 -8
1 -12 -9
1 -12 -10
1 -13 0
1 -13 -11
2 0 0
2 0 -1
2 0 -2
2 0 -4
2 0 -6
2 0 -7
2 0 -8
2 0 -10
2 0 -13
2 -1 -3
2 -1 -7
2 -2 0
2 -2 -4
2 -2 -6
2 -2 -8
2 -3 -1
2 -3 -2
2 -3 -4
2 -3 -6
2 -3 -8
2 -3 -9
2 -3 -10
2 -3 -11
2 -4 0
2 -4 -1
2 -4 -3
2 -4 -4
2 -4 -6
2 -4 -8
2 -4 -10
2 -4 -12
2 -5 -6
2 -5 -7
2 -5 -8
2 -6 -2
2 -6 -8
2 -6 -9
2 -6 -11
2 -6 -13
2 -7 -3
2 -7 -4
2 -7 -8
2 -7 -9
2 -7 -11
2 -7 -12
2 -8 -1
2 -8 -3
2 -8 -4
2 -8 -6
2 -8 -10
2 -9 -3
2 -9 -4
2 -9 -9
2 -9 -12
2 -10 0
2 -10 -1
2 -10 -2
2 -10 -3
2 -10 -5
2 -10 -6
2 -10 -10
2 -10 -11
2 -11 0
2 -11 -2
2 -11 -8
2 -11 -9
2 -11 -11
2 -11 -13
2 -12 -7
2 -12 -8
2 -12 -9
2 -12 -10
2 -13 0
2 -13 -11
3 0 0
3 0 -1
3 0 -2
3 0 -4
3 0 -6
3 0 -7
3 0 -8
3 0 -10
3 0 -13
3 -1 -3
3 -1 -7
3 -2 0
3 -2 -4
3 -2 -6
3 -2 -8
3 -3 -1
3 -3 -2
3 -3 -4
3 -3 -6
3 -3 -8
3 -3 -9
3 -3 -10
3 -3 -11
3 -4 0
3 -4 -1
3 -4 -3
3 -4 -4
3 -4 -6
3 -4 -8
3 -4 -10
3 -4 -12
3 -5 -6
3 -5 -7
3 -5 -8
3 -6 -2
3 -6 -8
3 -6 -9
3 -6 -11
3 -6 -13
3 -7 -3
3 -7 -4
3 -7 -8
3 -7 -9
3 -7 -11
3 -7 -12
3 -8 -1
3 -8 -3
3 -8 -4
3 -8 -6
3 -8 -10
3 -9 -3
3 -9 -4
3 -9 -9
3 -9 -12
3 -10 0
3 -10 -1
3 -10 -2
3 -10 -3
3 -10 -5
3 -10 -6
3 -10 -10
3 -10 -11
3 -11 0
3 -11 -2
3 -11 -8
3 -11 -9
3 -11 -11
3 -11 -13
3 -12 -7
3 -12 -8
3 -12 -9
3 -12 -10
3 -13 0
3 -13 -11
4 0 0
4 0 -1
4 0 -2
4 0 -4
4 0 -6
4 0 -7
4 0 -8
4 0 -10
4 0 -13
4 -1 -3
4 -1 -7
4 -2 0
4 -2 -4
4 -2 -6
4 -2 -8
4 -3 -1
4 -3 -2
4 -3 -4
4 -3 -6
4 -3 -8
4 -3 -9
4 -3 -10
4 -3 -11
4 -4 0
4 -4 -1
4 -4 -3
4 -4 -4
4 -4 -6
4 -4 -8
4 -4 -10
4 -4 -12
4 -5 -6
4 -5 -7
4 -5 -8
4 -6 -2
4 -6 -8
4 -6 -9
4 -6 -11
4 -6 -13
4 -7 -3
4 -7 -4
4 -7 -8
4 -7 -9
4 -7 -11
4 -7 -12
4 -8 -1
4 -8 -3
4 -8 -4
4 -8 -6
4 -8 -10
4 -9 -3
4 -9 -4
4 -9 -9
4 -9 -12
4 -10 0
4 -10 -1
4 -10 -2
4 -10 -3
4 -10 -5
4 -10 -6
4 -10 -10
4 -10 -11
4 -11 0
4 -11 -2
4 -11 -8
4 -11 -9
4 -11 -11
4 -11 -13
4 -12 -7
4 -12 -8
4 -12 -9
4 -12 -10
4 -13 0
4 -13 -11
5 0 0
5 0 -1
5 0 -2
5 0 -4
5 0 -6
5 0 -7
5 0 -8
5 0 -10
5 0 -13
5 -1 -3
5 -1 -7
5 -2 0
5 -2 -4
5 -2 -6
5 -2 -8
5 -3 -1
5 -3 -2
5 -3 -4
5 -3 -6
5 -3 -8
5 -3 -9
5 -3 -10
5 -3 -11
5 -4 0
5 -4 -1
5 -4 -3
5 -4 -4
5 -4 -6
5 -4 -8
5 -4 -10
5 -4 -12
5 -5 -6
5 -5 -7
5 -5 -8
5 -6 -2
5 -6 -8
5 -6 -9
5 -6 -11
5 -6 -13
5 -7 -3
5 -7 -4
5 -7 -8
5 -7 -9
5 -7 -11
5 -7 -12
5 -8 -1
5 -8 -3
5 -8 -4
5 -8 -6
5 -8 -10
5 -9 -3
5 -9 -4
5 -9 -9
5 -9 -12
5 -10 0
5 -10 -1
5 -10 -2
5 -10 -3
5 -10 -5
5 -10 -6
5 -10 -10
5 -10 -11
5 -11 0
5 -11 -2
5 -11 -8
5 -11 -9
5 -11 -11
5 -11 -13
5 -12 -7
5 -12 -8
5 -12 -9
5 -12 -10
5 -13 0
5 -13 -11
6 0 0
6 0 -1
6 0 -2
6 0 -4
6 0 -6
6 0 -7
6 0 -8
6 0 -10
6 0 -13
6 -1 -3
6 -1 -7
6 -2 0
6 -2 -4
6 -2 -6
6 -2 -8
6 -3 -1
6 -3 -2
6 -3 -4
6 -3 -6
6 -3 -8
6 -3 -9
6 -3 -10
6 -3 -11
6 -4 0
6 -4 -1
6 -4 -3
6 -4 -4
6 -4 -6
6 -4 -8
6 -4 -10
6 -4 -12
6 -5 -6
6 -5 -7
6 -5 -8
6 -6 -2
6 -6 -8
6 -6 -9
6 -6 -11
6 -6 -13
6 -7 -3
6 -7 -4
6 -7 -8
6 -7 -9
6 -7 -11
6 -7 -12
6 -8 -1
6 -8 -3
6 -8 -4
6 -8 -6
6 -8 -10
6 -9 -3
6 -9 -4
6 -9 -9
6 -9 -12
6 -10 0
6 -10 -1
6 -10 -2
6 -10 -3
6 -10 -5
6 -10 -6
6 -10 -10
6 -10 -11
6 -11 0
6 -11 -2
6 -11 -8
6 -11 -9
6 -11 -11
6 -11 -13
6 -12 -7
6 -12 -8
6 -12 -9
6 -12 -10
6 -13 0
6 -13 -11
7 0 0
7 0 -1
7 0 -2
7 0 -4
7 0 -6
7 0 -7
7 0 -8
7 0 -10
7 0 -13
7 -1 -3
7 -1 -7
7 -2 0
7 -2 -4
7 -2 -6
7 -2 -8
7 -3 -1
7 -3 -2
7 -3 -4
7 -3 -6
7 -3 -8
7 -3 -9
7 -3 -10
7 -3 -11
7 -4 0
7 -4 -1
7 -4 -3
7 -4 -4
7 -4 -6
7 -4 -8
7 -4 -10
7 -4 -12
7 -5 -6
7 -5 -7
7 -5 -8
7 -6 -2
7 -6 -8
7 -6 -9
7 -6 -11
7 -6 -13
7 -7 -3
7 -7 -4
7 -7 -8
7 -7 -9
7 -7 -11
7 -7 -12
7 -8 -1
7 -8 -3
7 -8 -4
7 -8 -6
7 -8 -10
7 -9 -3
7 -9 -4
7 -9 -9
7 -9 -12
7 -10 0
7 -10 -1
7 -10 -2
7 -10 -3
7 -10 -5
7 -10 -6
7 -10 -10
7 -10 -11
7 -11 0
7 -11 -2
7 -11 -8
7 -11 -9
7 -11 -11
7 -11 -13
7 -12 -7
7 -12 -8
7 -12 -9
7 -12 -10
7 -13 0
7 -13 -11
8 0 0
8 0 -1
8 0 -2
8 0 -4
8 0 -6
8 0 -7
8 0 -8
8 0 -10
8 0 -13
8 -1 -3
8 -1 -7
8 -2 0
8 -2 -4
8 -2 -6
8 -2 -8
8 -3 -1
8 -3 -2
8 -3 -4
8 -3 -6
8 -3 -8
8 -3 -9
8 -3 -10
8 -3 -11
8 -4 0
8 -4 -1
8 -4 -3
8 -4 -4
8 -4 -6
8 -4 -8
8 -4 -10
8 -4 -12
8 -5 -6
8 -5 -7
8 -5 -8
8 -6 -2
8 -6 -8
8 -6 -9
8 -6 -11
8 -6 -13
8 -7 -3
8 -7 -4
8 -7 -8
8 -7 -9
8 -7 -11
8 -7 -12
8 -8 -1
8 -8 -3
8 -8 -4
8 -8 -6
8 -8 -10
8 -9 -3
8 -9 -4
8 -9 -9
8 -9 -12
8 -10 0
8 -10 -1
8 -10 -2
8 -10 -3
8 -10 -5
8 -10 -6
8 -10 -10
8 -10 -11
8 -11 0
8 -11 -2
8 -11 -8
8 -11 -9
8 -11 -11
8 -11 -13
8 -12 -7
8 -12 -8
8 -12 -9
8 -12 -10
8 -13 0
8 -13 -11
9 0 0
9 0 -1
9 0 -2
9 0 -4
9 0 -6
9 0 -7
9 0 -8
9 0 -10
9 0 -13
9 -1 -3
9 -1 -7
9 -2 0
9 -2 -4
9 -2 -6
9 -2 -8
9 -3 -1
9 -3 -2
9 -3 -4
9 -3 -6
9 -3 -8
9 -3 -9
9 -3 -10
9 -3 -11
9 -4 0
9 -4 -1
9 -4 -3
9 -4 -4
9 -4 -6
9 -4 -8
9 -4 -10
9 -4 -12
9 -5 -6
9 -5 -7
9 -5 -8
9 -6 -2
9 -6 -8
9 -6 -9
9 -6 -11
9 -6 -13
9 -7 -3
9 -7 -4
9 -7 -8
9 -7 -9
9 -7 -11
9 -7 -12
9 -8 -1
9 -8 -3
9 -8 -4
9 -8 -6
9 -8 -10
9 -9 -3
9 -9 -4
9 -9 -9
9 -9 -12
9 -10 0
9 -10 -1
9 -10 -2
9 -10 -3
9 -10 -5
9 -10 -6
9 -10 -10
9 -10 -11
9 -11 0
9 -11 -2
9 -11 -8
9 -11 -9
9 -11 -11
9 -11 -13
9 -12 -7
9 -12 -8
9 -12 -9
9 -12 -10
9 -13 0
9 -13 -11
10 0 0
10 0 -1
10 0 -2
10 0 -4
10 0 -6
10 0 -7
10 0 -8
10 0 -10
10 0 -13
10 -1 -3
10 -1 -7
10 -2 0
10 -2 -4
10 -2 -6
10 -2 -8
10 -3 -1
10 -3 -2
10 -3 -4
10 -3 -6
10 -3 -8
10 -3 -9
10 -3 -10
10 -3 -11
10 -4 0
10 -4 -1
10 -4 -3
10 -4 -4
10 -4 -6
10 -4 -8
10 -4 -10
10 -4 -12
10 -5 -6
10 -5 -7
10 -5 -8
10 -6 -2
10 -6 -8
10 -6 -9
10 -6 -11
10 -6 -13
10 -7 -3
10 -7 -4
10 -7 -8
10 -7 -9
10 -7 -11
10 -7 -12
10 -8 -1
10 -8 -3
10 -8 -4
10 -8 -6
10 -8 -10
10 -9 -3
10 -9 -4
10 -9 -9
10 -9 -12
10 -10 0
10 -10 -1
10 -10 -2
10 -10 -3
10 -10 -5
10 -10 -6
10 -10 -10
10 -10 -11
10 -11 0
10 -11 -2
10 -11 -8
10 -11 -9
10 -11 -11
10 -11 -13
10 -12 -7
10 -12 -8
10 -12 -9
10 -12 -10
10 -13 0
10 -13 -11
11 0 0
11 0 -1
11 0 -2
11 0 -4
11 0 -6
11 0 -7
11 0 -8
11 0 -10
11 0 -13
11 -1 -3
11 -1 -7
11 -2 0
11 -2 -4
11 -2 -6
11 -2 -8
11 -3 -1
11 -3 -2
11 -3 -4
11 -3 -6
11 -3 -8
11 -3 -9
11 -3 -10
11 -3 -11
11 -4 0
11 -4 -1
11 -4 -3
11 -4 -4
11 -4 -6
11 -4 -8
11 -4 -10
11 -4 -12
11 -5 -6
11 -5 -7
11 -5 -8
11 -6 -2
11 -6 -8
11 -6 -9
11 -6 -11
11 -6 -13
11 -7 -3
11 -7 -4
11 -7 -8
11 -7 -9
11 -7 -11
11 -7 -12
11 -8 -1
11 -8 -3
11 -8 -4
11 -8 -6
11 -8 -10
11 -9 -3
11 -9 -4
11 -9 -9
11 -9 -12
11 -10 0
11 -10 -1
11 -10 -2
11 -10 -3
11 -10 -5
11 -10 -6
11 -10 -10
11 -10 -11
11 -11 0
11 -11 -2
11 -11 -8
11 -11 -9
11 -11 -11
11 -11 -13
11 -12 -7
11 -12 -8
11 -12 -9
11 -12 -10
11 -13 0
11 -13 -11
12 0 0
12 0 -1
12 0 -2
12 0 -4
12 0 -6
12 0 -7
12 0 -8
12 0 -10
12 0 -13
12 -1 -3
12 -1 -7
12 -2 0
12 -2 -4
12 -2 -6
12 -2 -8
12 -3 -1
12 -3 -2
12 -3 -4
12 -3 -6
12 -3 -8
12 -3 -9
12 -3 -10
12 -3 -11
12 -4 0
12 -4 -1
12 -4 -3
12 -4 -4
12 -4 -6
12 -4 -8
12 -4 -10
12 -4 -12
12 -5 -6
12 -5 -7
12 -5 -8
12 -6 -2
12 -6 -8
12 -6 -9
12 -6 -11
12 -6 -13
12 -7 -3
12 -7 -4
12 -7 -8
12 -7 -9
12 -7 -11
12 -7 -12
12 -8 -1
12 -8 -3
12 -8 -4
12 -8 -6
12 -8 -10
12 -9 -3
12 -9 -4
12 -9 -9
12 -9 -12
12 -10 0
12 -10 -1
12 -10 -2
12 -10 -3
12 -10 -5
12 -10 -6
12 -10 -10
12 -10 -11
12 -11 0
12 -11 -2
12 -11 -8
12 -11 -9
12 -11 -11
12 -11 -13
12 -12 -7
12 -12 -8
12 -12 -9
12 -12 -10
12 -13 0
12 -13 -11
13 0 0
13 0 -1
13 0 -2
13 0 -4
13 0 -6
13 0 -7
13 0 -8
13 0 -10
13 0 -13
13 -1 -3
13 -1 -7
13 -2 0
13 -2 -4
13 -2 -6
13 -2 -8
13 -3 -1
13 -3 -2
13 -3 -4
13 -3 -6
13 -3 -8
13 -3 -9
13 -3 -10
13 -3 -11
13 -4 0
13 -4 -1
13 -4 -3
13 -4 -4
13 -4 -6
13 -4 -8
13 -4 -10
13 -4 -12
13 -5 -6
13 -5 -7
13 -5 -8
13 -6 -2
13 -6 -8
13 -6 -9
13 -6 -11
13 -6 -13
13 -7 -3
13 -7 -4
13 -7 -8
13 -7 -9
13 -7 -11
13 -7 -12
13 -8 -1
13 -8 -3
13 -8 -4
13 -8 -6
13 -8 -10
13 -9 -3
13 -9 -4
13 -9 -9
13 -9 -12
13 -10 0
13 -10 -1
13 -10 -2
13 -10 -3
13 -10 -5
13 -10 -6
13 -10 -10
13 -10 -11
13 -11 0
13 -11 -2
13 -11 -8
13 -11 -9
13 -11 -11
13 -11 -13
13 -12 -7
13 -12 -8
13 -12 -9
13 -12 -10
13 -13 0
13 -13 -11
14 0 0
14 0 -1
14 0 -2
14 0 -4
14 0 -6
14 0 -7
14 0 -8
14 0 -10
14 0 -13
14 -1 -3
14 -1 -7
14 -2 0
14 -2 -4
14 -2 -6
14 -2 -8
14 -3 -1
14 -3 -2
14 -3 -4
14 -3 -6
14 -3 -8
14 -3 -9
14 -3 -10
14 -3 -11
14 -4 0
14 -4 -1
14 -4 -3
14 -4 -4
14 -4 -6
14 -4 -8
14 -4 -10
14 -4 -12
14 -5 -6
14 -5 -7
14 -5 -8
14 -6 -2
14 -6 -8
14 -6 -9
14 -6 -11
14 -6 -13
14 -7 -3
14 -7 -4
14 -7 -8
14 -7 -9
14 -7 -11
14 -7 -12
14 -8 -1
14 -8 -3
14 -8 -4
14 -8 -6
14 -8 -10
14 -9 -3
14 -9 -4
14 -9 -9
14 -9 -12
14 -10 0
14 -10 -1
14 -10 -2
14 -10 -3
14 -10 -5
14 -10 -6
14 -10 -10
14 -10 -11
14 -11 0
14 -11 -2
14 -11 -8
14 -11 -9
14 -11 -11
14 -11 -13
14 -12 -7
14 -12 -8
14 -12 -9
14 -12 -10
14 -13 0
14 -13 -11
15 0 0
15 0 -1
15 0 -2
15 0 -4
15 0 -6
15 0 -7
15 0 -8
15 0 -10
15 0 -13
15 -1 -3
15 -1 -7
15 -2 0
15 -2 -4
15 -2 -6
15 -2 -8
15 -3 -1
15 -3 -2
15 -3 -4
15 -3 -6
15 -3 -8
15 -3 -9
15 -3 -10
15 -3 -11
15 -4 0
15 -4 -1
15 -4 -3
15 -4 -4
15 -4 -6
15 -4 -8
15 -4 -10
15 -4 -12
15 -5 -6
15 -5 -7
15 -5 -8
15 -6 -2
15 -6 -8
15 -6 -9
15 -6 -11
15 -6 -13
15 -7 -3
15 -7 -4
15 -7 -8
15 -7 -9
15 -7 -11
15 -7 -12
15 -8 -1
15 -8 -3
15 -8 -4
15 -8 -6
15 -8 -10
15 -9 -3
15 -9 -4
15 -9 -9
15 -9 -12
15 -10 0
15 -10 -1
15 -10 -2
15 -10 -3
15 -10 -5
15 -10 -6
15 -10 -10
15 -10 -11
15 -11 0
15 -11 -2
15 -11 -8
15 -11 -9
15 -11 -11
15 -11 -13
15 -12 -7
15 -12 -8
15 -12 -9
15 -12 -10
15 -13 0
15 -13 -11
16 0 0
16 0 -1
16 0 -2
16 0 -4
16 0 -6
16 0 -7
16 0 -8
16 0 -10
16 0 -13
16 -1 -3
16 -1 -7
16 -2 0
16 -2 -4
16 -2 -6
16 -2 -8
16 -3 -1
16 -3 -2
16 -3 -4
16 -3 -6
16 -3 -8
16 -3 -9
16 -3 -10
16 -3 -11
16 -4 0
16 -4 -1
16 -4 -3
16 -4 -4
16 -4 -6
16 -4 -8
16 -4 -10
16 -4 -12
16 -5 -6
16 -5 -7
16 -5 -8
16 -6 -2
16 -6 -8
16 -6 -9
16 -6 -11
16 -6 -13
16 -7 -3
16 -7 -4
16 -7 -8
16 -7 -9
16 -7 -11
16 -7 -12
16 -8 -1
16 -8 -3
16 -8 -4
16 -8 -6
16 -8 -10
16 -9 -3
16 -9 -4
16 -9 -9
16 -9 -12
16 -10 0
16 -10 -1
16 -10 -2
16 -10 -3
16 -10 -5
16 -10 -6
16 -10 -10
16 -10 -11
16 -11 0
16 -11 -2
16 -11 -8
16 -11 -9
16 -11 -11
16 -11 -13
16 -12 -7
16 -12 -8
16 -12 -9
16 -12 -10
16 -13 0
16 -13 -11
17 0 0
17 0 -1
17 0 -2
17 0 -4
17 0 -6
17 0 -7
17 0 -8
17 0 -10
17 0 -13
17 -1 -3
17 -1 -7
17 -2 0
17 -2 -4
17 -2 -6
17 -2 -8
17 -3 -1
17 -3 -2
17 -3 -4
17 -3 -6
17 -3 -8
17 -3 -9
17 -3 -10
17 -3 -11
17 -4 0
17 -4 -1
17 -4 -3
17 -4 -4
17 -4 -6
17 -4 -8
17 -4 -10
17 -4 -12
17 -5 -6
17 -5 -7
17 -5 -8
17 -6 -2
17 -6 -8
17 -6 -9
17 -6 -11
17 -6 -13
17 -7 -3
17 -7 -4
17 -7 -8
17 -7 -9
17 -7 -11
17 -7 -12
17 -8 -1
17 -8 -3
17 -8 -4
17 -8 -6
17 -8 -10
17 -9 -3
17 -9 -4
17 -9 -9
17 -9 -12
17 -10 0
17 -10 -1
17 -10 -2
17 -10 -3
17 -10 -5
17 -10 -6
17 -10 -10
17 -10 -11
17 -11 0
17 -11 -2
17 -11 -8
17 -11 -9
17 -11 -11
17 -11 -13
17 -12 -7
17 -12 -8
17 -12 -9
17 -12 -10
17 -13 0
17 -13 -11
18 0 0
18 0 -1
18 0 -2
18 0 -4
18 0 -6
18 0 -7
18 0 -8
18 0 -10
18 0 -13
18 -1 -3
18 -1 -7
18 -2 0
18 -2 -4
18 -2 -6
18 -2 -8
18 -3 -1
18 -3 -2
18 -3 -4
18 -3 -6
18 -3 -8
18 -3 -9
18 -3 -10
18 -3 -11
18 -4 0
18 -4 -1
18 -4 -3
18 -4 -4
18 -4 -6
18 -4 -8
18 -4 -10
18 -4 -12
18 -5 -6
18 -5 -7
18 -5 -8
18 -6 -2
18 -6 -8
18 -6 -9
18 -6 -11
18 -6 -13
18 -7 -3
18 -7 -4
18 -7 -8
18 -7 -9
18 -7 -11
18 -7 -12
18 -8 -1
18 -8 -3
18 -8 -4
18 -8 -6
18 -8 -10
18 -9 -3
18 -9 -4
18 -9 -9
18 -9 -12
18 -10 0
18 -10 -1
18 -10 -2
18 -10 -3
18 -10 -5
18 -10 -6
18 -10 -10
18 -10 -11
18 -11 0
18 -11 -2
18 -11 -8
18 -11 -9
18 -11 -11
18 -11 -13
18 -12 -7
18 -12 -8
18 -12 -9
18 -12 -10
18 -13 0
18 -13 -11
19 0 0
19 0 -1
19 0 -2
19 0 -4
19 0 -6
19 0 -7
19 0 -8
19 0 -10
19 0 -13
19 -1 -3
19 -1 -7
19 -2 0
19 -2 -4
19 -2 -6
19 -2 -8
19 -3 -1
19 -3 -2
19 -3 -4
19 -3 -6
19 -3 -8
19 -3 -9
19 -3 -10
19 -3 -11
19 -4 0
19 -4 -1
19 -4 -3
19 -4 -4
19 -4 -6
19 -4 -8
19 -4 -10
19 -4 -12
19 -5 -6
19 -5 -7
19 -5 -8
19 -6 -2
19 -6 -8
19 -6 -9
19 -6 -11
19 -6 -13
19 -7 -3
19 -7 -4
19 -7 -8
19 -7 -9
19 -7 -11
19 -7 -12
19 -8 -1
19 -8 -3
19 -8 -4
19 -8 -6
19 -8 -10
19 -9 -3
19 -9 -4
19 -9 -9
19 -9 -12
19 -10 0
19 -10 -1
19 -10 -2
19 -10 -3
19 -10 -5
19 -10 -6
19 -10 -10
19 -10 -11
19 -11 0
19 -11 -2
19 -11 -8
19 -11 -9
19 -11 -11
19 -11 -13
19 -12 -7
19 -12 -8
19 -12 -9
19 -12 -10
19 -13 0
19 -13 -11
20 0 0
20 0 -1
20 0 -2
20 0 -4
20 0 -6
20 0 -7
20 0 -8
20 0 -10
20 0 -13
20 -1 -3
20 -1 -7
20 -2 0
20 -2 -4
20 -2 -6
20 -2 -8
20 -3 -1
20 -3 -2
20 -3 -4
20 -3 -6
20 -3 -8
20 -3 -9
20 -3 -10
20 -3 -11
20 -4 0
20 -4 -1
20 -4 -3
20 -4 -4
20 -4 -6
20 -4 -8
20 -4 -10
20 -4 -12
20 -5 -6
20 -5 -7
20 -5 -8
20 -6 -2
20 -6 -8
20 -6 -9
20 -6 -11
20 -6 -13
20 -7 -3
20 -7 -4
20 -7 -8
20 -7 -9
20 -7 -11
20 -7 -12
20 -8 -1
20 -8 -3
20 -8 -4
20 -8 -6
20 -8 -10
20 -9 -3
20 -9 -4
20 -9 -9
20 -9 -12
20 -10 0
20 -10 -1
20 -10 -2
20 -10 -3
20 -10 -5
20 -10 -6
20 -10 -10
20 -10 -11
20 -11 0
20 -11 -2
20 -11 -8
20 -11 -9
20 -11 -11
20 -11 -13
20 -12 -7
20 -12 -8
20 -12 -9
20 -12 -10
20 -13 0
20 -13 -11
21 0 0
21 0 -1
21 0 -2
21 0 -4
21 0 -6
21 0 -7
21 0 -8
21 0 -10
21 0 -13
21 -1 -3
21 -1 -7
21 -2 0
21 -2 -4
21 -2 -6
21 -2 -8
21 -3 -1
21 -3 -2
21 -3 -4
21 -3 -6
21 -3 -8
21 -3 -9
21 -3 -10
21 -3 -11
21 -4 0
21 -4 -1
21 -4 -3
21 -4 -4
21 -4 -6
21 -4 -8
21 -4 -10
21 -4 -12
21 -5 -6
21 -5 -7
21 -5 -8
21 -6 -2
21 -6 -8
21 -6 -9
21 -6 -11
21 -6 -13
21 -7 -3
21 -7 -4
21 -7 -8
21 -7 -9
21 -7 -11
21 -7 -12
21 -8 -1
21 -8 -3
21 -8 -4
21 -8 -6
21 -8 -10
21 -9 -3
21 -9 -4
21 -9 -9
21 -9 -12
21 -10 0
21 -10 -1
21 -10 -2
21 -10 -3
21 -10 -5
21 -10 -6
21 -10 -10
21 -10 -11
21 -11 0
21 -11 -2
21 -11 -8
21 -11 -9
21 -11 -11
21 -11 -13
21 -12 -7
21 -12 -8
21 -12 -9
21 -12 -10
21 -13 0
21 -13 -11
22 0 0
22 0 -1
22 0 -2
22 0 -4
22 0 -6
22 0 -7
22 0 -8
22 0 -10
22 0 -13
22 -1 -3
22 -1 -7
22 -2 0
22 -2 -4
22 -2 -6
22 -2 -8
22 -3 -1
22 -3 -2
22 -3 -4
22 -3 -6
22 -3 -8
22 -3 -9
22 -3 -10
22 -3 -11
22 -4 0
22 -4 -1
22 -4 -3
22 -4 -4
22 -4 -6
22 -4 -8
22 -4 -10
22 -4 -12
22 -5 -6
22 -5 -7
22 -5 -8
22 -6 -2
22 -6 -8
22 -6 -9
22 -6 -11
22 -6 -13
22 -7 -3
22 -7 -4
22 -7 -8
22 -7 -9
22 -7 -11
22 -7 -12
22 -8 -1
22 -8 -3
22 -8 -4
22 -8 -6
22 -8 -10
22 -9 -3
22 -9 -4
22 -9 -9
22 -9 -12
22 -10 0
22 -10 -1
22 -10 -2
22 -10 -3
22 -10 -5
22 -10 -6
22 -10 -10
22 -10 -11
22 -11 0
22 -11 -2
22 -11 -8
22 -11 -9
22 -11 -11
22 -11 -13
22 -12 -7
22 -12 -8
22 -12 -9
22 -12 -10
22 -13 0
22 -13 -11
23 0 0
23 0 -1
23 0 -2
23 0 -4
23 0 -6
23 0 -7
23 0 -8
23 0 -10
23 0 -13
23 -1 -3
23 -1 -7
23 -2 0
23 -2 -4
23 -2 -6
23 -2 -8
23 -3 -1
23 -3 -2
23 -3 -4
23 -3 -6
23 -3 -8
23 -3 -9
23 -3 -10
23 -3 -11
23 -4 0
23 -4 -1
23 -4 -3
23 -4 -4
23 -4 -6
23 -4 -8
23 -4 -10
23 -4 -12
23 -5 -6
23 -5 -7
23 -5 -8
23 -6 -2
23 -6 -8
23 -6 -9
23 -6 -11
23 -6 -13
23 -7 -3
23 -7 -4
23 -7 -8
23 -7 -9
23 -7 -11
23 -7 -12
23 -8 -1
23 -8 -3
23 -8 -4
23 -8 -6
23 -8 -10
23 -9 -3
23 -9 -4
23 -9 -9
23 -9 -12
23 -10 0
23 -10 -1
23 -10 -2
23 -10 -3
23 -10 -5
23 -10 -6
23 -10 -10
23 -10 -11
23 -11 0
23 -11 -2
23 -11 -8
23 -11 -9
23 -11 -11
23 -11 -13
23 -12 -7
23 -12 -8
23 -12 -9
23 -12 -10
23 -13 0
23 -13 -11
24 0 0
24 0 -1
24 0 -2
24 0 -4
24 0 -6
24 0 -7
24 0 -8
24 0 -10
24 0 -13
24 -1 -3
24 -1 -7
24 -2 0
24 -2 -4
24 -2 -6
24 -2 -8
24 -3 -1
24 -3 -2
24 -3 -4
24 -3 -6
24 -3 -8
24 -3 -9
24 -3 -10
24 -3 -11
24 -4 0
24 -4 -1
24 -4 -3
24 -4 -4
24 -4 -6
24 -4 -8
24 -4 -10
24 -4 -12
24 -5 -6
24 -5 -7
24 -5 -8
24 -6 -2
24 -6 -8
24 -6 -9
24 -6 -11
24 -6 -13
24 -7 -3
24 -7 -4
24 -7 -8
24 -7 -9
24 -7 -11
24 -7 -12
24 -8 -1
24 -8 -3
24 -8 -4
24 -8 -6
24 -8 -10
24 -9 -3
24 -9 -4
24 -9 -9
24 -9 -12
24 -10 0
24 -10 -1
24 -10 -2
24 -10 -3
24 -10 -5
24 -10 -6
24 -10 -10
24 -10 -11
24 -11 0
24 -11 -2
24 -11 -8
24 -11 -9
24 -11 -11
24 -11 -13
24 -12 -7
24 -12 -8
24 -12 -9
24 -12 -10
24 -13 0
24 -13 -11
25 0 0
25 0 -1
25 0 -2
25 0 -4
25 0 -6
25 0 -7
25 0 -8
25 0 -10
25 0 -13
25 -1 -3
25 -1 -7
25 -2 0
25 -2 -4
25 -2 -6
25 -2 -8
25 -3 -1
25 -3 -2
25 -3 -4
25 -3 -6
25 -3 -8
25 -3 -9
25 -3 -10
25 -3 -11
25 -4 0
25 -4 -1
25 -4 -3
25 -4 -4
25 -4 -6
25 -4 -8
25 -4 -10
25 -4 -12
25 -5 -6
25 -5 -7
25 -5 -8
25 -6 -2
25 -6 -8
25 -6 -9
25 -6 -11
25 -6 -13
25 -7 -3
25 -7 -4
25 -7 -8
25 -7 -9
25 -7 -11
25 -7 -12
25 -8 -1
25 -8 -3
25 -8 -4
25 -8 -6
25 -8 -10
25 -9 -3
25 -9 -4
25 -9 -9
25 -9 -12
25 -10 0
25 -10 -1
25 -10 -2
25 -10 -3
25 -10 -5
25 -10 -6
25 -10 -10
25 -10 -11
25 -11 0
25 -11 -2
25 -11 -8
25 -11 -9
25 -11 -11
25 -11 -13
25 -12 -7
25 -12 -8
25 -12 -9
25 -12 -10
25 -13 0
25 -13 -11
26 0 0
26 0 -1
26 0 -2
26 0 -4
26 0 -6
26 0 -7
26 0 -8
26 0 -10
26 0 -13
26 -1 -3
26 -1 -7
26 -2 0
26 -2 -4
26 -2 -6
26 -2 -8
26 -3 -1
26 -3 -2
26 -3 -4
26 -3 -6
26 -3 -8
26 -3 -9
26 -3 -10
26 -3 -11
26 -4 0
26 -4 -1
26 -4 -3
26 -4 -4
26 -4 -6
26 -4 -8
26 -4 -10
26 -4 -12
26 -5 -6
26 -5 -7
26 -5 -8
26 -6 -2
26 -6 -8
26 -6 -9
26 -6 -11
26 -6 -13
26 -7 -3
26 -7 -4
26 -7 -8
26 -7 -9
26 -7 -11
26 -7 -12
26 -8 -1
26 -8 -3
26 -8 -4
26 -8 -6
26 -8 -10
26 -9 -3
26 -9 -4
26 -9 -9
26 -9 -12
26 -10 0
26 -10 -1
26 -10 -2
26 -10 -3
26 -10 -5
26 -10 -6
26 -10 -10
26 -10 -11
26 -11 0
26 -11 -2
26 -11 -8
26 -11 -9
26 -11 -11
26 -11 -13
26 -12 -7
26 -12 -8
26 -12 -9
26 -12 -10
26 -13 0
26 -13 -11
27 0 0
27 0 -1
27 0 -2
27 0 -4
27 0 -6
27 0 -7
27 0 -8
27 0 -10
27 0 -13
27 -1 -3
27 -1 -7
27 -2 0
27 -2 -4
27 -2 -6
27 -2 -8
27 -3 -1
27 -3 -2
27 -3 -4
27 -3 -6
27 -3 -8
27 -3 -9
27 -3 -10
27 -3 -11
27 -4 0
27 -4 -1
27 -4 -3
27 -4 -4
27 -4 -6
27 -4 -8
27 -4 -10
27 -4 -12
27 -5 -6
27 -5 -7
27 -5 -8
27 -6 -2
27 -6 -8
27 -6 -9
27 -6 -11
27 -6 -13
27 -7 -3
27 -7 -4
27 -7 -8
27 -7 -9
27 -7 -11
27 -7 -12
27 -8 -1
27 -8 -3
27 -8 -4
27 -8 -6
27 -8 -10
27 -9 -3
27 -9 -4
27 -9 -9
27 -9 -12
27 -10 0
27 -10 -1
27 -10 -2
27 -10 -3
27 -10 -5
27 -10 -6
27 -10 -10
27 -10 -11
27 -11 0
27 -11 -2
27 -11 -8
27 -11 -9
27 -11 -11
27 -11 -13
27 -12 -7
27 -12 -8
27 -12 -9
27 -12 -10
27 -13 0
27 -13 -11
28 0 0
28 0 -1
28 0 -2
28 0 -4
28 0 -6
28 0 -7
28 0 -8
28 0 -10
28 0 -13
28 -1 -3
28 -1 -7
28 -2 0
28 -2 -4
28 -2 -6
28 -2 -8
28 -3 -1
28 -3 -2
28 -3 -4
28 -3 -6
28 -3 -8
28 -3 -9
28 -3 -10
28 -3 -11
28 -4 0
28 -4 -1
28 -4 -3
28 -4 -4
28 -4 -6
28 -4 -8
28 -4 -10
28 -4 -12
28 -5 -6
28 -5 -7
28 -5 -8
28 -6 -2
28 -6 -8
28 -6 -9
28 -6 -11
28 -6 -13
28 -7 -3
28 -7 -4
28 -7 -8
28 -7 -9
28 -7 -11
28 -7 -12
28 -8 -1
28 -8 -3
28 -8 -4
28 -8 -6
28 -8 -10
28 -9 -3
28 -9 -4
28 -9 -9
28 -9 -12
28 -10 0
28 -10 -1
28 -10 -2
28 -10 -3
28 -10 -5
28 -10 -6
28 -10 -10
28 -10 -11
28 -11 0
28 -11 -2
28 -11 -8
28 -11 -9
28 -11 -11
28 -11 -13
28 -12 -7
28 -12 -8
28 -12 -9
28 -12 -10
28 -13 0
28 -13 -11
29 0 0
29 0 -1
29 0 -2
29 0 -4
29 0 -6
29 0 -7
29 0 -8
29 0 -10
29 0 -13
29 -1 -3
29 -1 -7
29 -2 0
29 -2 -4
29 -2 -6
29 -2 -8
29 -3 -1
29 -3 -2
29 -3 -4
29 -3 -6
29 -3 -8
29 -3 -9
29 -3 -10
29 -3 -11
29 -4 0
29 -4 -1
29 -4 -3
29 -4 -4
29 -4 -6
29 -4 -8
29 -4 -10
29 -4 -12
29 -5 -6
29 -5 -7
29 -5 -8
29 -6 -2
29 -6 -8
29 -6 -9
29 -6 -11
29 -6 -13
29 -7 -3
29 -7 -4
29 -7 -8
29 -7 -9
29 -7 -11
29 -7 -12
29 -8 -1
29 -8 -3
29 -8 -4
29 -8 -6
29 -8 -10
29 -9 -3
29 -9 -4
29 -9 -9
29 -9 -12
29 -10 0
29 -10 -1
29 -10 -2
29 -10 -3
29 -10 -5
29 -10 -6
29 -10 -10
29 -10 -11
29 -11 0
29 -11 -2
29 -11 -8
29 -11 -9
29 -11 -11
29 -11 -13
29 -12 -7
29 -12 -8
29 -12 -9
29 -12 -10
29 -13 0
29 -13 -11
30 0 0
30 0 -1
30 0 -2
30 0 -4
30 0 -6
30 0 -7
30 0 -8
30 0 -10
30 0 -13
30 -1 -3
30 -1 -7
30 -2 0
30 -2 -4
30 -2 -6
30 -2 -8
30 -3 -1
30 -3 -2
30 -3 -4
30 -3 -6
30 -3 -8
30 -3 -9
30 -3 -10
30 -3 -11
30 -4 0
30 -4 -1
30 -4 -3
30 -4 -4
30 -4 -6
30 -4 -8
30 -4 -10
30 -4 -12
30 -5 -6
30 -5 -7
30 -5 -8
30 -6 -2
30 -6 -8
30 -6 -9
30 -6 -11
30 -6 -13
30 -7 -3
30 -7 -4
30 -7 -8
30 -7 -9
30 -7 -11
30 -7 -12
30 -8 -1
30 -8 -3
30 -8 -4
30 -8 -6
30 -8 -10
30 -9 -3
30 -9 -4
30 -9 -9
30 -9 -12
30 -10 0
30 -10 -1
30 -10 -2
30 -10 -3
30 -10 -5
30 -10 -6
30 -10 -10
30 -10 -11
30 -11 0
30 -11 -2
30 -11 -8
30 -11 -9
30 -11 -11
30 -11 -13
30 -12 -7
30 -12 -8
30 -12 -9
30 -12 -10
30 -13 0
30 -13 -11
31 0 0
31 0 -1
31 0 -2
31 0 -4
31 0 -6
31 0 -7
31 0 -8
31 0 -10
31 0 -13
31 -1 -3
31 -1 -7
31 -2 0
31 -2 -4
31 -2 -6
31 -2 -8
31 -3 -1
31 -3 -2
31 -3 -4
31 -3 -6
31 -3 -8
31 -3 -9
31 -3 -10
31 -3 -11
31 -4 0
31 -4 -1
31 -4 -3
31 -4 -4
31 -4 -6
31 -4 -8
31 -4 -10
31 -4 -12
31 -5 -6
31 -5 -7
31 -5 -8
31 -6 -2
31 -6 -8
31 -6 -9
31 -6 -11
31 -6 -13
31 -7 -3
31 -7 -4
31 -7 -8
31 -7 -9
31 -7 -11
31 -7 -12
31 -8 -1
31 -8 -3
31 -8 -4
31 -8 -6
31 -8 -10
31 -9 -3
31 -9 -4
31 -9 -9
31 -9 -12
31 -10 0
31 -10 -1
31 -10 -2
31 -10 -3
31 -10 -5
31 -10 -6
31 -10 -10
31 -10 -11
31 -11 0
31 -11 -2
31 -11 -8
31 -11 -9
31 -11 -11
31 -11 -13
31 -12 -7
31 -12 -8
31 -12 -9
31 -12 -10
31 -13 0
31 -13 -11
32 0 0
32 0 -1
32 0 -2
32 0 -4
32 0 -6
32 0 -7
32 0 -8
32 0 -10
32 0 -13
32 -1 -3
32 -1 -7
32 -2 0
32 -2 -4
32 -2 -6
32 -2 -8
32 -3 -1
32 -3 -2
32 -3 -4
32 -3 -6
32 -3 -8
32 -3 -9
32 -3 -10
32 -3 -11
32 -4 0
32 -4 -1
32 -4 -3
32 -4 -4
32 -4 -6
32 -4 -8
32 -4 -10
32 -4 -12
32 -5 -6
32 -5 -7
32 -5 -8
32 -6 -2
32 -6 -8
32 -6 -9
32 -6 -11
32 -6 -13
32 -7 -3
32 -7 -4
32 -7 -8
32 -7 -9
32 -7 -11
32 -7 -12
32 -8 -1
32 -8 -3
32 -8 -4
32 -8 -6
32 -8 -10
32 -9 -3
32 -9 -4
32 -9 -9
32 -9 -12
32 -10 0
32 -10 -1
32 -10 -2
32 -10 -3
32 -10 -5
32 -10 -6
32 -10 -10
32 -10 -11
32 -11 0
32 -11 -2
32 -11 -8
32 -11 -9
32 -11 -11
32 -11 -13
32 -12 -7
32 -12 -8
32 -12 -9
32 -12 -10
32 -13 0
32 -13 -11
33 0 0
33 0 -1
33 0 -2
33 0 -4
33 0 -6
33 0 -7
33 0 -8
33 0 -10
33 0 -13
33 -1 -3
33 -1 -7
33 -2 0
33 -2 -4
33 -2 -6
33 -2 -8
33 -3 -1
33 -3 -2
33 -3 -4
33 -3 -6
33 -3 -8
33 -3 -9
33 -3 -10
33 -3 -11
33 -4 0
33 -4 -1
33 -4 -3
33 -4 -4
33 -4 -6
33 -4 -8
33 -4 -10
33 -4 -12
33 -5 -6
33 -5 -7
33 -5 -8
33 -6 -2
33 -6 -8
33 -6 -9
33 -6 -11
33 -6 -13
33 -7 -3
33 -7 -4
33 -7 -8
33 -7 -9
33 -7 -11
33 -7 -12
33 -8 -1
33 -8 -3
33 -8 -4
33 -8 -6
33 -8 -10
33 -9 -3
33 -9 -4
33 -9 -9
33 -9 -12
33 -10 0
33 -10 -1
33 -10 -2
33 -10 -3
33 -10 -5
33 -10 -6
33 -10 -10
33 -10 -11
33 -11 0
33 -11 -2
33 -11 -8
33 -11 -9
33 -11 -11
33 -11 -13
33 -12 -7
33 -12 -8
33 -12 -9
33 -12 -10
33 -13 0
33 -13 -11
34 0 0
34 0 -1
34 0 -2
34 0 -4
34 0 -6
34 0 -7
34 0 -8
34 0 -10
34 0 -13
34 -1 -3
34 -1 -7
34 -2 0
34 -2 -4
34 -2 -6
34 -2 -8
34 -3 -1
34 -3 -2
34 -3 -4
34 -3 -6
34 -3 -8
34 -3 -9
34 -3 -10
34 -3 -11
34 -4 0
34 -4 -1
34 -4 -3
34 -4 -4
34 -4 -6
34 -4 -8
34 -4 -10
34 -4 -12
34 -5 -6
34 -5 -7
34 -5 -8
34 -6 -2
34 -6 -8
34 -6 -9
34 -6 -11
34 -6 -13
34 -7 -3
34 -7 -4
34 -7 -8
34 -7 -9
34 -7 -11
34 -7 -12
34 -8 -1
34 -8 -3
34 -8 -4
34 -8 -6
34 -8 -10
34 -9 -3
34 -9 -4
34 -9 -9
34 -9 -12
34 -10 0
34 -10 -1
34 -10 -2
34 -10 -3
34 -10 -5
34 -10 -6
34 -10 -10
34 -10 -11
34 -11 0
34 -11 -2
34 -11 -8
34 -11 -9
34 -11 -11
34 -11 -13
34 -12 -7
34 -12 -8
34 -12 -9
34 -12 -10
34 -13 0
34 -13 -11
35 0 0
35 0 -1
35 0 -2
35 0 -4
35 0 -6
35 0 -7
35 0 -8
35 0 -10
35 0 -13
35 -1 -3
35 -1 -7
35 -2 0
35 -2 -4
35 -2 -6
35 -2 -8
35 -3 -1
35 -3 -2
35 -3 -4
35 -3 -6
35 -3 -8
35 -3 -9
35 -3 -10
35 -3 -11
35 -4 0
35 -4 -1
35 -4 -3
35 -4 -4
35 -4 -6
35 -4 -8
35 -4 -10
35 -4 -12
35 -5 -6
35 -5 -7
35 -5 -8
35 -6 -2
35 -6 -8
35 -6 -9
35 -6 -11
35 -6 -13
35 -7 -3
35 -7 -4
35 -7 -8
35 -7 -9
35 -7 -11
35 -7 -12
35 -8 -1
35 -8 -3
35 -8 -4
35 -8 -6
35 -8 -10
35 -9 -3
35 -9 -4
35 -9 -9
35 -9 -12
35 -10 0
35 -10 -1
35 -10 -2
35 -10 -3
35 -10 -5
35 -10 -6
35 -10 -10
35 -10 -11
35 -11 0
35 -11 -2
35 -11 -8
35 -11 -9
35 -11 -11
35 -11 -13
35 -12 -7
35 -12 -8
35 -12 -9
35 -12 -10
35 -13 0
35 -13 -11
36 0 0
36 0 -1
36 0 -2
36 0 -4
36 0 -6
36 0 -7
36 0 -8
36 0 -10
36 0 -13
36 -1 -3
36 -1 -7
36 -2 0
36 -2 -4
36 -2 -6
36 -2 -8
36 -3 -1
36 -3 -2
36 -3 -4
36 -3 -6
36 -3 -8
36 -3 -9
36 -3 -10
36 -3 -11
36 -4 0
36 -4 -1
36 -4 -3
36 -4 -4
36 -4 -6
36 -4 -8
36 -4 -10
36 -4 -12
36 -5 -6
36 -5 -7
36 -5 -8
36 -6 -2
36 -6 -8
36 -6 -9
36 -6 -11
36 -6 -13
36 -7 -3
36 -7 -4
36 -7 -8
36 -7 -9
36 -7 -11
36 -7 -12
36 -8 -1
36 -8 -3
36 -8 -4
36 -8 -6
36 -8 -10
36 -9 -3
36 -9 -4
36 -9 -9
36 -9 -12
36 -10 0
36 -10 -1
36 -10 -2
36 -10 -3
36 -10 -5
36 -10 -6
36 -10 -10
36 -10 -11
36 -11 0
36 -11 -2
36 -11 -8
36 -11 -9
36 -11 -11
36 -11 -13
36 -12 -7
36 -12 -8
36 -12 -9
36 -12 -10
36 -13 0
36 -13 -11
37 0 0
37 0 -1
37 0 -2
37 0 -4
37 0 -6
37 0 -7
37 0 -8
37 0 -10
37 0 -13
37 -1 -3
37 -1 -7
37 -2 0
37 -2 -4
37 -2 -6
37 -2 -8
37 -3 -1
37 -3 -2
37 -3 -4
37 -3 -6
37 -3 -8
37 -3 -9
37 -3 -10
37 -3 -11
37 -4 0
37 -4 -1
37 -4 -3
37 -4 -4
37 -4 -6
37 -4 -8
37 -4 -10
37 -4 -12
37 -5 -6
37 -5 -7
37 -5 -8
37 -6 -2
37 -6 -8
37 -6 -9
37 -6 -11
37 -6 -13
37 -7 -3
37 -7 -4
37 -7 -8
37 -7 -9
37 -7 -11
37 -7 -12
37 -8 -1
37 -8 -3
37 -8 -4
37 -8 -6
37 -8 -10
37 -9 -3
37 -9 -4
37 -9 -9
37 -9 -12
37 -10 0
37 -10 -1
37 -10 -2
37 -10 -3
37 -10 -5
37 -10 -6
37 -10 -10
37 -10 -11
37 -11 0
37 -11 -2
37 -11 -8
37 -11 -9
37 -11 -11
37 -11 -13
37 -12 -7
37 -12 -8
37 -12 -9
37 -12 -10
37 -13 0
37 -13 -11
38 0 0
38 0 -1
38 0 -2
38 0 -4
38 0 -6
38 0 -7
38 0 -8
38 0 -10
38 0 -13
38 -1 -3
38 -1 -7
38 -2 0
38 -2 -4
38 -2 -6
38 -2 -8
38 -3 -1
38 -3 -2
38 -3 -4
38 -3 -6
38 -3 -8
38 -3 -9
38 -3 -10
38 -3 -11
38 -4 0
38 -4 -1
38 -4 -3
38 -4 -4
38 -4 -6
38 -4 -8
38 -4 -10
38 -4 -12
38 -5 -6
38 -5 -7
38 -5 -8
38 -6 -2
38 -6 -8
38 -6 -9
38 -6 -11
38 -6 -13
38 -7 -3
38 -7 -4
38 -7 -8
38 -7 -9
38 -7 -11
38 -7 -12
38 -8 -1
38 -8 -3
38 -8 -4
38 -8 -6
38 -8 -10
38 -9 -3
38 -9 -4
38 -9 -9
38 -9 -12
38 -10 0
38 -10 -1
38 -10 -2
38 -10 -3
38 -10 -5
38 -10 -6
38 -10 -10
38 -10 -11
38 -11 0
38 -11 -2
38 -11 -8
38 -11 -9
38 -11 -11
38 -11 -13
38 -12 -7
38 -12 -8
38 -12 -9
38 -12 -10
38 -13 0
38 -13 -11
39 0 0
39 0 -1
39 0 -2
39 0 -4
39 0 -6
39 0 -7
39 0 -8
39 0 -10
39 0 -13
39 -1 -3
39 -1 -7
39 -2 0
39 -2 -4
39 -2 -6
39 -2 -8
39 -3 -1
39 -3 -2
39 -3 -4
39 -3 -6
39 -3 -8
39 -3 -9
39 -3 -10
39 -3 -11
39 -4 0
39 -4 -1
39 -4 -3
39 -4 -4
39 -4 -6
39 -4 -8
39 -4 -10
39 -4 -12
39 -5 -6
39 -5 -7
39 -5 -8
39 -6 -2
39 -6 -8
39 -6 -9
39 -6 -11
39 -6 -13
39 -7 -3
39 -7 -4
39 -7 -8
39 -7 -9
39 -7 -11
39 -7 -12
39 -8 -1
39 -8 -3
39 -8 -4
39 -8 -6
39 -8 -10
39 -9 -3
39 -9 -4
39 -9 -9
39 -9 -12
39 -10 0
39 -10 -1
39 -10 -2
39 -10 -3
39 -10 -5
39 -10 -6
39 -10 -10
39 -10 -11
39 -11 0
39 -11 -2
39 -11 -8
39 -11 -9
39 -11 -11
39 -11 -13
39 -12 -7
39 -12 -8
39 -12 -9
39 -12 -10
39 -13 0
39 -13 -11
40 0 0
40 0 -1
40 0 -2
40 0 -4
40 0 -6
40 0 -7
40 0 -8
40 0 -10
40 0 -13
40 -1 -3
40 -1 -7
40 -2 0
40 -2 -4
40 -2 -6
40 -2 -8
40 -3 -1
40 -3 -2
40 -3 -4
40 -3 -6
40 -3 -8
40 -3 -9
40 -3 -10
40 -3 -11
40 -4 0
40 -4 -1
40 -4 -3
40 -4 -4
40 -4 -6
40 -4 -8
40 -4 -10
40 -4 -12
40 -5 -6
40 -5 -7
40 -5 -8
40 -6 -2
40 -6 -8
40 -6 -9
40 -6 -11
40 -6 -13
40 -7 -3
40 -7 -4
40 -7 -8
40 -7 -9
40 -7 -11
40 -7 -12
40 -8 -1
40 -8 -3
40 -8 -4
40 -8 -6
40 -8 -10
40 -9 -3
40 -9 -4
40 -9 -9
40 -9 -12
40 -10 0
40 -10 -1
40 -10 -2
40 -10 -3
40 -10 -5
40 -10 -6
40 -10 -10
40 -10 -11
40 -11 0
40 -11 -2
40 -11 -8
40 -11 -9
40 -11 -11
40 -11 -13
40 -12 -7
40 -12 -8
40 -12 -9
40 -12 -10
40 -13 0
40 -13 -11
41 0 0
41 0 -1
41 0 -2
41 0 -4
41 0 -6
41 0 -7
41 0 -8
41 0 -10
41 0 -13
41 -1 -3
41 -1 -7
41 -2 0
41 -2 -4
41 -2 -6
41 -2 -8
41 -3 -1
41 -3 -2
41 -3 -4
41 -3 -6
41 -3 -8
41 -3 -9
41 -3 -10
41 -3 -11
41 -4 0
41 -4 -1
41 -4 -3
41 -4 -4
41 -4 -6
41 -4 -8
41 -4 -10
41 -4 -12
41 -5 -6
41 -5 -7
41 -5 -8
41 -6 -2
41 -6 -8
41 -6 -9
41 -6 -11
41 -6 -13
41 -7 -3
41 -7 -4
41 -7 -8
41 -7 -9
41 -7 -11
41 -7 -12
41 -8 -1
41 -8 -3
41 -8 -4
41 -8 -6
41 -8 -10
41 -9 -3
41 -9 -4
41 -9 -9
41 -9 -12
41 -10 0
41 -10 -1
41 -10 -2
41 -10 -3
41 -10 -5
41 -10 -6
41 -10 -10
41 -10 -11
41 -11 0
41 -11 -2
41 -11 -8
41 -11 -9
41 -11 -11
41 -11 -13
41 -12 -7
41 -12 -8
41 -12 -9
41 -12 -10
41 -13 0
41 -13 -11
42 0 0
42 0 -1
42 0 -2
42 0 -4
42 0 -6
42 0 -7
42 0 -8
42 0 -10
42 0 -13
42 -1 -3
42 -1 -7
42 -2 0
42 -2 -4
42 -2 -6
42 -2 -8
42 -3 -1
42 -3 -2
42 -3 -4
42 -3 -6
42 -3 -8
42 -3 -9
42 -3 -10
42 -3 -11
42 -4 0
42 -4 -1
42 -4 -3
42 -4 -4
42 -4 -6
42 -4 -8
42 -4 -10
42 -4 -12
42 -5 -6
42 -5 -7
42 -5 -8
42 -6 -2
42 -6 -8
42 -6 -9
42 -6 -11
42 -6 -13
42 -7 -3
42 -7 -4
42 -7 -8
42 -7 -9
42 -7 -11
42 -7 -12
42 -8 -1
42 -8 -3
42 -8 -4
42 -8 -6
42 -8 -10
42 -9 -3
42 -9 -4
42 -9 -9
42 -9 -12
42 -10 0
42 -10 -1
42 -10 -2
42 -10 -3
42 -10 -5
42 -10 -6
42 -10 -10
42 -10 -11
42 -11 0
42 -11 -2
42 -11 -8
42 -11 -9
42 -11 -11
42 -11 -13
42 -12 -7
42 -12 -8
42 -12 -9
42 -12 -10
42 -13 0
42 -13 -11
43 0 0
43 0 -1
43 0 -2
43 0 -4
43 0 -6
43 0 -7
43 0 -8
43 0 -10
43 0 -13
43 -1 -3
43 -1 -7
43 -2 0
43 -2 -4
43 -2 -6
43 -2 -8
43 -3 -1
43 -3 -2
43 -3 -4
43 -3 -6
43 -3 -8
43 -3 -9
43 -3 -10
43 -3 -11
43 -4 0
43 -4 -1
43 -4 -3
43 -4 -4
43 -4 -6
43 -4 -8
43 -4 -10
43 -4 -12
43 -5 -6
43 -5 -7
43 -5 -8
43 -6 -2
43 -6 -8
43 -6 -9
43 -6 -11
43 -6 -13
43 -7 -3
43 -7 -4
43 -7 -8
43 -7 -9
43 -7 -11
43 -7 -12
43 -8 -1
43 -8 -3
43 -8 -4
43 -8 -6
43 -8 -10
43 -9 -3
43 -9 -4
43 -9 -9
43 -9 -12
43 -10 0
43 -10 -1
43 -10 -2
43 -10 -3
43 -10 -5
43 -10 -6
43 -10 -10
43 -10 -11
43 -11 0
43 -11 -2
43 -11 -8
43 -11 -9
43 -11 -11
43 -11 -13
43 -12 -7
43 -12 -8
43 -12 -9
43 -12 -10
43 -13 0
43 -13 -11
44 0 0
44 0 -1
44 0 -2
44 0 -4
44 0 -6
44 0 -7
44 0 -8
44 0 -10
44 0 -13
44 -1 -3
44 -1 -7
44 -2 0
44 -2 -4
44 -2 -6
44 -2 -8
44 -3 -1
44 -3 -2
44 -3 -4
44 -3 -6
44 -3 -8
44 -3 -9
44 -3 -10
44 -3 -11
44 -4 0
44 -4 -1
44 -4 -3
44 -4 -4
44 -4 -6
44 -4 -8
44 -4 -10
44 -4 -12
44 -5 -6
44 -5 -7
44 -5 -8
44 -6 -2
44 -6 -8
44 -6 -9
44 -6 -11
44 -6 -13
44 -7 -3
44 -7 -4
44 -7 -8
44 -7 -9
44 -7 -11
44 -7 -12
44 -8 -1
44 -8 -3
44 -8 -4
44 -8 -6
44 -8 -10
44 -9 -3
44 -9 -4
44 -9 -9
44 -9 -12
44 -10 0
44 -10 -1
44 -10 -2
44 -10 -3
44 -10 -5
44 -10 -6
44 -10 -10
44 -10 -11
44 -11 0
44 -11 -2
44 -11 -8
44 -11 -9
44 -11 -11
44 -11 -13
44 -12 -7
44 -12 -8
44 -12 -9
44 -12 -10
44 -13 0
44 -13 -11
45 0 0
45 0 -1
45 0 -2
45 0 -4
45 0 -6
45 0 -7
45 0 -8
45 0 -10
45 0 -13
45 -1 -3
45 -1 -7
45 -2 0
45 -2 -4
45 -2 -6
45 -2 -8
45 -3 -1
45 -3 -2
45 -3 -4
45 -3 -6
45 -3 -8
45 -3 -9
45 -3 -10
45 -3 -11
45 -4 0
45 -4 -1
45 -4 -3
45 -4 -4
45 -4 -6
45 -4 -8
45 -4 -10
45 -4 -12
45 -5 -6
45 -5 -7
45 -5 -8
45 -6 -2
45 -6 -8
45 -6 -9
45 -6 -11
45 -6 -13
45 -7 -3
45 -7 -4
45 -7 -8
45 -7 -9
45 -7 -11
45 -7 -12
45 -8 -1
45 -8 -3
45 -8 -4
45 -8 -6
45 -8 -10
45 -9 -3
45 -9 -4
45 -9 -9
45 -9 -12
45 -10 0
45 -10 -1
45 -10 -2
45 -10 -3
45 -10 -5
45 -10 -6
45 -10 -10
45 -10 -11
45 -11 0
45 -11 -2
45 -11 -8
45 -11 -9
45 -11 -11
45 -11 -13
45 -12 -7
45 -12 -8
45 -12 -9
45 -12 -10
45 -13 0
45 -13 -11
46 0 0
46 0 -1
46 0 -2
46 0 -4
46 0 -6
46 0 -7
46 0 -8
46 0 -10
46 0 -13
46 -1 -3
46 -1 -7
46 -2 0
46 -2 -4
46 -2 -6
46 -2 -8
46 -3 -1
46 -3 -2
46 -3 -4
46 -3 -6
46 -3 -8
46 -3 -9
46 -3 -10
46 -3 -11
46 -4 0
46 -4 -1
46 -4 -3
46 -4 -4
46 -4 -6
46 -4 -8
46 -4 -10
46 -4 -12
46 -5 -6
46 -5 -7
46 -5 -8
46 -6 -2
46 -6 -8
46 -6 -9
46 -6 -11
46 -6 -13
46 -7 -3
46 -7 -4
46 -7 -8
46 -7 -9
46 -7 -11
46 -7 -12
46 -8 -1
46 -8 -3
46 -8 -4
46 -8 -6
46 -8 -10
46 -9 -3
46 -9 -4
46 -9 -9
46 -9 -12
46 -10 0
46 -10 -1
46 -10 -2
46 -10 -3
46 -10 -5
46 -10 -6
46 -10 -10
46 -10 -11
46 -11 0
46 -11 -2
46 -11 -8
46 -11 -9
46 -11 -11
46 -11 -13
46 -12 -7
46 -12 -8
46 -12 -9
46 -12 -10
46 -13 0
46 -13 -11
47 0 0
47 0 -1
47 0 -2
47 0 -4
47 0 -6
47 0 -7
47 0 -8
47 0 -10
47 0 -13
47 -1 -3
47 -1 -7
47 -2 0
47 -2 -4
47 -2 -6
47 -2 -8
47 -3 -1
47 -3 -2
47 -3 -4
47 -3 -6
47 -3 -8
47 -3 -9
47 -3 -10
47 -3 -11
47 -4 0
47 -4 -1
47 -4 -3
47 -4 -4
47 -4 -6
47 -4 -8
47 -4 -10
47 -4 -12
47 -5 -6
47 -5 -7
47 -5 -8
47 -6 -2
47 -6 -8
47 -6 -9
47 -6 -11
47 -6 -13
47 -7 -3
47 -7 -4
47 -7 -8
47 -7 -9
47 -7 -11
47 -7 -12
47 -8 -1
47 -8 -3
47 -8 -4
47 -8 -6
47 -8 -10
47 -9 -3
47 -9 -4
47 -9 -9
47 -9 -12
47 -10 0
47 -10 -1
47 -10 -2
47 -10 -3
47 -10 -5
47 -10 -6
47 -10 -10
47 -10 -11
47 -11 0
47 -11 -2
47 -11 -8
47 -11 -9
47 -11 -11
47 -11 -13
47 -12 -7
47 -12 -8
47 -12 -9
47 -12 -10
47 -13 0
47 -13 -11
48 0 0
48 0 -1
48 0 -2
48 0 -4
48 0 -6
48 0 -7
48 0 -8
48 0 -10
48 0 -13
48 -1 -3
48 -1 -7
48 -2 0
48 -2 -4
48 -2 -6
48 -2 -8
48 -3 -1
48 -3 -2
48 -3 -4
48 -3 -6
48 -3 -8
48 -3 -9
48 -3 -10
48 -3 -11
48 -4 0
48 -4 -1
48 -4 -3
48 -4 -4
48 -4 -6
48 -4 -8
48 -4 -10
48 -4 -12
48 -5 -6
48 -5 -7
48 -5 -8
48 -6 -2
48 -6 -8
48 -6 -9
48 -6 -11
48 -6 -13
48 -7 -3
48 -7 -4
48 -7 -8
48 -7 -9
48 -7 -11
48 -7 -12
48 -8 -1
48 -8 -3
48 -8 -4
48 -8 -6
48 -8 -10
48 -9 -3
48 -9 -4
48 -9 -9
48 -9 -12
48 -10 0
48 -10 -1
48 -10 -2
48 -10 -3
48 -10 -5
48 -10 -6
48 -10 -10
48 -10 -11
48 -11 0
48 -11 -2
48 -11 -8
48 -11 -9
48 -11 -11
48 -11 -13
48 -12 -7
48 -12 -8
48 -12 -9
48 -12 -10
48 -13 0
48 -13 -11
49 0 0
49 0 -1
49 0 -2
49 0 -4
49 0 -6
49 0 -7
49 0 -8
49 0 -10
49 0 -13
49 -1 -3
49 -1 -7
49 -2 0
49 -2 -4
49 -2 -6
49 -2 -8
49 -3 -1
49 -3 -2
49 -3 -4
49 -3 -6
49 -3 -8
49 -3 -9
49 -3 -10
49 -3 -11
49 -4 0
49 -4 -1
49 -4 -3
49 -4 -4
49 -4 -6
49 -4 -8
49 -4 -10
49 -4 -12
49 -5 -6
49 -5 -7
49 -5 -8
49 -6 -2
49 -6 -8
49 -6 -9
49 -6 -11
49 -6 -13
49 -7 -3
49 -7 -4
49 -7 -8
49 -7 -9
49 -7 -11
49 -7 -12
49 -8 -1
49 -8 -3
49 -8 -4
49 -8 -6
49 -8 -10
49 -9 -3
49 -9 -4
49 -9 -9
49 -9 -12
49 -10 0
49 -10 -1
49 -10 -2
49 -10 -3
49 -10 -5
49 -10 -6
49 -10 -10
49 -10 -11
49 -11 0
49 -11 -2
49 -11 -8
49 -11 -9
49 -11 -11
49 -11 -13
49 -12 -7
49 -12 -8
49 -12 -9
49 -12 -10
49 -13 0
49 -13 -11
50 0 0
50 0 -1
50 0 -2
50 0 -4
50 0 -6
50 0 -7
50 0 -8
50 0 -10
50 0 -13
50 -1 -3
50 -1 -7
50 -2 0
50 -2 -4
50 -2 -6
50 -2 -8
50 -3 -1
50 -3 -2
50 -3 -4
50 -3 -6
50 -3 -8
50 -3 -9
50 -3 -10
50 -3 -11
50 -4 0
50 -4 -1
50 -4 -3
50 -4 -4
50 -4 -6
50 -4 -8
50 -4 -10
50 -4 -12
50 -5 -6
50 -5 -7
50 -5 -8
50 -6 -2
50 -6 -8
50 -6 -9
50 -6 -11
50 -6 -13
50 -7 -3
50 -7 -4
50 -7 -8
50 -7 -9
50 -7 -11
50 -7 -12
50 -8 -1
50 -8 -3
50 -8 -4
50 -8 -6
50 -8 -10
50 -9 -3
50 -9 -4
50 -9 -9
50 -9 -12
50 -10 0
50 -10 -1
50 -10 -2
50 -10 -3
50 -10 -5
50 -10 -6
50 -10 -10
50 -10 -11
50 -11 0
50 -11 -2
50 -11 -8
50 -11 -9
50 -11 -11
50 -11 -13
50 -12 -7
50 -12 -8
50 -12 -9
50 -12 -10
50 -13 0
50 -13 -11
51 0 0
51 0 -1
51 0 -2
51 0 -4
51 0 -6
51 0 -7
51 0 -8
51 0 -10
51 0 -13
51 -1 -3
51 -1 -7
51 -2 0
51 -2 -4
51 -2 -6
51 -2 -8
51 -3 -1
51 -3 -2
51 -3 -4
51 -3 -6
51 -3 -8
51 -3 -9
51 -3 -10
51 -3 -11
51 -4 0
51 -4 -1
51 -4 -3
51 -4 -4
51 -4 -6
51 -4 -8
51 -4 -10
51 -4 -12
51 -5 -6
51 -5 -7
51 -5 -8
51 -6 -2
51 -6 -8
51 -6 -9
51 -6 -11
51 -6 -13
51 -7 -3
51 -7 -4
51 -7 -8
51 -7 -9
51 -7 -11
51 -7 -12
51 -8 -1
51 -8 -3
51 -8 -4
51 -8 -6
51 -8 -10
51 -9 -3
51 -9 -4
51 -9 -9
51 -9 -12
51 -10 0
51 -10 -1
51 -10 -2
51 -10 -3
51 -10 -5
51 -10 -6
51 -10 -10
51 -10 -11
51 -11 0
51 -11 -2
51 -11 -8
51 -11 -9
51 -11 -11
51 -11 -13
51 -12 -7
51 -12 -8
51 -12 -9
51 -12 -10
51 -13 0
51 -13 -11
52 0 0
52 0 -1
52 0 -2
52 0 -4
52 0 -6
52 0 -7
52 0 -8
52 0 -10
52 0 -13
52 -1 -3
52 -1 -7
52 -2 0
52 -2 -4
52 -2 -6
52 -2 -8
52 -3 -1
52 -3 -2
52 -3 -4
52 -3 -6
52 -3 -8
52 -3 -9
52 -3 -10
52 -3 -11
52 -4 0
52 -4 -1
52 -4 -3
52 -4 -4
52 -4 -6
52 -4 -8
52 -4 -10
52 -4 -12
52 -5 -6
52 -5 -7
52 -5 -8
52 -6 -2
52 -6 -8
52 -6 -9
52 -6 -11
52 -6 -13
52 -7 -3
52 -7 -4
52 -7 -8
52 -7 -9
52 -7 -11
52 -7 -12
52 -8 -1
52 -8 -3
52 -8 -4
52 -8 -6
52 -8 -10
52 -9 -3
52 -9 -4
52 -9 -9
52 -9 -12
52 -10 0
52 -10 -1
52 -10 -2
52 -10 -3
52 -10 -5
52 -10 -6
52 -10 -10
52 -10 -11
52 -11 0
52 -11 -2
52 -11 -8
52 -11 -9
52 -11 -11
52 -11 -13
52 -12 -7
52 -12 -8
52 -12 -9
52 -12 -10
52 -13 0
52 -13 -11
53 0 0
53 0 -1
53 0 -2
53 0 -4
53 0 -6
53 0 -7
53 0 -8
53 0 -10
53 0 -13
53 -1 -3
53 -1 -7
53 -2 0
53 -2 -4
53 -2 -6
53 -2 -8
53 -3 -1
53 -3 -2
53 -3 -4
53 -3 -6
53 -3 -8
53 -3 -9
53 -3 -10
53 -3 -11
53 -4 0
53 -4 -1
53 -4 -3
53 -4 -4
53 -4 -6
53 -4 -8
53 -4 -10
53 -4 -12
53 -5 -6
53 -5 -7
53 -5 -8
53 -6 -2
53 -6 -8
53 -6 -9
53 -6 -11
53 -6 -13
53 -7 -3
53 -7 -4
53 -7 -8
53 -7 -9
53 -7 -11
53 -7 -12
53 -8 -1
53 -8 -3
53 -8 -4
53 -8 -6
53 -8 -10
53 -9 -3
53 -9 -4
53 -9 -9
53 -9 -12
53 -10 0
53 -10 -1
53 -10 -2
53 -10 -3
53 -10 -5
53 -10 -6
53 -10 -10
53 -10 -11
53 -11 0
53 -11 -2
53 -11 -8
53 -11 -9
53 -11 -11
53 -11 -13
53 -12 -7
53 -12 -8
53 -12 -9
53 -12 -10
53 -13 0
53 -13 -11
54 0 0
54 0 -1
54 0 -2
54 0 -4
54 0 -6
54 0 -7
54 0 -8
54 0 -10
54 0 -13
54 -1 -3
54 -1 -7
54 -2 0
54 -2 -4
54 -2 -6
54 -2 -8
54 -3 -1
54 -3 -2
54 -3 -4
54 -3 -6
54 -3 -8
54 -3 -9
54 -3 -10
54 -3 -11
54 -4 0
54 -4 -1
54 -4 -3
54 -4 -4
54 -4 -6
54 -4 -8
54 -4 -10
54 -4 -12
54 -5 -6
54 -5 -7
54 -5 -8
54 -6 -2
54 -6 -8
54 -6 -9
54 -6 -11
54 -6 -13
54 -7 -3
54 -7 -4
54 -7 -8
54 -7 -9
54 -7 -11
54 -7 -12
54 -8 -1
54 -8 -3
54 -8 -4
54 -8 -6
54 -8 -10
54 -9 -3
54 -9 -4
54 -9 -9
54 -9 -12
54 -10 0
54 -10 -1
54 -10 -2
54 -10 -3
54 -10 -5
54 -10 -6
54 -10 -10
54 -10 -11
54 -11 0
54 -11 -2
54 -11 -8
54 -11 -9
54 -11 -11
54 -11 -13
54 -12 -7
54 -12 -8
54 -12 -9
54 -12 -10
54 -13 0
54 -13 -11
55 0 0
55 0 -1
55 0 -2
55 0 -4
55 0 -6
55 0 -7
55 0 -8
55 0 -10
55 0 -13
55 -1 -3
55 -1 -7
55 -2 0
55 -2 -4
55 -2 -6
55 -2 -8
55 -3 -1
55 -3 -2
55 -3 -4
55 -3 -6
55 -3 -8
55 -3 -9
55 -3 -10
55 -3 -11
55 -4 0
55 -4 -1
55 -4 -3
55 -4 -4
55 -4 -6
55 -4 -8
55 -4 -10
55 -4 -12
55 -5 -6
55 -5 -7
55 -5 -8
55 -6 -2
55 -6 -8
55 -6 -9
55 -6 -11
55 -6 -13
55 -7 -3
55 -7 -4
55 -7 -8
55 -7 -9
55 -7 -11
55 -7 -12
55 -8 -1
55 -8 -3
55 -8 -4
55 -8 -6
55 -8 -10
55 -9 -3
55 -9 -4
55 -9 -9
55 -9 -12
55 -10 0
55 -10 -1
55 -10 -2
55 -10 -3
55 -10 -5
55 -10 -6
55 -10 -10
55 -10 -11
55 -11 0
55 -11 -2
55 -11 -8
55 -11 -9
55 -11 -11
55 -11 -13
55 -12 -7
55 -12 -8
55 -12 -9
55 -12 -10
55 -13 0
55 -13 -11
56 0 0
56 0 -1
56 0 -2
56 0 -4
56 0 -6
56 0 -7
56 0 -8
56 0 -10
56 0 -13
56 -1 -3
56 -1 -7
56 -2 0
56 -2 -4
56 -2 -6
56 -2 -8
56 -3 -1
56 -3 -2
56 -3 -4
56 -3 -6
56 -3 -8
56 -3 -9
56 -3 -10
56 -3 -11
56 -4 0
56 -4 -1
56 -4 -3
56 -4 -4
56 -4 -6
56 -4 -8
56 -4 -10
56 -4 -12
56 -5 -6
56 -5 -7
56 -5 -8
56 -6 -2
56 -6 -8
56 -6 -9
56 -6 -11
56 -6 -13
56 -7 -3
56 -7 -4
56 -7 -8
56 -7 -9
56 -7 -11
56 -7 -12
56 -8 -1
56 -8 -3
56 -8 -4
56 -8 -6
56 -8 -10
56 -9 -3
56 -9 -4
56 -9 -9
56 -9 -12
56 -10 0
56 -10 -1
56 -10 -2
56 -10 -3
56 -10 -5
56 -10 -6
56 -10 -10
56 -10 -11
56 -11 0
56 -11 -2
56 -11 -8
56 -11 -9
56 -11 -11
56 -11 -13
56 -12 -7
56 -12 -8
56 -12 -9
56 -12 -10
56 -13 0
56 -13 -11
57 0 0
57 0 -1
57 0 -2
57 0 -4
57 0 -6
57 0 -7
57 0 -8
57 0 -10
57 0 -13
57 -1 -3
57 -1 -7
57 -2 0
57 -2 -4
57 -2 -6
57 -2 -8
57 -3 -1
57 -3 -2
57 -3 -4
57 -3 -6
57 -3 -8
57 -3 -9
57 -3 -10
57 -3 -11
57 -4 0
57 -4 -1
57 -4 -3
57 -4 -4
57 -4 -6
57 -4 -8
57 -4 -10
57 -4 -12
57 -5 -6
57 -5 -7
57 -5 -8
57 -6 -2
57 -6 -8
57 -6 -9
57 -6 -11
57 -6 -13
57 -7 -3
57 -7 -4
57 -7 -8
57 -7 -9
57 -7 -11
57 -7 -12
57 -8 -1
57 -8 -3
57 -8 -4
57 -8 -6
57 -8 -10
57 -9 -3
57 -9 -4
57 -9 -9
57 -9 -12
57 -10 0
57 -10 -1
57 -10 -2
57 -10 -3
57 -10 -5
57 -10 -6
57 -10 -10
57 -10 -11
57 -11 0
57 -11 -2
57 -11 -8
57 -11 -9
57 -11 -11
57 -11 -13
57 -12 -7
57 -12 -8
57 -12 -9
57 -12 -10
57 -13 0
57 -13 -11
58 0 0
58 0 -1
58 0 -2
58 0 -4
58 0 -6
58 0 -7
58 0 -8
58 0 -10
58 0 -13
58 -1 -3
58 -1 -7
58 -2 0
58 -2 -4
58 -2 -6
58 -2 -8
58 -3 -1
58 -3 -2
58 -3 -4
58 -3 -6
58 -3 -8
58 -3 -9
58 -3 -10
58 -3 -11
58 -4 0
58 -4 -1
58 -4 -3
58 -4 -4
58 -4 -6
58 -4 -8
58 -4 -10
58 -4 -12
58 -5 -6
58 -5 -7
58 -5 -8
58 -6 -2
58 -6 -8
58 -6 -9
58 -6 -11
58 -6 -13
58 -7 -3
58 -7 -4
58 -7 -8
58 -7 -9
58 -7 -11
58 -7 -12
58 -8 -1
58 -8 -3
58 -8 -4
58 -8 -6
58 -8 -10
58 -9 -3
58 -9 -4
58 -9 -9
58 -9 -12
58 -10 0
58 -10 -1
58 -10 -2
58 -10 -3
58 -10 -5
58 -10 -6
58 -10 -10
58 -10 -11
58 -11 0
58 -11 -2
58 -11 -8
58 -11 -9
58 -11 -11
58 -11 -13
58 -12 -7
58 -12 -8
58 -12 -9
58 -12 -10
58 -13 0
58 -13 -11
59 0 0
59 0 -1
59 0 -2
59 0 -4
59 0 -6
59 0 -7
59 0 -8
59 0 -10
59 0 -13
59 -1 -3
59 -1 -7
59 -2 0
59 -2 -4
59 -2 -6
59 -2 -8
59 -3 -1
59 -3 -2
59 -3 -4
59 -3 -6
59 -3 -8
59 -3 -9
59 -3 -10
59 -3 -11
59 -4 0
59 -4 -1
59 -4 -3
59 -4 -4
59 -4 -6
59 -4 -8
59 -4 -10
59 -4 -12
59 -5 -6
59 -5 -7
59 -5 -8
59 -6 -2
59 -6 -8
59 -6 -9
59 -6 -11
59 -6 -13
59 -7 -3
59 -7 -4
59 -7 -8
59 -7 -9
59 -7 -11
59 -7 -12
59 -8 -1
59 -8 -3
59 -8 -4
59 -8 -6
59 -8 -10
59 -9 -3
59 -9 -4
59 -9 -9
59 -9 -12
59 -10 0
59 -10 -1
59 -10 -2
59 -10 -3
59 -10 -5
59 -10 -6
59 -10 -10
59 -10 -11
59 -11 0
59 -11 -2
59 -11 -8
59 -11 -9
59 -11 -11
59 -11 -13
59 -12 -7
59 -12 -8
59 -12 -9
59 -12 -10
59 -13 0
59 -13 -11
60 0 0
60 0 -1
60 0 -2
60 0 -4
60 0 -6
60 0 -7
60 0 -8
60 0 -10
60 0 -13
60 -1 -3
60 -1 -7
60 -2 0
60 -2 -4
60 -2 -6
60 -2 -8
60 -3 -1
60 -3 -2
60 -3 -4
60 -3 -6
60 -3 -8
60 -3 -9
60 -3 -10
60 -3 -11
60 -4 0
60 -4 -1
60 -4 -3
60 -4 -4
60 -4 -6
60 -4 -8
60 -4 -10
60 -4 -12
60 -5 -6
60 -5 -7
60 -5 -8
60 -6 -2
60 -6 -8
60 -6 -9
60 -6 -11
60 -6 -13
60 -7 -3
60 -7 -4
60 -7 -8
60 -7 -9
60 -7 -11
60 -7 -12
60 -8 -1
60 -8 -3
60 -8 -4
60 -8 -6
60 -8 -10
60 -9 -3
60 -9 -4
60 -9 -9
60 -9 -12
60 -10 0
60 -10 -1
60 -10 -2
60 -10 -3
60 -10 -5
60 -10 -6
60 -10 -10
60 -10 -11
60 -11 0
60 -11 -2
60 -11 -8
60 -11 -9
60 -11 -11
60 -11 -13
60 -12 -7
60 -12 -8
60 -12 -9
60 -12 -10
60 -13 0
60 -13 -11
61 0 0
61 0 -1
61 0 -2
61 0 -4
61 0 -6
61 0 -7
61 0 -8
61 0 -10
61 0 -13
61 -1 -3
61 -1 -7
61 -2 0
61 -2 -4
61 -2 -6
61 -2 -8
61 -3 -1
61 -3 -2
61 -3 -4
61 -3 -6
61 -3 -8
61 -3 -9
61 -3 -10
61 -3 -11
61 -4 0
61 -4 -1
61 -4 -3
61 -4 -4
61 -4 -6
61 -4 -8
61 -4 -10
61 -4 -12
61 -5 -6
61 -5 -7
61 -5 -8
61 -6 -2
61 -6 -8
61 -6 -9
61 -6 -11
61 -6 -13
61 -7 -3
61 -7 -4
61 -7 -8
61 -7 -9
61 -7 -11
61 -7 -12
61 -8 -1
61 -8 -3
61 -8 -4
61 -8 -6
61 -8 -10
61 -9 -3
61 -9 -4
61 -9 -9
61 -9 -12
61 -10 0
61 -10 -1
61 -10 -2
61 -10 -3
61 -10 -5
61 -10 -6
61 -10 -10
61 -10 -11
61 -11 0
61 -11 -2
61 -11 -8
61 -11 -9
61 -11 -11
61 -11 -13
61 -12 -7
61 -12 -8
61 -12 -9
61 -12 -10
61 -13 0
61 -13 -11
62 0 0
62 0 -1
62 0 -2
62 0 -4
62 0 -6
62 0 -7
62 0 -8
62 0 -10
62 0 -13
62 -1 -3
62 -1 -7
62 -2 0
62 -2 -4
62 -2 -6
62 -2 -8
62 -3 -1
62 -3 -2
62 -3 -4
62 -3 -6
62 -3 -8
62 -3 -9
62 -3 -10
62 -3 -11
62 -4 0
62 -4 -1
62 -4 -3
62 -4 -4
62 -4 -6
62 -4 -8
62 -4 -10
62 -4 -12
62 -5 -6
62 -5 -7
62 -5 -8
62 -6 -2
62 -6 -8
62 -6 -9
62 -6 -11
62 -6 -13
62 -7 -3
62 -7 -4
62 -7 -8
62 -7 -9
62 -7 -11
62 -7 -12
62 -8 -1
62 -8 -3
62 -8 -4
62 -8 -6
62 -8 -10
62 -9 -3
62 -9 -4
62 -9 -9
62 -9 -12
62 -10 0
62 -10 -1
62 -10 -2
62 -10 -3
62 -10 -5
62 -10 -6
62 -10 -10
62 -10 -11
62 -11 0
62 -11 -2
62 -11 -8
62 -11 -9
62 -11 -11
62 -11 -13
62 -12 -7
62 -12 -8
62 -12 -9
62 -12 -10
62 -13 0
62 -13 -11
63 0 0
63 0 -1
63 0 -2
63 0 -4
63 0 -6
63 0 -7
63 0 -8
63 0 -10
63 0 -13
63 -1 -3
63 -1 -7
63 -2 0
63 -2 -4
63 -2 -6
63 -2 -8
63 -3 -1
63 -3 -2
63 -3 -4
63 -3 -6
63 -3 -8
63 -3 -9
63 -3 -10
63 -3 -11
63 -4 0
63 -4 -1
63 -4 -3
63 -4 -4
63 -4 -6
63 -4 -8
63 -4 -10
63 -4 -12
63 -5 -6
63 -5 -7
63 -5 -8
63 -6 -2
63 -6 -8
63 -6 -9
63 -6 -11
63 -6 -13
63 -7 -3
63 -7 -4
63 -7 -8
63 -7 -9
63 -7 -11
63 -7 -12
63 -8 -1
63 -8 -3
63 -8 -4
63 -8 -6
63 -8 -10
63 -9 -3
63 -9 -4
63 -9 -9
63 -9 -12
63 -10 0
63 -10 -1
63 -10 -2
63 -10 -3
63 -10 -5
63 -10 -6
63 -10 -10
63 -10 -11
63 -11 0
63 -11 -2
63 -11 -8
63 -11 -9
63 -11 -11
63 -11 -13
63 -12 -7
63 -12 -8
63 -12 -9
63 -12 -10
63 -13 0
63 -13 -11
64 0 0
64 0 -1
64 0 -2
64 0 -4
64 0 -6
64 0 -7
64 0 -8
64 0 -10
64 0 -13
64 -1 -3
64 -1 -7
64 -2 0
64 -2 -4
64 -2 -6
64 -2 -8
64 -3 -1
64 -3 -2
64 -3 -4
64 -3 -6
64 -3 -8
64 -3 -9
64 -3 -10
64 -3 -11
64 -4 0
64 -4 -1
64 -4 -3
64 -4 -4
64 -4 -6
64 -4 -8
64 -4 -10
64 -4 -12
64 -5 -6
64 -5 -7
64 -5 -8
64 -6 -2
64 -6 -8
64 -6 -9
64 -6 -11
64 -6 -13
64 -7 -3
64 -7 -4
64 -7 -8
64 -7 -9
64 -7 -11
64 -7 -12
64 -8 -1
64 -8 -3
64 -8 -4
64 -8 -6
64 -8 -10
64 -9 -3
64 -9 -4
64 -9 -9
64 -9 -12
64 -10 0
64 -10 -1
64 -10 -2
64 -10 -3
64 -10 -5
64 -10 -6
64 -10 -10
64 -10 -11
64 -11 0
64 -11 -2
64 -11 -8
64 -11 -9
64 -11 -11
64 -11 -13
64 -12 -7
64 -12 -8
64 -12 -9
64 -12 -10
64 -13 0
64 -13 -11
65 0 0
65 0 -1
65 0 -2
65 0 -4
65 0 -6
65 0 -7
65 0 -8
65 0 -10
65 0 -13
65 -1 -3
65 -1 -7
65 -2 0
65 -2 -4
65 -2 -6
65 -2 -8
65 -3 -1
65 -3 -2
65 -3 -4
65 -3 -6
65 -3 -8
65 -3 -9
65 -3 -10
65 -3 -11
65 -4 0
65 -4 -1
65 -4 -3
65 -4 -4
65 -4 -6
65 -4 -8
65 -4 -10
65 -4 -12
65 -5 -6
65 -5 -7
65 -5 -8
65 -6 -2
65 -6 -8
65 -6 -9
65 -6 -11
65 -6 -13
65 -7 -3
65 -7 -4
65 -7 -8
65 -7 -9
65 -7 -11
65 -7 -12
65 -8 -1
65 -8 -3
65 -8 -4
65 -8 -6
65 -8 -10
65 -9 -3
65 -9 -4
65 -9 -9
65 -9 -12
65 -10 0
65 -10 -1
65 -10 -2
65 -10 -3
65 -10 -5
65 -10 -6
65 -10 -10
65 -10 -11
65 -11 0
65 -11 -2
65 -11 -8
65 -11 -9
65 -11 -11
65 -11 -13
65 -12 -7
65 -12 -8
65 -12 -9
65 -12 -10
65 -13 0
65 -13 -11
66 0 0
66 0 -1
66 0 -2
66 0 -4
66 0 -6
66 0 -7
66 0 -8
66 0 -10
66 0 -13
66 -1 -3
66 -1 -7
66 -2 0
66 -2 -4
66 -2 -6
66 -2 -8
66 -3 -1
66 -3 -2
66 -3 -4
66 -3 -6
66 -3 -8
66 -3 -9
66 -3 -10
66 -3 -11
66 -4 0
66 -4 -1
66 -4 -3
66 -4 -4
66 -4 -6
66 -4 -8
66 -4 -10
66 -4 -12
66 -5 -6
66 -5 -7
66 -5 -8
66 -6 -2
66 -6 -8
66 -6 -9
66 -6 -11
66 -6 -13
66 -7 -3
66 -7 -4
66 -7 -8
66 -7 -9
66 -7 -11
66 -7 -12
66 -8 -1
66 -8 -3
66 -8 -4
66 -8 -6
66 -8 -10
66 -9 -3
66 -9 -4
66 -9 -9
66 -9 -12
66 -10 0
66 -10 -1
66 -10 -2
66 -10 -3
66 -10 -5
66 -10 -6
66 -10 -10
66 -10 -11
66 -11 0
66 -11 -2
66 -11 -8
66 -11 -9
66 -11 -11
66 -11 -13
66 -12 -7
66 -12 -8
66 -12 -9
66 -12 -10
66 -13 0
66 -13 -11
67 0 0
67 0 -1
67 0 -2
67 0 -4
67 0 -6
67 0 -7
67 0 -8
67 0 -10
67 0 -13
67 -1 -3
67 -1 -7
67 -2 0
67 -2 -4
67 -2 -6
67 -2 -8
67 -3 -1
67 -3 -2
67 -3 -4
67 -3 -6
67 -3 -8
67 -3 -9
67 -3 -10
67 -3 -11
67 -4 0
67 -4 -1
67 -4 -3
67 -4 -4
67 -4 -6
67 -4 -8
67 -4 -10
67 -4 -12
67 -5 -6
67 -5 -7
67 -5 -8
67 -6 -2
67 -6 -8
67 -6 -9
67 -6 -11
67 -6 -13
67 -7 -3
67 -7 -4
67 -7 -8
67 -7 -9
67 -7 -11
67 -7 -12
67 -8 -1
67 -8 -3
67 -8 -4
67 -8 -6
67 -8 -10
67 -9 -3
67 -9 -4
67 -9 -9
67 -9 -12
67 -10 0
67 -10 -1
67 -10 -2
67 -10 -3
67 -10 -5
67 -10 -6
67 -10 -10
67 -10 -11
67 -11 0
67 -11 -2
67 -11 -8
67 -11 -9
67 -11 -11
67 -11 -13
67 -12 -7
67 -12 -8
67 -12 -9
67 -12 -10
67 -13 0
67 -13 -11
68 0 0
68 0 -1
68 0 -2
68 0 -4
68 0 -6
68 0 -7
68 0 -8
68 0 -10
68 0 -13
68 -1 -3
68 -1 -7
68 -2 0
68 -2 -4
68 -2 -6
68 -2 -8
68 -3 -1
68 -3 -2
68 -3 -4
68 -3 -6
68 -3 -8
68 -3 -9
68 -3 -10
68 -3 -11
68 -4 0
68 -4 -1
68 -4 -3
68 -4 -4
68 -4 -6
68 -4 -8
68 -4 -10
68 -4 -12
68 -5 -6
68 -5 -7
68 -5 -8
68 -6 -2
68 -6 -8
68 -6 -9
68 -6 -11
68 -6 -13
68 -7 -3
68 -7 -4
68 -7 -8
68 -7 -9
68 -7 -11
68 -7 -12
68 -8 -1
68 -8 -3
68 -8 -4
68 -8 -6
68 -8 -10
68 -9 -3
68 -9 -4
68 -9 -9
68 -9 -12
68 -10 0
68 -10 -1
68 -10 -2
68 -10 -3
68 -10 -5
68 -10 -6
68 -10 -10
68 -10 -11
68 -11 0
68 -11 -2
68 -11 -8
68 -11 -9
68 -11 -11
68 -11 -13
68 -12 -7
68 -12 -8
68 -12 -9
68 -12 -10
68 -13 0
68 -13 -11
69 0 0
69 0 -1
69 0 -2
69 0 -4
69 0 -6
69 0 -7
69 0 -8
69 0 -10
69 0 -13
69 -1 -3
69 -1 -7
69 -2 0
69 -2 -4
69 -2 -6
69 -2 -8
69 -3 -1
69 -3 -2
69 -3 -4
69 -3 -6
69 -3 -8
69 -3 -9
69 -3 -10
69 -3 -11
69 -4 0
69 -4 -1
69 -4 -3
69 -4 -4
69 -4 -6
69 -4 -8
69 -4 -10
69 -4 -12
69 -5 -6
69 -5 -7
69 -5 -8
69 -6 -2
69 -6 -8
69 -6 -9
69 -6 -11
69 -6 -13
69 -7 -3
69 -7 -4
69 -7 -8
69 -7 -9
69 -7 -11
69 -7 -12
69 -8 -1
69 -8 -3
69 -8 -4
69 -8 -6
69 -8 -10
69 -9 -3
69 -9 -4
69 -9 -9
69 -9 -12
69 -10 0
69 -10 -1
69 -10 -2
69 -10 -3
69 -10 -5
69 -10 -6
69 -10 -10
69 -10 -11
69 -11 0
69 -11 -2
69 -11 -8
69 -11 -9
69 -11 -11
69 -11 -13
69 -12 -7
69 -12 -8
69 -12 -9
69 -12 -10
69 -13 0
69 -13 -11
70 0 0
70 0 -1
70 0 -2
70 0 -4
70 0 -6
70 0 -7
70 0 -8
70 0 -10
70 0 -13
70 -1 -3
70 -1 -7
70 -2 0
70 -2 -4
70 -2 -6
70 -2 -8
70 -3 -1
70 -3 -2
70 -3 -4
70 -3 -6
70 -3 -8
70 -3 -9
70 -3 -10
70 -3 -11
70 -4 0
70 -4 -1
70 -4 -3
70 -4 -4
70 -4 -6
70 -4 -8
70 -4 -10
70 -4 -12
70 -5 -6
70 -5 -7
70 -5 -8
70 -6 -2
70 -6 -8
70 -6 -9
70 -6 -11
70 -6 -13
70 -7 -3
70 -7 -4
70 -7 -8
70 -7 -9
70 -7 -11
70 -7 -12
70 -8 -1
70 -8 -3
70 -8 -4
70 -8 -6
70 -8 -10
70 -9 -3
70 -9 -4
70 -9 -9
70 -9 -12
70 -10 0
70 -10 -1
70 -10 -2
70 -10 -3
70 -10 -5
70 -10 -6
70 -10 -10
70 -10 -11
70 -11 0
70 -11 -2
70 -11 -8
70 -11 -9
70 -11 -11
70 -11 -13
70 -12 -7
70 -12 -8
70 -12 -9
70 -12 -10
70 -13 0
70 -13 -11
71 0 0
71 0 -1
71 0 -2
71 0 -4
71 0 -6
71 0 -7
71 0 -8
71 0 -10
71 0 -13
71 -1 -3
71 -1 -7
71 -2 0
71 -2 -4
71 -2 -6
71 -2 -8
71 -3 -1
71 -3 -2
71 -3 -4
71 -3 -6
71 -3 -8
71 -3 -9
71 -3 -10
71 -3 -11
71 -4 0
71 -4 -1
71 -4 -3
71 -4 -4
71 -4 -6
71 -4 -8
71 -4 -10
71 -4 -12
71 -5 -6
71 -5 -7
71 -5 -8
71 -6 -2
71 -6 -8
71 -6 -9
71 -6 -11
71 -6 -13
71 -7 -3
71 -7 -4
71 -7 -8
71 -7 -9
71 -7 -11
71 -7 -12
71 -8 -1
71 -8 -3
71 -8 -4
71 -8 -6
71 -8 -10
71 -9 -3
71 -9 -4
71 -9 -9
71 -9 -12
71 -10 0
71 -10 -1
71 -10 -2
71 -10 -3
71 -10 -5
71 -10 -6
71 -10 -10
71 -10 -11
71 -11 0
71 -11 -2
71 -11 -8
71 -11 -9
71 -11 -11
71 -11 -13
71 -12 -7
71 -12 -8
71 -12 -9
71 -12 -10
71 -13 0
71 -13 -11
72 0 0
72 0 -1
72 0 -2
72 0 -4
72 0 -6
72 0 -7
72 0 -8
72 0 -10
72 0 -13
72 -1 -3
72 -1 -7
72 -2 0
72 -2 -4
72 -2 -6
72 -2 -8
72 -3 -1
72 -3 -2
72 -3 -4
72 -3 -6
72 -3 -8
72 -3 -9
72 -3 -10
72 -3 -11
72 -4 0
72 -4 -1
72 -4 -3
72 -4 -4
72 -4 -6
72 -4 -8
72 -4 -10
72 -4 -12
72 -5 -6
72 -5 -7
72 -5 -8
72 -6 -2
72 -6 -8
72 -6 -9
72 -6 -11
72 -6 -13
72 -7 -3
72 -7 -4
72 -7 -8
72 -7 -9
72 -7 -11
72 -7 -12
72 -8 -1
72 -8 -3
72 -8 -4
72 -8 -6
72 -8 -10
72 -9 -3
72 -9 -4
72 -9 -9
72 -9 -12
72 -10 0
72 -10 -1
72 -10 -2
72 -10 -3
72 -10 -5
72 -10 -6
72 -10 -10
72 -10 -11
72 -11 0
72 -11 -2
72 -11 -8
72 -11 -9
72 -11 -11
72 -11 -13
72 -12 -7
72 -12 -8
72 -12 -9
72 -12 -10
72 -13 0
72 -13 -11
73 0 0
73 0 -1
73 0 -2
73 0 -4
73 0 -6
73 0 -7
73 0 -8
73 0 -10
73 0 -13
73 -1 -3
73 -1 -7
73 -2 0
73 -2 -4
73 -2 -6
73 -2 -8
73 -3 -1
73 -3 -2
73 -3 -4
73 -3 -6
73 -3 -8
73 -3 -9
73 -3 -10
73 -3 -11
73 -4 0
73 -4 -1
73 -4 -3
73 -4 -4
73 -4 -6
73 -4 -8
73 -4 -10
73 -4 -12
73 -5 -6
73 -5 -7
73 -5 -8
73 -6 -2
73 -6 -8
73 -6 -9
73 -6 -11
73 -6 -13
73 -7 -3
73 -7 -4
73 -7 -8
73 -7 -9
73 -7 -11
73 -7 -12
73 -8 -1
73 -8 -3
73 -8 -4
73 -8 -6
73 -8 -10
73 -9 -3
73 -9 -4
73 -9 -9
73 -9 -12
73 -10 0
73 -10 -1
73 -10 -2
73 -10 -3
73 -10 -5
73 -10 -6
73 -10 -10
73 -10 -11
73 -11 0
73 -11 -2
73 -11 -8
73 -11 -9
73 -11 -11
73 -11 -13
73 -12 -7
73 -12 -8
73 -12 -9
73 -12 -10
73 -13 0
73 -13 -11
-1 -1 -1
6
0
5
4
14
8
19
10
18
11
15
3
22
13
23
1
16
17
28
34
12
2
35
9
27
21
42
31
20
24
56
38
25
37
33
36
43
46
61
66
40
26
65
67
60
39
44
41
7
48
50
30
62
57
69
45
29
47
53
70
32
59
63
71
49
64
52
55
58
54
68
73
72
51
  0.062041 seconds (143.96 k allocations: 4.645 MiB)
