950 0 0 0 0 0 0 0 0 0 0 0 0
0 0 0 0 0 0 0 0 0 0 0 0 0
0 0 0 0 0 0 0 0 0 0 0 0 0
0 0 0 0 0 0 0 0 0 0 0 0 0
0 0 0 0 0 0 0 0 0 0 0 0 0
0 0 0 0 0 0 0 0 0 0 0 0 0
0 0 0 0 0 0 0 0 0 0 0 0 0
0 0 0 0 0 0 0 0 0 0 0 0 0
0 0 0 0 0 0 0 0 0 0 0 0 0
0 0 0 0 0 0 0 0 0 0 0 0 0
0 0 0 0 0 0 0 0 0 0 0 0 0
0 0 0 0 0 0 0 0 0 0 0 0 0
0 0 0 0 0 0 0 0 0 0 0 0 0
0 0 0
0 0 -4
0 0 -5
0 0 -7
0 0 -8
0 0 -9
0 0 -11
0 0 -12
0 -1 -1
0 -1 -4
0 -1 -6
0 -1 -7
0 -1 -11
0 -2 -1
0 -2 -2
0 -2 -5
0 -2 -8
0 -2 -10
0 -3 0
0 -3 -1
0 -3 -2
0 -3 -3
0 -3 -6
0 -3 -7
0 -3 -9
0 -3 -10
0 -3 -11
0 -4 -4
0 -4 -5
0 -4 -7
0 -4 -8
0 -4 -11
0 -4 -12
0 -5 0
0 -5 -2
0 -5 -3
0 -5 -5
0 -5 -6
0 -5 -8
0 -5 -10
0 -5 -11
0 -6 -1
0 -6 -2
0 -6 -5
0 -6 -7
0 -6 -9
0 -7 -1
0 -7 -3
0 -7 -4
0 -7 -5
0 -7 -9
0 -7 -10
0 -8 0
0 -8 -5
0 -8 -6
0 -8 -7
0 -8 -9
0 -8 -10
0 -8 -12
0 -9 -1
0 -9 -2
0 -9 -3
0 -9 -5
0 -9 -6
0 -9 -8
0 -9 -9
0 -9 -10
0 -9 -12
0 -10 0
0 -10 -1
0 -10 -2
0 -10 -3
0 -10 -8
0 -10 -9
0 -10 -11
0 -10 -12
0 -11 0
0 -11 -1
0 -11 -3
0 -11 -5
0 -11 -6
0 -11 -7
0 -11 -8
0 -11 -9
0 -11 -10
0 -11 -11
0 -11 -12
0 -12 0
0 -12 -1
0 -12 -2
0 -12 -3
0 -12 -4
0 -12 -6
0 -12 -9
0 -12 -10
1 0 0
1 0 -4
1 0 -5
1 0 -7
1 0 -8
1 0 -9
1 0 -11
1 0 -12
1 -1 -1
1 -1 -4
1 -1 -6
1 -1 -7
1 -1 -11
1 -2 -1
1 -2 -2
1 -2 -5
1 -2 -8
1 -2 -10
1 -3 0
1 -3 -1
1 -3 -2
1 -3 -3
1 -3 -6
1 -3 -7
1 -3 -9
1 -3 -10
1 -3 -11
1 -4 -4
1 -4 -5
1 -4 -7
1 -4 -8
1 -4 -11
1 -4 -12
1 -5 0
1 -5 -2
1 -5 -3
1 -5 -5
1 -5 -6
1 -5 -8
1 -5 -10
1 -5 -11
1 -6 -1
1 -6 -2
1 -6 -5
1 -6 -7
1 -6 -9
1 -7 -1
1 -7 -3
1 -7 -4
1 -7 -5
1 -7 -9
1 -7 -10
1 -8 0
1 -8 -5
1 -8 -6
1 -8 -7
1 -8 -9
1 -8 -10
1 -8 -12
1 -9 -1
1 -9 -2
1 -9 -3
1 -9 -5
1 -9 -6
1 -9 -8
1 -9 -9
1 -9 -10
1 -9 -12
1 -10 0
1 -10 -1
1 -10 -2
1 -10 -3
1 -10 -8
1 -10 -9
1 -10 -11
1 -10 -12
1 -11 0
1 -11 -1
1 -11 -3
1 -11 -5
1 -11 -6
1 -11 -7
1 -11 -8
1 -11 -9
1 -11 -10
1 -11 -11
1 -11 -12
1 -12 0
1 -12 -1
1 -12 -2
1 -12 -3
1 -12 -4
1 -12 -6
1 -12 -9
1 -12 -10
2 0 0
2 0 -4
2 0 -5
2 0 -7
2 0 -8
2 0 -9
2 0 -11
2 0 -12
2 -1 -1
2 -1 -4
2 -1 -6
2 -1 -7
2 -1 -11
2 -2 -1
2 -2 -2
2 -2 -5
2 -2 -8
2 -2 -10
2 -3 0
2 -3 -1
2 -3 -2
2 -3 -3
2 -3 -6
2 -3 -7
2 -3 -9
2 -3 -10
2 -3 -11
2 -4 -4
2 -4 -5
2 -4 -7
2 -4 -8
2 -4 -11
2 -4 -12
2 -5 0
2 -5 -2
2 -5 -3
2 -5 -5
2 -5 -6
2 -5 -8
2 -5 -10
2 -5 -11
2 -6 -1
2 -6 -2
2 -6 -5
2 -6 -7
2 -6 -9
2 -7 -1
2 -7 -3
2 -7 -4
2 -7 -5
2 -7 -9
2 -7 -10
2 -8 0
2 -8 -5
2 -8 -6
2 -8 -7
2 -8 -9
2 -8 -10
2 -8 -12
2 -9 -1
2 -9 -2
2 -9 -3
2 -9 -5
2 -9 -6
2 -9 -8
2 -9 -9
2 -9 -10
2 -9 -12
2 -10 0
2 -10 -1
2 -10 -2
2 -10 -3
2 -10 -8
2 -10 -9
2 -10 -11
2 -10 -12
2 -11 0
2 -11 -1
2 -11 -3
2 -11 -5
2 -11 -6
2 -11 -7
2 -11 -8
2 -11 -9
2 -11 -10
2 -11 -11
2 -11 -12
2 -12 0
2 -12 -1
2 -12 -2
2 -12 -3
2 -12 -4
2 -12 -6
2 -12 -9
2 -12 -10
3 0 0
3 0 -4
3 0 -5
3 0 -7
3 0 -8
3 0 -9
3 0 -11
3 0 -12
3 -1 -1
3 -1 -4
3 -1 -6
3 -1 -7
3 -1 -11
3 -2 -1
3 -2 -2
3 -2 -5
3 -2 -8
3 -2 -10
3 -3 0
3 -3 -1
3 -3 -2
3 -3 -3
3 -3 -6
3 -3 -7
3 -3 -9
3 -3 -10
3 -3 -11
3 -4 -4
3 -4 -5
3 -4 -7
3 -4 -8
3 -4 -11
3 -4 -12
3 -5 0
3 -5 -2
3 -5 -3
3 -5 -5
3 -5 -6
3 -5 -8
3 -5 -10
3 -5 -11
3 -6 -1
3 -6 -2
3 -6 -5
3 -6 -7
3 -6 -9
3 -7 -1
3 -7 -3
3 -7 -4
3 -7 -5
3 -7 -9
3 -7 -10
3 -8 0
3 -8 -5
3 -8 -6
3 -8 -7
3 -8 -9
3 -8 -10
3 -8 -12
3 -9 -1
3 -9 -2
3 -9 -3
3 -9 -5
3 -9 -6
3 -9 -8
3 -9 -9
3 -9 -10
3 -9 -12
3 -10 0
3 -10 -1
3 -10 -2
3 -10 -3
3 -10 -8
3 -10 -9
3 -10 -11
3 -10 -12
3 -11 0
3 -11 -1
3 -11 -3
3 -11 -5
3 -11 -6
3 -11 -7
3 -11 -8
3 -11 -9
3 -11 -10
3 -11 -11
3 -11 -12
3 -12 0
3 -12 -1
3 -12 -2
3 -12 -3
3 -12 -4
3 -12 -6
3 -12 -9
3 -12 -10
4 0 0
4 0 -4
4 0 -5
4 0 -7
4 0 -8
4 0 -9
4 0 -11
4 0 -12
4 -1 -1
4 -1 -4
4 -1 -6
4 -1 -7
4 -1 -11
4 -2 -1
4 -2 -2
4 -2 -5
4 -2 -8
4 -2 -10
4 -3 0
4 -3 -1
4 -3 -2
4 -3 -3
4 -3 -6
4 -3 -7
4 -3 -9
4 -3 -10
4 -3 -11
4 -4 -4
4 -4 -5
4 -4 -7
4 -4 -8
4 -4 -11
4 -4 -12
4 -5 0
4 -5 -2
4 -5 -3
4 -5 -5
4 -5 -6
4 -5 -8
4 -5 -10
4 -5 -11
4 -6 -1
4 -6 -2
4 -6 -5
4 -6 -7
4 -6 -9
4 -7 -1
4 -7 -3
4 -7 -4
4 -7 -5
4 -7 -9
4 -7 -10
4 -8 0
4 -8 -5
4 -8 -6
4 -8 -7
4 -8 -9
4 -8 -10
4 -8 -12
4 -9 -1
4 -9 -2
4 -9 -3
4 -9 -5
4 -9 -6
4 -9 -8
4 -9 -9
4 -9 -10
4 -9 -12
4 -10 0
4 -10 -1
4 -10 -2
4 -10 -3
4 -10 -8
4 -10 -9
4 -10 -11
4 -10 -12
4 -11 0
4 -11 -1
4 -11 -3
4 -11 -5
4 -11 -6
4 -11 -7
4 -11 -8
4 -11 -9
4 -11 -10
4 -11 -11
4 -11 -12
4 -12 0
4 -12 -1
4 -12 -2
4 -12 -3
4 -12 -4
4 -12 -6
4 -12 -9
4 -12 -10
5 0 0
5 0 -4
5 0 -5
5 0 -7
5 0 -8
5 0 -9
5 0 -11
5 0 -12
5 -1 -1
5 -1 -4
5 -1 -6
5 -1 -7
5 -1 -11
5 -2 -1
5 -2 -2
5 -2 -5
5 -2 -8
5 -2 -10
5 -3 0
5 -3 -1
5 -3 -2
5 -3 -3
5 -3 -6
5 -3 -7
5 -3 -9
5 -3 -10
5 -3 -11
5 -4 -4
5 -4 -5
5 -4 -7
5 -4 -8
5 -4 -11
5 -4 -12
5 -5 0
5 -5 -2
5 -5 -3
5 -5 -5
5 -5 -6
5 -5 -8
5 -5 -10
5 -5 -11
5 -6 -1
5 -6 -2
5 -6 -5
5 -6 -7
5 -6 -9
5 -7 -1
5 -7 -3
5 -7 -4
5 -7 -5
5 -7 -9
5 -7 -10
5 -8 0
5 -8 -5
5 -8 -6
5 -8 -7
5 -8 -9
5 -8 -10
5 -8 -12
5 -9 -1
5 -9 -2
5 -9 -3
5 -9 -5
5 -9 -6
5 -9 -8
5 -9 -9
5 -9 -10
5 -9 -12
5 -10 0
5 -10 -1
5 -10 -2
5 -10 -3
5 -10 -8
5 -10 -9
5 -10 -11
5 -10 -12
5 -11 0
5 -11 -1
5 -11 -3
5 -11 -5
5 -11 -6
5 -11 -7
5 -11 -8
5 -11 -9
5 -11 -10
5 -11 -11
5 -11 -12
5 -12 0
5 -12 -1
5 -12 -2
5 -12 -3
5 -12 -4
5 -12 -6
5 -12 -9
5 -12 -10
6 0 0
6 0 -4
6 0 -5
6 0 -7
6 0 -8
6 0 -9
6 0 -11
6 0 -12
6 -1 -1
6 -1 -4
6 -1 -6
6 -1 -7
6 -1 -11
6 -2 -1
6 -2 -2
6 -2 -5
6 -2 -8
6 -2 -10
6 -3 0
6 -3 -1
6 -3 -2
6 -3 -3
6 -3 -6
6 -3 -7
6 -3 -9
6 -3 -10
6 -3 -11
6 -4 -4
6 -4 -5
6 -4 -7
6 -4 -8
6 -4 -11
6 -4 -12
6 -5 0
6 -5 -2
6 -5 -3
6 -5 -5
6 -5 -6
6 -5 -8
6 -5 -10
6 -5 -11
6 -6 -1
6 -6 -2
6 -6 -5
6 -6 -7
6 -6 -9
6 -7 -1
6 -7 -3
6 -7 -4
6 -7 -5
6 -7 -9
6 -7 -10
6 -8 0
6 -8 -5
6 -8 -6
6 -8 -7
6 -8 -9
6 -8 -10
6 -8 -12
6 -9 -1
6 -9 -2
6 -9 -3
6 -9 -5
6 -9 -6
6 -9 -8
6 -9 -9
6 -9 -10
6 -9 -12
6 -10 0
6 -10 -1
6 -10 -2
6 -10 -3
6 -10 -8
6 -10 -9
6 -10 -11
6 -10 -12
6 -11 0
6 -11 -1
6 -11 -3
6 -11 -5
6 -11 -6
6 -11 -7
6 -11 -8
6 -11 -9
6 -11 -10
6 -11 -11
6 -11 -12
6 -12 0
6 -12 -1
6 -12 -2
6 -12 -3
6 -12 -4
6 -12 -6
6 -12 -9
6 -12 -10
7 0 0
7 0 -4
7 0 -5
7 0 -7
7 0 -8
7 0 -9
7 0 -11
7 0 -12
7 -1 -1
7 -1 -4
7 -1 -6
7 -1 -7
7 -1 -11
7 -2 -1
7 -2 -2
7 -2 -5
7 -2 -8
7 -2 -10
7 -3 0
7 -3 -1
7 -3 -2
7 -3 -3
7 -3 -6
7 -3 -7
7 -3 -9
7 -3 -10
7 -3 -11
7 -4 -4
7 -4 -5
7 -4 -7
7 -4 -8
7 -4 -11
7 -4 -12
7 -5 0
7 -5 -2
7 -5 -3
7 -5 -5
7 -5 -6
7 -5 -8
7 -5 -10
7 -5 -11
7 -6 -1
7 -6 -2
7 -6 -5
7 -6 -7
7 -6 -9
7 -7 -1
7 -7 -3
7 -7 -4
7 -7 -5
7 -7 -9
7 -7 -10
7 -8 0
7 -8 -5
7 -8 -6
7 -8 -7
7 -8 -9
7 -8 -10
7 -8 -12
7 -9 -1
7 -9 -2
7 -9 -3
7 -9 -5
7 -9 -6
7 -9 -8
7 -9 -9
7 -9 -10
7 -9 -12
7 -10 0
7 -10 -1
7 -10 -2
7 -10 -3
7 -10 -8
7 -10 -9
7 -10 -11
7 -10 -12
7 -11 0
7 -11 -1
7 -11 -3
7 -11 -5
7 -11 -6
7 -11 -7
7 -11 -8
7 -11 -9
7 -11 -10
7 -11 -11
7 -11 -12
7 -12 0
7 -12 -1
7 -12 -2
7 -12 -3
7 -12 -4
7 -12 -6
7 -12 -9
7 -12 -10
8 0 0
8 0 -4
8 0 -5
8 0 -7
8 0 -8
8 0 -9
8 0 -11
8 0 -12
8 -1 -1
8 -1 -4
8 -1 -6
8 -1 -7
8 -1 -11
8 -2 -1
8 -2 -2
8 -2 -5
8 -2 -8
8 -2 -10
8 -3 0
8 -3 -1
8 -3 -2
8 -3 -3
8 -3 -6
8 -3 -7
8 -3 -9
8 -3 -10
8 -3 -11
8 -4 -4
8 -4 -5
8 -4 -7
8 -4 -8
8 -4 -11
8 -4 -12
8 -5 0
8 -5 -2
8 -5 -3
8 -5 -5
8 -5 -6
8 -5 -8
8 -5 -10
8 -5 -11
8 -6 -1
8 -6 -2
8 -6 -5
8 -6 -7
8 -6 -9
8 -7 -1
8 -7 -3
8 -7 -4
8 -7 -5
8 -7 -9
8 -7 -10
8 -8 0
8 -8 -5
8 -8 -6
8 -8 -7
8 -8 -9
8 -8 -10
8 -8 -12
8 -9 -1
8 -9 -2
8 -9 -3
8 -9 -5
8 -9 -6
8 -9 -8
8 -9 -9
8 -9 -10
8 -9 -12
8 -10 0
8 -10 -1
8 -10 -2
8 -10 -3
8 -10 -8
8 -10 -9
8 -10 -11
8 -10 -12
8 -11 0
8 -11 -1
8 -11 -3
8 -11 -5
8 -11 -6
8 -11 -7
8 -11 -8
8 -11 -9
8 -11 -10
8 -11 -11
8 -11 -12
8 -12 0
8 -12 -1
8 -12 -2
8 -12 -3
8 -12 -4
8 -12 -6
8 -12 -9
8 -12 -10
9 0 0
9 0 -4
9 0 -5
9 0 -7
9 0 -8
9 0 -9
9 0 -11
9 0 -12
9 -1 -1
9 -1 -4
9 -1 -6
9 -1 -7
9 -1 -11
9 -2 -1
9 -2 -2
9 -2 -5
9 -2 -8
9 -2 -10
9 -3 0
9 -3 -1
9 -3 -2
9 -3 -3
9 -3 -6
9 -3 -7
9 -3 -9
9 -3 -10
9 -3 -11
9 -4 -4
9 -4 -5
9 -4 -7
9 -4 -8
9 -4 -11
9 -4 -12
9 -5 0
9 -5 -2
9 -5 -3
9 -5 -5
9 -5 -6
9 -5 -8
9 -5 -10
9 -5 -11
9 -6 -1
9 -6 -2
9 -6 -5
9 -6 -7
9 -6 -9
9 -7 -1
9 -7 -3
9 -7 -4
9 -7 -5
9 -7 -9
9 -7 -10
9 -8 0
9 -8 -5
9 -8 -6
9 -8 -7
9 -8 -9
9 -8 -10
9 -8 -12
9 -9 -1
9 -9 -2
9 -9 -3
9 -9 -5
9 -9 -6
9 -9 -8
9 -9 -9
9 -9 -10
9 -9 -12
9 -10 0
9 -10 -1
9 -10 -2
9 -10 -3
9 -10 -8
9 -10 -9
9 -10 -11
9 -10 -12
9 -11 0
9 -11 -1
9 -11 -3
9 -11 -5
9 -11 -6
9 -11 -7
9 -11 -8
9 -11 -9
9 -11 -10
9 -11 -11
9 -11 -12
9 -12 0
9 -12 -1
9 -12 -2
9 -12 -3
9 -12 -4
9 -12 -6
9 -12 -9
9 -12 -10
10 0 0
10 0 -4
10 0 -5
10 0 -7
10 0 -8
10 0 -9
10 0 -11
10 0 -12
10 -1 -1
10 -1 -4
10 -1 -6
10 -1 -7
10 -1 -11
10 -2 -1
10 -2 -2
10 -2 -5
10 -2 -8
10 -2 -10
10 -3 0
10 -3 -1
10 -3 -2
10 -3 -3
10 -3 -6
10 -3 -7
10 -3 -9
10 -3 -10
10 -3 -11
10 -4 -4
10 -4 -5
10 -4 -7
10 -4 -8
10 -4 -11
10 -4 -12
10 -5 0
10 -5 -2
10 -5 -3
10 -5 -5
10 -5 -6
10 -5 -8
10 -5 -10
10 -5 -11
10 -6 -1
10 -6 -2
10 -6 -5
10 -6 -7
10 -6 -9
10 -7 -1
10 -7 -3
10 -7 -4
10 -7 -5
10 -7 -9
10 -7 -10
10 -8 0
10 -8 -5
10 -8 -6
10 -8 -7
10 -8 -9
10 -8 -10
10 -8 -12
10 -9 -1
10 -9 -2
10 -9 -3
10 -9 -5
10 -9 -6
10 -9 -8
10 -9 -9
10 -9 -10
10 -9 -12
10 -10 0
10 -10 -1
10 -10 -2
10 -10 -3
10 -10 -8
10 -10 -9
10 -10 -11
10 -10 -12
10 -11 0
10 -11 -1
10 -11 -3
10 -11 -5
10 -11 -6
10 -11 -7
10 -11 -8
10 -11 -9
10 -11 -10
10 -11 -11
10 -11 -12
10 -12 0
10 -12 -1
10 -12 -2
10 -12 -3
10 -12 -4
10 -12 -6
10 -12 -9
10 -12 -10
11 0 0
11 0 -4
11 0 -5
11 0 -7
11 0 -8
11 0 -9
11 0 -11
11 0 -12
11 -1 -1
11 -1 -4
11 -1 -6
11 -1 -7
11 -1 -11
11 -2 -1
11 -2 -2
11 -2 -5
11 -2 -8
11 -2 -10
11 -3 0
11 -3 -1
11 -3 -2
11 -3 -3
11 -3 -6
11 -3 -7
11 -3 -9
11 -3 -10
11 -3 -11
11 -4 -4
11 -4 -5
11 -4 -7
11 -4 -8
11 -4 -11
11 -4 -12
11 -5 0
11 -5 -2
11 -5 -3
11 -5 -5
11 -5 -6
11 -5 -8
11 -5 -10
11 -5 -11
11 -6 -1
11 -6 -2
11 -6 -5
11 -6 -7
11 -6 -9
11 -7 -1
11 -7 -3
11 -7 -4
11 -7 -5
11 -7 -9
11 -7 -10
11 -8 0
11 -8 -5
11 -8 -6
11 -8 -7
11 -8 -9
11 -8 -10
11 -8 -12
11 -9 -1
11 -9 -2
11 -9 -3
11 -9 -5
11 -9 -6
11 -9 -8
11 -9 -9
11 -9 -10
11 -9 -12
11 -10 0
11 -10 -1
11 -10 -2
11 -10 -3
11 -10 -8
11 -10 -9
11 -10 -11
11 -10 -12
11 -11 0
11 -11 -1
11 -11 -3
11 -11 -5
11 -11 -6
11 -11 -7
11 -11 -8
11 -11 -9
11 -11 -10
11 -11 -11
11 -11 -12
11 -12 0
11 -12 -1
11 -12 -2
11 -12 -3
11 -12 -4
11 -12 -6
11 -12 -9
11 -12 -10
12 0 0
12 0 -4
12 0 -5
12 0 -7
12 0 -8
12 0 -9
12 0 -11
12 0 -12
12 -1 -1
12 -1 -4
12 -1 -6
12 -1 -7
12 -1 -11
12 -2 -1
12 -2 -2
12 -2 -5
12 -2 -8
12 -2 -10
12 -3 0
12 -3 -1
12 -3 -2
12 -3 -3
12 -3 -6
12 -3 -7
12 -3 -9
12 -3 -10
12 -3 -11
12 -4 -4
12 -4 -5
12 -4 -7
12 -4 -8
12 -4 -11
12 -4 -12
12 -5 0
12 -5 -2
12 -5 -3
12 -5 -5
12 -5 -6
12 -5 -8
12 -5 -10
12 -5 -11
12 -6 -1
12 -6 -2
12 -6 -5
12 -6 -7
12 -6 -9
12 -7 -1
12 -7 -3
12 -7 -4
12 -7 -5
12 -7 -9
12 -7 -10
12 -8 0
12 -8 -5
12 -8 -6
12 -8 -7
12 -8 -9
12 -8 -10
12 -8 -12
12 -9 -1
12 -9 -2
12 -9 -3
12 -9 -5
12 -9 -6
12 -9 -8
12 -9 -9
12 -9 -10
12 -9 -12
12 -10 0
12 -10 -1
12 -10 -2
12 -10 -3
12 -10 -8
12 -10 -9
12 -10 -11
12 -10 -12
12 -11 0
12 -11 -1
12 -11 -3
12 -11 -5
12 -11 -6
12 -11 -7
12 -11 -8
12 -11 -9
12 -11 -10
12 -11 -11
12 -11 -12
12 -12 0
12 -12 -1
12 -12 -2
12 -12 -3
12 -12 -4
12 -12 -6
12 -12 -9
12 -12 -10
13 0 0
13 0 -4
13 0 -5
13 0 -7
13 0 -8
13 0 -9
13 0 -11
13 0 -12
13 -1 -1
13 -1 -4
13 -1 -6
13 -1 -7
13 -1 -11
13 -2 -1
13 -2 -2
13 -2 -5
13 -2 -8
13 -2 -10
13 -3 0
13 -3 -1
13 -3 -2
13 -3 -3
13 -3 -6
13 -3 -7
13 -3 -9
13 -3 -10
13 -3 -11
13 -4 -4
13 -4 -5
13 -4 -7
13 -4 -8
13 -4 -11
13 -4 -12
13 -5 0
13 -5 -2
13 -5 -3
13 -5 -5
13 -5 -6
13 -5 -8
13 -5 -10
13 -5 -11
13 -6 -1
13 -6 -2
13 -6 -5
13 -6 -7
13 -6 -9
13 -7 -1
13 -7 -3
13 -7 -4
13 -7 -5
13 -7 -9
13 -7 -10
13 -8 0
13 -8 -5
13 -8 -6
13 -8 -7
13 -8 -9
13 -8 -10
13 -8 -12
13 -9 -1
13 -9 -2
13 -9 -3
13 -9 -5
13 -9 -6
13 -9 -8
13 -9 -9
13 -9 -10
13 -9 -12
13 -10 0
13 -10 -1
13 -10 -2
13 -10 -3
13 -10 -8
13 -10 -9
13 -10 -11
13 -10 -12
13 -11 0
13 -11 -1
13 -11 -3
13 -11 -5
13 -11 -6
13 -11 -7
13 -11 -8
13 -11 -9
13 -11 -10
13 -11 -11
13 -11 -12
13 -12 0
13 -12 -1
13 -12 -2
13 -12 -3
13 -12 -4
13 -12 -6
13 -12 -9
13 -12 -10
14 0 0
14 0 -4
14 0 -5
14 0 -7
14 0 -8
14 0 -9
14 0 -11
14 0 -12
14 -1 -1
14 -1 -4
14 -1 -6
14 -1 -7
14 -1 -11
14 -2 -1
14 -2 -2
14 -2 -5
14 -2 -8
14 -2 -10
14 -3 0
14 -3 -1
14 -3 -2
14 -3 -3
14 -3 -6
14 -3 -7
14 -3 -9
14 -3 -10
14 -3 -11
14 -4 -4
14 -4 -5
14 -4 -7
14 -4 -8
14 -4 -11
14 -4 -12
14 -5 0
14 -5 -2
14 -5 -3
14 -5 -5
14 -5 -6
14 -5 -8
14 -5 -10
14 -5 -11
14 -6 -1
14 -6 -2
14 -6 -5
14 -6 -7
14 -6 -9
14 -7 -1
14 -7 -3
14 -7 -4
14 -7 -5
14 -7 -9
14 -7 -10
14 -8 0
14 -8 -5
14 -8 -6
14 -8 -7
14 -8 -9
14 -8 -10
14 -8 -12
14 -9 -1
14 -9 -2
14 -9 -3
14 -9 -5
14 -9 -6
14 -9 -8
14 -9 -9
14 -9 -10
14 -9 -12
14 -10 0
14 -10 -1
14 -10 -2
14 -10 -3
14 -10 -8
14 -10 -9
14 -10 -11
14 -10 -12
14 -11 0
14 -11 -1
14 -11 -3
14 -11 -5
14 -11 -6
14 -11 -7
14 -11 -8
14 -11 -9
14 -11 -10
14 -11 -11
14 -11 -12
14 -12 0
14 -12 -1
14 -12 -2
14 -12 -3
14 -12 -4
14 -12 -6
14 -12 -9
14 -12 -10
15 0 0
15 0 -4
15 0 -5
15 0 -7
15 0 -8
15 0 -9
15 0 -11
15 0 -12
15 -1 -1
15 -1 -4
15 -1 -6
15 -1 -7
15 -1 -11
15 -2 -1
15 -2 -2
15 -2 -5
15 -2 -8
15 -2 -10
15 -3 0
15 -3 -1
15 -3 -2
15 -3 -3
15 -3 -6
15 -3 -7
15 -3 -9
15 -3 -10
15 -3 -11
15 -4 -4
15 -4 -5
15 -4 -7
15 -4 -8
15 -4 -11
15 -4 -12
15 -5 0
15 -5 -2
15 -5 -3
15 -5 -5
15 -5 -6
15 -5 -8
15 -5 -10
15 -5 -11
15 -6 -1
15 -6 -2
15 -6 -5
15 -6 -7
15 -6 -9
15 -7 -1
15 -7 -3
15 -7 -4
15 -7 -5
15 -7 -9
15 -7 -10
15 -8 0
15 -8 -5
15 -8 -6
15 -8 -7
15 -8 -9
15 -8 -10
15 -8 -12
15 -9 -1
15 -9 -2
15 -9 -3
15 -9 -5
15 -9 -6
15 -9 -8
15 -9 -9
15 -9 -10
15 -9 -12
15 -10 0
15 -10 -1
15 -10 -2
15 -10 -3
15 -10 -8
15 -10 -9
15 -10 -11
15 -10 -12
15 -11 0
15 -11 -1
15 -11 -3
15 -11 -5
15 -11 -6
15 -11 -7
15 -11 -8
15 -11 -9
15 -11 -10
15 -11 -11
15 -11 -12
15 -12 0
15 -12 -1
15 -12 -2
15 -12 -3
15 -12 -4
15 -12 -6
15 -12 -9
15 -12 -10
16 0 0
16 0 -4
16 0 -5
16 0 -7
16 0 -8
16 0 -9
16 0 -11
16 0 -12
16 -1 -1
16 -1 -4
16 -1 -6
16 -1 -7
16 -1 -11
16 -2 -1
16 -2 -2
16 -2 -5
16 -2 -8
16 -2 -10
16 -3 0
16 -3 -1
16 -3 -2
16 -3 -3
16 -3 -6
16 -3 -7
16 -3 -9
16 -3 -10
16 -3 -11
16 -4 -4
16 -4 -5
16 -4 -7
16 -4 -8
16 -4 -11
16 -4 -12
16 -5 0
16 -5 -2
16 -5 -3
16 -5 -5
16 -5 -6
16 -5 -8
16 -5 -10
16 -5 -11
16 -6 -1
16 -6 -2
16 -6 -5
16 -6 -7
16 -6 -9
16 -7 -1
16 -7 -3
16 -7 -4
16 -7 -5
16 -7 -9
16 -7 -10
16 -8 0
16 -8 -5
16 -8 -6
16 -8 -7
16 -8 -9
16 -8 -10
16 -8 -12
16 -9 -1
16 -9 -2
16 -9 -3
16 -9 -5
16 -9 -6
16 -9 -8
16 -9 -9
16 -9 -10
16 -9 -12
16 -10 0
16 -10 -1
16 -10 -2
16 -10 -3
16 -10 -8
16 -10 -9
16 -10 -11
16 -10 -12
16 -11 0
16 -11 -1
16 -11 -3
16 -11 -5
16 -11 -6
16 -11 -7
16 -11 -8
16 -11 -9
16 -11 -10
16 -11 -11
16 -11 -12
16 -12 0
16 -12 -1
16 -12 -2
16 -12 -3
16 -12 -4
16 -12 -6
16 -12 -9
16 -12 -10
17 0 0
17 0 -4
17 0 -5
17 0 -7
17 0 -8
17 0 -9
17 0 -11
17 0 -12
17 -1 -1
17 -1 -4
17 -1 -6
17 -1 -7
17 -1 -11
17 -2 -1
17 -2 -2
17 -2 -5
17 -2 -8
17 -2 -10
17 -3 0
17 -3 -1
17 -3 -2
17 -3 -3
17 -3 -6
17 -3 -7
17 -3 -9
17 -3 -10
17 -3 -11
17 -4 -4
17 -4 -5
17 -4 -7
17 -4 -8
17 -4 -11
17 -4 -12
17 -5 0
17 -5 -2
17 -5 -3
17 -5 -5
17 -5 -6
17 -5 -8
17 -5 -10
17 -5 -11
17 -6 -1
17 -6 -2
17 -6 -5
17 -6 -7
17 -6 -9
17 -7 -1
17 -7 -3
17 -7 -4
17 -7 -5
17 -7 -9
17 -7 -10
17 -8 0
17 -8 -5
17 -8 -6
17 -8 -7
17 -8 -9
17 -8 -10
17 -8 -12
17 -9 -1
17 -9 -2
17 -9 -3
17 -9 -5
17 -9 -6
17 -9 -8
17 -9 -9
17 -9 -10
17 -9 -12
17 -10 0
17 -10 -1
17 -10 -2
17 -10 -3
17 -10 -8
17 -10 -9
17 -10 -11
17 -10 -12
17 -11 0
17 -11 -1
17 -11 -3
17 -11 -5
17 -11 -6
17 -11 -7
17 -11 -8
17 -11 -9
17 -11 -10
17 -11 -11
17 -11 -12
17 -12 0
17 -12 -1
17 -12 -2
17 -12 -3
17 -12 -4
17 -12 -6
17 -12 -9
17 -12 -10
18 0 0
18 0 -4
18 0 -5
18 0 -7
18 0 -8
18 0 -9
18 0 -11
18 0 -12
18 -1 -1
18 -1 -4
18 -1 -6
18 -1 -7
18 -1 -11
18 -2 -1
18 -2 -2
18 -2 -5
18 -2 -8
18 -2 -10
18 -3 0
18 -3 -1
18 -3 -2
18 -3 -3
18 -3 -6
18 -3 -7
18 -3 -9
18 -3 -10
18 -3 -11
18 -4 -4
18 -4 -5
18 -4 -7
18 -4 -8
18 -4 -11
18 -4 -12
18 -5 0
18 -5 -2
18 -5 -3
18 -5 -5
18 -5 -6
18 -5 -8
18 -5 -10
18 -5 -11
18 -6 -1
18 -6 -2
18 -6 -5
18 -6 -7
18 -6 -9
18 -7 -1
18 -7 -3
18 -7 -4
18 -7 -5
18 -7 -9
18 -7 -10
18 -8 0
18 -8 -5
18 -8 -6
18 -8 -7
18 -8 -9
18 -8 -10
18 -8 -12
18 -9 -1
18 -9 -2
18 -9 -3
18 -9 -5
18 -9 -6
18 -9 -8
18 -9 -9
18 -9 -10
18 -9 -12
18 -10 0
18 -10 -1
18 -10 -2
18 -10 -3
18 -10 -8
18 -10 -9
18 -10 -11
18 -10 -12
18 -11 0
18 -11 -1
18 -11 -3
18 -11 -5
18 -11 -6
18 -11 -7
18 -11 -8
18 -11 -9
18 -11 -10
18 -11 -11
18 -11 -12
18 -12 0
18 -12 -1
18 -12 -2
18 -12 -3
18 -12 -4
18 -12 -6
18 -12 -9
18 -12 -10
19 0 0
19 0 -4
19 0 -5
19 0 -7
19 0 -8
19 0 -9
19 0 -11
19 0 -12
19 -1 -1
19 -1 -4
19 -1 -6
19 -1 -7
19 -1 -11
19 -2 -1
19 -2 -2
19 -2 -5
19 -2 -8
19 -2 -10
19 -3 0
19 -3 -1
19 -3 -2
19 -3 -3
19 -3 -6
19 -3 -7
19 -3 -9
19 -3 -10
19 -3 -11
19 -4 -4
19 -4 -5
19 -4 -7
19 -4 -8
19 -4 -11
19 -4 -12
19 -5 0
19 -5 -2
19 -5 -3
19 -5 -5
19 -5 -6
19 -5 -8
19 -5 -10
19 -5 -11
19 -6 -1
19 -6 -2
19 -6 -5
19 -6 -7
19 -6 -9
19 -7 -1
19 -7 -3
19 -7 -4
19 -7 -5
19 -7 -9
19 -7 -10
19 -8 0
19 -8 -5
19 -8 -6
19 -8 -7
19 -8 -9
19 -8 -10
19 -8 -12
19 -9 -1
19 -9 -2
19 -9 -3
19 -9 -5
19 -9 -6
19 -9 -8
19 -9 -9
19 -9 -10
19 -9 -12
19 -10 0
19 -10 -1
19 -10 -2
19 -10 -3
19 -10 -8
19 -10 -9
19 -10 -11
19 -10 -12
19 -11 0
19 -11 -1
19 -11 -3
19 -11 -5
19 -11 -6
19 -11 -7
19 -11 -8
19 -11 -9
19 -11 -10
19 -11 -11
19 -11 -12
19 -12 0
19 -12 -1
19 -12 -2
19 -12 -3
19 -12 -4
19 -12 -6
19 -12 -9
19 -12 -10
20 0 0
20 0 -4
20 0 -5
20 0 -7
20 0 -8
20 0 -9
20 0 -11
20 0 -12
20 -1 -1
20 -1 -4
20 -1 -6
20 -1 -7
20 -1 -11
20 -2 -1
20 -2 -2
20 -2 -5
20 -2 -8
20 -2 -10
20 -3 0
20 -3 -1
20 -3 -2
20 -3 -3
20 -3 -6
20 -3 -7
20 -3 -9
20 -3 -10
20 -3 -11
20 -4 -4
20 -4 -5
20 -4 -7
20 -4 -8
20 -4 -11
20 -4 -12
20 -5 0
20 -5 -2
20 -5 -3
20 -5 -5
20 -5 -6
20 -5 -8
20 -5 -10
20 -5 -11
20 -6 -1
20 -6 -2
20 -6 -5
20 -6 -7
20 -6 -9
20 -7 -1
20 -7 -3
20 -7 -4
20 -7 -5
20 -7 -9
20 -7 -10
20 -8 0
20 -8 -5
20 -8 -6
20 -8 -7
20 -8 -9
20 -8 -10
20 -8 -12
20 -9 -1
20 -9 -2
20 -9 -3
20 -9 -5
20 -9 -6
20 -9 -8
20 -9 -9
20 -9 -10
20 -9 -12
20 -10 0
20 -10 -1
20 -10 -2
20 -10 -3
20 -10 -8
20 -10 -9
20 -10 -11
20 -10 -12
20 -11 0
20 -11 -1
20 -11 -3
20 -11 -5
20 -11 -6
20 -11 -7
20 -11 -8
20 -11 -9
20 -11 -10
20 -11 -11
20 -11 -12
20 -12 0
20 -12 -1
20 -12 -2
20 -12 -3
20 -12 -4
20 -12 -6
20 -12 -9
20 -12 -10
21 0 0
21 0 -4
21 0 -5
21 0 -7
21 0 -8
21 0 -9
21 0 -11
21 0 -12
21 -1 -1
21 -1 -4
21 -1 -6
21 -1 -7
21 -1 -11
21 -2 -1
21 -2 -2
21 -2 -5
21 -2 -8
21 -2 -10
21 -3 0
21 -3 -1
21 -3 -2
21 -3 -3
21 -3 -6
21 -3 -7
21 -3 -9
21 -3 -10
21 -3 -11
21 -4 -4
21 -4 -5
21 -4 -7
21 -4 -8
21 -4 -11
21 -4 -12
21 -5 0
21 -5 -2
21 -5 -3
21 -5 -5
21 -5 -6
21 -5 -8
21 -5 -10
21 -5 -11
21 -6 -1
21 -6 -2
21 -6 -5
21 -6 -7
21 -6 -9
21 -7 -1
21 -7 -3
21 -7 -4
21 -7 -5
21 -7 -9
21 -7 -10
21 -8 0
21 -8 -5
21 -8 -6
21 -8 -7
21 -8 -9
21 -8 -10
21 -8 -12
21 -9 -1
21 -9 -2
21 -9 -3
21 -9 -5
21 -9 -6
21 -9 -8
21 -9 -9
21 -9 -10
21 -9 -12
21 -10 0
21 -10 -1
21 -10 -2
21 -10 -3
21 -10 -8
21 -10 -9
21 -10 -11
21 -10 -12
21 -11 0
21 -11 -1
21 -11 -3
21 -11 -5
21 -11 -6
21 -11 -7
21 -11 -8
21 -11 -9
21 -11 -10
21 -11 -11
21 -11 -12
21 -12 0
21 -12 -1
21 -12 -2
21 -12 -3
21 -12 -4
21 -12 -6
21 -12 -9
21 -12 -10
22 0 0
22 0 -4
22 0 -5
22 0 -7
22 0 -8
22 0 -9
22 0 -11
22 0 -12
22 -1 -1
22 -1 -4
22 -1 -6
22 -1 -7
22 -1 -11
22 -2 -1
22 -2 -2
22 -2 -5
22 -2 -8
22 -2 -10
22 -3 0
22 -3 -1
22 -3 -2
22 -3 -3
22 -3 -6
22 -3 -7
22 -3 -9
22 -3 -10
22 -3 -11
22 -4 -4
22 -4 -5
22 -4 -7
22 -4 -8
22 -4 -11
22 -4 -12
22 -5 0
22 -5 -2
22 -5 -3
22 -5 -5
22 -5 -6
22 -5 -8
22 -5 -10
22 -5 -11
22 -6 -1
22 -6 -2
22 -6 -5
22 -6 -7
22 -6 -9
22 -7 -1
22 -7 -3
22 -7 -4
22 -7 -5
22 -7 -9
22 -7 -10
22 -8 0
22 -8 -5
22 -8 -6
22 -8 -7
22 -8 -9
22 -8 -10
22 -8 -12
22 -9 -1
22 -9 -2
22 -9 -3
22 -9 -5
22 -9 -6
22 -9 -8
22 -9 -9
22 -9 -10
22 -9 -12
22 -10 0
22 -10 -1
22 -10 -2
22 -10 -3
22 -10 -8
22 -10 -9
22 -10 -11
22 -10 -12
22 -11 0
22 -11 -1
22 -11 -3
22 -11 -5
22 -11 -6
22 -11 -7
22 -11 -8
22 -11 -9
22 -11 -10
22 -11 -11
22 -11 -12
22 -12 0
22 -12 -1
22 -12 -2
22 -12 -3
22 -12 -4
22 -12 -6
22 -12 -9
22 -12 -10
23 0 0
23 0 -4
23 0 -5
23 0 -7
23 0 -8
23 0 -9
23 0 -11
23 0 -12
23 -1 -1
23 -1 -4
23 -1 -6
23 -1 -7
23 -1 -11
23 -2 -1
23 -2 -2
23 -2 -5
23 -2 -8
23 -2 -10
23 -3 0
23 -3 -1
23 -3 -2
23 -3 -3
23 -3 -6
23 -3 -7
23 -3 -9
23 -3 -10
23 -3 -11
23 -4 -4
23 -4 -5
23 -4 -7
23 -4 -8
23 -4 -11
23 -4 -12
23 -5 0
23 -5 -2
23 -5 -3
23 -5 -5
23 -5 -6
23 -5 -8
23 -5 -10
23 -5 -11
23 -6 -1
23 -6 -2
23 -6 -5
23 -6 -7
23 -6 -9
23 -7 -1
23 -7 -3
23 -7 -4
23 -7 -5
23 -7 -9
23 -7 -10
23 -8 0
23 -8 -5
23 -8 -6
23 -8 -7
23 -8 -9
23 -8 -10
23 -8 -12
23 -9 -1
23 -9 -2
23 -9 -3
23 -9 -5
23 -9 -6
23 -9 -8
23 -9 -9
23 -9 -10
23 -9 -12
23 -10 0
23 -10 -1
23 -10 -2
23 -10 -3
23 -10 -8
23 -10 -9
23 -10 -11
23 -10 -12
23 -11 0
23 -11 -1
23 -11 -3
23 -11 -5
23 -11 -6
23 -11 -7
23 -11 -8
23 -11 -9
23 -11 -10
23 -11 -11
23 -11 -12
23 -12 0
23 -12 -1
23 -12 -2
23 -12 -3
23 -12 -4
23 -12 -6
23 -12 -9
23 -12 -10
24 0 0
24 0 -4
24 0 -5
24 0 -7
24 0 -8
24 0 -9
24 0 -11
24 0 -12
24 -1 -1
24 -1 -4
24 -1 -6
24 -1 -7
24 -1 -11
24 -2 -1
24 -2 -2
24 -2 -5
24 -2 -8
24 -2 -10
24 -3 0
24 -3 -1
24 -3 -2
24 -3 -3
24 -3 -6
24 -3 -7
24 -3 -9
24 -3 -10
24 -3 -11
24 -4 -4
24 -4 -5
24 -4 -7
24 -4 -8
24 -4 -11
24 -4 -12
24 -5 0
24 -5 -2
24 -5 -3
24 -5 -5
24 -5 -6
24 -5 -8
24 -5 -10
24 -5 -11
24 -6 -1
24 -6 -2
24 -6 -5
24 -6 -7
24 -6 -9
24 -7 -1
24 -7 -3
24 -7 -4
24 -7 -5
24 -7 -9
24 -7 -10
24 -8 0
24 -8 -5
24 -8 -6
24 -8 -7
24 -8 -9
24 -8 -10
24 -8 -12
24 -9 -1
24 -9 -2
24 -9 -3
24 -9 -5
24 -9 -6
24 -9 -8
24 -9 -9
24 -9 -10
24 -9 -12
24 -10 0
24 -10 -1
24 -10 -2
24 -10 -3
24 -10 -8
24 -10 -9
24 -10 -11
24 -10 -12
24 -11 0
24 -11 -1
24 -11 -3
24 -11 -5
24 -11 -6
24 -11 -7
24 -11 -8
24 -11 -9
24 -11 -10
24 -11 -11
24 -11 -12
24 -12 0
24 -12 -1
24 -12 -2
24 -12 -3
24 -12 -4
24 -12 -6
24 -12 -9
24 -12 -10
25 0 0
25 0 -4
25 0 -5
25 0 -7
25 0 -8
25 0 -9
25 0 -11
25 0 -12
25 -1 -1
25 -1 -4
25 -1 -6
25 -1 -7
25 -1 -11
25 -2 -1
25 -2 -2
25 -2 -5
25 -2 -8
25 -2 -10
25 -3 0
25 -3 -1
25 -3 -2
25 -3 -3
25 -3 -6
25 -3 -7
25 -3 -9
25 -3 -10
25 -3 -11
25 -4 -4
25 -4 -5
25 -4 -7
25 -4 -8
25 -4 -11
25 -4 -12
25 -5 0
25 -5 -2
25 -5 -3
25 -5 -5
25 -5 -6
25 -5 -8
25 -5 -10
25 -5 -11
25 -6 -1
25 -6 -2
25 -6 -5
25 -6 -7
25 -6 -9
25 -7 -1
25 -7 -3
25 -7 -4
25 -7 -5
25 -7 -9
25 -7 -10
25 -8 0
25 -8 -5
25 -8 -6
25 -8 -7
25 -8 -9
25 -8 -10
25 -8 -12
25 -9 -1
25 -9 -2
25 -9 -3
25 -9 -5
25 -9 -6
25 -9 -8
25 -9 -9
25 -9 -10
25 -9 -12
25 -10 0
25 -10 -1
25 -10 -2
25 -10 -3
25 -10 -8
25 -10 -9
25 -10 -11
25 -10 -12
25 -11 0
25 -11 -1
25 -11 -3
25 -11 -5
25 -11 -6
25 -11 -7
25 -11 -8
25 -11 -9
25 -11 -10
25 -11 -11
25 -11 -12
25 -12 0
25 -12 -1
25 -12 -2
25 -12 -3
25 -12 -4
25 -12 -6
25 -12 -9
25 -12 -10
26 0 0
26 0 -4
26 0 -5
26 0 -7
26 0 -8
26 0 -9
26 0 -11
26 0 -12
26 -1 -1
26 -1 -4
26 -1 -6
26 -1 -7
26 -1 -11
26 -2 -1
26 -2 -2
26 -2 -5
26 -2 -8
26 -2 -10
26 -3 0
26 -3 -1
26 -3 -2
26 -3 -3
26 -3 -6
26 -3 -7
26 -3 -9
26 -3 -10
26 -3 -11
26 -4 -4
26 -4 -5
26 -4 -7
26 -4 -8
26 -4 -11
26 -4 -12
26 -5 0
26 -5 -2
26 -5 -3
26 -5 -5
26 -5 -6
26 -5 -8
26 -5 -10
26 -5 -11
26 -6 -1
26 -6 -2
26 -6 -5
26 -6 -7
26 -6 -9
26 -7 -1
26 -7 -3
26 -7 -4
26 -7 -5
26 -7 -9
26 -7 -10
26 -8 0
26 -8 -5
26 -8 -6
26 -8 -7
26 -8 -9
26 -8 -10
26 -8 -12
26 -9 -1
26 -9 -2
26 -9 -3
26 -9 -5
26 -9 -6
26 -9 -8
26 -9 -9
26 -9 -10
26 -9 -12
26 -10 0
26 -10 -1
26 -10 -2
26 -10 -3
26 -10 -8
26 -10 -9
26 -10 -11
26 -10 -12
26 -11 0
26 -11 -1
26 -11 -3
26 -11 -5
26 -11 -6
26 -11 -7
26 -11 -8
26 -11 -9
26 -11 -10
26 -11 -11
26 -11 -12
26 -12 0
26 -12 -1
26 -12 -2
26 -12 -3
26 -12 -4
26 -12 -6
26 -12 -9
26 -12 -10
27 0 0
27 0 -4
27 0 -5
27 0 -7
27 0 -8
27 0 -9
27 0 -11
27 0 -12
27 -1 -1
27 -1 -4
27 -1 -6
27 -1 -7
27 -1 -11
27 -2 -1
27 -2 -2
27 -2 -5
27 -2 -8
27 -2 -10
27 -3 0
27 -3 -1
27 -3 -2
27 -3 -3
27 -3 -6
27 -3 -7
27 -3 -9
27 -3 -10
27 -3 -11
27 -4 -4
27 -4 -5
27 -4 -7
27 -4 -8
27 -4 -11
27 -4 -12
27 -5 0
27 -5 -2
27 -5 -3
27 -5 -5
27 -5 -6
27 -5 -8
27 -5 -10
27 -5 -11
27 -6 -1
27 -6 -2
27 -6 -5
27 -6 -7
27 -6 -9
27 -7 -1
27 -7 -3
27 -7 -4
27 -7 -5
27 -7 -9
27 -7 -10
27 -8 0
27 -8 -5
27 -8 -6
27 -8 -7
27 -8 -9
27 -8 -10
27 -8 -12
27 -9 -1
27 -9 -2
27 -9 -3
27 -9 -5
27 -9 -6
27 -9 -8
27 -9 -9
27 -9 -10
27 -9 -12
27 -10 0
27 -10 -1
27 -10 -2
27 -10 -3
27 -10 -8
27 -10 -9
27 -10 -11
27 -10 -12
27 -11 0
27 -11 -1
27 -11 -3
27 -11 -5
27 -11 -6
27 -11 -7
27 -11 -8
27 -11 -9
27 -11 -10
27 -11 -11
27 -11 -12
27 -12 0
27 -12 -1
27 -12 -2
27 -12 -3
27 -12 -4
27 -12 -6
27 -12 -9
27 -12 -10
28 0 0
28 0 -4
28 0 -5
28 0 -7
28 0 -8
28 0 -9
28 0 -11
28 0 -12
28 -1 -1
28 -1 -4
28 -1 -6
28 -1 -7
28 -1 -11
28 -2 -1
28 -2 -2
28 -2 -5
28 -2 -8
28 -2 -10
28 -3 0
28 -3 -1
28 -3 -2
28 -3 -3
28 -3 -6
28 -3 -7
28 -3 -9
28 -3 -10
28 -3 -11
28 -4 -4
28 -4 -5
28 -4 -7
28 -4 -8
28 -4 -11
28 -4 -12
28 -5 0
28 -5 -2
28 -5 -3
28 -5 -5
28 -5 -6
28 -5 -8
28 -5 -10
28 -5 -11
28 -6 -1
28 -6 -2
28 -6 -5
28 -6 -7
28 -6 -9
28 -7 -1
28 -7 -3
28 -7 -4
28 -7 -5
28 -7 -9
28 -7 -10
28 -8 0
28 -8 -5
28 -8 -6
28 -8 -7
28 -8 -9
28 -8 -10
28 -8 -12
28 -9 -1
28 -9 -2
28 -9 -3
28 -9 -5
28 -9 -6
28 -9 -8
28 -9 -9
28 -9 -10
28 -9 -12
28 -10 0
28 -10 -1
28 -10 -2
28 -10 -3
28 -10 -8
28 -10 -9
28 -10 -11
28 -10 -12
28 -11 0
28 -11 -1
28 -11 -3
28 -11 -5
28 -11 -6
28 -11 -7
28 -11 -8
28 -11 -9
28 -11 -10
28 -11 -11
28 -11 -12
28 -12 0
28 -12 -1
28 -12 -2
28 -12 -3
28 -12 -4
28 -12 -6
28 -12 -9
28 -12 -10
29 0 0
29 0 -4
29 0 -5
29 0 -7
29 0 -8
29 0 -9
29 0 -11
29 0 -12
29 -1 -1
29 -1 -4
29 -1 -6
29 -1 -7
29 -1 -11
29 -2 -1
29 -2 -2
29 -2 -5
29 -2 -8
29 -2 -10
29 -3 0
29 -3 -1
29 -3 -2
29 -3 -3
29 -3 -6
29 -3 -7
29 -3 -9
29 -3 -10
29 -3 -11
29 -4 -4
29 -4 -5
29 -4 -7
29 -4 -8
29 -4 -11
29 -4 -12
29 -5 0
29 -5 -2
29 -5 -3
29 -5 -5
29 -5 -6
29 -5 -8
29 -5 -10
29 -5 -11
29 -6 -1
29 -6 -2
29 -6 -5
29 -6 -7
29 -6 -9
29 -7 -1
29 -7 -3
29 -7 -4
29 -7 -5
29 -7 -9
29 -7 -10
29 -8 0
29 -8 -5
29 -8 -6
29 -8 -7
29 -8 -9
29 -8 -10
29 -8 -12
29 -9 -1
29 -9 -2
29 -9 -3
29 -9 -5
29 -9 -6
29 -9 -8
29 -9 -9
29 -9 -10
29 -9 -12
29 -10 0
29 -10 -1
29 -10 -2
29 -10 -3
29 -10 -8
29 -10 -9
29 -10 -11
29 -10 -12
29 -11 0
29 -11 -1
29 -11 -3
29 -11 -5
29 -11 -6
29 -11 -7
29 -11 -8
29 -11 -9
29 -11 -10
29 -11 -11
29 -11 -12
29 -12 0
29 -12 -1
29 -12 -2
29 -12 -3
29 -12 -4
29 -12 -6
29 -12 -9
29 -12 -10
30 0 0
30 0 -4
30 0 -5
30 0 -7
30 0 -8
30 0 -9
30 0 -11
30 0 -12
30 -1 -1
30 -1 -4
30 -1 -6
30 -1 -7
30 -1 -11
30 -2 -1
30 -2 -2
30 -2 -5
30 -2 -8
30 -2 -10
30 -3 0
30 -3 -1
30 -3 -2
30 -3 -3
30 -3 -6
30 -3 -7
30 -3 -9
30 -3 -10
30 -3 -11
30 -4 -4
30 -4 -5
30 -4 -7
30 -4 -8
30 -4 -11
30 -4 -12
30 -5 0
30 -5 -2
30 -5 -3
30 -5 -5
30 -5 -6
30 -5 -8
30 -5 -10
30 -5 -11
30 -6 -1
30 -6 -2
30 -6 -5
30 -6 -7
30 -6 -9
30 -7 -1
30 -7 -3
30 -7 -4
30 -7 -5
30 -7 -9
30 -7 -10
30 -8 0
30 -8 -5
30 -8 -6
30 -8 -7
30 -8 -9
30 -8 -10
30 -8 -12
30 -9 -1
30 -9 -2
30 -9 -3
30 -9 -5
30 -9 -6
30 -9 -8
30 -9 -9
30 -9 -10
30 -9 -12
30 -10 0
30 -10 -1
30 -10 -2
30 -10 -3
30 -10 -8
30 -10 -9
30 -10 -11
30 -10 -12
30 -11 0
30 -11 -1
30 -11 -3
30 -11 -5
30 -11 -6
30 -11 -7
30 -11 -8
30 -11 -9
30 -11 -10
30 -11 -11
30 -11 -12
30 -12 0
30 -12 -1
30 -12 -2
30 -12 -3
30 -12 -4
30 -12 -6
30 -12 -9
30 -12 -10
31 0 0
31 0 -4
31 0 -5
31 0 -7
31 0 -8
31 0 -9
31 0 -11
31 0 -12
31 -1 -1
31 -1 -4
31 -1 -6
31 -1 -7
31 -1 -11
31 -2 -1
31 -2 -2
31 -2 -5
31 -2 -8
31 -2 -10
31 -3 0
31 -3 -1
31 -3 -2
31 -3 -3
31 -3 -6
31 -3 -7
31 -3 -9
31 -3 -10
31 -3 -11
31 -4 -4
31 -4 -5
31 -4 -7
31 -4 -8
31 -4 -11
31 -4 -12
31 -5 0
31 -5 -2
31 -5 -3
31 -5 -5
31 -5 -6
31 -5 -8
31 -5 -10
31 -5 -11
31 -6 -1
31 -6 -2
31 -6 -5
31 -6 -7
31 -6 -9
31 -7 -1
31 -7 -3
31 -7 -4
31 -7 -5
31 -7 -9
31 -7 -10
31 -8 0
31 -8 -5
31 -8 -6
31 -8 -7
31 -8 -9
31 -8 -10
31 -8 -12
31 -9 -1
31 -9 -2
31 -9 -3
31 -9 -5
31 -9 -6
31 -9 -8
31 -9 -9
31 -9 -10
31 -9 -12
31 -10 0
31 -10 -1
31 -10 -2
31 -10 -3
31 -10 -8
31 -10 -9
31 -10 -11
31 -10 -12
31 -11 0
31 -11 -1
31 -11 -3
31 -11 -5
31 -11 -6
31 -11 -7
31 -11 -8
31 -11 -9
31 -11 -10
31 -11 -11
31 -11 -12
31 -12 0
31 -12 -1
31 -12 -2
31 -12 -3
31 -12 -4
31 -12 -6
31 -12 -9
31 -12 -10
32 0 0
32 0 -4
32 0 -5
32 0 -7
32 0 -8
32 0 -9
32 0 -11
32 0 -12
32 -1 -1
32 -1 -4
32 -1 -6
32 -1 -7
32 -1 -11
32 -2 -1
32 -2 -2
32 -2 -5
32 -2 -8
32 -2 -10
32 -3 0
32 -3 -1
32 -3 -2
32 -3 -3
32 -3 -6
32 -3 -7
32 -3 -9
32 -3 -10
32 -3 -11
32 -4 -4
32 -4 -5
32 -4 -7
32 -4 -8
32 -4 -11
32 -4 -12
32 -5 0
32 -5 -2
32 -5 -3
32 -5 -5
32 -5 -6
32 -5 -8
32 -5 -10
32 -5 -11
32 -6 -1
32 -6 -2
32 -6 -5
32 -6 -7
32 -6 -9
32 -7 -1
32 -7 -3
32 -7 -4
32 -7 -5
32 -7 -9
32 -7 -10
32 -8 0
32 -8 -5
32 -8 -6
32 -8 -7
32 -8 -9
32 -8 -10
32 -8 -12
32 -9 -1
32 -9 -2
32 -9 -3
32 -9 -5
32 -9 -6
32 -9 -8
32 -9 -9
32 -9 -10
32 -9 -12
32 -10 0
32 -10 -1
32 -10 -2
32 -10 -3
32 -10 -8
32 -10 -9
32 -10 -11
32 -10 -12
32 -11 0
32 -11 -1
32 -11 -3
32 -11 -5
32 -11 -6
32 -11 -7
32 -11 -8
32 -11 -9
32 -11 -10
32 -11 -11
32 -11 -12
32 -12 0
32 -12 -1
32 -12 -2
32 -12 -3
32 -12 -4
32 -12 -6
32 -12 -9
32 -12 -10
33 0 0
33 0 -4
33 0 -5
33 0 -7
33 0 -8
33 0 -9
33 0 -11
33 0 -12
33 -1 -1
33 -1 -4
33 -1 -6
33 -1 -7
33 -1 -11
33 -2 -1
33 -2 -2
33 -2 -5
33 -2 -8
33 -2 -10
33 -3 0
33 -3 -1
33 -3 -2
33 -3 -3
33 -3 -6
33 -3 -7
33 -3 -9
33 -3 -10
33 -3 -11
33 -4 -4
33 -4 -5
33 -4 -7
33 -4 -8
33 -4 -11
33 -4 -12
33 -5 0
33 -5 -2
33 -5 -3
33 -5 -5
33 -5 -6
33 -5 -8
33 -5 -10
33 -5 -11
33 -6 -1
33 -6 -2
33 -6 -5
33 -6 -7
33 -6 -9
33 -7 -1
33 -7 -3
33 -7 -4
33 -7 -5
33 -7 -9
33 -7 -10
33 -8 0
33 -8 -5
33 -8 -6
33 -8 -7
33 -8 -9
33 -8 -10
33 -8 -12
33 -9 -1
33 -9 -2
33 -9 -3
33 -9 -5
33 -9 -6
33 -9 -8
33 -9 -9
33 -9 -10
33 -9 -12
33 -10 0
33 -10 -1
33 -10 -2
33 -10 -3
33 -10 -8
33 -10 -9
33 -10 -11
33 -10 -12
33 -11 0
33 -11 -1
33 -11 -3
33 -11 -5
33 -11 -6
33 -11 -7
33 -11 -8
33 -11 -9
33 -11 -10
33 -11 -11
33 -11 -12
33 -12 0
33 -12 -1
33 -12 -2
33 -12 -3
33 -12 -4
33 -12 -6
33 -12 -9
33 -12 -10
34 0 0
34 0 -4
34 0 -5
34 0 -7
34 0 -8
34 0 -9
34 0 -11
34 0 -12
34 -1 -1
34 -1 -4
34 -1 -6
34 -1 -7
34 -1 -11
34 -2 -1
34 -2 -2
34 -2 -5
34 -2 -8
34 -2 -10
34 -3 0
34 -3 -1
34 -3 -2
34 -3 -3
34 -3 -6
34 -3 -7
34 -3 -9
34 -3 -10
34 -3 -11
34 -4 -4
34 -4 -5
34 -4 -7
34 -4 -8
34 -4 -11
34 -4 -12
34 -5 0
34 -5 -2
34 -5 -3
34 -5 -5
34 -5 -6
34 -5 -8
34 -5 -10
34 -5 -11
34 -6 -1
34 -6 -2
34 -6 -5
34 -6 -7
34 -6 -9
34 -7 -1
34 -7 -3
34 -7 -4
34 -7 -5
34 -7 -9
34 -7 -10
34 -8 0
34 -8 -5
34 -8 -6
34 -8 -7
34 -8 -9
34 -8 -10
34 -8 -12
34 -9 -1
34 -9 -2
34 -9 -3
34 -9 -5
34 -9 -6
34 -9 -8
34 -9 -9
34 -9 -10
34 -9 -12
34 -10 0
34 -10 -1
34 -10 -2
34 -10 -3
34 -10 -8
34 -10 -9
34 -10 -11
34 -10 -12
34 -11 0
34 -11 -1
34 -11 -3
34 -11 -5
34 -11 -6
34 -11 -7
34 -11 -8
34 -11 -9
34 -11 -10
34 -11 -11
34 -11 -12
34 -12 0
34 -12 -1
34 -12 -2
34 -12 -3
34 -12 -4
34 -12 -6
34 -12 -9
34 -12 -10
35 0 0
35 0 -4
35 0 -5
35 0 -7
35 0 -8
35 0 -9
35 0 -11
35 0 -12
35 -1 -1
35 -1 -4
35 -1 -6
35 -1 -7
35 -1 -11
35 -2 -1
35 -2 -2
35 -2 -5
35 -2 -8
35 -2 -10
35 -3 0
35 -3 -1
35 -3 -2
35 -3 -3
35 -3 -6
35 -3 -7
35 -3 -9
35 -3 -10
35 -3 -11
35 -4 -4
35 -4 -5
35 -4 -7
35 -4 -8
35 -4 -11
35 -4 -12
35 -5 0
35 -5 -2
35 -5 -3
35 -5 -5
35 -5 -6
35 -5 -8
35 -5 -10
35 -5 -11
35 -6 -1
35 -6 -2
35 -6 -5
35 -6 -7
35 -6 -9
35 -7 -1
35 -7 -3
35 -7 -4
35 -7 -5
35 -7 -9
35 -7 -10
35 -8 0
35 -8 -5
35 -8 -6
35 -8 -7
35 -8 -9
35 -8 -10
35 -8 -12
35 -9 -1
35 -9 -2
35 -9 -3
35 -9 -5
35 -9 -6
35 -9 -8
35 -9 -9
35 -9 -10
35 -9 -12
35 -10 0
35 -10 -1
35 -10 -2
35 -10 -3
35 -10 -8
35 -10 -9
35 -10 -11
35 -10 -12
35 -11 0
35 -11 -1
35 -11 -3
35 -11 -5
35 -11 -6
35 -11 -7
35 -11 -8
35 -11 -9
35 -11 -10
35 -11 -11
35 -11 -12
35 -12 0
35 -12 -1
35 -12 -2
35 -12 -3
35 -12 -4
35 -12 -6
35 -12 -9
35 -12 -10
36 0 0
36 0 -4
36 0 -5
36 0 -7
36 0 -8
36 0 -9
36 0 -11
36 0 -12
36 -1 -1
36 -1 -4
36 -1 -6
36 -1 -7
36 -1 -11
36 -2 -1
36 -2 -2
36 -2 -5
36 -2 -8
36 -2 -10
36 -3 0
36 -3 -1
36 -3 -2
36 -3 -3
36 -3 -6
36 -3 -7
36 -3 -9
36 -3 -10
36 -3 -11
36 -4 -4
36 -4 -5
36 -4 -7
36 -4 -8
36 -4 -11
36 -4 -12
36 -5 0
36 -5 -2
36 -5 -3
36 -5 -5
36 -5 -6
36 -5 -8
36 -5 -10
36 -5 -11
36 -6 -1
36 -6 -2
36 -6 -5
36 -6 -7
36 -6 -9
36 -7 -1
36 -7 -3
36 -7 -4
36 -7 -5
36 -7 -9
36 -7 -10
36 -8 0
36 -8 -5
36 -8 -6
36 -8 -7
36 -8 -9
36 -8 -10
36 -8 -12
36 -9 -1
36 -9 -2
36 -9 -3
36 -9 -5
36 -9 -6
36 -9 -8
36 -9 -9
36 -9 -10
36 -9 -12
36 -10 0
36 -10 -1
36 -10 -2
36 -10 -3
36 -10 -8
36 -10 -9
36 -10 -11
36 -10 -12
36 -11 0
36 -11 -1
36 -11 -3
36 -11 -5
36 -11 -6
36 -11 -7
36 -11 -8
36 -11 -9
36 -11 -10
36 -11 -11
36 -11 -12
36 -12 0
36 -12 -1
36 -12 -2
36 -12 -3
36 -12 -4
36 -12 -6
36 -12 -9
36 -12 -10
37 0 0
37 0 -4
37 0 -5
37 0 -7
37 0 -8
37 0 -9
37 0 -11
37 0 -12
37 -1 -1
37 -1 -4
37 -1 -6
37 -1 -7
37 -1 -11
37 -2 -1
37 -2 -2
37 -2 -5
37 -2 -8
37 -2 -10
37 -3 0
37 -3 -1
37 -3 -2
37 -3 -3
37 -3 -6
37 -3 -7
37 -3 -9
37 -3 -10
37 -3 -11
37 -4 -4
37 -4 -5
37 -4 -7
37 -4 -8
37 -4 -11
37 -4 -12
37 -5 0
37 -5 -2
37 -5 -3
37 -5 -5
37 -5 -6
37 -5 -8
37 -5 -10
37 -5 -11
37 -6 -1
37 -6 -2
37 -6 -5
37 -6 -7
37 -6 -9
37 -7 -1
37 -7 -3
37 -7 -4
37 -7 -5
37 -7 -9
37 -7 -10
37 -8 0
37 -8 -5
37 -8 -6
37 -8 -7
37 -8 -9
37 -8 -10
37 -8 -12
37 -9 -1
37 -9 -2
37 -9 -3
37 -9 -5
37 -9 -6
37 -9 -8
37 -9 -9
37 -9 -10
37 -9 -12
37 -10 0
37 -10 -1
37 -10 -2
37 -10 -3
37 -10 -8
37 -10 -9
37 -10 -11
37 -10 -12
37 -11 0
37 -11 -1
37 -11 -3
37 -11 -5
37 -11 -6
37 -11 -7
37 -11 -8
37 -11 -9
37 -11 -10
37 -11 -11
37 -11 -12
37 -12 0
37 -12 -1
37 -12 -2
37 -12 -3
37 -12 -4
37 -12 -6
37 -12 -9
37 -12 -10
38 0 0
38 0 -4
38 0 -5
38 0 -7
38 0 -8
38 0 -9
38 0 -11
38 0 -12
38 -1 -1
38 -1 -4
38 -1 -6
38 -1 -7
38 -1 -11
38 -2 -1
38 -2 -2
38 -2 -5
38 -2 -8
38 -2 -10
38 -3 0
38 -3 -1
38 -3 -2
38 -3 -3
38 -3 -6
38 -3 -7
38 -3 -9
38 -3 -10
38 -3 -11
38 -4 -4
38 -4 -5
38 -4 -7
38 -4 -8
38 -4 -11
38 -4 -12
38 -5 0
38 -5 -2
38 -5 -3
38 -5 -5
38 -5 -6
38 -5 -8
38 -5 -10
38 -5 -11
38 -6 -1
38 -6 -2
38 -6 -5
38 -6 -7
38 -6 -9
38 -7 -1
38 -7 -3
38 -7 -4
38 -7 -5
38 -7 -9
38 -7 -10
38 -8 0
38 -8 -5
38 -8 -6
38 -8 -7
38 -8 -9
38 -8 -10
38 -8 -12
38 -9 -1
38 -9 -2
38 -9 -3
38 -9 -5
38 -9 -6
38 -9 -8
38 -9 -9
38 -9 -10
38 -9 -12
38 -10 0
38 -10 -1
38 -10 -2
38 -10 -3
38 -10 -8
38 -10 -9
38 -10 -11
38 -10 -12
38 -11 0
38 -11 -1
38 -11 -3
38 -11 -5
38 -11 -6
38 -11 -7
38 -11 -8
38 -11 -9
38 -11 -10
38 -11 -11
38 -11 -12
38 -12 0
38 -12 -1
38 -12 -2
38 -12 -3
38 -12 -4
38 -12 -6
38 -12 -9
38 -12 -10
39 0 0
39 0 -4
39 0 -5
39 0 -7
39 0 -8
39 0 -9
39 0 -11
39 0 -12
39 -1 -1
39 -1 -4
39 -1 -6
39 -1 -7
39 -1 -11
39 -2 -1
39 -2 -2
39 -2 -5
39 -2 -8
39 -2 -10
39 -3 0
39 -3 -1
39 -3 -2
39 -3 -3
39 -3 -6
39 -3 -7
39 -3 -9
39 -3 -10
39 -3 -11
39 -4 -4
39 -4 -5
39 -4 -7
39 -4 -8
39 -4 -11
39 -4 -12
39 -5 0
39 -5 -2
39 -5 -3
39 -5 -5
39 -5 -6
39 -5 -8
39 -5 -10
39 -5 -11
39 -6 -1
39 -6 -2
39 -6 -5
39 -6 -7
39 -6 -9
39 -7 -1
39 -7 -3
39 -7 -4
39 -7 -5
39 -7 -9
39 -7 -10
39 -8 0
39 -8 -5
39 -8 -6
39 -8 -7
39 -8 -9
39 -8 -10
39 -8 -12
39 -9 -1
39 -9 -2
39 -9 -3
39 -9 -5
39 -9 -6
39 -9 -8
39 -9 -9
39 -9 -10
39 -9 -12
39 -10 0
39 -10 -1
39 -10 -2
39 -10 -3
39 -10 -8
39 -10 -9
39 -10 -11
39 -10 -12
39 -11 0
39 -11 -1
39 -11 -3
39 -11 -5
39 -11 -6
39 -11 -7
39 -11 -8
39 -11 -9
39 -11 -10
39 -11 -11
39 -11 -12
39 -12 0
39 -12 -1
39 -12 -2
39 -12 -3
39 -12 -4
39 -12 -6
39 -12 -9
39 -12 -10
40 0 0
40 0 -4
40 0 -5
40 0 -7
40 0 -8
40 0 -9
40 0 -11
40 0 -12
40 -1 -1
40 -1 -4
40 -1 -6
40 -1 -7
40 -1 -11
40 -2 -1
40 -2 -2
40 -2 -5
40 -2 -8
40 -2 -10
40 -3 0
40 -3 -1
40 -3 -2
40 -3 -3
40 -3 -6
40 -3 -7
40 -3 -9
40 -3 -10
40 -3 -11
40 -4 -4
40 -4 -5
40 -4 -7
40 -4 -8
40 -4 -11
40 -4 -12
40 -5 0
40 -5 -2
40 -5 -3
40 -5 -5
40 -5 -6
40 -5 -8
40 -5 -10
40 -5 -11
40 -6 -1
40 -6 -2
40 -6 -5
40 -6 -7
40 -6 -9
40 -7 -1
40 -7 -3
40 -7 -4
40 -7 -5
40 -7 -9
40 -7 -10
40 -8 0
40 -8 -5
40 -8 -6
40 -8 -7
40 -8 -9
40 -8 -10
40 -8 -12
40 -9 -1
40 -9 -2
40 -9 -3
40 -9 -5
40 -9 -6
40 -9 -8
40 -9 -9
40 -9 -10
40 -9 -12
40 -10 0
40 -10 -1
40 -10 -2
40 -10 -3
40 -10 -8
40 -10 -9
40 -10 -11
40 -10 -12
40 -11 0
40 -11 -1
40 -11 -3
40 -11 -5
40 -11 -6
40 -11 -7
40 -11 -8
40 -11 -9
40 -11 -10
40 -11 -11
40 -11 -12
40 -12 0
40 -12 -1
40 -12 -2
40 -12 -3
40 -12 -4
40 -12 -6
40 -12 -9
40 -12 -10
41 0 0
41 0 -4
41 0 -5
41 0 -7
41 0 -8
41 0 -9
41 0 -11
41 0 -12
41 -1 -1
41 -1 -4
41 -1 -6
41 -1 -7
41 -1 -11
41 -2 -1
41 -2 -2
41 -2 -5
41 -2 -8
41 -2 -10
41 -3 0
41 -3 -1
41 -3 -2
41 -3 -3
41 -3 -6
41 -3 -7
41 -3 -9
41 -3 -10
41 -3 -11
41 -4 -4
41 -4 -5
41 -4 -7
41 -4 -8
41 -4 -11
41 -4 -12
41 -5 0
41 -5 -2
41 -5 -3
41 -5 -5
41 -5 -6
41 -5 -8
41 -5 -10
41 -5 -11
41 -6 -1
41 -6 -2
41 -6 -5
41 -6 -7
41 -6 -9
41 -7 -1
41 -7 -3
41 -7 -4
41 -7 -5
41 -7 -9
41 -7 -10
41 -8 0
41 -8 -5
41 -8 -6
41 -8 -7
41 -8 -9
41 -8 -10
41 -8 -12
41 -9 -1
41 -9 -2
41 -9 -3
41 -9 -5
41 -9 -6
41 -9 -8
41 -9 -9
41 -9 -10
41 -9 -12
41 -10 0
41 -10 -1
41 -10 -2
41 -10 -3
41 -10 -8
41 -10 -9
41 -10 -11
41 -10 -12
41 -11 0
41 -11 -1
41 -11 -3
41 -11 -5
41 -11 -6
41 -11 -7
41 -11 -8
41 -11 -9
41 -11 -10
41 -11 -11
41 -11 -12
41 -12 0
41 -12 -1
41 -12 -2
41 -12 -3
41 -12 -4
41 -12 -6
41 -12 -9
41 -12 -10
42 0 0
42 0 -4
42 0 -5
42 0 -7
42 0 -8
42 0 -9
42 0 -11
42 0 -12
42 -1 -1
42 -1 -4
42 -1 -6
42 -1 -7
42 -1 -11
42 -2 -1
42 -2 -2
42 -2 -5
42 -2 -8
42 -2 -10
42 -3 0
42 -3 -1
42 -3 -2
42 -3 -3
42 -3 -6
42 -3 -7
42 -3 -9
42 -3 -10
42 -3 -11
42 -4 -4
42 -4 -5
42 -4 -7
42 -4 -8
42 -4 -11
42 -4 -12
42 -5 0
42 -5 -2
42 -5 -3
42 -5 -5
42 -5 -6
42 -5 -8
42 -5 -10
42 -5 -11
42 -6 -1
42 -6 -2
42 -6 -5
42 -6 -7
42 -6 -9
42 -7 -1
42 -7 -3
42 -7 -4
42 -7 -5
42 -7 -9
42 -7 -10
42 -8 0
42 -8 -5
42 -8 -6
42 -8 -7
42 -8 -9
42 -8 -10
42 -8 -12
42 -9 -1
42 -9 -2
42 -9 -3
42 -9 -5
42 -9 -6
42 -9 -8
42 -9 -9
42 -9 -10
42 -9 -12
42 -10 0
42 -10 -1
42 -10 -2
42 -10 -3
42 -10 -8
42 -10 -9
42 -10 -11
42 -10 -12
42 -11 0
42 -11 -1
42 -11 -3
42 -11 -5
42 -11 -6
42 -11 -7
42 -11 -8
42 -11 -9
42 -11 -10
42 -11 -11
42 -11 -12
42 -12 0
42 -12 -1
42 -12 -2
42 -12 -3
42 -12 -4
42 -12 -6
42 -12 -9
42 -12 -10
43 0 0
43 0 -4
43 0 -5
43 0 -7
43 0 -8
43 0 -9
43 0 -11
43 0 -12
43 -1 -1
43 -1 -4
43 -1 -6
43 -1 -7
43 -1 -11
43 -2 -1
43 -2 -2
43 -2 -5
43 -2 -8
43 -2 -10
43 -3 0
43 -3 -1
43 -3 -2
43 -3 -3
43 -3 -6
43 -3 -7
43 -3 -9
43 -3 -10
43 -3 -11
43 -4 -4
43 -4 -5
43 -4 -7
43 -4 -8
43 -4 -11
43 -4 -12
43 -5 0
43 -5 -2
43 -5 -3
43 -5 -5
43 -5 -6
43 -5 -8
43 -5 -10
43 -5 -11
43 -6 -1
43 -6 -2
43 -6 -5
43 -6 -7
43 -6 -9
43 -7 -1
43 -7 -3
43 -7 -4
43 -7 -5
43 -7 -9
43 -7 -10
43 -8 0
43 -8 -5
43 -8 -6
43 -8 -7
43 -8 -9
43 -8 -10
43 -8 -12
43 -9 -1
43 -9 -2
43 -9 -3
43 -9 -5
43 -9 -6
43 -9 -8
43 -9 -9
43 -9 -10
43 -9 -12
43 -10 0
43 -10 -1
43 -10 -2
43 -10 -3
43 -10 -8
43 -10 -9
43 -10 -11
43 -10 -12
43 -11 0
43 -11 -1
43 -11 -3
43 -11 -5
43 -11 -6
43 -11 -7
43 -11 -8
43 -11 -9
43 -11 -10
43 -11 -11
43 -11 -12
43 -12 0
43 -12 -1
43 -12 -2
43 -12 -3
43 -12 -4
43 -12 -6
43 -12 -9
43 -12 -10
44 0 0
44 0 -4
44 0 -5
44 0 -7
44 0 -8
44 0 -9
44 0 -11
44 0 -12
44 -1 -1
44 -1 -4
44 -1 -6
44 -1 -7
44 -1 -11
44 -2 -1
44 -2 -2
44 -2 -5
44 -2 -8
44 -2 -10
44 -3 0
44 -3 -1
44 -3 -2
44 -3 -3
44 -3 -6
44 -3 -7
44 -3 -9
44 -3 -10
44 -3 -11
44 -4 -4
44 -4 -5
44 -4 -7
44 -4 -8
44 -4 -11
44 -4 -12
44 -5 0
44 -5 -2
44 -5 -3
44 -5 -5
44 -5 -6
44 -5 -8
44 -5 -10
44 -5 -11
44 -6 -1
44 -6 -2
44 -6 -5
44 -6 -7
44 -6 -9
44 -7 -1
44 -7 -3
44 -7 -4
44 -7 -5
44 -7 -9
44 -7 -10
44 -8 0
44 -8 -5
44 -8 -6
44 -8 -7
44 -8 -9
44 -8 -10
44 -8 -12
44 -9 -1
44 -9 -2
44 -9 -3
44 -9 -5
44 -9 -6
44 -9 -8
44 -9 -9
44 -9 -10
44 -9 -12
44 -10 0
44 -10 -1
44 -10 -2
44 -10 -3
44 -10 -8
44 -10 -9
44 -10 -11
44 -10 -12
44 -11 0
44 -11 -1
44 -11 -3
44 -11 -5
44 -11 -6
44 -11 -7
44 -11 -8
44 -11 -9
44 -11 -10
44 -11 -11
44 -11 -12
44 -12 0
44 -12 -1
44 -12 -2
44 -12 -3
44 -12 -4
44 -12 -6
44 -12 -9
44 -12 -10
45 0 0
45 0 -4
45 0 -5
45 0 -7
45 0 -8
45 0 -9
45 0 -11
45 0 -12
45 -1 -1
45 -1 -4
45 -1 -6
45 -1 -7
45 -1 -11
45 -2 -1
45 -2 -2
45 -2 -5
45 -2 -8
45 -2 -10
45 -3 0
45 -3 -1
45 -3 -2
45 -3 -3
45 -3 -6
45 -3 -7
45 -3 -9
45 -3 -10
45 -3 -11
45 -4 -4
45 -4 -5
45 -4 -7
45 -4 -8
45 -4 -11
45 -4 -12
45 -5 0
45 -5 -2
45 -5 -3
45 -5 -5
45 -5 -6
45 -5 -8
45 -5 -10
45 -5 -11
45 -6 -1
45 -6 -2
45 -6 -5
45 -6 -7
45 -6 -9
45 -7 -1
45 -7 -3
45 -7 -4
45 -7 -5
45 -7 -9
45 -7 -10
45 -8 0
45 -8 -5
45 -8 -6
45 -8 -7
45 -8 -9
45 -8 -10
45 -8 -12
45 -9 -1
45 -9 -2
45 -9 -3
45 -9 -5
45 -9 -6
45 -9 -8
45 -9 -9
45 -9 -10
45 -9 -12
45 -10 0
45 -10 -1
45 -10 -2
45 -10 -3
45 -10 -8
45 -10 -9
45 -10 -11
45 -10 -12
45 -11 0
45 -11 -1
45 -11 -3
45 -11 -5
45 -11 -6
45 -11 -7
45 -11 -8
45 -11 -9
45 -11 -10
45 -11 -11
45 -11 -12
45 -12 0
45 -12 -1
45 -12 -2
45 -12 -3
45 -12 -4
45 -12 -6
45 -12 -9
45 -12 -10
46 0 0
46 0 -4
46 0 -5
46 0 -7
46 0 -8
46 0 -9
46 0 -11
46 0 -12
46 -1 -1
46 -1 -4
46 -1 -6
46 -1 -7
46 -1 -11
46 -2 -1
46 -2 -2
46 -2 -5
46 -2 -8
46 -2 -10
46 -3 0
46 -3 -1
46 -3 -2
46 -3 -3
46 -3 -6
46 -3 -7
46 -3 -9
46 -3 -10
46 -3 -11
46 -4 -4
46 -4 -5
46 -4 -7
46 -4 -8
46 -4 -11
46 -4 -12
46 -5 0
46 -5 -2
46 -5 -3
46 -5 -5
46 -5 -6
46 -5 -8
46 -5 -10
46 -5 -11
46 -6 -1
46 -6 -2
46 -6 -5
46 -6 -7
46 -6 -9
46 -7 -1
46 -7 -3
46 -7 -4
46 -7 -5
46 -7 -9
46 -7 -10
46 -8 0
46 -8 -5
46 -8 -6
46 -8 -7
46 -8 -9
46 -8 -10
46 -8 -12
46 -9 -1
46 -9 -2
46 -9 -3
46 -9 -5
46 -9 -6
46 -9 -8
46 -9 -9
46 -9 -10
46 -9 -12
46 -10 0
46 -10 -1
46 -10 -2
46 -10 -3
46 -10 -8
46 -10 -9
46 -10 -11
46 -10 -12
46 -11 0
46 -11 -1
46 -11 -3
46 -11 -5
46 -11 -6
46 -11 -7
46 -11 -8
46 -11 -9
46 -11 -10
46 -11 -11
46 -11 -12
46 -12 0
46 -12 -1
46 -12 -2
46 -12 -3
46 -12 -4
46 -12 -6
46 -12 -9
46 -12 -10
47 0 0
47 0 -4
47 0 -5
47 0 -7
47 0 -8
47 0 -9
47 0 -11
47 0 -12
47 -1 -1
47 -1 -4
47 -1 -6
47 -1 -7
47 -1 -11
47 -2 -1
47 -2 -2
47 -2 -5
47 -2 -8
47 -2 -10
47 -3 0
47 -3 -1
47 -3 -2
47 -3 -3
47 -3 -6
47 -3 -7
47 -3 -9
47 -3 -10
47 -3 -11
47 -4 -4
47 -4 -5
47 -4 -7
47 -4 -8
47 -4 -11
47 -4 -12
47 -5 0
47 -5 -2
47 -5 -3
47 -5 -5
47 -5 -6
47 -5 -8
47 -5 -10
47 -5 -11
47 -6 -1
47 -6 -2
47 -6 -5
47 -6 -7
47 -6 -9
47 -7 -1
47 -7 -3
47 -7 -4
47 -7 -5
47 -7 -9
47 -7 -10
47 -8 0
47 -8 -5
47 -8 -6
47 -8 -7
47 -8 -9
47 -8 -10
47 -8 -12
47 -9 -1
47 -9 -2
47 -9 -3
47 -9 -5
47 -9 -6
47 -9 -8
47 -9 -9
47 -9 -10
47 -9 -12
47 -10 0
47 -10 -1
47 -10 -2
47 -10 -3
47 -10 -8
47 -10 -9
47 -10 -11
47 -10 -12
47 -11 0
47 -11 -1
47 -11 -3
47 -11 -5
47 -11 -6
47 -11 -7
47 -11 -8
47 -11 -9
47 -11 -10
47 -11 -11
47 -11 -12
47 -12 0
47 -12 -1
47 -12 -2
47 -12 -3
47 -12 -4
47 -12 -6
47 -12 -9
47 -12 -10
48 0 0
48 0 -4
48 0 -5
48 0 -7
48 0 -8
48 0 -9
48 0 -11
48 0 -12
48 -1 -1
48 -1 -4
48 -1 -6
48 -1 -7
48 -1 -11
48 -2 -1
48 -2 -2
48 -2 -5
48 -2 -8
48 -2 -10
48 -3 0
48 -3 -1
48 -3 -2
48 -3 -3
48 -3 -6
48 -3 -7
48 -3 -9
48 -3 -10
48 -3 -11
48 -4 -4
48 -4 -5
48 -4 -7
48 -4 -8
48 -4 -11
48 -4 -12
48 -5 0
48 -5 -2
48 -5 -3
48 -5 -5
48 -5 -6
48 -5 -8
48 -5 -10
48 -5 -11
48 -6 -1
48 -6 -2
48 -6 -5
48 -6 -7
48 -6 -9
48 -7 -1
48 -7 -3
48 -7 -4
48 -7 -5
48 -7 -9
48 -7 -10
48 -8 0
48 -8 -5
48 -8 -6
48 -8 -7
48 -8 -9
48 -8 -10
48 -8 -12
48 -9 -1
48 -9 -2
48 -9 -3
48 -9 -5
48 -9 -6
48 -9 -8
48 -9 -9
48 -9 -10
48 -9 -12
48 -10 0
48 -10 -1
48 -10 -2
48 -10 -3
48 -10 -8
48 -10 -9
48 -10 -11
48 -10 -12
48 -11 0
48 -11 -1
48 -11 -3
48 -11 -5
48 -11 -6
48 -11 -7
48 -11 -8
48 -11 -9
48 -11 -10
48 -11 -11
48 -11 -12
48 -12 0
48 -12 -1
48 -12 -2
48 -12 -3
48 -12 -4
48 -12 -6
48 -12 -9
48 -12 -10
49 0 0
49 0 -4
49 0 -5
49 0 -7
49 0 -8
49 0 -9
49 0 -11
49 0 -12
49 -1 -1
49 -1 -4
49 -1 -6
49 -1 -7
49 -1 -11
49 -2 -1
49 -2 -2
49 -2 -5
49 -2 -8
49 -2 -10
49 -3 0
49 -3 -1
49 -3 -2
49 -3 -3
49 -3 -6
49 -3 -7
49 -3 -9
49 -3 -10
49 -3 -11
49 -4 -4
49 -4 -5
49 -4 -7
49 -4 -8
49 -4 -11
49 -4 -12
49 -5 0
49 -5 -2
49 -5 -3
49 -5 -5
49 -5 -6
49 -5 -8
49 -5 -10
49 -5 -11
49 -6 -1
49 -6 -2
49 -6 -5
49 -6 -7
49 -6 -9
49 -7 -1
49 -7 -3
49 -7 -4
49 -7 -5
49 -7 -9
49 -7 -10
49 -8 0
49 -8 -5
49 -8 -6
49 -8 -7
49 -8 -9
49 -8 -10
49 -8 -12
49 -9 -1
49 -9 -2
49 -9 -3
49 -9 -5
49 -9 -6
49 -9 -8
49 -9 -9
49 -9 -10
49 -9 -12
49 -10 0
49 -10 -1
49 -10 -2
49 -10 -3
49 -10 -8
49 -10 -9
49 -10 -11
49 -10 -12
49 -11 0
49 -11 -1
49 -11 -3
49 -11 -5
49 -11 -6
49 -11 -7
49 -11 -8
49 -11 -9
49 -11 -10
49 -11 -11
49 -11 -12
49 -12 0
49 -12 -1
49 -12 -2
49 -12 -3
49 -12 -4
49 -12 -6
49 -12 -9
49 -12 -10
50 0 0
50 0 -4
50 0 -5
50 0 -7
50 0 -8
50 0 -9
50 0 -11
50 0 -12
50 -1 -1
50 -1 -4
50 -1 -6
50 -1 -7
50 -1 -11
50 -2 -1
50 -2 -2
50 -2 -5
50 -2 -8
50 -2 -10
50 -3 0
50 -3 -1
50 -3 -2
50 -3 -3
50 -3 -6
50 -3 -7
50 -3 -9
50 -3 -10
50 -3 -11
50 -4 -4
50 -4 -5
50 -4 -7
50 -4 -8
50 -4 -11
50 -4 -12
50 -5 0
50 -5 -2
50 -5 -3
50 -5 -5
50 -5 -6
50 -5 -8
50 -5 -10
50 -5 -11
50 -6 -1
50 -6 -2
50 -6 -5
50 -6 -7
50 -6 -9
50 -7 -1
50 -7 -3
50 -7 -4
50 -7 -5
50 -7 -9
50 -7 -10
50 -8 0
50 -8 -5
50 -8 -6
50 -8 -7
50 -8 -9
50 -8 -10
50 -8 -12
50 -9 -1
50 -9 -2
50 -9 -3
50 -9 -5
50 -9 -6
50 -9 -8
50 -9 -9
50 -9 -10
50 -9 -12
50 -10 0
50 -10 -1
50 -10 -2
50 -10 -3
50 -10 -8
50 -10 -9
50 -10 -11
50 -10 -12
50 -11 0
50 -11 -1
50 -11 -3
50 -11 -5
50 -11 -6
50 -11 -7
50 -11 -8
50 -11 -9
50 -11 -10
50 -11 -11
50 -11 -12
50 -12 0
50 -12 -1
50 -12 -2
50 -12 -3
50 -12 -4
50 -12 -6
50 -12 -9
50 -12 -10
51 0 0
51 0 -4
51 0 -5
51 0 -7
51 0 -8
51 0 -9
51 0 -11
51 0 -12
51 -1 -1
51 -1 -4
51 -1 -6
51 -1 -7
51 -1 -11
51 -2 -1
51 -2 -2
51 -2 -5
51 -2 -8
51 -2 -10
51 -3 0
51 -3 -1
51 -3 -2
51 -3 -3
51 -3 -6
51 -3 -7
51 -3 -9
51 -3 -10
51 -3 -11
51 -4 -4
51 -4 -5
51 -4 -7
51 -4 -8
51 -4 -11
51 -4 -12
51 -5 0
51 -5 -2
51 -5 -3
51 -5 -5
51 -5 -6
51 -5 -8
51 -5 -10
51 -5 -11
51 -6 -1
51 -6 -2
51 -6 -5
51 -6 -7
51 -6 -9
51 -7 -1
51 -7 -3
51 -7 -4
51 -7 -5
51 -7 -9
51 -7 -10
51 -8 0
51 -8 -5
51 -8 -6
51 -8 -7
51 -8 -9
51 -8 -10
51 -8 -12
51 -9 -1
51 -9 -2
51 -9 -3
51 -9 -5
51 -9 -6
51 -9 -8
51 -9 -9
51 -9 -10
51 -9 -12
51 -10 0
51 -10 -1
51 -10 -2
51 -10 -3
51 -10 -8
51 -10 -9
51 -10 -11
51 -10 -12
51 -11 0
51 -11 -1
51 -11 -3
51 -11 -5
51 -11 -6
51 -11 -7
51 -11 -8
51 -11 -9
51 -11 -10
51 -11 -11
51 -11 -12
51 -12 0
51 -12 -1
51 -12 -2
51 -12 -3
51 -12 -4
51 -12 -6
51 -12 -9
51 -12 -10
52 0 0
52 0 -4
52 0 -5
52 0 -7
52 0 -8
52 0 -9
52 0 -11
52 0 -12
52 -1 -1
52 -1 -4
52 -1 -6
52 -1 -7
52 -1 -11
52 -2 -1
52 -2 -2
52 -2 -5
52 -2 -8
52 -2 -10
52 -3 0
52 -3 -1
52 -3 -2
52 -3 -3
52 -3 -6
52 -3 -7
52 -3 -9
52 -3 -10
52 -3 -11
52 -4 -4
52 -4 -5
52 -4 -7
52 -4 -8
52 -4 -11
52 -4 -12
52 -5 0
52 -5 -2
52 -5 -3
52 -5 -5
52 -5 -6
52 -5 -8
52 -5 -10
52 -5 -11
52 -6 -1
52 -6 -2
52 -6 -5
52 -6 -7
52 -6 -9
52 -7 -1
52 -7 -3
52 -7 -4
52 -7 -5
52 -7 -9
52 -7 -10
52 -8 0
52 -8 -5
52 -8 -6
52 -8 -7
52 -8 -9
52 -8 -10
52 -8 -12
52 -9 -1
52 -9 -2
52 -9 -3
52 -9 -5
52 -9 -6
52 -9 -8
52 -9 -9
52 -9 -10
52 -9 -12
52 -10 0
52 -10 -1
52 -10 -2
52 -10 -3
52 -10 -8
52 -10 -9
52 -10 -11
52 -10 -12
52 -11 0
52 -11 -1
52 -11 -3
52 -11 -5
52 -11 -6
52 -11 -7
52 -11 -8
52 -11 -9
52 -11 -10
52 -11 -11
52 -11 -12
52 -12 0
52 -12 -1
52 -12 -2
52 -12 -3
52 -12 -4
52 -12 -6
52 -12 -9
52 -12 -10
53 0 0
53 0 -4
53 0 -5
53 0 -7
53 0 -8
53 0 -9
53 0 -11
53 0 -12
53 -1 -1
53 -1 -4
53 -1 -6
53 -1 -7
53 -1 -11
53 -2 -1
53 -2 -2
53 -2 -5
53 -2 -8
53 -2 -10
53 -3 0
53 -3 -1
53 -3 -2
53 -3 -3
53 -3 -6
53 -3 -7
53 -3 -9
53 -3 -10
53 -3 -11
53 -4 -4
53 -4 -5
53 -4 -7
53 -4 -8
53 -4 -11
53 -4 -12
53 -5 0
53 -5 -2
53 -5 -3
53 -5 -5
53 -5 -6
53 -5 -8
53 -5 -10
53 -5 -11
53 -6 -1
53 -6 -2
53 -6 -5
53 -6 -7
53 -6 -9
53 -7 -1
53 -7 -3
53 -7 -4
53 -7 -5
53 -7 -9
53 -7 -10
53 -8 0
53 -8 -5
53 -8 -6
53 -8 -7
53 -8 -9
53 -8 -10
53 -8 -12
53 -9 -1
53 -9 -2
53 -9 -3
53 -9 -5
53 -9 -6
53 -9 -8
53 -9 -9
53 -9 -10
53 -9 -12
53 -10 0
53 -10 -1
53 -10 -2
53 -10 -3
53 -10 -8
53 -10 -9
53 -10 -11
53 -10 -12
53 -11 0
53 -11 -1
53 -11 -3
53 -11 -5
53 -11 -6
53 -11 -7
53 -11 -8
53 -11 -9
53 -11 -10
53 -11 -11
53 -11 -12
53 -12 0
53 -12 -1
53 -12 -2
53 -12 -3
53 -12 -4
53 -12 -6
53 -12 -9
53 -12 -10
54 0 0
54 0 -4
54 0 -5
54 0 -7
54 0 -8
54 0 -9
54 0 -11
54 0 -12
54 -1 -1
54 -1 -4
54 -1 -6
54 -1 -7
54 -1 -11
54 -2 -1
54 -2 -2
54 -2 -5
54 -2 -8
54 -2 -10
54 -3 0
54 -3 -1
54 -3 -2
54 -3 -3
54 -3 -6
54 -3 -7
54 -3 -9
54 -3 -10
54 -3 -11
54 -4 -4
54 -4 -5
54 -4 -7
54 -4 -8
54 -4 -11
54 -4 -12
54 -5 0
54 -5 -2
54 -5 -3
54 -5 -5
54 -5 -6
54 -5 -8
54 -5 -10
54 -5 -11
54 -6 -1
54 -6 -2
54 -6 -5
54 -6 -7
54 -6 -9
54 -7 -1
54 -7 -3
54 -7 -4
54 -7 -5
54 -7 -9
54 -7 -10
54 -8 0
54 -8 -5
54 -8 -6
54 -8 -7
54 -8 -9
54 -8 -10
54 -8 -12
54 -9 -1
54 -9 -2
54 -9 -3
54 -9 -5
54 -9 -6
54 -9 -8
54 -9 -9
54 -9 -10
54 -9 -12
54 -10 0
54 -10 -1
54 -10 -2
54 -10 -3
54 -10 -8
54 -10 -9
54 -10 -11
54 -10 -12
54 -11 0
54 -11 -1
54 -11 -3
54 -11 -5
54 -11 -6
54 -11 -7
54 -11 -8
54 -11 -9
54 -11 -10
54 -11 -11
54 -11 -12
54 -12 0
54 -12 -1
54 -12 -2
54 -12 -3
54 -12 -4
54 -12 -6
54 -12 -9
54 -12 -10
55 0 0
55 0 -4
55 0 -5
55 0 -7
55 0 -8
55 0 -9
55 0 -11
55 0 -12
55 -1 -1
55 -1 -4
55 -1 -6
55 -1 -7
55 -1 -11
55 -2 -1
55 -2 -2
55 -2 -5
55 -2 -8
55 -2 -10
55 -3 0
55 -3 -1
55 -3 -2
55 -3 -3
55 -3 -6
55 -3 -7
55 -3 -9
55 -3 -10
55 -3 -11
55 -4 -4
55 -4 -5
55 -4 -7
55 -4 -8
55 -4 -11
55 -4 -12
55 -5 0
55 -5 -2
55 -5 -3
55 -5 -5
55 -5 -6
55 -5 -8
55 -5 -10
55 -5 -11
55 -6 -1
55 -6 -2
55 -6 -5
55 -6 -7
55 -6 -9
55 -7 -1
55 -7 -3
55 -7 -4
55 -7 -5
55 -7 -9
55 -7 -10
55 -8 0
55 -8 -5
55 -8 -6
55 -8 -7
55 -8 -9
55 -8 -10
55 -8 -12
55 -9 -1
55 -9 -2
55 -9 -3
55 -9 -5
55 -9 -6
55 -9 -8
55 -9 -9
55 -9 -10
55 -9 -12
55 -10 0
55 -10 -1
55 -10 -2
55 -10 -3
55 -10 -8
55 -10 -9
55 -10 -11
55 -10 -12
55 -11 0
55 -11 -1
55 -11 -3
55 -11 -5
55 -11 -6
55 -11 -7
55 -11 -8
55 -11 -9
55 -11 -10
55 -11 -11
55 -11 -12
55 -12 0
55 -12 -1
55 -12 -2
55 -12 -3
55 -12 -4
55 -12 -6
55 -12 -9
55 -12 -10
56 0 0
56 0 -4
56 0 -5
56 0 -7
56 0 -8
56 0 -9
56 0 -11
56 0 -12
56 -1 -1
56 -1 -4
56 -1 -6
56 -1 -7
56 -1 -11
56 -2 -1
56 -2 -2
56 -2 -5
56 -2 -8
56 -2 -10
56 -3 0
56 -3 -1
56 -3 -2
56 -3 -3
56 -3 -6
56 -3 -7
56 -3 -9
56 -3 -10
56 -3 -11
56 -4 -4
56 -4 -5
56 -4 -7
56 -4 -8
56 -4 -11
56 -4 -12
56 -5 0
56 -5 -2
56 -5 -3
56 -5 -5
56 -5 -6
56 -5 -8
56 -5 -10
56 -5 -11
56 -6 -1
56 -6 -2
56 -6 -5
56 -6 -7
56 -6 -9
56 -7 -1
56 -7 -3
56 -7 -4
56 -7 -5
56 -7 -9
56 -7 -10
56 -8 0
56 -8 -5
56 -8 -6
56 -8 -7
56 -8 -9
56 -8 -10
56 -8 -12
56 -9 -1
56 -9 -2
56 -9 -3
56 -9 -5
56 -9 -6
56 -9 -8
56 -9 -9
56 -9 -10
56 -9 -12
56 -10 0
56 -10 -1
56 -10 -2
56 -10 -3
56 -10 -8
56 -10 -9
56 -10 -11
56 -10 -12
56 -11 0
56 -11 -1
56 -11 -3
56 -11 -5
56 -11 -6
56 -11 -7
56 -11 -8
56 -11 -9
56 -11 -10
56 -11 -11
56 -11 -12
56 -12 0
56 -12 -1
56 -12 -2
56 -12 -3
56 -12 -4
56 -12 -6
56 -12 -9
56 -12 -10
57 0 0
57 0 -4
57 0 -5
57 0 -7
57 0 -8
57 0 -9
57 0 -11
57 0 -12
57 -1 -1
57 -1 -4
57 -1 -6
57 -1 -7
57 -1 -11
57 -2 -1
57 -2 -2
57 -2 -5
57 -2 -8
57 -2 -10
57 -3 0
57 -3 -1
57 -3 -2
57 -3 -3
57 -3 -6
57 -3 -7
57 -3 -9
57 -3 -10
57 -3 -11
57 -4 -4
57 -4 -5
57 -4 -7
57 -4 -8
57 -4 -11
57 -4 -12
57 -5 0
57 -5 -2
57 -5 -3
57 -5 -5
57 -5 -6
57 -5 -8
57 -5 -10
57 -5 -11
57 -6 -1
57 -6 -2
57 -6 -5
57 -6 -7
57 -6 -9
57 -7 -1
57 -7 -3
57 -7 -4
57 -7 -5
57 -7 -9
57 -7 -10
57 -8 0
57 -8 -5
57 -8 -6
57 -8 -7
57 -8 -9
57 -8 -10
57 -8 -12
57 -9 -1
57 -9 -2
57 -9 -3
57 -9 -5
57 -9 -6
57 -9 -8
57 -9 -9
57 -9 -10
57 -9 -12
57 -10 0
57 -10 -1
57 -10 -2
57 -10 -3
57 -10 -8
57 -10 -9
57 -10 -11
57 -10 -12
57 -11 0
57 -11 -1
57 -11 -3
57 -11 -5
57 -11 -6
57 -11 -7
57 -11 -8
57 -11 -9
57 -11 -10
57 -11 -11
57 -11 -12
57 -12 0
57 -12 -1
57 -12 -2
57 -12 -3
57 -12 -4
57 -12 -6
57 -12 -9
57 -12 -10
58 0 0
58 0 -4
58 0 -5
58 0 -7
58 0 -8
58 0 -9
58 0 -11
58 0 -12
58 -1 -1
58 -1 -4
58 -1 -6
58 -1 -7
58 -1 -11
58 -2 -1
58 -2 -2
58 -2 -5
58 -2 -8
58 -2 -10
58 -3 0
58 -3 -1
58 -3 -2
58 -3 -3
58 -3 -6
58 -3 -7
58 -3 -9
58 -3 -10
58 -3 -11
58 -4 -4
58 -4 -5
58 -4 -7
58 -4 -8
58 -4 -11
58 -4 -12
58 -5 0
58 -5 -2
58 -5 -3
58 -5 -5
58 -5 -6
58 -5 -8
58 -5 -10
58 -5 -11
58 -6 -1
58 -6 -2
58 -6 -5
58 -6 -7
58 -6 -9
58 -7 -1
58 -7 -3
58 -7 -4
58 -7 -5
58 -7 -9
58 -7 -10
58 -8 0
58 -8 -5
58 -8 -6
58 -8 -7
58 -8 -9
58 -8 -10
58 -8 -12
58 -9 -1
58 -9 -2
58 -9 -3
58 -9 -5
58 -9 -6
58 -9 -8
58 -9 -9
58 -9 -10
58 -9 -12
58 -10 0
58 -10 -1
58 -10 -2
58 -10 -3
58 -10 -8
58 -10 -9
58 -10 -11
58 -10 -12
58 -11 0
58 -11 -1
58 -11 -3
58 -11 -5
58 -11 -6
58 -11 -7
58 -11 -8
58 -11 -9
58 -11 -10
58 -11 -11
58 -11 -12
58 -12 0
58 -12 -1
58 -12 -2
58 -12 -3
58 -12 -4
58 -12 -6
58 -12 -9
58 -12 -10
59 0 0
59 0 -4
59 0 -5
59 0 -7
59 0 -8
59 0 -9
59 0 -11
59 0 -12
59 -1 -1
59 -1 -4
59 -1 -6
59 -1 -7
59 -1 -11
59 -2 -1
59 -2 -2
59 -2 -5
59 -2 -8
59 -2 -10
59 -3 0
59 -3 -1
59 -3 -2
59 -3 -3
59 -3 -6
59 -3 -7
59 -3 -9
59 -3 -10
59 -3 -11
59 -4 -4
59 -4 -5
59 -4 -7
59 -4 -8
59 -4 -11
59 -4 -12
59 -5 0
59 -5 -2
59 -5 -3
59 -5 -5
59 -5 -6
59 -5 -8
59 -5 -10
59 -5 -11
59 -6 -1
59 -6 -2
59 -6 -5
59 -6 -7
59 -6 -9
59 -7 -1
59 -7 -3
59 -7 -4
59 -7 -5
59 -7 -9
59 -7 -10
59 -8 0
59 -8 -5
59 -8 -6
59 -8 -7
59 -8 -9
59 -8 -10
59 -8 -12
59 -9 -1
59 -9 -2
59 -9 -3
59 -9 -5
59 -9 -6
59 -9 -8
59 -9 -9
59 -9 -10
59 -9 -12
59 -10 0
59 -10 -1
59 -10 -2
59 -10 -3
59 -10 -8
59 -10 -9
59 -10 -11
59 -10 -12
59 -11 0
59 -11 -1
59 -11 -3
59 -11 -5
59 -11 -6
59 -11 -7
59 -11 -8
59 -11 -9
59 -11 -10
59 -11 -11
59 -11 -12
59 -12 0
59 -12 -1
59 -12 -2
59 -12 -3
59 -12 -4
59 -12 -6
59 -12 -9
59 -12 -10
60 0 0
60 0 -4
60 0 -5
60 0 -7
60 0 -8
60 0 -9
60 0 -11
60 0 -12
60 -1 -1
60 -1 -4
60 -1 -6
60 -1 -7
60 -1 -11
60 -2 -1
60 -2 -2
60 -2 -5
60 -2 -8
60 -2 -10
60 -3 0
60 -3 -1
60 -3 -2
60 -3 -3
60 -3 -6
60 -3 -7
60 -3 -9
60 -3 -10
60 -3 -11
60 -4 -4
60 -4 -5
60 -4 -7
60 -4 -8
60 -4 -11
60 -4 -12
60 -5 0
60 -5 -2
60 -5 -3
60 -5 -5
60 -5 -6
60 -5 -8
60 -5 -10
60 -5 -11
60 -6 -1
60 -6 -2
60 -6 -5
60 -6 -7
60 -6 -9
60 -7 -1
60 -7 -3
60 -7 -4
60 -7 -5
60 -7 -9
60 -7 -10
60 -8 0
60 -8 -5
60 -8 -6
60 -8 -7
60 -8 -9
60 -8 -10
60 -8 -12
60 -9 -1
60 -9 -2
60 -9 -3
60 -9 -5
60 -9 -6
60 -9 -8
60 -9 -9
60 -9 -10
60 -9 -12
60 -10 0
60 -10 -1
60 -10 -2
60 -10 -3
60 -10 -8
60 -10 -9
60 -10 -11
60 -10 -12
60 -11 0
60 -11 -1
60 -11 -3
60 -11 -5
60 -11 -6
60 -11 -7
60 -11 -8
60 -11 -9
60 -11 -10
60 -11 -11
60 -11 -12
60 -12 0
60 -12 -1
60 -12 -2
60 -12 -3
60 -12 -4
60 -12 -6
60 -12 -9
60 -12 -10
61 0 0
61 0 -4
61 0 -5
61 0 -7
61 0 -8
61 0 -9
61 0 -11
61 0 -12
61 -1 -1
61 -1 -4
61 -1 -6
61 -1 -7
61 -1 -11
61 -2 -1
61 -2 -2
61 -2 -5
61 -2 -8
61 -2 -10
61 -3 0
61 -3 -1
61 -3 -2
61 -3 -3
61 -3 -6
61 -3 -7
61 -3 -9
61 -3 -10
61 -3 -11
61 -4 -4
61 -4 -5
61 -4 -7
61 -4 -8
61 -4 -11
61 -4 -12
61 -5 0
61 -5 -2
61 -5 -3
61 -5 -5
61 -5 -6
61 -5 -8
61 -5 -10
61 -5 -11
61 -6 -1
61 -6 -2
61 -6 -5
61 -6 -7
61 -6 -9
61 -7 -1
61 -7 -3
61 -7 -4
61 -7 -5
61 -7 -9
61 -7 -10
61 -8 0
61 -8 -5
61 -8 -6
61 -8 -7
61 -8 -9
61 -8 -10
61 -8 -12
61 -9 -1
61 -9 -2
61 -9 -3
61 -9 -5
61 -9 -6
61 -9 -8
61 -9 -9
61 -9 -10
61 -9 -12
61 -10 0
61 -10 -1
61 -10 -2
61 -10 -3
61 -10 -8
61 -10 -9
61 -10 -11
61 -10 -12
61 -11 0
61 -11 -1
61 -11 -3
61 -11 -5
61 -11 -6
61 -11 -7
61 -11 -8
61 -11 -9
61 -11 -10
61 -11 -11
61 -11 -12
61 -12 0
61 -12 -1
61 -12 -2
61 -12 -3
61 -12 -4
61 -12 -6
61 -12 -9
61 -12 -10
62 0 0
62 0 -4
62 0 -5
62 0 -7
62 0 -8
62 0 -9
62 0 -11
62 0 -12
62 -1 -1
62 -1 -4
62 -1 -6
62 -1 -7
62 -1 -11
62 -2 -1
62 -2 -2
62 -2 -5
62 -2 -8
62 -2 -10
62 -3 0
62 -3 -1
62 -3 -2
62 -3 -3
62 -3 -6
62 -3 -7
62 -3 -9
62 -3 -10
62 -3 -11
62 -4 -4
62 -4 -5
62 -4 -7
62 -4 -8
62 -4 -11
62 -4 -12
62 -5 0
62 -5 -2
62 -5 -3
62 -5 -5
62 -5 -6
62 -5 -8
62 -5 -10
62 -5 -11
62 -6 -1
62 -6 -2
62 -6 -5
62 -6 -7
62 -6 -9
62 -7 -1
62 -7 -3
62 -7 -4
62 -7 -5
62 -7 -9
62 -7 -10
62 -8 0
62 -8 -5
62 -8 -6
62 -8 -7
62 -8 -9
62 -8 -10
62 -8 -12
62 -9 -1
62 -9 -2
62 -9 -3
62 -9 -5
62 -9 -6
62 -9 -8
62 -9 -9
62 -9 -10
62 -9 -12
62 -10 0
62 -10 -1
62 -10 -2
62 -10 -3
62 -10 -8
62 -10 -9
62 -10 -11
62 -10 -12
62 -11 0
62 -11 -1
62 -11 -3
62 -11 -5
62 -11 -6
62 -11 -7
62 -11 -8
62 -11 -9
62 -11 -10
62 -11 -11
62 -11 -12
62 -12 0
62 -12 -1
62 -12 -2
62 -12 -3
62 -12 -4
62 -12 -6
62 -12 -9
62 -12 -10
63 0 0
63 0 -4
63 0 -5
63 0 -7
63 0 -8
63 0 -9
63 0 -11
63 0 -12
63 -1 -1
63 -1 -4
63 -1 -6
63 -1 -7
63 -1 -11
63 -2 -1
63 -2 -2
63 -2 -5
63 -2 -8
63 -2 -10
63 -3 0
63 -3 -1
63 -3 -2
63 -3 -3
63 -3 -6
63 -3 -7
63 -3 -9
63 -3 -10
63 -3 -11
63 -4 -4
63 -4 -5
63 -4 -7
63 -4 -8
63 -4 -11
63 -4 -12
63 -5 0
63 -5 -2
63 -5 -3
63 -5 -5
63 -5 -6
63 -5 -8
63 -5 -10
63 -5 -11
63 -6 -1
63 -6 -2
63 -6 -5
63 -6 -7
63 -6 -9
63 -7 -1
63 -7 -3
63 -7 -4
63 -7 -5
63 -7 -9
63 -7 -10
63 -8 0
63 -8 -5
63 -8 -6
63 -8 -7
63 -8 -9
63 -8 -10
63 -8 -12
63 -9 -1
63 -9 -2
63 -9 -3
63 -9 -5
63 -9 -6
63 -9 -8
63 -9 -9
63 -9 -10
63 -9 -12
63 -10 0
63 -10 -1
63 -10 -2
63 -10 -3
63 -10 -8
63 -10 -9
63 -10 -11
63 -10 -12
63 -11 0
63 -11 -1
63 -11 -3
63 -11 -5
63 -11 -6
63 -11 -7
63 -11 -8
63 -11 -9
63 -11 -10
63 -11 -11
63 -11 -12
63 -12 0
63 -12 -1
63 -12 -2
63 -12 -3
63 -12 -4
63 -12 -6
63 -12 -9
63 -12 -10
64 0 0
64 0 -4
64 0 -5
64 0 -7
64 0 -8
64 0 -9
64 0 -11
64 0 -12
64 -1 -1
64 -1 -4
64 -1 -6
64 -1 -7
64 -1 -11
64 -2 -1
64 -2 -2
64 -2 -5
64 -2 -8
64 -2 -10
64 -3 0
64 -3 -1
64 -3 -2
64 -3 -3
64 -3 -6
64 -3 -7
64 -3 -9
64 -3 -10
64 -3 -11
64 -4 -4
64 -4 -5
64 -4 -7
64 -4 -8
64 -4 -11
64 -4 -12
64 -5 0
64 -5 -2
64 -5 -3
64 -5 -5
64 -5 -6
64 -5 -8
64 -5 -10
64 -5 -11
64 -6 -1
64 -6 -2
64 -6 -5
64 -6 -7
64 -6 -9
64 -7 -1
64 -7 -3
64 -7 -4
64 -7 -5
64 -7 -9
64 -7 -10
64 -8 0
64 -8 -5
64 -8 -6
64 -8 -7
64 -8 -9
64 -8 -10
64 -8 -12
64 -9 -1
64 -9 -2
64 -9 -3
64 -9 -5
64 -9 -6
64 -9 -8
64 -9 -9
64 -9 -10
64 -9 -12
64 -10 0
64 -10 -1
64 -10 -2
64 -10 -3
64 -10 -8
64 -10 -9
64 -10 -11
64 -10 -12
64 -11 0
64 -11 -1
64 -11 -3
64 -11 -5
64 -11 -6
64 -11 -7
64 -11 -8
64 -11 -9
64 -11 -10
64 -11 -11
64 -11 -12
64 -12 0
64 -12 -1
64 -12 -2
64 -12 -3
64 -12 -4
64 -12 -6
64 -12 -9
64 -12 -10
65 0 0
65 0 -4
65 0 -5
65 0 -7
65 0 -8
65 0 -9
65 0 -11
65 0 -12
65 -1 -1
65 -1 -4
65 -1 -6
65 -1 -7
65 -1 -11
65 -2 -1
65 -2 -2
65 -2 -5
65 -2 -8
65 -2 -10
65 -3 0
65 -3 -1
65 -3 -2
65 -3 -3
65 -3 -6
65 -3 -7
65 -3 -9
65 -3 -10
65 -3 -11
65 -4 -4
65 -4 -5
65 -4 -7
65 -4 -8
65 -4 -11
65 -4 -12
65 -5 0
65 -5 -2
65 -5 -3
65 -5 -5
65 -5 -6
65 -5 -8
65 -5 -10
65 -5 -11
65 -6 -1
65 -6 -2
65 -6 -5
65 -6 -7
65 -6 -9
65 -7 -1
65 -7 -3
65 -7 -4
65 -7 -5
65 -7 -9
65 -7 -10
65 -8 0
65 -8 -5
65 -8 -6
65 -8 -7
65 -8 -9
65 -8 -10
65 -8 -12
65 -9 -1
65 -9 -2
65 -9 -3
65 -9 -5
65 -9 -6
65 -9 -8
65 -9 -9
65 -9 -10
65 -9 -12
65 -10 0
65 -10 -1
65 -10 -2
65 -10 -3
65 -10 -8
65 -10 -9
65 -10 -11
65 -10 -12
65 -11 0
65 -11 -1
65 -11 -3
65 -11 -5
65 -11 -6
65 -11 -7
65 -11 -8
65 -11 -9
65 -11 -10
65 -11 -11
65 -11 -12
65 -12 0
65 -12 -1
65 -12 -2
65 -12 -3
65 -12 -4
65 -12 -6
65 -12 -9
65 -12 -10
66 0 0
66 0 -4
66 0 -5
66 0 -7
66 0 -8
66 0 -9
66 0 -11
66 0 -12
66 -1 -1
66 -1 -4
66 -1 -6
66 -1 -7
66 -1 -11
66 -2 -1
66 -2 -2
66 -2 -5
66 -2 -8
66 -2 -10
66 -3 0
66 -3 -1
66 -3 -2
66 -3 -3
66 -3 -6
66 -3 -7
66 -3 -9
66 -3 -10
66 -3 -11
66 -4 -4
66 -4 -5
66 -4 -7
66 -4 -8
66 -4 -11
66 -4 -12
66 -5 0
66 -5 -2
66 -5 -3
66 -5 -5
66 -5 -6
66 -5 -8
66 -5 -10
66 -5 -11
66 -6 -1
66 -6 -2
66 -6 -5
66 -6 -7
66 -6 -9
66 -7 -1
66 -7 -3
66 -7 -4
66 -7 -5
66 -7 -9
66 -7 -10
66 -8 0
66 -8 -5
66 -8 -6
66 -8 -7
66 -8 -9
66 -8 -10
66 -8 -12
66 -9 -1
66 -9 -2
66 -9 -3
66 -9 -5
66 -9 -6
66 -9 -8
66 -9 -9
66 -9 -10
66 -9 -12
66 -10 0
66 -10 -1
66 -10 -2
66 -10 -3
66 -10 -8
66 -10 -9
66 -10 -11
66 -10 -12
66 -11 0
66 -11 -1
66 -11 -3
66 -11 -5
66 -11 -6
66 -11 -7
66 -11 -8
66 -11 -9
66 -11 -10
66 -11 -11
66 -11 -12
66 -12 0
66 -12 -1
66 -12 -2
66 -12 -3
66 -12 -4
66 -12 -6
66 -12 -9
66 -12 -10
67 0 0
67 0 -4
67 0 -5
67 0 -7
67 0 -8
67 0 -9
67 0 -11
67 0 -12
67 -1 -1
67 -1 -4
67 -1 -6
67 -1 -7
67 -1 -11
67 -2 -1
67 -2 -2
67 -2 -5
67 -2 -8
67 -2 -10
67 -3 0
67 -3 -1
67 -3 -2
67 -3 -3
67 -3 -6
67 -3 -7
67 -3 -9
67 -3 -10
67 -3 -11
67 -4 -4
67 -4 -5
67 -4 -7
67 -4 -8
67 -4 -11
67 -4 -12
67 -5 0
67 -5 -2
67 -5 -3
67 -5 -5
67 -5 -6
67 -5 -8
67 -5 -10
67 -5 -11
67 -6 -1
67 -6 -2
67 -6 -5
67 -6 -7
67 -6 -9
67 -7 -1
67 -7 -3
67 -7 -4
67 -7 -5
67 -7 -9
67 -7 -10
67 -8 0
67 -8 -5
67 -8 -6
67 -8 -7
67 -8 -9
67 -8 -10
67 -8 -12
67 -9 -1
67 -9 -2
67 -9 -3
67 -9 -5
67 -9 -6
67 -9 -8
67 -9 -9
67 -9 -10
67 -9 -12
67 -10 0
67 -10 -1
67 -10 -2
67 -10 -3
67 -10 -8
67 -10 -9
67 -10 -11
67 -10 -12
67 -11 0
67 -11 -1
67 -11 -3
67 -11 -5
67 -11 -6
67 -11 -7
67 -11 -8
67 -11 -9
67 -11 -10
67 -11 -11
67 -11 -12
67 -12 0
67 -12 -1
67 -12 -2
67 -12 -3
67 -12 -4
67 -12 -6
67 -12 -9
67 -12 -10
68 0 0
68 0 -4
68 0 -5
68 0 -7
68 0 -8
68 0 -9
68 0 -11
68 0 -12
68 -1 -1
68 -1 -4
68 -1 -6
68 -1 -7
68 -1 -11
68 -2 -1
68 -2 -2
68 -2 -5
68 -2 -8
68 -2 -10
68 -3 0
68 -3 -1
68 -3 -2
68 -3 -3
68 -3 -6
68 -3 -7
68 -3 -9
68 -3 -10
68 -3 -11
68 -4 -4
68 -4 -5
68 -4 -7
68 -4 -8
68 -4 -11
68 -4 -12
68 -5 0
68 -5 -2
68 -5 -3
68 -5 -5
68 -5 -6
68 -5 -8
68 -5 -10
68 -5 -11
68 -6 -1
68 -6 -2
68 -6 -5
68 -6 -7
68 -6 -9
68 -7 -1
68 -7 -3
68 -7 -4
68 -7 -5
68 -7 -9
68 -7 -10
68 -8 0
68 -8 -5
68 -8 -6
68 -8 -7
68 -8 -9
68 -8 -10
68 -8 -12
68 -9 -1
68 -9 -2
68 -9 -3
68 -9 -5
68 -9 -6
68 -9 -8
68 -9 -9
68 -9 -10
68 -9 -12
68 -10 0
68 -10 -1
68 -10 -2
68 -10 -3
68 -10 -8
68 -10 -9
68 -10 -11
68 -10 -12
68 -11 0
68 -11 -1
68 -11 -3
68 -11 -5
68 -11 -6
68 -11 -7
68 -11 -8
68 -11 -9
68 -11 -10
68 -11 -11
68 -11 -12
68 -12 0
68 -12 -1
68 -12 -2
68 -12 -3
68 -12 -4
68 -12 -6
68 -12 -9
68 -12 -10
69 0 0
69 0 -4
69 0 -5
69 0 -7
69 0 -8
69 0 -9
69 0 -11
69 0 -12
69 -1 -1
69 -1 -4
69 -1 -6
69 -1 -7
69 -1 -11
69 -2 -1
69 -2 -2
69 -2 -5
69 -2 -8
69 -2 -10
69 -3 0
69 -3 -1
69 -3 -2
69 -3 -3
69 -3 -6
69 -3 -7
69 -3 -9
69 -3 -10
69 -3 -11
69 -4 -4
69 -4 -5
69 -4 -7
69 -4 -8
69 -4 -11
69 -4 -12
69 -5 0
69 -5 -2
69 -5 -3
69 -5 -5
69 -5 -6
69 -5 -8
69 -5 -10
69 -5 -11
69 -6 -1
69 -6 -2
69 -6 -5
69 -6 -7
69 -6 -9
69 -7 -1
69 -7 -3
69 -7 -4
69 -7 -5
69 -7 -9
69 -7 -10
69 -8 0
69 -8 -5
69 -8 -6
69 -8 -7
69 -8 -9
69 -8 -10
69 -8 -12
69 -9 -1
69 -9 -2
69 -9 -3
69 -9 -5
69 -9 -6
69 -9 -8
69 -9 -9
69 -9 -10
69 -9 -12
69 -10 0
69 -10 -1
69 -10 -2
69 -10 -3
69 -10 -8
69 -10 -9
69 -10 -11
69 -10 -12
69 -11 0
69 -11 -1
69 -11 -3
69 -11 -5
69 -11 -6
69 -11 -7
69 -11 -8
69 -11 -9
69 -11 -10
69 -11 -11
69 -11 -12
69 -12 0
69 -12 -1
69 -12 -2
69 -12 -3
69 -12 -4
69 -12 -6
69 -12 -9
69 -12 -10
70 0 0
70 0 -4
70 0 -5
70 0 -7
70 0 -8
70 0 -9
70 0 -11
70 0 -12
70 -1 -1
70 -1 -4
70 -1 -6
70 -1 -7
70 -1 -11
70 -2 -1
70 -2 -2
70 -2 -5
70 -2 -8
70 -2 -10
70 -3 0
70 -3 -1
70 -3 -2
70 -3 -3
70 -3 -6
70 -3 -7
70 -3 -9
70 -3 -10
70 -3 -11
70 -4 -4
70 -4 -5
70 -4 -7
70 -4 -8
70 -4 -11
70 -4 -12
70 -5 0
70 -5 -2
70 -5 -3
70 -5 -5
70 -5 -6
70 -5 -8
70 -5 -10
70 -5 -11
70 -6 -1
70 -6 -2
70 -6 -5
70 -6 -7
70 -6 -9
70 -7 -1
70 -7 -3
70 -7 -4
70 -7 -5
70 -7 -9
70 -7 -10
70 -8 0
70 -8 -5
70 -8 -6
70 -8 -7
70 -8 -9
70 -8 -10
70 -8 -12
70 -9 -1
70 -9 -2
70 -9 -3
70 -9 -5
70 -9 -6
70 -9 -8
70 -9 -9
70 -9 -10
70 -9 -12
70 -10 0
70 -10 -1
70 -10 -2
70 -10 -3
70 -10 -8
70 -10 -9
70 -10 -11
70 -10 -12
70 -11 0
70 -11 -1
70 -11 -3
70 -11 -5
70 -11 -6
70 -11 -7
70 -11 -8
70 -11 -9
70 -11 -10
70 -11 -11
70 -11 -12
70 -12 0
70 -12 -1
70 -12 -2
70 -12 -3
70 -12 -4
70 -12 -6
70 -12 -9
70 -12 -10
71 0 0
71 0 -4
71 0 -5
71 0 -7
71 0 -8
71 0 -9
71 0 -11
71 0 -12
71 -1 -1
71 -1 -4
71 -1 -6
71 -1 -7
71 -1 -11
71 -2 -1
71 -2 -2
71 -2 -5
71 -2 -8
71 -2 -10
71 -3 0
71 -3 -1
71 -3 -2
71 -3 -3
71 -3 -6
71 -3 -7
71 -3 -9
71 -3 -10
71 -3 -11
71 -4 -4
71 -4 -5
71 -4 -7
71 -4 -8
71 -4 -11
71 -4 -12
71 -5 0
71 -5 -2
71 -5 -3
71 -5 -5
71 -5 -6
71 -5 -8
71 -5 -10
71 -5 -11
71 -6 -1
71 -6 -2
71 -6 -5
71 -6 -7
71 -6 -9
71 -7 -1
71 -7 -3
71 -7 -4
71 -7 -5
71 -7 -9
71 -7 -10
71 -8 0
71 -8 -5
71 -8 -6
71 -8 -7
71 -8 -9
71 -8 -10
71 -8 -12
71 -9 -1
71 -9 -2
71 -9 -3
71 -9 -5
71 -9 -6
71 -9 -8
71 -9 -9
71 -9 -10
71 -9 -12
71 -10 0
71 -10 -1
71 -10 -2
71 -10 -3
71 -10 -8
71 -10 -9
71 -10 -11
71 -10 -12
71 -11 0
71 -11 -1
71 -11 -3
71 -11 -5
71 -11 -6
71 -11 -7
71 -11 -8
71 -11 -9
71 -11 -10
71 -11 -11
71 -11 -12
71 -12 0
71 -12 -1
71 -12 -2
71 -12 -3
71 -12 -4
71 -12 -6
71 -12 -9
71 -12 -10
72 0 0
72 0 -4
72 0 -5
72 0 -7
72 0 -8
72 0 -9
72 0 -11
72 0 -12
72 -1 -1
72 -1 -4
72 -1 -6
72 -1 -7
72 -1 -11
72 -2 -1
72 -2 -2
72 -2 -5
72 -2 -8
72 -2 -10
72 -3 0
72 -3 -1
72 -3 -2
72 -3 -3
72 -3 -6
72 -3 -7
72 -3 -9
72 -3 -10
72 -3 -11
72 -4 -4
72 -4 -5
72 -4 -7
72 -4 -8
72 -4 -11
72 -4 -12
72 -5 0
72 -5 -2
72 -5 -3
72 -5 -5
72 -5 -6
72 -5 -8
72 -5 -10
72 -5 -11
72 -6 -1
72 -6 -2
72 -6 -5
72 -6 -7
72 -6 -9
72 -7 -1
72 -7 -3
72 -7 -4
72 -7 -5
72 -7 -9
72 -7 -10
72 -8 0
72 -8 -5
72 -8 -6
72 -8 -7
72 -8 -9
72 -8 -10
72 -8 -12
72 -9 -1
72 -9 -2
72 -9 -3
72 -9 -5
72 -9 -6
72 -9 -8
72 -9 -9
72 -9 -10
72 -9 -12
72 -10 0
72 -10 -1
72 -10 -2
72 -10 -3
72 -10 -8
72 -10 -9
72 -10 -11
72 -10 -12
72 -11 0
72 -11 -1
72 -11 -3
72 -11 -5
72 -11 -6
72 -11 -7
72 -11 -8
72 -11 -9
72 -11 -10
72 -11 -11
72 -11 -12
72 -12 0
72 -12 -1
72 -12 -2
72 -12 -3
72 -12 -4
72 -12 -6
72 -12 -9
72 -12 -10
73 0 0
73 0 -4
73 0 -5
73 0 -7
73 0 -8
73 0 -9
73 0 -11
73 0 -12
73 -1 -1
73 -1 -4
73 -1 -6
73 -1 -7
73 -1 -11
73 -2 -1
73 -2 -2
73 -2 -5
73 -2 -8
73 -2 -10
73 -3 0
73 -3 -1
73 -3 -2
73 -3 -3
73 -3 -6
73 -3 -7
73 -3 -9
73 -3 -10
73 -3 -11
73 -4 -4
73 -4 -5
73 -4 -7
73 -4 -8
73 -4 -11
73 -4 -12
73 -5 0
73 -5 -2
73 -5 -3
73 -5 -5
73 -5 -6
73 -5 -8
73 -5 -10
73 -5 -11
73 -6 -1
73 -6 -2
73 -6 -5
73 -6 -7
73 -6 -9
73 -7 -1
73 -7 -3
73 -7 -4
73 -7 -5
73 -7 -9
73 -7 -10
73 -8 0
73 -8 -5
73 -8 -6
73 -8 -7
73 -8 -9
73 -8 -10
73 -8 -12
73 -9 -1
73 -9 -2
73 -9 -3
73 -9 -5
73 -9 -6
73 -9 -8
73 -9 -9
73 -9 -10
73 -9 -12
73 -10 0
73 -10 -1
73 -10 -2
73 -10 -3
73 -10 -8
73 -10 -9
73 -10 -11
73 -10 -12
73 -11 0
73 -11 -1
73 -11 -3
73 -11 -5
73 -11 -6
73 -11 -7
73 -11 -8
73 -11 -9
73 -11 -10
73 -11 -11
73 -11 -12
73 -12 0
73 -12 -1
73 -12 -2
73 -12 -3
73 -12 -4
73 -12 -6
73 -12 -9
73 -12 -10
74 0 0
74 0 -4
74 0 -5
74 0 -7
74 0 -8
74 0 -9
74 0 -11
74 0 -12
74 -1 -1
74 -1 -4
74 -1 -6
74 -1 -7
74 -1 -11
74 -2 -1
74 -2 -2
74 -2 -5
74 -2 -8
74 -2 -10
74 -3 0
74 -3 -1
74 -3 -2
74 -3 -3
74 -3 -6
74 -3 -7
74 -3 -9
74 -3 -10
74 -3 -11
74 -4 -4
74 -4 -5
74 -4 -7
74 -4 -8
74 -4 -11
74 -4 -12
74 -5 0
74 -5 -2
74 -5 -3
74 -5 -5
74 -5 -6
74 -5 -8
74 -5 -10
74 -5 -11
74 -6 -1
74 -6 -2
74 -6 -5
74 -6 -7
74 -6 -9
74 -7 -1
74 -7 -3
74 -7 -4
74 -7 -5
74 -7 -9
74 -7 -10
74 -8 0
74 -8 -5
74 -8 -6
74 -8 -7
74 -8 -9
74 -8 -10
74 -8 -12
74 -9 -1
74 -9 -2
74 -9 -3
74 -9 -5
74 -9 -6
74 -9 -8
74 -9 -9
74 -9 -10
74 -9 -12
74 -10 0
74 -10 -1
74 -10 -2
74 -10 -3
74 -10 -8
74 -10 -9
74 -10 -11
74 -10 -12
74 -11 0
74 -11 -1
74 -11 -3
74 -11 -5
74 -11 -6
74 -11 -7
74 -11 -8
74 -11 -9
74 -11 -10
74 -11 -11
74 -11 -12
74 -12 0
74 -12 -1
74 -12 -2
74 -12 -3
74 -12 -4
74 -12 -6
74 -12 -9
74 -12 -10
75 0 0
75 0 -4
75 0 -5
75 0 -7
75 0 -8
75 0 -9
75 0 -11
75 0 -12
75 -1 -1
75 -1 -4
75 -1 -6
75 -1 -7
75 -1 -11
75 -2 -1
75 -2 -2
75 -2 -5
75 -2 -8
75 -2 -10
75 -3 0
75 -3 -1
75 -3 -2
75 -3 -3
75 -3 -6
75 -3 -7
75 -3 -9
75 -3 -10
75 -3 -11
75 -4 -4
75 -4 -5
75 -4 -7
75 -4 -8
75 -4 -11
75 -4 -12
75 -5 0
75 -5 -2
75 -5 -3
75 -5 -5
75 -5 -6
75 -5 -8
75 -5 -10
75 -5 -11
75 -6 -1
75 -6 -2
75 -6 -5
75 -6 -7
75 -6 -9
75 -7 -1
75 -7 -3
75 -7 -4
75 -7 -5
75 -7 -9
75 -7 -10
75 -8 0
75 -8 -5
75 -8 -6
75 -8 -7
75 -8 -9
75 -8 -10
75 -8 -12
75 -9 -1
75 -9 -2
75 -9 -3
75 -9 -5
75 -9 -6
75 -9 -8
75 -9 -9
75 -9 -10
75 -9 -12
75 -10 0
75 -10 -1
75 -10 -2
75 -10 -3
75 -10 -8
75 -10 -9
75 -10 -11
75 -10 -12
75 -11 0
75 -11 -1
75 -11 -3
75 -11 -5
75 -11 -6
75 -11 -7
75 -11 -8
75 -11 -9
75 -11 -10
75 -11 -11
75 -11 -12
75 -12 0
75 -12 -1
75 -12 -2
75 -12 -3
75 -12 -4
75 -12 -6
75 -12 -9
75 -12 -10
76 0 0
76 0 -4
76 0 -5
76 0 -7
76 0 -8
76 0 -9
76 0 -11
76 0 -12
76 -1 -1
76 -1 -4
76 -1 -6
76 -1 -7
76 -1 -11
76 -2 -1
76 -2 -2
76 -2 -5
76 -2 -8
76 -2 -10
76 -3 0
76 -3 -1
76 -3 -2
76 -3 -3
76 -3 -6
76 -3 -7
76 -3 -9
76 -3 -10
76 -3 -11
76 -4 -4
76 -4 -5
76 -4 -7
76 -4 -8
76 -4 -11
76 -4 -12
76 -5 0
76 -5 -2
76 -5 -3
76 -5 -5
76 -5 -6
76 -5 -8
76 -5 -10
76 -5 -11
76 -6 -1
76 -6 -2
76 -6 -5
76 -6 -7
76 -6 -9
76 -7 -1
76 -7 -3
76 -7 -4
76 -7 -5
76 -7 -9
76 -7 -10
76 -8 0
76 -8 -5
76 -8 -6
76 -8 -7
76 -8 -9
76 -8 -10
76 -8 -12
76 -9 -1
76 -9 -2
76 -9 -3
76 -9 -5
76 -9 -6
76 -9 -8
76 -9 -9
76 -9 -10
76 -9 -12
76 -10 0
76 -10 -1
76 -10 -2
76 -10 -3
76 -10 -8
76 -10 -9
76 -10 -11
76 -10 -12
76 -11 0
76 -11 -1
76 -11 -3
76 -11 -5
76 -11 -6
76 -11 -7
76 -11 -8
76 -11 -9
76 -11 -10
76 -11 -11
76 -11 -12
76 -12 0
76 -12 -1
76 -12 -2
76 -12 -3
76 -12 -4
76 -12 -6
76 -12 -9
76 -12 -10
77 0 0
77 0 -4
77 0 -5
77 0 -7
77 0 -8
77 0 -9
77 0 -11
77 0 -12
77 -1 -1
77 -1 -4
77 -1 -6
77 -1 -7
77 -1 -11
77 -2 -1
77 -2 -2
77 -2 -5
77 -2 -8
77 -2 -10
77 -3 0
77 -3 -1
77 -3 -2
77 -3 -3
77 -3 -6
77 -3 -7
77 -3 -9
77 -3 -10
77 -3 -11
77 -4 -4
77 -4 -5
77 -4 -7
77 -4 -8
77 -4 -11
77 -4 -12
77 -5 0
77 -5 -2
77 -5 -3
77 -5 -5
77 -5 -6
77 -5 -8
77 -5 -10
77 -5 -11
77 -6 -1
77 -6 -2
77 -6 -5
77 -6 -7
77 -6 -9
77 -7 -1
77 -7 -3
77 -7 -4
77 -7 -5
77 -7 -9
77 -7 -10
77 -8 0
77 -8 -5
77 -8 -6
77 -8 -7
77 -8 -9
77 -8 -10
77 -8 -12
77 -9 -1
77 -9 -2
77 -9 -3
77 -9 -5
77 -9 -6
77 -9 -8
77 -9 -9
77 -9 -10
77 -9 -12
77 -10 0
77 -10 -1
77 -10 -2
77 -10 -3
77 -10 -8
77 -10 -9
77 -10 -11
77 -10 -12
77 -11 0
77 -11 -1
77 -11 -3
77 -11 -5
77 -11 -6
77 -11 -7
77 -11 -8
77 -11 -9
77 -11 -10
77 -11 -11
77 -11 -12
77 -12 0
77 -12 -1
77 -12 -2
77 -12 -3
77 -12 -4
77 -12 -6
77 -12 -9
77 -12 -10
78 0 0
78 0 -4
78 0 -5
78 0 -7
78 0 -8
78 0 -9
78 0 -11
78 0 -12
78 -1 -1
78 -1 -4
78 -1 -6
78 -1 -7
78 -1 -11
78 -2 -1
78 -2 -2
78 -2 -5
78 -2 -8
78 -2 -10
78 -3 0
78 -3 -1
78 -3 -2
78 -3 -3
78 -3 -6
78 -3 -7
78 -3 -9
78 -3 -10
78 -3 -11
78 -4 -4
78 -4 -5
78 -4 -7
78 -4 -8
78 -4 -11
78 -4 -12
78 -5 0
78 -5 -2
78 -5 -3
78 -5 -5
78 -5 -6
78 -5 -8
78 -5 -10
78 -5 -11
78 -6 -1
78 -6 -2
78 -6 -5
78 -6 -7
78 -6 -9
78 -7 -1
78 -7 -3
78 -7 -4
78 -7 -5
78 -7 -9
78 -7 -10
78 -8 0
78 -8 -5
78 -8 -6
78 -8 -7
78 -8 -9
78 -8 -10
78 -8 -12
78 -9 -1
78 -9 -2
78 -9 -3
78 -9 -5
78 -9 -6
78 -9 -8
78 -9 -9
78 -9 -10
78 -9 -12
78 -10 0
78 -10 -1
78 -10 -2
78 -10 -3
78 -10 -8
78 -10 -9
78 -10 -11
78 -10 -12
78 -11 0
78 -11 -1
78 -11 -3
78 -11 -5
78 -11 -6
78 -11 -7
78 -11 -8
78 -11 -9
78 -11 -10
78 -11 -11
78 -11 -12
78 -12 0
78 -12 -1
78 -12 -2
78 -12 -3
78 -12 -4
78 -12 -6
78 -12 -9
78 -12 -10
79 0 0
79 0 -4
79 0 -5
79 0 -7
79 0 -8
79 0 -9
79 0 -11
79 0 -12
79 -1 -1
79 -1 -4
79 -1 -6
79 -1 -7
79 -1 -11
79 -2 -1
79 -2 -2
79 -2 -5
79 -2 -8
79 -2 -10
79 -3 0
79 -3 -1
79 -3 -2
79 -3 -3
79 -3 -6
79 -3 -7
79 -3 -9
79 -3 -10
79 -3 -11
79 -4 -4
79 -4 -5
79 -4 -7
79 -4 -8
79 -4 -11
79 -4 -12
79 -5 0
79 -5 -2
79 -5 -3
79 -5 -5
79 -5 -6
79 -5 -8
79 -5 -10
79 -5 -11
79 -6 -1
79 -6 -2
79 -6 -5
79 -6 -7
79 -6 -9
79 -7 -1
79 -7 -3
79 -7 -4
79 -7 -5
79 -7 -9
79 -7 -10
79 -8 0
79 -8 -5
79 -8 -6
79 -8 -7
79 -8 -9
79 -8 -10
79 -8 -12
79 -9 -1
79 -9 -2
79 -9 -3
79 -9 -5
79 -9 -6
79 -9 -8
79 -9 -9
79 -9 -10
79 -9 -12
79 -10 0
79 -10 -1
79 -10 -2
79 -10 -3
79 -10 -8
79 -10 -9
79 -10 -11
79 -10 -12
79 -11 0
79 -11 -1
79 -11 -3
79 -11 -5
79 -11 -6
79 -11 -7
79 -11 -8
79 -11 -9
79 -11 -10
79 -11 -11
79 -11 -12
79 -12 0
79 -12 -1
79 -12 -2
79 -12 -3
79 -12 -4
79 -12 -6
79 -12 -9
79 -12 -10
80 0 0
80 0 -4
80 0 -5
80 0 -7
80 0 -8
80 0 -9
80 0 -11
80 0 -12
80 -1 -1
80 -1 -4
80 -1 -6
80 -1 -7
80 -1 -11
80 -2 -1
80 -2 -2
80 -2 -5
80 -2 -8
80 -2 -10
80 -3 0
80 -3 -1
80 -3 -2
80 -3 -3
80 -3 -6
80 -3 -7
80 -3 -9
80 -3 -10
80 -3 -11
80 -4 -4
80 -4 -5
80 -4 -7
80 -4 -8
80 -4 -11
80 -4 -12
80 -5 0
80 -5 -2
80 -5 -3
80 -5 -5
80 -5 -6
80 -5 -8
80 -5 -10
80 -5 -11
80 -6 -1
80 -6 -2
80 -6 -5
80 -6 -7
80 -6 -9
80 -7 -1
80 -7 -3
80 -7 -4
80 -7 -5
80 -7 -9
80 -7 -10
80 -8 0
80 -8 -5
80 -8 -6
80 -8 -7
80 -8 -9
80 -8 -10
80 -8 -12
80 -9 -1
80 -9 -2
80 -9 -3
80 -9 -5
80 -9 -6
80 -9 -8
80 -9 -9
80 -9 -10
80 -9 -12
80 -10 0
80 -10 -1
80 -10 -2
80 -10 -3
80 -10 -8
80 -10 -9
80 -10 -11
80 -10 -12
80 -11 0
80 -11 -1
80 -11 -3
80 -11 -5
80 -11 -6
80 -11 -7
80 -11 -8
80 -11 -9
80 -11 -10
80 -11 -11
80 -11 -12
80 -12 0
80 -12 -1
80 -12 -2
80 -12 -3
80 -12 -4
80 -12 -6
80 -12 -9
80 -12 -10
81 0 0
81 0 -4
81 0 -5
81 0 -7
81 0 -8
81 0 -9
81 0 -11
81 0 -12
81 -1 -1
81 -1 -4
81 -1 -6
81 -1 -7
81 -1 -11
81 -2 -1
81 -2 -2
81 -2 -5
81 -2 -8
81 -2 -10
81 -3 0
81 -3 -1
81 -3 -2
81 -3 -3
81 -3 -6
81 -3 -7
81 -3 -9
81 -3 -10
81 -3 -11
81 -4 -4
81 -4 -5
81 -4 -7
81 -4 -8
81 -4 -11
81 -4 -12
81 -5 0
81 -5 -2
81 -5 -3
81 -5 -5
81 -5 -6
81 -5 -8
81 -5 -10
81 -5 -11
81 -6 -1
81 -6 -2
81 -6 -5
81 -6 -7
81 -6 -9
81 -7 -1
81 -7 -3
81 -7 -4
81 -7 -5
81 -7 -9
81 -7 -10
81 -8 0
81 -8 -5
81 -8 -6
81 -8 -7
81 -8 -9
81 -8 -10
81 -8 -12
81 -9 -1
81 -9 -2
81 -9 -3
81 -9 -5
81 -9 -6
81 -9 -8
81 -9 -9
81 -9 -10
81 -9 -12
81 -10 0
81 -10 -1
81 -10 -2
81 -10 -3
81 -10 -8
81 -10 -9
81 -10 -11
81 -10 -12
81 -11 0
81 -11 -1
81 -11 -3
81 -11 -5
81 -11 -6
81 -11 -7
81 -11 -8
81 -11 -9
81 -11 -10
81 -11 -11
81 -11 -12
81 -12 0
81 -12 -1
81 -12 -2
81 -12 -3
81 -12 -4
81 -12 -6
81 -12 -9
81 -12 -10
82 0 0
82 0 -4
82 0 -5
82 0 -7
82 0 -8
82 0 -9
82 0 -11
82 0 -12
82 -1 -1
82 -1 -4
82 -1 -6
82 -1 -7
82 -1 -11
82 -2 -1
82 -2 -2
82 -2 -5
82 -2 -8
82 -2 -10
82 -3 0
82 -3 -1
82 -3 -2
82 -3 -3
82 -3 -6
82 -3 -7
82 -3 -9
82 -3 -10
82 -3 -11
82 -4 -4
82 -4 -5
82 -4 -7
82 -4 -8
82 -4 -11
82 -4 -12
82 -5 0
82 -5 -2
82 -5 -3
82 -5 -5
82 -5 -6
82 -5 -8
82 -5 -10
82 -5 -11
82 -6 -1
82 -6 -2
82 -6 -5
82 -6 -7
82 -6 -9
82 -7 -1
82 -7 -3
82 -7 -4
82 -7 -5
82 -7 -9
82 -7 -10
82 -8 0
82 -8 -5
82 -8 -6
82 -8 -7
82 -8 -9
82 -8 -10
82 -8 -12
82 -9 -1
82 -9 -2
82 -9 -3
82 -9 -5
82 -9 -6
82 -9 -8
82 -9 -9
82 -9 -10
82 -9 -12
82 -10 0
82 -10 -1
82 -10 -2
82 -10 -3
82 -10 -8
82 -10 -9
82 -10 -11
82 -10 -12
82 -11 0
82 -11 -1
82 -11 -3
82 -11 -5
82 -11 -6
82 -11 -7
82 -11 -8
82 -11 -9
82 -11 -10
82 -11 -11
82 -11 -12
82 -12 0
82 -12 -1
82 -12 -2
82 -12 -3
82 -12 -4
82 -12 -6
82 -12 -9
82 -12 -10
83 0 0
83 0 -4
83 0 -5
83 0 -7
83 0 -8
83 0 -9
83 0 -11
83 0 -12
83 -1 -1
83 -1 -4
83 -1 -6
83 -1 -7
83 -1 -11
83 -2 -1
83 -2 -2
83 -2 -5
83 -2 -8
83 -2 -10
83 -3 0
83 -3 -1
83 -3 -2
83 -3 -3
83 -3 -6
83 -3 -7
83 -3 -9
83 -3 -10
83 -3 -11
83 -4 -4
83 -4 -5
83 -4 -7
83 -4 -8
83 -4 -11
83 -4 -12
83 -5 0
83 -5 -2
83 -5 -3
83 -5 -5
83 -5 -6
83 -5 -8
83 -5 -10
83 -5 -11
83 -6 -1
83 -6 -2
83 -6 -5
83 -6 -7
83 -6 -9
83 -7 -1
83 -7 -3
83 -7 -4
83 -7 -5
83 -7 -9
83 -7 -10
83 -8 0
83 -8 -5
83 -8 -6
83 -8 -7
83 -8 -9
83 -8 -10
83 -8 -12
83 -9 -1
83 -9 -2
83 -9 -3
83 -9 -5
83 -9 -6
83 -9 -8
83 -9 -9
83 -9 -10
83 -9 -12
83 -10 0
83 -10 -1
83 -10 -2
83 -10 -3
83 -10 -8
83 -10 -9
83 -10 -11
83 -10 -12
83 -11 0
83 -11 -1
83 -11 -3
83 -11 -5
83 -11 -6
83 -11 -7
83 -11 -8
83 -11 -9
83 -11 -10
83 -11 -11
83 -11 -12
83 -12 0
83 -12 -1
83 -12 -2
83 -12 -3
83 -12 -4
83 -12 -6
83 -12 -9
83 -12 -10
84 0 0
84 0 -4
84 0 -5
84 0 -7
84 0 -8
84 0 -9
84 0 -11
84 0 -12
84 -1 -1
84 -1 -4
84 -1 -6
84 -1 -7
84 -1 -11
84 -2 -1
84 -2 -2
84 -2 -5
84 -2 -8
84 -2 -10
84 -3 0
84 -3 -1
84 -3 -2
84 -3 -3
84 -3 -6
84 -3 -7
84 -3 -9
84 -3 -10
84 -3 -11
84 -4 -4
84 -4 -5
84 -4 -7
84 -4 -8
84 -4 -11
84 -4 -12
84 -5 0
84 -5 -2
84 -5 -3
84 -5 -5
84 -5 -6
84 -5 -8
84 -5 -10
84 -5 -11
84 -6 -1
84 -6 -2
84 -6 -5
84 -6 -7
84 -6 -9
84 -7 -1
84 -7 -3
84 -7 -4
84 -7 -5
84 -7 -9
84 -7 -10
84 -8 0
84 -8 -5
84 -8 -6
84 -8 -7
84 -8 -9
84 -8 -10
84 -8 -12
84 -9 -1
84 -9 -2
84 -9 -3
84 -9 -5
84 -9 -6
84 -9 -8
84 -9 -9
84 -9 -10
84 -9 -12
84 -10 0
84 -10 -1
84 -10 -2
84 -10 -3
84 -10 -8
84 -10 -9
84 -10 -11
84 -10 -12
84 -11 0
84 -11 -1
84 -11 -3
84 -11 -5
84 -11 -6
84 -11 -7
84 -11 -8
84 -11 -9
84 -11 -10
84 -11 -11
84 -11 -12
84 -12 0
84 -12 -1
84 -12 -2
84 -12 -3
84 -12 -4
84 -12 -6
84 -12 -9
84 -12 -10
85 0 0
85 0 -4
85 0 -5
85 0 -7
85 0 -8
85 0 -9
85 0 -11
85 0 -12
85 -1 -1
85 -1 -4
85 -1 -6
85 -1 -7
85 -1 -11
85 -2 -1
85 -2 -2
85 -2 -5
85 -2 -8
85 -2 -10
85 -3 0
85 -3 -1
85 -3 -2
85 -3 -3
85 -3 -6
85 -3 -7
85 -3 -9
85 -3 -10
85 -3 -11
85 -4 -4
85 -4 -5
85 -4 -7
85 -4 -8
85 -4 -11
85 -4 -12
85 -5 0
85 -5 -2
85 -5 -3
85 -5 -5
85 -5 -6
85 -5 -8
85 -5 -10
85 -5 -11
85 -6 -1
85 -6 -2
85 -6 -5
85 -6 -7
85 -6 -9
85 -7 -1
85 -7 -3
85 -7 -4
85 -7 -5
85 -7 -9
85 -7 -10
85 -8 0
85 -8 -5
85 -8 -6
85 -8 -7
85 -8 -9
85 -8 -10
85 -8 -12
85 -9 -1
85 -9 -2
85 -9 -3
85 -9 -5
85 -9 -6
85 -9 -8
85 -9 -9
85 -9 -10
85 -9 -12
85 -10 0
85 -10 -1
85 -10 -2
85 -10 -3
85 -10 -8
85 -10 -9
85 -10 -11
85 -10 -12
85 -11 0
85 -11 -1
85 -11 -3
85 -11 -5
85 -11 -6
85 -11 -7
85 -11 -8
85 -11 -9
85 -11 -10
85 -11 -11
85 -11 -12
85 -12 0
85 -12 -1
85 -12 -2
85 -12 -3
85 -12 -4
85 -12 -6
85 -12 -9
85 -12 -10
86 0 0
86 0 -4
86 0 -5
86 0 -7
86 0 -8
86 0 -9
86 0 -11
86 0 -12
86 -1 -1
86 -1 -4
86 -1 -6
86 -1 -7
86 -1 -11
86 -2 -1
86 -2 -2
86 -2 -5
86 -2 -8
86 -2 -10
86 -3 0
86 -3 -1
86 -3 -2
86 -3 -3
86 -3 -6
86 -3 -7
86 -3 -9
86 -3 -10
86 -3 -11
86 -4 -4
86 -4 -5
86 -4 -7
86 -4 -8
86 -4 -11
86 -4 -12
86 -5 0
86 -5 -2
86 -5 -3
86 -5 -5
86 -5 -6
86 -5 -8
86 -5 -10
86 -5 -11
86 -6 -1
86 -6 -2
86 -6 -5
86 -6 -7
86 -6 -9
86 -7 -1
86 -7 -3
86 -7 -4
86 -7 -5
86 -7 -9
86 -7 -10
86 -8 0
86 -8 -5
86 -8 -6
86 -8 -7
86 -8 -9
86 -8 -10
86 -8 -12
86 -9 -1
86 -9 -2
86 -9 -3
86 -9 -5
86 -9 -6
86 -9 -8
86 -9 -9
86 -9 -10
86 -9 -12
86 -10 0
86 -10 -1
86 -10 -2
86 -10 -3
86 -10 -8
86 -10 -9
86 -10 -11
86 -10 -12
86 -11 0
86 -11 -1
86 -11 -3
86 -11 -5
86 -11 -6
86 -11 -7
86 -11 -8
86 -11 -9
86 -11 -10
86 -11 -11
86 -11 -12
86 -12 0
86 -12 -1
86 -12 -2
86 -12 -3
86 -12 -4
86 -12 -6
86 -12 -9
86 -12 -10
87 0 0
87 0 -4
87 0 -5
87 0 -7
87 0 -8
87 0 -9
87 0 -11
87 0 -12
87 -1 -1
87 -1 -4
87 -1 -6
87 -1 -7
87 -1 -11
87 -2 -1
87 -2 -2
87 -2 -5
87 -2 -8
87 -2 -10
87 -3 0
87 -3 -1
87 -3 -2
87 -3 -3
87 -3 -6
87 -3 -7
87 -3 -9
87 -3 -10
87 -3 -11
87 -4 -4
87 -4 -5
87 -4 -7
87 -4 -8
87 -4 -11
87 -4 -12
87 -5 0
87 -5 -2
87 -5 -3
87 -5 -5
87 -5 -6
87 -5 -8
87 -5 -10
87 -5 -11
87 -6 -1
87 -6 -2
87 -6 -5
87 -6 -7
87 -6 -9
87 -7 -1
87 -7 -3
87 -7 -4
87 -7 -5
87 -7 -9
87 -7 -10
87 -8 0
87 -8 -5
87 -8 -6
87 -8 -7
87 -8 -9
87 -8 -10
87 -8 -12
87 -9 -1
87 -9 -2
87 -9 -3
87 -9 -5
87 -9 -6
87 -9 -8
87 -9 -9
87 -9 -10
87 -9 -12
87 -10 0
87 -10 -1
87 -10 -2
87 -10 -3
87 -10 -8
87 -10 -9
87 -10 -11
87 -10 -12
87 -11 0
87 -11 -1
87 -11 -3
87 -11 -5
87 -11 -6
87 -11 -7
87 -11 -8
87 -11 -9
87 -11 -10
87 -11 -11
87 -11 -12
87 -12 0
87 -12 -1
87 -12 -2
87 -12 -3
87 -12 -4
87 -12 -6
87 -12 -9
87 -12 -10
88 0 0
88 0 -4
88 0 -5
88 0 -7
88 0 -8
88 0 -9
88 0 -11
88 0 -12
88 -1 -1
88 -1 -4
88 -1 -6
88 -1 -7
88 -1 -11
88 -2 -1
88 -2 -2
88 -2 -5
88 -2 -8
88 -2 -10
88 -3 0
88 -3 -1
88 -3 -2
88 -3 -3
88 -3 -6
88 -3 -7
88 -3 -9
88 -3 -10
88 -3 -11
88 -4 -4
88 -4 -5
88 -4 -7
88 -4 -8
88 -4 -11
88 -4 -12
88 -5 0
88 -5 -2
88 -5 -3
88 -5 -5
88 -5 -6
88 -5 -8
88 -5 -10
88 -5 -11
88 -6 -1
88 -6 -2
88 -6 -5
88 -6 -7
88 -6 -9
88 -7 -1
88 -7 -3
88 -7 -4
88 -7 -5
88 -7 -9
88 -7 -10
88 -8 0
88 -8 -5
88 -8 -6
88 -8 -7
88 -8 -9
88 -8 -10
88 -8 -12
88 -9 -1
88 -9 -2
88 -9 -3
88 -9 -5
88 -9 -6
88 -9 -8
88 -9 -9
88 -9 -10
88 -9 -12
88 -10 0
88 -10 -1
88 -10 -2
88 -10 -3
88 -10 -8
88 -10 -9
88 -10 -11
88 -10 -12
88 -11 0
88 -11 -1
88 -11 -3
88 -11 -5
88 -11 -6
88 -11 -7
88 -11 -8
88 -11 -9
88 -11 -10
88 -11 -11
88 -11 -12
88 -12 0
88 -12 -1
88 -12 -2
88 -12 -3
88 -12 -4
88 -12 -6
88 -12 -9
88 -12 -10
89 0 0
89 0 -4
89 0 -5
89 0 -7
89 0 -8
89 0 -9
89 0 -11
89 0 -12
89 -1 -1
89 -1 -4
89 -1 -6
89 -1 -7
89 -1 -11
89 -2 -1
89 -2 -2
89 -2 -5
89 -2 -8
89 -2 -10
89 -3 0
89 -3 -1
89 -3 -2
89 -3 -3
89 -3 -6
89 -3 -7
89 -3 -9
89 -3 -10
89 -3 -11
89 -4 -4
89 -4 -5
89 -4 -7
89 -4 -8
89 -4 -11
89 -4 -12
89 -5 0
89 -5 -2
89 -5 -3
89 -5 -5
89 -5 -6
89 -5 -8
89 -5 -10
89 -5 -11
89 -6 -1
89 -6 -2
89 -6 -5
89 -6 -7
89 -6 -9
89 -7 -1
89 -7 -3
89 -7 -4
89 -7 -5
89 -7 -9
89 -7 -10
89 -8 0
89 -8 -5
89 -8 -6
89 -8 -7
89 -8 -9
89 -8 -10
89 -8 -12
89 -9 -1
89 -9 -2
89 -9 -3
89 -9 -5
89 -9 -6
89 -9 -8
89 -9 -9
89 -9 -10
89 -9 -12
89 -10 0
89 -10 -1
89 -10 -2
89 -10 -3
89 -10 -8
89 -10 -9
89 -10 -11
89 -10 -12
89 -11 0
89 -11 -1
89 -11 -3
89 -11 -5
89 -11 -6
89 -11 -7
89 -11 -8
89 -11 -9
89 -11 -10
89 -11 -11
89 -11 -12
89 -12 0
89 -12 -1
89 -12 -2
89 -12 -3
89 -12 -4
89 -12 -6
89 -12 -9
89 -12 -10
90 0 0
90 0 -4
90 0 -5
90 0 -7
90 0 -8
90 0 -9
90 0 -11
90 0 -12
90 -1 -1
90 -1 -4
90 -1 -6
90 -1 -7
90 -1 -11
90 -2 -1
90 -2 -2
90 -2 -5
90 -2 -8
90 -2 -10
90 -3 0
90 -3 -1
90 -3 -2
90 -3 -3
90 -3 -6
90 -3 -7
90 -3 -9
90 -3 -10
90 -3 -11
90 -4 -4
90 -4 -5
90 -4 -7
90 -4 -8
90 -4 -11
90 -4 -12
90 -5 0
90 -5 -2
90 -5 -3
90 -5 -5
90 -5 -6
90 -5 -8
90 -5 -10
90 -5 -11
90 -6 -1
90 -6 -2
90 -6 -5
90 -6 -7
90 -6 -9
90 -7 -1
90 -7 -3
90 -7 -4
90 -7 -5
90 -7 -9
90 -7 -10
90 -8 0
90 -8 -5
90 -8 -6
90 -8 -7
90 -8 -9
90 -8 -10
90 -8 -12
90 -9 -1
90 -9 -2
90 -9 -3
90 -9 -5
90 -9 -6
90 -9 -8
90 -9 -9
90 -9 -10
90 -9 -12
90 -10 0
90 -10 -1
90 -10 -2
90 -10 -3
90 -10 -8
90 -10 -9
90 -10 -11
90 -10 -12
90 -11 0
90 -11 -1
90 -11 -3
90 -11 -5
90 -11 -6
90 -11 -7
90 -11 -8
90 -11 -9
90 -11 -10
90 -11 -11
90 -11 -12
90 -12 0
90 -12 -1
90 -12 -2
90 -12 -3
90 -12 -4
90 -12 -6
90 -12 -9
90 -12 -10
91 0 0
91 0 -4
91 0 -5
91 0 -7
91 0 -8
91 0 -9
91 0 -11
91 0 -12
91 -1 -1
91 -1 -4
91 -1 -6
91 -1 -7
91 -1 -11
91 -2 -1
91 -2 -2
91 -2 -5
91 -2 -8
91 -2 -10
91 -3 0
91 -3 -1
91 -3 -2
91 -3 -3
91 -3 -6
91 -3 -7
91 -3 -9
91 -3 -10
91 -3 -11
91 -4 -4
91 -4 -5
91 -4 -7
91 -4 -8
91 -4 -11
91 -4 -12
91 -5 0
91 -5 -2
91 -5 -3
91 -5 -5
91 -5 -6
91 -5 -8
91 -5 -10
91 -5 -11
91 -6 -1
91 -6 -2
91 -6 -5
91 -6 -7
91 -6 -9
91 -7 -1
91 -7 -3
91 -7 -4
91 -7 -5
91 -7 -9
91 -7 -10
91 -8 0
91 -8 -5
91 -8 -6
91 -8 -7
91 -8 -9
91 -8 -10
91 -8 -12
91 -9 -1
91 -9 -2
91 -9 -3
91 -9 -5
91 -9 -6
91 -9 -8
91 -9 -9
91 -9 -10
91 -9 -12
91 -10 0
91 -10 -1
91 -10 -2
91 -10 -3
91 -10 -8
91 -10 -9
91 -10 -11
91 -10 -12
91 -11 0
91 -11 -1
91 -11 -3
91 -11 -5
91 -11 -6
91 -11 -7
91 -11 -8
91 -11 -9
91 -11 -10
91 -11 -11
91 -11 -12
91 -12 0
91 -12 -1
91 -12 -2
91 -12 -3
91 -12 -4
91 -12 -6
91 -12 -9
91 -12 -10
92 0 0
92 0 -4
92 0 -5
92 0 -7
92 0 -8
92 0 -9
92 0 -11
92 0 -12
92 -1 -1
92 -1 -4
92 -1 -6
92 -1 -7
92 -1 -11
92 -2 -1
92 -2 -2
92 -2 -5
92 -2 -8
92 -2 -10
92 -3 0
92 -3 -1
92 -3 -2
92 -3 -3
92 -3 -6
92 -3 -7
92 -3 -9
92 -3 -10
92 -3 -11
92 -4 -4
92 -4 -5
92 -4 -7
92 -4 -8
92 -4 -11
92 -4 -12
92 -5 0
92 -5 -2
92 -5 -3
92 -5 -5
92 -5 -6
92 -5 -8
92 -5 -10
92 -5 -11
92 -6 -1
92 -6 -2
92 -6 -5
92 -6 -7
92 -6 -9
92 -7 -1
92 -7 -3
92 -7 -4
92 -7 -5
92 -7 -9
92 -7 -10
92 -8 0
92 -8 -5
92 -8 -6
92 -8 -7
92 -8 -9
92 -8 -10
92 -8 -12
92 -9 -1
92 -9 -2
92 -9 -3
92 -9 -5
92 -9 -6
92 -9 -8
92 -9 -9
92 -9 -10
92 -9 -12
92 -10 0
92 -10 -1
92 -10 -2
92 -10 -3
92 -10 -8
92 -10 -9
92 -10 -11
92 -10 -12
92 -11 0
92 -11 -1
92 -11 -3
92 -11 -5
92 -11 -6
92 -11 -7
92 -11 -8
92 -11 -9
92 -11 -10
92 -11 -11
92 -11 -12
92 -12 0
92 -12 -1
92 -12 -2
92 -12 -3
92 -12 -4
92 -12 -6
92 -12 -9
92 -12 -10
93 0 0
93 0 -4
93 0 -5
93 0 -7
93 0 -8
93 0 -9
93 0 -11
93 0 -12
93 -1 -1
93 -1 -4
93 -1 -6
93 -1 -7
93 -1 -11
93 -2 -1
93 -2 -2
93 -2 -5
93 -2 -8
93 -2 -10
93 -3 0
93 -3 -1
93 -3 -2
93 -3 -3
93 -3 -6
93 -3 -7
93 -3 -9
93 -3 -10
93 -3 -11
93 -4 -4
93 -4 -5
93 -4 -7
93 -4 -8
93 -4 -11
93 -4 -12
93 -5 0
93 -5 -2
93 -5 -3
93 -5 -5
93 -5 -6
93 -5 -8
93 -5 -10
93 -5 -11
93 -6 -1
93 -6 -2
93 -6 -5
93 -6 -7
93 -6 -9
93 -7 -1
93 -7 -3
93 -7 -4
93 -7 -5
93 -7 -9
93 -7 -10
93 -8 0
93 -8 -5
93 -8 -6
93 -8 -7
93 -8 -9
93 -8 -10
93 -8 -12
93 -9 -1
93 -9 -2
93 -9 -3
93 -9 -5
93 -9 -6
93 -9 -8
93 -9 -9
93 -9 -10
93 -9 -12
93 -10 0
93 -10 -1
93 -10 -2
93 -10 -3
93 -10 -8
93 -10 -9
93 -10 -11
93 -10 -12
93 -11 0
93 -11 -1
93 -11 -3
93 -11 -5
93 -11 -6
93 -11 -7
93 -11 -8
93 -11 -9
93 -11 -10
93 -11 -11
93 -11 -12
93 -12 0
93 -12 -1
93 -12 -2
93 -12 -3
93 -12 -4
93 -12 -6
93 -12 -9
93 -12 -10
94 0 0
94 0 -4
94 0 -5
94 0 -7
94 0 -8
94 0 -9
94 0 -11
94 0 -12
94 -1 -1
94 -1 -4
94 -1 -6
94 -1 -7
94 -1 -11
94 -2 -1
94 -2 -2
94 -2 -5
94 -2 -8
94 -2 -10
94 -3 0
94 -3 -1
94 -3 -2
94 -3 -3
94 -3 -6
94 -3 -7
94 -3 -9
94 -3 -10
94 -3 -11
94 -4 -4
94 -4 -5
94 -4 -7
94 -4 -8
94 -4 -11
94 -4 -12
94 -5 0
94 -5 -2
94 -5 -3
94 -5 -5
94 -5 -6
94 -5 -8
94 -5 -10
94 -5 -11
94 -6 -1
94 -6 -2
94 -6 -5
94 -6 -7
94 -6 -9
94 -7 -1
94 -7 -3
94 -7 -4
94 -7 -5
94 -7 -9
94 -7 -10
94 -8 0
94 -8 -5
94 -8 -6
94 -8 -7
94 -8 -9
94 -8 -10
94 -8 -12
94 -9 -1
94 -9 -2
94 -9 -3
94 -9 -5
94 -9 -6
94 -9 -8
94 -9 -9
94 -9 -10
94 -9 -12
94 -10 0
94 -10 -1
94 -10 -2
94 -10 -3
94 -10 -8
94 -10 -9
94 -10 -11
94 -10 -12
94 -11 0
94 -11 -1
94 -11 -3
94 -11 -5
94 -11 -6
94 -11 -7
94 -11 -8
94 -11 -9
94 -11 -10
94 -11 -11
94 -11 -12
94 -12 0
94 -12 -1
94 -12 -2
94 -12 -3
94 -12 -4
94 -12 -6
94 -12 -9
94 -12 -10
-1 -1 -1
48
29
18
71
6
11
3
86
60
85
74
65
33
19
53
15
39
5
34
14
68
55
89
92
70
35
73
80
27
69
32
79
56
47
93
64
82
88
0
51
38
42
54
72
16
7
36
77
44
46
26
50
87
1
41
10
61
30
4
49
63
45
13
78
17
24
9
91
83
81
94
75
21
31
43
12
28
90
37
23
58
59
25
76
66
2
22
57
8
40
67
84
52
62
20
  0.104424 seconds (219.28 k allocations: 7.482 MiB)
