950 0 0 0 0 0 0 0 0 0 0 0 0 0 0 0 0 0 0 0 0 0 0 0 0 0 0 0 0 0 0 0 0 0 0 0 0 0 0 0
0 0 0 0 0 0 0 0 0 0 0 0 0 0 0 0 0 0 0 0 0 0 0 0 0 0 0 0 0 0 0 0 0 0 0 0 0 0 0 0
0 0 0 0 0 0 0 0 0 0 0 0 0 0 0 0 0 0 0 0 0 0 0 0 0 0 0 0 0 0 0 0 0 0 0 0 0 0 0 0
0 0 0 0 0 0 0 0 0 0 0 0 0 0 0 0 0 0 0 0 0 0 0 0 0 0 0 0 0 0 0 0 0 0 0 0 0 0 0 0
0 0 0 0 0 0 0 0 0 0 0 0 0 0 0 0 0 0 0 0 0 0 0 0 0 0 0 0 0 0 0 0 0 0 0 0 0 0 0 0
0 0 0 0 0 0 0 0 0 0 0 0 0 0 0 0 0 0 0 0 0 0 0 0 0 0 0 0 0 0 0 0 0 0 0 0 0 0 0 0
0 0 0 0 0 0 0 0 0 0 0 0 0 0 0 0 0 0 0 0 0 0 0 0 0 0 0 0 0 0 0 0 0 0 0 0 0 0 0 0
0 0 0 0 0 0 0 0 0 0 0 0 0 0 0 0 0 0 0 0 0 0 0 0 0 0 0 0 0 0 0 0 0 0 0 0 0 0 0 0
0 0 0 0 0 0 0 0 0 0 0 0 0 0 0 0 0 0 0 0 0 0 0 0 0 0 0 0 0 0 0 0 0 0 0 0 0 0 0 0
0 0 0 0 0 0 0 0 0 0 0 0 0 0 0 0 0 0 0 0 0 0 0 0 0 0 0 0 0 0 0 0 0 0 0 0 0 0 0 0
0 0 0 0 0 0 0 0 0 0 0 0 0 0 0 0 0 0 0 0 0 0 0 0 0 0 0 0 0 0 0 0 0 0 0 0 0 0 0 0
0 0 0 0 0 0 0 0 0 0 0 0 0 0 0 0 0 0 0 0 0 0 0 0 0 0 0 0 0 0 0 0 0 0 0 0 0 0 0 0
0 0 0 0 0 0 0 0 0 0 0 0 0 0 0 0 0 0 0 0 0 0 0 0 0 0 0 0 0 0 0 0 0 0 0 0 0 0 0 0
0 0 0 0 0 0 0 0 0 0 0 0 0 0 0 0 0 0 0 0 0 0 0 0 0 0 0 0 0 0 0 0 0 0 0 0 0 0 0 0
0 0 0 0 0 0 0 0 0 0 0 0 0 0 0 0 0 0 0 0 0 0 0 0 0 0 0 0 0 0 0 0 0 0 0 0 0 0 0 0
0 0 0 0 0 0 0 0 0 0 0 0 0 0 0 0 0 0 0 0 0 0 0 0 0 0 0 0 0 0 0 0 0 0 0 0 0 0 0 0
0 0 0 0 0 0 0 0 0 0 0 0 0 0 0 0 0 0 0 0 0 0 0 0 0 0 0 0 0 0 0 0 0 0 0 0 0 0 0 0
0 0 0 0 0 0 0 0 0 0 0 0 0 0 0 0 0 0 0 0 0 0 0 0 0 0 0 0 0 0 0 0 0 0 0 0 0 0 0 0
0 0 0 0 0 0 0 0 0 0 0 0 0 0 0 0 0 0 0 0 0 0 0 0 0 0 0 0 0 0 0 0 0 0 0 0 0 0 0 0
0 0 0 0 0 0 0 0 0 0 0 0 0 0 0 0 0 0 0 0 0 0 0 0 0 0 0 0 0 0 0 0 0 0 0 0 0 0 0 0
0 0 0 0 0 0 0 0 0 0 0 0 0 0 0 0 0 0 0 0 0 0 0 0 0 0 0 0 0 0 0 0 0 0 0 0 0 0 0 0
0 0 0 0 0 0 0 0 0 0 0 0 0 0 0 0 0 0 0 0 0 0 0 0 0 0 0 0 0 0 0 0 0 0 0 0 0 0 0 0
0 0 0 0 0 0 0 0 0 0 0 0 0 0 0 0 0 0 0 0 0 0 0 0 0 0 0 0 0 0 0 0 0 0 0 0 0 0 0 0
0 0 0 0 0 0 0 0 0 0 0 0 0 0 0 0 0 0 0 0 0 0 0 0 0 0 0 0 0 0 0 0 0 0 0 0 0 0 0 0
0 0 0 0 0 0 0 0 0 0 0 0 0 0 0 0 0 0 0 0 0 0 0 0 0 0 0 0 0 0 0 0 0 0 0 0 0 0 0 0
0 0 0 0 0 0 0 0 0 0 0 0 0 0 0 0 0 0 0 0 0 0 0 0 0 0 0 0 0 0 0 0 0 0 0 0 0 0 0 0
0 0 0 0 0 0 0 0 0 0 0 0 0 0 0 0 0 0 0 0 0 0 0 0 0 0 0 0 0 0 0 0 0 0 0 0 0 0 0 0
0 0 0 0 0 0 0 0 0 0 0 0 0 0 0 0 0 0 0 0 0 0 0 0 0 0 0 0 0 0 0 0 0 0 0 0 0 0 0 0
0 0 0 0 0 0 0 0 0 0 0 0 0 0 0 0 0 0 0 0 0 0 0 0 0 0 0 0 0 0 0 0 0 0 0 0 0 0 0 0
0 0 0 0 0 0 0 0 0 0 0 0 0 0 0 0 0 0 0 0 0 0 0 0 0 0 0 0 0 0 0 0 0 0 0 0 0 0 0 0
0 0 0 0 0 0 0 0 0 0 0 0 0 0 0 0 0 0 0 0 0 0 0 0 0 0 0 0 0 0 0 0 0 0 0 0 0 0 0 0
0 0 0 0 0 0 0 0 0 0 0 0 0 0 0 0 0 0 0 0 0 0 0 0 0 0 0 0 0 0 0 0 0 0 0 0 0 0 0 0
0 0 0 0 0 0 0 0 0 0 0 0 0 0 0 0 0 0 0 0 0 0 0 0 0 0 0 0 0 0 0 0 0 0 0 0 0 0 0 0
0 0 0 0 0 0 0 0 0 0 0 0 0 0 0 0 0 0 0 0 0 0 0 0 0 0 0 0 0 0 0 0 0 0 0 0 0 0 0 0
0 0 0 0 0 0 0 0 0 0 0 0 0 0 0 0 0 0 0 0 0 0 0 0 0 0 0 0 0 0 0 0 0 0 0 0 0 0 0 0
0 0 0 0 0 0 0 0 0 0 0 0 0 0 0 0 0 0 0 0 0 0 0 0 0 0 0 0 0 0 0 0 0 0 0 0 0 0 0 0
0 0 0 0 0 0 0 0 0 0 0 0 0 0 0 0 0 0 0 0 0 0 0 0 0 0 0 0 0 0 0 0 0 0 0 0 0 0 0 0
0 0 0 0 0 0 0 0 0 0 0 0 0 0 0 0 0 0 0 0 0 0 0 0 0 0 0 0 0 0 0 0 0 0 0 0 0 0 0 0
0 0 0 0 0 0 0 0 0 0 0 0 0 0 0 0 0 0 0 0 0 0 0 0 0 0 0 0 0 0 0 0 0 0 0 0 0 0 0 0
0 0 0 0 0 0 0 0 0 0 0 0 0 0 0 0 0 0 0 0 0 0 0 0 0 0 0 0 0 0 0 0 0 0 0 0 0 0 0 0
0 -1 -7
0 -1 -15
0 -1 -18
0 -2 -25
0 -3 -16
0 -3 -21
0 -3 -26
0 -3 -31
0 -4 -4
0 -4 -16
0 -5 -3
0 -5 -37
0 -6 -24
0 -6 -31
0 -6 -39
0 -7 -6
0 -7 -21
0 -7 -26
0 -8 -9
0 -8 -36
0 -8 -39
0 -9 -28
0 -10 -16
0 -10 -17
0 -10 -24
0 -11 -22
0 -13 -19
0 -13 -37
0 -13 -38
0 -15 -4
0 -15 -12
0 -16 -1
0 -16 -33
0 -17 -12
0 -17 -17
0 -17 -18
0 -17 -20
0 -18 -33
0 -18 -36
0 -19 -25
0 -20 -17
0 -20 -34
0 -20 -37
0 -21 -27
0 -21 -28
0 -21 -29
0 -21 -30
0 -22 -11
0 -22 -17
0 -23 -3
0 -23 -14
0 -23 -24
0 -23 -32
0 -24 -16
0 -24 -17
0 -26 -6
0 -27 -35
0 -28 -9
0 -28 -20
0 -29 -17
0 -29 -27
0 -29 -35
0 -31 -8
0 -31 -12
0 -32 -7
0 -32 -31
0 -33 -11
0 -33 -31
0 -34 -10
0 -36 -2
0 -36 -10
0 -36 -11
0 -36 -20
0 -37 -10
0 -37 -23
0 -37 -39
0 -38 0
0 -38 -17
0 -39 -38
1 -1 -7
1 -1 -15
1 -1 -18
1 -2 -25
1 -3 -16
1 -3 -21
1 -3 -26
1 -3 -31
1 -4 -4
1 -4 -16
1 -5 -3
1 -5 -37
1 -6 -24
1 -6 -31
1 -6 -39
1 -7 -6
1 -7 -21
1 -7 -26
1 -8 -9
1 -8 -36
1 -8 -39
1 -9 -28
1 -10 -16
1 -10 -17
1 -10 -24
1 -11 -22
1 -13 -19
1 -13 -37
1 -13 -38
1 -15 -4
1 -15 -12
1 -16 -1
1 -16 -33
1 -17 -12
1 -17 -17
1 -17 -18
1 -17 -20
1 -18 -33
1 -18 -36
1 -19 -25
1 -20 -17
1 -20 -34
1 -20 -37
1 -21 -27
1 -21 -28
1 -21 -29
1 -21 -30
1 -22 -11
1 -22 -17
1 -23 -3
1 -23 -14
1 -23 -24
1 -23 -32
1 -24 -16
1 -24 -17
1 -26 -6
1 -27 -35
1 -28 -9
1 -28 -20
1 -29 -17
1 -29 -27
1 -29 -35
1 -31 -8
1 -31 -12
1 -32 -7
1 -32 -31
1 -33 -11
1 -33 -31
1 -34 -10
1 -36 -2
1 -36 -10
1 -36 -11
1 -36 -20
1 -37 -10
1 -37 -23
1 -37 -39
1 -38 0
1 -38 -17
1 -39 -38
2 -1 -7
2 -1 -15
2 -1 -18
2 -2 -25
2 -3 -16
2 -3 -21
2 -3 -26
2 -3 -31
2 -4 -4
2 -4 -16
2 -5 -3
2 -5 -37
2 -6 -24
2 -6 -31
2 -6 -39
2 -7 -6
2 -7 -21
2 -7 -26
2 -8 -9
2 -8 -36
2 -8 -39
2 -9 -28
2 -10 -16
2 -10 -17
2 -10 -24
2 -11 -22
2 -13 -19
2 -13 -37
2 -13 -38
2 -15 -4
2 -15 -12
2 -16 -1
2 -16 -33
2 -17 -12
2 -17 -17
2 -17 -18
2 -17 -20
2 -18 -33
2 -18 -36
2 -19 -25
2 -20 -17
2 -20 -34
2 -20 -37
2 -21 -27
2 -21 -28
2 -21 -29
2 -21 -30
2 -22 -11
2 -22 -17
2 -23 -3
2 -23 -14
2 -23 -24
2 -23 -32
2 -24 -16
2 -24 -17
2 -26 -6
2 -27 -35
2 -28 -9
2 -28 -20
2 -29 -17
2 -29 -27
2 -29 -35
2 -31 -8
2 -31 -12
2 -32 -7
2 -32 -31
2 -33 -11
2 -33 -31
2 -34 -10
2 -36 -2
2 -36 -10
2 -36 -11
2 -36 -20
2 -37 -10
2 -37 -23
2 -37 -39
2 -38 0
2 -38 -17
2 -39 -38
3 -1 -7
3 -1 -15
3 -1 -18
3 -2 -25
3 -3 -16
3 -3 -21
3 -3 -26
3 -3 -31
3 -4 -4
3 -4 -16
3 -5 -3
3 -5 -37
3 -6 -24
3 -6 -31
3 -6 -39
3 -7 -6
3 -7 -21
3 -7 -26
3 -8 -9
3 -8 -36
3 -8 -39
3 -9 -28
3 -10 -16
3 -10 -17
3 -10 -24
3 -11 -22
3 -13 -19
3 -13 -37
3 -13 -38
3 -15 -4
3 -15 -12
3 -16 -1
3 -16 -33
3 -17 -12
3 -17 -17
3 -17 -18
3 -17 -20
3 -18 -33
3 -18 -36
3 -19 -25
3 -20 -17
3 -20 -34
3 -20 -37
3 -21 -27
3 -21 -28
3 -21 -29
3 -21 -30
3 -22 -11
3 -22 -17
3 -23 -3
3 -23 -14
3 -23 -24
3 -23 -32
3 -24 -16
3 -24 -17
3 -26 -6
3 -27 -35
3 -28 -9
3 -28 -20
3 -29 -17
3 -29 -27
3 -29 -35
3 -31 -8
3 -31 -12
3 -32 -7
3 -32 -31
3 -33 -11
3 -33 -31
3 -34 -10
3 -36 -2
3 -36 -10
3 -36 -11
3 -36 -20
3 -37 -10
3 -37 -23
3 -37 -39
3 -38 0
3 -38 -17
3 -39 -38
4 -1 -7
4 -1 -15
4 -1 -18
4 -2 -25
4 -3 -16
4 -3 -21
4 -3 -26
4 -3 -31
4 -4 -4
4 -4 -16
4 -5 -3
4 -5 -37
4 -6 -24
4 -6 -31
4 -6 -39
4 -7 -6
4 -7 -21
4 -7 -26
4 -8 -9
4 -8 -36
4 -8 -39
4 -9 -28
4 -10 -16
4 -10 -17
4 -10 -24
4 -11 -22
4 -13 -19
4 -13 -37
4 -13 -38
4 -15 -4
4 -15 -12
4 -16 -1
4 -16 -33
4 -17 -12
4 -17 -17
4 -17 -18
4 -17 -20
4 -18 -33
4 -18 -36
4 -19 -25
4 -20 -17
4 -20 -34
4 -20 -37
4 -21 -27
4 -21 -28
4 -21 -29
4 -21 -30
4 -22 -11
4 -22 -17
4 -23 -3
4 -23 -14
4 -23 -24
4 -23 -32
4 -24 -16
4 -24 -17
4 -26 -6
4 -27 -35
4 -28 -9
4 -28 -20
4 -29 -17
4 -29 -27
4 -29 -35
4 -31 -8
4 -31 -12
4 -32 -7
4 -32 -31
4 -33 -11
4 -33 -31
4 -34 -10
4 -36 -2
4 -36 -10
4 -36 -11
4 -36 -20
4 -37 -10
4 -37 -23
4 -37 -39
4 -38 0
4 -38 -17
4 -39 -38
5 -1 -7
5 -1 -15
5 -1 -18
5 -2 -25
5 -3 -16
5 -3 -21
5 -3 -26
5 -3 -31
5 -4 -4
5 -4 -16
5 -5 -3
5 -5 -37
5 -6 -24
5 -6 -31
5 -6 -39
5 -7 -6
5 -7 -21
5 -7 -26
5 -8 -9
5 -8 -36
5 -8 -39
5 -9 -28
5 -10 -16
5 -10 -17
5 -10 -24
5 -11 -22
5 -13 -19
5 -13 -37
5 -13 -38
5 -15 -4
5 -15 -12
5 -16 -1
5 -16 -33
5 -17 -12
5 -17 -17
5 -17 -18
5 -17 -20
5 -18 -33
5 -18 -36
5 -19 -25
5 -20 -17
5 -20 -34
5 -20 -37
5 -21 -27
5 -21 -28
5 -21 -29
5 -21 -30
5 -22 -11
5 -22 -17
5 -23 -3
5 -23 -14
5 -23 -24
5 -23 -32
5 -24 -16
5 -24 -17
5 -26 -6
5 -27 -35
5 -28 -9
5 -28 -20
5 -29 -17
5 -29 -27
5 -29 -35
5 -31 -8
5 -31 -12
5 -32 -7
5 -32 -31
5 -33 -11
5 -33 -31
5 -34 -10
5 -36 -2
5 -36 -10
5 -36 -11
5 -36 -20
5 -37 -10
5 -37 -23
5 -37 -39
5 -38 0
5 -38 -17
5 -39 -38
6 -1 -7
6 -1 -15
6 -1 -18
6 -2 -25
6 -3 -16
6 -3 -21
6 -3 -26
6 -3 -31
6 -4 -4
6 -4 -16
6 -5 -3
6 -5 -37
6 -6 -24
6 -6 -31
6 -6 -39
6 -7 -6
6 -7 -21
6 -7 -26
6 -8 -9
6 -8 -36
6 -8 -39
6 -9 -28
6 -10 -16
6 -10 -17
6 -10 -24
6 -11 -22
6 -13 -19
6 -13 -37
6 -13 -38
6 -15 -4
6 -15 -12
6 -16 -1
6 -16 -33
6 -17 -12
6 -17 -17
6 -17 -18
6 -17 -20
6 -18 -33
6 -18 -36
6 -19 -25
6 -20 -17
6 -20 -34
6 -20 -37
6 -21 -27
6 -21 -28
6 -21 -29
6 -21 -30
6 -22 -11
6 -22 -17
6 -23 -3
6 -23 -14
6 -23 -24
6 -23 -32
6 -24 -16
6 -24 -17
6 -26 -6
6 -27 -35
6 -28 -9
6 -28 -20
6 -29 -17
6 -29 -27
6 -29 -35
6 -31 -8
6 -31 -12
6 -32 -7
6 -32 -31
6 -33 -11
6 -33 -31
6 -34 -10
6 -36 -2
6 -36 -10
6 -36 -11
6 -36 -20
6 -37 -10
6 -37 -23
6 -37 -39
6 -38 0
6 -38 -17
6 -39 -38
7 -1 -7
7 -1 -15
7 -1 -18
7 -2 -25
7 -3 -16
7 -3 -21
7 -3 -26
7 -3 -31
7 -4 -4
7 -4 -16
7 -5 -3
7 -5 -37
7 -6 -24
7 -6 -31
7 -6 -39
7 -7 -6
7 -7 -21
7 -7 -26
7 -8 -9
7 -8 -36
7 -8 -39
7 -9 -28
7 -10 -16
7 -10 -17
7 -10 -24
7 -11 -22
7 -13 -19
7 -13 -37
7 -13 -38
7 -15 -4
7 -15 -12
7 -16 -1
7 -16 -33
7 -17 -12
7 -17 -17
7 -17 -18
7 -17 -20
7 -18 -33
7 -18 -36
7 -19 -25
7 -20 -17
7 -20 -34
7 -20 -37
7 -21 -27
7 -21 -28
7 -21 -29
7 -21 -30
7 -22 -11
7 -22 -17
7 -23 -3
7 -23 -14
7 -23 -24
7 -23 -32
7 -24 -16
7 -24 -17
7 -26 -6
7 -27 -35
7 -28 -9
7 -28 -20
7 -29 -17
7 -29 -27
7 -29 -35
7 -31 -8
7 -31 -12
7 -32 -7
7 -32 -31
7 -33 -11
7 -33 -31
7 -34 -10
7 -36 -2
7 -36 -10
7 -36 -11
7 -36 -20
7 -37 -10
7 -37 -23
7 -37 -39
7 -38 0
7 -38 -17
7 -39 -38
8 -1 -7
8 -1 -15
8 -1 -18
8 -2 -25
8 -3 -16
8 -3 -21
8 -3 -26
8 -3 -31
8 -4 -4
8 -4 -16
8 -5 -3
8 -5 -37
8 -6 -24
8 -6 -31
8 -6 -39
8 -7 -6
8 -7 -21
8 -7 -26
8 -8 -9
8 -8 -36
8 -8 -39
8 -9 -28
8 -10 -16
8 -10 -17
8 -10 -24
8 -11 -22
8 -13 -19
8 -13 -37
8 -13 -38
8 -15 -4
8 -15 -12
8 -16 -1
8 -16 -33
8 -17 -12
8 -17 -17
8 -17 -18
8 -17 -20
8 -18 -33
8 -18 -36
8 -19 -25
8 -20 -17
8 -20 -34
8 -20 -37
8 -21 -27
8 -21 -28
8 -21 -29
8 -21 -30
8 -22 -11
8 -22 -17
8 -23 -3
8 -23 -14
8 -23 -24
8 -23 -32
8 -24 -16
8 -24 -17
8 -26 -6
8 -27 -35
8 -28 -9
8 -28 -20
8 -29 -17
8 -29 -27
8 -29 -35
8 -31 -8
8 -31 -12
8 -32 -7
8 -32 -31
8 -33 -11
8 -33 -31
8 -34 -10
8 -36 -2
8 -36 -10
8 -36 -11
8 -36 -20
8 -37 -10
8 -37 -23
8 -37 -39
8 -38 0
8 -38 -17
8 -39 -38
9 -1 -7
9 -1 -15
9 -1 -18
9 -2 -25
9 -3 -16
9 -3 -21
9 -3 -26
9 -3 -31
9 -4 -4
9 -4 -16
9 -5 -3
9 -5 -37
9 -6 -24
9 -6 -31
9 -6 -39
9 -7 -6
9 -7 -21
9 -7 -26
9 -8 -9
9 -8 -36
9 -8 -39
9 -9 -28
9 -10 -16
9 -10 -17
9 -10 -24
9 -11 -22
9 -13 -19
9 -13 -37
9 -13 -38
9 -15 -4
9 -15 -12
9 -16 -1
9 -16 -33
9 -17 -12
9 -17 -17
9 -17 -18
9 -17 -20
9 -18 -33
9 -18 -36
9 -19 -25
9 -20 -17
9 -20 -34
9 -20 -37
9 -21 -27
9 -21 -28
9 -21 -29
9 -21 -30
9 -22 -11
9 -22 -17
9 -23 -3
9 -23 -14
9 -23 -24
9 -23 -32
9 -24 -16
9 -24 -17
9 -26 -6
9 -27 -35
9 -28 -9
9 -28 -20
9 -29 -17
9 -29 -27
9 -29 -35
9 -31 -8
9 -31 -12
9 -32 -7
9 -32 -31
9 -33 -11
9 -33 -31
9 -34 -10
9 -36 -2
9 -36 -10
9 -36 -11
9 -36 -20
9 -37 -10
9 -37 -23
9 -37 -39
9 -38 0
9 -38 -17
9 -39 -38
10 -1 -7
10 -1 -15
10 -1 -18
10 -2 -25
10 -3 -16
10 -3 -21
10 -3 -26
10 -3 -31
10 -4 -4
10 -4 -16
10 -5 -3
10 -5 -37
10 -6 -24
10 -6 -31
10 -6 -39
10 -7 -6
10 -7 -21
10 -7 -26
10 -8 -9
10 -8 -36
10 -8 -39
10 -9 -28
10 -10 -16
10 -10 -17
10 -10 -24
10 -11 -22
10 -13 -19
10 -13 -37
10 -13 -38
10 -15 -4
10 -15 -12
10 -16 -1
10 -16 -33
10 -17 -12
10 -17 -17
10 -17 -18
10 -17 -20
10 -18 -33
10 -18 -36
10 -19 -25
10 -20 -17
10 -20 -34
10 -20 -37
10 -21 -27
10 -21 -28
10 -21 -29
10 -21 -30
10 -22 -11
10 -22 -17
10 -23 -3
10 -23 -14
10 -23 -24
10 -23 -32
10 -24 -16
10 -24 -17
10 -26 -6
10 -27 -35
10 -28 -9
10 -28 -20
10 -29 -17
10 -29 -27
10 -29 -35
10 -31 -8
10 -31 -12
10 -32 -7
10 -32 -31
10 -33 -11
10 -33 -31
10 -34 -10
10 -36 -2
10 -36 -10
10 -36 -11
10 -36 -20
10 -37 -10
10 -37 -23
10 -37 -39
10 -38 0
10 -38 -17
10 -39 -38
11 -1 -7
11 -1 -15
11 -1 -18
11 -2 -25
11 -3 -16
11 -3 -21
11 -3 -26
11 -3 -31
11 -4 -4
11 -4 -16
11 -5 -3
11 -5 -37
11 -6 -24
11 -6 -31
11 -6 -39
11 -7 -6
11 -7 -21
11 -7 -26
11 -8 -9
11 -8 -36
11 -8 -39
11 -9 -28
11 -10 -16
11 -10 -17
11 -10 -24
11 -11 -22
11 -13 -19
11 -13 -37
11 -13 -38
11 -15 -4
11 -15 -12
11 -16 -1
11 -16 -33
11 -17 -12
11 -17 -17
11 -17 -18
11 -17 -20
11 -18 -33
11 -18 -36
11 -19 -25
11 -20 -17
11 -20 -34
11 -20 -37
11 -21 -27
11 -21 -28
11 -21 -29
11 -21 -30
11 -22 -11
11 -22 -17
11 -23 -3
11 -23 -14
11 -23 -24
11 -23 -32
11 -24 -16
11 -24 -17
11 -26 -6
11 -27 -35
11 -28 -9
11 -28 -20
11 -29 -17
11 -29 -27
11 -29 -35
11 -31 -8
11 -31 -12
11 -32 -7
11 -32 -31
11 -33 -11
11 -33 -31
11 -34 -10
11 -36 -2
11 -36 -10
11 -36 -11
11 -36 -20
11 -37 -10
11 -37 -23
11 -37 -39
11 -38 0
11 -38 -17
11 -39 -38
12 -1 -7
12 -1 -15
12 -1 -18
12 -2 -25
12 -3 -16
12 -3 -21
12 -3 -26
12 -3 -31
12 -4 -4
12 -4 -16
12 -5 -3
12 -5 -37
12 -6 -24
12 -6 -31
12 -6 -39
12 -7 -6
12 -7 -21
12 -7 -26
12 -8 -9
12 -8 -36
12 -8 -39
12 -9 -28
12 -10 -16
12 -10 -17
12 -10 -24
12 -11 -22
12 -13 -19
12 -13 -37
12 -13 -38
12 -15 -4
12 -15 -12
12 -16 -1
12 -16 -33
12 -17 -12
12 -17 -17
12 -17 -18
12 -17 -20
12 -18 -33
12 -18 -36
12 -19 -25
12 -20 -17
12 -20 -34
12 -20 -37
12 -21 -27
12 -21 -28
12 -21 -29
12 -21 -30
12 -22 -11
12 -22 -17
12 -23 -3
12 -23 -14
12 -23 -24
12 -23 -32
12 -24 -16
12 -24 -17
12 -26 -6
12 -27 -35
12 -28 -9
12 -28 -20
12 -29 -17
12 -29 -27
12 -29 -35
12 -31 -8
12 -31 -12
12 -32 -7
12 -32 -31
12 -33 -11
12 -33 -31
12 -34 -10
12 -36 -2
12 -36 -10
12 -36 -11
12 -36 -20
12 -37 -10
12 -37 -23
12 -37 -39
12 -38 0
12 -38 -17
12 -39 -38
13 -1 -7
13 -1 -15
13 -1 -18
13 -2 -25
13 -3 -16
13 -3 -21
13 -3 -26
13 -3 -31
13 -4 -4
13 -4 -16
13 -5 -3
13 -5 -37
13 -6 -24
13 -6 -31
13 -6 -39
13 -7 -6
13 -7 -21
13 -7 -26
13 -8 -9
13 -8 -36
13 -8 -39
13 -9 -28
13 -10 -16
13 -10 -17
13 -10 -24
13 -11 -22
13 -13 -19
13 -13 -37
13 -13 -38
13 -15 -4
13 -15 -12
13 -16 -1
13 -16 -33
13 -17 -12
13 -17 -17
13 -17 -18
13 -17 -20
13 -18 -33
13 -18 -36
13 -19 -25
13 -20 -17
13 -20 -34
13 -20 -37
13 -21 -27
13 -21 -28
13 -21 -29
13 -21 -30
13 -22 -11
13 -22 -17
13 -23 -3
13 -23 -14
13 -23 -24
13 -23 -32
13 -24 -16
13 -24 -17
13 -26 -6
13 -27 -35
13 -28 -9
13 -28 -20
13 -29 -17
13 -29 -27
13 -29 -35
13 -31 -8
13 -31 -12
13 -32 -7
13 -32 -31
13 -33 -11
13 -33 -31
13 -34 -10
13 -36 -2
13 -36 -10
13 -36 -11
13 -36 -20
13 -37 -10
13 -37 -23
13 -37 -39
13 -38 0
13 -38 -17
13 -39 -38
14 -1 -7
14 -1 -15
14 -1 -18
14 -2 -25
14 -3 -16
14 -3 -21
14 -3 -26
14 -3 -31
14 -4 -4
14 -4 -16
14 -5 -3
14 -5 -37
14 -6 -24
14 -6 -31
14 -6 -39
14 -7 -6
14 -7 -21
14 -7 -26
14 -8 -9
14 -8 -36
14 -8 -39
14 -9 -28
14 -10 -16
14 -10 -17
14 -10 -24
14 -11 -22
14 -13 -19
14 -13 -37
14 -13 -38
14 -15 -4
14 -15 -12
14 -16 -1
14 -16 -33
14 -17 -12
14 -17 -17
14 -17 -18
14 -17 -20
14 -18 -33
14 -18 -36
14 -19 -25
14 -20 -17
14 -20 -34
14 -20 -37
14 -21 -27
14 -21 -28
14 -21 -29
14 -21 -30
14 -22 -11
14 -22 -17
14 -23 -3
14 -23 -14
14 -23 -24
14 -23 -32
14 -24 -16
14 -24 -17
14 -26 -6
14 -27 -35
14 -28 -9
14 -28 -20
14 -29 -17
14 -29 -27
14 -29 -35
14 -31 -8
14 -31 -12
14 -32 -7
14 -32 -31
14 -33 -11
14 -33 -31
14 -34 -10
14 -36 -2
14 -36 -10
14 -36 -11
14 -36 -20
14 -37 -10
14 -37 -23
14 -37 -39
14 -38 0
14 -38 -17
14 -39 -38
15 -1 -7
15 -1 -15
15 -1 -18
15 -2 -25
15 -3 -16
15 -3 -21
15 -3 -26
15 -3 -31
15 -4 -4
15 -4 -16
15 -5 -3
15 -5 -37
15 -6 -24
15 -6 -31
15 -6 -39
15 -7 -6
15 -7 -21
15 -7 -26
15 -8 -9
15 -8 -36
15 -8 -39
15 -9 -28
15 -10 -16
15 -10 -17
15 -10 -24
15 -11 -22
15 -13 -19
15 -13 -37
15 -13 -38
15 -15 -4
15 -15 -12
15 -16 -1
15 -16 -33
15 -17 -12
15 -17 -17
15 -17 -18
15 -17 -20
15 -18 -33
15 -18 -36
15 -19 -25
15 -20 -17
15 -20 -34
15 -20 -37
15 -21 -27
15 -21 -28
15 -21 -29
15 -21 -30
15 -22 -11
15 -22 -17
15 -23 -3
15 -23 -14
15 -23 -24
15 -23 -32
15 -24 -16
15 -24 -17
15 -26 -6
15 -27 -35
15 -28 -9
15 -28 -20
15 -29 -17
15 -29 -27
15 -29 -35
15 -31 -8
15 -31 -12
15 -32 -7
15 -32 -31
15 -33 -11
15 -33 -31
15 -34 -10
15 -36 -2
15 -36 -10
15 -36 -11
15 -36 -20
15 -37 -10
15 -37 -23
15 -37 -39
15 -38 0
15 -38 -17
15 -39 -38
16 -1 -7
16 -1 -15
16 -1 -18
16 -2 -25
16 -3 -16
16 -3 -21
16 -3 -26
16 -3 -31
16 -4 -4
16 -4 -16
16 -5 -3
16 -5 -37
16 -6 -24
16 -6 -31
16 -6 -39
16 -7 -6
16 -7 -21
16 -7 -26
16 -8 -9
16 -8 -36
16 -8 -39
16 -9 -28
16 -10 -16
16 -10 -17
16 -10 -24
16 -11 -22
16 -13 -19
16 -13 -37
16 -13 -38
16 -15 -4
16 -15 -12
16 -16 -1
16 -16 -33
16 -17 -12
16 -17 -17
16 -17 -18
16 -17 -20
16 -18 -33
16 -18 -36
16 -19 -25
16 -20 -17
16 -20 -34
16 -20 -37
16 -21 -27
16 -21 -28
16 -21 -29
16 -21 -30
16 -22 -11
16 -22 -17
16 -23 -3
16 -23 -14
16 -23 -24
16 -23 -32
16 -24 -16
16 -24 -17
16 -26 -6
16 -27 -35
16 -28 -9
16 -28 -20
16 -29 -17
16 -29 -27
16 -29 -35
16 -31 -8
16 -31 -12
16 -32 -7
16 -32 -31
16 -33 -11
16 -33 -31
16 -34 -10
16 -36 -2
16 -36 -10
16 -36 -11
16 -36 -20
16 -37 -10
16 -37 -23
16 -37 -39
16 -38 0
16 -38 -17
16 -39 -38
17 -1 -7
17 -1 -15
17 -1 -18
17 -2 -25
17 -3 -16
17 -3 -21
17 -3 -26
17 -3 -31
17 -4 -4
17 -4 -16
17 -5 -3
17 -5 -37
17 -6 -24
17 -6 -31
17 -6 -39
17 -7 -6
17 -7 -21
17 -7 -26
17 -8 -9
17 -8 -36
17 -8 -39
17 -9 -28
17 -10 -16
17 -10 -17
17 -10 -24
17 -11 -22
17 -13 -19
17 -13 -37
17 -13 -38
17 -15 -4
17 -15 -12
17 -16 -1
17 -16 -33
17 -17 -12
17 -17 -17
17 -17 -18
17 -17 -20
17 -18 -33
17 -18 -36
17 -19 -25
17 -20 -17
17 -20 -34
17 -20 -37
17 -21 -27
17 -21 -28
17 -21 -29
17 -21 -30
17 -22 -11
17 -22 -17
17 -23 -3
17 -23 -14
17 -23 -24
17 -23 -32
17 -24 -16
17 -24 -17
17 -26 -6
17 -27 -35
17 -28 -9
17 -28 -20
17 -29 -17
17 -29 -27
17 -29 -35
17 -31 -8
17 -31 -12
17 -32 -7
17 -32 -31
17 -33 -11
17 -33 -31
17 -34 -10
17 -36 -2
17 -36 -10
17 -36 -11
17 -36 -20
17 -37 -10
17 -37 -23
17 -37 -39
17 -38 0
17 -38 -17
17 -39 -38
18 -1 -7
18 -1 -15
18 -1 -18
18 -2 -25
18 -3 -16
18 -3 -21
18 -3 -26
18 -3 -31
18 -4 -4
18 -4 -16
18 -5 -3
18 -5 -37
18 -6 -24
18 -6 -31
18 -6 -39
18 -7 -6
18 -7 -21
18 -7 -26
18 -8 -9
18 -8 -36
18 -8 -39
18 -9 -28
18 -10 -16
18 -10 -17
18 -10 -24
18 -11 -22
18 -13 -19
18 -13 -37
18 -13 -38
18 -15 -4
18 -15 -12
18 -16 -1
18 -16 -33
18 -17 -12
18 -17 -17
18 -17 -18
18 -17 -20
18 -18 -33
18 -18 -36
18 -19 -25
18 -20 -17
18 -20 -34
18 -20 -37
18 -21 -27
18 -21 -28
18 -21 -29
18 -21 -30
18 -22 -11
18 -22 -17
18 -23 -3
18 -23 -14
18 -23 -24
18 -23 -32
18 -24 -16
18 -24 -17
18 -26 -6
18 -27 -35
18 -28 -9
18 -28 -20
18 -29 -17
18 -29 -27
18 -29 -35
18 -31 -8
18 -31 -12
18 -32 -7
18 -32 -31
18 -33 -11
18 -33 -31
18 -34 -10
18 -36 -2
18 -36 -10
18 -36 -11
18 -36 -20
18 -37 -10
18 -37 -23
18 -37 -39
18 -38 0
18 -38 -17
18 -39 -38
19 -1 -7
19 -1 -15
19 -1 -18
19 -2 -25
19 -3 -16
19 -3 -21
19 -3 -26
19 -3 -31
19 -4 -4
19 -4 -16
19 -5 -3
19 -5 -37
19 -6 -24
19 -6 -31
19 -6 -39
19 -7 -6
19 -7 -21
19 -7 -26
19 -8 -9
19 -8 -36
19 -8 -39
19 -9 -28
19 -10 -16
19 -10 -17
19 -10 -24
19 -11 -22
19 -13 -19
19 -13 -37
19 -13 -38
19 -15 -4
19 -15 -12
19 -16 -1
19 -16 -33
19 -17 -12
19 -17 -17
19 -17 -18
19 -17 -20
19 -18 -33
19 -18 -36
19 -19 -25
19 -20 -17
19 -20 -34
19 -20 -37
19 -21 -27
19 -21 -28
19 -21 -29
19 -21 -30
19 -22 -11
19 -22 -17
19 -23 -3
19 -23 -14
19 -23 -24
19 -23 -32
19 -24 -16
19 -24 -17
19 -26 -6
19 -27 -35
19 -28 -9
19 -28 -20
19 -29 -17
19 -29 -27
19 -29 -35
19 -31 -8
19 -31 -12
19 -32 -7
19 -32 -31
19 -33 -11
19 -33 -31
19 -34 -10
19 -36 -2
19 -36 -10
19 -36 -11
19 -36 -20
19 -37 -10
19 -37 -23
19 -37 -39
19 -38 0
19 -38 -17
19 -39 -38
20 -1 -7
20 -1 -15
20 -1 -18
20 -2 -25
20 -3 -16
20 -3 -21
20 -3 -26
20 -3 -31
20 -4 -4
20 -4 -16
20 -5 -3
20 -5 -37
20 -6 -24
20 -6 -31
20 -6 -39
20 -7 -6
20 -7 -21
20 -7 -26
20 -8 -9
20 -8 -36
20 -8 -39
20 -9 -28
20 -10 -16
20 -10 -17
20 -10 -24
20 -11 -22
20 -13 -19
20 -13 -37
20 -13 -38
20 -15 -4
20 -15 -12
20 -16 -1
20 -16 -33
20 -17 -12
20 -17 -17
20 -17 -18
20 -17 -20
20 -18 -33
20 -18 -36
20 -19 -25
20 -20 -17
20 -20 -34
20 -20 -37
20 -21 -27
20 -21 -28
20 -21 -29
20 -21 -30
20 -22 -11
20 -22 -17
20 -23 -3
20 -23 -14
20 -23 -24
20 -23 -32
20 -24 -16
20 -24 -17
20 -26 -6
20 -27 -35
20 -28 -9
20 -28 -20
20 -29 -17
20 -29 -27
20 -29 -35
20 -31 -8
20 -31 -12
20 -32 -7
20 -32 -31
20 -33 -11
20 -33 -31
20 -34 -10
20 -36 -2
20 -36 -10
20 -36 -11
20 -36 -20
20 -37 -10
20 -37 -23
20 -37 -39
20 -38 0
20 -38 -17
20 -39 -38
21 -1 -7
21 -1 -15
21 -1 -18
21 -2 -25
21 -3 -16
21 -3 -21
21 -3 -26
21 -3 -31
21 -4 -4
21 -4 -16
21 -5 -3
21 -5 -37
21 -6 -24
21 -6 -31
21 -6 -39
21 -7 -6
21 -7 -21
21 -7 -26
21 -8 -9
21 -8 -36
21 -8 -39
21 -9 -28
21 -10 -16
21 -10 -17
21 -10 -24
21 -11 -22
21 -13 -19
21 -13 -37
21 -13 -38
21 -15 -4
21 -15 -12
21 -16 -1
21 -16 -33
21 -17 -12
21 -17 -17
21 -17 -18
21 -17 -20
21 -18 -33
21 -18 -36
21 -19 -25
21 -20 -17
21 -20 -34
21 -20 -37
21 -21 -27
21 -21 -28
21 -21 -29
21 -21 -30
21 -22 -11
21 -22 -17
21 -23 -3
21 -23 -14
21 -23 -24
21 -23 -32
21 -24 -16
21 -24 -17
21 -26 -6
21 -27 -35
21 -28 -9
21 -28 -20
21 -29 -17
21 -29 -27
21 -29 -35
21 -31 -8
21 -31 -12
21 -32 -7
21 -32 -31
21 -33 -11
21 -33 -31
21 -34 -10
21 -36 -2
21 -36 -10
21 -36 -11
21 -36 -20
21 -37 -10
21 -37 -23
21 -37 -39
21 -38 0
21 -38 -17
21 -39 -38
22 -1 -7
22 -1 -15
22 -1 -18
22 -2 -25
22 -3 -16
22 -3 -21
22 -3 -26
22 -3 -31
22 -4 -4
22 -4 -16
22 -5 -3
22 -5 -37
22 -6 -24
22 -6 -31
22 -6 -39
22 -7 -6
22 -7 -21
22 -7 -26
22 -8 -9
22 -8 -36
22 -8 -39
22 -9 -28
22 -10 -16
22 -10 -17
22 -10 -24
22 -11 -22
22 -13 -19
22 -13 -37
22 -13 -38
22 -15 -4
22 -15 -12
22 -16 -1
22 -16 -33
22 -17 -12
22 -17 -17
22 -17 -18
22 -17 -20
22 -18 -33
22 -18 -36
22 -19 -25
22 -20 -17
22 -20 -34
22 -20 -37
22 -21 -27
22 -21 -28
22 -21 -29
22 -21 -30
22 -22 -11
22 -22 -17
22 -23 -3
22 -23 -14
22 -23 -24
22 -23 -32
22 -24 -16
22 -24 -17
22 -26 -6
22 -27 -35
22 -28 -9
22 -28 -20
22 -29 -17
22 -29 -27
22 -29 -35
22 -31 -8
22 -31 -12
22 -32 -7
22 -32 -31
22 -33 -11
22 -33 -31
22 -34 -10
22 -36 -2
22 -36 -10
22 -36 -11
22 -36 -20
22 -37 -10
22 -37 -23
22 -37 -39
22 -38 0
22 -38 -17
22 -39 -38
23 -1 -7
23 -1 -15
23 -1 -18
23 -2 -25
23 -3 -16
23 -3 -21
23 -3 -26
23 -3 -31
23 -4 -4
23 -4 -16
23 -5 -3
23 -5 -37
23 -6 -24
23 -6 -31
23 -6 -39
23 -7 -6
23 -7 -21
23 -7 -26
23 -8 -9
23 -8 -36
23 -8 -39
23 -9 -28
23 -10 -16
23 -10 -17
23 -10 -24
23 -11 -22
23 -13 -19
23 -13 -37
23 -13 -38
23 -15 -4
23 -15 -12
23 -16 -1
23 -16 -33
23 -17 -12
23 -17 -17
23 -17 -18
23 -17 -20
23 -18 -33
23 -18 -36
23 -19 -25
23 -20 -17
23 -20 -34
23 -20 -37
23 -21 -27
23 -21 -28
23 -21 -29
23 -21 -30
23 -22 -11
23 -22 -17
23 -23 -3
23 -23 -14
23 -23 -24
23 -23 -32
23 -24 -16
23 -24 -17
23 -26 -6
23 -27 -35
23 -28 -9
23 -28 -20
23 -29 -17
23 -29 -27
23 -29 -35
23 -31 -8
23 -31 -12
23 -32 -7
23 -32 -31
23 -33 -11
23 -33 -31
23 -34 -10
23 -36 -2
23 -36 -10
23 -36 -11
23 -36 -20
23 -37 -10
23 -37 -23
23 -37 -39
23 -38 0
23 -38 -17
23 -39 -38
24 -1 -7
24 -1 -15
24 -1 -18
24 -2 -25
24 -3 -16
24 -3 -21
24 -3 -26
24 -3 -31
24 -4 -4
24 -4 -16
24 -5 -3
24 -5 -37
24 -6 -24
24 -6 -31
24 -6 -39
24 -7 -6
24 -7 -21
24 -7 -26
24 -8 -9
24 -8 -36
24 -8 -39
24 -9 -28
24 -10 -16
24 -10 -17
24 -10 -24
24 -11 -22
24 -13 -19
24 -13 -37
24 -13 -38
24 -15 -4
24 -15 -12
24 -16 -1
24 -16 -33
24 -17 -12
24 -17 -17
24 -17 -18
24 -17 -20
24 -18 -33
24 -18 -36
24 -19 -25
24 -20 -17
24 -20 -34
24 -20 -37
24 -21 -27
24 -21 -28
24 -21 -29
24 -21 -30
24 -22 -11
24 -22 -17
24 -23 -3
24 -23 -14
24 -23 -24
24 -23 -32
24 -24 -16
24 -24 -17
24 -26 -6
24 -27 -35
24 -28 -9
24 -28 -20
24 -29 -17
24 -29 -27
24 -29 -35
24 -31 -8
24 -31 -12
24 -32 -7
24 -32 -31
24 -33 -11
24 -33 -31
24 -34 -10
24 -36 -2
24 -36 -10
24 -36 -11
24 -36 -20
24 -37 -10
24 -37 -23
24 -37 -39
24 -38 0
24 -38 -17
24 -39 -38
25 -1 -7
25 -1 -15
25 -1 -18
25 -2 -25
25 -3 -16
25 -3 -21
25 -3 -26
25 -3 -31
25 -4 -4
25 -4 -16
25 -5 -3
25 -5 -37
25 -6 -24
25 -6 -31
25 -6 -39
25 -7 -6
25 -7 -21
25 -7 -26
25 -8 -9
25 -8 -36
25 -8 -39
25 -9 -28
25 -10 -16
25 -10 -17
25 -10 -24
25 -11 -22
25 -13 -19
25 -13 -37
25 -13 -38
25 -15 -4
25 -15 -12
25 -16 -1
25 -16 -33
25 -17 -12
25 -17 -17
25 -17 -18
25 -17 -20
25 -18 -33
25 -18 -36
25 -19 -25
25 -20 -17
25 -20 -34
25 -20 -37
25 -21 -27
25 -21 -28
25 -21 -29
25 -21 -30
25 -22 -11
25 -22 -17
25 -23 -3
25 -23 -14
25 -23 -24
25 -23 -32
25 -24 -16
25 -24 -17
25 -26 -6
25 -27 -35
25 -28 -9
25 -28 -20
25 -29 -17
25 -29 -27
25 -29 -35
25 -31 -8
25 -31 -12
25 -32 -7
25 -32 -31
25 -33 -11
25 -33 -31
25 -34 -10
25 -36 -2
25 -36 -10
25 -36 -11
25 -36 -20
25 -37 -10
25 -37 -23
25 -37 -39
25 -38 0
25 -38 -17
25 -39 -38
26 -1 -7
26 -1 -15
26 -1 -18
26 -2 -25
26 -3 -16
26 -3 -21
26 -3 -26
26 -3 -31
26 -4 -4
26 -4 -16
26 -5 -3
26 -5 -37
26 -6 -24
26 -6 -31
26 -6 -39
26 -7 -6
26 -7 -21
26 -7 -26
26 -8 -9
26 -8 -36
26 -8 -39
26 -9 -28
26 -10 -16
26 -10 -17
26 -10 -24
26 -11 -22
26 -13 -19
26 -13 -37
26 -13 -38
26 -15 -4
26 -15 -12
26 -16 -1
26 -16 -33
26 -17 -12
26 -17 -17
26 -17 -18
26 -17 -20
26 -18 -33
26 -18 -36
26 -19 -25
26 -20 -17
26 -20 -34
26 -20 -37
26 -21 -27
26 -21 -28
26 -21 -29
26 -21 -30
26 -22 -11
26 -22 -17
26 -23 -3
26 -23 -14
26 -23 -24
26 -23 -32
26 -24 -16
26 -24 -17
26 -26 -6
26 -27 -35
26 -28 -9
26 -28 -20
26 -29 -17
26 -29 -27
26 -29 -35
26 -31 -8
26 -31 -12
26 -32 -7
26 -32 -31
26 -33 -11
26 -33 -31
26 -34 -10
26 -36 -2
26 -36 -10
26 -36 -11
26 -36 -20
26 -37 -10
26 -37 -23
26 -37 -39
26 -38 0
26 -38 -17
26 -39 -38
27 -1 -7
27 -1 -15
27 -1 -18
27 -2 -25
27 -3 -16
27 -3 -21
27 -3 -26
27 -3 -31
27 -4 -4
27 -4 -16
27 -5 -3
27 -5 -37
27 -6 -24
27 -6 -31
27 -6 -39
27 -7 -6
27 -7 -21
27 -7 -26
27 -8 -9
27 -8 -36
27 -8 -39
27 -9 -28
27 -10 -16
27 -10 -17
27 -10 -24
27 -11 -22
27 -13 -19
27 -13 -37
27 -13 -38
27 -15 -4
27 -15 -12
27 -16 -1
27 -16 -33
27 -17 -12
27 -17 -17
27 -17 -18
27 -17 -20
27 -18 -33
27 -18 -36
27 -19 -25
27 -20 -17
27 -20 -34
27 -20 -37
27 -21 -27
27 -21 -28
27 -21 -29
27 -21 -30
27 -22 -11
27 -22 -17
27 -23 -3
27 -23 -14
27 -23 -24
27 -23 -32
27 -24 -16
27 -24 -17
27 -26 -6
27 -27 -35
27 -28 -9
27 -28 -20
27 -29 -17
27 -29 -27
27 -29 -35
27 -31 -8
27 -31 -12
27 -32 -7
27 -32 -31
27 -33 -11
27 -33 -31
27 -34 -10
27 -36 -2
27 -36 -10
27 -36 -11
27 -36 -20
27 -37 -10
27 -37 -23
27 -37 -39
27 -38 0
27 -38 -17
27 -39 -38
28 -1 -7
28 -1 -15
28 -1 -18
28 -2 -25
28 -3 -16
28 -3 -21
28 -3 -26
28 -3 -31
28 -4 -4
28 -4 -16
28 -5 -3
28 -5 -37
28 -6 -24
28 -6 -31
28 -6 -39
28 -7 -6
28 -7 -21
28 -7 -26
28 -8 -9
28 -8 -36
28 -8 -39
28 -9 -28
28 -10 -16
28 -10 -17
28 -10 -24
28 -11 -22
28 -13 -19
28 -13 -37
28 -13 -38
28 -15 -4
28 -15 -12
28 -16 -1
28 -16 -33
28 -17 -12
28 -17 -17
28 -17 -18
28 -17 -20
28 -18 -33
28 -18 -36
28 -19 -25
28 -20 -17
28 -20 -34
28 -20 -37
28 -21 -27
28 -21 -28
28 -21 -29
28 -21 -30
28 -22 -11
28 -22 -17
28 -23 -3
28 -23 -14
28 -23 -24
28 -23 -32
28 -24 -16
28 -24 -17
28 -26 -6
28 -27 -35
28 -28 -9
28 -28 -20
28 -29 -17
28 -29 -27
28 -29 -35
28 -31 -8
28 -31 -12
28 -32 -7
28 -32 -31
28 -33 -11
28 -33 -31
28 -34 -10
28 -36 -2
28 -36 -10
28 -36 -11
28 -36 -20
28 -37 -10
28 -37 -23
28 -37 -39
28 -38 0
28 -38 -17
28 -39 -38
29 -1 -7
29 -1 -15
29 -1 -18
29 -2 -25
29 -3 -16
29 -3 -21
29 -3 -26
29 -3 -31
29 -4 -4
29 -4 -16
29 -5 -3
29 -5 -37
29 -6 -24
29 -6 -31
29 -6 -39
29 -7 -6
29 -7 -21
29 -7 -26
29 -8 -9
29 -8 -36
29 -8 -39
29 -9 -28
29 -10 -16
29 -10 -17
29 -10 -24
29 -11 -22
29 -13 -19
29 -13 -37
29 -13 -38
29 -15 -4
29 -15 -12
29 -16 -1
29 -16 -33
29 -17 -12
29 -17 -17
29 -17 -18
29 -17 -20
29 -18 -33
29 -18 -36
29 -19 -25
29 -20 -17
29 -20 -34
29 -20 -37
29 -21 -27
29 -21 -28
29 -21 -29
29 -21 -30
29 -22 -11
29 -22 -17
29 -23 -3
29 -23 -14
29 -23 -24
29 -23 -32
29 -24 -16
29 -24 -17
29 -26 -6
29 -27 -35
29 -28 -9
29 -28 -20
29 -29 -17
29 -29 -27
29 -29 -35
29 -31 -8
29 -31 -12
29 -32 -7
29 -32 -31
29 -33 -11
29 -33 -31
29 -34 -10
29 -36 -2
29 -36 -10
29 -36 -11
29 -36 -20
29 -37 -10
29 -37 -23
29 -37 -39
29 -38 0
29 -38 -17
29 -39 -38
30 -1 -7
30 -1 -15
30 -1 -18
30 -2 -25
30 -3 -16
30 -3 -21
30 -3 -26
30 -3 -31
30 -4 -4
30 -4 -16
30 -5 -3
30 -5 -37
30 -6 -24
30 -6 -31
30 -6 -39
30 -7 -6
30 -7 -21
30 -7 -26
30 -8 -9
30 -8 -36
30 -8 -39
30 -9 -28
30 -10 -16
30 -10 -17
30 -10 -24
30 -11 -22
30 -13 -19
30 -13 -37
30 -13 -38
30 -15 -4
30 -15 -12
30 -16 -1
30 -16 -33
30 -17 -12
30 -17 -17
30 -17 -18
30 -17 -20
30 -18 -33
30 -18 -36
30 -19 -25
30 -20 -17
30 -20 -34
30 -20 -37
30 -21 -27
30 -21 -28
30 -21 -29
30 -21 -30
30 -22 -11
30 -22 -17
30 -23 -3
30 -23 -14
30 -23 -24
30 -23 -32
30 -24 -16
30 -24 -17
30 -26 -6
30 -27 -35
30 -28 -9
30 -28 -20
30 -29 -17
30 -29 -27
30 -29 -35
30 -31 -8
30 -31 -12
30 -32 -7
30 -32 -31
30 -33 -11
30 -33 -31
30 -34 -10
30 -36 -2
30 -36 -10
30 -36 -11
30 -36 -20
30 -37 -10
30 -37 -23
30 -37 -39
30 -38 0
30 -38 -17
30 -39 -38
31 -1 -7
31 -1 -15
31 -1 -18
31 -2 -25
31 -3 -16
31 -3 -21
31 -3 -26
31 -3 -31
31 -4 -4
31 -4 -16
31 -5 -3
31 -5 -37
31 -6 -24
31 -6 -31
31 -6 -39
31 -7 -6
31 -7 -21
31 -7 -26
31 -8 -9
31 -8 -36
31 -8 -39
31 -9 -28
31 -10 -16
31 -10 -17
31 -10 -24
31 -11 -22
31 -13 -19
31 -13 -37
31 -13 -38
31 -15 -4
31 -15 -12
31 -16 -1
31 -16 -33
31 -17 -12
31 -17 -17
31 -17 -18
31 -17 -20
31 -18 -33
31 -18 -36
31 -19 -25
31 -20 -17
31 -20 -34
31 -20 -37
31 -21 -27
31 -21 -28
31 -21 -29
31 -21 -30
31 -22 -11
31 -22 -17
31 -23 -3
31 -23 -14
31 -23 -24
31 -23 -32
31 -24 -16
31 -24 -17
31 -26 -6
31 -27 -35
31 -28 -9
31 -28 -20
31 -29 -17
31 -29 -27
31 -29 -35
31 -31 -8
31 -31 -12
31 -32 -7
31 -32 -31
31 -33 -11
31 -33 -31
31 -34 -10
31 -36 -2
31 -36 -10
31 -36 -11
31 -36 -20
31 -37 -10
31 -37 -23
31 -37 -39
31 -38 0
31 -38 -17
31 -39 -38
32 -1 -7
32 -1 -15
32 -1 -18
32 -2 -25
32 -3 -16
32 -3 -21
32 -3 -26
32 -3 -31
32 -4 -4
32 -4 -16
32 -5 -3
32 -5 -37
32 -6 -24
32 -6 -31
32 -6 -39
32 -7 -6
32 -7 -21
32 -7 -26
32 -8 -9
32 -8 -36
32 -8 -39
32 -9 -28
32 -10 -16
32 -10 -17
32 -10 -24
32 -11 -22
32 -13 -19
32 -13 -37
32 -13 -38
32 -15 -4
32 -15 -12
32 -16 -1
32 -16 -33
32 -17 -12
32 -17 -17
32 -17 -18
32 -17 -20
32 -18 -33
32 -18 -36
32 -19 -25
32 -20 -17
32 -20 -34
32 -20 -37
32 -21 -27
32 -21 -28
32 -21 -29
32 -21 -30
32 -22 -11
32 -22 -17
32 -23 -3
32 -23 -14
32 -23 -24
32 -23 -32
32 -24 -16
32 -24 -17
32 -26 -6
32 -27 -35
32 -28 -9
32 -28 -20
32 -29 -17
32 -29 -27
32 -29 -35
32 -31 -8
32 -31 -12
32 -32 -7
32 -32 -31
32 -33 -11
32 -33 -31
32 -34 -10
32 -36 -2
32 -36 -10
32 -36 -11
32 -36 -20
32 -37 -10
32 -37 -23
32 -37 -39
32 -38 0
32 -38 -17
32 -39 -38
33 -1 -7
33 -1 -15
33 -1 -18
33 -2 -25
33 -3 -16
33 -3 -21
33 -3 -26
33 -3 -31
33 -4 -4
33 -4 -16
33 -5 -3
33 -5 -37
33 -6 -24
33 -6 -31
33 -6 -39
33 -7 -6
33 -7 -21
33 -7 -26
33 -8 -9
33 -8 -36
33 -8 -39
33 -9 -28
33 -10 -16
33 -10 -17
33 -10 -24
33 -11 -22
33 -13 -19
33 -13 -37
33 -13 -38
33 -15 -4
33 -15 -12
33 -16 -1
33 -16 -33
33 -17 -12
33 -17 -17
33 -17 -18
33 -17 -20
33 -18 -33
33 -18 -36
33 -19 -25
33 -20 -17
33 -20 -34
33 -20 -37
33 -21 -27
33 -21 -28
33 -21 -29
33 -21 -30
33 -22 -11
33 -22 -17
33 -23 -3
33 -23 -14
33 -23 -24
33 -23 -32
33 -24 -16
33 -24 -17
33 -26 -6
33 -27 -35
33 -28 -9
33 -28 -20
33 -29 -17
33 -29 -27
33 -29 -35
33 -31 -8
33 -31 -12
33 -32 -7
33 -32 -31
33 -33 -11
33 -33 -31
33 -34 -10
33 -36 -2
33 -36 -10
33 -36 -11
33 -36 -20
33 -37 -10
33 -37 -23
33 -37 -39
33 -38 0
33 -38 -17
33 -39 -38
34 -1 -7
34 -1 -15
34 -1 -18
34 -2 -25
34 -3 -16
34 -3 -21
34 -3 -26
34 -3 -31
34 -4 -4
34 -4 -16
34 -5 -3
34 -5 -37
34 -6 -24
34 -6 -31
34 -6 -39
34 -7 -6
34 -7 -21
34 -7 -26
34 -8 -9
34 -8 -36
34 -8 -39
34 -9 -28
34 -10 -16
34 -10 -17
34 -10 -24
34 -11 -22
34 -13 -19
34 -13 -37
34 -13 -38
34 -15 -4
34 -15 -12
34 -16 -1
34 -16 -33
34 -17 -12
34 -17 -17
34 -17 -18
34 -17 -20
34 -18 -33
34 -18 -36
34 -19 -25
34 -20 -17
34 -20 -34
34 -20 -37
34 -21 -27
34 -21 -28
34 -21 -29
34 -21 -30
34 -22 -11
34 -22 -17
34 -23 -3
34 -23 -14
34 -23 -24
34 -23 -32
34 -24 -16
34 -24 -17
34 -26 -6
34 -27 -35
34 -28 -9
34 -28 -20
34 -29 -17
34 -29 -27
34 -29 -35
34 -31 -8
34 -31 -12
34 -32 -7
34 -32 -31
34 -33 -11
34 -33 -31
34 -34 -10
34 -36 -2
34 -36 -10
34 -36 -11
34 -36 -20
34 -37 -10
34 -37 -23
34 -37 -39
34 -38 0
34 -38 -17
34 -39 -38
35 -1 -7
35 -1 -15
35 -1 -18
35 -2 -25
35 -3 -16
35 -3 -21
35 -3 -26
35 -3 -31
35 -4 -4
35 -4 -16
35 -5 -3
35 -5 -37
35 -6 -24
35 -6 -31
35 -6 -39
35 -7 -6
35 -7 -21
35 -7 -26
35 -8 -9
35 -8 -36
35 -8 -39
35 -9 -28
35 -10 -16
35 -10 -17
35 -10 -24
35 -11 -22
35 -13 -19
35 -13 -37
35 -13 -38
35 -15 -4
35 -15 -12
35 -16 -1
35 -16 -33
35 -17 -12
35 -17 -17
35 -17 -18
35 -17 -20
35 -18 -33
35 -18 -36
35 -19 -25
35 -20 -17
35 -20 -34
35 -20 -37
35 -21 -27
35 -21 -28
35 -21 -29
35 -21 -30
35 -22 -11
35 -22 -17
35 -23 -3
35 -23 -14
35 -23 -24
35 -23 -32
35 -24 -16
35 -24 -17
35 -26 -6
35 -27 -35
35 -28 -9
35 -28 -20
35 -29 -17
35 -29 -27
35 -29 -35
35 -31 -8
35 -31 -12
35 -32 -7
35 -32 -31
35 -33 -11
35 -33 -31
35 -34 -10
35 -36 -2
35 -36 -10
35 -36 -11
35 -36 -20
35 -37 -10
35 -37 -23
35 -37 -39
35 -38 0
35 -38 -17
35 -39 -38
36 -1 -7
36 -1 -15
36 -1 -18
36 -2 -25
36 -3 -16
36 -3 -21
36 -3 -26
36 -3 -31
36 -4 -4
36 -4 -16
36 -5 -3
36 -5 -37
36 -6 -24
36 -6 -31
36 -6 -39
36 -7 -6
36 -7 -21
36 -7 -26
36 -8 -9
36 -8 -36
36 -8 -39
36 -9 -28
36 -10 -16
36 -10 -17
36 -10 -24
36 -11 -22
36 -13 -19
36 -13 -37
36 -13 -38
36 -15 -4
36 -15 -12
36 -16 -1
36 -16 -33
36 -17 -12
36 -17 -17
36 -17 -18
36 -17 -20
36 -18 -33
36 -18 -36
36 -19 -25
36 -20 -17
36 -20 -34
36 -20 -37
36 -21 -27
36 -21 -28
36 -21 -29
36 -21 -30
36 -22 -11
36 -22 -17
36 -23 -3
36 -23 -14
36 -23 -24
36 -23 -32
36 -24 -16
36 -24 -17
36 -26 -6
36 -27 -35
36 -28 -9
36 -28 -20
36 -29 -17
36 -29 -27
36 -29 -35
36 -31 -8
36 -31 -12
36 -32 -7
36 -32 -31
36 -33 -11
36 -33 -31
36 -34 -10
36 -36 -2
36 -36 -10
36 -36 -11
36 -36 -20
36 -37 -10
36 -37 -23
36 -37 -39
36 -38 0
36 -38 -17
36 -39 -38
37 -1 -7
37 -1 -15
37 -1 -18
37 -2 -25
37 -3 -16
37 -3 -21
37 -3 -26
37 -3 -31
37 -4 -4
37 -4 -16
37 -5 -3
37 -5 -37
37 -6 -24
37 -6 -31
37 -6 -39
37 -7 -6
37 -7 -21
37 -7 -26
37 -8 -9
37 -8 -36
37 -8 -39
37 -9 -28
37 -10 -16
37 -10 -17
37 -10 -24
37 -11 -22
37 -13 -19
37 -13 -37
37 -13 -38
37 -15 -4
37 -15 -12
37 -16 -1
37 -16 -33
37 -17 -12
37 -17 -17
37 -17 -18
37 -17 -20
37 -18 -33
37 -18 -36
37 -19 -25
37 -20 -17
37 -20 -34
37 -20 -37
37 -21 -27
37 -21 -28
37 -21 -29
37 -21 -30
37 -22 -11
37 -22 -17
37 -23 -3
37 -23 -14
37 -23 -24
37 -23 -32
37 -24 -16
37 -24 -17
37 -26 -6
37 -27 -35
37 -28 -9
37 -28 -20
37 -29 -17
37 -29 -27
37 -29 -35
37 -31 -8
37 -31 -12
37 -32 -7
37 -32 -31
37 -33 -11
37 -33 -31
37 -34 -10
37 -36 -2
37 -36 -10
37 -36 -11
37 -36 -20
37 -37 -10
37 -37 -23
37 -37 -39
37 -38 0
37 -38 -17
37 -39 -38
38 -1 -7
38 -1 -15
38 -1 -18
38 -2 -25
38 -3 -16
38 -3 -21
38 -3 -26
38 -3 -31
38 -4 -4
38 -4 -16
38 -5 -3
38 -5 -37
38 -6 -24
38 -6 -31
38 -6 -39
38 -7 -6
38 -7 -21
38 -7 -26
38 -8 -9
38 -8 -36
38 -8 -39
38 -9 -28
38 -10 -16
38 -10 -17
38 -10 -24
38 -11 -22
38 -13 -19
38 -13 -37
38 -13 -38
38 -15 -4
38 -15 -12
38 -16 -1
38 -16 -33
38 -17 -12
38 -17 -17
38 -17 -18
38 -17 -20
38 -18 -33
38 -18 -36
38 -19 -25
38 -20 -17
38 -20 -34
38 -20 -37
38 -21 -27
38 -21 -28
38 -21 -29
38 -21 -30
38 -22 -11
38 -22 -17
38 -23 -3
38 -23 -14
38 -23 -24
38 -23 -32
38 -24 -16
38 -24 -17
38 -26 -6
38 -27 -35
38 -28 -9
38 -28 -20
38 -29 -17
38 -29 -27
38 -29 -35
38 -31 -8
38 -31 -12
38 -32 -7
38 -32 -31
38 -33 -11
38 -33 -31
38 -34 -10
38 -36 -2
38 -36 -10
38 -36 -11
38 -36 -20
38 -37 -10
38 -37 -23
38 -37 -39
38 -38 0
38 -38 -17
38 -39 -38
39 -1 -7
39 -1 -15
39 -1 -18
39 -2 -25
39 -3 -16
39 -3 -21
39 -3 -26
39 -3 -31
39 -4 -4
39 -4 -16
39 -5 -3
39 -5 -37
39 -6 -24
39 -6 -31
39 -6 -39
39 -7 -6
39 -7 -21
39 -7 -26
39 -8 -9
39 -8 -36
39 -8 -39
39 -9 -28
39 -10 -16
39 -10 -17
39 -10 -24
39 -11 -22
39 -13 -19
39 -13 -37
39 -13 -38
39 -15 -4
39 -15 -12
39 -16 -1
39 -16 -33
39 -17 -12
39 -17 -17
39 -17 -18
39 -17 -20
39 -18 -33
39 -18 -36
39 -19 -25
39 -20 -17
39 -20 -34
39 -20 -37
39 -21 -27
39 -21 -28
39 -21 -29
39 -21 -30
39 -22 -11
39 -22 -17
39 -23 -3
39 -23 -14
39 -23 -24
39 -23 -32
39 -24 -16
39 -24 -17
39 -26 -6
39 -27 -35
39 -28 -9
39 -28 -20
39 -29 -17
39 -29 -27
39 -29 -35
39 -31 -8
39 -31 -12
39 -32 -7
39 -32 -31
39 -33 -11
39 -33 -31
39 -34 -10
39 -36 -2
39 -36 -10
39 -36 -11
39 -36 -20
39 -37 -10
39 -37 -23
39 -37 -39
39 -38 0
39 -38 -17
39 -39 -38
40 -1 -7
40 -1 -15
40 -1 -18
40 -2 -25
40 -3 -16
40 -3 -21
40 -3 -26
40 -3 -31
40 -4 -4
40 -4 -16
40 -5 -3
40 -5 -37
40 -6 -24
40 -6 -31
40 -6 -39
40 -7 -6
40 -7 -21
40 -7 -26
40 -8 -9
40 -8 -36
40 -8 -39
40 -9 -28
40 -10 -16
40 -10 -17
40 -10 -24
40 -11 -22
40 -13 -19
40 -13 -37
40 -13 -38
40 -15 -4
40 -15 -12
40 -16 -1
40 -16 -33
40 -17 -12
40 -17 -17
40 -17 -18
40 -17 -20
40 -18 -33
40 -18 -36
40 -19 -25
40 -20 -17
40 -20 -34
40 -20 -37
40 -21 -27
40 -21 -28
40 -21 -29
40 -21 -30
40 -22 -11
40 -22 -17
40 -23 -3
40 -23 -14
40 -23 -24
40 -23 -32
40 -24 -16
40 -24 -17
40 -26 -6
40 -27 -35
40 -28 -9
40 -28 -20
40 -29 -17
40 -29 -27
40 -29 -35
40 -31 -8
40 -31 -12
40 -32 -7
40 -32 -31
40 -33 -11
40 -33 -31
40 -34 -10
40 -36 -2
40 -36 -10
40 -36 -11
40 -36 -20
40 -37 -10
40 -37 -23
40 -37 -39
40 -38 0
40 -38 -17
40 -39 -38
41 -1 -7
41 -1 -15
41 -1 -18
41 -2 -25
41 -3 -16
41 -3 -21
41 -3 -26
41 -3 -31
41 -4 -4
41 -4 -16
41 -5 -3
41 -5 -37
41 -6 -24
41 -6 -31
41 -6 -39
41 -7 -6
41 -7 -21
41 -7 -26
41 -8 -9
41 -8 -36
41 -8 -39
41 -9 -28
41 -10 -16
41 -10 -17
41 -10 -24
41 -11 -22
41 -13 -19
41 -13 -37
41 -13 -38
41 -15 -4
41 -15 -12
41 -16 -1
41 -16 -33
41 -17 -12
41 -17 -17
41 -17 -18
41 -17 -20
41 -18 -33
41 -18 -36
41 -19 -25
41 -20 -17
41 -20 -34
41 -20 -37
41 -21 -27
41 -21 -28
41 -21 -29
41 -21 -30
41 -22 -11
41 -22 -17
41 -23 -3
41 -23 -14
41 -23 -24
41 -23 -32
41 -24 -16
41 -24 -17
41 -26 -6
41 -27 -35
41 -28 -9
41 -28 -20
41 -29 -17
41 -29 -27
41 -29 -35
41 -31 -8
41 -31 -12
41 -32 -7
41 -32 -31
41 -33 -11
41 -33 -31
41 -34 -10
41 -36 -2
41 -36 -10
41 -36 -11
41 -36 -20
41 -37 -10
41 -37 -23
41 -37 -39
41 -38 0
41 -38 -17
41 -39 -38
42 -1 -7
42 -1 -15
42 -1 -18
42 -2 -25
42 -3 -16
42 -3 -21
42 -3 -26
42 -3 -31
42 -4 -4
42 -4 -16
42 -5 -3
42 -5 -37
42 -6 -24
42 -6 -31
42 -6 -39
42 -7 -6
42 -7 -21
42 -7 -26
42 -8 -9
42 -8 -36
42 -8 -39
42 -9 -28
42 -10 -16
42 -10 -17
42 -10 -24
42 -11 -22
42 -13 -19
42 -13 -37
42 -13 -38
42 -15 -4
42 -15 -12
42 -16 -1
42 -16 -33
42 -17 -12
42 -17 -17
42 -17 -18
42 -17 -20
42 -18 -33
42 -18 -36
42 -19 -25
42 -20 -17
42 -20 -34
42 -20 -37
42 -21 -27
42 -21 -28
42 -21 -29
42 -21 -30
42 -22 -11
42 -22 -17
42 -23 -3
42 -23 -14
42 -23 -24
42 -23 -32
42 -24 -16
42 -24 -17
42 -26 -6
42 -27 -35
42 -28 -9
42 -28 -20
42 -29 -17
42 -29 -27
42 -29 -35
42 -31 -8
42 -31 -12
42 -32 -7
42 -32 -31
42 -33 -11
42 -33 -31
42 -34 -10
42 -36 -2
42 -36 -10
42 -36 -11
42 -36 -20
42 -37 -10
42 -37 -23
42 -37 -39
42 -38 0
42 -38 -17
42 -39 -38
43 -1 -7
43 -1 -15
43 -1 -18
43 -2 -25
43 -3 -16
43 -3 -21
43 -3 -26
43 -3 -31
43 -4 -4
43 -4 -16
43 -5 -3
43 -5 -37
43 -6 -24
43 -6 -31
43 -6 -39
43 -7 -6
43 -7 -21
43 -7 -26
43 -8 -9
43 -8 -36
43 -8 -39
43 -9 -28
43 -10 -16
43 -10 -17
43 -10 -24
43 -11 -22
43 -13 -19
43 -13 -37
43 -13 -38
43 -15 -4
43 -15 -12
43 -16 -1
43 -16 -33
43 -17 -12
43 -17 -17
43 -17 -18
43 -17 -20
43 -18 -33
43 -18 -36
43 -19 -25
43 -20 -17
43 -20 -34
43 -20 -37
43 -21 -27
43 -21 -28
43 -21 -29
43 -21 -30
43 -22 -11
43 -22 -17
43 -23 -3
43 -23 -14
43 -23 -24
43 -23 -32
43 -24 -16
43 -24 -17
43 -26 -6
43 -27 -35
43 -28 -9
43 -28 -20
43 -29 -17
43 -29 -27
43 -29 -35
43 -31 -8
43 -31 -12
43 -32 -7
43 -32 -31
43 -33 -11
43 -33 -31
43 -34 -10
43 -36 -2
43 -36 -10
43 -36 -11
43 -36 -20
43 -37 -10
43 -37 -23
43 -37 -39
43 -38 0
43 -38 -17
43 -39 -38
44 -1 -7
44 -1 -15
44 -1 -18
44 -2 -25
44 -3 -16
44 -3 -21
44 -3 -26
44 -3 -31
44 -4 -4
44 -4 -16
44 -5 -3
44 -5 -37
44 -6 -24
44 -6 -31
44 -6 -39
44 -7 -6
44 -7 -21
44 -7 -26
44 -8 -9
44 -8 -36
44 -8 -39
44 -9 -28
44 -10 -16
44 -10 -17
44 -10 -24
44 -11 -22
44 -13 -19
44 -13 -37
44 -13 -38
44 -15 -4
44 -15 -12
44 -16 -1
44 -16 -33
44 -17 -12
44 -17 -17
44 -17 -18
44 -17 -20
44 -18 -33
44 -18 -36
44 -19 -25
44 -20 -17
44 -20 -34
44 -20 -37
44 -21 -27
44 -21 -28
44 -21 -29
44 -21 -30
44 -22 -11
44 -22 -17
44 -23 -3
44 -23 -14
44 -23 -24
44 -23 -32
44 -24 -16
44 -24 -17
44 -26 -6
44 -27 -35
44 -28 -9
44 -28 -20
44 -29 -17
44 -29 -27
44 -29 -35
44 -31 -8
44 -31 -12
44 -32 -7
44 -32 -31
44 -33 -11
44 -33 -31
44 -34 -10
44 -36 -2
44 -36 -10
44 -36 -11
44 -36 -20
44 -37 -10
44 -37 -23
44 -37 -39
44 -38 0
44 -38 -17
44 -39 -38
45 -1 -7
45 -1 -15
45 -1 -18
45 -2 -25
45 -3 -16
45 -3 -21
45 -3 -26
45 -3 -31
45 -4 -4
45 -4 -16
45 -5 -3
45 -5 -37
45 -6 -24
45 -6 -31
45 -6 -39
45 -7 -6
45 -7 -21
45 -7 -26
45 -8 -9
45 -8 -36
45 -8 -39
45 -9 -28
45 -10 -16
45 -10 -17
45 -10 -24
45 -11 -22
45 -13 -19
45 -13 -37
45 -13 -38
45 -15 -4
45 -15 -12
45 -16 -1
45 -16 -33
45 -17 -12
45 -17 -17
45 -17 -18
45 -17 -20
45 -18 -33
45 -18 -36
45 -19 -25
45 -20 -17
45 -20 -34
45 -20 -37
45 -21 -27
45 -21 -28
45 -21 -29
45 -21 -30
45 -22 -11
45 -22 -17
45 -23 -3
45 -23 -14
45 -23 -24
45 -23 -32
45 -24 -16
45 -24 -17
45 -26 -6
45 -27 -35
45 -28 -9
45 -28 -20
45 -29 -17
45 -29 -27
45 -29 -35
45 -31 -8
45 -31 -12
45 -32 -7
45 -32 -31
45 -33 -11
45 -33 -31
45 -34 -10
45 -36 -2
45 -36 -10
45 -36 -11
45 -36 -20
45 -37 -10
45 -37 -23
45 -37 -39
45 -38 0
45 -38 -17
45 -39 -38
46 -1 -7
46 -1 -15
46 -1 -18
46 -2 -25
46 -3 -16
46 -3 -21
46 -3 -26
46 -3 -31
46 -4 -4
46 -4 -16
46 -5 -3
46 -5 -37
46 -6 -24
46 -6 -31
46 -6 -39
46 -7 -6
46 -7 -21
46 -7 -26
46 -8 -9
46 -8 -36
46 -8 -39
46 -9 -28
46 -10 -16
46 -10 -17
46 -10 -24
46 -11 -22
46 -13 -19
46 -13 -37
46 -13 -38
46 -15 -4
46 -15 -12
46 -16 -1
46 -16 -33
46 -17 -12
46 -17 -17
46 -17 -18
46 -17 -20
46 -18 -33
46 -18 -36
46 -19 -25
46 -20 -17
46 -20 -34
46 -20 -37
46 -21 -27
46 -21 -28
46 -21 -29
46 -21 -30
46 -22 -11
46 -22 -17
46 -23 -3
46 -23 -14
46 -23 -24
46 -23 -32
46 -24 -16
46 -24 -17
46 -26 -6
46 -27 -35
46 -28 -9
46 -28 -20
46 -29 -17
46 -29 -27
46 -29 -35
46 -31 -8
46 -31 -12
46 -32 -7
46 -32 -31
46 -33 -11
46 -33 -31
46 -34 -10
46 -36 -2
46 -36 -10
46 -36 -11
46 -36 -20
46 -37 -10
46 -37 -23
46 -37 -39
46 -38 0
46 -38 -17
46 -39 -38
47 -1 -7
47 -1 -15
47 -1 -18
47 -2 -25
47 -3 -16
47 -3 -21
47 -3 -26
47 -3 -31
47 -4 -4
47 -4 -16
47 -5 -3
47 -5 -37
47 -6 -24
47 -6 -31
47 -6 -39
47 -7 -6
47 -7 -21
47 -7 -26
47 -8 -9
47 -8 -36
47 -8 -39
47 -9 -28
47 -10 -16
47 -10 -17
47 -10 -24
47 -11 -22
47 -13 -19
47 -13 -37
47 -13 -38
47 -15 -4
47 -15 -12
47 -16 -1
47 -16 -33
47 -17 -12
47 -17 -17
47 -17 -18
47 -17 -20
47 -18 -33
47 -18 -36
47 -19 -25
47 -20 -17
47 -20 -34
47 -20 -37
47 -21 -27
47 -21 -28
47 -21 -29
47 -21 -30
47 -22 -11
47 -22 -17
47 -23 -3
47 -23 -14
47 -23 -24
47 -23 -32
47 -24 -16
47 -24 -17
47 -26 -6
47 -27 -35
47 -28 -9
47 -28 -20
47 -29 -17
47 -29 -27
47 -29 -35
47 -31 -8
47 -31 -12
47 -32 -7
47 -32 -31
47 -33 -11
47 -33 -31
47 -34 -10
47 -36 -2
47 -36 -10
47 -36 -11
47 -36 -20
47 -37 -10
47 -37 -23
47 -37 -39
47 -38 0
47 -38 -17
47 -39 -38
48 -1 -7
48 -1 -15
48 -1 -18
48 -2 -25
48 -3 -16
48 -3 -21
48 -3 -26
48 -3 -31
48 -4 -4
48 -4 -16
48 -5 -3
48 -5 -37
48 -6 -24
48 -6 -31
48 -6 -39
48 -7 -6
48 -7 -21
48 -7 -26
48 -8 -9
48 -8 -36
48 -8 -39
48 -9 -28
48 -10 -16
48 -10 -17
48 -10 -24
48 -11 -22
48 -13 -19
48 -13 -37
48 -13 -38
48 -15 -4
48 -15 -12
48 -16 -1
48 -16 -33
48 -17 -12
48 -17 -17
48 -17 -18
48 -17 -20
48 -18 -33
48 -18 -36
48 -19 -25
48 -20 -17
48 -20 -34
48 -20 -37
48 -21 -27
48 -21 -28
48 -21 -29
48 -21 -30
48 -22 -11
48 -22 -17
48 -23 -3
48 -23 -14
48 -23 -24
48 -23 -32
48 -24 -16
48 -24 -17
48 -26 -6
48 -27 -35
48 -28 -9
48 -28 -20
48 -29 -17
48 -29 -27
48 -29 -35
48 -31 -8
48 -31 -12
48 -32 -7
48 -32 -31
48 -33 -11
48 -33 -31
48 -34 -10
48 -36 -2
48 -36 -10
48 -36 -11
48 -36 -20
48 -37 -10
48 -37 -23
48 -37 -39
48 -38 0
48 -38 -17
48 -39 -38
49 -1 -7
49 -1 -15
49 -1 -18
49 -2 -25
49 -3 -16
49 -3 -21
49 -3 -26
49 -3 -31
49 -4 -4
49 -4 -16
49 -5 -3
49 -5 -37
49 -6 -24
49 -6 -31
49 -6 -39
49 -7 -6
49 -7 -21
49 -7 -26
49 -8 -9
49 -8 -36
49 -8 -39
49 -9 -28
49 -10 -16
49 -10 -17
49 -10 -24
49 -11 -22
49 -13 -19
49 -13 -37
49 -13 -38
49 -15 -4
49 -15 -12
49 -16 -1
49 -16 -33
49 -17 -12
49 -17 -17
49 -17 -18
49 -17 -20
49 -18 -33
49 -18 -36
49 -19 -25
49 -20 -17
49 -20 -34
49 -20 -37
49 -21 -27
49 -21 -28
49 -21 -29
49 -21 -30
49 -22 -11
49 -22 -17
49 -23 -3
49 -23 -14
49 -23 -24
49 -23 -32
49 -24 -16
49 -24 -17
49 -26 -6
49 -27 -35
49 -28 -9
49 -28 -20
49 -29 -17
49 -29 -27
49 -29 -35
49 -31 -8
49 -31 -12
49 -32 -7
49 -32 -31
49 -33 -11
49 -33 -31
49 -34 -10
49 -36 -2
49 -36 -10
49 -36 -11
49 -36 -20
49 -37 -10
49 -37 -23
49 -37 -39
49 -38 0
49 -38 -17
49 -39 -38
50 -1 -7
50 -1 -15
50 -1 -18
50 -2 -25
50 -3 -16
50 -3 -21
50 -3 -26
50 -3 -31
50 -4 -4
50 -4 -16
50 -5 -3
50 -5 -37
50 -6 -24
50 -6 -31
50 -6 -39
50 -7 -6
50 -7 -21
50 -7 -26
50 -8 -9
50 -8 -36
50 -8 -39
50 -9 -28
50 -10 -16
50 -10 -17
50 -10 -24
50 -11 -22
50 -13 -19
50 -13 -37
50 -13 -38
50 -15 -4
50 -15 -12
50 -16 -1
50 -16 -33
50 -17 -12
50 -17 -17
50 -17 -18
50 -17 -20
50 -18 -33
50 -18 -36
50 -19 -25
50 -20 -17
50 -20 -34
50 -20 -37
50 -21 -27
50 -21 -28
50 -21 -29
50 -21 -30
50 -22 -11
50 -22 -17
50 -23 -3
50 -23 -14
50 -23 -24
50 -23 -32
50 -24 -16
50 -24 -17
50 -26 -6
50 -27 -35
50 -28 -9
50 -28 -20
50 -29 -17
50 -29 -27
50 -29 -35
50 -31 -8
50 -31 -12
50 -32 -7
50 -32 -31
50 -33 -11
50 -33 -31
50 -34 -10
50 -36 -2
50 -36 -10
50 -36 -11
50 -36 -20
50 -37 -10
50 -37 -23
50 -37 -39
50 -38 0
50 -38 -17
50 -39 -38
51 -1 -7
51 -1 -15
51 -1 -18
51 -2 -25
51 -3 -16
51 -3 -21
51 -3 -26
51 -3 -31
51 -4 -4
51 -4 -16
51 -5 -3
51 -5 -37
51 -6 -24
51 -6 -31
51 -6 -39
51 -7 -6
51 -7 -21
51 -7 -26
51 -8 -9
51 -8 -36
51 -8 -39
51 -9 -28
51 -10 -16
51 -10 -17
51 -10 -24
51 -11 -22
51 -13 -19
51 -13 -37
51 -13 -38
51 -15 -4
51 -15 -12
51 -16 -1
51 -16 -33
51 -17 -12
51 -17 -17
51 -17 -18
51 -17 -20
51 -18 -33
51 -18 -36
51 -19 -25
51 -20 -17
51 -20 -34
51 -20 -37
51 -21 -27
51 -21 -28
51 -21 -29
51 -21 -30
51 -22 -11
51 -22 -17
51 -23 -3
51 -23 -14
51 -23 -24
51 -23 -32
51 -24 -16
51 -24 -17
51 -26 -6
51 -27 -35
51 -28 -9
51 -28 -20
51 -29 -17
51 -29 -27
51 -29 -35
51 -31 -8
51 -31 -12
51 -32 -7
51 -32 -31
51 -33 -11
51 -33 -31
51 -34 -10
51 -36 -2
51 -36 -10
51 -36 -11
51 -36 -20
51 -37 -10
51 -37 -23
51 -37 -39
51 -38 0
51 -38 -17
51 -39 -38
52 -1 -7
52 -1 -15
52 -1 -18
52 -2 -25
52 -3 -16
52 -3 -21
52 -3 -26
52 -3 -31
52 -4 -4
52 -4 -16
52 -5 -3
52 -5 -37
52 -6 -24
52 -6 -31
52 -6 -39
52 -7 -6
52 -7 -21
52 -7 -26
52 -8 -9
52 -8 -36
52 -8 -39
52 -9 -28
52 -10 -16
52 -10 -17
52 -10 -24
52 -11 -22
52 -13 -19
52 -13 -37
52 -13 -38
52 -15 -4
52 -15 -12
52 -16 -1
52 -16 -33
52 -17 -12
52 -17 -17
52 -17 -18
52 -17 -20
52 -18 -33
52 -18 -36
52 -19 -25
52 -20 -17
52 -20 -34
52 -20 -37
52 -21 -27
52 -21 -28
52 -21 -29
52 -21 -30
52 -22 -11
52 -22 -17
52 -23 -3
52 -23 -14
52 -23 -24
52 -23 -32
52 -24 -16
52 -24 -17
52 -26 -6
52 -27 -35
52 -28 -9
52 -28 -20
52 -29 -17
52 -29 -27
52 -29 -35
52 -31 -8
52 -31 -12
52 -32 -7
52 -32 -31
52 -33 -11
52 -33 -31
52 -34 -10
52 -36 -2
52 -36 -10
52 -36 -11
52 -36 -20
52 -37 -10
52 -37 -23
52 -37 -39
52 -38 0
52 -38 -17
52 -39 -38
53 -1 -7
53 -1 -15
53 -1 -18
53 -2 -25
53 -3 -16
53 -3 -21
53 -3 -26
53 -3 -31
53 -4 -4
53 -4 -16
53 -5 -3
53 -5 -37
53 -6 -24
53 -6 -31
53 -6 -39
53 -7 -6
53 -7 -21
53 -7 -26
53 -8 -9
53 -8 -36
53 -8 -39
53 -9 -28
53 -10 -16
53 -10 -17
53 -10 -24
53 -11 -22
53 -13 -19
53 -13 -37
53 -13 -38
53 -15 -4
53 -15 -12
53 -16 -1
53 -16 -33
53 -17 -12
53 -17 -17
53 -17 -18
53 -17 -20
53 -18 -33
53 -18 -36
53 -19 -25
53 -20 -17
53 -20 -34
53 -20 -37
53 -21 -27
53 -21 -28
53 -21 -29
53 -21 -30
53 -22 -11
53 -22 -17
53 -23 -3
53 -23 -14
53 -23 -24
53 -23 -32
53 -24 -16
53 -24 -17
53 -26 -6
53 -27 -35
53 -28 -9
53 -28 -20
53 -29 -17
53 -29 -27
53 -29 -35
53 -31 -8
53 -31 -12
53 -32 -7
53 -32 -31
53 -33 -11
53 -33 -31
53 -34 -10
53 -36 -2
53 -36 -10
53 -36 -11
53 -36 -20
53 -37 -10
53 -37 -23
53 -37 -39
53 -38 0
53 -38 -17
53 -39 -38
54 -1 -7
54 -1 -15
54 -1 -18
54 -2 -25
54 -3 -16
54 -3 -21
54 -3 -26
54 -3 -31
54 -4 -4
54 -4 -16
54 -5 -3
54 -5 -37
54 -6 -24
54 -6 -31
54 -6 -39
54 -7 -6
54 -7 -21
54 -7 -26
54 -8 -9
54 -8 -36
54 -8 -39
54 -9 -28
54 -10 -16
54 -10 -17
54 -10 -24
54 -11 -22
54 -13 -19
54 -13 -37
54 -13 -38
54 -15 -4
54 -15 -12
54 -16 -1
54 -16 -33
54 -17 -12
54 -17 -17
54 -17 -18
54 -17 -20
54 -18 -33
54 -18 -36
54 -19 -25
54 -20 -17
54 -20 -34
54 -20 -37
54 -21 -27
54 -21 -28
54 -21 -29
54 -21 -30
54 -22 -11
54 -22 -17
54 -23 -3
54 -23 -14
54 -23 -24
54 -23 -32
54 -24 -16
54 -24 -17
54 -26 -6
54 -27 -35
54 -28 -9
54 -28 -20
54 -29 -17
54 -29 -27
54 -29 -35
54 -31 -8
54 -31 -12
54 -32 -7
54 -32 -31
54 -33 -11
54 -33 -31
54 -34 -10
54 -36 -2
54 -36 -10
54 -36 -11
54 -36 -20
54 -37 -10
54 -37 -23
54 -37 -39
54 -38 0
54 -38 -17
54 -39 -38
55 -1 -7
55 -1 -15
55 -1 -18
55 -2 -25
55 -3 -16
55 -3 -21
55 -3 -26
55 -3 -31
55 -4 -4
55 -4 -16
55 -5 -3
55 -5 -37
55 -6 -24
55 -6 -31
55 -6 -39
55 -7 -6
55 -7 -21
55 -7 -26
55 -8 -9
55 -8 -36
55 -8 -39
55 -9 -28
55 -10 -16
55 -10 -17
55 -10 -24
55 -11 -22
55 -13 -19
55 -13 -37
55 -13 -38
55 -15 -4
55 -15 -12
55 -16 -1
55 -16 -33
55 -17 -12
55 -17 -17
55 -17 -18
55 -17 -20
55 -18 -33
55 -18 -36
55 -19 -25
55 -20 -17
55 -20 -34
55 -20 -37
55 -21 -27
55 -21 -28
55 -21 -29
55 -21 -30
55 -22 -11
55 -22 -17
55 -23 -3
55 -23 -14
55 -23 -24
55 -23 -32
55 -24 -16
55 -24 -17
55 -26 -6
55 -27 -35
55 -28 -9
55 -28 -20
55 -29 -17
55 -29 -27
55 -29 -35
55 -31 -8
55 -31 -12
55 -32 -7
55 -32 -31
55 -33 -11
55 -33 -31
55 -34 -10
55 -36 -2
55 -36 -10
55 -36 -11
55 -36 -20
55 -37 -10
55 -37 -23
55 -37 -39
55 -38 0
55 -38 -17
55 -39 -38
56 -1 -7
56 -1 -15
56 -1 -18
56 -2 -25
56 -3 -16
56 -3 -21
56 -3 -26
56 -3 -31
56 -4 -4
56 -4 -16
56 -5 -3
56 -5 -37
56 -6 -24
56 -6 -31
56 -6 -39
56 -7 -6
56 -7 -21
56 -7 -26
56 -8 -9
56 -8 -36
56 -8 -39
56 -9 -28
56 -10 -16
56 -10 -17
56 -10 -24
56 -11 -22
56 -13 -19
56 -13 -37
56 -13 -38
56 -15 -4
56 -15 -12
56 -16 -1
56 -16 -33
56 -17 -12
56 -17 -17
56 -17 -18
56 -17 -20
56 -18 -33
56 -18 -36
56 -19 -25
56 -20 -17
56 -20 -34
56 -20 -37
56 -21 -27
56 -21 -28
56 -21 -29
56 -21 -30
56 -22 -11
56 -22 -17
56 -23 -3
56 -23 -14
56 -23 -24
56 -23 -32
56 -24 -16
56 -24 -17
56 -26 -6
56 -27 -35
56 -28 -9
56 -28 -20
56 -29 -17
56 -29 -27
56 -29 -35
56 -31 -8
56 -31 -12
56 -32 -7
56 -32 -31
56 -33 -11
56 -33 -31
56 -34 -10
56 -36 -2
56 -36 -10
56 -36 -11
56 -36 -20
56 -37 -10
56 -37 -23
56 -37 -39
56 -38 0
56 -38 -17
56 -39 -38
57 -1 -7
57 -1 -15
57 -1 -18
57 -2 -25
57 -3 -16
57 -3 -21
57 -3 -26
57 -3 -31
57 -4 -4
57 -4 -16
57 -5 -3
57 -5 -37
57 -6 -24
57 -6 -31
57 -6 -39
57 -7 -6
57 -7 -21
57 -7 -26
57 -8 -9
57 -8 -36
57 -8 -39
57 -9 -28
57 -10 -16
57 -10 -17
57 -10 -24
57 -11 -22
57 -13 -19
57 -13 -37
57 -13 -38
57 -15 -4
57 -15 -12
57 -16 -1
57 -16 -33
57 -17 -12
57 -17 -17
57 -17 -18
57 -17 -20
57 -18 -33
57 -18 -36
57 -19 -25
57 -20 -17
57 -20 -34
57 -20 -37
57 -21 -27
57 -21 -28
57 -21 -29
57 -21 -30
57 -22 -11
57 -22 -17
57 -23 -3
57 -23 -14
57 -23 -24
57 -23 -32
57 -24 -16
57 -24 -17
57 -26 -6
57 -27 -35
57 -28 -9
57 -28 -20
57 -29 -17
57 -29 -27
57 -29 -35
57 -31 -8
57 -31 -12
57 -32 -7
57 -32 -31
57 -33 -11
57 -33 -31
57 -34 -10
57 -36 -2
57 -36 -10
57 -36 -11
57 -36 -20
57 -37 -10
57 -37 -23
57 -37 -39
57 -38 0
57 -38 -17
57 -39 -38
58 -1 -7
58 -1 -15
58 -1 -18
58 -2 -25
58 -3 -16
58 -3 -21
58 -3 -26
58 -3 -31
58 -4 -4
58 -4 -16
58 -5 -3
58 -5 -37
58 -6 -24
58 -6 -31
58 -6 -39
58 -7 -6
58 -7 -21
58 -7 -26
58 -8 -9
58 -8 -36
58 -8 -39
58 -9 -28
58 -10 -16
58 -10 -17
58 -10 -24
58 -11 -22
58 -13 -19
58 -13 -37
58 -13 -38
58 -15 -4
58 -15 -12
58 -16 -1
58 -16 -33
58 -17 -12
58 -17 -17
58 -17 -18
58 -17 -20
58 -18 -33
58 -18 -36
58 -19 -25
58 -20 -17
58 -20 -34
58 -20 -37
58 -21 -27
58 -21 -28
58 -21 -29
58 -21 -30
58 -22 -11
58 -22 -17
58 -23 -3
58 -23 -14
58 -23 -24
58 -23 -32
58 -24 -16
58 -24 -17
58 -26 -6
58 -27 -35
58 -28 -9
58 -28 -20
58 -29 -17
58 -29 -27
58 -29 -35
58 -31 -8
58 -31 -12
58 -32 -7
58 -32 -31
58 -33 -11
58 -33 -31
58 -34 -10
58 -36 -2
58 -36 -10
58 -36 -11
58 -36 -20
58 -37 -10
58 -37 -23
58 -37 -39
58 -38 0
58 -38 -17
58 -39 -38
59 -1 -7
59 -1 -15
59 -1 -18
59 -2 -25
59 -3 -16
59 -3 -21
59 -3 -26
59 -3 -31
59 -4 -4
59 -4 -16
59 -5 -3
59 -5 -37
59 -6 -24
59 -6 -31
59 -6 -39
59 -7 -6
59 -7 -21
59 -7 -26
59 -8 -9
59 -8 -36
59 -8 -39
59 -9 -28
59 -10 -16
59 -10 -17
59 -10 -24
59 -11 -22
59 -13 -19
59 -13 -37
59 -13 -38
59 -15 -4
59 -15 -12
59 -16 -1
59 -16 -33
59 -17 -12
59 -17 -17
59 -17 -18
59 -17 -20
59 -18 -33
59 -18 -36
59 -19 -25
59 -20 -17
59 -20 -34
59 -20 -37
59 -21 -27
59 -21 -28
59 -21 -29
59 -21 -30
59 -22 -11
59 -22 -17
59 -23 -3
59 -23 -14
59 -23 -24
59 -23 -32
59 -24 -16
59 -24 -17
59 -26 -6
59 -27 -35
59 -28 -9
59 -28 -20
59 -29 -17
59 -29 -27
59 -29 -35
59 -31 -8
59 -31 -12
59 -32 -7
59 -32 -31
59 -33 -11
59 -33 -31
59 -34 -10
59 -36 -2
59 -36 -10
59 -36 -11
59 -36 -20
59 -37 -10
59 -37 -23
59 -37 -39
59 -38 0
59 -38 -17
59 -39 -38
60 -1 -7
60 -1 -15
60 -1 -18
60 -2 -25
60 -3 -16
60 -3 -21
60 -3 -26
60 -3 -31
60 -4 -4
60 -4 -16
60 -5 -3
60 -5 -37
60 -6 -24
60 -6 -31
60 -6 -39
60 -7 -6
60 -7 -21
60 -7 -26
60 -8 -9
60 -8 -36
60 -8 -39
60 -9 -28
60 -10 -16
60 -10 -17
60 -10 -24
60 -11 -22
60 -13 -19
60 -13 -37
60 -13 -38
60 -15 -4
60 -15 -12
60 -16 -1
60 -16 -33
60 -17 -12
60 -17 -17
60 -17 -18
60 -17 -20
60 -18 -33
60 -18 -36
60 -19 -25
60 -20 -17
60 -20 -34
60 -20 -37
60 -21 -27
60 -21 -28
60 -21 -29
60 -21 -30
60 -22 -11
60 -22 -17
60 -23 -3
60 -23 -14
60 -23 -24
60 -23 -32
60 -24 -16
60 -24 -17
60 -26 -6
60 -27 -35
60 -28 -9
60 -28 -20
60 -29 -17
60 -29 -27
60 -29 -35
60 -31 -8
60 -31 -12
60 -32 -7
60 -32 -31
60 -33 -11
60 -33 -31
60 -34 -10
60 -36 -2
60 -36 -10
60 -36 -11
60 -36 -20
60 -37 -10
60 -37 -23
60 -37 -39
60 -38 0
60 -38 -17
60 -39 -38
61 -1 -7
61 -1 -15
61 -1 -18
61 -2 -25
61 -3 -16
61 -3 -21
61 -3 -26
61 -3 -31
61 -4 -4
61 -4 -16
61 -5 -3
61 -5 -37
61 -6 -24
61 -6 -31
61 -6 -39
61 -7 -6
61 -7 -21
61 -7 -26
61 -8 -9
61 -8 -36
61 -8 -39
61 -9 -28
61 -10 -16
61 -10 -17
61 -10 -24
61 -11 -22
61 -13 -19
61 -13 -37
61 -13 -38
61 -15 -4
61 -15 -12
61 -16 -1
61 -16 -33
61 -17 -12
61 -17 -17
61 -17 -18
61 -17 -20
61 -18 -33
61 -18 -36
61 -19 -25
61 -20 -17
61 -20 -34
61 -20 -37
61 -21 -27
61 -21 -28
61 -21 -29
61 -21 -30
61 -22 -11
61 -22 -17
61 -23 -3
61 -23 -14
61 -23 -24
61 -23 -32
61 -24 -16
61 -24 -17
61 -26 -6
61 -27 -35
61 -28 -9
61 -28 -20
61 -29 -17
61 -29 -27
61 -29 -35
61 -31 -8
61 -31 -12
61 -32 -7
61 -32 -31
61 -33 -11
61 -33 -31
61 -34 -10
61 -36 -2
61 -36 -10
61 -36 -11
61 -36 -20
61 -37 -10
61 -37 -23
61 -37 -39
61 -38 0
61 -38 -17
61 -39 -38
62 -1 -7
62 -1 -15
62 -1 -18
62 -2 -25
62 -3 -16
62 -3 -21
62 -3 -26
62 -3 -31
62 -4 -4
62 -4 -16
62 -5 -3
62 -5 -37
62 -6 -24
62 -6 -31
62 -6 -39
62 -7 -6
62 -7 -21
62 -7 -26
62 -8 -9
62 -8 -36
62 -8 -39
62 -9 -28
62 -10 -16
62 -10 -17
62 -10 -24
62 -11 -22
62 -13 -19
62 -13 -37
62 -13 -38
62 -15 -4
62 -15 -12
62 -16 -1
62 -16 -33
62 -17 -12
62 -17 -17
62 -17 -18
62 -17 -20
62 -18 -33
62 -18 -36
62 -19 -25
62 -20 -17
62 -20 -34
62 -20 -37
62 -21 -27
62 -21 -28
62 -21 -29
62 -21 -30
62 -22 -11
62 -22 -17
62 -23 -3
62 -23 -14
62 -23 -24
62 -23 -32
62 -24 -16
62 -24 -17
62 -26 -6
62 -27 -35
62 -28 -9
62 -28 -20
62 -29 -17
62 -29 -27
62 -29 -35
62 -31 -8
62 -31 -12
62 -32 -7
62 -32 -31
62 -33 -11
62 -33 -31
62 -34 -10
62 -36 -2
62 -36 -10
62 -36 -11
62 -36 -20
62 -37 -10
62 -37 -23
62 -37 -39
62 -38 0
62 -38 -17
62 -39 -38
63 -1 -7
63 -1 -15
63 -1 -18
63 -2 -25
63 -3 -16
63 -3 -21
63 -3 -26
63 -3 -31
63 -4 -4
63 -4 -16
63 -5 -3
63 -5 -37
63 -6 -24
63 -6 -31
63 -6 -39
63 -7 -6
63 -7 -21
63 -7 -26
63 -8 -9
63 -8 -36
63 -8 -39
63 -9 -28
63 -10 -16
63 -10 -17
63 -10 -24
63 -11 -22
63 -13 -19
63 -13 -37
63 -13 -38
63 -15 -4
63 -15 -12
63 -16 -1
63 -16 -33
63 -17 -12
63 -17 -17
63 -17 -18
63 -17 -20
63 -18 -33
63 -18 -36
63 -19 -25
63 -20 -17
63 -20 -34
63 -20 -37
63 -21 -27
63 -21 -28
63 -21 -29
63 -21 -30
63 -22 -11
63 -22 -17
63 -23 -3
63 -23 -14
63 -23 -24
63 -23 -32
63 -24 -16
63 -24 -17
63 -26 -6
63 -27 -35
63 -28 -9
63 -28 -20
63 -29 -17
63 -29 -27
63 -29 -35
63 -31 -8
63 -31 -12
63 -32 -7
63 -32 -31
63 -33 -11
63 -33 -31
63 -34 -10
63 -36 -2
63 -36 -10
63 -36 -11
63 -36 -20
63 -37 -10
63 -37 -23
63 -37 -39
63 -38 0
63 -38 -17
63 -39 -38
64 -1 -7
64 -1 -15
64 -1 -18
64 -2 -25
64 -3 -16
64 -3 -21
64 -3 -26
64 -3 -31
64 -4 -4
64 -4 -16
64 -5 -3
64 -5 -37
64 -6 -24
64 -6 -31
64 -6 -39
64 -7 -6
64 -7 -21
64 -7 -26
64 -8 -9
64 -8 -36
64 -8 -39
64 -9 -28
64 -10 -16
64 -10 -17
64 -10 -24
64 -11 -22
64 -13 -19
64 -13 -37
64 -13 -38
64 -15 -4
64 -15 -12
64 -16 -1
64 -16 -33
64 -17 -12
64 -17 -17
64 -17 -18
64 -17 -20
64 -18 -33
64 -18 -36
64 -19 -25
64 -20 -17
64 -20 -34
64 -20 -37
64 -21 -27
64 -21 -28
64 -21 -29
64 -21 -30
64 -22 -11
64 -22 -17
64 -23 -3
64 -23 -14
64 -23 -24
64 -23 -32
64 -24 -16
64 -24 -17
64 -26 -6
64 -27 -35
64 -28 -9
64 -28 -20
64 -29 -17
64 -29 -27
64 -29 -35
64 -31 -8
64 -31 -12
64 -32 -7
64 -32 -31
64 -33 -11
64 -33 -31
64 -34 -10
64 -36 -2
64 -36 -10
64 -36 -11
64 -36 -20
64 -37 -10
64 -37 -23
64 -37 -39
64 -38 0
64 -38 -17
64 -39 -38
65 -1 -7
65 -1 -15
65 -1 -18
65 -2 -25
65 -3 -16
65 -3 -21
65 -3 -26
65 -3 -31
65 -4 -4
65 -4 -16
65 -5 -3
65 -5 -37
65 -6 -24
65 -6 -31
65 -6 -39
65 -7 -6
65 -7 -21
65 -7 -26
65 -8 -9
65 -8 -36
65 -8 -39
65 -9 -28
65 -10 -16
65 -10 -17
65 -10 -24
65 -11 -22
65 -13 -19
65 -13 -37
65 -13 -38
65 -15 -4
65 -15 -12
65 -16 -1
65 -16 -33
65 -17 -12
65 -17 -17
65 -17 -18
65 -17 -20
65 -18 -33
65 -18 -36
65 -19 -25
65 -20 -17
65 -20 -34
65 -20 -37
65 -21 -27
65 -21 -28
65 -21 -29
65 -21 -30
65 -22 -11
65 -22 -17
65 -23 -3
65 -23 -14
65 -23 -24
65 -23 -32
65 -24 -16
65 -24 -17
65 -26 -6
65 -27 -35
65 -28 -9
65 -28 -20
65 -29 -17
65 -29 -27
65 -29 -35
65 -31 -8
65 -31 -12
65 -32 -7
65 -32 -31
65 -33 -11
65 -33 -31
65 -34 -10
65 -36 -2
65 -36 -10
65 -36 -11
65 -36 -20
65 -37 -10
65 -37 -23
65 -37 -39
65 -38 0
65 -38 -17
65 -39 -38
66 -1 -7
66 -1 -15
66 -1 -18
66 -2 -25
66 -3 -16
66 -3 -21
66 -3 -26
66 -3 -31
66 -4 -4
66 -4 -16
66 -5 -3
66 -5 -37
66 -6 -24
66 -6 -31
66 -6 -39
66 -7 -6
66 -7 -21
66 -7 -26
66 -8 -9
66 -8 -36
66 -8 -39
66 -9 -28
66 -10 -16
66 -10 -17
66 -10 -24
66 -11 -22
66 -13 -19
66 -13 -37
66 -13 -38
66 -15 -4
66 -15 -12
66 -16 -1
66 -16 -33
66 -17 -12
66 -17 -17
66 -17 -18
66 -17 -20
66 -18 -33
66 -18 -36
66 -19 -25
66 -20 -17
66 -20 -34
66 -20 -37
66 -21 -27
66 -21 -28
66 -21 -29
66 -21 -30
66 -22 -11
66 -22 -17
66 -23 -3
66 -23 -14
66 -23 -24
66 -23 -32
66 -24 -16
66 -24 -17
66 -26 -6
66 -27 -35
66 -28 -9
66 -28 -20
66 -29 -17
66 -29 -27
66 -29 -35
66 -31 -8
66 -31 -12
66 -32 -7
66 -32 -31
66 -33 -11
66 -33 -31
66 -34 -10
66 -36 -2
66 -36 -10
66 -36 -11
66 -36 -20
66 -37 -10
66 -37 -23
66 -37 -39
66 -38 0
66 -38 -17
66 -39 -38
67 -1 -7
67 -1 -15
67 -1 -18
67 -2 -25
67 -3 -16
67 -3 -21
67 -3 -26
67 -3 -31
67 -4 -4
67 -4 -16
67 -5 -3
67 -5 -37
67 -6 -24
67 -6 -31
67 -6 -39
67 -7 -6
67 -7 -21
67 -7 -26
67 -8 -9
67 -8 -36
67 -8 -39
67 -9 -28
67 -10 -16
67 -10 -17
67 -10 -24
67 -11 -22
67 -13 -19
67 -13 -37
67 -13 -38
67 -15 -4
67 -15 -12
67 -16 -1
67 -16 -33
67 -17 -12
67 -17 -17
67 -17 -18
67 -17 -20
67 -18 -33
67 -18 -36
67 -19 -25
67 -20 -17
67 -20 -34
67 -20 -37
67 -21 -27
67 -21 -28
67 -21 -29
67 -21 -30
67 -22 -11
67 -22 -17
67 -23 -3
67 -23 -14
67 -23 -24
67 -23 -32
67 -24 -16
67 -24 -17
67 -26 -6
67 -27 -35
67 -28 -9
67 -28 -20
67 -29 -17
67 -29 -27
67 -29 -35
67 -31 -8
67 -31 -12
67 -32 -7
67 -32 -31
67 -33 -11
67 -33 -31
67 -34 -10
67 -36 -2
67 -36 -10
67 -36 -11
67 -36 -20
67 -37 -10
67 -37 -23
67 -37 -39
67 -38 0
67 -38 -17
67 -39 -38
68 -1 -7
68 -1 -15
68 -1 -18
68 -2 -25
68 -3 -16
68 -3 -21
68 -3 -26
68 -3 -31
68 -4 -4
68 -4 -16
68 -5 -3
68 -5 -37
68 -6 -24
68 -6 -31
68 -6 -39
68 -7 -6
68 -7 -21
68 -7 -26
68 -8 -9
68 -8 -36
68 -8 -39
68 -9 -28
68 -10 -16
68 -10 -17
68 -10 -24
68 -11 -22
68 -13 -19
68 -13 -37
68 -13 -38
68 -15 -4
68 -15 -12
68 -16 -1
68 -16 -33
68 -17 -12
68 -17 -17
68 -17 -18
68 -17 -20
68 -18 -33
68 -18 -36
68 -19 -25
68 -20 -17
68 -20 -34
68 -20 -37
68 -21 -27
68 -21 -28
68 -21 -29
68 -21 -30
68 -22 -11
68 -22 -17
68 -23 -3
68 -23 -14
68 -23 -24
68 -23 -32
68 -24 -16
68 -24 -17
68 -26 -6
68 -27 -35
68 -28 -9
68 -28 -20
68 -29 -17
68 -29 -27
68 -29 -35
68 -31 -8
68 -31 -12
68 -32 -7
68 -32 -31
68 -33 -11
68 -33 -31
68 -34 -10
68 -36 -2
68 -36 -10
68 -36 -11
68 -36 -20
68 -37 -10
68 -37 -23
68 -37 -39
68 -38 0
68 -38 -17
68 -39 -38
69 -1 -7
69 -1 -15
69 -1 -18
69 -2 -25
69 -3 -16
69 -3 -21
69 -3 -26
69 -3 -31
69 -4 -4
69 -4 -16
69 -5 -3
69 -5 -37
69 -6 -24
69 -6 -31
69 -6 -39
69 -7 -6
69 -7 -21
69 -7 -26
69 -8 -9
69 -8 -36
69 -8 -39
69 -9 -28
69 -10 -16
69 -10 -17
69 -10 -24
69 -11 -22
69 -13 -19
69 -13 -37
69 -13 -38
69 -15 -4
69 -15 -12
69 -16 -1
69 -16 -33
69 -17 -12
69 -17 -17
69 -17 -18
69 -17 -20
69 -18 -33
69 -18 -36
69 -19 -25
69 -20 -17
69 -20 -34
69 -20 -37
69 -21 -27
69 -21 -28
69 -21 -29
69 -21 -30
69 -22 -11
69 -22 -17
69 -23 -3
69 -23 -14
69 -23 -24
69 -23 -32
69 -24 -16
69 -24 -17
69 -26 -6
69 -27 -35
69 -28 -9
69 -28 -20
69 -29 -17
69 -29 -27
69 -29 -35
69 -31 -8
69 -31 -12
69 -32 -7
69 -32 -31
69 -33 -11
69 -33 -31
69 -34 -10
69 -36 -2
69 -36 -10
69 -36 -11
69 -36 -20
69 -37 -10
69 -37 -23
69 -37 -39
69 -38 0
69 -38 -17
69 -39 -38
70 -1 -7
70 -1 -15
70 -1 -18
70 -2 -25
70 -3 -16
70 -3 -21
70 -3 -26
70 -3 -31
70 -4 -4
70 -4 -16
70 -5 -3
70 -5 -37
70 -6 -24
70 -6 -31
70 -6 -39
70 -7 -6
70 -7 -21
70 -7 -26
70 -8 -9
70 -8 -36
70 -8 -39
70 -9 -28
70 -10 -16
70 -10 -17
70 -10 -24
70 -11 -22
70 -13 -19
70 -13 -37
70 -13 -38
70 -15 -4
70 -15 -12
70 -16 -1
70 -16 -33
70 -17 -12
70 -17 -17
70 -17 -18
70 -17 -20
70 -18 -33
70 -18 -36
70 -19 -25
70 -20 -17
70 -20 -34
70 -20 -37
70 -21 -27
70 -21 -28
70 -21 -29
70 -21 -30
70 -22 -11
70 -22 -17
70 -23 -3
70 -23 -14
70 -23 -24
70 -23 -32
70 -24 -16
70 -24 -17
70 -26 -6
70 -27 -35
70 -28 -9
70 -28 -20
70 -29 -17
70 -29 -27
70 -29 -35
70 -31 -8
70 -31 -12
70 -32 -7
70 -32 -31
70 -33 -11
70 -33 -31
70 -34 -10
70 -36 -2
70 -36 -10
70 -36 -11
70 -36 -20
70 -37 -10
70 -37 -23
70 -37 -39
70 -38 0
70 -38 -17
70 -39 -38
71 -1 -7
71 -1 -15
71 -1 -18
71 -2 -25
71 -3 -16
71 -3 -21
71 -3 -26
71 -3 -31
71 -4 -4
71 -4 -16
71 -5 -3
71 -5 -37
71 -6 -24
71 -6 -31
71 -6 -39
71 -7 -6
71 -7 -21
71 -7 -26
71 -8 -9
71 -8 -36
71 -8 -39
71 -9 -28
71 -10 -16
71 -10 -17
71 -10 -24
71 -11 -22
71 -13 -19
71 -13 -37
71 -13 -38
71 -15 -4
71 -15 -12
71 -16 -1
71 -16 -33
71 -17 -12
71 -17 -17
71 -17 -18
71 -17 -20
71 -18 -33
71 -18 -36
71 -19 -25
71 -20 -17
71 -20 -34
71 -20 -37
71 -21 -27
71 -21 -28
71 -21 -29
71 -21 -30
71 -22 -11
71 -22 -17
71 -23 -3
71 -23 -14
71 -23 -24
71 -23 -32
71 -24 -16
71 -24 -17
71 -26 -6
71 -27 -35
71 -28 -9
71 -28 -20
71 -29 -17
71 -29 -27
71 -29 -35
71 -31 -8
71 -31 -12
71 -32 -7
71 -32 -31
71 -33 -11
71 -33 -31
71 -34 -10
71 -36 -2
71 -36 -10
71 -36 -11
71 -36 -20
71 -37 -10
71 -37 -23
71 -37 -39
71 -38 0
71 -38 -17
71 -39 -38
72 -1 -7
72 -1 -15
72 -1 -18
72 -2 -25
72 -3 -16
72 -3 -21
72 -3 -26
72 -3 -31
72 -4 -4
72 -4 -16
72 -5 -3
72 -5 -37
72 -6 -24
72 -6 -31
72 -6 -39
72 -7 -6
72 -7 -21
72 -7 -26
72 -8 -9
72 -8 -36
72 -8 -39
72 -9 -28
72 -10 -16
72 -10 -17
72 -10 -24
72 -11 -22
72 -13 -19
72 -13 -37
72 -13 -38
72 -15 -4
72 -15 -12
72 -16 -1
72 -16 -33
72 -17 -12
72 -17 -17
72 -17 -18
72 -17 -20
72 -18 -33
72 -18 -36
72 -19 -25
72 -20 -17
72 -20 -34
72 -20 -37
72 -21 -27
72 -21 -28
72 -21 -29
72 -21 -30
72 -22 -11
72 -22 -17
72 -23 -3
72 -23 -14
72 -23 -24
72 -23 -32
72 -24 -16
72 -24 -17
72 -26 -6
72 -27 -35
72 -28 -9
72 -28 -20
72 -29 -17
72 -29 -27
72 -29 -35
72 -31 -8
72 -31 -12
72 -32 -7
72 -32 -31
72 -33 -11
72 -33 -31
72 -34 -10
72 -36 -2
72 -36 -10
72 -36 -11
72 -36 -20
72 -37 -10
72 -37 -23
72 -37 -39
72 -38 0
72 -38 -17
72 -39 -38
73 -1 -7
73 -1 -15
73 -1 -18
73 -2 -25
73 -3 -16
73 -3 -21
73 -3 -26
73 -3 -31
73 -4 -4
73 -4 -16
73 -5 -3
73 -5 -37
73 -6 -24
73 -6 -31
73 -6 -39
73 -7 -6
73 -7 -21
73 -7 -26
73 -8 -9
73 -8 -36
73 -8 -39
73 -9 -28
73 -10 -16
73 -10 -17
73 -10 -24
73 -11 -22
73 -13 -19
73 -13 -37
73 -13 -38
73 -15 -4
73 -15 -12
73 -16 -1
73 -16 -33
73 -17 -12
73 -17 -17
73 -17 -18
73 -17 -20
73 -18 -33
73 -18 -36
73 -19 -25
73 -20 -17
73 -20 -34
73 -20 -37
73 -21 -27
73 -21 -28
73 -21 -29
73 -21 -30
73 -22 -11
73 -22 -17
73 -23 -3
73 -23 -14
73 -23 -24
73 -23 -32
73 -24 -16
73 -24 -17
73 -26 -6
73 -27 -35
73 -28 -9
73 -28 -20
73 -29 -17
73 -29 -27
73 -29 -35
73 -31 -8
73 -31 -12
73 -32 -7
73 -32 -31
73 -33 -11
73 -33 -31
73 -34 -10
73 -36 -2
73 -36 -10
73 -36 -11
73 -36 -20
73 -37 -10
73 -37 -23
73 -37 -39
73 -38 0
73 -38 -17
73 -39 -38
74 -1 -7
74 -1 -15
74 -1 -18
74 -2 -25
74 -3 -16
74 -3 -21
74 -3 -26
74 -3 -31
74 -4 -4
74 -4 -16
74 -5 -3
74 -5 -37
74 -6 -24
74 -6 -31
74 -6 -39
74 -7 -6
74 -7 -21
74 -7 -26
74 -8 -9
74 -8 -36
74 -8 -39
74 -9 -28
74 -10 -16
74 -10 -17
74 -10 -24
74 -11 -22
74 -13 -19
74 -13 -37
74 -13 -38
74 -15 -4
74 -15 -12
74 -16 -1
74 -16 -33
74 -17 -12
74 -17 -17
74 -17 -18
74 -17 -20
74 -18 -33
74 -18 -36
74 -19 -25
74 -20 -17
74 -20 -34
74 -20 -37
74 -21 -27
74 -21 -28
74 -21 -29
74 -21 -30
74 -22 -11
74 -22 -17
74 -23 -3
74 -23 -14
74 -23 -24
74 -23 -32
74 -24 -16
74 -24 -17
74 -26 -6
74 -27 -35
74 -28 -9
74 -28 -20
74 -29 -17
74 -29 -27
74 -29 -35
74 -31 -8
74 -31 -12
74 -32 -7
74 -32 -31
74 -33 -11
74 -33 -31
74 -34 -10
74 -36 -2
74 -36 -10
74 -36 -11
74 -36 -20
74 -37 -10
74 -37 -23
74 -37 -39
74 -38 0
74 -38 -17
74 -39 -38
75 -1 -7
75 -1 -15
75 -1 -18
75 -2 -25
75 -3 -16
75 -3 -21
75 -3 -26
75 -3 -31
75 -4 -4
75 -4 -16
75 -5 -3
75 -5 -37
75 -6 -24
75 -6 -31
75 -6 -39
75 -7 -6
75 -7 -21
75 -7 -26
75 -8 -9
75 -8 -36
75 -8 -39
75 -9 -28
75 -10 -16
75 -10 -17
75 -10 -24
75 -11 -22
75 -13 -19
75 -13 -37
75 -13 -38
75 -15 -4
75 -15 -12
75 -16 -1
75 -16 -33
75 -17 -12
75 -17 -17
75 -17 -18
75 -17 -20
75 -18 -33
75 -18 -36
75 -19 -25
75 -20 -17
75 -20 -34
75 -20 -37
75 -21 -27
75 -21 -28
75 -21 -29
75 -21 -30
75 -22 -11
75 -22 -17
75 -23 -3
75 -23 -14
75 -23 -24
75 -23 -32
75 -24 -16
75 -24 -17
75 -26 -6
75 -27 -35
75 -28 -9
75 -28 -20
75 -29 -17
75 -29 -27
75 -29 -35
75 -31 -8
75 -31 -12
75 -32 -7
75 -32 -31
75 -33 -11
75 -33 -31
75 -34 -10
75 -36 -2
75 -36 -10
75 -36 -11
75 -36 -20
75 -37 -10
75 -37 -23
75 -37 -39
75 -38 0
75 -38 -17
75 -39 -38
76 -1 -7
76 -1 -15
76 -1 -18
76 -2 -25
76 -3 -16
76 -3 -21
76 -3 -26
76 -3 -31
76 -4 -4
76 -4 -16
76 -5 -3
76 -5 -37
76 -6 -24
76 -6 -31
76 -6 -39
76 -7 -6
76 -7 -21
76 -7 -26
76 -8 -9
76 -8 -36
76 -8 -39
76 -9 -28
76 -10 -16
76 -10 -17
76 -10 -24
76 -11 -22
76 -13 -19
76 -13 -37
76 -13 -38
76 -15 -4
76 -15 -12
76 -16 -1
76 -16 -33
76 -17 -12
76 -17 -17
76 -17 -18
76 -17 -20
76 -18 -33
76 -18 -36
76 -19 -25
76 -20 -17
76 -20 -34
76 -20 -37
76 -21 -27
76 -21 -28
76 -21 -29
76 -21 -30
76 -22 -11
76 -22 -17
76 -23 -3
76 -23 -14
76 -23 -24
76 -23 -32
76 -24 -16
76 -24 -17
76 -26 -6
76 -27 -35
76 -28 -9
76 -28 -20
76 -29 -17
76 -29 -27
76 -29 -35
76 -31 -8
76 -31 -12
76 -32 -7
76 -32 -31
76 -33 -11
76 -33 -31
76 -34 -10
76 -36 -2
76 -36 -10
76 -36 -11
76 -36 -20
76 -37 -10
76 -37 -23
76 -37 -39
76 -38 0
76 -38 -17
76 -39 -38
77 -1 -7
77 -1 -15
77 -1 -18
77 -2 -25
77 -3 -16
77 -3 -21
77 -3 -26
77 -3 -31
77 -4 -4
77 -4 -16
77 -5 -3
77 -5 -37
77 -6 -24
77 -6 -31
77 -6 -39
77 -7 -6
77 -7 -21
77 -7 -26
77 -8 -9
77 -8 -36
77 -8 -39
77 -9 -28
77 -10 -16
77 -10 -17
77 -10 -24
77 -11 -22
77 -13 -19
77 -13 -37
77 -13 -38
77 -15 -4
77 -15 -12
77 -16 -1
77 -16 -33
77 -17 -12
77 -17 -17
77 -17 -18
77 -17 -20
77 -18 -33
77 -18 -36
77 -19 -25
77 -20 -17
77 -20 -34
77 -20 -37
77 -21 -27
77 -21 -28
77 -21 -29
77 -21 -30
77 -22 -11
77 -22 -17
77 -23 -3
77 -23 -14
77 -23 -24
77 -23 -32
77 -24 -16
77 -24 -17
77 -26 -6
77 -27 -35
77 -28 -9
77 -28 -20
77 -29 -17
77 -29 -27
77 -29 -35
77 -31 -8
77 -31 -12
77 -32 -7
77 -32 -31
77 -33 -11
77 -33 -31
77 -34 -10
77 -36 -2
77 -36 -10
77 -36 -11
77 -36 -20
77 -37 -10
77 -37 -23
77 -37 -39
77 -38 0
77 -38 -17
77 -39 -38
78 -1 -7
78 -1 -15
78 -1 -18
78 -2 -25
78 -3 -16
78 -3 -21
78 -3 -26
78 -3 -31
78 -4 -4
78 -4 -16
78 -5 -3
78 -5 -37
78 -6 -24
78 -6 -31
78 -6 -39
78 -7 -6
78 -7 -21
78 -7 -26
78 -8 -9
78 -8 -36
78 -8 -39
78 -9 -28
78 -10 -16
78 -10 -17
78 -10 -24
78 -11 -22
78 -13 -19
78 -13 -37
78 -13 -38
78 -15 -4
78 -15 -12
78 -16 -1
78 -16 -33
78 -17 -12
78 -17 -17
78 -17 -18
78 -17 -20
78 -18 -33
78 -18 -36
78 -19 -25
78 -20 -17
78 -20 -34
78 -20 -37
78 -21 -27
78 -21 -28
78 -21 -29
78 -21 -30
78 -22 -11
78 -22 -17
78 -23 -3
78 -23 -14
78 -23 -24
78 -23 -32
78 -24 -16
78 -24 -17
78 -26 -6
78 -27 -35
78 -28 -9
78 -28 -20
78 -29 -17
78 -29 -27
78 -29 -35
78 -31 -8
78 -31 -12
78 -32 -7
78 -32 -31
78 -33 -11
78 -33 -31
78 -34 -10
78 -36 -2
78 -36 -10
78 -36 -11
78 -36 -20
78 -37 -10
78 -37 -23
78 -37 -39
78 -38 0
78 -38 -17
78 -39 -38
-1 -1 -1
55
23
17
68
31
78
21
39
73
53
52
30
2
26
62
24
36
22
48
8
63
13
38
43
15
44
14
10
32
7
16
28
70
60
65
20
50
4
69
40
41
54
25
51
27
0
42
57
37
1
33
3
47
76
67
75
56
66
71
74
72
61
59
35
6
49
29
77
58
46
5
12
34
11
9
64
45
19
18
  0.062659 seconds (154.55 k allocations: 5.232 MiB)
