950 0 0 0 0 0 0 0 0 0 0 0 0 0 0 0 0 0 0 0 0 0 0 0 0 0 0 0 0 0 0 0 0 0 0
0 0 0 0 0 0 0 0 0 0 0 0 0 0 0 0 0 0 0 0 0 0 0 0 0 0 0 0 0 0 0 0 0 0 0
0 0 0 0 0 0 0 0 0 0 0 0 0 0 0 0 0 0 0 0 0 0 0 0 0 0 0 0 0 0 0 0 0 0 0
0 0 0 0 0 0 0 0 0 0 0 0 0 0 0 0 0 0 0 0 0 0 0 0 0 0 0 0 0 0 0 0 0 0 0
0 0 0 0 0 0 0 0 0 0 0 0 0 0 0 0 0 0 0 0 0 0 0 0 0 0 0 0 0 0 0 0 0 0 0
0 0 0 0 0 0 0 0 0 0 0 0 0 0 0 0 0 0 0 0 0 0 0 0 0 0 0 0 0 0 0 0 0 0 0
0 0 0 0 0 0 0 0 0 0 0 0 0 0 0 0 0 0 0 0 0 0 0 0 0 0 0 0 0 0 0 0 0 0 0
0 0 0 0 0 0 0 0 0 0 0 0 0 0 0 0 0 0 0 0 0 0 0 0 0 0 0 0 0 0 0 0 0 0 0
0 0 0 0 0 0 0 0 0 0 0 0 0 0 0 0 0 0 0 0 0 0 0 0 0 0 0 0 0 0 0 0 0 0 0
0 0 0 0 0 0 0 0 0 0 0 0 0 0 0 0 0 0 0 0 0 0 0 0 0 0 0 0 0 0 0 0 0 0 0
0 0 0 0 0 0 0 0 0 0 0 0 0 0 0 0 0 0 0 0 0 0 0 0 0 0 0 0 0 0 0 0 0 0 0
0 0 0 0 0 0 0 0 0 0 0 0 0 0 0 0 0 0 0 0 0 0 0 0 0 0 0 0 0 0 0 0 0 0 0
0 0 0 0 0 0 0 0 0 0 0 0 0 0 0 0 0 0 0 0 0 0 0 0 0 0 0 0 0 0 0 0 0 0 0
0 0 0 0 0 0 0 0 0 0 0 0 0 0 0 0 0 0 0 0 0 0 0 0 0 0 0 0 0 0 0 0 0 0 0
0 0 0 0 0 0 0 0 0 0 0 0 0 0 0 0 0 0 0 0 0 0 0 0 0 0 0 0 0 0 0 0 0 0 0
0 0 0 0 0 0 0 0 0 0 0 0 0 0 0 0 0 0 0 0 0 0 0 0 0 0 0 0 0 0 0 0 0 0 0
0 0 0 0 0 0 0 0 0 0 0 0 0 0 0 0 0 0 0 0 0 0 0 0 0 0 0 0 0 0 0 0 0 0 0
0 0 0 0 0 0 0 0 0 0 0 0 0 0 0 0 0 0 0 0 0 0 0 0 0 0 0 0 0 0 0 0 0 0 0
0 0 0 0 0 0 0 0 0 0 0 0 0 0 0 0 0 0 0 0 0 0 0 0 0 0 0 0 0 0 0 0 0 0 0
0 0 0 0 0 0 0 0 0 0 0 0 0 0 0 0 0 0 0 0 0 0 0 0 0 0 0 0 0 0 0 0 0 0 0
0 0 0 0 0 0 0 0 0 0 0 0 0 0 0 0 0 0 0 0 0 0 0 0 0 0 0 0 0 0 0 0 0 0 0
0 0 0 0 0 0 0 0 0 0 0 0 0 0 0 0 0 0 0 0 0 0 0 0 0 0 0 0 0 0 0 0 0 0 0
0 0 0 0 0 0 0 0 0 0 0 0 0 0 0 0 0 0 0 0 0 0 0 0 0 0 0 0 0 0 0 0 0 0 0
0 0 0 0 0 0 0 0 0 0 0 0 0 0 0 0 0 0 0 0 0 0 0 0 0 0 0 0 0 0 0 0 0 0 0
0 0 0 0 0 0 0 0 0 0 0 0 0 0 0 0 0 0 0 0 0 0 0 0 0 0 0 0 0 0 0 0 0 0 0
0 0 0 0 0 0 0 0 0 0 0 0 0 0 0 0 0 0 0 0 0 0 0 0 0 0 0 0 0 0 0 0 0 0 0
0 0 0 0 0 0 0 0 0 0 0 0 0 0 0 0 0 0 0 0 0 0 0 0 0 0 0 0 0 0 0 0 0 0 0
0 0 0 0 0 0 0 0 0 0 0 0 0 0 0 0 0 0 0 0 0 0 0 0 0 0 0 0 0 0 0 0 0 0 0
0 0 0 0 0 0 0 0 0 0 0 0 0 0 0 0 0 0 0 0 0 0 0 0 0 0 0 0 0 0 0 0 0 0 0
0 0 0 0 0 0 0 0 0 0 0 0 0 0 0 0 0 0 0 0 0 0 0 0 0 0 0 0 0 0 0 0 0 0 0
0 0 0 0 0 0 0 0 0 0 0 0 0 0 0 0 0 0 0 0 0 0 0 0 0 0 0 0 0 0 0 0 0 0 0
0 0 0 0 0 0 0 0 0 0 0 0 0 0 0 0 0 0 0 0 0 0 0 0 0 0 0 0 0 0 0 0 0 0 0
0 0 0 0 0 0 0 0 0 0 0 0 0 0 0 0 0 0 0 0 0 0 0 0 0 0 0 0 0 0 0 0 0 0 0
0 0 0 0 0 0 0 0 0 0 0 0 0 0 0 0 0 0 0 0 0 0 0 0 0 0 0 0 0 0 0 0 0 0 0
0 0 0 0 0 0 0 0 0 0 0 0 0 0 0 0 0 0 0 0 0 0 0 0 0 0 0 0 0 0 0 0 0 0 0
0 0 -26
0 0 -32
0 -1 -14
0 -2 0
0 -2 -23
0 -3 0
0 -3 -7
0 -4 -18
0 -5 -19
0 -5 -21
0 -5 -29
0 -7 -6
0 -7 -8
0 -7 -14
0 -8 -3
0 -8 -14
0 -9 -9
0 -9 -28
0 -10 -13
0 -10 -32
0 -11 -19
0 -12 -5
0 -12 -12
0 -12 -30
0 -13 -19
0 -13 -34
0 -14 -22
0 -15 -27
0 -16 -28
0 -17 -31
0 -18 -16
0 -19 -14
0 -19 -30
0 -20 -18
0 -21 -28
0 -23 -9
0 -23 -20
0 -23 -27
0 -24 -4
0 -24 -19
0 -24 -24
0 -24 -29
0 -26 -20
0 -26 -23
0 -27 -2
0 -27 -22
0 -28 -12
0 -28 -19
0 -29 -5
0 -29 -24
0 -29 -25
0 -30 -2
0 -30 -3
0 -30 -14
0 -30 -19
0 -30 -28
0 -33 -10
0 -33 -14
0 -33 -22
0 -34 -7
1 0 -26
1 0 -32
1 -1 -14
1 -2 0
1 -2 -23
1 -3 0
1 -3 -7
1 -4 -18
1 -5 -19
1 -5 -21
1 -5 -29
1 -7 -6
1 -7 -8
1 -7 -14
1 -8 -3
1 -8 -14
1 -9 -9
1 -9 -28
1 -10 -13
1 -10 -32
1 -11 -19
1 -12 -5
1 -12 -12
1 -12 -30
1 -13 -19
1 -13 -34
1 -14 -22
1 -15 -27
1 -16 -28
1 -17 -31
1 -18 -16
1 -19 -14
1 -19 -30
1 -20 -18
1 -21 -28
1 -23 -9
1 -23 -20
1 -23 -27
1 -24 -4
1 -24 -19
1 -24 -24
1 -24 -29
1 -26 -20
1 -26 -23
1 -27 -2
1 -27 -22
1 -28 -12
1 -28 -19
1 -29 -5
1 -29 -24
1 -29 -25
1 -30 -2
1 -30 -3
1 -30 -14
1 -30 -19
1 -30 -28
1 -33 -10
1 -33 -14
1 -33 -22
1 -34 -7
2 0 -26
2 0 -32
2 -1 -14
2 -2 0
2 -2 -23
2 -3 0
2 -3 -7
2 -4 -18
2 -5 -19
2 -5 -21
2 -5 -29
2 -7 -6
2 -7 -8
2 -7 -14
2 -8 -3
2 -8 -14
2 -9 -9
2 -9 -28
2 -10 -13
2 -10 -32
2 -11 -19
2 -12 -5
2 -12 -12
2 -12 -30
2 -13 -19
2 -13 -34
2 -14 -22
2 -15 -27
2 -16 -28
2 -17 -31
2 -18 -16
2 -19 -14
2 -19 -30
2 -20 -18
2 -21 -28
2 -23 -9
2 -23 -20
2 -23 -27
2 -24 -4
2 -24 -19
2 -24 -24
2 -24 -29
2 -26 -20
2 -26 -23
2 -27 -2
2 -27 -22
2 -28 -12
2 -28 -19
2 -29 -5
2 -29 -24
2 -29 -25
2 -30 -2
2 -30 -3
2 -30 -14
2 -30 -19
2 -30 -28
2 -33 -10
2 -33 -14
2 -33 -22
2 -34 -7
3 0 -26
3 0 -32
3 -1 -14
3 -2 0
3 -2 -23
3 -3 0
3 -3 -7
3 -4 -18
3 -5 -19
3 -5 -21
3 -5 -29
3 -7 -6
3 -7 -8
3 -7 -14
3 -8 -3
3 -8 -14
3 -9 -9
3 -9 -28
3 -10 -13
3 -10 -32
3 -11 -19
3 -12 -5
3 -12 -12
3 -12 -30
3 -13 -19
3 -13 -34
3 -14 -22
3 -15 -27
3 -16 -28
3 -17 -31
3 -18 -16
3 -19 -14
3 -19 -30
3 -20 -18
3 -21 -28
3 -23 -9
3 -23 -20
3 -23 -27
3 -24 -4
3 -24 -19
3 -24 -24
3 -24 -29
3 -26 -20
3 -26 -23
3 -27 -2
3 -27 -22
3 -28 -12
3 -28 -19
3 -29 -5
3 -29 -24
3 -29 -25
3 -30 -2
3 -30 -3
3 -30 -14
3 -30 -19
3 -30 -28
3 -33 -10
3 -33 -14
3 -33 -22
3 -34 -7
4 0 -26
4 0 -32
4 -1 -14
4 -2 0
4 -2 -23
4 -3 0
4 -3 -7
4 -4 -18
4 -5 -19
4 -5 -21
4 -5 -29
4 -7 -6
4 -7 -8
4 -7 -14
4 -8 -3
4 -8 -14
4 -9 -9
4 -9 -28
4 -10 -13
4 -10 -32
4 -11 -19
4 -12 -5
4 -12 -12
4 -12 -30
4 -13 -19
4 -13 -34
4 -14 -22
4 -15 -27
4 -16 -28
4 -17 -31
4 -18 -16
4 -19 -14
4 -19 -30
4 -20 -18
4 -21 -28
4 -23 -9
4 -23 -20
4 -23 -27
4 -24 -4
4 -24 -19
4 -24 -24
4 -24 -29
4 -26 -20
4 -26 -23
4 -27 -2
4 -27 -22
4 -28 -12
4 -28 -19
4 -29 -5
4 -29 -24
4 -29 -25
4 -30 -2
4 -30 -3
4 -30 -14
4 -30 -19
4 -30 -28
4 -33 -10
4 -33 -14
4 -33 -22
4 -34 -7
5 0 -26
5 0 -32
5 -1 -14
5 -2 0
5 -2 -23
5 -3 0
5 -3 -7
5 -4 -18
5 -5 -19
5 -5 -21
5 -5 -29
5 -7 -6
5 -7 -8
5 -7 -14
5 -8 -3
5 -8 -14
5 -9 -9
5 -9 -28
5 -10 -13
5 -10 -32
5 -11 -19
5 -12 -5
5 -12 -12
5 -12 -30
5 -13 -19
5 -13 -34
5 -14 -22
5 -15 -27
5 -16 -28
5 -17 -31
5 -18 -16
5 -19 -14
5 -19 -30
5 -20 -18
5 -21 -28
5 -23 -9
5 -23 -20
5 -23 -27
5 -24 -4
5 -24 -19
5 -24 -24
5 -24 -29
5 -26 -20
5 -26 -23
5 -27 -2
5 -27 -22
5 -28 -12
5 -28 -19
5 -29 -5
5 -29 -24
5 -29 -25
5 -30 -2
5 -30 -3
5 -30 -14
5 -30 -19
5 -30 -28
5 -33 -10
5 -33 -14
5 -33 -22
5 -34 -7
6 0 -26
6 0 -32
6 -1 -14
6 -2 0
6 -2 -23
6 -3 0
6 -3 -7
6 -4 -18
6 -5 -19
6 -5 -21
6 -5 -29
6 -7 -6
6 -7 -8
6 -7 -14
6 -8 -3
6 -8 -14
6 -9 -9
6 -9 -28
6 -10 -13
6 -10 -32
6 -11 -19
6 -12 -5
6 -12 -12
6 -12 -30
6 -13 -19
6 -13 -34
6 -14 -22
6 -15 -27
6 -16 -28
6 -17 -31
6 -18 -16
6 -19 -14
6 -19 -30
6 -20 -18
6 -21 -28
6 -23 -9
6 -23 -20
6 -23 -27
6 -24 -4
6 -24 -19
6 -24 -24
6 -24 -29
6 -26 -20
6 -26 -23
6 -27 -2
6 -27 -22
6 -28 -12
6 -28 -19
6 -29 -5
6 -29 -24
6 -29 -25
6 -30 -2
6 -30 -3
6 -30 -14
6 -30 -19
6 -30 -28
6 -33 -10
6 -33 -14
6 -33 -22
6 -34 -7
7 0 -26
7 0 -32
7 -1 -14
7 -2 0
7 -2 -23
7 -3 0
7 -3 -7
7 -4 -18
7 -5 -19
7 -5 -21
7 -5 -29
7 -7 -6
7 -7 -8
7 -7 -14
7 -8 -3
7 -8 -14
7 -9 -9
7 -9 -28
7 -10 -13
7 -10 -32
7 -11 -19
7 -12 -5
7 -12 -12
7 -12 -30
7 -13 -19
7 -13 -34
7 -14 -22
7 -15 -27
7 -16 -28
7 -17 -31
7 -18 -16
7 -19 -14
7 -19 -30
7 -20 -18
7 -21 -28
7 -23 -9
7 -23 -20
7 -23 -27
7 -24 -4
7 -24 -19
7 -24 -24
7 -24 -29
7 -26 -20
7 -26 -23
7 -27 -2
7 -27 -22
7 -28 -12
7 -28 -19
7 -29 -5
7 -29 -24
7 -29 -25
7 -30 -2
7 -30 -3
7 -30 -14
7 -30 -19
7 -30 -28
7 -33 -10
7 -33 -14
7 -33 -22
7 -34 -7
8 0 -26
8 0 -32
8 -1 -14
8 -2 0
8 -2 -23
8 -3 0
8 -3 -7
8 -4 -18
8 -5 -19
8 -5 -21
8 -5 -29
8 -7 -6
8 -7 -8
8 -7 -14
8 -8 -3
8 -8 -14
8 -9 -9
8 -9 -28
8 -10 -13
8 -10 -32
8 -11 -19
8 -12 -5
8 -12 -12
8 -12 -30
8 -13 -19
8 -13 -34
8 -14 -22
8 -15 -27
8 -16 -28
8 -17 -31
8 -18 -16
8 -19 -14
8 -19 -30
8 -20 -18
8 -21 -28
8 -23 -9
8 -23 -20
8 -23 -27
8 -24 -4
8 -24 -19
8 -24 -24
8 -24 -29
8 -26 -20
8 -26 -23
8 -27 -2
8 -27 -22
8 -28 -12
8 -28 -19
8 -29 -5
8 -29 -24
8 -29 -25
8 -30 -2
8 -30 -3
8 -30 -14
8 -30 -19
8 -30 -28
8 -33 -10
8 -33 -14
8 -33 -22
8 -34 -7
9 0 -26
9 0 -32
9 -1 -14
9 -2 0
9 -2 -23
9 -3 0
9 -3 -7
9 -4 -18
9 -5 -19
9 -5 -21
9 -5 -29
9 -7 -6
9 -7 -8
9 -7 -14
9 -8 -3
9 -8 -14
9 -9 -9
9 -9 -28
9 -10 -13
9 -10 -32
9 -11 -19
9 -12 -5
9 -12 -12
9 -12 -30
9 -13 -19
9 -13 -34
9 -14 -22
9 -15 -27
9 -16 -28
9 -17 -31
9 -18 -16
9 -19 -14
9 -19 -30
9 -20 -18
9 -21 -28
9 -23 -9
9 -23 -20
9 -23 -27
9 -24 -4
9 -24 -19
9 -24 -24
9 -24 -29
9 -26 -20
9 -26 -23
9 -27 -2
9 -27 -22
9 -28 -12
9 -28 -19
9 -29 -5
9 -29 -24
9 -29 -25
9 -30 -2
9 -30 -3
9 -30 -14
9 -30 -19
9 -30 -28
9 -33 -10
9 -33 -14
9 -33 -22
9 -34 -7
10 0 -26
10 0 -32
10 -1 -14
10 -2 0
10 -2 -23
10 -3 0
10 -3 -7
10 -4 -18
10 -5 -19
10 -5 -21
10 -5 -29
10 -7 -6
10 -7 -8
10 -7 -14
10 -8 -3
10 -8 -14
10 -9 -9
10 -9 -28
10 -10 -13
10 -10 -32
10 -11 -19
10 -12 -5
10 -12 -12
10 -12 -30
10 -13 -19
10 -13 -34
10 -14 -22
10 -15 -27
10 -16 -28
10 -17 -31
10 -18 -16
10 -19 -14
10 -19 -30
10 -20 -18
10 -21 -28
10 -23 -9
10 -23 -20
10 -23 -27
10 -24 -4
10 -24 -19
10 -24 -24
10 -24 -29
10 -26 -20
10 -26 -23
10 -27 -2
10 -27 -22
10 -28 -12
10 -28 -19
10 -29 -5
10 -29 -24
10 -29 -25
10 -30 -2
10 -30 -3
10 -30 -14
10 -30 -19
10 -30 -28
10 -33 -10
10 -33 -14
10 -33 -22
10 -34 -7
11 0 -26
11 0 -32
11 -1 -14
11 -2 0
11 -2 -23
11 -3 0
11 -3 -7
11 -4 -18
11 -5 -19
11 -5 -21
11 -5 -29
11 -7 -6
11 -7 -8
11 -7 -14
11 -8 -3
11 -8 -14
11 -9 -9
11 -9 -28
11 -10 -13
11 -10 -32
11 -11 -19
11 -12 -5
11 -12 -12
11 -12 -30
11 -13 -19
11 -13 -34
11 -14 -22
11 -15 -27
11 -16 -28
11 -17 -31
11 -18 -16
11 -19 -14
11 -19 -30
11 -20 -18
11 -21 -28
11 -23 -9
11 -23 -20
11 -23 -27
11 -24 -4
11 -24 -19
11 -24 -24
11 -24 -29
11 -26 -20
11 -26 -23
11 -27 -2
11 -27 -22
11 -28 -12
11 -28 -19
11 -29 -5
11 -29 -24
11 -29 -25
11 -30 -2
11 -30 -3
11 -30 -14
11 -30 -19
11 -30 -28
11 -33 -10
11 -33 -14
11 -33 -22
11 -34 -7
12 0 -26
12 0 -32
12 -1 -14
12 -2 0
12 -2 -23
12 -3 0
12 -3 -7
12 -4 -18
12 -5 -19
12 -5 -21
12 -5 -29
12 -7 -6
12 -7 -8
12 -7 -14
12 -8 -3
12 -8 -14
12 -9 -9
12 -9 -28
12 -10 -13
12 -10 -32
12 -11 -19
12 -12 -5
12 -12 -12
12 -12 -30
12 -13 -19
12 -13 -34
12 -14 -22
12 -15 -27
12 -16 -28
12 -17 -31
12 -18 -16
12 -19 -14
12 -19 -30
12 -20 -18
12 -21 -28
12 -23 -9
12 -23 -20
12 -23 -27
12 -24 -4
12 -24 -19
12 -24 -24
12 -24 -29
12 -26 -20
12 -26 -23
12 -27 -2
12 -27 -22
12 -28 -12
12 -28 -19
12 -29 -5
12 -29 -24
12 -29 -25
12 -30 -2
12 -30 -3
12 -30 -14
12 -30 -19
12 -30 -28
12 -33 -10
12 -33 -14
12 -33 -22
12 -34 -7
13 0 -26
13 0 -32
13 -1 -14
13 -2 0
13 -2 -23
13 -3 0
13 -3 -7
13 -4 -18
13 -5 -19
13 -5 -21
13 -5 -29
13 -7 -6
13 -7 -8
13 -7 -14
13 -8 -3
13 -8 -14
13 -9 -9
13 -9 -28
13 -10 -13
13 -10 -32
13 -11 -19
13 -12 -5
13 -12 -12
13 -12 -30
13 -13 -19
13 -13 -34
13 -14 -22
13 -15 -27
13 -16 -28
13 -17 -31
13 -18 -16
13 -19 -14
13 -19 -30
13 -20 -18
13 -21 -28
13 -23 -9
13 -23 -20
13 -23 -27
13 -24 -4
13 -24 -19
13 -24 -24
13 -24 -29
13 -26 -20
13 -26 -23
13 -27 -2
13 -27 -22
13 -28 -12
13 -28 -19
13 -29 -5
13 -29 -24
13 -29 -25
13 -30 -2
13 -30 -3
13 -30 -14
13 -30 -19
13 -30 -28
13 -33 -10
13 -33 -14
13 -33 -22
13 -34 -7
14 0 -26
14 0 -32
14 -1 -14
14 -2 0
14 -2 -23
14 -3 0
14 -3 -7
14 -4 -18
14 -5 -19
14 -5 -21
14 -5 -29
14 -7 -6
14 -7 -8
14 -7 -14
14 -8 -3
14 -8 -14
14 -9 -9
14 -9 -28
14 -10 -13
14 -10 -32
14 -11 -19
14 -12 -5
14 -12 -12
14 -12 -30
14 -13 -19
14 -13 -34
14 -14 -22
14 -15 -27
14 -16 -28
14 -17 -31
14 -18 -16
14 -19 -14
14 -19 -30
14 -20 -18
14 -21 -28
14 -23 -9
14 -23 -20
14 -23 -27
14 -24 -4
14 -24 -19
14 -24 -24
14 -24 -29
14 -26 -20
14 -26 -23
14 -27 -2
14 -27 -22
14 -28 -12
14 -28 -19
14 -29 -5
14 -29 -24
14 -29 -25
14 -30 -2
14 -30 -3
14 -30 -14
14 -30 -19
14 -30 -28
14 -33 -10
14 -33 -14
14 -33 -22
14 -34 -7
15 0 -26
15 0 -32
15 -1 -14
15 -2 0
15 -2 -23
15 -3 0
15 -3 -7
15 -4 -18
15 -5 -19
15 -5 -21
15 -5 -29
15 -7 -6
15 -7 -8
15 -7 -14
15 -8 -3
15 -8 -14
15 -9 -9
15 -9 -28
15 -10 -13
15 -10 -32
15 -11 -19
15 -12 -5
15 -12 -12
15 -12 -30
15 -13 -19
15 -13 -34
15 -14 -22
15 -15 -27
15 -16 -28
15 -17 -31
15 -18 -16
15 -19 -14
15 -19 -30
15 -20 -18
15 -21 -28
15 -23 -9
15 -23 -20
15 -23 -27
15 -24 -4
15 -24 -19
15 -24 -24
15 -24 -29
15 -26 -20
15 -26 -23
15 -27 -2
15 -27 -22
15 -28 -12
15 -28 -19
15 -29 -5
15 -29 -24
15 -29 -25
15 -30 -2
15 -30 -3
15 -30 -14
15 -30 -19
15 -30 -28
15 -33 -10
15 -33 -14
15 -33 -22
15 -34 -7
16 0 -26
16 0 -32
16 -1 -14
16 -2 0
16 -2 -23
16 -3 0
16 -3 -7
16 -4 -18
16 -5 -19
16 -5 -21
16 -5 -29
16 -7 -6
16 -7 -8
16 -7 -14
16 -8 -3
16 -8 -14
16 -9 -9
16 -9 -28
16 -10 -13
16 -10 -32
16 -11 -19
16 -12 -5
16 -12 -12
16 -12 -30
16 -13 -19
16 -13 -34
16 -14 -22
16 -15 -27
16 -16 -28
16 -17 -31
16 -18 -16
16 -19 -14
16 -19 -30
16 -20 -18
16 -21 -28
16 -23 -9
16 -23 -20
16 -23 -27
16 -24 -4
16 -24 -19
16 -24 -24
16 -24 -29
16 -26 -20
16 -26 -23
16 -27 -2
16 -27 -22
16 -28 -12
16 -28 -19
16 -29 -5
16 -29 -24
16 -29 -25
16 -30 -2
16 -30 -3
16 -30 -14
16 -30 -19
16 -30 -28
16 -33 -10
16 -33 -14
16 -33 -22
16 -34 -7
17 0 -26
17 0 -32
17 -1 -14
17 -2 0
17 -2 -23
17 -3 0
17 -3 -7
17 -4 -18
17 -5 -19
17 -5 -21
17 -5 -29
17 -7 -6
17 -7 -8
17 -7 -14
17 -8 -3
17 -8 -14
17 -9 -9
17 -9 -28
17 -10 -13
17 -10 -32
17 -11 -19
17 -12 -5
17 -12 -12
17 -12 -30
17 -13 -19
17 -13 -34
17 -14 -22
17 -15 -27
17 -16 -28
17 -17 -31
17 -18 -16
17 -19 -14
17 -19 -30
17 -20 -18
17 -21 -28
17 -23 -9
17 -23 -20
17 -23 -27
17 -24 -4
17 -24 -19
17 -24 -24
17 -24 -29
17 -26 -20
17 -26 -23
17 -27 -2
17 -27 -22
17 -28 -12
17 -28 -19
17 -29 -5
17 -29 -24
17 -29 -25
17 -30 -2
17 -30 -3
17 -30 -14
17 -30 -19
17 -30 -28
17 -33 -10
17 -33 -14
17 -33 -22
17 -34 -7
18 0 -26
18 0 -32
18 -1 -14
18 -2 0
18 -2 -23
18 -3 0
18 -3 -7
18 -4 -18
18 -5 -19
18 -5 -21
18 -5 -29
18 -7 -6
18 -7 -8
18 -7 -14
18 -8 -3
18 -8 -14
18 -9 -9
18 -9 -28
18 -10 -13
18 -10 -32
18 -11 -19
18 -12 -5
18 -12 -12
18 -12 -30
18 -13 -19
18 -13 -34
18 -14 -22
18 -15 -27
18 -16 -28
18 -17 -31
18 -18 -16
18 -19 -14
18 -19 -30
18 -20 -18
18 -21 -28
18 -23 -9
18 -23 -20
18 -23 -27
18 -24 -4
18 -24 -19
18 -24 -24
18 -24 -29
18 -26 -20
18 -26 -23
18 -27 -2
18 -27 -22
18 -28 -12
18 -28 -19
18 -29 -5
18 -29 -24
18 -29 -25
18 -30 -2
18 -30 -3
18 -30 -14
18 -30 -19
18 -30 -28
18 -33 -10
18 -33 -14
18 -33 -22
18 -34 -7
19 0 -26
19 0 -32
19 -1 -14
19 -2 0
19 -2 -23
19 -3 0
19 -3 -7
19 -4 -18
19 -5 -19
19 -5 -21
19 -5 -29
19 -7 -6
19 -7 -8
19 -7 -14
19 -8 -3
19 -8 -14
19 -9 -9
19 -9 -28
19 -10 -13
19 -10 -32
19 -11 -19
19 -12 -5
19 -12 -12
19 -12 -30
19 -13 -19
19 -13 -34
19 -14 -22
19 -15 -27
19 -16 -28
19 -17 -31
19 -18 -16
19 -19 -14
19 -19 -30
19 -20 -18
19 -21 -28
19 -23 -9
19 -23 -20
19 -23 -27
19 -24 -4
19 -24 -19
19 -24 -24
19 -24 -29
19 -26 -20
19 -26 -23
19 -27 -2
19 -27 -22
19 -28 -12
19 -28 -19
19 -29 -5
19 -29 -24
19 -29 -25
19 -30 -2
19 -30 -3
19 -30 -14
19 -30 -19
19 -30 -28
19 -33 -10
19 -33 -14
19 -33 -22
19 -34 -7
20 0 -26
20 0 -32
20 -1 -14
20 -2 0
20 -2 -23
20 -3 0
20 -3 -7
20 -4 -18
20 -5 -19
20 -5 -21
20 -5 -29
20 -7 -6
20 -7 -8
20 -7 -14
20 -8 -3
20 -8 -14
20 -9 -9
20 -9 -28
20 -10 -13
20 -10 -32
20 -11 -19
20 -12 -5
20 -12 -12
20 -12 -30
20 -13 -19
20 -13 -34
20 -14 -22
20 -15 -27
20 -16 -28
20 -17 -31
20 -18 -16
20 -19 -14
20 -19 -30
20 -20 -18
20 -21 -28
20 -23 -9
20 -23 -20
20 -23 -27
20 -24 -4
20 -24 -19
20 -24 -24
20 -24 -29
20 -26 -20
20 -26 -23
20 -27 -2
20 -27 -22
20 -28 -12
20 -28 -19
20 -29 -5
20 -29 -24
20 -29 -25
20 -30 -2
20 -30 -3
20 -30 -14
20 -30 -19
20 -30 -28
20 -33 -10
20 -33 -14
20 -33 -22
20 -34 -7
21 0 -26
21 0 -32
21 -1 -14
21 -2 0
21 -2 -23
21 -3 0
21 -3 -7
21 -4 -18
21 -5 -19
21 -5 -21
21 -5 -29
21 -7 -6
21 -7 -8
21 -7 -14
21 -8 -3
21 -8 -14
21 -9 -9
21 -9 -28
21 -10 -13
21 -10 -32
21 -11 -19
21 -12 -5
21 -12 -12
21 -12 -30
21 -13 -19
21 -13 -34
21 -14 -22
21 -15 -27
21 -16 -28
21 -17 -31
21 -18 -16
21 -19 -14
21 -19 -30
21 -20 -18
21 -21 -28
21 -23 -9
21 -23 -20
21 -23 -27
21 -24 -4
21 -24 -19
21 -24 -24
21 -24 -29
21 -26 -20
21 -26 -23
21 -27 -2
21 -27 -22
21 -28 -12
21 -28 -19
21 -29 -5
21 -29 -24
21 -29 -25
21 -30 -2
21 -30 -3
21 -30 -14
21 -30 -19
21 -30 -28
21 -33 -10
21 -33 -14
21 -33 -22
21 -34 -7
22 0 -26
22 0 -32
22 -1 -14
22 -2 0
22 -2 -23
22 -3 0
22 -3 -7
22 -4 -18
22 -5 -19
22 -5 -21
22 -5 -29
22 -7 -6
22 -7 -8
22 -7 -14
22 -8 -3
22 -8 -14
22 -9 -9
22 -9 -28
22 -10 -13
22 -10 -32
22 -11 -19
22 -12 -5
22 -12 -12
22 -12 -30
22 -13 -19
22 -13 -34
22 -14 -22
22 -15 -27
22 -16 -28
22 -17 -31
22 -18 -16
22 -19 -14
22 -19 -30
22 -20 -18
22 -21 -28
22 -23 -9
22 -23 -20
22 -23 -27
22 -24 -4
22 -24 -19
22 -24 -24
22 -24 -29
22 -26 -20
22 -26 -23
22 -27 -2
22 -27 -22
22 -28 -12
22 -28 -19
22 -29 -5
22 -29 -24
22 -29 -25
22 -30 -2
22 -30 -3
22 -30 -14
22 -30 -19
22 -30 -28
22 -33 -10
22 -33 -14
22 -33 -22
22 -34 -7
23 0 -26
23 0 -32
23 -1 -14
23 -2 0
23 -2 -23
23 -3 0
23 -3 -7
23 -4 -18
23 -5 -19
23 -5 -21
23 -5 -29
23 -7 -6
23 -7 -8
23 -7 -14
23 -8 -3
23 -8 -14
23 -9 -9
23 -9 -28
23 -10 -13
23 -10 -32
23 -11 -19
23 -12 -5
23 -12 -12
23 -12 -30
23 -13 -19
23 -13 -34
23 -14 -22
23 -15 -27
23 -16 -28
23 -17 -31
23 -18 -16
23 -19 -14
23 -19 -30
23 -20 -18
23 -21 -28
23 -23 -9
23 -23 -20
23 -23 -27
23 -24 -4
23 -24 -19
23 -24 -24
23 -24 -29
23 -26 -20
23 -26 -23
23 -27 -2
23 -27 -22
23 -28 -12
23 -28 -19
23 -29 -5
23 -29 -24
23 -29 -25
23 -30 -2
23 -30 -3
23 -30 -14
23 -30 -19
23 -30 -28
23 -33 -10
23 -33 -14
23 -33 -22
23 -34 -7
24 0 -26
24 0 -32
24 -1 -14
24 -2 0
24 -2 -23
24 -3 0
24 -3 -7
24 -4 -18
24 -5 -19
24 -5 -21
24 -5 -29
24 -7 -6
24 -7 -8
24 -7 -14
24 -8 -3
24 -8 -14
24 -9 -9
24 -9 -28
24 -10 -13
24 -10 -32
24 -11 -19
24 -12 -5
24 -12 -12
24 -12 -30
24 -13 -19
24 -13 -34
24 -14 -22
24 -15 -27
24 -16 -28
24 -17 -31
24 -18 -16
24 -19 -14
24 -19 -30
24 -20 -18
24 -21 -28
24 -23 -9
24 -23 -20
24 -23 -27
24 -24 -4
24 -24 -19
24 -24 -24
24 -24 -29
24 -26 -20
24 -26 -23
24 -27 -2
24 -27 -22
24 -28 -12
24 -28 -19
24 -29 -5
24 -29 -24
24 -29 -25
24 -30 -2
24 -30 -3
24 -30 -14
24 -30 -19
24 -30 -28
24 -33 -10
24 -33 -14
24 -33 -22
24 -34 -7
25 0 -26
25 0 -32
25 -1 -14
25 -2 0
25 -2 -23
25 -3 0
25 -3 -7
25 -4 -18
25 -5 -19
25 -5 -21
25 -5 -29
25 -7 -6
25 -7 -8
25 -7 -14
25 -8 -3
25 -8 -14
25 -9 -9
25 -9 -28
25 -10 -13
25 -10 -32
25 -11 -19
25 -12 -5
25 -12 -12
25 -12 -30
25 -13 -19
25 -13 -34
25 -14 -22
25 -15 -27
25 -16 -28
25 -17 -31
25 -18 -16
25 -19 -14
25 -19 -30
25 -20 -18
25 -21 -28
25 -23 -9
25 -23 -20
25 -23 -27
25 -24 -4
25 -24 -19
25 -24 -24
25 -24 -29
25 -26 -20
25 -26 -23
25 -27 -2
25 -27 -22
25 -28 -12
25 -28 -19
25 -29 -5
25 -29 -24
25 -29 -25
25 -30 -2
25 -30 -3
25 -30 -14
25 -30 -19
25 -30 -28
25 -33 -10
25 -33 -14
25 -33 -22
25 -34 -7
26 0 -26
26 0 -32
26 -1 -14
26 -2 0
26 -2 -23
26 -3 0
26 -3 -7
26 -4 -18
26 -5 -19
26 -5 -21
26 -5 -29
26 -7 -6
26 -7 -8
26 -7 -14
26 -8 -3
26 -8 -14
26 -9 -9
26 -9 -28
26 -10 -13
26 -10 -32
26 -11 -19
26 -12 -5
26 -12 -12
26 -12 -30
26 -13 -19
26 -13 -34
26 -14 -22
26 -15 -27
26 -16 -28
26 -17 -31
26 -18 -16
26 -19 -14
26 -19 -30
26 -20 -18
26 -21 -28
26 -23 -9
26 -23 -20
26 -23 -27
26 -24 -4
26 -24 -19
26 -24 -24
26 -24 -29
26 -26 -20
26 -26 -23
26 -27 -2
26 -27 -22
26 -28 -12
26 -28 -19
26 -29 -5
26 -29 -24
26 -29 -25
26 -30 -2
26 -30 -3
26 -30 -14
26 -30 -19
26 -30 -28
26 -33 -10
26 -33 -14
26 -33 -22
26 -34 -7
27 0 -26
27 0 -32
27 -1 -14
27 -2 0
27 -2 -23
27 -3 0
27 -3 -7
27 -4 -18
27 -5 -19
27 -5 -21
27 -5 -29
27 -7 -6
27 -7 -8
27 -7 -14
27 -8 -3
27 -8 -14
27 -9 -9
27 -9 -28
27 -10 -13
27 -10 -32
27 -11 -19
27 -12 -5
27 -12 -12
27 -12 -30
27 -13 -19
27 -13 -34
27 -14 -22
27 -15 -27
27 -16 -28
27 -17 -31
27 -18 -16
27 -19 -14
27 -19 -30
27 -20 -18
27 -21 -28
27 -23 -9
27 -23 -20
27 -23 -27
27 -24 -4
27 -24 -19
27 -24 -24
27 -24 -29
27 -26 -20
27 -26 -23
27 -27 -2
27 -27 -22
27 -28 -12
27 -28 -19
27 -29 -5
27 -29 -24
27 -29 -25
27 -30 -2
27 -30 -3
27 -30 -14
27 -30 -19
27 -30 -28
27 -33 -10
27 -33 -14
27 -33 -22
27 -34 -7
28 0 -26
28 0 -32
28 -1 -14
28 -2 0
28 -2 -23
28 -3 0
28 -3 -7
28 -4 -18
28 -5 -19
28 -5 -21
28 -5 -29
28 -7 -6
28 -7 -8
28 -7 -14
28 -8 -3
28 -8 -14
28 -9 -9
28 -9 -28
28 -10 -13
28 -10 -32
28 -11 -19
28 -12 -5
28 -12 -12
28 -12 -30
28 -13 -19
28 -13 -34
28 -14 -22
28 -15 -27
28 -16 -28
28 -17 -31
28 -18 -16
28 -19 -14
28 -19 -30
28 -20 -18
28 -21 -28
28 -23 -9
28 -23 -20
28 -23 -27
28 -24 -4
28 -24 -19
28 -24 -24
28 -24 -29
28 -26 -20
28 -26 -23
28 -27 -2
28 -27 -22
28 -28 -12
28 -28 -19
28 -29 -5
28 -29 -24
28 -29 -25
28 -30 -2
28 -30 -3
28 -30 -14
28 -30 -19
28 -30 -28
28 -33 -10
28 -33 -14
28 -33 -22
28 -34 -7
29 0 -26
29 0 -32
29 -1 -14
29 -2 0
29 -2 -23
29 -3 0
29 -3 -7
29 -4 -18
29 -5 -19
29 -5 -21
29 -5 -29
29 -7 -6
29 -7 -8
29 -7 -14
29 -8 -3
29 -8 -14
29 -9 -9
29 -9 -28
29 -10 -13
29 -10 -32
29 -11 -19
29 -12 -5
29 -12 -12
29 -12 -30
29 -13 -19
29 -13 -34
29 -14 -22
29 -15 -27
29 -16 -28
29 -17 -31
29 -18 -16
29 -19 -14
29 -19 -30
29 -20 -18
29 -21 -28
29 -23 -9
29 -23 -20
29 -23 -27
29 -24 -4
29 -24 -19
29 -24 -24
29 -24 -29
29 -26 -20
29 -26 -23
29 -27 -2
29 -27 -22
29 -28 -12
29 -28 -19
29 -29 -5
29 -29 -24
29 -29 -25
29 -30 -2
29 -30 -3
29 -30 -14
29 -30 -19
29 -30 -28
29 -33 -10
29 -33 -14
29 -33 -22
29 -34 -7
30 0 -26
30 0 -32
30 -1 -14
30 -2 0
30 -2 -23
30 -3 0
30 -3 -7
30 -4 -18
30 -5 -19
30 -5 -21
30 -5 -29
30 -7 -6
30 -7 -8
30 -7 -14
30 -8 -3
30 -8 -14
30 -9 -9
30 -9 -28
30 -10 -13
30 -10 -32
30 -11 -19
30 -12 -5
30 -12 -12
30 -12 -30
30 -13 -19
30 -13 -34
30 -14 -22
30 -15 -27
30 -16 -28
30 -17 -31
30 -18 -16
30 -19 -14
30 -19 -30
30 -20 -18
30 -21 -28
30 -23 -9
30 -23 -20
30 -23 -27
30 -24 -4
30 -24 -19
30 -24 -24
30 -24 -29
30 -26 -20
30 -26 -23
30 -27 -2
30 -27 -22
30 -28 -12
30 -28 -19
30 -29 -5
30 -29 -24
30 -29 -25
30 -30 -2
30 -30 -3
30 -30 -14
30 -30 -19
30 -30 -28
30 -33 -10
30 -33 -14
30 -33 -22
30 -34 -7
31 0 -26
31 0 -32
31 -1 -14
31 -2 0
31 -2 -23
31 -3 0
31 -3 -7
31 -4 -18
31 -5 -19
31 -5 -21
31 -5 -29
31 -7 -6
31 -7 -8
31 -7 -14
31 -8 -3
31 -8 -14
31 -9 -9
31 -9 -28
31 -10 -13
31 -10 -32
31 -11 -19
31 -12 -5
31 -12 -12
31 -12 -30
31 -13 -19
31 -13 -34
31 -14 -22
31 -15 -27
31 -16 -28
31 -17 -31
31 -18 -16
31 -19 -14
31 -19 -30
31 -20 -18
31 -21 -28
31 -23 -9
31 -23 -20
31 -23 -27
31 -24 -4
31 -24 -19
31 -24 -24
31 -24 -29
31 -26 -20
31 -26 -23
31 -27 -2
31 -27 -22
31 -28 -12
31 -28 -19
31 -29 -5
31 -29 -24
31 -29 -25
31 -30 -2
31 -30 -3
31 -30 -14
31 -30 -19
31 -30 -28
31 -33 -10
31 -33 -14
31 -33 -22
31 -34 -7
32 0 -26
32 0 -32
32 -1 -14
32 -2 0
32 -2 -23
32 -3 0
32 -3 -7
32 -4 -18
32 -5 -19
32 -5 -21
32 -5 -29
32 -7 -6
32 -7 -8
32 -7 -14
32 -8 -3
32 -8 -14
32 -9 -9
32 -9 -28
32 -10 -13
32 -10 -32
32 -11 -19
32 -12 -5
32 -12 -12
32 -12 -30
32 -13 -19
32 -13 -34
32 -14 -22
32 -15 -27
32 -16 -28
32 -17 -31
32 -18 -16
32 -19 -14
32 -19 -30
32 -20 -18
32 -21 -28
32 -23 -9
32 -23 -20
32 -23 -27
32 -24 -4
32 -24 -19
32 -24 -24
32 -24 -29
32 -26 -20
32 -26 -23
32 -27 -2
32 -27 -22
32 -28 -12
32 -28 -19
32 -29 -5
32 -29 -24
32 -29 -25
32 -30 -2
32 -30 -3
32 -30 -14
32 -30 -19
32 -30 -28
32 -33 -10
32 -33 -14
32 -33 -22
32 -34 -7
33 0 -26
33 0 -32
33 -1 -14
33 -2 0
33 -2 -23
33 -3 0
33 -3 -7
33 -4 -18
33 -5 -19
33 -5 -21
33 -5 -29
33 -7 -6
33 -7 -8
33 -7 -14
33 -8 -3
33 -8 -14
33 -9 -9
33 -9 -28
33 -10 -13
33 -10 -32
33 -11 -19
33 -12 -5
33 -12 -12
33 -12 -30
33 -13 -19
33 -13 -34
33 -14 -22
33 -15 -27
33 -16 -28
33 -17 -31
33 -18 -16
33 -19 -14
33 -19 -30
33 -20 -18
33 -21 -28
33 -23 -9
33 -23 -20
33 -23 -27
33 -24 -4
33 -24 -19
33 -24 -24
33 -24 -29
33 -26 -20
33 -26 -23
33 -27 -2
33 -27 -22
33 -28 -12
33 -28 -19
33 -29 -5
33 -29 -24
33 -29 -25
33 -30 -2
33 -30 -3
33 -30 -14
33 -30 -19
33 -30 -28
33 -33 -10
33 -33 -14
33 -33 -22
33 -34 -7
34 0 -26
34 0 -32
34 -1 -14
34 -2 0
34 -2 -23
34 -3 0
34 -3 -7
34 -4 -18
34 -5 -19
34 -5 -21
34 -5 -29
34 -7 -6
34 -7 -8
34 -7 -14
34 -8 -3
34 -8 -14
34 -9 -9
34 -9 -28
34 -10 -13
34 -10 -32
34 -11 -19
34 -12 -5
34 -12 -12
34 -12 -30
34 -13 -19
34 -13 -34
34 -14 -22
34 -15 -27
34 -16 -28
34 -17 -31
34 -18 -16
34 -19 -14
34 -19 -30
34 -20 -18
34 -21 -28
34 -23 -9
34 -23 -20
34 -23 -27
34 -24 -4
34 -24 -19
34 -24 -24
34 -24 -29
34 -26 -20
34 -26 -23
34 -27 -2
34 -27 -22
34 -28 -12
34 -28 -19
34 -29 -5
34 -29 -24
34 -29 -25
34 -30 -2
34 -30 -3
34 -30 -14
34 -30 -19
34 -30 -28
34 -33 -10
34 -33 -14
34 -33 -22
34 -34 -7
35 0 -26
35 0 -32
35 -1 -14
35 -2 0
35 -2 -23
35 -3 0
35 -3 -7
35 -4 -18
35 -5 -19
35 -5 -21
35 -5 -29
35 -7 -6
35 -7 -8
35 -7 -14
35 -8 -3
35 -8 -14
35 -9 -9
35 -9 -28
35 -10 -13
35 -10 -32
35 -11 -19
35 -12 -5
35 -12 -12
35 -12 -30
35 -13 -19
35 -13 -34
35 -14 -22
35 -15 -27
35 -16 -28
35 -17 -31
35 -18 -16
35 -19 -14
35 -19 -30
35 -20 -18
35 -21 -28
35 -23 -9
35 -23 -20
35 -23 -27
35 -24 -4
35 -24 -19
35 -24 -24
35 -24 -29
35 -26 -20
35 -26 -23
35 -27 -2
35 -27 -22
35 -28 -12
35 -28 -19
35 -29 -5
35 -29 -24
35 -29 -25
35 -30 -2
35 -30 -3
35 -30 -14
35 -30 -19
35 -30 -28
35 -33 -10
35 -33 -14
35 -33 -22
35 -34 -7
36 0 -26
36 0 -32
36 -1 -14
36 -2 0
36 -2 -23
36 -3 0
36 -3 -7
36 -4 -18
36 -5 -19
36 -5 -21
36 -5 -29
36 -7 -6
36 -7 -8
36 -7 -14
36 -8 -3
36 -8 -14
36 -9 -9
36 -9 -28
36 -10 -13
36 -10 -32
36 -11 -19
36 -12 -5
36 -12 -12
36 -12 -30
36 -13 -19
36 -13 -34
36 -14 -22
36 -15 -27
36 -16 -28
36 -17 -31
36 -18 -16
36 -19 -14
36 -19 -30
36 -20 -18
36 -21 -28
36 -23 -9
36 -23 -20
36 -23 -27
36 -24 -4
36 -24 -19
36 -24 -24
36 -24 -29
36 -26 -20
36 -26 -23
36 -27 -2
36 -27 -22
36 -28 -12
36 -28 -19
36 -29 -5
36 -29 -24
36 -29 -25
36 -30 -2
36 -30 -3
36 -30 -14
36 -30 -19
36 -30 -28
36 -33 -10
36 -33 -14
36 -33 -22
36 -34 -7
37 0 -26
37 0 -32
37 -1 -14
37 -2 0
37 -2 -23
37 -3 0
37 -3 -7
37 -4 -18
37 -5 -19
37 -5 -21
37 -5 -29
37 -7 -6
37 -7 -8
37 -7 -14
37 -8 -3
37 -8 -14
37 -9 -9
37 -9 -28
37 -10 -13
37 -10 -32
37 -11 -19
37 -12 -5
37 -12 -12
37 -12 -30
37 -13 -19
37 -13 -34
37 -14 -22
37 -15 -27
37 -16 -28
37 -17 -31
37 -18 -16
37 -19 -14
37 -19 -30
37 -20 -18
37 -21 -28
37 -23 -9
37 -23 -20
37 -23 -27
37 -24 -4
37 -24 -19
37 -24 -24
37 -24 -29
37 -26 -20
37 -26 -23
37 -27 -2
37 -27 -22
37 -28 -12
37 -28 -19
37 -29 -5
37 -29 -24
37 -29 -25
37 -30 -2
37 -30 -3
37 -30 -14
37 -30 -19
37 -30 -28
37 -33 -10
37 -33 -14
37 -33 -22
37 -34 -7
38 0 -26
38 0 -32
38 -1 -14
38 -2 0
38 -2 -23
38 -3 0
38 -3 -7
38 -4 -18
38 -5 -19
38 -5 -21
38 -5 -29
38 -7 -6
38 -7 -8
38 -7 -14
38 -8 -3
38 -8 -14
38 -9 -9
38 -9 -28
38 -10 -13
38 -10 -32
38 -11 -19
38 -12 -5
38 -12 -12
38 -12 -30
38 -13 -19
38 -13 -34
38 -14 -22
38 -15 -27
38 -16 -28
38 -17 -31
38 -18 -16
38 -19 -14
38 -19 -30
38 -20 -18
38 -21 -28
38 -23 -9
38 -23 -20
38 -23 -27
38 -24 -4
38 -24 -19
38 -24 -24
38 -24 -29
38 -26 -20
38 -26 -23
38 -27 -2
38 -27 -22
38 -28 -12
38 -28 -19
38 -29 -5
38 -29 -24
38 -29 -25
38 -30 -2
38 -30 -3
38 -30 -14
38 -30 -19
38 -30 -28
38 -33 -10
38 -33 -14
38 -33 -22
38 -34 -7
39 0 -26
39 0 -32
39 -1 -14
39 -2 0
39 -2 -23
39 -3 0
39 -3 -7
39 -4 -18
39 -5 -19
39 -5 -21
39 -5 -29
39 -7 -6
39 -7 -8
39 -7 -14
39 -8 -3
39 -8 -14
39 -9 -9
39 -9 -28
39 -10 -13
39 -10 -32
39 -11 -19
39 -12 -5
39 -12 -12
39 -12 -30
39 -13 -19
39 -13 -34
39 -14 -22
39 -15 -27
39 -16 -28
39 -17 -31
39 -18 -16
39 -19 -14
39 -19 -30
39 -20 -18
39 -21 -28
39 -23 -9
39 -23 -20
39 -23 -27
39 -24 -4
39 -24 -19
39 -24 -24
39 -24 -29
39 -26 -20
39 -26 -23
39 -27 -2
39 -27 -22
39 -28 -12
39 -28 -19
39 -29 -5
39 -29 -24
39 -29 -25
39 -30 -2
39 -30 -3
39 -30 -14
39 -30 -19
39 -30 -28
39 -33 -10
39 -33 -14
39 -33 -22
39 -34 -7
40 0 -26
40 0 -32
40 -1 -14
40 -2 0
40 -2 -23
40 -3 0
40 -3 -7
40 -4 -18
40 -5 -19
40 -5 -21
40 -5 -29
40 -7 -6
40 -7 -8
40 -7 -14
40 -8 -3
40 -8 -14
40 -9 -9
40 -9 -28
40 -10 -13
40 -10 -32
40 -11 -19
40 -12 -5
40 -12 -12
40 -12 -30
40 -13 -19
40 -13 -34
40 -14 -22
40 -15 -27
40 -16 -28
40 -17 -31
40 -18 -16
40 -19 -14
40 -19 -30
40 -20 -18
40 -21 -28
40 -23 -9
40 -23 -20
40 -23 -27
40 -24 -4
40 -24 -19
40 -24 -24
40 -24 -29
40 -26 -20
40 -26 -23
40 -27 -2
40 -27 -22
40 -28 -12
40 -28 -19
40 -29 -5
40 -29 -24
40 -29 -25
40 -30 -2
40 -30 -3
40 -30 -14
40 -30 -19
40 -30 -28
40 -33 -10
40 -33 -14
40 -33 -22
40 -34 -7
41 0 -26
41 0 -32
41 -1 -14
41 -2 0
41 -2 -23
41 -3 0
41 -3 -7
41 -4 -18
41 -5 -19
41 -5 -21
41 -5 -29
41 -7 -6
41 -7 -8
41 -7 -14
41 -8 -3
41 -8 -14
41 -9 -9
41 -9 -28
41 -10 -13
41 -10 -32
41 -11 -19
41 -12 -5
41 -12 -12
41 -12 -30
41 -13 -19
41 -13 -34
41 -14 -22
41 -15 -27
41 -16 -28
41 -17 -31
41 -18 -16
41 -19 -14
41 -19 -30
41 -20 -18
41 -21 -28
41 -23 -9
41 -23 -20
41 -23 -27
41 -24 -4
41 -24 -19
41 -24 -24
41 -24 -29
41 -26 -20
41 -26 -23
41 -27 -2
41 -27 -22
41 -28 -12
41 -28 -19
41 -29 -5
41 -29 -24
41 -29 -25
41 -30 -2
41 -30 -3
41 -30 -14
41 -30 -19
41 -30 -28
41 -33 -10
41 -33 -14
41 -33 -22
41 -34 -7
42 0 -26
42 0 -32
42 -1 -14
42 -2 0
42 -2 -23
42 -3 0
42 -3 -7
42 -4 -18
42 -5 -19
42 -5 -21
42 -5 -29
42 -7 -6
42 -7 -8
42 -7 -14
42 -8 -3
42 -8 -14
42 -9 -9
42 -9 -28
42 -10 -13
42 -10 -32
42 -11 -19
42 -12 -5
42 -12 -12
42 -12 -30
42 -13 -19
42 -13 -34
42 -14 -22
42 -15 -27
42 -16 -28
42 -17 -31
42 -18 -16
42 -19 -14
42 -19 -30
42 -20 -18
42 -21 -28
42 -23 -9
42 -23 -20
42 -23 -27
42 -24 -4
42 -24 -19
42 -24 -24
42 -24 -29
42 -26 -20
42 -26 -23
42 -27 -2
42 -27 -22
42 -28 -12
42 -28 -19
42 -29 -5
42 -29 -24
42 -29 -25
42 -30 -2
42 -30 -3
42 -30 -14
42 -30 -19
42 -30 -28
42 -33 -10
42 -33 -14
42 -33 -22
42 -34 -7
43 0 -26
43 0 -32
43 -1 -14
43 -2 0
43 -2 -23
43 -3 0
43 -3 -7
43 -4 -18
43 -5 -19
43 -5 -21
43 -5 -29
43 -7 -6
43 -7 -8
43 -7 -14
43 -8 -3
43 -8 -14
43 -9 -9
43 -9 -28
43 -10 -13
43 -10 -32
43 -11 -19
43 -12 -5
43 -12 -12
43 -12 -30
43 -13 -19
43 -13 -34
43 -14 -22
43 -15 -27
43 -16 -28
43 -17 -31
43 -18 -16
43 -19 -14
43 -19 -30
43 -20 -18
43 -21 -28
43 -23 -9
43 -23 -20
43 -23 -27
43 -24 -4
43 -24 -19
43 -24 -24
43 -24 -29
43 -26 -20
43 -26 -23
43 -27 -2
43 -27 -22
43 -28 -12
43 -28 -19
43 -29 -5
43 -29 -24
43 -29 -25
43 -30 -2
43 -30 -3
43 -30 -14
43 -30 -19
43 -30 -28
43 -33 -10
43 -33 -14
43 -33 -22
43 -34 -7
44 0 -26
44 0 -32
44 -1 -14
44 -2 0
44 -2 -23
44 -3 0
44 -3 -7
44 -4 -18
44 -5 -19
44 -5 -21
44 -5 -29
44 -7 -6
44 -7 -8
44 -7 -14
44 -8 -3
44 -8 -14
44 -9 -9
44 -9 -28
44 -10 -13
44 -10 -32
44 -11 -19
44 -12 -5
44 -12 -12
44 -12 -30
44 -13 -19
44 -13 -34
44 -14 -22
44 -15 -27
44 -16 -28
44 -17 -31
44 -18 -16
44 -19 -14
44 -19 -30
44 -20 -18
44 -21 -28
44 -23 -9
44 -23 -20
44 -23 -27
44 -24 -4
44 -24 -19
44 -24 -24
44 -24 -29
44 -26 -20
44 -26 -23
44 -27 -2
44 -27 -22
44 -28 -12
44 -28 -19
44 -29 -5
44 -29 -24
44 -29 -25
44 -30 -2
44 -30 -3
44 -30 -14
44 -30 -19
44 -30 -28
44 -33 -10
44 -33 -14
44 -33 -22
44 -34 -7
45 0 -26
45 0 -32
45 -1 -14
45 -2 0
45 -2 -23
45 -3 0
45 -3 -7
45 -4 -18
45 -5 -19
45 -5 -21
45 -5 -29
45 -7 -6
45 -7 -8
45 -7 -14
45 -8 -3
45 -8 -14
45 -9 -9
45 -9 -28
45 -10 -13
45 -10 -32
45 -11 -19
45 -12 -5
45 -12 -12
45 -12 -30
45 -13 -19
45 -13 -34
45 -14 -22
45 -15 -27
45 -16 -28
45 -17 -31
45 -18 -16
45 -19 -14
45 -19 -30
45 -20 -18
45 -21 -28
45 -23 -9
45 -23 -20
45 -23 -27
45 -24 -4
45 -24 -19
45 -24 -24
45 -24 -29
45 -26 -20
45 -26 -23
45 -27 -2
45 -27 -22
45 -28 -12
45 -28 -19
45 -29 -5
45 -29 -24
45 -29 -25
45 -30 -2
45 -30 -3
45 -30 -14
45 -30 -19
45 -30 -28
45 -33 -10
45 -33 -14
45 -33 -22
45 -34 -7
46 0 -26
46 0 -32
46 -1 -14
46 -2 0
46 -2 -23
46 -3 0
46 -3 -7
46 -4 -18
46 -5 -19
46 -5 -21
46 -5 -29
46 -7 -6
46 -7 -8
46 -7 -14
46 -8 -3
46 -8 -14
46 -9 -9
46 -9 -28
46 -10 -13
46 -10 -32
46 -11 -19
46 -12 -5
46 -12 -12
46 -12 -30
46 -13 -19
46 -13 -34
46 -14 -22
46 -15 -27
46 -16 -28
46 -17 -31
46 -18 -16
46 -19 -14
46 -19 -30
46 -20 -18
46 -21 -28
46 -23 -9
46 -23 -20
46 -23 -27
46 -24 -4
46 -24 -19
46 -24 -24
46 -24 -29
46 -26 -20
46 -26 -23
46 -27 -2
46 -27 -22
46 -28 -12
46 -28 -19
46 -29 -5
46 -29 -24
46 -29 -25
46 -30 -2
46 -30 -3
46 -30 -14
46 -30 -19
46 -30 -28
46 -33 -10
46 -33 -14
46 -33 -22
46 -34 -7
47 0 -26
47 0 -32
47 -1 -14
47 -2 0
47 -2 -23
47 -3 0
47 -3 -7
47 -4 -18
47 -5 -19
47 -5 -21
47 -5 -29
47 -7 -6
47 -7 -8
47 -7 -14
47 -8 -3
47 -8 -14
47 -9 -9
47 -9 -28
47 -10 -13
47 -10 -32
47 -11 -19
47 -12 -5
47 -12 -12
47 -12 -30
47 -13 -19
47 -13 -34
47 -14 -22
47 -15 -27
47 -16 -28
47 -17 -31
47 -18 -16
47 -19 -14
47 -19 -30
47 -20 -18
47 -21 -28
47 -23 -9
47 -23 -20
47 -23 -27
47 -24 -4
47 -24 -19
47 -24 -24
47 -24 -29
47 -26 -20
47 -26 -23
47 -27 -2
47 -27 -22
47 -28 -12
47 -28 -19
47 -29 -5
47 -29 -24
47 -29 -25
47 -30 -2
47 -30 -3
47 -30 -14
47 -30 -19
47 -30 -28
47 -33 -10
47 -33 -14
47 -33 -22
47 -34 -7
48 0 -26
48 0 -32
48 -1 -14
48 -2 0
48 -2 -23
48 -3 0
48 -3 -7
48 -4 -18
48 -5 -19
48 -5 -21
48 -5 -29
48 -7 -6
48 -7 -8
48 -7 -14
48 -8 -3
48 -8 -14
48 -9 -9
48 -9 -28
48 -10 -13
48 -10 -32
48 -11 -19
48 -12 -5
48 -12 -12
48 -12 -30
48 -13 -19
48 -13 -34
48 -14 -22
48 -15 -27
48 -16 -28
48 -17 -31
48 -18 -16
48 -19 -14
48 -19 -30
48 -20 -18
48 -21 -28
48 -23 -9
48 -23 -20
48 -23 -27
48 -24 -4
48 -24 -19
48 -24 -24
48 -24 -29
48 -26 -20
48 -26 -23
48 -27 -2
48 -27 -22
48 -28 -12
48 -28 -19
48 -29 -5
48 -29 -24
48 -29 -25
48 -30 -2
48 -30 -3
48 -30 -14
48 -30 -19
48 -30 -28
48 -33 -10
48 -33 -14
48 -33 -22
48 -34 -7
49 0 -26
49 0 -32
49 -1 -14
49 -2 0
49 -2 -23
49 -3 0
49 -3 -7
49 -4 -18
49 -5 -19
49 -5 -21
49 -5 -29
49 -7 -6
49 -7 -8
49 -7 -14
49 -8 -3
49 -8 -14
49 -9 -9
49 -9 -28
49 -10 -13
49 -10 -32
49 -11 -19
49 -12 -5
49 -12 -12
49 -12 -30
49 -13 -19
49 -13 -34
49 -14 -22
49 -15 -27
49 -16 -28
49 -17 -31
49 -18 -16
49 -19 -14
49 -19 -30
49 -20 -18
49 -21 -28
49 -23 -9
49 -23 -20
49 -23 -27
49 -24 -4
49 -24 -19
49 -24 -24
49 -24 -29
49 -26 -20
49 -26 -23
49 -27 -2
49 -27 -22
49 -28 -12
49 -28 -19
49 -29 -5
49 -29 -24
49 -29 -25
49 -30 -2
49 -30 -3
49 -30 -14
49 -30 -19
49 -30 -28
49 -33 -10
49 -33 -14
49 -33 -22
49 -34 -7
50 0 -26
50 0 -32
50 -1 -14
50 -2 0
50 -2 -23
50 -3 0
50 -3 -7
50 -4 -18
50 -5 -19
50 -5 -21
50 -5 -29
50 -7 -6
50 -7 -8
50 -7 -14
50 -8 -3
50 -8 -14
50 -9 -9
50 -9 -28
50 -10 -13
50 -10 -32
50 -11 -19
50 -12 -5
50 -12 -12
50 -12 -30
50 -13 -19
50 -13 -34
50 -14 -22
50 -15 -27
50 -16 -28
50 -17 -31
50 -18 -16
50 -19 -14
50 -19 -30
50 -20 -18
50 -21 -28
50 -23 -9
50 -23 -20
50 -23 -27
50 -24 -4
50 -24 -19
50 -24 -24
50 -24 -29
50 -26 -20
50 -26 -23
50 -27 -2
50 -27 -22
50 -28 -12
50 -28 -19
50 -29 -5
50 -29 -24
50 -29 -25
50 -30 -2
50 -30 -3
50 -30 -14
50 -30 -19
50 -30 -28
50 -33 -10
50 -33 -14
50 -33 -22
50 -34 -7
51 0 -26
51 0 -32
51 -1 -14
51 -2 0
51 -2 -23
51 -3 0
51 -3 -7
51 -4 -18
51 -5 -19
51 -5 -21
51 -5 -29
51 -7 -6
51 -7 -8
51 -7 -14
51 -8 -3
51 -8 -14
51 -9 -9
51 -9 -28
51 -10 -13
51 -10 -32
51 -11 -19
51 -12 -5
51 -12 -12
51 -12 -30
51 -13 -19
51 -13 -34
51 -14 -22
51 -15 -27
51 -16 -28
51 -17 -31
51 -18 -16
51 -19 -14
51 -19 -30
51 -20 -18
51 -21 -28
51 -23 -9
51 -23 -20
51 -23 -27
51 -24 -4
51 -24 -19
51 -24 -24
51 -24 -29
51 -26 -20
51 -26 -23
51 -27 -2
51 -27 -22
51 -28 -12
51 -28 -19
51 -29 -5
51 -29 -24
51 -29 -25
51 -30 -2
51 -30 -3
51 -30 -14
51 -30 -19
51 -30 -28
51 -33 -10
51 -33 -14
51 -33 -22
51 -34 -7
52 0 -26
52 0 -32
52 -1 -14
52 -2 0
52 -2 -23
52 -3 0
52 -3 -7
52 -4 -18
52 -5 -19
52 -5 -21
52 -5 -29
52 -7 -6
52 -7 -8
52 -7 -14
52 -8 -3
52 -8 -14
52 -9 -9
52 -9 -28
52 -10 -13
52 -10 -32
52 -11 -19
52 -12 -5
52 -12 -12
52 -12 -30
52 -13 -19
52 -13 -34
52 -14 -22
52 -15 -27
52 -16 -28
52 -17 -31
52 -18 -16
52 -19 -14
52 -19 -30
52 -20 -18
52 -21 -28
52 -23 -9
52 -23 -20
52 -23 -27
52 -24 -4
52 -24 -19
52 -24 -24
52 -24 -29
52 -26 -20
52 -26 -23
52 -27 -2
52 -27 -22
52 -28 -12
52 -28 -19
52 -29 -5
52 -29 -24
52 -29 -25
52 -30 -2
52 -30 -3
52 -30 -14
52 -30 -19
52 -30 -28
52 -33 -10
52 -33 -14
52 -33 -22
52 -34 -7
53 0 -26
53 0 -32
53 -1 -14
53 -2 0
53 -2 -23
53 -3 0
53 -3 -7
53 -4 -18
53 -5 -19
53 -5 -21
53 -5 -29
53 -7 -6
53 -7 -8
53 -7 -14
53 -8 -3
53 -8 -14
53 -9 -9
53 -9 -28
53 -10 -13
53 -10 -32
53 -11 -19
53 -12 -5
53 -12 -12
53 -12 -30
53 -13 -19
53 -13 -34
53 -14 -22
53 -15 -27
53 -16 -28
53 -17 -31
53 -18 -16
53 -19 -14
53 -19 -30
53 -20 -18
53 -21 -28
53 -23 -9
53 -23 -20
53 -23 -27
53 -24 -4
53 -24 -19
53 -24 -24
53 -24 -29
53 -26 -20
53 -26 -23
53 -27 -2
53 -27 -22
53 -28 -12
53 -28 -19
53 -29 -5
53 -29 -24
53 -29 -25
53 -30 -2
53 -30 -3
53 -30 -14
53 -30 -19
53 -30 -28
53 -33 -10
53 -33 -14
53 -33 -22
53 -34 -7
54 0 -26
54 0 -32
54 -1 -14
54 -2 0
54 -2 -23
54 -3 0
54 -3 -7
54 -4 -18
54 -5 -19
54 -5 -21
54 -5 -29
54 -7 -6
54 -7 -8
54 -7 -14
54 -8 -3
54 -8 -14
54 -9 -9
54 -9 -28
54 -10 -13
54 -10 -32
54 -11 -19
54 -12 -5
54 -12 -12
54 -12 -30
54 -13 -19
54 -13 -34
54 -14 -22
54 -15 -27
54 -16 -28
54 -17 -31
54 -18 -16
54 -19 -14
54 -19 -30
54 -20 -18
54 -21 -28
54 -23 -9
54 -23 -20
54 -23 -27
54 -24 -4
54 -24 -19
54 -24 -24
54 -24 -29
54 -26 -20
54 -26 -23
54 -27 -2
54 -27 -22
54 -28 -12
54 -28 -19
54 -29 -5
54 -29 -24
54 -29 -25
54 -30 -2
54 -30 -3
54 -30 -14
54 -30 -19
54 -30 -28
54 -33 -10
54 -33 -14
54 -33 -22
54 -34 -7
55 0 -26
55 0 -32
55 -1 -14
55 -2 0
55 -2 -23
55 -3 0
55 -3 -7
55 -4 -18
55 -5 -19
55 -5 -21
55 -5 -29
55 -7 -6
55 -7 -8
55 -7 -14
55 -8 -3
55 -8 -14
55 -9 -9
55 -9 -28
55 -10 -13
55 -10 -32
55 -11 -19
55 -12 -5
55 -12 -12
55 -12 -30
55 -13 -19
55 -13 -34
55 -14 -22
55 -15 -27
55 -16 -28
55 -17 -31
55 -18 -16
55 -19 -14
55 -19 -30
55 -20 -18
55 -21 -28
55 -23 -9
55 -23 -20
55 -23 -27
55 -24 -4
55 -24 -19
55 -24 -24
55 -24 -29
55 -26 -20
55 -26 -23
55 -27 -2
55 -27 -22
55 -28 -12
55 -28 -19
55 -29 -5
55 -29 -24
55 -29 -25
55 -30 -2
55 -30 -3
55 -30 -14
55 -30 -19
55 -30 -28
55 -33 -10
55 -33 -14
55 -33 -22
55 -34 -7
56 0 -26
56 0 -32
56 -1 -14
56 -2 0
56 -2 -23
56 -3 0
56 -3 -7
56 -4 -18
56 -5 -19
56 -5 -21
56 -5 -29
56 -7 -6
56 -7 -8
56 -7 -14
56 -8 -3
56 -8 -14
56 -9 -9
56 -9 -28
56 -10 -13
56 -10 -32
56 -11 -19
56 -12 -5
56 -12 -12
56 -12 -30
56 -13 -19
56 -13 -34
56 -14 -22
56 -15 -27
56 -16 -28
56 -17 -31
56 -18 -16
56 -19 -14
56 -19 -30
56 -20 -18
56 -21 -28
56 -23 -9
56 -23 -20
56 -23 -27
56 -24 -4
56 -24 -19
56 -24 -24
56 -24 -29
56 -26 -20
56 -26 -23
56 -27 -2
56 -27 -22
56 -28 -12
56 -28 -19
56 -29 -5
56 -29 -24
56 -29 -25
56 -30 -2
56 -30 -3
56 -30 -14
56 -30 -19
56 -30 -28
56 -33 -10
56 -33 -14
56 -33 -22
56 -34 -7
57 0 -26
57 0 -32
57 -1 -14
57 -2 0
57 -2 -23
57 -3 0
57 -3 -7
57 -4 -18
57 -5 -19
57 -5 -21
57 -5 -29
57 -7 -6
57 -7 -8
57 -7 -14
57 -8 -3
57 -8 -14
57 -9 -9
57 -9 -28
57 -10 -13
57 -10 -32
57 -11 -19
57 -12 -5
57 -12 -12
57 -12 -30
57 -13 -19
57 -13 -34
57 -14 -22
57 -15 -27
57 -16 -28
57 -17 -31
57 -18 -16
57 -19 -14
57 -19 -30
57 -20 -18
57 -21 -28
57 -23 -9
57 -23 -20
57 -23 -27
57 -24 -4
57 -24 -19
57 -24 -24
57 -24 -29
57 -26 -20
57 -26 -23
57 -27 -2
57 -27 -22
57 -28 -12
57 -28 -19
57 -29 -5
57 -29 -24
57 -29 -25
57 -30 -2
57 -30 -3
57 -30 -14
57 -30 -19
57 -30 -28
57 -33 -10
57 -33 -14
57 -33 -22
57 -34 -7
58 0 -26
58 0 -32
58 -1 -14
58 -2 0
58 -2 -23
58 -3 0
58 -3 -7
58 -4 -18
58 -5 -19
58 -5 -21
58 -5 -29
58 -7 -6
58 -7 -8
58 -7 -14
58 -8 -3
58 -8 -14
58 -9 -9
58 -9 -28
58 -10 -13
58 -10 -32
58 -11 -19
58 -12 -5
58 -12 -12
58 -12 -30
58 -13 -19
58 -13 -34
58 -14 -22
58 -15 -27
58 -16 -28
58 -17 -31
58 -18 -16
58 -19 -14
58 -19 -30
58 -20 -18
58 -21 -28
58 -23 -9
58 -23 -20
58 -23 -27
58 -24 -4
58 -24 -19
58 -24 -24
58 -24 -29
58 -26 -20
58 -26 -23
58 -27 -2
58 -27 -22
58 -28 -12
58 -28 -19
58 -29 -5
58 -29 -24
58 -29 -25
58 -30 -2
58 -30 -3
58 -30 -14
58 -30 -19
58 -30 -28
58 -33 -10
58 -33 -14
58 -33 -22
58 -34 -7
59 0 -26
59 0 -32
59 -1 -14
59 -2 0
59 -2 -23
59 -3 0
59 -3 -7
59 -4 -18
59 -5 -19
59 -5 -21
59 -5 -29
59 -7 -6
59 -7 -8
59 -7 -14
59 -8 -3
59 -8 -14
59 -9 -9
59 -9 -28
59 -10 -13
59 -10 -32
59 -11 -19
59 -12 -5
59 -12 -12
59 -12 -30
59 -13 -19
59 -13 -34
59 -14 -22
59 -15 -27
59 -16 -28
59 -17 -31
59 -18 -16
59 -19 -14
59 -19 -30
59 -20 -18
59 -21 -28
59 -23 -9
59 -23 -20
59 -23 -27
59 -24 -4
59 -24 -19
59 -24 -24
59 -24 -29
59 -26 -20
59 -26 -23
59 -27 -2
59 -27 -22
59 -28 -12
59 -28 -19
59 -29 -5
59 -29 -24
59 -29 -25
59 -30 -2
59 -30 -3
59 -30 -14
59 -30 -19
59 -30 -28
59 -33 -10
59 -33 -14
59 -33 -22
59 -34 -7
-1 -1 -1
7
2
9
8
13
14
1
5
0
15
3
6
24
37
20
4
28
10
21
18
12
17
19
22
25
16
26
27
31
40
42
41
39
32
23
11
29
38
34
33
35
36
53
30
49
48
50
44
45
58
52
55
46
57
56
54
43
47
51
59
  0.041349 seconds (98.22 k allocations: 3.162 MiB)
