950 0 0 0 0 0 0 0 0 0 0 0 0 0 0 0 0 0 0 0 0 0 0 0 0 0 0 0 0 0 0 0 0 0 0 0
0 0 0 0 0 0 0 0 0 0 0 0 0 0 0 0 0 0 0 0 0 0 0 0 0 0 0 0 0 0 0 0 0 0 0 0
0 0 0 0 0 0 0 0 0 0 0 0 0 0 0 0 0 0 0 0 0 0 0 0 0 0 0 0 0 0 0 0 0 0 0 0
0 0 0 0 0 0 0 0 0 0 0 0 0 0 0 0 0 0 0 0 0 0 0 0 0 0 0 0 0 0 0 0 0 0 0 0
0 0 0 0 0 0 0 0 0 0 0 0 0 0 0 0 0 0 0 0 0 0 0 0 0 0 0 0 0 0 0 0 0 0 0 0
0 0 0 0 0 0 0 0 0 0 0 0 0 0 0 0 0 0 0 0 0 0 0 0 0 0 0 0 0 0 0 0 0 0 0 0
0 0 0 0 0 0 0 0 0 0 0 0 0 0 0 0 0 0 0 0 0 0 0 0 0 0 0 0 0 0 0 0 0 0 0 0
0 0 0 0 0 0 0 0 0 0 0 0 0 0 0 0 0 0 0 0 0 0 0 0 0 0 0 0 0 0 0 0 0 0 0 0
0 0 0 0 0 0 0 0 0 0 0 0 0 0 0 0 0 0 0 0 0 0 0 0 0 0 0 0 0 0 0 0 0 0 0 0
0 0 0 0 0 0 0 0 0 0 0 0 0 0 0 0 0 0 0 0 0 0 0 0 0 0 0 0 0 0 0 0 0 0 0 0
0 0 0 0 0 0 0 0 0 0 0 0 0 0 0 0 0 0 0 0 0 0 0 0 0 0 0 0 0 0 0 0 0 0 0 0
0 0 0 0 0 0 0 0 0 0 0 0 0 0 0 0 0 0 0 0 0 0 0 0 0 0 0 0 0 0 0 0 0 0 0 0
0 0 0 0 0 0 0 0 0 0 0 0 0 0 0 0 0 0 0 0 0 0 0 0 0 0 0 0 0 0 0 0 0 0 0 0
0 0 0 0 0 0 0 0 0 0 0 0 0 0 0 0 0 0 0 0 0 0 0 0 0 0 0 0 0 0 0 0 0 0 0 0
0 0 0 0 0 0 0 0 0 0 0 0 0 0 0 0 0 0 0 0 0 0 0 0 0 0 0 0 0 0 0 0 0 0 0 0
0 0 0 0 0 0 0 0 0 0 0 0 0 0 0 0 0 0 0 0 0 0 0 0 0 0 0 0 0 0 0 0 0 0 0 0
0 0 0 0 0 0 0 0 0 0 0 0 0 0 0 0 0 0 0 0 0 0 0 0 0 0 0 0 0 0 0 0 0 0 0 0
0 0 0 0 0 0 0 0 0 0 0 0 0 0 0 0 0 0 0 0 0 0 0 0 0 0 0 0 0 0 0 0 0 0 0 0
0 0 0 0 0 0 0 0 0 0 0 0 0 0 0 0 0 0 0 0 0 0 0 0 0 0 0 0 0 0 0 0 0 0 0 0
0 0 0 0 0 0 0 0 0 0 0 0 0 0 0 0 0 0 0 0 0 0 0 0 0 0 0 0 0 0 0 0 0 0 0 0
0 0 0 0 0 0 0 0 0 0 0 0 0 0 0 0 0 0 0 0 0 0 0 0 0 0 0 0 0 0 0 0 0 0 0 0
0 0 0 0 0 0 0 0 0 0 0 0 0 0 0 0 0 0 0 0 0 0 0 0 0 0 0 0 0 0 0 0 0 0 0 0
0 0 0 0 0 0 0 0 0 0 0 0 0 0 0 0 0 0 0 0 0 0 0 0 0 0 0 0 0 0 0 0 0 0 0 0
0 0 0 0 0 0 0 0 0 0 0 0 0 0 0 0 0 0 0 0 0 0 0 0 0 0 0 0 0 0 0 0 0 0 0 0
0 0 0 0 0 0 0 0 0 0 0 0 0 0 0 0 0 0 0 0 0 0 0 0 0 0 0 0 0 0 0 0 0 0 0 0
0 0 0 0 0 0 0 0 0 0 0 0 0 0 0 0 0 0 0 0 0 0 0 0 0 0 0 0 0 0 0 0 0 0 0 0
0 0 0 0 0 0 0 0 0 0 0 0 0 0 0 0 0 0 0 0 0 0 0 0 0 0 0 0 0 0 0 0 0 0 0 0
0 0 0 0 0 0 0 0 0 0 0 0 0 0 0 0 0 0 0 0 0 0 0 0 0 0 0 0 0 0 0 0 0 0 0 0
0 0 0 0 0 0 0 0 0 0 0 0 0 0 0 0 0 0 0 0 0 0 0 0 0 0 0 0 0 0 0 0 0 0 0 0
0 0 0 0 0 0 0 0 0 0 0 0 0 0 0 0 0 0 0 0 0 0 0 0 0 0 0 0 0 0 0 0 0 0 0 0
0 0 0 0 0 0 0 0 0 0 0 0 0 0 0 0 0 0 0 0 0 0 0 0 0 0 0 0 0 0 0 0 0 0 0 0
0 0 0 0 0 0 0 0 0 0 0 0 0 0 0 0 0 0 0 0 0 0 0 0 0 0 0 0 0 0 0 0 0 0 0 0
0 0 0 0 0 0 0 0 0 0 0 0 0 0 0 0 0 0 0 0 0 0 0 0 0 0 0 0 0 0 0 0 0 0 0 0
0 0 0 0 0 0 0 0 0 0 0 0 0 0 0 0 0 0 0 0 0 0 0 0 0 0 0 0 0 0 0 0 0 0 0 0
0 0 0 0 0 0 0 0 0 0 0 0 0 0 0 0 0 0 0 0 0 0 0 0 0 0 0 0 0 0 0 0 0 0 0 0
0 0 0 0 0 0 0 0 0 0 0 0 0 0 0 0 0 0 0 0 0 0 0 0 0 0 0 0 0 0 0 0 0 0 0 0
0 0 -7
0 0 -30
0 -1 -31
0 -1 -32
0 -2 -16
0 -2 -17
0 -2 -20
0 -3 -1
0 -3 -9
0 -3 -27
0 -4 0
0 -5 -24
0 -6 -10
0 -6 -23
0 -7 -6
0 -7 -9
0 -7 -31
0 -8 -13
0 -8 -18
0 -10 -10
0 -10 -33
0 -11 -17
0 -11 -32
0 -12 -10
0 -13 -14
0 -13 -27
0 -15 -6
0 -15 -9
0 -16 -7
0 -18 -6
0 -18 -13
0 -18 -24
0 -19 -35
0 -20 -26
0 -21 -1
0 -21 -27
0 -22 -7
0 -22 -13
0 -22 -22
0 -22 -30
0 -22 -35
0 -23 -29
0 -23 -33
0 -24 -14
0 -24 -28
0 -25 -13
0 -25 -26
0 -25 -30
0 -26 -1
0 -26 -10
0 -26 -23
0 -27 -9
0 -27 -25
0 -28 -11
0 -28 -21
0 -29 -16
0 -30 0
0 -30 -4
0 -32 -4
0 -32 -6
0 -34 -24
0 -34 -29
0 -35 -6
0 -35 -8
0 -35 -12
1 0 -7
1 0 -30
1 -1 -31
1 -1 -32
1 -2 -16
1 -2 -17
1 -2 -20
1 -3 -1
1 -3 -9
1 -3 -27
1 -4 0
1 -5 -24
1 -6 -10
1 -6 -23
1 -7 -6
1 -7 -9
1 -7 -31
1 -8 -13
1 -8 -18
1 -10 -10
1 -10 -33
1 -11 -17
1 -11 -32
1 -12 -10
1 -13 -14
1 -13 -27
1 -15 -6
1 -15 -9
1 -16 -7
1 -18 -6
1 -18 -13
1 -18 -24
1 -19 -35
1 -20 -26
1 -21 -1
1 -21 -27
1 -22 -7
1 -22 -13
1 -22 -22
1 -22 -30
1 -22 -35
1 -23 -29
1 -23 -33
1 -24 -14
1 -24 -28
1 -25 -13
1 -25 -26
1 -25 -30
1 -26 -1
1 -26 -10
1 -26 -23
1 -27 -9
1 -27 -25
1 -28 -11
1 -28 -21
1 -29 -16
1 -30 0
1 -30 -4
1 -32 -4
1 -32 -6
1 -34 -24
1 -34 -29
1 -35 -6
1 -35 -8
1 -35 -12
2 0 -7
2 0 -30
2 -1 -31
2 -1 -32
2 -2 -16
2 -2 -17
2 -2 -20
2 -3 -1
2 -3 -9
2 -3 -27
2 -4 0
2 -5 -24
2 -6 -10
2 -6 -23
2 -7 -6
2 -7 -9
2 -7 -31
2 -8 -13
2 -8 -18
2 -10 -10
2 -10 -33
2 -11 -17
2 -11 -32
2 -12 -10
2 -13 -14
2 -13 -27
2 -15 -6
2 -15 -9
2 -16 -7
2 -18 -6
2 -18 -13
2 -18 -24
2 -19 -35
2 -20 -26
2 -21 -1
2 -21 -27
2 -22 -7
2 -22 -13
2 -22 -22
2 -22 -30
2 -22 -35
2 -23 -29
2 -23 -33
2 -24 -14
2 -24 -28
2 -25 -13
2 -25 -26
2 -25 -30
2 -26 -1
2 -26 -10
2 -26 -23
2 -27 -9
2 -27 -25
2 -28 -11
2 -28 -21
2 -29 -16
2 -30 0
2 -30 -4
2 -32 -4
2 -32 -6
2 -34 -24
2 -34 -29
2 -35 -6
2 -35 -8
2 -35 -12
3 0 -7
3 0 -30
3 -1 -31
3 -1 -32
3 -2 -16
3 -2 -17
3 -2 -20
3 -3 -1
3 -3 -9
3 -3 -27
3 -4 0
3 -5 -24
3 -6 -10
3 -6 -23
3 -7 -6
3 -7 -9
3 -7 -31
3 -8 -13
3 -8 -18
3 -10 -10
3 -10 -33
3 -11 -17
3 -11 -32
3 -12 -10
3 -13 -14
3 -13 -27
3 -15 -6
3 -15 -9
3 -16 -7
3 -18 -6
3 -18 -13
3 -18 -24
3 -19 -35
3 -20 -26
3 -21 -1
3 -21 -27
3 -22 -7
3 -22 -13
3 -22 -22
3 -22 -30
3 -22 -35
3 -23 -29
3 -23 -33
3 -24 -14
3 -24 -28
3 -25 -13
3 -25 -26
3 -25 -30
3 -26 -1
3 -26 -10
3 -26 -23
3 -27 -9
3 -27 -25
3 -28 -11
3 -28 -21
3 -29 -16
3 -30 0
3 -30 -4
3 -32 -4
3 -32 -6
3 -34 -24
3 -34 -29
3 -35 -6
3 -35 -8
3 -35 -12
4 0 -7
4 0 -30
4 -1 -31
4 -1 -32
4 -2 -16
4 -2 -17
4 -2 -20
4 -3 -1
4 -3 -9
4 -3 -27
4 -4 0
4 -5 -24
4 -6 -10
4 -6 -23
4 -7 -6
4 -7 -9
4 -7 -31
4 -8 -13
4 -8 -18
4 -10 -10
4 -10 -33
4 -11 -17
4 -11 -32
4 -12 -10
4 -13 -14
4 -13 -27
4 -15 -6
4 -15 -9
4 -16 -7
4 -18 -6
4 -18 -13
4 -18 -24
4 -19 -35
4 -20 -26
4 -21 -1
4 -21 -27
4 -22 -7
4 -22 -13
4 -22 -22
4 -22 -30
4 -22 -35
4 -23 -29
4 -23 -33
4 -24 -14
4 -24 -28
4 -25 -13
4 -25 -26
4 -25 -30
4 -26 -1
4 -26 -10
4 -26 -23
4 -27 -9
4 -27 -25
4 -28 -11
4 -28 -21
4 -29 -16
4 -30 0
4 -30 -4
4 -32 -4
4 -32 -6
4 -34 -24
4 -34 -29
4 -35 -6
4 -35 -8
4 -35 -12
5 0 -7
5 0 -30
5 -1 -31
5 -1 -32
5 -2 -16
5 -2 -17
5 -2 -20
5 -3 -1
5 -3 -9
5 -3 -27
5 -4 0
5 -5 -24
5 -6 -10
5 -6 -23
5 -7 -6
5 -7 -9
5 -7 -31
5 -8 -13
5 -8 -18
5 -10 -10
5 -10 -33
5 -11 -17
5 -11 -32
5 -12 -10
5 -13 -14
5 -13 -27
5 -15 -6
5 -15 -9
5 -16 -7
5 -18 -6
5 -18 -13
5 -18 -24
5 -19 -35
5 -20 -26
5 -21 -1
5 -21 -27
5 -22 -7
5 -22 -13
5 -22 -22
5 -22 -30
5 -22 -35
5 -23 -29
5 -23 -33
5 -24 -14
5 -24 -28
5 -25 -13
5 -25 -26
5 -25 -30
5 -26 -1
5 -26 -10
5 -26 -23
5 -27 -9
5 -27 -25
5 -28 -11
5 -28 -21
5 -29 -16
5 -30 0
5 -30 -4
5 -32 -4
5 -32 -6
5 -34 -24
5 -34 -29
5 -35 -6
5 -35 -8
5 -35 -12
6 0 -7
6 0 -30
6 -1 -31
6 -1 -32
6 -2 -16
6 -2 -17
6 -2 -20
6 -3 -1
6 -3 -9
6 -3 -27
6 -4 0
6 -5 -24
6 -6 -10
6 -6 -23
6 -7 -6
6 -7 -9
6 -7 -31
6 -8 -13
6 -8 -18
6 -10 -10
6 -10 -33
6 -11 -17
6 -11 -32
6 -12 -10
6 -13 -14
6 -13 -27
6 -15 -6
6 -15 -9
6 -16 -7
6 -18 -6
6 -18 -13
6 -18 -24
6 -19 -35
6 -20 -26
6 -21 -1
6 -21 -27
6 -22 -7
6 -22 -13
6 -22 -22
6 -22 -30
6 -22 -35
6 -23 -29
6 -23 -33
6 -24 -14
6 -24 -28
6 -25 -13
6 -25 -26
6 -25 -30
6 -26 -1
6 -26 -10
6 -26 -23
6 -27 -9
6 -27 -25
6 -28 -11
6 -28 -21
6 -29 -16
6 -30 0
6 -30 -4
6 -32 -4
6 -32 -6
6 -34 -24
6 -34 -29
6 -35 -6
6 -35 -8
6 -35 -12
7 0 -7
7 0 -30
7 -1 -31
7 -1 -32
7 -2 -16
7 -2 -17
7 -2 -20
7 -3 -1
7 -3 -9
7 -3 -27
7 -4 0
7 -5 -24
7 -6 -10
7 -6 -23
7 -7 -6
7 -7 -9
7 -7 -31
7 -8 -13
7 -8 -18
7 -10 -10
7 -10 -33
7 -11 -17
7 -11 -32
7 -12 -10
7 -13 -14
7 -13 -27
7 -15 -6
7 -15 -9
7 -16 -7
7 -18 -6
7 -18 -13
7 -18 -24
7 -19 -35
7 -20 -26
7 -21 -1
7 -21 -27
7 -22 -7
7 -22 -13
7 -22 -22
7 -22 -30
7 -22 -35
7 -23 -29
7 -23 -33
7 -24 -14
7 -24 -28
7 -25 -13
7 -25 -26
7 -25 -30
7 -26 -1
7 -26 -10
7 -26 -23
7 -27 -9
7 -27 -25
7 -28 -11
7 -28 -21
7 -29 -16
7 -30 0
7 -30 -4
7 -32 -4
7 -32 -6
7 -34 -24
7 -34 -29
7 -35 -6
7 -35 -8
7 -35 -12
8 0 -7
8 0 -30
8 -1 -31
8 -1 -32
8 -2 -16
8 -2 -17
8 -2 -20
8 -3 -1
8 -3 -9
8 -3 -27
8 -4 0
8 -5 -24
8 -6 -10
8 -6 -23
8 -7 -6
8 -7 -9
8 -7 -31
8 -8 -13
8 -8 -18
8 -10 -10
8 -10 -33
8 -11 -17
8 -11 -32
8 -12 -10
8 -13 -14
8 -13 -27
8 -15 -6
8 -15 -9
8 -16 -7
8 -18 -6
8 -18 -13
8 -18 -24
8 -19 -35
8 -20 -26
8 -21 -1
8 -21 -27
8 -22 -7
8 -22 -13
8 -22 -22
8 -22 -30
8 -22 -35
8 -23 -29
8 -23 -33
8 -24 -14
8 -24 -28
8 -25 -13
8 -25 -26
8 -25 -30
8 -26 -1
8 -26 -10
8 -26 -23
8 -27 -9
8 -27 -25
8 -28 -11
8 -28 -21
8 -29 -16
8 -30 0
8 -30 -4
8 -32 -4
8 -32 -6
8 -34 -24
8 -34 -29
8 -35 -6
8 -35 -8
8 -35 -12
9 0 -7
9 0 -30
9 -1 -31
9 -1 -32
9 -2 -16
9 -2 -17
9 -2 -20
9 -3 -1
9 -3 -9
9 -3 -27
9 -4 0
9 -5 -24
9 -6 -10
9 -6 -23
9 -7 -6
9 -7 -9
9 -7 -31
9 -8 -13
9 -8 -18
9 -10 -10
9 -10 -33
9 -11 -17
9 -11 -32
9 -12 -10
9 -13 -14
9 -13 -27
9 -15 -6
9 -15 -9
9 -16 -7
9 -18 -6
9 -18 -13
9 -18 -24
9 -19 -35
9 -20 -26
9 -21 -1
9 -21 -27
9 -22 -7
9 -22 -13
9 -22 -22
9 -22 -30
9 -22 -35
9 -23 -29
9 -23 -33
9 -24 -14
9 -24 -28
9 -25 -13
9 -25 -26
9 -25 -30
9 -26 -1
9 -26 -10
9 -26 -23
9 -27 -9
9 -27 -25
9 -28 -11
9 -28 -21
9 -29 -16
9 -30 0
9 -30 -4
9 -32 -4
9 -32 -6
9 -34 -24
9 -34 -29
9 -35 -6
9 -35 -8
9 -35 -12
10 0 -7
10 0 -30
10 -1 -31
10 -1 -32
10 -2 -16
10 -2 -17
10 -2 -20
10 -3 -1
10 -3 -9
10 -3 -27
10 -4 0
10 -5 -24
10 -6 -10
10 -6 -23
10 -7 -6
10 -7 -9
10 -7 -31
10 -8 -13
10 -8 -18
10 -10 -10
10 -10 -33
10 -11 -17
10 -11 -32
10 -12 -10
10 -13 -14
10 -13 -27
10 -15 -6
10 -15 -9
10 -16 -7
10 -18 -6
10 -18 -13
10 -18 -24
10 -19 -35
10 -20 -26
10 -21 -1
10 -21 -27
10 -22 -7
10 -22 -13
10 -22 -22
10 -22 -30
10 -22 -35
10 -23 -29
10 -23 -33
10 -24 -14
10 -24 -28
10 -25 -13
10 -25 -26
10 -25 -30
10 -26 -1
10 -26 -10
10 -26 -23
10 -27 -9
10 -27 -25
10 -28 -11
10 -28 -21
10 -29 -16
10 -30 0
10 -30 -4
10 -32 -4
10 -32 -6
10 -34 -24
10 -34 -29
10 -35 -6
10 -35 -8
10 -35 -12
11 0 -7
11 0 -30
11 -1 -31
11 -1 -32
11 -2 -16
11 -2 -17
11 -2 -20
11 -3 -1
11 -3 -9
11 -3 -27
11 -4 0
11 -5 -24
11 -6 -10
11 -6 -23
11 -7 -6
11 -7 -9
11 -7 -31
11 -8 -13
11 -8 -18
11 -10 -10
11 -10 -33
11 -11 -17
11 -11 -32
11 -12 -10
11 -13 -14
11 -13 -27
11 -15 -6
11 -15 -9
11 -16 -7
11 -18 -6
11 -18 -13
11 -18 -24
11 -19 -35
11 -20 -26
11 -21 -1
11 -21 -27
11 -22 -7
11 -22 -13
11 -22 -22
11 -22 -30
11 -22 -35
11 -23 -29
11 -23 -33
11 -24 -14
11 -24 -28
11 -25 -13
11 -25 -26
11 -25 -30
11 -26 -1
11 -26 -10
11 -26 -23
11 -27 -9
11 -27 -25
11 -28 -11
11 -28 -21
11 -29 -16
11 -30 0
11 -30 -4
11 -32 -4
11 -32 -6
11 -34 -24
11 -34 -29
11 -35 -6
11 -35 -8
11 -35 -12
12 0 -7
12 0 -30
12 -1 -31
12 -1 -32
12 -2 -16
12 -2 -17
12 -2 -20
12 -3 -1
12 -3 -9
12 -3 -27
12 -4 0
12 -5 -24
12 -6 -10
12 -6 -23
12 -7 -6
12 -7 -9
12 -7 -31
12 -8 -13
12 -8 -18
12 -10 -10
12 -10 -33
12 -11 -17
12 -11 -32
12 -12 -10
12 -13 -14
12 -13 -27
12 -15 -6
12 -15 -9
12 -16 -7
12 -18 -6
12 -18 -13
12 -18 -24
12 -19 -35
12 -20 -26
12 -21 -1
12 -21 -27
12 -22 -7
12 -22 -13
12 -22 -22
12 -22 -30
12 -22 -35
12 -23 -29
12 -23 -33
12 -24 -14
12 -24 -28
12 -25 -13
12 -25 -26
12 -25 -30
12 -26 -1
12 -26 -10
12 -26 -23
12 -27 -9
12 -27 -25
12 -28 -11
12 -28 -21
12 -29 -16
12 -30 0
12 -30 -4
12 -32 -4
12 -32 -6
12 -34 -24
12 -34 -29
12 -35 -6
12 -35 -8
12 -35 -12
13 0 -7
13 0 -30
13 -1 -31
13 -1 -32
13 -2 -16
13 -2 -17
13 -2 -20
13 -3 -1
13 -3 -9
13 -3 -27
13 -4 0
13 -5 -24
13 -6 -10
13 -6 -23
13 -7 -6
13 -7 -9
13 -7 -31
13 -8 -13
13 -8 -18
13 -10 -10
13 -10 -33
13 -11 -17
13 -11 -32
13 -12 -10
13 -13 -14
13 -13 -27
13 -15 -6
13 -15 -9
13 -16 -7
13 -18 -6
13 -18 -13
13 -18 -24
13 -19 -35
13 -20 -26
13 -21 -1
13 -21 -27
13 -22 -7
13 -22 -13
13 -22 -22
13 -22 -30
13 -22 -35
13 -23 -29
13 -23 -33
13 -24 -14
13 -24 -28
13 -25 -13
13 -25 -26
13 -25 -30
13 -26 -1
13 -26 -10
13 -26 -23
13 -27 -9
13 -27 -25
13 -28 -11
13 -28 -21
13 -29 -16
13 -30 0
13 -30 -4
13 -32 -4
13 -32 -6
13 -34 -24
13 -34 -29
13 -35 -6
13 -35 -8
13 -35 -12
14 0 -7
14 0 -30
14 -1 -31
14 -1 -32
14 -2 -16
14 -2 -17
14 -2 -20
14 -3 -1
14 -3 -9
14 -3 -27
14 -4 0
14 -5 -24
14 -6 -10
14 -6 -23
14 -7 -6
14 -7 -9
14 -7 -31
14 -8 -13
14 -8 -18
14 -10 -10
14 -10 -33
14 -11 -17
14 -11 -32
14 -12 -10
14 -13 -14
14 -13 -27
14 -15 -6
14 -15 -9
14 -16 -7
14 -18 -6
14 -18 -13
14 -18 -24
14 -19 -35
14 -20 -26
14 -21 -1
14 -21 -27
14 -22 -7
14 -22 -13
14 -22 -22
14 -22 -30
14 -22 -35
14 -23 -29
14 -23 -33
14 -24 -14
14 -24 -28
14 -25 -13
14 -25 -26
14 -25 -30
14 -26 -1
14 -26 -10
14 -26 -23
14 -27 -9
14 -27 -25
14 -28 -11
14 -28 -21
14 -29 -16
14 -30 0
14 -30 -4
14 -32 -4
14 -32 -6
14 -34 -24
14 -34 -29
14 -35 -6
14 -35 -8
14 -35 -12
15 0 -7
15 0 -30
15 -1 -31
15 -1 -32
15 -2 -16
15 -2 -17
15 -2 -20
15 -3 -1
15 -3 -9
15 -3 -27
15 -4 0
15 -5 -24
15 -6 -10
15 -6 -23
15 -7 -6
15 -7 -9
15 -7 -31
15 -8 -13
15 -8 -18
15 -10 -10
15 -10 -33
15 -11 -17
15 -11 -32
15 -12 -10
15 -13 -14
15 -13 -27
15 -15 -6
15 -15 -9
15 -16 -7
15 -18 -6
15 -18 -13
15 -18 -24
15 -19 -35
15 -20 -26
15 -21 -1
15 -21 -27
15 -22 -7
15 -22 -13
15 -22 -22
15 -22 -30
15 -22 -35
15 -23 -29
15 -23 -33
15 -24 -14
15 -24 -28
15 -25 -13
15 -25 -26
15 -25 -30
15 -26 -1
15 -26 -10
15 -26 -23
15 -27 -9
15 -27 -25
15 -28 -11
15 -28 -21
15 -29 -16
15 -30 0
15 -30 -4
15 -32 -4
15 -32 -6
15 -34 -24
15 -34 -29
15 -35 -6
15 -35 -8
15 -35 -12
16 0 -7
16 0 -30
16 -1 -31
16 -1 -32
16 -2 -16
16 -2 -17
16 -2 -20
16 -3 -1
16 -3 -9
16 -3 -27
16 -4 0
16 -5 -24
16 -6 -10
16 -6 -23
16 -7 -6
16 -7 -9
16 -7 -31
16 -8 -13
16 -8 -18
16 -10 -10
16 -10 -33
16 -11 -17
16 -11 -32
16 -12 -10
16 -13 -14
16 -13 -27
16 -15 -6
16 -15 -9
16 -16 -7
16 -18 -6
16 -18 -13
16 -18 -24
16 -19 -35
16 -20 -26
16 -21 -1
16 -21 -27
16 -22 -7
16 -22 -13
16 -22 -22
16 -22 -30
16 -22 -35
16 -23 -29
16 -23 -33
16 -24 -14
16 -24 -28
16 -25 -13
16 -25 -26
16 -25 -30
16 -26 -1
16 -26 -10
16 -26 -23
16 -27 -9
16 -27 -25
16 -28 -11
16 -28 -21
16 -29 -16
16 -30 0
16 -30 -4
16 -32 -4
16 -32 -6
16 -34 -24
16 -34 -29
16 -35 -6
16 -35 -8
16 -35 -12
17 0 -7
17 0 -30
17 -1 -31
17 -1 -32
17 -2 -16
17 -2 -17
17 -2 -20
17 -3 -1
17 -3 -9
17 -3 -27
17 -4 0
17 -5 -24
17 -6 -10
17 -6 -23
17 -7 -6
17 -7 -9
17 -7 -31
17 -8 -13
17 -8 -18
17 -10 -10
17 -10 -33
17 -11 -17
17 -11 -32
17 -12 -10
17 -13 -14
17 -13 -27
17 -15 -6
17 -15 -9
17 -16 -7
17 -18 -6
17 -18 -13
17 -18 -24
17 -19 -35
17 -20 -26
17 -21 -1
17 -21 -27
17 -22 -7
17 -22 -13
17 -22 -22
17 -22 -30
17 -22 -35
17 -23 -29
17 -23 -33
17 -24 -14
17 -24 -28
17 -25 -13
17 -25 -26
17 -25 -30
17 -26 -1
17 -26 -10
17 -26 -23
17 -27 -9
17 -27 -25
17 -28 -11
17 -28 -21
17 -29 -16
17 -30 0
17 -30 -4
17 -32 -4
17 -32 -6
17 -34 -24
17 -34 -29
17 -35 -6
17 -35 -8
17 -35 -12
18 0 -7
18 0 -30
18 -1 -31
18 -1 -32
18 -2 -16
18 -2 -17
18 -2 -20
18 -3 -1
18 -3 -9
18 -3 -27
18 -4 0
18 -5 -24
18 -6 -10
18 -6 -23
18 -7 -6
18 -7 -9
18 -7 -31
18 -8 -13
18 -8 -18
18 -10 -10
18 -10 -33
18 -11 -17
18 -11 -32
18 -12 -10
18 -13 -14
18 -13 -27
18 -15 -6
18 -15 -9
18 -16 -7
18 -18 -6
18 -18 -13
18 -18 -24
18 -19 -35
18 -20 -26
18 -21 -1
18 -21 -27
18 -22 -7
18 -22 -13
18 -22 -22
18 -22 -30
18 -22 -35
18 -23 -29
18 -23 -33
18 -24 -14
18 -24 -28
18 -25 -13
18 -25 -26
18 -25 -30
18 -26 -1
18 -26 -10
18 -26 -23
18 -27 -9
18 -27 -25
18 -28 -11
18 -28 -21
18 -29 -16
18 -30 0
18 -30 -4
18 -32 -4
18 -32 -6
18 -34 -24
18 -34 -29
18 -35 -6
18 -35 -8
18 -35 -12
19 0 -7
19 0 -30
19 -1 -31
19 -1 -32
19 -2 -16
19 -2 -17
19 -2 -20
19 -3 -1
19 -3 -9
19 -3 -27
19 -4 0
19 -5 -24
19 -6 -10
19 -6 -23
19 -7 -6
19 -7 -9
19 -7 -31
19 -8 -13
19 -8 -18
19 -10 -10
19 -10 -33
19 -11 -17
19 -11 -32
19 -12 -10
19 -13 -14
19 -13 -27
19 -15 -6
19 -15 -9
19 -16 -7
19 -18 -6
19 -18 -13
19 -18 -24
19 -19 -35
19 -20 -26
19 -21 -1
19 -21 -27
19 -22 -7
19 -22 -13
19 -22 -22
19 -22 -30
19 -22 -35
19 -23 -29
19 -23 -33
19 -24 -14
19 -24 -28
19 -25 -13
19 -25 -26
19 -25 -30
19 -26 -1
19 -26 -10
19 -26 -23
19 -27 -9
19 -27 -25
19 -28 -11
19 -28 -21
19 -29 -16
19 -30 0
19 -30 -4
19 -32 -4
19 -32 -6
19 -34 -24
19 -34 -29
19 -35 -6
19 -35 -8
19 -35 -12
20 0 -7
20 0 -30
20 -1 -31
20 -1 -32
20 -2 -16
20 -2 -17
20 -2 -20
20 -3 -1
20 -3 -9
20 -3 -27
20 -4 0
20 -5 -24
20 -6 -10
20 -6 -23
20 -7 -6
20 -7 -9
20 -7 -31
20 -8 -13
20 -8 -18
20 -10 -10
20 -10 -33
20 -11 -17
20 -11 -32
20 -12 -10
20 -13 -14
20 -13 -27
20 -15 -6
20 -15 -9
20 -16 -7
20 -18 -6
20 -18 -13
20 -18 -24
20 -19 -35
20 -20 -26
20 -21 -1
20 -21 -27
20 -22 -7
20 -22 -13
20 -22 -22
20 -22 -30
20 -22 -35
20 -23 -29
20 -23 -33
20 -24 -14
20 -24 -28
20 -25 -13
20 -25 -26
20 -25 -30
20 -26 -1
20 -26 -10
20 -26 -23
20 -27 -9
20 -27 -25
20 -28 -11
20 -28 -21
20 -29 -16
20 -30 0
20 -30 -4
20 -32 -4
20 -32 -6
20 -34 -24
20 -34 -29
20 -35 -6
20 -35 -8
20 -35 -12
21 0 -7
21 0 -30
21 -1 -31
21 -1 -32
21 -2 -16
21 -2 -17
21 -2 -20
21 -3 -1
21 -3 -9
21 -3 -27
21 -4 0
21 -5 -24
21 -6 -10
21 -6 -23
21 -7 -6
21 -7 -9
21 -7 -31
21 -8 -13
21 -8 -18
21 -10 -10
21 -10 -33
21 -11 -17
21 -11 -32
21 -12 -10
21 -13 -14
21 -13 -27
21 -15 -6
21 -15 -9
21 -16 -7
21 -18 -6
21 -18 -13
21 -18 -24
21 -19 -35
21 -20 -26
21 -21 -1
21 -21 -27
21 -22 -7
21 -22 -13
21 -22 -22
21 -22 -30
21 -22 -35
21 -23 -29
21 -23 -33
21 -24 -14
21 -24 -28
21 -25 -13
21 -25 -26
21 -25 -30
21 -26 -1
21 -26 -10
21 -26 -23
21 -27 -9
21 -27 -25
21 -28 -11
21 -28 -21
21 -29 -16
21 -30 0
21 -30 -4
21 -32 -4
21 -32 -6
21 -34 -24
21 -34 -29
21 -35 -6
21 -35 -8
21 -35 -12
22 0 -7
22 0 -30
22 -1 -31
22 -1 -32
22 -2 -16
22 -2 -17
22 -2 -20
22 -3 -1
22 -3 -9
22 -3 -27
22 -4 0
22 -5 -24
22 -6 -10
22 -6 -23
22 -7 -6
22 -7 -9
22 -7 -31
22 -8 -13
22 -8 -18
22 -10 -10
22 -10 -33
22 -11 -17
22 -11 -32
22 -12 -10
22 -13 -14
22 -13 -27
22 -15 -6
22 -15 -9
22 -16 -7
22 -18 -6
22 -18 -13
22 -18 -24
22 -19 -35
22 -20 -26
22 -21 -1
22 -21 -27
22 -22 -7
22 -22 -13
22 -22 -22
22 -22 -30
22 -22 -35
22 -23 -29
22 -23 -33
22 -24 -14
22 -24 -28
22 -25 -13
22 -25 -26
22 -25 -30
22 -26 -1
22 -26 -10
22 -26 -23
22 -27 -9
22 -27 -25
22 -28 -11
22 -28 -21
22 -29 -16
22 -30 0
22 -30 -4
22 -32 -4
22 -32 -6
22 -34 -24
22 -34 -29
22 -35 -6
22 -35 -8
22 -35 -12
23 0 -7
23 0 -30
23 -1 -31
23 -1 -32
23 -2 -16
23 -2 -17
23 -2 -20
23 -3 -1
23 -3 -9
23 -3 -27
23 -4 0
23 -5 -24
23 -6 -10
23 -6 -23
23 -7 -6
23 -7 -9
23 -7 -31
23 -8 -13
23 -8 -18
23 -10 -10
23 -10 -33
23 -11 -17
23 -11 -32
23 -12 -10
23 -13 -14
23 -13 -27
23 -15 -6
23 -15 -9
23 -16 -7
23 -18 -6
23 -18 -13
23 -18 -24
23 -19 -35
23 -20 -26
23 -21 -1
23 -21 -27
23 -22 -7
23 -22 -13
23 -22 -22
23 -22 -30
23 -22 -35
23 -23 -29
23 -23 -33
23 -24 -14
23 -24 -28
23 -25 -13
23 -25 -26
23 -25 -30
23 -26 -1
23 -26 -10
23 -26 -23
23 -27 -9
23 -27 -25
23 -28 -11
23 -28 -21
23 -29 -16
23 -30 0
23 -30 -4
23 -32 -4
23 -32 -6
23 -34 -24
23 -34 -29
23 -35 -6
23 -35 -8
23 -35 -12
24 0 -7
24 0 -30
24 -1 -31
24 -1 -32
24 -2 -16
24 -2 -17
24 -2 -20
24 -3 -1
24 -3 -9
24 -3 -27
24 -4 0
24 -5 -24
24 -6 -10
24 -6 -23
24 -7 -6
24 -7 -9
24 -7 -31
24 -8 -13
24 -8 -18
24 -10 -10
24 -10 -33
24 -11 -17
24 -11 -32
24 -12 -10
24 -13 -14
24 -13 -27
24 -15 -6
24 -15 -9
24 -16 -7
24 -18 -6
24 -18 -13
24 -18 -24
24 -19 -35
24 -20 -26
24 -21 -1
24 -21 -27
24 -22 -7
24 -22 -13
24 -22 -22
24 -22 -30
24 -22 -35
24 -23 -29
24 -23 -33
24 -24 -14
24 -24 -28
24 -25 -13
24 -25 -26
24 -25 -30
24 -26 -1
24 -26 -10
24 -26 -23
24 -27 -9
24 -27 -25
24 -28 -11
24 -28 -21
24 -29 -16
24 -30 0
24 -30 -4
24 -32 -4
24 -32 -6
24 -34 -24
24 -34 -29
24 -35 -6
24 -35 -8
24 -35 -12
25 0 -7
25 0 -30
25 -1 -31
25 -1 -32
25 -2 -16
25 -2 -17
25 -2 -20
25 -3 -1
25 -3 -9
25 -3 -27
25 -4 0
25 -5 -24
25 -6 -10
25 -6 -23
25 -7 -6
25 -7 -9
25 -7 -31
25 -8 -13
25 -8 -18
25 -10 -10
25 -10 -33
25 -11 -17
25 -11 -32
25 -12 -10
25 -13 -14
25 -13 -27
25 -15 -6
25 -15 -9
25 -16 -7
25 -18 -6
25 -18 -13
25 -18 -24
25 -19 -35
25 -20 -26
25 -21 -1
25 -21 -27
25 -22 -7
25 -22 -13
25 -22 -22
25 -22 -30
25 -22 -35
25 -23 -29
25 -23 -33
25 -24 -14
25 -24 -28
25 -25 -13
25 -25 -26
25 -25 -30
25 -26 -1
25 -26 -10
25 -26 -23
25 -27 -9
25 -27 -25
25 -28 -11
25 -28 -21
25 -29 -16
25 -30 0
25 -30 -4
25 -32 -4
25 -32 -6
25 -34 -24
25 -34 -29
25 -35 -6
25 -35 -8
25 -35 -12
26 0 -7
26 0 -30
26 -1 -31
26 -1 -32
26 -2 -16
26 -2 -17
26 -2 -20
26 -3 -1
26 -3 -9
26 -3 -27
26 -4 0
26 -5 -24
26 -6 -10
26 -6 -23
26 -7 -6
26 -7 -9
26 -7 -31
26 -8 -13
26 -8 -18
26 -10 -10
26 -10 -33
26 -11 -17
26 -11 -32
26 -12 -10
26 -13 -14
26 -13 -27
26 -15 -6
26 -15 -9
26 -16 -7
26 -18 -6
26 -18 -13
26 -18 -24
26 -19 -35
26 -20 -26
26 -21 -1
26 -21 -27
26 -22 -7
26 -22 -13
26 -22 -22
26 -22 -30
26 -22 -35
26 -23 -29
26 -23 -33
26 -24 -14
26 -24 -28
26 -25 -13
26 -25 -26
26 -25 -30
26 -26 -1
26 -26 -10
26 -26 -23
26 -27 -9
26 -27 -25
26 -28 -11
26 -28 -21
26 -29 -16
26 -30 0
26 -30 -4
26 -32 -4
26 -32 -6
26 -34 -24
26 -34 -29
26 -35 -6
26 -35 -8
26 -35 -12
27 0 -7
27 0 -30
27 -1 -31
27 -1 -32
27 -2 -16
27 -2 -17
27 -2 -20
27 -3 -1
27 -3 -9
27 -3 -27
27 -4 0
27 -5 -24
27 -6 -10
27 -6 -23
27 -7 -6
27 -7 -9
27 -7 -31
27 -8 -13
27 -8 -18
27 -10 -10
27 -10 -33
27 -11 -17
27 -11 -32
27 -12 -10
27 -13 -14
27 -13 -27
27 -15 -6
27 -15 -9
27 -16 -7
27 -18 -6
27 -18 -13
27 -18 -24
27 -19 -35
27 -20 -26
27 -21 -1
27 -21 -27
27 -22 -7
27 -22 -13
27 -22 -22
27 -22 -30
27 -22 -35
27 -23 -29
27 -23 -33
27 -24 -14
27 -24 -28
27 -25 -13
27 -25 -26
27 -25 -30
27 -26 -1
27 -26 -10
27 -26 -23
27 -27 -9
27 -27 -25
27 -28 -11
27 -28 -21
27 -29 -16
27 -30 0
27 -30 -4
27 -32 -4
27 -32 -6
27 -34 -24
27 -34 -29
27 -35 -6
27 -35 -8
27 -35 -12
28 0 -7
28 0 -30
28 -1 -31
28 -1 -32
28 -2 -16
28 -2 -17
28 -2 -20
28 -3 -1
28 -3 -9
28 -3 -27
28 -4 0
28 -5 -24
28 -6 -10
28 -6 -23
28 -7 -6
28 -7 -9
28 -7 -31
28 -8 -13
28 -8 -18
28 -10 -10
28 -10 -33
28 -11 -17
28 -11 -32
28 -12 -10
28 -13 -14
28 -13 -27
28 -15 -6
28 -15 -9
28 -16 -7
28 -18 -6
28 -18 -13
28 -18 -24
28 -19 -35
28 -20 -26
28 -21 -1
28 -21 -27
28 -22 -7
28 -22 -13
28 -22 -22
28 -22 -30
28 -22 -35
28 -23 -29
28 -23 -33
28 -24 -14
28 -24 -28
28 -25 -13
28 -25 -26
28 -25 -30
28 -26 -1
28 -26 -10
28 -26 -23
28 -27 -9
28 -27 -25
28 -28 -11
28 -28 -21
28 -29 -16
28 -30 0
28 -30 -4
28 -32 -4
28 -32 -6
28 -34 -24
28 -34 -29
28 -35 -6
28 -35 -8
28 -35 -12
29 0 -7
29 0 -30
29 -1 -31
29 -1 -32
29 -2 -16
29 -2 -17
29 -2 -20
29 -3 -1
29 -3 -9
29 -3 -27
29 -4 0
29 -5 -24
29 -6 -10
29 -6 -23
29 -7 -6
29 -7 -9
29 -7 -31
29 -8 -13
29 -8 -18
29 -10 -10
29 -10 -33
29 -11 -17
29 -11 -32
29 -12 -10
29 -13 -14
29 -13 -27
29 -15 -6
29 -15 -9
29 -16 -7
29 -18 -6
29 -18 -13
29 -18 -24
29 -19 -35
29 -20 -26
29 -21 -1
29 -21 -27
29 -22 -7
29 -22 -13
29 -22 -22
29 -22 -30
29 -22 -35
29 -23 -29
29 -23 -33
29 -24 -14
29 -24 -28
29 -25 -13
29 -25 -26
29 -25 -30
29 -26 -1
29 -26 -10
29 -26 -23
29 -27 -9
29 -27 -25
29 -28 -11
29 -28 -21
29 -29 -16
29 -30 0
29 -30 -4
29 -32 -4
29 -32 -6
29 -34 -24
29 -34 -29
29 -35 -6
29 -35 -8
29 -35 -12
30 0 -7
30 0 -30
30 -1 -31
30 -1 -32
30 -2 -16
30 -2 -17
30 -2 -20
30 -3 -1
30 -3 -9
30 -3 -27
30 -4 0
30 -5 -24
30 -6 -10
30 -6 -23
30 -7 -6
30 -7 -9
30 -7 -31
30 -8 -13
30 -8 -18
30 -10 -10
30 -10 -33
30 -11 -17
30 -11 -32
30 -12 -10
30 -13 -14
30 -13 -27
30 -15 -6
30 -15 -9
30 -16 -7
30 -18 -6
30 -18 -13
30 -18 -24
30 -19 -35
30 -20 -26
30 -21 -1
30 -21 -27
30 -22 -7
30 -22 -13
30 -22 -22
30 -22 -30
30 -22 -35
30 -23 -29
30 -23 -33
30 -24 -14
30 -24 -28
30 -25 -13
30 -25 -26
30 -25 -30
30 -26 -1
30 -26 -10
30 -26 -23
30 -27 -9
30 -27 -25
30 -28 -11
30 -28 -21
30 -29 -16
30 -30 0
30 -30 -4
30 -32 -4
30 -32 -6
30 -34 -24
30 -34 -29
30 -35 -6
30 -35 -8
30 -35 -12
31 0 -7
31 0 -30
31 -1 -31
31 -1 -32
31 -2 -16
31 -2 -17
31 -2 -20
31 -3 -1
31 -3 -9
31 -3 -27
31 -4 0
31 -5 -24
31 -6 -10
31 -6 -23
31 -7 -6
31 -7 -9
31 -7 -31
31 -8 -13
31 -8 -18
31 -10 -10
31 -10 -33
31 -11 -17
31 -11 -32
31 -12 -10
31 -13 -14
31 -13 -27
31 -15 -6
31 -15 -9
31 -16 -7
31 -18 -6
31 -18 -13
31 -18 -24
31 -19 -35
31 -20 -26
31 -21 -1
31 -21 -27
31 -22 -7
31 -22 -13
31 -22 -22
31 -22 -30
31 -22 -35
31 -23 -29
31 -23 -33
31 -24 -14
31 -24 -28
31 -25 -13
31 -25 -26
31 -25 -30
31 -26 -1
31 -26 -10
31 -26 -23
31 -27 -9
31 -27 -25
31 -28 -11
31 -28 -21
31 -29 -16
31 -30 0
31 -30 -4
31 -32 -4
31 -32 -6
31 -34 -24
31 -34 -29
31 -35 -6
31 -35 -8
31 -35 -12
32 0 -7
32 0 -30
32 -1 -31
32 -1 -32
32 -2 -16
32 -2 -17
32 -2 -20
32 -3 -1
32 -3 -9
32 -3 -27
32 -4 0
32 -5 -24
32 -6 -10
32 -6 -23
32 -7 -6
32 -7 -9
32 -7 -31
32 -8 -13
32 -8 -18
32 -10 -10
32 -10 -33
32 -11 -17
32 -11 -32
32 -12 -10
32 -13 -14
32 -13 -27
32 -15 -6
32 -15 -9
32 -16 -7
32 -18 -6
32 -18 -13
32 -18 -24
32 -19 -35
32 -20 -26
32 -21 -1
32 -21 -27
32 -22 -7
32 -22 -13
32 -22 -22
32 -22 -30
32 -22 -35
32 -23 -29
32 -23 -33
32 -24 -14
32 -24 -28
32 -25 -13
32 -25 -26
32 -25 -30
32 -26 -1
32 -26 -10
32 -26 -23
32 -27 -9
32 -27 -25
32 -28 -11
32 -28 -21
32 -29 -16
32 -30 0
32 -30 -4
32 -32 -4
32 -32 -6
32 -34 -24
32 -34 -29
32 -35 -6
32 -35 -8
32 -35 -12
33 0 -7
33 0 -30
33 -1 -31
33 -1 -32
33 -2 -16
33 -2 -17
33 -2 -20
33 -3 -1
33 -3 -9
33 -3 -27
33 -4 0
33 -5 -24
33 -6 -10
33 -6 -23
33 -7 -6
33 -7 -9
33 -7 -31
33 -8 -13
33 -8 -18
33 -10 -10
33 -10 -33
33 -11 -17
33 -11 -32
33 -12 -10
33 -13 -14
33 -13 -27
33 -15 -6
33 -15 -9
33 -16 -7
33 -18 -6
33 -18 -13
33 -18 -24
33 -19 -35
33 -20 -26
33 -21 -1
33 -21 -27
33 -22 -7
33 -22 -13
33 -22 -22
33 -22 -30
33 -22 -35
33 -23 -29
33 -23 -33
33 -24 -14
33 -24 -28
33 -25 -13
33 -25 -26
33 -25 -30
33 -26 -1
33 -26 -10
33 -26 -23
33 -27 -9
33 -27 -25
33 -28 -11
33 -28 -21
33 -29 -16
33 -30 0
33 -30 -4
33 -32 -4
33 -32 -6
33 -34 -24
33 -34 -29
33 -35 -6
33 -35 -8
33 -35 -12
34 0 -7
34 0 -30
34 -1 -31
34 -1 -32
34 -2 -16
34 -2 -17
34 -2 -20
34 -3 -1
34 -3 -9
34 -3 -27
34 -4 0
34 -5 -24
34 -6 -10
34 -6 -23
34 -7 -6
34 -7 -9
34 -7 -31
34 -8 -13
34 -8 -18
34 -10 -10
34 -10 -33
34 -11 -17
34 -11 -32
34 -12 -10
34 -13 -14
34 -13 -27
34 -15 -6
34 -15 -9
34 -16 -7
34 -18 -6
34 -18 -13
34 -18 -24
34 -19 -35
34 -20 -26
34 -21 -1
34 -21 -27
34 -22 -7
34 -22 -13
34 -22 -22
34 -22 -30
34 -22 -35
34 -23 -29
34 -23 -33
34 -24 -14
34 -24 -28
34 -25 -13
34 -25 -26
34 -25 -30
34 -26 -1
34 -26 -10
34 -26 -23
34 -27 -9
34 -27 -25
34 -28 -11
34 -28 -21
34 -29 -16
34 -30 0
34 -30 -4
34 -32 -4
34 -32 -6
34 -34 -24
34 -34 -29
34 -35 -6
34 -35 -8
34 -35 -12
35 0 -7
35 0 -30
35 -1 -31
35 -1 -32
35 -2 -16
35 -2 -17
35 -2 -20
35 -3 -1
35 -3 -9
35 -3 -27
35 -4 0
35 -5 -24
35 -6 -10
35 -6 -23
35 -7 -6
35 -7 -9
35 -7 -31
35 -8 -13
35 -8 -18
35 -10 -10
35 -10 -33
35 -11 -17
35 -11 -32
35 -12 -10
35 -13 -14
35 -13 -27
35 -15 -6
35 -15 -9
35 -16 -7
35 -18 -6
35 -18 -13
35 -18 -24
35 -19 -35
35 -20 -26
35 -21 -1
35 -21 -27
35 -22 -7
35 -22 -13
35 -22 -22
35 -22 -30
35 -22 -35
35 -23 -29
35 -23 -33
35 -24 -14
35 -24 -28
35 -25 -13
35 -25 -26
35 -25 -30
35 -26 -1
35 -26 -10
35 -26 -23
35 -27 -9
35 -27 -25
35 -28 -11
35 -28 -21
35 -29 -16
35 -30 0
35 -30 -4
35 -32 -4
35 -32 -6
35 -34 -24
35 -34 -29
35 -35 -6
35 -35 -8
35 -35 -12
36 0 -7
36 0 -30
36 -1 -31
36 -1 -32
36 -2 -16
36 -2 -17
36 -2 -20
36 -3 -1
36 -3 -9
36 -3 -27
36 -4 0
36 -5 -24
36 -6 -10
36 -6 -23
36 -7 -6
36 -7 -9
36 -7 -31
36 -8 -13
36 -8 -18
36 -10 -10
36 -10 -33
36 -11 -17
36 -11 -32
36 -12 -10
36 -13 -14
36 -13 -27
36 -15 -6
36 -15 -9
36 -16 -7
36 -18 -6
36 -18 -13
36 -18 -24
36 -19 -35
36 -20 -26
36 -21 -1
36 -21 -27
36 -22 -7
36 -22 -13
36 -22 -22
36 -22 -30
36 -22 -35
36 -23 -29
36 -23 -33
36 -24 -14
36 -24 -28
36 -25 -13
36 -25 -26
36 -25 -30
36 -26 -1
36 -26 -10
36 -26 -23
36 -27 -9
36 -27 -25
36 -28 -11
36 -28 -21
36 -29 -16
36 -30 0
36 -30 -4
36 -32 -4
36 -32 -6
36 -34 -24
36 -34 -29
36 -35 -6
36 -35 -8
36 -35 -12
37 0 -7
37 0 -30
37 -1 -31
37 -1 -32
37 -2 -16
37 -2 -17
37 -2 -20
37 -3 -1
37 -3 -9
37 -3 -27
37 -4 0
37 -5 -24
37 -6 -10
37 -6 -23
37 -7 -6
37 -7 -9
37 -7 -31
37 -8 -13
37 -8 -18
37 -10 -10
37 -10 -33
37 -11 -17
37 -11 -32
37 -12 -10
37 -13 -14
37 -13 -27
37 -15 -6
37 -15 -9
37 -16 -7
37 -18 -6
37 -18 -13
37 -18 -24
37 -19 -35
37 -20 -26
37 -21 -1
37 -21 -27
37 -22 -7
37 -22 -13
37 -22 -22
37 -22 -30
37 -22 -35
37 -23 -29
37 -23 -33
37 -24 -14
37 -24 -28
37 -25 -13
37 -25 -26
37 -25 -30
37 -26 -1
37 -26 -10
37 -26 -23
37 -27 -9
37 -27 -25
37 -28 -11
37 -28 -21
37 -29 -16
37 -30 0
37 -30 -4
37 -32 -4
37 -32 -6
37 -34 -24
37 -34 -29
37 -35 -6
37 -35 -8
37 -35 -12
38 0 -7
38 0 -30
38 -1 -31
38 -1 -32
38 -2 -16
38 -2 -17
38 -2 -20
38 -3 -1
38 -3 -9
38 -3 -27
38 -4 0
38 -5 -24
38 -6 -10
38 -6 -23
38 -7 -6
38 -7 -9
38 -7 -31
38 -8 -13
38 -8 -18
38 -10 -10
38 -10 -33
38 -11 -17
38 -11 -32
38 -12 -10
38 -13 -14
38 -13 -27
38 -15 -6
38 -15 -9
38 -16 -7
38 -18 -6
38 -18 -13
38 -18 -24
38 -19 -35
38 -20 -26
38 -21 -1
38 -21 -27
38 -22 -7
38 -22 -13
38 -22 -22
38 -22 -30
38 -22 -35
38 -23 -29
38 -23 -33
38 -24 -14
38 -24 -28
38 -25 -13
38 -25 -26
38 -25 -30
38 -26 -1
38 -26 -10
38 -26 -23
38 -27 -9
38 -27 -25
38 -28 -11
38 -28 -21
38 -29 -16
38 -30 0
38 -30 -4
38 -32 -4
38 -32 -6
38 -34 -24
38 -34 -29
38 -35 -6
38 -35 -8
38 -35 -12
39 0 -7
39 0 -30
39 -1 -31
39 -1 -32
39 -2 -16
39 -2 -17
39 -2 -20
39 -3 -1
39 -3 -9
39 -3 -27
39 -4 0
39 -5 -24
39 -6 -10
39 -6 -23
39 -7 -6
39 -7 -9
39 -7 -31
39 -8 -13
39 -8 -18
39 -10 -10
39 -10 -33
39 -11 -17
39 -11 -32
39 -12 -10
39 -13 -14
39 -13 -27
39 -15 -6
39 -15 -9
39 -16 -7
39 -18 -6
39 -18 -13
39 -18 -24
39 -19 -35
39 -20 -26
39 -21 -1
39 -21 -27
39 -22 -7
39 -22 -13
39 -22 -22
39 -22 -30
39 -22 -35
39 -23 -29
39 -23 -33
39 -24 -14
39 -24 -28
39 -25 -13
39 -25 -26
39 -25 -30
39 -26 -1
39 -26 -10
39 -26 -23
39 -27 -9
39 -27 -25
39 -28 -11
39 -28 -21
39 -29 -16
39 -30 0
39 -30 -4
39 -32 -4
39 -32 -6
39 -34 -24
39 -34 -29
39 -35 -6
39 -35 -8
39 -35 -12
40 0 -7
40 0 -30
40 -1 -31
40 -1 -32
40 -2 -16
40 -2 -17
40 -2 -20
40 -3 -1
40 -3 -9
40 -3 -27
40 -4 0
40 -5 -24
40 -6 -10
40 -6 -23
40 -7 -6
40 -7 -9
40 -7 -31
40 -8 -13
40 -8 -18
40 -10 -10
40 -10 -33
40 -11 -17
40 -11 -32
40 -12 -10
40 -13 -14
40 -13 -27
40 -15 -6
40 -15 -9
40 -16 -7
40 -18 -6
40 -18 -13
40 -18 -24
40 -19 -35
40 -20 -26
40 -21 -1
40 -21 -27
40 -22 -7
40 -22 -13
40 -22 -22
40 -22 -30
40 -22 -35
40 -23 -29
40 -23 -33
40 -24 -14
40 -24 -28
40 -25 -13
40 -25 -26
40 -25 -30
40 -26 -1
40 -26 -10
40 -26 -23
40 -27 -9
40 -27 -25
40 -28 -11
40 -28 -21
40 -29 -16
40 -30 0
40 -30 -4
40 -32 -4
40 -32 -6
40 -34 -24
40 -34 -29
40 -35 -6
40 -35 -8
40 -35 -12
41 0 -7
41 0 -30
41 -1 -31
41 -1 -32
41 -2 -16
41 -2 -17
41 -2 -20
41 -3 -1
41 -3 -9
41 -3 -27
41 -4 0
41 -5 -24
41 -6 -10
41 -6 -23
41 -7 -6
41 -7 -9
41 -7 -31
41 -8 -13
41 -8 -18
41 -10 -10
41 -10 -33
41 -11 -17
41 -11 -32
41 -12 -10
41 -13 -14
41 -13 -27
41 -15 -6
41 -15 -9
41 -16 -7
41 -18 -6
41 -18 -13
41 -18 -24
41 -19 -35
41 -20 -26
41 -21 -1
41 -21 -27
41 -22 -7
41 -22 -13
41 -22 -22
41 -22 -30
41 -22 -35
41 -23 -29
41 -23 -33
41 -24 -14
41 -24 -28
41 -25 -13
41 -25 -26
41 -25 -30
41 -26 -1
41 -26 -10
41 -26 -23
41 -27 -9
41 -27 -25
41 -28 -11
41 -28 -21
41 -29 -16
41 -30 0
41 -30 -4
41 -32 -4
41 -32 -6
41 -34 -24
41 -34 -29
41 -35 -6
41 -35 -8
41 -35 -12
42 0 -7
42 0 -30
42 -1 -31
42 -1 -32
42 -2 -16
42 -2 -17
42 -2 -20
42 -3 -1
42 -3 -9
42 -3 -27
42 -4 0
42 -5 -24
42 -6 -10
42 -6 -23
42 -7 -6
42 -7 -9
42 -7 -31
42 -8 -13
42 -8 -18
42 -10 -10
42 -10 -33
42 -11 -17
42 -11 -32
42 -12 -10
42 -13 -14
42 -13 -27
42 -15 -6
42 -15 -9
42 -16 -7
42 -18 -6
42 -18 -13
42 -18 -24
42 -19 -35
42 -20 -26
42 -21 -1
42 -21 -27
42 -22 -7
42 -22 -13
42 -22 -22
42 -22 -30
42 -22 -35
42 -23 -29
42 -23 -33
42 -24 -14
42 -24 -28
42 -25 -13
42 -25 -26
42 -25 -30
42 -26 -1
42 -26 -10
42 -26 -23
42 -27 -9
42 -27 -25
42 -28 -11
42 -28 -21
42 -29 -16
42 -30 0
42 -30 -4
42 -32 -4
42 -32 -6
42 -34 -24
42 -34 -29
42 -35 -6
42 -35 -8
42 -35 -12
43 0 -7
43 0 -30
43 -1 -31
43 -1 -32
43 -2 -16
43 -2 -17
43 -2 -20
43 -3 -1
43 -3 -9
43 -3 -27
43 -4 0
43 -5 -24
43 -6 -10
43 -6 -23
43 -7 -6
43 -7 -9
43 -7 -31
43 -8 -13
43 -8 -18
43 -10 -10
43 -10 -33
43 -11 -17
43 -11 -32
43 -12 -10
43 -13 -14
43 -13 -27
43 -15 -6
43 -15 -9
43 -16 -7
43 -18 -6
43 -18 -13
43 -18 -24
43 -19 -35
43 -20 -26
43 -21 -1
43 -21 -27
43 -22 -7
43 -22 -13
43 -22 -22
43 -22 -30
43 -22 -35
43 -23 -29
43 -23 -33
43 -24 -14
43 -24 -28
43 -25 -13
43 -25 -26
43 -25 -30
43 -26 -1
43 -26 -10
43 -26 -23
43 -27 -9
43 -27 -25
43 -28 -11
43 -28 -21
43 -29 -16
43 -30 0
43 -30 -4
43 -32 -4
43 -32 -6
43 -34 -24
43 -34 -29
43 -35 -6
43 -35 -8
43 -35 -12
44 0 -7
44 0 -30
44 -1 -31
44 -1 -32
44 -2 -16
44 -2 -17
44 -2 -20
44 -3 -1
44 -3 -9
44 -3 -27
44 -4 0
44 -5 -24
44 -6 -10
44 -6 -23
44 -7 -6
44 -7 -9
44 -7 -31
44 -8 -13
44 -8 -18
44 -10 -10
44 -10 -33
44 -11 -17
44 -11 -32
44 -12 -10
44 -13 -14
44 -13 -27
44 -15 -6
44 -15 -9
44 -16 -7
44 -18 -6
44 -18 -13
44 -18 -24
44 -19 -35
44 -20 -26
44 -21 -1
44 -21 -27
44 -22 -7
44 -22 -13
44 -22 -22
44 -22 -30
44 -22 -35
44 -23 -29
44 -23 -33
44 -24 -14
44 -24 -28
44 -25 -13
44 -25 -26
44 -25 -30
44 -26 -1
44 -26 -10
44 -26 -23
44 -27 -9
44 -27 -25
44 -28 -11
44 -28 -21
44 -29 -16
44 -30 0
44 -30 -4
44 -32 -4
44 -32 -6
44 -34 -24
44 -34 -29
44 -35 -6
44 -35 -8
44 -35 -12
45 0 -7
45 0 -30
45 -1 -31
45 -1 -32
45 -2 -16
45 -2 -17
45 -2 -20
45 -3 -1
45 -3 -9
45 -3 -27
45 -4 0
45 -5 -24
45 -6 -10
45 -6 -23
45 -7 -6
45 -7 -9
45 -7 -31
45 -8 -13
45 -8 -18
45 -10 -10
45 -10 -33
45 -11 -17
45 -11 -32
45 -12 -10
45 -13 -14
45 -13 -27
45 -15 -6
45 -15 -9
45 -16 -7
45 -18 -6
45 -18 -13
45 -18 -24
45 -19 -35
45 -20 -26
45 -21 -1
45 -21 -27
45 -22 -7
45 -22 -13
45 -22 -22
45 -22 -30
45 -22 -35
45 -23 -29
45 -23 -33
45 -24 -14
45 -24 -28
45 -25 -13
45 -25 -26
45 -25 -30
45 -26 -1
45 -26 -10
45 -26 -23
45 -27 -9
45 -27 -25
45 -28 -11
45 -28 -21
45 -29 -16
45 -30 0
45 -30 -4
45 -32 -4
45 -32 -6
45 -34 -24
45 -34 -29
45 -35 -6
45 -35 -8
45 -35 -12
46 0 -7
46 0 -30
46 -1 -31
46 -1 -32
46 -2 -16
46 -2 -17
46 -2 -20
46 -3 -1
46 -3 -9
46 -3 -27
46 -4 0
46 -5 -24
46 -6 -10
46 -6 -23
46 -7 -6
46 -7 -9
46 -7 -31
46 -8 -13
46 -8 -18
46 -10 -10
46 -10 -33
46 -11 -17
46 -11 -32
46 -12 -10
46 -13 -14
46 -13 -27
46 -15 -6
46 -15 -9
46 -16 -7
46 -18 -6
46 -18 -13
46 -18 -24
46 -19 -35
46 -20 -26
46 -21 -1
46 -21 -27
46 -22 -7
46 -22 -13
46 -22 -22
46 -22 -30
46 -22 -35
46 -23 -29
46 -23 -33
46 -24 -14
46 -24 -28
46 -25 -13
46 -25 -26
46 -25 -30
46 -26 -1
46 -26 -10
46 -26 -23
46 -27 -9
46 -27 -25
46 -28 -11
46 -28 -21
46 -29 -16
46 -30 0
46 -30 -4
46 -32 -4
46 -32 -6
46 -34 -24
46 -34 -29
46 -35 -6
46 -35 -8
46 -35 -12
47 0 -7
47 0 -30
47 -1 -31
47 -1 -32
47 -2 -16
47 -2 -17
47 -2 -20
47 -3 -1
47 -3 -9
47 -3 -27
47 -4 0
47 -5 -24
47 -6 -10
47 -6 -23
47 -7 -6
47 -7 -9
47 -7 -31
47 -8 -13
47 -8 -18
47 -10 -10
47 -10 -33
47 -11 -17
47 -11 -32
47 -12 -10
47 -13 -14
47 -13 -27
47 -15 -6
47 -15 -9
47 -16 -7
47 -18 -6
47 -18 -13
47 -18 -24
47 -19 -35
47 -20 -26
47 -21 -1
47 -21 -27
47 -22 -7
47 -22 -13
47 -22 -22
47 -22 -30
47 -22 -35
47 -23 -29
47 -23 -33
47 -24 -14
47 -24 -28
47 -25 -13
47 -25 -26
47 -25 -30
47 -26 -1
47 -26 -10
47 -26 -23
47 -27 -9
47 -27 -25
47 -28 -11
47 -28 -21
47 -29 -16
47 -30 0
47 -30 -4
47 -32 -4
47 -32 -6
47 -34 -24
47 -34 -29
47 -35 -6
47 -35 -8
47 -35 -12
48 0 -7
48 0 -30
48 -1 -31
48 -1 -32
48 -2 -16
48 -2 -17
48 -2 -20
48 -3 -1
48 -3 -9
48 -3 -27
48 -4 0
48 -5 -24
48 -6 -10
48 -6 -23
48 -7 -6
48 -7 -9
48 -7 -31
48 -8 -13
48 -8 -18
48 -10 -10
48 -10 -33
48 -11 -17
48 -11 -32
48 -12 -10
48 -13 -14
48 -13 -27
48 -15 -6
48 -15 -9
48 -16 -7
48 -18 -6
48 -18 -13
48 -18 -24
48 -19 -35
48 -20 -26
48 -21 -1
48 -21 -27
48 -22 -7
48 -22 -13
48 -22 -22
48 -22 -30
48 -22 -35
48 -23 -29
48 -23 -33
48 -24 -14
48 -24 -28
48 -25 -13
48 -25 -26
48 -25 -30
48 -26 -1
48 -26 -10
48 -26 -23
48 -27 -9
48 -27 -25
48 -28 -11
48 -28 -21
48 -29 -16
48 -30 0
48 -30 -4
48 -32 -4
48 -32 -6
48 -34 -24
48 -34 -29
48 -35 -6
48 -35 -8
48 -35 -12
49 0 -7
49 0 -30
49 -1 -31
49 -1 -32
49 -2 -16
49 -2 -17
49 -2 -20
49 -3 -1
49 -3 -9
49 -3 -27
49 -4 0
49 -5 -24
49 -6 -10
49 -6 -23
49 -7 -6
49 -7 -9
49 -7 -31
49 -8 -13
49 -8 -18
49 -10 -10
49 -10 -33
49 -11 -17
49 -11 -32
49 -12 -10
49 -13 -14
49 -13 -27
49 -15 -6
49 -15 -9
49 -16 -7
49 -18 -6
49 -18 -13
49 -18 -24
49 -19 -35
49 -20 -26
49 -21 -1
49 -21 -27
49 -22 -7
49 -22 -13
49 -22 -22
49 -22 -30
49 -22 -35
49 -23 -29
49 -23 -33
49 -24 -14
49 -24 -28
49 -25 -13
49 -25 -26
49 -25 -30
49 -26 -1
49 -26 -10
49 -26 -23
49 -27 -9
49 -27 -25
49 -28 -11
49 -28 -21
49 -29 -16
49 -30 0
49 -30 -4
49 -32 -4
49 -32 -6
49 -34 -24
49 -34 -29
49 -35 -6
49 -35 -8
49 -35 -12
50 0 -7
50 0 -30
50 -1 -31
50 -1 -32
50 -2 -16
50 -2 -17
50 -2 -20
50 -3 -1
50 -3 -9
50 -3 -27
50 -4 0
50 -5 -24
50 -6 -10
50 -6 -23
50 -7 -6
50 -7 -9
50 -7 -31
50 -8 -13
50 -8 -18
50 -10 -10
50 -10 -33
50 -11 -17
50 -11 -32
50 -12 -10
50 -13 -14
50 -13 -27
50 -15 -6
50 -15 -9
50 -16 -7
50 -18 -6
50 -18 -13
50 -18 -24
50 -19 -35
50 -20 -26
50 -21 -1
50 -21 -27
50 -22 -7
50 -22 -13
50 -22 -22
50 -22 -30
50 -22 -35
50 -23 -29
50 -23 -33
50 -24 -14
50 -24 -28
50 -25 -13
50 -25 -26
50 -25 -30
50 -26 -1
50 -26 -10
50 -26 -23
50 -27 -9
50 -27 -25
50 -28 -11
50 -28 -21
50 -29 -16
50 -30 0
50 -30 -4
50 -32 -4
50 -32 -6
50 -34 -24
50 -34 -29
50 -35 -6
50 -35 -8
50 -35 -12
51 0 -7
51 0 -30
51 -1 -31
51 -1 -32
51 -2 -16
51 -2 -17
51 -2 -20
51 -3 -1
51 -3 -9
51 -3 -27
51 -4 0
51 -5 -24
51 -6 -10
51 -6 -23
51 -7 -6
51 -7 -9
51 -7 -31
51 -8 -13
51 -8 -18
51 -10 -10
51 -10 -33
51 -11 -17
51 -11 -32
51 -12 -10
51 -13 -14
51 -13 -27
51 -15 -6
51 -15 -9
51 -16 -7
51 -18 -6
51 -18 -13
51 -18 -24
51 -19 -35
51 -20 -26
51 -21 -1
51 -21 -27
51 -22 -7
51 -22 -13
51 -22 -22
51 -22 -30
51 -22 -35
51 -23 -29
51 -23 -33
51 -24 -14
51 -24 -28
51 -25 -13
51 -25 -26
51 -25 -30
51 -26 -1
51 -26 -10
51 -26 -23
51 -27 -9
51 -27 -25
51 -28 -11
51 -28 -21
51 -29 -16
51 -30 0
51 -30 -4
51 -32 -4
51 -32 -6
51 -34 -24
51 -34 -29
51 -35 -6
51 -35 -8
51 -35 -12
52 0 -7
52 0 -30
52 -1 -31
52 -1 -32
52 -2 -16
52 -2 -17
52 -2 -20
52 -3 -1
52 -3 -9
52 -3 -27
52 -4 0
52 -5 -24
52 -6 -10
52 -6 -23
52 -7 -6
52 -7 -9
52 -7 -31
52 -8 -13
52 -8 -18
52 -10 -10
52 -10 -33
52 -11 -17
52 -11 -32
52 -12 -10
52 -13 -14
52 -13 -27
52 -15 -6
52 -15 -9
52 -16 -7
52 -18 -6
52 -18 -13
52 -18 -24
52 -19 -35
52 -20 -26
52 -21 -1
52 -21 -27
52 -22 -7
52 -22 -13
52 -22 -22
52 -22 -30
52 -22 -35
52 -23 -29
52 -23 -33
52 -24 -14
52 -24 -28
52 -25 -13
52 -25 -26
52 -25 -30
52 -26 -1
52 -26 -10
52 -26 -23
52 -27 -9
52 -27 -25
52 -28 -11
52 -28 -21
52 -29 -16
52 -30 0
52 -30 -4
52 -32 -4
52 -32 -6
52 -34 -24
52 -34 -29
52 -35 -6
52 -35 -8
52 -35 -12
53 0 -7
53 0 -30
53 -1 -31
53 -1 -32
53 -2 -16
53 -2 -17
53 -2 -20
53 -3 -1
53 -3 -9
53 -3 -27
53 -4 0
53 -5 -24
53 -6 -10
53 -6 -23
53 -7 -6
53 -7 -9
53 -7 -31
53 -8 -13
53 -8 -18
53 -10 -10
53 -10 -33
53 -11 -17
53 -11 -32
53 -12 -10
53 -13 -14
53 -13 -27
53 -15 -6
53 -15 -9
53 -16 -7
53 -18 -6
53 -18 -13
53 -18 -24
53 -19 -35
53 -20 -26
53 -21 -1
53 -21 -27
53 -22 -7
53 -22 -13
53 -22 -22
53 -22 -30
53 -22 -35
53 -23 -29
53 -23 -33
53 -24 -14
53 -24 -28
53 -25 -13
53 -25 -26
53 -25 -30
53 -26 -1
53 -26 -10
53 -26 -23
53 -27 -9
53 -27 -25
53 -28 -11
53 -28 -21
53 -29 -16
53 -30 0
53 -30 -4
53 -32 -4
53 -32 -6
53 -34 -24
53 -34 -29
53 -35 -6
53 -35 -8
53 -35 -12
54 0 -7
54 0 -30
54 -1 -31
54 -1 -32
54 -2 -16
54 -2 -17
54 -2 -20
54 -3 -1
54 -3 -9
54 -3 -27
54 -4 0
54 -5 -24
54 -6 -10
54 -6 -23
54 -7 -6
54 -7 -9
54 -7 -31
54 -8 -13
54 -8 -18
54 -10 -10
54 -10 -33
54 -11 -17
54 -11 -32
54 -12 -10
54 -13 -14
54 -13 -27
54 -15 -6
54 -15 -9
54 -16 -7
54 -18 -6
54 -18 -13
54 -18 -24
54 -19 -35
54 -20 -26
54 -21 -1
54 -21 -27
54 -22 -7
54 -22 -13
54 -22 -22
54 -22 -30
54 -22 -35
54 -23 -29
54 -23 -33
54 -24 -14
54 -24 -28
54 -25 -13
54 -25 -26
54 -25 -30
54 -26 -1
54 -26 -10
54 -26 -23
54 -27 -9
54 -27 -25
54 -28 -11
54 -28 -21
54 -29 -16
54 -30 0
54 -30 -4
54 -32 -4
54 -32 -6
54 -34 -24
54 -34 -29
54 -35 -6
54 -35 -8
54 -35 -12
55 0 -7
55 0 -30
55 -1 -31
55 -1 -32
55 -2 -16
55 -2 -17
55 -2 -20
55 -3 -1
55 -3 -9
55 -3 -27
55 -4 0
55 -5 -24
55 -6 -10
55 -6 -23
55 -7 -6
55 -7 -9
55 -7 -31
55 -8 -13
55 -8 -18
55 -10 -10
55 -10 -33
55 -11 -17
55 -11 -32
55 -12 -10
55 -13 -14
55 -13 -27
55 -15 -6
55 -15 -9
55 -16 -7
55 -18 -6
55 -18 -13
55 -18 -24
55 -19 -35
55 -20 -26
55 -21 -1
55 -21 -27
55 -22 -7
55 -22 -13
55 -22 -22
55 -22 -30
55 -22 -35
55 -23 -29
55 -23 -33
55 -24 -14
55 -24 -28
55 -25 -13
55 -25 -26
55 -25 -30
55 -26 -1
55 -26 -10
55 -26 -23
55 -27 -9
55 -27 -25
55 -28 -11
55 -28 -21
55 -29 -16
55 -30 0
55 -30 -4
55 -32 -4
55 -32 -6
55 -34 -24
55 -34 -29
55 -35 -6
55 -35 -8
55 -35 -12
56 0 -7
56 0 -30
56 -1 -31
56 -1 -32
56 -2 -16
56 -2 -17
56 -2 -20
56 -3 -1
56 -3 -9
56 -3 -27
56 -4 0
56 -5 -24
56 -6 -10
56 -6 -23
56 -7 -6
56 -7 -9
56 -7 -31
56 -8 -13
56 -8 -18
56 -10 -10
56 -10 -33
56 -11 -17
56 -11 -32
56 -12 -10
56 -13 -14
56 -13 -27
56 -15 -6
56 -15 -9
56 -16 -7
56 -18 -6
56 -18 -13
56 -18 -24
56 -19 -35
56 -20 -26
56 -21 -1
56 -21 -27
56 -22 -7
56 -22 -13
56 -22 -22
56 -22 -30
56 -22 -35
56 -23 -29
56 -23 -33
56 -24 -14
56 -24 -28
56 -25 -13
56 -25 -26
56 -25 -30
56 -26 -1
56 -26 -10
56 -26 -23
56 -27 -9
56 -27 -25
56 -28 -11
56 -28 -21
56 -29 -16
56 -30 0
56 -30 -4
56 -32 -4
56 -32 -6
56 -34 -24
56 -34 -29
56 -35 -6
56 -35 -8
56 -35 -12
57 0 -7
57 0 -30
57 -1 -31
57 -1 -32
57 -2 -16
57 -2 -17
57 -2 -20
57 -3 -1
57 -3 -9
57 -3 -27
57 -4 0
57 -5 -24
57 -6 -10
57 -6 -23
57 -7 -6
57 -7 -9
57 -7 -31
57 -8 -13
57 -8 -18
57 -10 -10
57 -10 -33
57 -11 -17
57 -11 -32
57 -12 -10
57 -13 -14
57 -13 -27
57 -15 -6
57 -15 -9
57 -16 -7
57 -18 -6
57 -18 -13
57 -18 -24
57 -19 -35
57 -20 -26
57 -21 -1
57 -21 -27
57 -22 -7
57 -22 -13
57 -22 -22
57 -22 -30
57 -22 -35
57 -23 -29
57 -23 -33
57 -24 -14
57 -24 -28
57 -25 -13
57 -25 -26
57 -25 -30
57 -26 -1
57 -26 -10
57 -26 -23
57 -27 -9
57 -27 -25
57 -28 -11
57 -28 -21
57 -29 -16
57 -30 0
57 -30 -4
57 -32 -4
57 -32 -6
57 -34 -24
57 -34 -29
57 -35 -6
57 -35 -8
57 -35 -12
58 0 -7
58 0 -30
58 -1 -31
58 -1 -32
58 -2 -16
58 -2 -17
58 -2 -20
58 -3 -1
58 -3 -9
58 -3 -27
58 -4 0
58 -5 -24
58 -6 -10
58 -6 -23
58 -7 -6
58 -7 -9
58 -7 -31
58 -8 -13
58 -8 -18
58 -10 -10
58 -10 -33
58 -11 -17
58 -11 -32
58 -12 -10
58 -13 -14
58 -13 -27
58 -15 -6
58 -15 -9
58 -16 -7
58 -18 -6
58 -18 -13
58 -18 -24
58 -19 -35
58 -20 -26
58 -21 -1
58 -21 -27
58 -22 -7
58 -22 -13
58 -22 -22
58 -22 -30
58 -22 -35
58 -23 -29
58 -23 -33
58 -24 -14
58 -24 -28
58 -25 -13
58 -25 -26
58 -25 -30
58 -26 -1
58 -26 -10
58 -26 -23
58 -27 -9
58 -27 -25
58 -28 -11
58 -28 -21
58 -29 -16
58 -30 0
58 -30 -4
58 -32 -4
58 -32 -6
58 -34 -24
58 -34 -29
58 -35 -6
58 -35 -8
58 -35 -12
59 0 -7
59 0 -30
59 -1 -31
59 -1 -32
59 -2 -16
59 -2 -17
59 -2 -20
59 -3 -1
59 -3 -9
59 -3 -27
59 -4 0
59 -5 -24
59 -6 -10
59 -6 -23
59 -7 -6
59 -7 -9
59 -7 -31
59 -8 -13
59 -8 -18
59 -10 -10
59 -10 -33
59 -11 -17
59 -11 -32
59 -12 -10
59 -13 -14
59 -13 -27
59 -15 -6
59 -15 -9
59 -16 -7
59 -18 -6
59 -18 -13
59 -18 -24
59 -19 -35
59 -20 -26
59 -21 -1
59 -21 -27
59 -22 -7
59 -22 -13
59 -22 -22
59 -22 -30
59 -22 -35
59 -23 -29
59 -23 -33
59 -24 -14
59 -24 -28
59 -25 -13
59 -25 -26
59 -25 -30
59 -26 -1
59 -26 -10
59 -26 -23
59 -27 -9
59 -27 -25
59 -28 -11
59 -28 -21
59 -29 -16
59 -30 0
59 -30 -4
59 -32 -4
59 -32 -6
59 -34 -24
59 -34 -29
59 -35 -6
59 -35 -8
59 -35 -12
60 0 -7
60 0 -30
60 -1 -31
60 -1 -32
60 -2 -16
60 -2 -17
60 -2 -20
60 -3 -1
60 -3 -9
60 -3 -27
60 -4 0
60 -5 -24
60 -6 -10
60 -6 -23
60 -7 -6
60 -7 -9
60 -7 -31
60 -8 -13
60 -8 -18
60 -10 -10
60 -10 -33
60 -11 -17
60 -11 -32
60 -12 -10
60 -13 -14
60 -13 -27
60 -15 -6
60 -15 -9
60 -16 -7
60 -18 -6
60 -18 -13
60 -18 -24
60 -19 -35
60 -20 -26
60 -21 -1
60 -21 -27
60 -22 -7
60 -22 -13
60 -22 -22
60 -22 -30
60 -22 -35
60 -23 -29
60 -23 -33
60 -24 -14
60 -24 -28
60 -25 -13
60 -25 -26
60 -25 -30
60 -26 -1
60 -26 -10
60 -26 -23
60 -27 -9
60 -27 -25
60 -28 -11
60 -28 -21
60 -29 -16
60 -30 0
60 -30 -4
60 -32 -4
60 -32 -6
60 -34 -24
60 -34 -29
60 -35 -6
60 -35 -8
60 -35 -12
61 0 -7
61 0 -30
61 -1 -31
61 -1 -32
61 -2 -16
61 -2 -17
61 -2 -20
61 -3 -1
61 -3 -9
61 -3 -27
61 -4 0
61 -5 -24
61 -6 -10
61 -6 -23
61 -7 -6
61 -7 -9
61 -7 -31
61 -8 -13
61 -8 -18
61 -10 -10
61 -10 -33
61 -11 -17
61 -11 -32
61 -12 -10
61 -13 -14
61 -13 -27
61 -15 -6
61 -15 -9
61 -16 -7
61 -18 -6
61 -18 -13
61 -18 -24
61 -19 -35
61 -20 -26
61 -21 -1
61 -21 -27
61 -22 -7
61 -22 -13
61 -22 -22
61 -22 -30
61 -22 -35
61 -23 -29
61 -23 -33
61 -24 -14
61 -24 -28
61 -25 -13
61 -25 -26
61 -25 -30
61 -26 -1
61 -26 -10
61 -26 -23
61 -27 -9
61 -27 -25
61 -28 -11
61 -28 -21
61 -29 -16
61 -30 0
61 -30 -4
61 -32 -4
61 -32 -6
61 -34 -24
61 -34 -29
61 -35 -6
61 -35 -8
61 -35 -12
62 0 -7
62 0 -30
62 -1 -31
62 -1 -32
62 -2 -16
62 -2 -17
62 -2 -20
62 -3 -1
62 -3 -9
62 -3 -27
62 -4 0
62 -5 -24
62 -6 -10
62 -6 -23
62 -7 -6
62 -7 -9
62 -7 -31
62 -8 -13
62 -8 -18
62 -10 -10
62 -10 -33
62 -11 -17
62 -11 -32
62 -12 -10
62 -13 -14
62 -13 -27
62 -15 -6
62 -15 -9
62 -16 -7
62 -18 -6
62 -18 -13
62 -18 -24
62 -19 -35
62 -20 -26
62 -21 -1
62 -21 -27
62 -22 -7
62 -22 -13
62 -22 -22
62 -22 -30
62 -22 -35
62 -23 -29
62 -23 -33
62 -24 -14
62 -24 -28
62 -25 -13
62 -25 -26
62 -25 -30
62 -26 -1
62 -26 -10
62 -26 -23
62 -27 -9
62 -27 -25
62 -28 -11
62 -28 -21
62 -29 -16
62 -30 0
62 -30 -4
62 -32 -4
62 -32 -6
62 -34 -24
62 -34 -29
62 -35 -6
62 -35 -8
62 -35 -12
63 0 -7
63 0 -30
63 -1 -31
63 -1 -32
63 -2 -16
63 -2 -17
63 -2 -20
63 -3 -1
63 -3 -9
63 -3 -27
63 -4 0
63 -5 -24
63 -6 -10
63 -6 -23
63 -7 -6
63 -7 -9
63 -7 -31
63 -8 -13
63 -8 -18
63 -10 -10
63 -10 -33
63 -11 -17
63 -11 -32
63 -12 -10
63 -13 -14
63 -13 -27
63 -15 -6
63 -15 -9
63 -16 -7
63 -18 -6
63 -18 -13
63 -18 -24
63 -19 -35
63 -20 -26
63 -21 -1
63 -21 -27
63 -22 -7
63 -22 -13
63 -22 -22
63 -22 -30
63 -22 -35
63 -23 -29
63 -23 -33
63 -24 -14
63 -24 -28
63 -25 -13
63 -25 -26
63 -25 -30
63 -26 -1
63 -26 -10
63 -26 -23
63 -27 -9
63 -27 -25
63 -28 -11
63 -28 -21
63 -29 -16
63 -30 0
63 -30 -4
63 -32 -4
63 -32 -6
63 -34 -24
63 -34 -29
63 -35 -6
63 -35 -8
63 -35 -12
64 0 -7
64 0 -30
64 -1 -31
64 -1 -32
64 -2 -16
64 -2 -17
64 -2 -20
64 -3 -1
64 -3 -9
64 -3 -27
64 -4 0
64 -5 -24
64 -6 -10
64 -6 -23
64 -7 -6
64 -7 -9
64 -7 -31
64 -8 -13
64 -8 -18
64 -10 -10
64 -10 -33
64 -11 -17
64 -11 -32
64 -12 -10
64 -13 -14
64 -13 -27
64 -15 -6
64 -15 -9
64 -16 -7
64 -18 -6
64 -18 -13
64 -18 -24
64 -19 -35
64 -20 -26
64 -21 -1
64 -21 -27
64 -22 -7
64 -22 -13
64 -22 -22
64 -22 -30
64 -22 -35
64 -23 -29
64 -23 -33
64 -24 -14
64 -24 -28
64 -25 -13
64 -25 -26
64 -25 -30
64 -26 -1
64 -26 -10
64 -26 -23
64 -27 -9
64 -27 -25
64 -28 -11
64 -28 -21
64 -29 -16
64 -30 0
64 -30 -4
64 -32 -4
64 -32 -6
64 -34 -24
64 -34 -29
64 -35 -6
64 -35 -8
64 -35 -12
-1 -1 -1
64
44
56
11
38
10
5
40
47
18
16
20
6
8
57
25
35
37
26
29
36
63
23
52
14
59
17
60
55
32
51
12
54
62
42
27
22
0
41
19
2
33
15
48
31
21
34
45
39
49
7
13
61
43
28
53
58
9
3
30
50
1
4
24
46
  0.051149 seconds (105.32 k allocations: 3.604 MiB)
