950 0 0 0 0 0 0 0 0 0 0 0 0 0 0 0 0 0 0 0 0 0 0
0 0 0 0 0 0 0 0 0 0 0 0 0 0 0 0 0 0 0 0 0 0 0
0 0 0 0 0 0 0 0 0 0 0 0 0 0 0 0 0 0 0 0 0 0 0
0 0 0 0 0 0 0 0 0 0 0 0 0 0 0 0 0 0 0 0 0 0 0
0 0 0 0 0 0 0 0 0 0 0 0 0 0 0 0 0 0 0 0 0 0 0
0 0 0 0 0 0 0 0 0 0 0 0 0 0 0 0 0 0 0 0 0 0 0
0 0 0 0 0 0 0 0 0 0 0 0 0 0 0 0 0 0 0 0 0 0 0
0 0 0 0 0 0 0 0 0 0 0 0 0 0 0 0 0 0 0 0 0 0 0
0 0 0 0 0 0 0 0 0 0 0 0 0 0 0 0 0 0 0 0 0 0 0
0 0 0 0 0 0 0 0 0 0 0 0 0 0 0 0 0 0 0 0 0 0 0
0 0 0 0 0 0 0 0 0 0 0 0 0 0 0 0 0 0 0 0 0 0 0
0 0 0 0 0 0 0 0 0 0 0 0 0 0 0 0 0 0 0 0 0 0 0
0 0 0 0 0 0 0 0 0 0 0 0 0 0 0 0 0 0 0 0 0 0 0
0 0 0 0 0 0 0 0 0 0 0 0 0 0 0 0 0 0 0 0 0 0 0
0 0 0 0 0 0 0 0 0 0 0 0 0 0 0 0 0 0 0 0 0 0 0
0 0 0 0 0 0 0 0 0 0 0 0 0 0 0 0 0 0 0 0 0 0 0
0 0 0 0 0 0 0 0 0 0 0 0 0 0 0 0 0 0 0 0 0 0 0
0 0 0 0 0 0 0 0 0 0 0 0 0 0 0 0 0 0 0 0 0 0 0
0 0 0 0 0 0 0 0 0 0 0 0 0 0 0 0 0 0 0 0 0 0 0
0 0 0 0 0 0 0 0 0 0 0 0 0 0 0 0 0 0 0 0 0 0 0
0 0 0 0 0 0 0 0 0 0 0 0 0 0 0 0 0 0 0 0 0 0 0
0 0 0 0 0 0 0 0 0 0 0 0 0 0 0 0 0 0 0 0 0 0 0
0 0 0 0 0 0 0 0 0 0 0 0 0 0 0 0 0 0 0 0 0 0 0
0 0 -4
0 0 -14
0 0 -20
0 -1 0
0 -1 -2
0 -1 -7
0 -1 -8
0 -1 -9
0 -1 -22
0 -2 -6
0 -2 -7
0 -2 -10
0 -3 0
0 -3 -1
0 -3 -2
0 -3 -10
0 -3 -12
0 -4 -4
0 -5 -1
0 -5 -9
0 -5 -16
0 -6 -16
0 -6 -17
0 -6 -21
0 -7 -1
0 -7 -15
0 -8 0
0 -8 -7
0 -8 -19
0 -9 -7
0 -9 -16
0 -9 -19
0 -10 -2
0 -10 -9
0 -10 -10
0 -10 -17
0 -10 -21
0 -10 -22
0 -11 0
0 -11 -3
0 -11 -5
0 -11 -15
0 -11 -18
0 -13 -3
0 -13 -9
0 -13 -16
0 -13 -22
0 -14 -4
0 -14 -8
0 -14 -11
0 -14 -22
0 -15 0
0 -15 -8
0 -15 -11
0 -15 -16
0 -16 -1
0 -16 -2
0 -16 -12
0 -16 -14
0 -17 -1
0 -17 -4
0 -17 -15
0 -17 -19
0 -18 -3
0 -18 -10
0 -18 -11
0 -18 -12
0 -18 -16
0 -18 -17
0 -18 -20
0 -19 -14
0 -19 -18
0 -20 0
0 -20 -4
0 -20 -6
0 -20 -17
0 -20 -20
0 -21 -3
0 -22 -6
1 0 -4
1 0 -14
1 0 -20
1 -1 0
1 -1 -2
1 -1 -7
1 -1 -8
1 -1 -9
1 -1 -22
1 -2 -6
1 -2 -7
1 -2 -10
1 -3 0
1 -3 -1
1 -3 -2
1 -3 -10
1 -3 -12
1 -4 -4
1 -5 -1
1 -5 -9
1 -5 -16
1 -6 -16
1 -6 -17
1 -6 -21
1 -7 -1
1 -7 -15
1 -8 0
1 -8 -7
1 -8 -19
1 -9 -7
1 -9 -16
1 -9 -19
1 -10 -2
1 -10 -9
1 -10 -10
1 -10 -17
1 -10 -21
1 -10 -22
1 -11 0
1 -11 -3
1 -11 -5
1 -11 -15
1 -11 -18
1 -13 -3
1 -13 -9
1 -13 -16
1 -13 -22
1 -14 -4
1 -14 -8
1 -14 -11
1 -14 -22
1 -15 0
1 -15 -8
1 -15 -11
1 -15 -16
1 -16 -1
1 -16 -2
1 -16 -12
1 -16 -14
1 -17 -1
1 -17 -4
1 -17 -15
1 -17 -19
1 -18 -3
1 -18 -10
1 -18 -11
1 -18 -12
1 -18 -16
1 -18 -17
1 -18 -20
1 -19 -14
1 -19 -18
1 -20 0
1 -20 -4
1 -20 -6
1 -20 -17
1 -20 -20
1 -21 -3
1 -22 -6
2 0 -4
2 0 -14
2 0 -20
2 -1 0
2 -1 -2
2 -1 -7
2 -1 -8
2 -1 -9
2 -1 -22
2 -2 -6
2 -2 -7
2 -2 -10
2 -3 0
2 -3 -1
2 -3 -2
2 -3 -10
2 -3 -12
2 -4 -4
2 -5 -1
2 -5 -9
2 -5 -16
2 -6 -16
2 -6 -17
2 -6 -21
2 -7 -1
2 -7 -15
2 -8 0
2 -8 -7
2 -8 -19
2 -9 -7
2 -9 -16
2 -9 -19
2 -10 -2
2 -10 -9
2 -10 -10
2 -10 -17
2 -10 -21
2 -10 -22
2 -11 0
2 -11 -3
2 -11 -5
2 -11 -15
2 -11 -18
2 -13 -3
2 -13 -9
2 -13 -16
2 -13 -22
2 -14 -4
2 -14 -8
2 -14 -11
2 -14 -22
2 -15 0
2 -15 -8
2 -15 -11
2 -15 -16
2 -16 -1
2 -16 -2
2 -16 -12
2 -16 -14
2 -17 -1
2 -17 -4
2 -17 -15
2 -17 -19
2 -18 -3
2 -18 -10
2 -18 -11
2 -18 -12
2 -18 -16
2 -18 -17
2 -18 -20
2 -19 -14
2 -19 -18
2 -20 0
2 -20 -4
2 -20 -6
2 -20 -17
2 -20 -20
2 -21 -3
2 -22 -6
3 0 -4
3 0 -14
3 0 -20
3 -1 0
3 -1 -2
3 -1 -7
3 -1 -8
3 -1 -9
3 -1 -22
3 -2 -6
3 -2 -7
3 -2 -10
3 -3 0
3 -3 -1
3 -3 -2
3 -3 -10
3 -3 -12
3 -4 -4
3 -5 -1
3 -5 -9
3 -5 -16
3 -6 -16
3 -6 -17
3 -6 -21
3 -7 -1
3 -7 -15
3 -8 0
3 -8 -7
3 -8 -19
3 -9 -7
3 -9 -16
3 -9 -19
3 -10 -2
3 -10 -9
3 -10 -10
3 -10 -17
3 -10 -21
3 -10 -22
3 -11 0
3 -11 -3
3 -11 -5
3 -11 -15
3 -11 -18
3 -13 -3
3 -13 -9
3 -13 -16
3 -13 -22
3 -14 -4
3 -14 -8
3 -14 -11
3 -14 -22
3 -15 0
3 -15 -8
3 -15 -11
3 -15 -16
3 -16 -1
3 -16 -2
3 -16 -12
3 -16 -14
3 -17 -1
3 -17 -4
3 -17 -15
3 -17 -19
3 -18 -3
3 -18 -10
3 -18 -11
3 -18 -12
3 -18 -16
3 -18 -17
3 -18 -20
3 -19 -14
3 -19 -18
3 -20 0
3 -20 -4
3 -20 -6
3 -20 -17
3 -20 -20
3 -21 -3
3 -22 -6
4 0 -4
4 0 -14
4 0 -20
4 -1 0
4 -1 -2
4 -1 -7
4 -1 -8
4 -1 -9
4 -1 -22
4 -2 -6
4 -2 -7
4 -2 -10
4 -3 0
4 -3 -1
4 -3 -2
4 -3 -10
4 -3 -12
4 -4 -4
4 -5 -1
4 -5 -9
4 -5 -16
4 -6 -16
4 -6 -17
4 -6 -21
4 -7 -1
4 -7 -15
4 -8 0
4 -8 -7
4 -8 -19
4 -9 -7
4 -9 -16
4 -9 -19
4 -10 -2
4 -10 -9
4 -10 -10
4 -10 -17
4 -10 -21
4 -10 -22
4 -11 0
4 -11 -3
4 -11 -5
4 -11 -15
4 -11 -18
4 -13 -3
4 -13 -9
4 -13 -16
4 -13 -22
4 -14 -4
4 -14 -8
4 -14 -11
4 -14 -22
4 -15 0
4 -15 -8
4 -15 -11
4 -15 -16
4 -16 -1
4 -16 -2
4 -16 -12
4 -16 -14
4 -17 -1
4 -17 -4
4 -17 -15
4 -17 -19
4 -18 -3
4 -18 -10
4 -18 -11
4 -18 -12
4 -18 -16
4 -18 -17
4 -18 -20
4 -19 -14
4 -19 -18
4 -20 0
4 -20 -4
4 -20 -6
4 -20 -17
4 -20 -20
4 -21 -3
4 -22 -6
5 0 -4
5 0 -14
5 0 -20
5 -1 0
5 -1 -2
5 -1 -7
5 -1 -8
5 -1 -9
5 -1 -22
5 -2 -6
5 -2 -7
5 -2 -10
5 -3 0
5 -3 -1
5 -3 -2
5 -3 -10
5 -3 -12
5 -4 -4
5 -5 -1
5 -5 -9
5 -5 -16
5 -6 -16
5 -6 -17
5 -6 -21
5 -7 -1
5 -7 -15
5 -8 0
5 -8 -7
5 -8 -19
5 -9 -7
5 -9 -16
5 -9 -19
5 -10 -2
5 -10 -9
5 -10 -10
5 -10 -17
5 -10 -21
5 -10 -22
5 -11 0
5 -11 -3
5 -11 -5
5 -11 -15
5 -11 -18
5 -13 -3
5 -13 -9
5 -13 -16
5 -13 -22
5 -14 -4
5 -14 -8
5 -14 -11
5 -14 -22
5 -15 0
5 -15 -8
5 -15 -11
5 -15 -16
5 -16 -1
5 -16 -2
5 -16 -12
5 -16 -14
5 -17 -1
5 -17 -4
5 -17 -15
5 -17 -19
5 -18 -3
5 -18 -10
5 -18 -11
5 -18 -12
5 -18 -16
5 -18 -17
5 -18 -20
5 -19 -14
5 -19 -18
5 -20 0
5 -20 -4
5 -20 -6
5 -20 -17
5 -20 -20
5 -21 -3
5 -22 -6
6 0 -4
6 0 -14
6 0 -20
6 -1 0
6 -1 -2
6 -1 -7
6 -1 -8
6 -1 -9
6 -1 -22
6 -2 -6
6 -2 -7
6 -2 -10
6 -3 0
6 -3 -1
6 -3 -2
6 -3 -10
6 -3 -12
6 -4 -4
6 -5 -1
6 -5 -9
6 -5 -16
6 -6 -16
6 -6 -17
6 -6 -21
6 -7 -1
6 -7 -15
6 -8 0
6 -8 -7
6 -8 -19
6 -9 -7
6 -9 -16
6 -9 -19
6 -10 -2
6 -10 -9
6 -10 -10
6 -10 -17
6 -10 -21
6 -10 -22
6 -11 0
6 -11 -3
6 -11 -5
6 -11 -15
6 -11 -18
6 -13 -3
6 -13 -9
6 -13 -16
6 -13 -22
6 -14 -4
6 -14 -8
6 -14 -11
6 -14 -22
6 -15 0
6 -15 -8
6 -15 -11
6 -15 -16
6 -16 -1
6 -16 -2
6 -16 -12
6 -16 -14
6 -17 -1
6 -17 -4
6 -17 -15
6 -17 -19
6 -18 -3
6 -18 -10
6 -18 -11
6 -18 -12
6 -18 -16
6 -18 -17
6 -18 -20
6 -19 -14
6 -19 -18
6 -20 0
6 -20 -4
6 -20 -6
6 -20 -17
6 -20 -20
6 -21 -3
6 -22 -6
7 0 -4
7 0 -14
7 0 -20
7 -1 0
7 -1 -2
7 -1 -7
7 -1 -8
7 -1 -9
7 -1 -22
7 -2 -6
7 -2 -7
7 -2 -10
7 -3 0
7 -3 -1
7 -3 -2
7 -3 -10
7 -3 -12
7 -4 -4
7 -5 -1
7 -5 -9
7 -5 -16
7 -6 -16
7 -6 -17
7 -6 -21
7 -7 -1
7 -7 -15
7 -8 0
7 -8 -7
7 -8 -19
7 -9 -7
7 -9 -16
7 -9 -19
7 -10 -2
7 -10 -9
7 -10 -10
7 -10 -17
7 -10 -21
7 -10 -22
7 -11 0
7 -11 -3
7 -11 -5
7 -11 -15
7 -11 -18
7 -13 -3
7 -13 -9
7 -13 -16
7 -13 -22
7 -14 -4
7 -14 -8
7 -14 -11
7 -14 -22
7 -15 0
7 -15 -8
7 -15 -11
7 -15 -16
7 -16 -1
7 -16 -2
7 -16 -12
7 -16 -14
7 -17 -1
7 -17 -4
7 -17 -15
7 -17 -19
7 -18 -3
7 -18 -10
7 -18 -11
7 -18 -12
7 -18 -16
7 -18 -17
7 -18 -20
7 -19 -14
7 -19 -18
7 -20 0
7 -20 -4
7 -20 -6
7 -20 -17
7 -20 -20
7 -21 -3
7 -22 -6
8 0 -4
8 0 -14
8 0 -20
8 -1 0
8 -1 -2
8 -1 -7
8 -1 -8
8 -1 -9
8 -1 -22
8 -2 -6
8 -2 -7
8 -2 -10
8 -3 0
8 -3 -1
8 -3 -2
8 -3 -10
8 -3 -12
8 -4 -4
8 -5 -1
8 -5 -9
8 -5 -16
8 -6 -16
8 -6 -17
8 -6 -21
8 -7 -1
8 -7 -15
8 -8 0
8 -8 -7
8 -8 -19
8 -9 -7
8 -9 -16
8 -9 -19
8 -10 -2
8 -10 -9
8 -10 -10
8 -10 -17
8 -10 -21
8 -10 -22
8 -11 0
8 -11 -3
8 -11 -5
8 -11 -15
8 -11 -18
8 -13 -3
8 -13 -9
8 -13 -16
8 -13 -22
8 -14 -4
8 -14 -8
8 -14 -11
8 -14 -22
8 -15 0
8 -15 -8
8 -15 -11
8 -15 -16
8 -16 -1
8 -16 -2
8 -16 -12
8 -16 -14
8 -17 -1
8 -17 -4
8 -17 -15
8 -17 -19
8 -18 -3
8 -18 -10
8 -18 -11
8 -18 -12
8 -18 -16
8 -18 -17
8 -18 -20
8 -19 -14
8 -19 -18
8 -20 0
8 -20 -4
8 -20 -6
8 -20 -17
8 -20 -20
8 -21 -3
8 -22 -6
9 0 -4
9 0 -14
9 0 -20
9 -1 0
9 -1 -2
9 -1 -7
9 -1 -8
9 -1 -9
9 -1 -22
9 -2 -6
9 -2 -7
9 -2 -10
9 -3 0
9 -3 -1
9 -3 -2
9 -3 -10
9 -3 -12
9 -4 -4
9 -5 -1
9 -5 -9
9 -5 -16
9 -6 -16
9 -6 -17
9 -6 -21
9 -7 -1
9 -7 -15
9 -8 0
9 -8 -7
9 -8 -19
9 -9 -7
9 -9 -16
9 -9 -19
9 -10 -2
9 -10 -9
9 -10 -10
9 -10 -17
9 -10 -21
9 -10 -22
9 -11 0
9 -11 -3
9 -11 -5
9 -11 -15
9 -11 -18
9 -13 -3
9 -13 -9
9 -13 -16
9 -13 -22
9 -14 -4
9 -14 -8
9 -14 -11
9 -14 -22
9 -15 0
9 -15 -8
9 -15 -11
9 -15 -16
9 -16 -1
9 -16 -2
9 -16 -12
9 -16 -14
9 -17 -1
9 -17 -4
9 -17 -15
9 -17 -19
9 -18 -3
9 -18 -10
9 -18 -11
9 -18 -12
9 -18 -16
9 -18 -17
9 -18 -20
9 -19 -14
9 -19 -18
9 -20 0
9 -20 -4
9 -20 -6
9 -20 -17
9 -20 -20
9 -21 -3
9 -22 -6
10 0 -4
10 0 -14
10 0 -20
10 -1 0
10 -1 -2
10 -1 -7
10 -1 -8
10 -1 -9
10 -1 -22
10 -2 -6
10 -2 -7
10 -2 -10
10 -3 0
10 -3 -1
10 -3 -2
10 -3 -10
10 -3 -12
10 -4 -4
10 -5 -1
10 -5 -9
10 -5 -16
10 -6 -16
10 -6 -17
10 -6 -21
10 -7 -1
10 -7 -15
10 -8 0
10 -8 -7
10 -8 -19
10 -9 -7
10 -9 -16
10 -9 -19
10 -10 -2
10 -10 -9
10 -10 -10
10 -10 -17
10 -10 -21
10 -10 -22
10 -11 0
10 -11 -3
10 -11 -5
10 -11 -15
10 -11 -18
10 -13 -3
10 -13 -9
10 -13 -16
10 -13 -22
10 -14 -4
10 -14 -8
10 -14 -11
10 -14 -22
10 -15 0
10 -15 -8
10 -15 -11
10 -15 -16
10 -16 -1
10 -16 -2
10 -16 -12
10 -16 -14
10 -17 -1
10 -17 -4
10 -17 -15
10 -17 -19
10 -18 -3
10 -18 -10
10 -18 -11
10 -18 -12
10 -18 -16
10 -18 -17
10 -18 -20
10 -19 -14
10 -19 -18
10 -20 0
10 -20 -4
10 -20 -6
10 -20 -17
10 -20 -20
10 -21 -3
10 -22 -6
11 0 -4
11 0 -14
11 0 -20
11 -1 0
11 -1 -2
11 -1 -7
11 -1 -8
11 -1 -9
11 -1 -22
11 -2 -6
11 -2 -7
11 -2 -10
11 -3 0
11 -3 -1
11 -3 -2
11 -3 -10
11 -3 -12
11 -4 -4
11 -5 -1
11 -5 -9
11 -5 -16
11 -6 -16
11 -6 -17
11 -6 -21
11 -7 -1
11 -7 -15
11 -8 0
11 -8 -7
11 -8 -19
11 -9 -7
11 -9 -16
11 -9 -19
11 -10 -2
11 -10 -9
11 -10 -10
11 -10 -17
11 -10 -21
11 -10 -22
11 -11 0
11 -11 -3
11 -11 -5
11 -11 -15
11 -11 -18
11 -13 -3
11 -13 -9
11 -13 -16
11 -13 -22
11 -14 -4
11 -14 -8
11 -14 -11
11 -14 -22
11 -15 0
11 -15 -8
11 -15 -11
11 -15 -16
11 -16 -1
11 -16 -2
11 -16 -12
11 -16 -14
11 -17 -1
11 -17 -4
11 -17 -15
11 -17 -19
11 -18 -3
11 -18 -10
11 -18 -11
11 -18 -12
11 -18 -16
11 -18 -17
11 -18 -20
11 -19 -14
11 -19 -18
11 -20 0
11 -20 -4
11 -20 -6
11 -20 -17
11 -20 -20
11 -21 -3
11 -22 -6
12 0 -4
12 0 -14
12 0 -20
12 -1 0
12 -1 -2
12 -1 -7
12 -1 -8
12 -1 -9
12 -1 -22
12 -2 -6
12 -2 -7
12 -2 -10
12 -3 0
12 -3 -1
12 -3 -2
12 -3 -10
12 -3 -12
12 -4 -4
12 -5 -1
12 -5 -9
12 -5 -16
12 -6 -16
12 -6 -17
12 -6 -21
12 -7 -1
12 -7 -15
12 -8 0
12 -8 -7
12 -8 -19
12 -9 -7
12 -9 -16
12 -9 -19
12 -10 -2
12 -10 -9
12 -10 -10
12 -10 -17
12 -10 -21
12 -10 -22
12 -11 0
12 -11 -3
12 -11 -5
12 -11 -15
12 -11 -18
12 -13 -3
12 -13 -9
12 -13 -16
12 -13 -22
12 -14 -4
12 -14 -8
12 -14 -11
12 -14 -22
12 -15 0
12 -15 -8
12 -15 -11
12 -15 -16
12 -16 -1
12 -16 -2
12 -16 -12
12 -16 -14
12 -17 -1
12 -17 -4
12 -17 -15
12 -17 -19
12 -18 -3
12 -18 -10
12 -18 -11
12 -18 -12
12 -18 -16
12 -18 -17
12 -18 -20
12 -19 -14
12 -19 -18
12 -20 0
12 -20 -4
12 -20 -6
12 -20 -17
12 -20 -20
12 -21 -3
12 -22 -6
13 0 -4
13 0 -14
13 0 -20
13 -1 0
13 -1 -2
13 -1 -7
13 -1 -8
13 -1 -9
13 -1 -22
13 -2 -6
13 -2 -7
13 -2 -10
13 -3 0
13 -3 -1
13 -3 -2
13 -3 -10
13 -3 -12
13 -4 -4
13 -5 -1
13 -5 -9
13 -5 -16
13 -6 -16
13 -6 -17
13 -6 -21
13 -7 -1
13 -7 -15
13 -8 0
13 -8 -7
13 -8 -19
13 -9 -7
13 -9 -16
13 -9 -19
13 -10 -2
13 -10 -9
13 -10 -10
13 -10 -17
13 -10 -21
13 -10 -22
13 -11 0
13 -11 -3
13 -11 -5
13 -11 -15
13 -11 -18
13 -13 -3
13 -13 -9
13 -13 -16
13 -13 -22
13 -14 -4
13 -14 -8
13 -14 -11
13 -14 -22
13 -15 0
13 -15 -8
13 -15 -11
13 -15 -16
13 -16 -1
13 -16 -2
13 -16 -12
13 -16 -14
13 -17 -1
13 -17 -4
13 -17 -15
13 -17 -19
13 -18 -3
13 -18 -10
13 -18 -11
13 -18 -12
13 -18 -16
13 -18 -17
13 -18 -20
13 -19 -14
13 -19 -18
13 -20 0
13 -20 -4
13 -20 -6
13 -20 -17
13 -20 -20
13 -21 -3
13 -22 -6
14 0 -4
14 0 -14
14 0 -20
14 -1 0
14 -1 -2
14 -1 -7
14 -1 -8
14 -1 -9
14 -1 -22
14 -2 -6
14 -2 -7
14 -2 -10
14 -3 0
14 -3 -1
14 -3 -2
14 -3 -10
14 -3 -12
14 -4 -4
14 -5 -1
14 -5 -9
14 -5 -16
14 -6 -16
14 -6 -17
14 -6 -21
14 -7 -1
14 -7 -15
14 -8 0
14 -8 -7
14 -8 -19
14 -9 -7
14 -9 -16
14 -9 -19
14 -10 -2
14 -10 -9
14 -10 -10
14 -10 -17
14 -10 -21
14 -10 -22
14 -11 0
14 -11 -3
14 -11 -5
14 -11 -15
14 -11 -18
14 -13 -3
14 -13 -9
14 -13 -16
14 -13 -22
14 -14 -4
14 -14 -8
14 -14 -11
14 -14 -22
14 -15 0
14 -15 -8
14 -15 -11
14 -15 -16
14 -16 -1
14 -16 -2
14 -16 -12
14 -16 -14
14 -17 -1
14 -17 -4
14 -17 -15
14 -17 -19
14 -18 -3
14 -18 -10
14 -18 -11
14 -18 -12
14 -18 -16
14 -18 -17
14 -18 -20
14 -19 -14
14 -19 -18
14 -20 0
14 -20 -4
14 -20 -6
14 -20 -17
14 -20 -20
14 -21 -3
14 -22 -6
15 0 -4
15 0 -14
15 0 -20
15 -1 0
15 -1 -2
15 -1 -7
15 -1 -8
15 -1 -9
15 -1 -22
15 -2 -6
15 -2 -7
15 -2 -10
15 -3 0
15 -3 -1
15 -3 -2
15 -3 -10
15 -3 -12
15 -4 -4
15 -5 -1
15 -5 -9
15 -5 -16
15 -6 -16
15 -6 -17
15 -6 -21
15 -7 -1
15 -7 -15
15 -8 0
15 -8 -7
15 -8 -19
15 -9 -7
15 -9 -16
15 -9 -19
15 -10 -2
15 -10 -9
15 -10 -10
15 -10 -17
15 -10 -21
15 -10 -22
15 -11 0
15 -11 -3
15 -11 -5
15 -11 -15
15 -11 -18
15 -13 -3
15 -13 -9
15 -13 -16
15 -13 -22
15 -14 -4
15 -14 -8
15 -14 -11
15 -14 -22
15 -15 0
15 -15 -8
15 -15 -11
15 -15 -16
15 -16 -1
15 -16 -2
15 -16 -12
15 -16 -14
15 -17 -1
15 -17 -4
15 -17 -15
15 -17 -19
15 -18 -3
15 -18 -10
15 -18 -11
15 -18 -12
15 -18 -16
15 -18 -17
15 -18 -20
15 -19 -14
15 -19 -18
15 -20 0
15 -20 -4
15 -20 -6
15 -20 -17
15 -20 -20
15 -21 -3
15 -22 -6
16 0 -4
16 0 -14
16 0 -20
16 -1 0
16 -1 -2
16 -1 -7
16 -1 -8
16 -1 -9
16 -1 -22
16 -2 -6
16 -2 -7
16 -2 -10
16 -3 0
16 -3 -1
16 -3 -2
16 -3 -10
16 -3 -12
16 -4 -4
16 -5 -1
16 -5 -9
16 -5 -16
16 -6 -16
16 -6 -17
16 -6 -21
16 -7 -1
16 -7 -15
16 -8 0
16 -8 -7
16 -8 -19
16 -9 -7
16 -9 -16
16 -9 -19
16 -10 -2
16 -10 -9
16 -10 -10
16 -10 -17
16 -10 -21
16 -10 -22
16 -11 0
16 -11 -3
16 -11 -5
16 -11 -15
16 -11 -18
16 -13 -3
16 -13 -9
16 -13 -16
16 -13 -22
16 -14 -4
16 -14 -8
16 -14 -11
16 -14 -22
16 -15 0
16 -15 -8
16 -15 -11
16 -15 -16
16 -16 -1
16 -16 -2
16 -16 -12
16 -16 -14
16 -17 -1
16 -17 -4
16 -17 -15
16 -17 -19
16 -18 -3
16 -18 -10
16 -18 -11
16 -18 -12
16 -18 -16
16 -18 -17
16 -18 -20
16 -19 -14
16 -19 -18
16 -20 0
16 -20 -4
16 -20 -6
16 -20 -17
16 -20 -20
16 -21 -3
16 -22 -6
17 0 -4
17 0 -14
17 0 -20
17 -1 0
17 -1 -2
17 -1 -7
17 -1 -8
17 -1 -9
17 -1 -22
17 -2 -6
17 -2 -7
17 -2 -10
17 -3 0
17 -3 -1
17 -3 -2
17 -3 -10
17 -3 -12
17 -4 -4
17 -5 -1
17 -5 -9
17 -5 -16
17 -6 -16
17 -6 -17
17 -6 -21
17 -7 -1
17 -7 -15
17 -8 0
17 -8 -7
17 -8 -19
17 -9 -7
17 -9 -16
17 -9 -19
17 -10 -2
17 -10 -9
17 -10 -10
17 -10 -17
17 -10 -21
17 -10 -22
17 -11 0
17 -11 -3
17 -11 -5
17 -11 -15
17 -11 -18
17 -13 -3
17 -13 -9
17 -13 -16
17 -13 -22
17 -14 -4
17 -14 -8
17 -14 -11
17 -14 -22
17 -15 0
17 -15 -8
17 -15 -11
17 -15 -16
17 -16 -1
17 -16 -2
17 -16 -12
17 -16 -14
17 -17 -1
17 -17 -4
17 -17 -15
17 -17 -19
17 -18 -3
17 -18 -10
17 -18 -11
17 -18 -12
17 -18 -16
17 -18 -17
17 -18 -20
17 -19 -14
17 -19 -18
17 -20 0
17 -20 -4
17 -20 -6
17 -20 -17
17 -20 -20
17 -21 -3
17 -22 -6
18 0 -4
18 0 -14
18 0 -20
18 -1 0
18 -1 -2
18 -1 -7
18 -1 -8
18 -1 -9
18 -1 -22
18 -2 -6
18 -2 -7
18 -2 -10
18 -3 0
18 -3 -1
18 -3 -2
18 -3 -10
18 -3 -12
18 -4 -4
18 -5 -1
18 -5 -9
18 -5 -16
18 -6 -16
18 -6 -17
18 -6 -21
18 -7 -1
18 -7 -15
18 -8 0
18 -8 -7
18 -8 -19
18 -9 -7
18 -9 -16
18 -9 -19
18 -10 -2
18 -10 -9
18 -10 -10
18 -10 -17
18 -10 -21
18 -10 -22
18 -11 0
18 -11 -3
18 -11 -5
18 -11 -15
18 -11 -18
18 -13 -3
18 -13 -9
18 -13 -16
18 -13 -22
18 -14 -4
18 -14 -8
18 -14 -11
18 -14 -22
18 -15 0
18 -15 -8
18 -15 -11
18 -15 -16
18 -16 -1
18 -16 -2
18 -16 -12
18 -16 -14
18 -17 -1
18 -17 -4
18 -17 -15
18 -17 -19
18 -18 -3
18 -18 -10
18 -18 -11
18 -18 -12
18 -18 -16
18 -18 -17
18 -18 -20
18 -19 -14
18 -19 -18
18 -20 0
18 -20 -4
18 -20 -6
18 -20 -17
18 -20 -20
18 -21 -3
18 -22 -6
19 0 -4
19 0 -14
19 0 -20
19 -1 0
19 -1 -2
19 -1 -7
19 -1 -8
19 -1 -9
19 -1 -22
19 -2 -6
19 -2 -7
19 -2 -10
19 -3 0
19 -3 -1
19 -3 -2
19 -3 -10
19 -3 -12
19 -4 -4
19 -5 -1
19 -5 -9
19 -5 -16
19 -6 -16
19 -6 -17
19 -6 -21
19 -7 -1
19 -7 -15
19 -8 0
19 -8 -7
19 -8 -19
19 -9 -7
19 -9 -16
19 -9 -19
19 -10 -2
19 -10 -9
19 -10 -10
19 -10 -17
19 -10 -21
19 -10 -22
19 -11 0
19 -11 -3
19 -11 -5
19 -11 -15
19 -11 -18
19 -13 -3
19 -13 -9
19 -13 -16
19 -13 -22
19 -14 -4
19 -14 -8
19 -14 -11
19 -14 -22
19 -15 0
19 -15 -8
19 -15 -11
19 -15 -16
19 -16 -1
19 -16 -2
19 -16 -12
19 -16 -14
19 -17 -1
19 -17 -4
19 -17 -15
19 -17 -19
19 -18 -3
19 -18 -10
19 -18 -11
19 -18 -12
19 -18 -16
19 -18 -17
19 -18 -20
19 -19 -14
19 -19 -18
19 -20 0
19 -20 -4
19 -20 -6
19 -20 -17
19 -20 -20
19 -21 -3
19 -22 -6
20 0 -4
20 0 -14
20 0 -20
20 -1 0
20 -1 -2
20 -1 -7
20 -1 -8
20 -1 -9
20 -1 -22
20 -2 -6
20 -2 -7
20 -2 -10
20 -3 0
20 -3 -1
20 -3 -2
20 -3 -10
20 -3 -12
20 -4 -4
20 -5 -1
20 -5 -9
20 -5 -16
20 -6 -16
20 -6 -17
20 -6 -21
20 -7 -1
20 -7 -15
20 -8 0
20 -8 -7
20 -8 -19
20 -9 -7
20 -9 -16
20 -9 -19
20 -10 -2
20 -10 -9
20 -10 -10
20 -10 -17
20 -10 -21
20 -10 -22
20 -11 0
20 -11 -3
20 -11 -5
20 -11 -15
20 -11 -18
20 -13 -3
20 -13 -9
20 -13 -16
20 -13 -22
20 -14 -4
20 -14 -8
20 -14 -11
20 -14 -22
20 -15 0
20 -15 -8
20 -15 -11
20 -15 -16
20 -16 -1
20 -16 -2
20 -16 -12
20 -16 -14
20 -17 -1
20 -17 -4
20 -17 -15
20 -17 -19
20 -18 -3
20 -18 -10
20 -18 -11
20 -18 -12
20 -18 -16
20 -18 -17
20 -18 -20
20 -19 -14
20 -19 -18
20 -20 0
20 -20 -4
20 -20 -6
20 -20 -17
20 -20 -20
20 -21 -3
20 -22 -6
21 0 -4
21 0 -14
21 0 -20
21 -1 0
21 -1 -2
21 -1 -7
21 -1 -8
21 -1 -9
21 -1 -22
21 -2 -6
21 -2 -7
21 -2 -10
21 -3 0
21 -3 -1
21 -3 -2
21 -3 -10
21 -3 -12
21 -4 -4
21 -5 -1
21 -5 -9
21 -5 -16
21 -6 -16
21 -6 -17
21 -6 -21
21 -7 -1
21 -7 -15
21 -8 0
21 -8 -7
21 -8 -19
21 -9 -7
21 -9 -16
21 -9 -19
21 -10 -2
21 -10 -9
21 -10 -10
21 -10 -17
21 -10 -21
21 -10 -22
21 -11 0
21 -11 -3
21 -11 -5
21 -11 -15
21 -11 -18
21 -13 -3
21 -13 -9
21 -13 -16
21 -13 -22
21 -14 -4
21 -14 -8
21 -14 -11
21 -14 -22
21 -15 0
21 -15 -8
21 -15 -11
21 -15 -16
21 -16 -1
21 -16 -2
21 -16 -12
21 -16 -14
21 -17 -1
21 -17 -4
21 -17 -15
21 -17 -19
21 -18 -3
21 -18 -10
21 -18 -11
21 -18 -12
21 -18 -16
21 -18 -17
21 -18 -20
21 -19 -14
21 -19 -18
21 -20 0
21 -20 -4
21 -20 -6
21 -20 -17
21 -20 -20
21 -21 -3
21 -22 -6
22 0 -4
22 0 -14
22 0 -20
22 -1 0
22 -1 -2
22 -1 -7
22 -1 -8
22 -1 -9
22 -1 -22
22 -2 -6
22 -2 -7
22 -2 -10
22 -3 0
22 -3 -1
22 -3 -2
22 -3 -10
22 -3 -12
22 -4 -4
22 -5 -1
22 -5 -9
22 -5 -16
22 -6 -16
22 -6 -17
22 -6 -21
22 -7 -1
22 -7 -15
22 -8 0
22 -8 -7
22 -8 -19
22 -9 -7
22 -9 -16
22 -9 -19
22 -10 -2
22 -10 -9
22 -10 -10
22 -10 -17
22 -10 -21
22 -10 -22
22 -11 0
22 -11 -3
22 -11 -5
22 -11 -15
22 -11 -18
22 -13 -3
22 -13 -9
22 -13 -16
22 -13 -22
22 -14 -4
22 -14 -8
22 -14 -11
22 -14 -22
22 -15 0
22 -15 -8
22 -15 -11
22 -15 -16
22 -16 -1
22 -16 -2
22 -16 -12
22 -16 -14
22 -17 -1
22 -17 -4
22 -17 -15
22 -17 -19
22 -18 -3
22 -18 -10
22 -18 -11
22 -18 -12
22 -18 -16
22 -18 -17
22 -18 -20
22 -19 -14
22 -19 -18
22 -20 0
22 -20 -4
22 -20 -6
22 -20 -17
22 -20 -20
22 -21 -3
22 -22 -6
23 0 -4
23 0 -14
23 0 -20
23 -1 0
23 -1 -2
23 -1 -7
23 -1 -8
23 -1 -9
23 -1 -22
23 -2 -6
23 -2 -7
23 -2 -10
23 -3 0
23 -3 -1
23 -3 -2
23 -3 -10
23 -3 -12
23 -4 -4
23 -5 -1
23 -5 -9
23 -5 -16
23 -6 -16
23 -6 -17
23 -6 -21
23 -7 -1
23 -7 -15
23 -8 0
23 -8 -7
23 -8 -19
23 -9 -7
23 -9 -16
23 -9 -19
23 -10 -2
23 -10 -9
23 -10 -10
23 -10 -17
23 -10 -21
23 -10 -22
23 -11 0
23 -11 -3
23 -11 -5
23 -11 -15
23 -11 -18
23 -13 -3
23 -13 -9
23 -13 -16
23 -13 -22
23 -14 -4
23 -14 -8
23 -14 -11
23 -14 -22
23 -15 0
23 -15 -8
23 -15 -11
23 -15 -16
23 -16 -1
23 -16 -2
23 -16 -12
23 -16 -14
23 -17 -1
23 -17 -4
23 -17 -15
23 -17 -19
23 -18 -3
23 -18 -10
23 -18 -11
23 -18 -12
23 -18 -16
23 -18 -17
23 -18 -20
23 -19 -14
23 -19 -18
23 -20 0
23 -20 -4
23 -20 -6
23 -20 -17
23 -20 -20
23 -21 -3
23 -22 -6
24 0 -4
24 0 -14
24 0 -20
24 -1 0
24 -1 -2
24 -1 -7
24 -1 -8
24 -1 -9
24 -1 -22
24 -2 -6
24 -2 -7
24 -2 -10
24 -3 0
24 -3 -1
24 -3 -2
24 -3 -10
24 -3 -12
24 -4 -4
24 -5 -1
24 -5 -9
24 -5 -16
24 -6 -16
24 -6 -17
24 -6 -21
24 -7 -1
24 -7 -15
24 -8 0
24 -8 -7
24 -8 -19
24 -9 -7
24 -9 -16
24 -9 -19
24 -10 -2
24 -10 -9
24 -10 -10
24 -10 -17
24 -10 -21
24 -10 -22
24 -11 0
24 -11 -3
24 -11 -5
24 -11 -15
24 -11 -18
24 -13 -3
24 -13 -9
24 -13 -16
24 -13 -22
24 -14 -4
24 -14 -8
24 -14 -11
24 -14 -22
24 -15 0
24 -15 -8
24 -15 -11
24 -15 -16
24 -16 -1
24 -16 -2
24 -16 -12
24 -16 -14
24 -17 -1
24 -17 -4
24 -17 -15
24 -17 -19
24 -18 -3
24 -18 -10
24 -18 -11
24 -18 -12
24 -18 -16
24 -18 -17
24 -18 -20
24 -19 -14
24 -19 -18
24 -20 0
24 -20 -4
24 -20 -6
24 -20 -17
24 -20 -20
24 -21 -3
24 -22 -6
25 0 -4
25 0 -14
25 0 -20
25 -1 0
25 -1 -2
25 -1 -7
25 -1 -8
25 -1 -9
25 -1 -22
25 -2 -6
25 -2 -7
25 -2 -10
25 -3 0
25 -3 -1
25 -3 -2
25 -3 -10
25 -3 -12
25 -4 -4
25 -5 -1
25 -5 -9
25 -5 -16
25 -6 -16
25 -6 -17
25 -6 -21
25 -7 -1
25 -7 -15
25 -8 0
25 -8 -7
25 -8 -19
25 -9 -7
25 -9 -16
25 -9 -19
25 -10 -2
25 -10 -9
25 -10 -10
25 -10 -17
25 -10 -21
25 -10 -22
25 -11 0
25 -11 -3
25 -11 -5
25 -11 -15
25 -11 -18
25 -13 -3
25 -13 -9
25 -13 -16
25 -13 -22
25 -14 -4
25 -14 -8
25 -14 -11
25 -14 -22
25 -15 0
25 -15 -8
25 -15 -11
25 -15 -16
25 -16 -1
25 -16 -2
25 -16 -12
25 -16 -14
25 -17 -1
25 -17 -4
25 -17 -15
25 -17 -19
25 -18 -3
25 -18 -10
25 -18 -11
25 -18 -12
25 -18 -16
25 -18 -17
25 -18 -20
25 -19 -14
25 -19 -18
25 -20 0
25 -20 -4
25 -20 -6
25 -20 -17
25 -20 -20
25 -21 -3
25 -22 -6
26 0 -4
26 0 -14
26 0 -20
26 -1 0
26 -1 -2
26 -1 -7
26 -1 -8
26 -1 -9
26 -1 -22
26 -2 -6
26 -2 -7
26 -2 -10
26 -3 0
26 -3 -1
26 -3 -2
26 -3 -10
26 -3 -12
26 -4 -4
26 -5 -1
26 -5 -9
26 -5 -16
26 -6 -16
26 -6 -17
26 -6 -21
26 -7 -1
26 -7 -15
26 -8 0
26 -8 -7
26 -8 -19
26 -9 -7
26 -9 -16
26 -9 -19
26 -10 -2
26 -10 -9
26 -10 -10
26 -10 -17
26 -10 -21
26 -10 -22
26 -11 0
26 -11 -3
26 -11 -5
26 -11 -15
26 -11 -18
26 -13 -3
26 -13 -9
26 -13 -16
26 -13 -22
26 -14 -4
26 -14 -8
26 -14 -11
26 -14 -22
26 -15 0
26 -15 -8
26 -15 -11
26 -15 -16
26 -16 -1
26 -16 -2
26 -16 -12
26 -16 -14
26 -17 -1
26 -17 -4
26 -17 -15
26 -17 -19
26 -18 -3
26 -18 -10
26 -18 -11
26 -18 -12
26 -18 -16
26 -18 -17
26 -18 -20
26 -19 -14
26 -19 -18
26 -20 0
26 -20 -4
26 -20 -6
26 -20 -17
26 -20 -20
26 -21 -3
26 -22 -6
27 0 -4
27 0 -14
27 0 -20
27 -1 0
27 -1 -2
27 -1 -7
27 -1 -8
27 -1 -9
27 -1 -22
27 -2 -6
27 -2 -7
27 -2 -10
27 -3 0
27 -3 -1
27 -3 -2
27 -3 -10
27 -3 -12
27 -4 -4
27 -5 -1
27 -5 -9
27 -5 -16
27 -6 -16
27 -6 -17
27 -6 -21
27 -7 -1
27 -7 -15
27 -8 0
27 -8 -7
27 -8 -19
27 -9 -7
27 -9 -16
27 -9 -19
27 -10 -2
27 -10 -9
27 -10 -10
27 -10 -17
27 -10 -21
27 -10 -22
27 -11 0
27 -11 -3
27 -11 -5
27 -11 -15
27 -11 -18
27 -13 -3
27 -13 -9
27 -13 -16
27 -13 -22
27 -14 -4
27 -14 -8
27 -14 -11
27 -14 -22
27 -15 0
27 -15 -8
27 -15 -11
27 -15 -16
27 -16 -1
27 -16 -2
27 -16 -12
27 -16 -14
27 -17 -1
27 -17 -4
27 -17 -15
27 -17 -19
27 -18 -3
27 -18 -10
27 -18 -11
27 -18 -12
27 -18 -16
27 -18 -17
27 -18 -20
27 -19 -14
27 -19 -18
27 -20 0
27 -20 -4
27 -20 -6
27 -20 -17
27 -20 -20
27 -21 -3
27 -22 -6
28 0 -4
28 0 -14
28 0 -20
28 -1 0
28 -1 -2
28 -1 -7
28 -1 -8
28 -1 -9
28 -1 -22
28 -2 -6
28 -2 -7
28 -2 -10
28 -3 0
28 -3 -1
28 -3 -2
28 -3 -10
28 -3 -12
28 -4 -4
28 -5 -1
28 -5 -9
28 -5 -16
28 -6 -16
28 -6 -17
28 -6 -21
28 -7 -1
28 -7 -15
28 -8 0
28 -8 -7
28 -8 -19
28 -9 -7
28 -9 -16
28 -9 -19
28 -10 -2
28 -10 -9
28 -10 -10
28 -10 -17
28 -10 -21
28 -10 -22
28 -11 0
28 -11 -3
28 -11 -5
28 -11 -15
28 -11 -18
28 -13 -3
28 -13 -9
28 -13 -16
28 -13 -22
28 -14 -4
28 -14 -8
28 -14 -11
28 -14 -22
28 -15 0
28 -15 -8
28 -15 -11
28 -15 -16
28 -16 -1
28 -16 -2
28 -16 -12
28 -16 -14
28 -17 -1
28 -17 -4
28 -17 -15
28 -17 -19
28 -18 -3
28 -18 -10
28 -18 -11
28 -18 -12
28 -18 -16
28 -18 -17
28 -18 -20
28 -19 -14
28 -19 -18
28 -20 0
28 -20 -4
28 -20 -6
28 -20 -17
28 -20 -20
28 -21 -3
28 -22 -6
29 0 -4
29 0 -14
29 0 -20
29 -1 0
29 -1 -2
29 -1 -7
29 -1 -8
29 -1 -9
29 -1 -22
29 -2 -6
29 -2 -7
29 -2 -10
29 -3 0
29 -3 -1
29 -3 -2
29 -3 -10
29 -3 -12
29 -4 -4
29 -5 -1
29 -5 -9
29 -5 -16
29 -6 -16
29 -6 -17
29 -6 -21
29 -7 -1
29 -7 -15
29 -8 0
29 -8 -7
29 -8 -19
29 -9 -7
29 -9 -16
29 -9 -19
29 -10 -2
29 -10 -9
29 -10 -10
29 -10 -17
29 -10 -21
29 -10 -22
29 -11 0
29 -11 -3
29 -11 -5
29 -11 -15
29 -11 -18
29 -13 -3
29 -13 -9
29 -13 -16
29 -13 -22
29 -14 -4
29 -14 -8
29 -14 -11
29 -14 -22
29 -15 0
29 -15 -8
29 -15 -11
29 -15 -16
29 -16 -1
29 -16 -2
29 -16 -12
29 -16 -14
29 -17 -1
29 -17 -4
29 -17 -15
29 -17 -19
29 -18 -3
29 -18 -10
29 -18 -11
29 -18 -12
29 -18 -16
29 -18 -17
29 -18 -20
29 -19 -14
29 -19 -18
29 -20 0
29 -20 -4
29 -20 -6
29 -20 -17
29 -20 -20
29 -21 -3
29 -22 -6
30 0 -4
30 0 -14
30 0 -20
30 -1 0
30 -1 -2
30 -1 -7
30 -1 -8
30 -1 -9
30 -1 -22
30 -2 -6
30 -2 -7
30 -2 -10
30 -3 0
30 -3 -1
30 -3 -2
30 -3 -10
30 -3 -12
30 -4 -4
30 -5 -1
30 -5 -9
30 -5 -16
30 -6 -16
30 -6 -17
30 -6 -21
30 -7 -1
30 -7 -15
30 -8 0
30 -8 -7
30 -8 -19
30 -9 -7
30 -9 -16
30 -9 -19
30 -10 -2
30 -10 -9
30 -10 -10
30 -10 -17
30 -10 -21
30 -10 -22
30 -11 0
30 -11 -3
30 -11 -5
30 -11 -15
30 -11 -18
30 -13 -3
30 -13 -9
30 -13 -16
30 -13 -22
30 -14 -4
30 -14 -8
30 -14 -11
30 -14 -22
30 -15 0
30 -15 -8
30 -15 -11
30 -15 -16
30 -16 -1
30 -16 -2
30 -16 -12
30 -16 -14
30 -17 -1
30 -17 -4
30 -17 -15
30 -17 -19
30 -18 -3
30 -18 -10
30 -18 -11
30 -18 -12
30 -18 -16
30 -18 -17
30 -18 -20
30 -19 -14
30 -19 -18
30 -20 0
30 -20 -4
30 -20 -6
30 -20 -17
30 -20 -20
30 -21 -3
30 -22 -6
31 0 -4
31 0 -14
31 0 -20
31 -1 0
31 -1 -2
31 -1 -7
31 -1 -8
31 -1 -9
31 -1 -22
31 -2 -6
31 -2 -7
31 -2 -10
31 -3 0
31 -3 -1
31 -3 -2
31 -3 -10
31 -3 -12
31 -4 -4
31 -5 -1
31 -5 -9
31 -5 -16
31 -6 -16
31 -6 -17
31 -6 -21
31 -7 -1
31 -7 -15
31 -8 0
31 -8 -7
31 -8 -19
31 -9 -7
31 -9 -16
31 -9 -19
31 -10 -2
31 -10 -9
31 -10 -10
31 -10 -17
31 -10 -21
31 -10 -22
31 -11 0
31 -11 -3
31 -11 -5
31 -11 -15
31 -11 -18
31 -13 -3
31 -13 -9
31 -13 -16
31 -13 -22
31 -14 -4
31 -14 -8
31 -14 -11
31 -14 -22
31 -15 0
31 -15 -8
31 -15 -11
31 -15 -16
31 -16 -1
31 -16 -2
31 -16 -12
31 -16 -14
31 -17 -1
31 -17 -4
31 -17 -15
31 -17 -19
31 -18 -3
31 -18 -10
31 -18 -11
31 -18 -12
31 -18 -16
31 -18 -17
31 -18 -20
31 -19 -14
31 -19 -18
31 -20 0
31 -20 -4
31 -20 -6
31 -20 -17
31 -20 -20
31 -21 -3
31 -22 -6
32 0 -4
32 0 -14
32 0 -20
32 -1 0
32 -1 -2
32 -1 -7
32 -1 -8
32 -1 -9
32 -1 -22
32 -2 -6
32 -2 -7
32 -2 -10
32 -3 0
32 -3 -1
32 -3 -2
32 -3 -10
32 -3 -12
32 -4 -4
32 -5 -1
32 -5 -9
32 -5 -16
32 -6 -16
32 -6 -17
32 -6 -21
32 -7 -1
32 -7 -15
32 -8 0
32 -8 -7
32 -8 -19
32 -9 -7
32 -9 -16
32 -9 -19
32 -10 -2
32 -10 -9
32 -10 -10
32 -10 -17
32 -10 -21
32 -10 -22
32 -11 0
32 -11 -3
32 -11 -5
32 -11 -15
32 -11 -18
32 -13 -3
32 -13 -9
32 -13 -16
32 -13 -22
32 -14 -4
32 -14 -8
32 -14 -11
32 -14 -22
32 -15 0
32 -15 -8
32 -15 -11
32 -15 -16
32 -16 -1
32 -16 -2
32 -16 -12
32 -16 -14
32 -17 -1
32 -17 -4
32 -17 -15
32 -17 -19
32 -18 -3
32 -18 -10
32 -18 -11
32 -18 -12
32 -18 -16
32 -18 -17
32 -18 -20
32 -19 -14
32 -19 -18
32 -20 0
32 -20 -4
32 -20 -6
32 -20 -17
32 -20 -20
32 -21 -3
32 -22 -6
33 0 -4
33 0 -14
33 0 -20
33 -1 0
33 -1 -2
33 -1 -7
33 -1 -8
33 -1 -9
33 -1 -22
33 -2 -6
33 -2 -7
33 -2 -10
33 -3 0
33 -3 -1
33 -3 -2
33 -3 -10
33 -3 -12
33 -4 -4
33 -5 -1
33 -5 -9
33 -5 -16
33 -6 -16
33 -6 -17
33 -6 -21
33 -7 -1
33 -7 -15
33 -8 0
33 -8 -7
33 -8 -19
33 -9 -7
33 -9 -16
33 -9 -19
33 -10 -2
33 -10 -9
33 -10 -10
33 -10 -17
33 -10 -21
33 -10 -22
33 -11 0
33 -11 -3
33 -11 -5
33 -11 -15
33 -11 -18
33 -13 -3
33 -13 -9
33 -13 -16
33 -13 -22
33 -14 -4
33 -14 -8
33 -14 -11
33 -14 -22
33 -15 0
33 -15 -8
33 -15 -11
33 -15 -16
33 -16 -1
33 -16 -2
33 -16 -12
33 -16 -14
33 -17 -1
33 -17 -4
33 -17 -15
33 -17 -19
33 -18 -3
33 -18 -10
33 -18 -11
33 -18 -12
33 -18 -16
33 -18 -17
33 -18 -20
33 -19 -14
33 -19 -18
33 -20 0
33 -20 -4
33 -20 -6
33 -20 -17
33 -20 -20
33 -21 -3
33 -22 -6
34 0 -4
34 0 -14
34 0 -20
34 -1 0
34 -1 -2
34 -1 -7
34 -1 -8
34 -1 -9
34 -1 -22
34 -2 -6
34 -2 -7
34 -2 -10
34 -3 0
34 -3 -1
34 -3 -2
34 -3 -10
34 -3 -12
34 -4 -4
34 -5 -1
34 -5 -9
34 -5 -16
34 -6 -16
34 -6 -17
34 -6 -21
34 -7 -1
34 -7 -15
34 -8 0
34 -8 -7
34 -8 -19
34 -9 -7
34 -9 -16
34 -9 -19
34 -10 -2
34 -10 -9
34 -10 -10
34 -10 -17
34 -10 -21
34 -10 -22
34 -11 0
34 -11 -3
34 -11 -5
34 -11 -15
34 -11 -18
34 -13 -3
34 -13 -9
34 -13 -16
34 -13 -22
34 -14 -4
34 -14 -8
34 -14 -11
34 -14 -22
34 -15 0
34 -15 -8
34 -15 -11
34 -15 -16
34 -16 -1
34 -16 -2
34 -16 -12
34 -16 -14
34 -17 -1
34 -17 -4
34 -17 -15
34 -17 -19
34 -18 -3
34 -18 -10
34 -18 -11
34 -18 -12
34 -18 -16
34 -18 -17
34 -18 -20
34 -19 -14
34 -19 -18
34 -20 0
34 -20 -4
34 -20 -6
34 -20 -17
34 -20 -20
34 -21 -3
34 -22 -6
35 0 -4
35 0 -14
35 0 -20
35 -1 0
35 -1 -2
35 -1 -7
35 -1 -8
35 -1 -9
35 -1 -22
35 -2 -6
35 -2 -7
35 -2 -10
35 -3 0
35 -3 -1
35 -3 -2
35 -3 -10
35 -3 -12
35 -4 -4
35 -5 -1
35 -5 -9
35 -5 -16
35 -6 -16
35 -6 -17
35 -6 -21
35 -7 -1
35 -7 -15
35 -8 0
35 -8 -7
35 -8 -19
35 -9 -7
35 -9 -16
35 -9 -19
35 -10 -2
35 -10 -9
35 -10 -10
35 -10 -17
35 -10 -21
35 -10 -22
35 -11 0
35 -11 -3
35 -11 -5
35 -11 -15
35 -11 -18
35 -13 -3
35 -13 -9
35 -13 -16
35 -13 -22
35 -14 -4
35 -14 -8
35 -14 -11
35 -14 -22
35 -15 0
35 -15 -8
35 -15 -11
35 -15 -16
35 -16 -1
35 -16 -2
35 -16 -12
35 -16 -14
35 -17 -1
35 -17 -4
35 -17 -15
35 -17 -19
35 -18 -3
35 -18 -10
35 -18 -11
35 -18 -12
35 -18 -16
35 -18 -17
35 -18 -20
35 -19 -14
35 -19 -18
35 -20 0
35 -20 -4
35 -20 -6
35 -20 -17
35 -20 -20
35 -21 -3
35 -22 -6
36 0 -4
36 0 -14
36 0 -20
36 -1 0
36 -1 -2
36 -1 -7
36 -1 -8
36 -1 -9
36 -1 -22
36 -2 -6
36 -2 -7
36 -2 -10
36 -3 0
36 -3 -1
36 -3 -2
36 -3 -10
36 -3 -12
36 -4 -4
36 -5 -1
36 -5 -9
36 -5 -16
36 -6 -16
36 -6 -17
36 -6 -21
36 -7 -1
36 -7 -15
36 -8 0
36 -8 -7
36 -8 -19
36 -9 -7
36 -9 -16
36 -9 -19
36 -10 -2
36 -10 -9
36 -10 -10
36 -10 -17
36 -10 -21
36 -10 -22
36 -11 0
36 -11 -3
36 -11 -5
36 -11 -15
36 -11 -18
36 -13 -3
36 -13 -9
36 -13 -16
36 -13 -22
36 -14 -4
36 -14 -8
36 -14 -11
36 -14 -22
36 -15 0
36 -15 -8
36 -15 -11
36 -15 -16
36 -16 -1
36 -16 -2
36 -16 -12
36 -16 -14
36 -17 -1
36 -17 -4
36 -17 -15
36 -17 -19
36 -18 -3
36 -18 -10
36 -18 -11
36 -18 -12
36 -18 -16
36 -18 -17
36 -18 -20
36 -19 -14
36 -19 -18
36 -20 0
36 -20 -4
36 -20 -6
36 -20 -17
36 -20 -20
36 -21 -3
36 -22 -6
37 0 -4
37 0 -14
37 0 -20
37 -1 0
37 -1 -2
37 -1 -7
37 -1 -8
37 -1 -9
37 -1 -22
37 -2 -6
37 -2 -7
37 -2 -10
37 -3 0
37 -3 -1
37 -3 -2
37 -3 -10
37 -3 -12
37 -4 -4
37 -5 -1
37 -5 -9
37 -5 -16
37 -6 -16
37 -6 -17
37 -6 -21
37 -7 -1
37 -7 -15
37 -8 0
37 -8 -7
37 -8 -19
37 -9 -7
37 -9 -16
37 -9 -19
37 -10 -2
37 -10 -9
37 -10 -10
37 -10 -17
37 -10 -21
37 -10 -22
37 -11 0
37 -11 -3
37 -11 -5
37 -11 -15
37 -11 -18
37 -13 -3
37 -13 -9
37 -13 -16
37 -13 -22
37 -14 -4
37 -14 -8
37 -14 -11
37 -14 -22
37 -15 0
37 -15 -8
37 -15 -11
37 -15 -16
37 -16 -1
37 -16 -2
37 -16 -12
37 -16 -14
37 -17 -1
37 -17 -4
37 -17 -15
37 -17 -19
37 -18 -3
37 -18 -10
37 -18 -11
37 -18 -12
37 -18 -16
37 -18 -17
37 -18 -20
37 -19 -14
37 -19 -18
37 -20 0
37 -20 -4
37 -20 -6
37 -20 -17
37 -20 -20
37 -21 -3
37 -22 -6
38 0 -4
38 0 -14
38 0 -20
38 -1 0
38 -1 -2
38 -1 -7
38 -1 -8
38 -1 -9
38 -1 -22
38 -2 -6
38 -2 -7
38 -2 -10
38 -3 0
38 -3 -1
38 -3 -2
38 -3 -10
38 -3 -12
38 -4 -4
38 -5 -1
38 -5 -9
38 -5 -16
38 -6 -16
38 -6 -17
38 -6 -21
38 -7 -1
38 -7 -15
38 -8 0
38 -8 -7
38 -8 -19
38 -9 -7
38 -9 -16
38 -9 -19
38 -10 -2
38 -10 -9
38 -10 -10
38 -10 -17
38 -10 -21
38 -10 -22
38 -11 0
38 -11 -3
38 -11 -5
38 -11 -15
38 -11 -18
38 -13 -3
38 -13 -9
38 -13 -16
38 -13 -22
38 -14 -4
38 -14 -8
38 -14 -11
38 -14 -22
38 -15 0
38 -15 -8
38 -15 -11
38 -15 -16
38 -16 -1
38 -16 -2
38 -16 -12
38 -16 -14
38 -17 -1
38 -17 -4
38 -17 -15
38 -17 -19
38 -18 -3
38 -18 -10
38 -18 -11
38 -18 -12
38 -18 -16
38 -18 -17
38 -18 -20
38 -19 -14
38 -19 -18
38 -20 0
38 -20 -4
38 -20 -6
38 -20 -17
38 -20 -20
38 -21 -3
38 -22 -6
39 0 -4
39 0 -14
39 0 -20
39 -1 0
39 -1 -2
39 -1 -7
39 -1 -8
39 -1 -9
39 -1 -22
39 -2 -6
39 -2 -7
39 -2 -10
39 -3 0
39 -3 -1
39 -3 -2
39 -3 -10
39 -3 -12
39 -4 -4
39 -5 -1
39 -5 -9
39 -5 -16
39 -6 -16
39 -6 -17
39 -6 -21
39 -7 -1
39 -7 -15
39 -8 0
39 -8 -7
39 -8 -19
39 -9 -7
39 -9 -16
39 -9 -19
39 -10 -2
39 -10 -9
39 -10 -10
39 -10 -17
39 -10 -21
39 -10 -22
39 -11 0
39 -11 -3
39 -11 -5
39 -11 -15
39 -11 -18
39 -13 -3
39 -13 -9
39 -13 -16
39 -13 -22
39 -14 -4
39 -14 -8
39 -14 -11
39 -14 -22
39 -15 0
39 -15 -8
39 -15 -11
39 -15 -16
39 -16 -1
39 -16 -2
39 -16 -12
39 -16 -14
39 -17 -1
39 -17 -4
39 -17 -15
39 -17 -19
39 -18 -3
39 -18 -10
39 -18 -11
39 -18 -12
39 -18 -16
39 -18 -17
39 -18 -20
39 -19 -14
39 -19 -18
39 -20 0
39 -20 -4
39 -20 -6
39 -20 -17
39 -20 -20
39 -21 -3
39 -22 -6
40 0 -4
40 0 -14
40 0 -20
40 -1 0
40 -1 -2
40 -1 -7
40 -1 -8
40 -1 -9
40 -1 -22
40 -2 -6
40 -2 -7
40 -2 -10
40 -3 0
40 -3 -1
40 -3 -2
40 -3 -10
40 -3 -12
40 -4 -4
40 -5 -1
40 -5 -9
40 -5 -16
40 -6 -16
40 -6 -17
40 -6 -21
40 -7 -1
40 -7 -15
40 -8 0
40 -8 -7
40 -8 -19
40 -9 -7
40 -9 -16
40 -9 -19
40 -10 -2
40 -10 -9
40 -10 -10
40 -10 -17
40 -10 -21
40 -10 -22
40 -11 0
40 -11 -3
40 -11 -5
40 -11 -15
40 -11 -18
40 -13 -3
40 -13 -9
40 -13 -16
40 -13 -22
40 -14 -4
40 -14 -8
40 -14 -11
40 -14 -22
40 -15 0
40 -15 -8
40 -15 -11
40 -15 -16
40 -16 -1
40 -16 -2
40 -16 -12
40 -16 -14
40 -17 -1
40 -17 -4
40 -17 -15
40 -17 -19
40 -18 -3
40 -18 -10
40 -18 -11
40 -18 -12
40 -18 -16
40 -18 -17
40 -18 -20
40 -19 -14
40 -19 -18
40 -20 0
40 -20 -4
40 -20 -6
40 -20 -17
40 -20 -20
40 -21 -3
40 -22 -6
41 0 -4
41 0 -14
41 0 -20
41 -1 0
41 -1 -2
41 -1 -7
41 -1 -8
41 -1 -9
41 -1 -22
41 -2 -6
41 -2 -7
41 -2 -10
41 -3 0
41 -3 -1
41 -3 -2
41 -3 -10
41 -3 -12
41 -4 -4
41 -5 -1
41 -5 -9
41 -5 -16
41 -6 -16
41 -6 -17
41 -6 -21
41 -7 -1
41 -7 -15
41 -8 0
41 -8 -7
41 -8 -19
41 -9 -7
41 -9 -16
41 -9 -19
41 -10 -2
41 -10 -9
41 -10 -10
41 -10 -17
41 -10 -21
41 -10 -22
41 -11 0
41 -11 -3
41 -11 -5
41 -11 -15
41 -11 -18
41 -13 -3
41 -13 -9
41 -13 -16
41 -13 -22
41 -14 -4
41 -14 -8
41 -14 -11
41 -14 -22
41 -15 0
41 -15 -8
41 -15 -11
41 -15 -16
41 -16 -1
41 -16 -2
41 -16 -12
41 -16 -14
41 -17 -1
41 -17 -4
41 -17 -15
41 -17 -19
41 -18 -3
41 -18 -10
41 -18 -11
41 -18 -12
41 -18 -16
41 -18 -17
41 -18 -20
41 -19 -14
41 -19 -18
41 -20 0
41 -20 -4
41 -20 -6
41 -20 -17
41 -20 -20
41 -21 -3
41 -22 -6
42 0 -4
42 0 -14
42 0 -20
42 -1 0
42 -1 -2
42 -1 -7
42 -1 -8
42 -1 -9
42 -1 -22
42 -2 -6
42 -2 -7
42 -2 -10
42 -3 0
42 -3 -1
42 -3 -2
42 -3 -10
42 -3 -12
42 -4 -4
42 -5 -1
42 -5 -9
42 -5 -16
42 -6 -16
42 -6 -17
42 -6 -21
42 -7 -1
42 -7 -15
42 -8 0
42 -8 -7
42 -8 -19
42 -9 -7
42 -9 -16
42 -9 -19
42 -10 -2
42 -10 -9
42 -10 -10
42 -10 -17
42 -10 -21
42 -10 -22
42 -11 0
42 -11 -3
42 -11 -5
42 -11 -15
42 -11 -18
42 -13 -3
42 -13 -9
42 -13 -16
42 -13 -22
42 -14 -4
42 -14 -8
42 -14 -11
42 -14 -22
42 -15 0
42 -15 -8
42 -15 -11
42 -15 -16
42 -16 -1
42 -16 -2
42 -16 -12
42 -16 -14
42 -17 -1
42 -17 -4
42 -17 -15
42 -17 -19
42 -18 -3
42 -18 -10
42 -18 -11
42 -18 -12
42 -18 -16
42 -18 -17
42 -18 -20
42 -19 -14
42 -19 -18
42 -20 0
42 -20 -4
42 -20 -6
42 -20 -17
42 -20 -20
42 -21 -3
42 -22 -6
43 0 -4
43 0 -14
43 0 -20
43 -1 0
43 -1 -2
43 -1 -7
43 -1 -8
43 -1 -9
43 -1 -22
43 -2 -6
43 -2 -7
43 -2 -10
43 -3 0
43 -3 -1
43 -3 -2
43 -3 -10
43 -3 -12
43 -4 -4
43 -5 -1
43 -5 -9
43 -5 -16
43 -6 -16
43 -6 -17
43 -6 -21
43 -7 -1
43 -7 -15
43 -8 0
43 -8 -7
43 -8 -19
43 -9 -7
43 -9 -16
43 -9 -19
43 -10 -2
43 -10 -9
43 -10 -10
43 -10 -17
43 -10 -21
43 -10 -22
43 -11 0
43 -11 -3
43 -11 -5
43 -11 -15
43 -11 -18
43 -13 -3
43 -13 -9
43 -13 -16
43 -13 -22
43 -14 -4
43 -14 -8
43 -14 -11
43 -14 -22
43 -15 0
43 -15 -8
43 -15 -11
43 -15 -16
43 -16 -1
43 -16 -2
43 -16 -12
43 -16 -14
43 -17 -1
43 -17 -4
43 -17 -15
43 -17 -19
43 -18 -3
43 -18 -10
43 -18 -11
43 -18 -12
43 -18 -16
43 -18 -17
43 -18 -20
43 -19 -14
43 -19 -18
43 -20 0
43 -20 -4
43 -20 -6
43 -20 -17
43 -20 -20
43 -21 -3
43 -22 -6
44 0 -4
44 0 -14
44 0 -20
44 -1 0
44 -1 -2
44 -1 -7
44 -1 -8
44 -1 -9
44 -1 -22
44 -2 -6
44 -2 -7
44 -2 -10
44 -3 0
44 -3 -1
44 -3 -2
44 -3 -10
44 -3 -12
44 -4 -4
44 -5 -1
44 -5 -9
44 -5 -16
44 -6 -16
44 -6 -17
44 -6 -21
44 -7 -1
44 -7 -15
44 -8 0
44 -8 -7
44 -8 -19
44 -9 -7
44 -9 -16
44 -9 -19
44 -10 -2
44 -10 -9
44 -10 -10
44 -10 -17
44 -10 -21
44 -10 -22
44 -11 0
44 -11 -3
44 -11 -5
44 -11 -15
44 -11 -18
44 -13 -3
44 -13 -9
44 -13 -16
44 -13 -22
44 -14 -4
44 -14 -8
44 -14 -11
44 -14 -22
44 -15 0
44 -15 -8
44 -15 -11
44 -15 -16
44 -16 -1
44 -16 -2
44 -16 -12
44 -16 -14
44 -17 -1
44 -17 -4
44 -17 -15
44 -17 -19
44 -18 -3
44 -18 -10
44 -18 -11
44 -18 -12
44 -18 -16
44 -18 -17
44 -18 -20
44 -19 -14
44 -19 -18
44 -20 0
44 -20 -4
44 -20 -6
44 -20 -17
44 -20 -20
44 -21 -3
44 -22 -6
45 0 -4
45 0 -14
45 0 -20
45 -1 0
45 -1 -2
45 -1 -7
45 -1 -8
45 -1 -9
45 -1 -22
45 -2 -6
45 -2 -7
45 -2 -10
45 -3 0
45 -3 -1
45 -3 -2
45 -3 -10
45 -3 -12
45 -4 -4
45 -5 -1
45 -5 -9
45 -5 -16
45 -6 -16
45 -6 -17
45 -6 -21
45 -7 -1
45 -7 -15
45 -8 0
45 -8 -7
45 -8 -19
45 -9 -7
45 -9 -16
45 -9 -19
45 -10 -2
45 -10 -9
45 -10 -10
45 -10 -17
45 -10 -21
45 -10 -22
45 -11 0
45 -11 -3
45 -11 -5
45 -11 -15
45 -11 -18
45 -13 -3
45 -13 -9
45 -13 -16
45 -13 -22
45 -14 -4
45 -14 -8
45 -14 -11
45 -14 -22
45 -15 0
45 -15 -8
45 -15 -11
45 -15 -16
45 -16 -1
45 -16 -2
45 -16 -12
45 -16 -14
45 -17 -1
45 -17 -4
45 -17 -15
45 -17 -19
45 -18 -3
45 -18 -10
45 -18 -11
45 -18 -12
45 -18 -16
45 -18 -17
45 -18 -20
45 -19 -14
45 -19 -18
45 -20 0
45 -20 -4
45 -20 -6
45 -20 -17
45 -20 -20
45 -21 -3
45 -22 -6
46 0 -4
46 0 -14
46 0 -20
46 -1 0
46 -1 -2
46 -1 -7
46 -1 -8
46 -1 -9
46 -1 -22
46 -2 -6
46 -2 -7
46 -2 -10
46 -3 0
46 -3 -1
46 -3 -2
46 -3 -10
46 -3 -12
46 -4 -4
46 -5 -1
46 -5 -9
46 -5 -16
46 -6 -16
46 -6 -17
46 -6 -21
46 -7 -1
46 -7 -15
46 -8 0
46 -8 -7
46 -8 -19
46 -9 -7
46 -9 -16
46 -9 -19
46 -10 -2
46 -10 -9
46 -10 -10
46 -10 -17
46 -10 -21
46 -10 -22
46 -11 0
46 -11 -3
46 -11 -5
46 -11 -15
46 -11 -18
46 -13 -3
46 -13 -9
46 -13 -16
46 -13 -22
46 -14 -4
46 -14 -8
46 -14 -11
46 -14 -22
46 -15 0
46 -15 -8
46 -15 -11
46 -15 -16
46 -16 -1
46 -16 -2
46 -16 -12
46 -16 -14
46 -17 -1
46 -17 -4
46 -17 -15
46 -17 -19
46 -18 -3
46 -18 -10
46 -18 -11
46 -18 -12
46 -18 -16
46 -18 -17
46 -18 -20
46 -19 -14
46 -19 -18
46 -20 0
46 -20 -4
46 -20 -6
46 -20 -17
46 -20 -20
46 -21 -3
46 -22 -6
47 0 -4
47 0 -14
47 0 -20
47 -1 0
47 -1 -2
47 -1 -7
47 -1 -8
47 -1 -9
47 -1 -22
47 -2 -6
47 -2 -7
47 -2 -10
47 -3 0
47 -3 -1
47 -3 -2
47 -3 -10
47 -3 -12
47 -4 -4
47 -5 -1
47 -5 -9
47 -5 -16
47 -6 -16
47 -6 -17
47 -6 -21
47 -7 -1
47 -7 -15
47 -8 0
47 -8 -7
47 -8 -19
47 -9 -7
47 -9 -16
47 -9 -19
47 -10 -2
47 -10 -9
47 -10 -10
47 -10 -17
47 -10 -21
47 -10 -22
47 -11 0
47 -11 -3
47 -11 -5
47 -11 -15
47 -11 -18
47 -13 -3
47 -13 -9
47 -13 -16
47 -13 -22
47 -14 -4
47 -14 -8
47 -14 -11
47 -14 -22
47 -15 0
47 -15 -8
47 -15 -11
47 -15 -16
47 -16 -1
47 -16 -2
47 -16 -12
47 -16 -14
47 -17 -1
47 -17 -4
47 -17 -15
47 -17 -19
47 -18 -3
47 -18 -10
47 -18 -11
47 -18 -12
47 -18 -16
47 -18 -17
47 -18 -20
47 -19 -14
47 -19 -18
47 -20 0
47 -20 -4
47 -20 -6
47 -20 -17
47 -20 -20
47 -21 -3
47 -22 -6
48 0 -4
48 0 -14
48 0 -20
48 -1 0
48 -1 -2
48 -1 -7
48 -1 -8
48 -1 -9
48 -1 -22
48 -2 -6
48 -2 -7
48 -2 -10
48 -3 0
48 -3 -1
48 -3 -2
48 -3 -10
48 -3 -12
48 -4 -4
48 -5 -1
48 -5 -9
48 -5 -16
48 -6 -16
48 -6 -17
48 -6 -21
48 -7 -1
48 -7 -15
48 -8 0
48 -8 -7
48 -8 -19
48 -9 -7
48 -9 -16
48 -9 -19
48 -10 -2
48 -10 -9
48 -10 -10
48 -10 -17
48 -10 -21
48 -10 -22
48 -11 0
48 -11 -3
48 -11 -5
48 -11 -15
48 -11 -18
48 -13 -3
48 -13 -9
48 -13 -16
48 -13 -22
48 -14 -4
48 -14 -8
48 -14 -11
48 -14 -22
48 -15 0
48 -15 -8
48 -15 -11
48 -15 -16
48 -16 -1
48 -16 -2
48 -16 -12
48 -16 -14
48 -17 -1
48 -17 -4
48 -17 -15
48 -17 -19
48 -18 -3
48 -18 -10
48 -18 -11
48 -18 -12
48 -18 -16
48 -18 -17
48 -18 -20
48 -19 -14
48 -19 -18
48 -20 0
48 -20 -4
48 -20 -6
48 -20 -17
48 -20 -20
48 -21 -3
48 -22 -6
49 0 -4
49 0 -14
49 0 -20
49 -1 0
49 -1 -2
49 -1 -7
49 -1 -8
49 -1 -9
49 -1 -22
49 -2 -6
49 -2 -7
49 -2 -10
49 -3 0
49 -3 -1
49 -3 -2
49 -3 -10
49 -3 -12
49 -4 -4
49 -5 -1
49 -5 -9
49 -5 -16
49 -6 -16
49 -6 -17
49 -6 -21
49 -7 -1
49 -7 -15
49 -8 0
49 -8 -7
49 -8 -19
49 -9 -7
49 -9 -16
49 -9 -19
49 -10 -2
49 -10 -9
49 -10 -10
49 -10 -17
49 -10 -21
49 -10 -22
49 -11 0
49 -11 -3
49 -11 -5
49 -11 -15
49 -11 -18
49 -13 -3
49 -13 -9
49 -13 -16
49 -13 -22
49 -14 -4
49 -14 -8
49 -14 -11
49 -14 -22
49 -15 0
49 -15 -8
49 -15 -11
49 -15 -16
49 -16 -1
49 -16 -2
49 -16 -12
49 -16 -14
49 -17 -1
49 -17 -4
49 -17 -15
49 -17 -19
49 -18 -3
49 -18 -10
49 -18 -11
49 -18 -12
49 -18 -16
49 -18 -17
49 -18 -20
49 -19 -14
49 -19 -18
49 -20 0
49 -20 -4
49 -20 -6
49 -20 -17
49 -20 -20
49 -21 -3
49 -22 -6
50 0 -4
50 0 -14
50 0 -20
50 -1 0
50 -1 -2
50 -1 -7
50 -1 -8
50 -1 -9
50 -1 -22
50 -2 -6
50 -2 -7
50 -2 -10
50 -3 0
50 -3 -1
50 -3 -2
50 -3 -10
50 -3 -12
50 -4 -4
50 -5 -1
50 -5 -9
50 -5 -16
50 -6 -16
50 -6 -17
50 -6 -21
50 -7 -1
50 -7 -15
50 -8 0
50 -8 -7
50 -8 -19
50 -9 -7
50 -9 -16
50 -9 -19
50 -10 -2
50 -10 -9
50 -10 -10
50 -10 -17
50 -10 -21
50 -10 -22
50 -11 0
50 -11 -3
50 -11 -5
50 -11 -15
50 -11 -18
50 -13 -3
50 -13 -9
50 -13 -16
50 -13 -22
50 -14 -4
50 -14 -8
50 -14 -11
50 -14 -22
50 -15 0
50 -15 -8
50 -15 -11
50 -15 -16
50 -16 -1
50 -16 -2
50 -16 -12
50 -16 -14
50 -17 -1
50 -17 -4
50 -17 -15
50 -17 -19
50 -18 -3
50 -18 -10
50 -18 -11
50 -18 -12
50 -18 -16
50 -18 -17
50 -18 -20
50 -19 -14
50 -19 -18
50 -20 0
50 -20 -4
50 -20 -6
50 -20 -17
50 -20 -20
50 -21 -3
50 -22 -6
51 0 -4
51 0 -14
51 0 -20
51 -1 0
51 -1 -2
51 -1 -7
51 -1 -8
51 -1 -9
51 -1 -22
51 -2 -6
51 -2 -7
51 -2 -10
51 -3 0
51 -3 -1
51 -3 -2
51 -3 -10
51 -3 -12
51 -4 -4
51 -5 -1
51 -5 -9
51 -5 -16
51 -6 -16
51 -6 -17
51 -6 -21
51 -7 -1
51 -7 -15
51 -8 0
51 -8 -7
51 -8 -19
51 -9 -7
51 -9 -16
51 -9 -19
51 -10 -2
51 -10 -9
51 -10 -10
51 -10 -17
51 -10 -21
51 -10 -22
51 -11 0
51 -11 -3
51 -11 -5
51 -11 -15
51 -11 -18
51 -13 -3
51 -13 -9
51 -13 -16
51 -13 -22
51 -14 -4
51 -14 -8
51 -14 -11
51 -14 -22
51 -15 0
51 -15 -8
51 -15 -11
51 -15 -16
51 -16 -1
51 -16 -2
51 -16 -12
51 -16 -14
51 -17 -1
51 -17 -4
51 -17 -15
51 -17 -19
51 -18 -3
51 -18 -10
51 -18 -11
51 -18 -12
51 -18 -16
51 -18 -17
51 -18 -20
51 -19 -14
51 -19 -18
51 -20 0
51 -20 -4
51 -20 -6
51 -20 -17
51 -20 -20
51 -21 -3
51 -22 -6
52 0 -4
52 0 -14
52 0 -20
52 -1 0
52 -1 -2
52 -1 -7
52 -1 -8
52 -1 -9
52 -1 -22
52 -2 -6
52 -2 -7
52 -2 -10
52 -3 0
52 -3 -1
52 -3 -2
52 -3 -10
52 -3 -12
52 -4 -4
52 -5 -1
52 -5 -9
52 -5 -16
52 -6 -16
52 -6 -17
52 -6 -21
52 -7 -1
52 -7 -15
52 -8 0
52 -8 -7
52 -8 -19
52 -9 -7
52 -9 -16
52 -9 -19
52 -10 -2
52 -10 -9
52 -10 -10
52 -10 -17
52 -10 -21
52 -10 -22
52 -11 0
52 -11 -3
52 -11 -5
52 -11 -15
52 -11 -18
52 -13 -3
52 -13 -9
52 -13 -16
52 -13 -22
52 -14 -4
52 -14 -8
52 -14 -11
52 -14 -22
52 -15 0
52 -15 -8
52 -15 -11
52 -15 -16
52 -16 -1
52 -16 -2
52 -16 -12
52 -16 -14
52 -17 -1
52 -17 -4
52 -17 -15
52 -17 -19
52 -18 -3
52 -18 -10
52 -18 -11
52 -18 -12
52 -18 -16
52 -18 -17
52 -18 -20
52 -19 -14
52 -19 -18
52 -20 0
52 -20 -4
52 -20 -6
52 -20 -17
52 -20 -20
52 -21 -3
52 -22 -6
53 0 -4
53 0 -14
53 0 -20
53 -1 0
53 -1 -2
53 -1 -7
53 -1 -8
53 -1 -9
53 -1 -22
53 -2 -6
53 -2 -7
53 -2 -10
53 -3 0
53 -3 -1
53 -3 -2
53 -3 -10
53 -3 -12
53 -4 -4
53 -5 -1
53 -5 -9
53 -5 -16
53 -6 -16
53 -6 -17
53 -6 -21
53 -7 -1
53 -7 -15
53 -8 0
53 -8 -7
53 -8 -19
53 -9 -7
53 -9 -16
53 -9 -19
53 -10 -2
53 -10 -9
53 -10 -10
53 -10 -17
53 -10 -21
53 -10 -22
53 -11 0
53 -11 -3
53 -11 -5
53 -11 -15
53 -11 -18
53 -13 -3
53 -13 -9
53 -13 -16
53 -13 -22
53 -14 -4
53 -14 -8
53 -14 -11
53 -14 -22
53 -15 0
53 -15 -8
53 -15 -11
53 -15 -16
53 -16 -1
53 -16 -2
53 -16 -12
53 -16 -14
53 -17 -1
53 -17 -4
53 -17 -15
53 -17 -19
53 -18 -3
53 -18 -10
53 -18 -11
53 -18 -12
53 -18 -16
53 -18 -17
53 -18 -20
53 -19 -14
53 -19 -18
53 -20 0
53 -20 -4
53 -20 -6
53 -20 -17
53 -20 -20
53 -21 -3
53 -22 -6
54 0 -4
54 0 -14
54 0 -20
54 -1 0
54 -1 -2
54 -1 -7
54 -1 -8
54 -1 -9
54 -1 -22
54 -2 -6
54 -2 -7
54 -2 -10
54 -3 0
54 -3 -1
54 -3 -2
54 -3 -10
54 -3 -12
54 -4 -4
54 -5 -1
54 -5 -9
54 -5 -16
54 -6 -16
54 -6 -17
54 -6 -21
54 -7 -1
54 -7 -15
54 -8 0
54 -8 -7
54 -8 -19
54 -9 -7
54 -9 -16
54 -9 -19
54 -10 -2
54 -10 -9
54 -10 -10
54 -10 -17
54 -10 -21
54 -10 -22
54 -11 0
54 -11 -3
54 -11 -5
54 -11 -15
54 -11 -18
54 -13 -3
54 -13 -9
54 -13 -16
54 -13 -22
54 -14 -4
54 -14 -8
54 -14 -11
54 -14 -22
54 -15 0
54 -15 -8
54 -15 -11
54 -15 -16
54 -16 -1
54 -16 -2
54 -16 -12
54 -16 -14
54 -17 -1
54 -17 -4
54 -17 -15
54 -17 -19
54 -18 -3
54 -18 -10
54 -18 -11
54 -18 -12
54 -18 -16
54 -18 -17
54 -18 -20
54 -19 -14
54 -19 -18
54 -20 0
54 -20 -4
54 -20 -6
54 -20 -17
54 -20 -20
54 -21 -3
54 -22 -6
55 0 -4
55 0 -14
55 0 -20
55 -1 0
55 -1 -2
55 -1 -7
55 -1 -8
55 -1 -9
55 -1 -22
55 -2 -6
55 -2 -7
55 -2 -10
55 -3 0
55 -3 -1
55 -3 -2
55 -3 -10
55 -3 -12
55 -4 -4
55 -5 -1
55 -5 -9
55 -5 -16
55 -6 -16
55 -6 -17
55 -6 -21
55 -7 -1
55 -7 -15
55 -8 0
55 -8 -7
55 -8 -19
55 -9 -7
55 -9 -16
55 -9 -19
55 -10 -2
55 -10 -9
55 -10 -10
55 -10 -17
55 -10 -21
55 -10 -22
55 -11 0
55 -11 -3
55 -11 -5
55 -11 -15
55 -11 -18
55 -13 -3
55 -13 -9
55 -13 -16
55 -13 -22
55 -14 -4
55 -14 -8
55 -14 -11
55 -14 -22
55 -15 0
55 -15 -8
55 -15 -11
55 -15 -16
55 -16 -1
55 -16 -2
55 -16 -12
55 -16 -14
55 -17 -1
55 -17 -4
55 -17 -15
55 -17 -19
55 -18 -3
55 -18 -10
55 -18 -11
55 -18 -12
55 -18 -16
55 -18 -17
55 -18 -20
55 -19 -14
55 -19 -18
55 -20 0
55 -20 -4
55 -20 -6
55 -20 -17
55 -20 -20
55 -21 -3
55 -22 -6
56 0 -4
56 0 -14
56 0 -20
56 -1 0
56 -1 -2
56 -1 -7
56 -1 -8
56 -1 -9
56 -1 -22
56 -2 -6
56 -2 -7
56 -2 -10
56 -3 0
56 -3 -1
56 -3 -2
56 -3 -10
56 -3 -12
56 -4 -4
56 -5 -1
56 -5 -9
56 -5 -16
56 -6 -16
56 -6 -17
56 -6 -21
56 -7 -1
56 -7 -15
56 -8 0
56 -8 -7
56 -8 -19
56 -9 -7
56 -9 -16
56 -9 -19
56 -10 -2
56 -10 -9
56 -10 -10
56 -10 -17
56 -10 -21
56 -10 -22
56 -11 0
56 -11 -3
56 -11 -5
56 -11 -15
56 -11 -18
56 -13 -3
56 -13 -9
56 -13 -16
56 -13 -22
56 -14 -4
56 -14 -8
56 -14 -11
56 -14 -22
56 -15 0
56 -15 -8
56 -15 -11
56 -15 -16
56 -16 -1
56 -16 -2
56 -16 -12
56 -16 -14
56 -17 -1
56 -17 -4
56 -17 -15
56 -17 -19
56 -18 -3
56 -18 -10
56 -18 -11
56 -18 -12
56 -18 -16
56 -18 -17
56 -18 -20
56 -19 -14
56 -19 -18
56 -20 0
56 -20 -4
56 -20 -6
56 -20 -17
56 -20 -20
56 -21 -3
56 -22 -6
57 0 -4
57 0 -14
57 0 -20
57 -1 0
57 -1 -2
57 -1 -7
57 -1 -8
57 -1 -9
57 -1 -22
57 -2 -6
57 -2 -7
57 -2 -10
57 -3 0
57 -3 -1
57 -3 -2
57 -3 -10
57 -3 -12
57 -4 -4
57 -5 -1
57 -5 -9
57 -5 -16
57 -6 -16
57 -6 -17
57 -6 -21
57 -7 -1
57 -7 -15
57 -8 0
57 -8 -7
57 -8 -19
57 -9 -7
57 -9 -16
57 -9 -19
57 -10 -2
57 -10 -9
57 -10 -10
57 -10 -17
57 -10 -21
57 -10 -22
57 -11 0
57 -11 -3
57 -11 -5
57 -11 -15
57 -11 -18
57 -13 -3
57 -13 -9
57 -13 -16
57 -13 -22
57 -14 -4
57 -14 -8
57 -14 -11
57 -14 -22
57 -15 0
57 -15 -8
57 -15 -11
57 -15 -16
57 -16 -1
57 -16 -2
57 -16 -12
57 -16 -14
57 -17 -1
57 -17 -4
57 -17 -15
57 -17 -19
57 -18 -3
57 -18 -10
57 -18 -11
57 -18 -12
57 -18 -16
57 -18 -17
57 -18 -20
57 -19 -14
57 -19 -18
57 -20 0
57 -20 -4
57 -20 -6
57 -20 -17
57 -20 -20
57 -21 -3
57 -22 -6
58 0 -4
58 0 -14
58 0 -20
58 -1 0
58 -1 -2
58 -1 -7
58 -1 -8
58 -1 -9
58 -1 -22
58 -2 -6
58 -2 -7
58 -2 -10
58 -3 0
58 -3 -1
58 -3 -2
58 -3 -10
58 -3 -12
58 -4 -4
58 -5 -1
58 -5 -9
58 -5 -16
58 -6 -16
58 -6 -17
58 -6 -21
58 -7 -1
58 -7 -15
58 -8 0
58 -8 -7
58 -8 -19
58 -9 -7
58 -9 -16
58 -9 -19
58 -10 -2
58 -10 -9
58 -10 -10
58 -10 -17
58 -10 -21
58 -10 -22
58 -11 0
58 -11 -3
58 -11 -5
58 -11 -15
58 -11 -18
58 -13 -3
58 -13 -9
58 -13 -16
58 -13 -22
58 -14 -4
58 -14 -8
58 -14 -11
58 -14 -22
58 -15 0
58 -15 -8
58 -15 -11
58 -15 -16
58 -16 -1
58 -16 -2
58 -16 -12
58 -16 -14
58 -17 -1
58 -17 -4
58 -17 -15
58 -17 -19
58 -18 -3
58 -18 -10
58 -18 -11
58 -18 -12
58 -18 -16
58 -18 -17
58 -18 -20
58 -19 -14
58 -19 -18
58 -20 0
58 -20 -4
58 -20 -6
58 -20 -17
58 -20 -20
58 -21 -3
58 -22 -6
59 0 -4
59 0 -14
59 0 -20
59 -1 0
59 -1 -2
59 -1 -7
59 -1 -8
59 -1 -9
59 -1 -22
59 -2 -6
59 -2 -7
59 -2 -10
59 -3 0
59 -3 -1
59 -3 -2
59 -3 -10
59 -3 -12
59 -4 -4
59 -5 -1
59 -5 -9
59 -5 -16
59 -6 -16
59 -6 -17
59 -6 -21
59 -7 -1
59 -7 -15
59 -8 0
59 -8 -7
59 -8 -19
59 -9 -7
59 -9 -16
59 -9 -19
59 -10 -2
59 -10 -9
59 -10 -10
59 -10 -17
59 -10 -21
59 -10 -22
59 -11 0
59 -11 -3
59 -11 -5
59 -11 -15
59 -11 -18
59 -13 -3
59 -13 -9
59 -13 -16
59 -13 -22
59 -14 -4
59 -14 -8
59 -14 -11
59 -14 -22
59 -15 0
59 -15 -8
59 -15 -11
59 -15 -16
59 -16 -1
59 -16 -2
59 -16 -12
59 -16 -14
59 -17 -1
59 -17 -4
59 -17 -15
59 -17 -19
59 -18 -3
59 -18 -10
59 -18 -11
59 -18 -12
59 -18 -16
59 -18 -17
59 -18 -20
59 -19 -14
59 -19 -18
59 -20 0
59 -20 -4
59 -20 -6
59 -20 -17
59 -20 -20
59 -21 -3
59 -22 -6
60 0 -4
60 0 -14
60 0 -20
60 -1 0
60 -1 -2
60 -1 -7
60 -1 -8
60 -1 -9
60 -1 -22
60 -2 -6
60 -2 -7
60 -2 -10
60 -3 0
60 -3 -1
60 -3 -2
60 -3 -10
60 -3 -12
60 -4 -4
60 -5 -1
60 -5 -9
60 -5 -16
60 -6 -16
60 -6 -17
60 -6 -21
60 -7 -1
60 -7 -15
60 -8 0
60 -8 -7
60 -8 -19
60 -9 -7
60 -9 -16
60 -9 -19
60 -10 -2
60 -10 -9
60 -10 -10
60 -10 -17
60 -10 -21
60 -10 -22
60 -11 0
60 -11 -3
60 -11 -5
60 -11 -15
60 -11 -18
60 -13 -3
60 -13 -9
60 -13 -16
60 -13 -22
60 -14 -4
60 -14 -8
60 -14 -11
60 -14 -22
60 -15 0
60 -15 -8
60 -15 -11
60 -15 -16
60 -16 -1
60 -16 -2
60 -16 -12
60 -16 -14
60 -17 -1
60 -17 -4
60 -17 -15
60 -17 -19
60 -18 -3
60 -18 -10
60 -18 -11
60 -18 -12
60 -18 -16
60 -18 -17
60 -18 -20
60 -19 -14
60 -19 -18
60 -20 0
60 -20 -4
60 -20 -6
60 -20 -17
60 -20 -20
60 -21 -3
60 -22 -6
61 0 -4
61 0 -14
61 0 -20
61 -1 0
61 -1 -2
61 -1 -7
61 -1 -8
61 -1 -9
61 -1 -22
61 -2 -6
61 -2 -7
61 -2 -10
61 -3 0
61 -3 -1
61 -3 -2
61 -3 -10
61 -3 -12
61 -4 -4
61 -5 -1
61 -5 -9
61 -5 -16
61 -6 -16
61 -6 -17
61 -6 -21
61 -7 -1
61 -7 -15
61 -8 0
61 -8 -7
61 -8 -19
61 -9 -7
61 -9 -16
61 -9 -19
61 -10 -2
61 -10 -9
61 -10 -10
61 -10 -17
61 -10 -21
61 -10 -22
61 -11 0
61 -11 -3
61 -11 -5
61 -11 -15
61 -11 -18
61 -13 -3
61 -13 -9
61 -13 -16
61 -13 -22
61 -14 -4
61 -14 -8
61 -14 -11
61 -14 -22
61 -15 0
61 -15 -8
61 -15 -11
61 -15 -16
61 -16 -1
61 -16 -2
61 -16 -12
61 -16 -14
61 -17 -1
61 -17 -4
61 -17 -15
61 -17 -19
61 -18 -3
61 -18 -10
61 -18 -11
61 -18 -12
61 -18 -16
61 -18 -17
61 -18 -20
61 -19 -14
61 -19 -18
61 -20 0
61 -20 -4
61 -20 -6
61 -20 -17
61 -20 -20
61 -21 -3
61 -22 -6
62 0 -4
62 0 -14
62 0 -20
62 -1 0
62 -1 -2
62 -1 -7
62 -1 -8
62 -1 -9
62 -1 -22
62 -2 -6
62 -2 -7
62 -2 -10
62 -3 0
62 -3 -1
62 -3 -2
62 -3 -10
62 -3 -12
62 -4 -4
62 -5 -1
62 -5 -9
62 -5 -16
62 -6 -16
62 -6 -17
62 -6 -21
62 -7 -1
62 -7 -15
62 -8 0
62 -8 -7
62 -8 -19
62 -9 -7
62 -9 -16
62 -9 -19
62 -10 -2
62 -10 -9
62 -10 -10
62 -10 -17
62 -10 -21
62 -10 -22
62 -11 0
62 -11 -3
62 -11 -5
62 -11 -15
62 -11 -18
62 -13 -3
62 -13 -9
62 -13 -16
62 -13 -22
62 -14 -4
62 -14 -8
62 -14 -11
62 -14 -22
62 -15 0
62 -15 -8
62 -15 -11
62 -15 -16
62 -16 -1
62 -16 -2
62 -16 -12
62 -16 -14
62 -17 -1
62 -17 -4
62 -17 -15
62 -17 -19
62 -18 -3
62 -18 -10
62 -18 -11
62 -18 -12
62 -18 -16
62 -18 -17
62 -18 -20
62 -19 -14
62 -19 -18
62 -20 0
62 -20 -4
62 -20 -6
62 -20 -17
62 -20 -20
62 -21 -3
62 -22 -6
63 0 -4
63 0 -14
63 0 -20
63 -1 0
63 -1 -2
63 -1 -7
63 -1 -8
63 -1 -9
63 -1 -22
63 -2 -6
63 -2 -7
63 -2 -10
63 -3 0
63 -3 -1
63 -3 -2
63 -3 -10
63 -3 -12
63 -4 -4
63 -5 -1
63 -5 -9
63 -5 -16
63 -6 -16
63 -6 -17
63 -6 -21
63 -7 -1
63 -7 -15
63 -8 0
63 -8 -7
63 -8 -19
63 -9 -7
63 -9 -16
63 -9 -19
63 -10 -2
63 -10 -9
63 -10 -10
63 -10 -17
63 -10 -21
63 -10 -22
63 -11 0
63 -11 -3
63 -11 -5
63 -11 -15
63 -11 -18
63 -13 -3
63 -13 -9
63 -13 -16
63 -13 -22
63 -14 -4
63 -14 -8
63 -14 -11
63 -14 -22
63 -15 0
63 -15 -8
63 -15 -11
63 -15 -16
63 -16 -1
63 -16 -2
63 -16 -12
63 -16 -14
63 -17 -1
63 -17 -4
63 -17 -15
63 -17 -19
63 -18 -3
63 -18 -10
63 -18 -11
63 -18 -12
63 -18 -16
63 -18 -17
63 -18 -20
63 -19 -14
63 -19 -18
63 -20 0
63 -20 -4
63 -20 -6
63 -20 -17
63 -20 -20
63 -21 -3
63 -22 -6
64 0 -4
64 0 -14
64 0 -20
64 -1 0
64 -1 -2
64 -1 -7
64 -1 -8
64 -1 -9
64 -1 -22
64 -2 -6
64 -2 -7
64 -2 -10
64 -3 0
64 -3 -1
64 -3 -2
64 -3 -10
64 -3 -12
64 -4 -4
64 -5 -1
64 -5 -9
64 -5 -16
64 -6 -16
64 -6 -17
64 -6 -21
64 -7 -1
64 -7 -15
64 -8 0
64 -8 -7
64 -8 -19
64 -9 -7
64 -9 -16
64 -9 -19
64 -10 -2
64 -10 -9
64 -10 -10
64 -10 -17
64 -10 -21
64 -10 -22
64 -11 0
64 -11 -3
64 -11 -5
64 -11 -15
64 -11 -18
64 -13 -3
64 -13 -9
64 -13 -16
64 -13 -22
64 -14 -4
64 -14 -8
64 -14 -11
64 -14 -22
64 -15 0
64 -15 -8
64 -15 -11
64 -15 -16
64 -16 -1
64 -16 -2
64 -16 -12
64 -16 -14
64 -17 -1
64 -17 -4
64 -17 -15
64 -17 -19
64 -18 -3
64 -18 -10
64 -18 -11
64 -18 -12
64 -18 -16
64 -18 -17
64 -18 -20
64 -19 -14
64 -19 -18
64 -20 0
64 -20 -4
64 -20 -6
64 -20 -17
64 -20 -20
64 -21 -3
64 -22 -6
65 0 -4
65 0 -14
65 0 -20
65 -1 0
65 -1 -2
65 -1 -7
65 -1 -8
65 -1 -9
65 -1 -22
65 -2 -6
65 -2 -7
65 -2 -10
65 -3 0
65 -3 -1
65 -3 -2
65 -3 -10
65 -3 -12
65 -4 -4
65 -5 -1
65 -5 -9
65 -5 -16
65 -6 -16
65 -6 -17
65 -6 -21
65 -7 -1
65 -7 -15
65 -8 0
65 -8 -7
65 -8 -19
65 -9 -7
65 -9 -16
65 -9 -19
65 -10 -2
65 -10 -9
65 -10 -10
65 -10 -17
65 -10 -21
65 -10 -22
65 -11 0
65 -11 -3
65 -11 -5
65 -11 -15
65 -11 -18
65 -13 -3
65 -13 -9
65 -13 -16
65 -13 -22
65 -14 -4
65 -14 -8
65 -14 -11
65 -14 -22
65 -15 0
65 -15 -8
65 -15 -11
65 -15 -16
65 -16 -1
65 -16 -2
65 -16 -12
65 -16 -14
65 -17 -1
65 -17 -4
65 -17 -15
65 -17 -19
65 -18 -3
65 -18 -10
65 -18 -11
65 -18 -12
65 -18 -16
65 -18 -17
65 -18 -20
65 -19 -14
65 -19 -18
65 -20 0
65 -20 -4
65 -20 -6
65 -20 -17
65 -20 -20
65 -21 -3
65 -22 -6
66 0 -4
66 0 -14
66 0 -20
66 -1 0
66 -1 -2
66 -1 -7
66 -1 -8
66 -1 -9
66 -1 -22
66 -2 -6
66 -2 -7
66 -2 -10
66 -3 0
66 -3 -1
66 -3 -2
66 -3 -10
66 -3 -12
66 -4 -4
66 -5 -1
66 -5 -9
66 -5 -16
66 -6 -16
66 -6 -17
66 -6 -21
66 -7 -1
66 -7 -15
66 -8 0
66 -8 -7
66 -8 -19
66 -9 -7
66 -9 -16
66 -9 -19
66 -10 -2
66 -10 -9
66 -10 -10
66 -10 -17
66 -10 -21
66 -10 -22
66 -11 0
66 -11 -3
66 -11 -5
66 -11 -15
66 -11 -18
66 -13 -3
66 -13 -9
66 -13 -16
66 -13 -22
66 -14 -4
66 -14 -8
66 -14 -11
66 -14 -22
66 -15 0
66 -15 -8
66 -15 -11
66 -15 -16
66 -16 -1
66 -16 -2
66 -16 -12
66 -16 -14
66 -17 -1
66 -17 -4
66 -17 -15
66 -17 -19
66 -18 -3
66 -18 -10
66 -18 -11
66 -18 -12
66 -18 -16
66 -18 -17
66 -18 -20
66 -19 -14
66 -19 -18
66 -20 0
66 -20 -4
66 -20 -6
66 -20 -17
66 -20 -20
66 -21 -3
66 -22 -6
67 0 -4
67 0 -14
67 0 -20
67 -1 0
67 -1 -2
67 -1 -7
67 -1 -8
67 -1 -9
67 -1 -22
67 -2 -6
67 -2 -7
67 -2 -10
67 -3 0
67 -3 -1
67 -3 -2
67 -3 -10
67 -3 -12
67 -4 -4
67 -5 -1
67 -5 -9
67 -5 -16
67 -6 -16
67 -6 -17
67 -6 -21
67 -7 -1
67 -7 -15
67 -8 0
67 -8 -7
67 -8 -19
67 -9 -7
67 -9 -16
67 -9 -19
67 -10 -2
67 -10 -9
67 -10 -10
67 -10 -17
67 -10 -21
67 -10 -22
67 -11 0
67 -11 -3
67 -11 -5
67 -11 -15
67 -11 -18
67 -13 -3
67 -13 -9
67 -13 -16
67 -13 -22
67 -14 -4
67 -14 -8
67 -14 -11
67 -14 -22
67 -15 0
67 -15 -8
67 -15 -11
67 -15 -16
67 -16 -1
67 -16 -2
67 -16 -12
67 -16 -14
67 -17 -1
67 -17 -4
67 -17 -15
67 -17 -19
67 -18 -3
67 -18 -10
67 -18 -11
67 -18 -12
67 -18 -16
67 -18 -17
67 -18 -20
67 -19 -14
67 -19 -18
67 -20 0
67 -20 -4
67 -20 -6
67 -20 -17
67 -20 -20
67 -21 -3
67 -22 -6
68 0 -4
68 0 -14
68 0 -20
68 -1 0
68 -1 -2
68 -1 -7
68 -1 -8
68 -1 -9
68 -1 -22
68 -2 -6
68 -2 -7
68 -2 -10
68 -3 0
68 -3 -1
68 -3 -2
68 -3 -10
68 -3 -12
68 -4 -4
68 -5 -1
68 -5 -9
68 -5 -16
68 -6 -16
68 -6 -17
68 -6 -21
68 -7 -1
68 -7 -15
68 -8 0
68 -8 -7
68 -8 -19
68 -9 -7
68 -9 -16
68 -9 -19
68 -10 -2
68 -10 -9
68 -10 -10
68 -10 -17
68 -10 -21
68 -10 -22
68 -11 0
68 -11 -3
68 -11 -5
68 -11 -15
68 -11 -18
68 -13 -3
68 -13 -9
68 -13 -16
68 -13 -22
68 -14 -4
68 -14 -8
68 -14 -11
68 -14 -22
68 -15 0
68 -15 -8
68 -15 -11
68 -15 -16
68 -16 -1
68 -16 -2
68 -16 -12
68 -16 -14
68 -17 -1
68 -17 -4
68 -17 -15
68 -17 -19
68 -18 -3
68 -18 -10
68 -18 -11
68 -18 -12
68 -18 -16
68 -18 -17
68 -18 -20
68 -19 -14
68 -19 -18
68 -20 0
68 -20 -4
68 -20 -6
68 -20 -17
68 -20 -20
68 -21 -3
68 -22 -6
69 0 -4
69 0 -14
69 0 -20
69 -1 0
69 -1 -2
69 -1 -7
69 -1 -8
69 -1 -9
69 -1 -22
69 -2 -6
69 -2 -7
69 -2 -10
69 -3 0
69 -3 -1
69 -3 -2
69 -3 -10
69 -3 -12
69 -4 -4
69 -5 -1
69 -5 -9
69 -5 -16
69 -6 -16
69 -6 -17
69 -6 -21
69 -7 -1
69 -7 -15
69 -8 0
69 -8 -7
69 -8 -19
69 -9 -7
69 -9 -16
69 -9 -19
69 -10 -2
69 -10 -9
69 -10 -10
69 -10 -17
69 -10 -21
69 -10 -22
69 -11 0
69 -11 -3
69 -11 -5
69 -11 -15
69 -11 -18
69 -13 -3
69 -13 -9
69 -13 -16
69 -13 -22
69 -14 -4
69 -14 -8
69 -14 -11
69 -14 -22
69 -15 0
69 -15 -8
69 -15 -11
69 -15 -16
69 -16 -1
69 -16 -2
69 -16 -12
69 -16 -14
69 -17 -1
69 -17 -4
69 -17 -15
69 -17 -19
69 -18 -3
69 -18 -10
69 -18 -11
69 -18 -12
69 -18 -16
69 -18 -17
69 -18 -20
69 -19 -14
69 -19 -18
69 -20 0
69 -20 -4
69 -20 -6
69 -20 -17
69 -20 -20
69 -21 -3
69 -22 -6
70 0 -4
70 0 -14
70 0 -20
70 -1 0
70 -1 -2
70 -1 -7
70 -1 -8
70 -1 -9
70 -1 -22
70 -2 -6
70 -2 -7
70 -2 -10
70 -3 0
70 -3 -1
70 -3 -2
70 -3 -10
70 -3 -12
70 -4 -4
70 -5 -1
70 -5 -9
70 -5 -16
70 -6 -16
70 -6 -17
70 -6 -21
70 -7 -1
70 -7 -15
70 -8 0
70 -8 -7
70 -8 -19
70 -9 -7
70 -9 -16
70 -9 -19
70 -10 -2
70 -10 -9
70 -10 -10
70 -10 -17
70 -10 -21
70 -10 -22
70 -11 0
70 -11 -3
70 -11 -5
70 -11 -15
70 -11 -18
70 -13 -3
70 -13 -9
70 -13 -16
70 -13 -22
70 -14 -4
70 -14 -8
70 -14 -11
70 -14 -22
70 -15 0
70 -15 -8
70 -15 -11
70 -15 -16
70 -16 -1
70 -16 -2
70 -16 -12
70 -16 -14
70 -17 -1
70 -17 -4
70 -17 -15
70 -17 -19
70 -18 -3
70 -18 -10
70 -18 -11
70 -18 -12
70 -18 -16
70 -18 -17
70 -18 -20
70 -19 -14
70 -19 -18
70 -20 0
70 -20 -4
70 -20 -6
70 -20 -17
70 -20 -20
70 -21 -3
70 -22 -6
71 0 -4
71 0 -14
71 0 -20
71 -1 0
71 -1 -2
71 -1 -7
71 -1 -8
71 -1 -9
71 -1 -22
71 -2 -6
71 -2 -7
71 -2 -10
71 -3 0
71 -3 -1
71 -3 -2
71 -3 -10
71 -3 -12
71 -4 -4
71 -5 -1
71 -5 -9
71 -5 -16
71 -6 -16
71 -6 -17
71 -6 -21
71 -7 -1
71 -7 -15
71 -8 0
71 -8 -7
71 -8 -19
71 -9 -7
71 -9 -16
71 -9 -19
71 -10 -2
71 -10 -9
71 -10 -10
71 -10 -17
71 -10 -21
71 -10 -22
71 -11 0
71 -11 -3
71 -11 -5
71 -11 -15
71 -11 -18
71 -13 -3
71 -13 -9
71 -13 -16
71 -13 -22
71 -14 -4
71 -14 -8
71 -14 -11
71 -14 -22
71 -15 0
71 -15 -8
71 -15 -11
71 -15 -16
71 -16 -1
71 -16 -2
71 -16 -12
71 -16 -14
71 -17 -1
71 -17 -4
71 -17 -15
71 -17 -19
71 -18 -3
71 -18 -10
71 -18 -11
71 -18 -12
71 -18 -16
71 -18 -17
71 -18 -20
71 -19 -14
71 -19 -18
71 -20 0
71 -20 -4
71 -20 -6
71 -20 -17
71 -20 -20
71 -21 -3
71 -22 -6
72 0 -4
72 0 -14
72 0 -20
72 -1 0
72 -1 -2
72 -1 -7
72 -1 -8
72 -1 -9
72 -1 -22
72 -2 -6
72 -2 -7
72 -2 -10
72 -3 0
72 -3 -1
72 -3 -2
72 -3 -10
72 -3 -12
72 -4 -4
72 -5 -1
72 -5 -9
72 -5 -16
72 -6 -16
72 -6 -17
72 -6 -21
72 -7 -1
72 -7 -15
72 -8 0
72 -8 -7
72 -8 -19
72 -9 -7
72 -9 -16
72 -9 -19
72 -10 -2
72 -10 -9
72 -10 -10
72 -10 -17
72 -10 -21
72 -10 -22
72 -11 0
72 -11 -3
72 -11 -5
72 -11 -15
72 -11 -18
72 -13 -3
72 -13 -9
72 -13 -16
72 -13 -22
72 -14 -4
72 -14 -8
72 -14 -11
72 -14 -22
72 -15 0
72 -15 -8
72 -15 -11
72 -15 -16
72 -16 -1
72 -16 -2
72 -16 -12
72 -16 -14
72 -17 -1
72 -17 -4
72 -17 -15
72 -17 -19
72 -18 -3
72 -18 -10
72 -18 -11
72 -18 -12
72 -18 -16
72 -18 -17
72 -18 -20
72 -19 -14
72 -19 -18
72 -20 0
72 -20 -4
72 -20 -6
72 -20 -17
72 -20 -20
72 -21 -3
72 -22 -6
73 0 -4
73 0 -14
73 0 -20
73 -1 0
73 -1 -2
73 -1 -7
73 -1 -8
73 -1 -9
73 -1 -22
73 -2 -6
73 -2 -7
73 -2 -10
73 -3 0
73 -3 -1
73 -3 -2
73 -3 -10
73 -3 -12
73 -4 -4
73 -5 -1
73 -5 -9
73 -5 -16
73 -6 -16
73 -6 -17
73 -6 -21
73 -7 -1
73 -7 -15
73 -8 0
73 -8 -7
73 -8 -19
73 -9 -7
73 -9 -16
73 -9 -19
73 -10 -2
73 -10 -9
73 -10 -10
73 -10 -17
73 -10 -21
73 -10 -22
73 -11 0
73 -11 -3
73 -11 -5
73 -11 -15
73 -11 -18
73 -13 -3
73 -13 -9
73 -13 -16
73 -13 -22
73 -14 -4
73 -14 -8
73 -14 -11
73 -14 -22
73 -15 0
73 -15 -8
73 -15 -11
73 -15 -16
73 -16 -1
73 -16 -2
73 -16 -12
73 -16 -14
73 -17 -1
73 -17 -4
73 -17 -15
73 -17 -19
73 -18 -3
73 -18 -10
73 -18 -11
73 -18 -12
73 -18 -16
73 -18 -17
73 -18 -20
73 -19 -14
73 -19 -18
73 -20 0
73 -20 -4
73 -20 -6
73 -20 -17
73 -20 -20
73 -21 -3
73 -22 -6
74 0 -4
74 0 -14
74 0 -20
74 -1 0
74 -1 -2
74 -1 -7
74 -1 -8
74 -1 -9
74 -1 -22
74 -2 -6
74 -2 -7
74 -2 -10
74 -3 0
74 -3 -1
74 -3 -2
74 -3 -10
74 -3 -12
74 -4 -4
74 -5 -1
74 -5 -9
74 -5 -16
74 -6 -16
74 -6 -17
74 -6 -21
74 -7 -1
74 -7 -15
74 -8 0
74 -8 -7
74 -8 -19
74 -9 -7
74 -9 -16
74 -9 -19
74 -10 -2
74 -10 -9
74 -10 -10
74 -10 -17
74 -10 -21
74 -10 -22
74 -11 0
74 -11 -3
74 -11 -5
74 -11 -15
74 -11 -18
74 -13 -3
74 -13 -9
74 -13 -16
74 -13 -22
74 -14 -4
74 -14 -8
74 -14 -11
74 -14 -22
74 -15 0
74 -15 -8
74 -15 -11
74 -15 -16
74 -16 -1
74 -16 -2
74 -16 -12
74 -16 -14
74 -17 -1
74 -17 -4
74 -17 -15
74 -17 -19
74 -18 -3
74 -18 -10
74 -18 -11
74 -18 -12
74 -18 -16
74 -18 -17
74 -18 -20
74 -19 -14
74 -19 -18
74 -20 0
74 -20 -4
74 -20 -6
74 -20 -17
74 -20 -20
74 -21 -3
74 -22 -6
75 0 -4
75 0 -14
75 0 -20
75 -1 0
75 -1 -2
75 -1 -7
75 -1 -8
75 -1 -9
75 -1 -22
75 -2 -6
75 -2 -7
75 -2 -10
75 -3 0
75 -3 -1
75 -3 -2
75 -3 -10
75 -3 -12
75 -4 -4
75 -5 -1
75 -5 -9
75 -5 -16
75 -6 -16
75 -6 -17
75 -6 -21
75 -7 -1
75 -7 -15
75 -8 0
75 -8 -7
75 -8 -19
75 -9 -7
75 -9 -16
75 -9 -19
75 -10 -2
75 -10 -9
75 -10 -10
75 -10 -17
75 -10 -21
75 -10 -22
75 -11 0
75 -11 -3
75 -11 -5
75 -11 -15
75 -11 -18
75 -13 -3
75 -13 -9
75 -13 -16
75 -13 -22
75 -14 -4
75 -14 -8
75 -14 -11
75 -14 -22
75 -15 0
75 -15 -8
75 -15 -11
75 -15 -16
75 -16 -1
75 -16 -2
75 -16 -12
75 -16 -14
75 -17 -1
75 -17 -4
75 -17 -15
75 -17 -19
75 -18 -3
75 -18 -10
75 -18 -11
75 -18 -12
75 -18 -16
75 -18 -17
75 -18 -20
75 -19 -14
75 -19 -18
75 -20 0
75 -20 -4
75 -20 -6
75 -20 -17
75 -20 -20
75 -21 -3
75 -22 -6
76 0 -4
76 0 -14
76 0 -20
76 -1 0
76 -1 -2
76 -1 -7
76 -1 -8
76 -1 -9
76 -1 -22
76 -2 -6
76 -2 -7
76 -2 -10
76 -3 0
76 -3 -1
76 -3 -2
76 -3 -10
76 -3 -12
76 -4 -4
76 -5 -1
76 -5 -9
76 -5 -16
76 -6 -16
76 -6 -17
76 -6 -21
76 -7 -1
76 -7 -15
76 -8 0
76 -8 -7
76 -8 -19
76 -9 -7
76 -9 -16
76 -9 -19
76 -10 -2
76 -10 -9
76 -10 -10
76 -10 -17
76 -10 -21
76 -10 -22
76 -11 0
76 -11 -3
76 -11 -5
76 -11 -15
76 -11 -18
76 -13 -3
76 -13 -9
76 -13 -16
76 -13 -22
76 -14 -4
76 -14 -8
76 -14 -11
76 -14 -22
76 -15 0
76 -15 -8
76 -15 -11
76 -15 -16
76 -16 -1
76 -16 -2
76 -16 -12
76 -16 -14
76 -17 -1
76 -17 -4
76 -17 -15
76 -17 -19
76 -18 -3
76 -18 -10
76 -18 -11
76 -18 -12
76 -18 -16
76 -18 -17
76 -18 -20
76 -19 -14
76 -19 -18
76 -20 0
76 -20 -4
76 -20 -6
76 -20 -17
76 -20 -20
76 -21 -3
76 -22 -6
77 0 -4
77 0 -14
77 0 -20
77 -1 0
77 -1 -2
77 -1 -7
77 -1 -8
77 -1 -9
77 -1 -22
77 -2 -6
77 -2 -7
77 -2 -10
77 -3 0
77 -3 -1
77 -3 -2
77 -3 -10
77 -3 -12
77 -4 -4
77 -5 -1
77 -5 -9
77 -5 -16
77 -6 -16
77 -6 -17
77 -6 -21
77 -7 -1
77 -7 -15
77 -8 0
77 -8 -7
77 -8 -19
77 -9 -7
77 -9 -16
77 -9 -19
77 -10 -2
77 -10 -9
77 -10 -10
77 -10 -17
77 -10 -21
77 -10 -22
77 -11 0
77 -11 -3
77 -11 -5
77 -11 -15
77 -11 -18
77 -13 -3
77 -13 -9
77 -13 -16
77 -13 -22
77 -14 -4
77 -14 -8
77 -14 -11
77 -14 -22
77 -15 0
77 -15 -8
77 -15 -11
77 -15 -16
77 -16 -1
77 -16 -2
77 -16 -12
77 -16 -14
77 -17 -1
77 -17 -4
77 -17 -15
77 -17 -19
77 -18 -3
77 -18 -10
77 -18 -11
77 -18 -12
77 -18 -16
77 -18 -17
77 -18 -20
77 -19 -14
77 -19 -18
77 -20 0
77 -20 -4
77 -20 -6
77 -20 -17
77 -20 -20
77 -21 -3
77 -22 -6
78 0 -4
78 0 -14
78 0 -20
78 -1 0
78 -1 -2
78 -1 -7
78 -1 -8
78 -1 -9
78 -1 -22
78 -2 -6
78 -2 -7
78 -2 -10
78 -3 0
78 -3 -1
78 -3 -2
78 -3 -10
78 -3 -12
78 -4 -4
78 -5 -1
78 -5 -9
78 -5 -16
78 -6 -16
78 -6 -17
78 -6 -21
78 -7 -1
78 -7 -15
78 -8 0
78 -8 -7
78 -8 -19
78 -9 -7
78 -9 -16
78 -9 -19
78 -10 -2
78 -10 -9
78 -10 -10
78 -10 -17
78 -10 -21
78 -10 -22
78 -11 0
78 -11 -3
78 -11 -5
78 -11 -15
78 -11 -18
78 -13 -3
78 -13 -9
78 -13 -16
78 -13 -22
78 -14 -4
78 -14 -8
78 -14 -11
78 -14 -22
78 -15 0
78 -15 -8
78 -15 -11
78 -15 -16
78 -16 -1
78 -16 -2
78 -16 -12
78 -16 -14
78 -17 -1
78 -17 -4
78 -17 -15
78 -17 -19
78 -18 -3
78 -18 -10
78 -18 -11
78 -18 -12
78 -18 -16
78 -18 -17
78 -18 -20
78 -19 -14
78 -19 -18
78 -20 0
78 -20 -4
78 -20 -6
78 -20 -17
78 -20 -20
78 -21 -3
78 -22 -6
-1 -1 -1
44
34
9
13
59
23
72
6
2
32
1
22
28
3
24
31
30
47
38
49
8
15
18
64
61
62
29
76
68
42
5
54
0
60
4
73
35
66
67
10
48
33
69
70
74
37
45
17
20
50
75
56
26
63
53
57
58
51
7
71
78
46
39
12
77
27
43
21
16
41
55
52
11
65
40
36
25
19
14
  0.061024 seconds (154.00 k allocations: 5.150 MiB)
