950 0 0 0 0 0 0 0 0 0 0 0 0 0 0 0 0 0 0 0 0 0 0 0 0 0 0 0 0 0 0 0 0 0 0 0 0 0 0 0 0 0 0
0 0 0 0 0 0 0 0 0 0 0 0 0 0 0 0 0 0 0 0 0 0 0 0 0 0 0 0 0 0 0 0 0 0 0 0 0 0 0 0 0 0 0
0 0 0 0 0 0 0 0 0 0 0 0 0 0 0 0 0 0 0 0 0 0 0 0 0 0 0 0 0 0 0 0 0 0 0 0 0 0 0 0 0 0 0
0 0 0 0 0 0 0 0 0 0 0 0 0 0 0 0 0 0 0 0 0 0 0 0 0 0 0 0 0 0 0 0 0 0 0 0 0 0 0 0 0 0 0
0 0 0 0 0 0 0 0 0 0 0 0 0 0 0 0 0 0 0 0 0 0 0 0 0 0 0 0 0 0 0 0 0 0 0 0 0 0 0 0 0 0 0
0 0 0 0 0 0 0 0 0 0 0 0 0 0 0 0 0 0 0 0 0 0 0 0 0 0 0 0 0 0 0 0 0 0 0 0 0 0 0 0 0 0 0
0 0 0 0 0 0 0 0 0 0 0 0 0 0 0 0 0 0 0 0 0 0 0 0 0 0 0 0 0 0 0 0 0 0 0 0 0 0 0 0 0 0 0
0 0 0 0 0 0 0 0 0 0 0 0 0 0 0 0 0 0 0 0 0 0 0 0 0 0 0 0 0 0 0 0 0 0 0 0 0 0 0 0 0 0 0
0 0 0 0 0 0 0 0 0 0 0 0 0 0 0 0 0 0 0 0 0 0 0 0 0 0 0 0 0 0 0 0 0 0 0 0 0 0 0 0 0 0 0
0 0 0 0 0 0 0 0 0 0 0 0 0 0 0 0 0 0 0 0 0 0 0 0 0 0 0 0 0 0 0 0 0 0 0 0 0 0 0 0 0 0 0
0 0 0 0 0 0 0 0 0 0 0 0 0 0 0 0 0 0 0 0 0 0 0 0 0 0 0 0 0 0 0 0 0 0 0 0 0 0 0 0 0 0 0
0 0 0 0 0 0 0 0 0 0 0 0 0 0 0 0 0 0 0 0 0 0 0 0 0 0 0 0 0 0 0 0 0 0 0 0 0 0 0 0 0 0 0
0 0 0 0 0 0 0 0 0 0 0 0 0 0 0 0 0 0 0 0 0 0 0 0 0 0 0 0 0 0 0 0 0 0 0 0 0 0 0 0 0 0 0
0 0 0 0 0 0 0 0 0 0 0 0 0 0 0 0 0 0 0 0 0 0 0 0 0 0 0 0 0 0 0 0 0 0 0 0 0 0 0 0 0 0 0
0 0 0 0 0 0 0 0 0 0 0 0 0 0 0 0 0 0 0 0 0 0 0 0 0 0 0 0 0 0 0 0 0 0 0 0 0 0 0 0 0 0 0
0 0 0 0 0 0 0 0 0 0 0 0 0 0 0 0 0 0 0 0 0 0 0 0 0 0 0 0 0 0 0 0 0 0 0 0 0 0 0 0 0 0 0
0 0 0 0 0 0 0 0 0 0 0 0 0 0 0 0 0 0 0 0 0 0 0 0 0 0 0 0 0 0 0 0 0 0 0 0 0 0 0 0 0 0 0
0 0 0 0 0 0 0 0 0 0 0 0 0 0 0 0 0 0 0 0 0 0 0 0 0 0 0 0 0 0 0 0 0 0 0 0 0 0 0 0 0 0 0
0 0 0 0 0 0 0 0 0 0 0 0 0 0 0 0 0 0 0 0 0 0 0 0 0 0 0 0 0 0 0 0 0 0 0 0 0 0 0 0 0 0 0
0 0 0 0 0 0 0 0 0 0 0 0 0 0 0 0 0 0 0 0 0 0 0 0 0 0 0 0 0 0 0 0 0 0 0 0 0 0 0 0 0 0 0
0 0 0 0 0 0 0 0 0 0 0 0 0 0 0 0 0 0 0 0 0 0 0 0 0 0 0 0 0 0 0 0 0 0 0 0 0 0 0 0 0 0 0
0 0 0 0 0 0 0 0 0 0 0 0 0 0 0 0 0 0 0 0 0 0 0 0 0 0 0 0 0 0 0 0 0 0 0 0 0 0 0 0 0 0 0
0 0 0 0 0 0 0 0 0 0 0 0 0 0 0 0 0 0 0 0 0 0 0 0 0 0 0 0 0 0 0 0 0 0 0 0 0 0 0 0 0 0 0
0 0 0 0 0 0 0 0 0 0 0 0 0 0 0 0 0 0 0 0 0 0 0 0 0 0 0 0 0 0 0 0 0 0 0 0 0 0 0 0 0 0 0
0 0 0 0 0 0 0 0 0 0 0 0 0 0 0 0 0 0 0 0 0 0 0 0 0 0 0 0 0 0 0 0 0 0 0 0 0 0 0 0 0 0 0
0 0 0 0 0 0 0 0 0 0 0 0 0 0 0 0 0 0 0 0 0 0 0 0 0 0 0 0 0 0 0 0 0 0 0 0 0 0 0 0 0 0 0
0 0 0 0 0 0 0 0 0 0 0 0 0 0 0 0 0 0 0 0 0 0 0 0 0 0 0 0 0 0 0 0 0 0 0 0 0 0 0 0 0 0 0
0 0 0 0 0 0 0 0 0 0 0 0 0 0 0 0 0 0 0 0 0 0 0 0 0 0 0 0 0 0 0 0 0 0 0 0 0 0 0 0 0 0 0
0 0 0 0 0 0 0 0 0 0 0 0 0 0 0 0 0 0 0 0 0 0 0 0 0 0 0 0 0 0 0 0 0 0 0 0 0 0 0 0 0 0 0
0 0 0 0 0 0 0 0 0 0 0 0 0 0 0 0 0 0 0 0 0 0 0 0 0 0 0 0 0 0 0 0 0 0 0 0 0 0 0 0 0 0 0
0 0 0 0 0 0 0 0 0 0 0 0 0 0 0 0 0 0 0 0 0 0 0 0 0 0 0 0 0 0 0 0 0 0 0 0 0 0 0 0 0 0 0
0 0 0 0 0 0 0 0 0 0 0 0 0 0 0 0 0 0 0 0 0 0 0 0 0 0 0 0 0 0 0 0 0 0 0 0 0 0 0 0 0 0 0
0 0 0 0 0 0 0 0 0 0 0 0 0 0 0 0 0 0 0 0 0 0 0 0 0 0 0 0 0 0 0 0 0 0 0 0 0 0 0 0 0 0 0
0 0 0 0 0 0 0 0 0 0 0 0 0 0 0 0 0 0 0 0 0 0 0 0 0 0 0 0 0 0 0 0 0 0 0 0 0 0 0 0 0 0 0
0 0 0 0 0 0 0 0 0 0 0 0 0 0 0 0 0 0 0 0 0 0 0 0 0 0 0 0 0 0 0 0 0 0 0 0 0 0 0 0 0 0 0
0 0 0 0 0 0 0 0 0 0 0 0 0 0 0 0 0 0 0 0 0 0 0 0 0 0 0 0 0 0 0 0 0 0 0 0 0 0 0 0 0 0 0
0 0 0 0 0 0 0 0 0 0 0 0 0 0 0 0 0 0 0 0 0 0 0 0 0 0 0 0 0 0 0 0 0 0 0 0 0 0 0 0 0 0 0
0 0 0 0 0 0 0 0 0 0 0 0 0 0 0 0 0 0 0 0 0 0 0 0 0 0 0 0 0 0 0 0 0 0 0 0 0 0 0 0 0 0 0
0 0 0 0 0 0 0 0 0 0 0 0 0 0 0 0 0 0 0 0 0 0 0 0 0 0 0 0 0 0 0 0 0 0 0 0 0 0 0 0 0 0 0
0 0 0 0 0 0 0 0 0 0 0 0 0 0 0 0 0 0 0 0 0 0 0 0 0 0 0 0 0 0 0 0 0 0 0 0 0 0 0 0 0 0 0
0 0 0 0 0 0 0 0 0 0 0 0 0 0 0 0 0 0 0 0 0 0 0 0 0 0 0 0 0 0 0 0 0 0 0 0 0 0 0 0 0 0 0
0 0 0 0 0 0 0 0 0 0 0 0 0 0 0 0 0 0 0 0 0 0 0 0 0 0 0 0 0 0 0 0 0 0 0 0 0 0 0 0 0 0 0
0 0 0 0 0 0 0 0 0 0 0 0 0 0 0 0 0 0 0 0 0 0 0 0 0 0 0 0 0 0 0 0 0 0 0 0 0 0 0 0 0 0 0
0 0 -3
0 0 -34
0 0 -40
0 -1 -26
0 -2 -15
0 -2 -41
0 -3 -1
0 -5 -7
0 -6 -24
0 -6 -30
0 -7 -14
0 -7 -33
0 -7 -38
0 -8 -12
0 -8 -15
0 -8 -16
0 -9 -27
0 -10 -3
0 -10 -25
0 -11 -8
0 -11 -9
0 -12 -18
0 -12 -21
0 -13 -37
0 -16 -10
0 -16 -23
0 -16 -32
0 -16 -38
0 -18 0
0 -18 -1
0 -19 -32
0 -20 -5
0 -20 -10
0 -20 -20
0 -20 -35
0 -21 -33
0 -22 -8
0 -22 -10
0 -24 -15
0 -24 -40
0 -26 -36
0 -26 -39
0 -28 -30
0 -29 -4
0 -29 -19
0 -29 -26
0 -30 -8
0 -30 -28
0 -30 -42
0 -31 -11
0 -32 -36
0 -34 -2
0 -34 -17
0 -34 -18
0 -34 -27
0 -35 -29
0 -36 -23
0 -38 0
0 -38 -11
0 -38 -33
0 -38 -37
0 -38 -40
0 -39 -7
0 -39 -31
0 -39 -36
0 -39 -39
0 -40 -6
0 -41 -6
0 -41 -16
0 -41 -24
0 -41 -29
1 0 -3
1 0 -34
1 0 -40
1 -1 -26
1 -2 -15
1 -2 -41
1 -3 -1
1 -5 -7
1 -6 -24
1 -6 -30
1 -7 -14
1 -7 -33
1 -7 -38
1 -8 -12
1 -8 -15
1 -8 -16
1 -9 -27
1 -10 -3
1 -10 -25
1 -11 -8
1 -11 -9
1 -12 -18
1 -12 -21
1 -13 -37
1 -16 -10
1 -16 -23
1 -16 -32
1 -16 -38
1 -18 0
1 -18 -1
1 -19 -32
1 -20 -5
1 -20 -10
1 -20 -20
1 -20 -35
1 -21 -33
1 -22 -8
1 -22 -10
1 -24 -15
1 -24 -40
1 -26 -36
1 -26 -39
1 -28 -30
1 -29 -4
1 -29 -19
1 -29 -26
1 -30 -8
1 -30 -28
1 -30 -42
1 -31 -11
1 -32 -36
1 -34 -2
1 -34 -17
1 -34 -18
1 -34 -27
1 -35 -29
1 -36 -23
1 -38 0
1 -38 -11
1 -38 -33
1 -38 -37
1 -38 -40
1 -39 -7
1 -39 -31
1 -39 -36
1 -39 -39
1 -40 -6
1 -41 -6
1 -41 -16
1 -41 -24
1 -41 -29
2 0 -3
2 0 -34
2 0 -40
2 -1 -26
2 -2 -15
2 -2 -41
2 -3 -1
2 -5 -7
2 -6 -24
2 -6 -30
2 -7 -14
2 -7 -33
2 -7 -38
2 -8 -12
2 -8 -15
2 -8 -16
2 -9 -27
2 -10 -3
2 -10 -25
2 -11 -8
2 -11 -9
2 -12 -18
2 -12 -21
2 -13 -37
2 -16 -10
2 -16 -23
2 -16 -32
2 -16 -38
2 -18 0
2 -18 -1
2 -19 -32
2 -20 -5
2 -20 -10
2 -20 -20
2 -20 -35
2 -21 -33
2 -22 -8
2 -22 -10
2 -24 -15
2 -24 -40
2 -26 -36
2 -26 -39
2 -28 -30
2 -29 -4
2 -29 -19
2 -29 -26
2 -30 -8
2 -30 -28
2 -30 -42
2 -31 -11
2 -32 -36
2 -34 -2
2 -34 -17
2 -34 -18
2 -34 -27
2 -35 -29
2 -36 -23
2 -38 0
2 -38 -11
2 -38 -33
2 -38 -37
2 -38 -40
2 -39 -7
2 -39 -31
2 -39 -36
2 -39 -39
2 -40 -6
2 -41 -6
2 -41 -16
2 -41 -24
2 -41 -29
3 0 -3
3 0 -34
3 0 -40
3 -1 -26
3 -2 -15
3 -2 -41
3 -3 -1
3 -5 -7
3 -6 -24
3 -6 -30
3 -7 -14
3 -7 -33
3 -7 -38
3 -8 -12
3 -8 -15
3 -8 -16
3 -9 -27
3 -10 -3
3 -10 -25
3 -11 -8
3 -11 -9
3 -12 -18
3 -12 -21
3 -13 -37
3 -16 -10
3 -16 -23
3 -16 -32
3 -16 -38
3 -18 0
3 -18 -1
3 -19 -32
3 -20 -5
3 -20 -10
3 -20 -20
3 -20 -35
3 -21 -33
3 -22 -8
3 -22 -10
3 -24 -15
3 -24 -40
3 -26 -36
3 -26 -39
3 -28 -30
3 -29 -4
3 -29 -19
3 -29 -26
3 -30 -8
3 -30 -28
3 -30 -42
3 -31 -11
3 -32 -36
3 -34 -2
3 -34 -17
3 -34 -18
3 -34 -27
3 -35 -29
3 -36 -23
3 -38 0
3 -38 -11
3 -38 -33
3 -38 -37
3 -38 -40
3 -39 -7
3 -39 -31
3 -39 -36
3 -39 -39
3 -40 -6
3 -41 -6
3 -41 -16
3 -41 -24
3 -41 -29
4 0 -3
4 0 -34
4 0 -40
4 -1 -26
4 -2 -15
4 -2 -41
4 -3 -1
4 -5 -7
4 -6 -24
4 -6 -30
4 -7 -14
4 -7 -33
4 -7 -38
4 -8 -12
4 -8 -15
4 -8 -16
4 -9 -27
4 -10 -3
4 -10 -25
4 -11 -8
4 -11 -9
4 -12 -18
4 -12 -21
4 -13 -37
4 -16 -10
4 -16 -23
4 -16 -32
4 -16 -38
4 -18 0
4 -18 -1
4 -19 -32
4 -20 -5
4 -20 -10
4 -20 -20
4 -20 -35
4 -21 -33
4 -22 -8
4 -22 -10
4 -24 -15
4 -24 -40
4 -26 -36
4 -26 -39
4 -28 -30
4 -29 -4
4 -29 -19
4 -29 -26
4 -30 -8
4 -30 -28
4 -30 -42
4 -31 -11
4 -32 -36
4 -34 -2
4 -34 -17
4 -34 -18
4 -34 -27
4 -35 -29
4 -36 -23
4 -38 0
4 -38 -11
4 -38 -33
4 -38 -37
4 -38 -40
4 -39 -7
4 -39 -31
4 -39 -36
4 -39 -39
4 -40 -6
4 -41 -6
4 -41 -16
4 -41 -24
4 -41 -29
5 0 -3
5 0 -34
5 0 -40
5 -1 -26
5 -2 -15
5 -2 -41
5 -3 -1
5 -5 -7
5 -6 -24
5 -6 -30
5 -7 -14
5 -7 -33
5 -7 -38
5 -8 -12
5 -8 -15
5 -8 -16
5 -9 -27
5 -10 -3
5 -10 -25
5 -11 -8
5 -11 -9
5 -12 -18
5 -12 -21
5 -13 -37
5 -16 -10
5 -16 -23
5 -16 -32
5 -16 -38
5 -18 0
5 -18 -1
5 -19 -32
5 -20 -5
5 -20 -10
5 -20 -20
5 -20 -35
5 -21 -33
5 -22 -8
5 -22 -10
5 -24 -15
5 -24 -40
5 -26 -36
5 -26 -39
5 -28 -30
5 -29 -4
5 -29 -19
5 -29 -26
5 -30 -8
5 -30 -28
5 -30 -42
5 -31 -11
5 -32 -36
5 -34 -2
5 -34 -17
5 -34 -18
5 -34 -27
5 -35 -29
5 -36 -23
5 -38 0
5 -38 -11
5 -38 -33
5 -38 -37
5 -38 -40
5 -39 -7
5 -39 -31
5 -39 -36
5 -39 -39
5 -40 -6
5 -41 -6
5 -41 -16
5 -41 -24
5 -41 -29
6 0 -3
6 0 -34
6 0 -40
6 -1 -26
6 -2 -15
6 -2 -41
6 -3 -1
6 -5 -7
6 -6 -24
6 -6 -30
6 -7 -14
6 -7 -33
6 -7 -38
6 -8 -12
6 -8 -15
6 -8 -16
6 -9 -27
6 -10 -3
6 -10 -25
6 -11 -8
6 -11 -9
6 -12 -18
6 -12 -21
6 -13 -37
6 -16 -10
6 -16 -23
6 -16 -32
6 -16 -38
6 -18 0
6 -18 -1
6 -19 -32
6 -20 -5
6 -20 -10
6 -20 -20
6 -20 -35
6 -21 -33
6 -22 -8
6 -22 -10
6 -24 -15
6 -24 -40
6 -26 -36
6 -26 -39
6 -28 -30
6 -29 -4
6 -29 -19
6 -29 -26
6 -30 -8
6 -30 -28
6 -30 -42
6 -31 -11
6 -32 -36
6 -34 -2
6 -34 -17
6 -34 -18
6 -34 -27
6 -35 -29
6 -36 -23
6 -38 0
6 -38 -11
6 -38 -33
6 -38 -37
6 -38 -40
6 -39 -7
6 -39 -31
6 -39 -36
6 -39 -39
6 -40 -6
6 -41 -6
6 -41 -16
6 -41 -24
6 -41 -29
7 0 -3
7 0 -34
7 0 -40
7 -1 -26
7 -2 -15
7 -2 -41
7 -3 -1
7 -5 -7
7 -6 -24
7 -6 -30
7 -7 -14
7 -7 -33
7 -7 -38
7 -8 -12
7 -8 -15
7 -8 -16
7 -9 -27
7 -10 -3
7 -10 -25
7 -11 -8
7 -11 -9
7 -12 -18
7 -12 -21
7 -13 -37
7 -16 -10
7 -16 -23
7 -16 -32
7 -16 -38
7 -18 0
7 -18 -1
7 -19 -32
7 -20 -5
7 -20 -10
7 -20 -20
7 -20 -35
7 -21 -33
7 -22 -8
7 -22 -10
7 -24 -15
7 -24 -40
7 -26 -36
7 -26 -39
7 -28 -30
7 -29 -4
7 -29 -19
7 -29 -26
7 -30 -8
7 -30 -28
7 -30 -42
7 -31 -11
7 -32 -36
7 -34 -2
7 -34 -17
7 -34 -18
7 -34 -27
7 -35 -29
7 -36 -23
7 -38 0
7 -38 -11
7 -38 -33
7 -38 -37
7 -38 -40
7 -39 -7
7 -39 -31
7 -39 -36
7 -39 -39
7 -40 -6
7 -41 -6
7 -41 -16
7 -41 -24
7 -41 -29
8 0 -3
8 0 -34
8 0 -40
8 -1 -26
8 -2 -15
8 -2 -41
8 -3 -1
8 -5 -7
8 -6 -24
8 -6 -30
8 -7 -14
8 -7 -33
8 -7 -38
8 -8 -12
8 -8 -15
8 -8 -16
8 -9 -27
8 -10 -3
8 -10 -25
8 -11 -8
8 -11 -9
8 -12 -18
8 -12 -21
8 -13 -37
8 -16 -10
8 -16 -23
8 -16 -32
8 -16 -38
8 -18 0
8 -18 -1
8 -19 -32
8 -20 -5
8 -20 -10
8 -20 -20
8 -20 -35
8 -21 -33
8 -22 -8
8 -22 -10
8 -24 -15
8 -24 -40
8 -26 -36
8 -26 -39
8 -28 -30
8 -29 -4
8 -29 -19
8 -29 -26
8 -30 -8
8 -30 -28
8 -30 -42
8 -31 -11
8 -32 -36
8 -34 -2
8 -34 -17
8 -34 -18
8 -34 -27
8 -35 -29
8 -36 -23
8 -38 0
8 -38 -11
8 -38 -33
8 -38 -37
8 -38 -40
8 -39 -7
8 -39 -31
8 -39 -36
8 -39 -39
8 -40 -6
8 -41 -6
8 -41 -16
8 -41 -24
8 -41 -29
9 0 -3
9 0 -34
9 0 -40
9 -1 -26
9 -2 -15
9 -2 -41
9 -3 -1
9 -5 -7
9 -6 -24
9 -6 -30
9 -7 -14
9 -7 -33
9 -7 -38
9 -8 -12
9 -8 -15
9 -8 -16
9 -9 -27
9 -10 -3
9 -10 -25
9 -11 -8
9 -11 -9
9 -12 -18
9 -12 -21
9 -13 -37
9 -16 -10
9 -16 -23
9 -16 -32
9 -16 -38
9 -18 0
9 -18 -1
9 -19 -32
9 -20 -5
9 -20 -10
9 -20 -20
9 -20 -35
9 -21 -33
9 -22 -8
9 -22 -10
9 -24 -15
9 -24 -40
9 -26 -36
9 -26 -39
9 -28 -30
9 -29 -4
9 -29 -19
9 -29 -26
9 -30 -8
9 -30 -28
9 -30 -42
9 -31 -11
9 -32 -36
9 -34 -2
9 -34 -17
9 -34 -18
9 -34 -27
9 -35 -29
9 -36 -23
9 -38 0
9 -38 -11
9 -38 -33
9 -38 -37
9 -38 -40
9 -39 -7
9 -39 -31
9 -39 -36
9 -39 -39
9 -40 -6
9 -41 -6
9 -41 -16
9 -41 -24
9 -41 -29
10 0 -3
10 0 -34
10 0 -40
10 -1 -26
10 -2 -15
10 -2 -41
10 -3 -1
10 -5 -7
10 -6 -24
10 -6 -30
10 -7 -14
10 -7 -33
10 -7 -38
10 -8 -12
10 -8 -15
10 -8 -16
10 -9 -27
10 -10 -3
10 -10 -25
10 -11 -8
10 -11 -9
10 -12 -18
10 -12 -21
10 -13 -37
10 -16 -10
10 -16 -23
10 -16 -32
10 -16 -38
10 -18 0
10 -18 -1
10 -19 -32
10 -20 -5
10 -20 -10
10 -20 -20
10 -20 -35
10 -21 -33
10 -22 -8
10 -22 -10
10 -24 -15
10 -24 -40
10 -26 -36
10 -26 -39
10 -28 -30
10 -29 -4
10 -29 -19
10 -29 -26
10 -30 -8
10 -30 -28
10 -30 -42
10 -31 -11
10 -32 -36
10 -34 -2
10 -34 -17
10 -34 -18
10 -34 -27
10 -35 -29
10 -36 -23
10 -38 0
10 -38 -11
10 -38 -33
10 -38 -37
10 -38 -40
10 -39 -7
10 -39 -31
10 -39 -36
10 -39 -39
10 -40 -6
10 -41 -6
10 -41 -16
10 -41 -24
10 -41 -29
11 0 -3
11 0 -34
11 0 -40
11 -1 -26
11 -2 -15
11 -2 -41
11 -3 -1
11 -5 -7
11 -6 -24
11 -6 -30
11 -7 -14
11 -7 -33
11 -7 -38
11 -8 -12
11 -8 -15
11 -8 -16
11 -9 -27
11 -10 -3
11 -10 -25
11 -11 -8
11 -11 -9
11 -12 -18
11 -12 -21
11 -13 -37
11 -16 -10
11 -16 -23
11 -16 -32
11 -16 -38
11 -18 0
11 -18 -1
11 -19 -32
11 -20 -5
11 -20 -10
11 -20 -20
11 -20 -35
11 -21 -33
11 -22 -8
11 -22 -10
11 -24 -15
11 -24 -40
11 -26 -36
11 -26 -39
11 -28 -30
11 -29 -4
11 -29 -19
11 -29 -26
11 -30 -8
11 -30 -28
11 -30 -42
11 -31 -11
11 -32 -36
11 -34 -2
11 -34 -17
11 -34 -18
11 -34 -27
11 -35 -29
11 -36 -23
11 -38 0
11 -38 -11
11 -38 -33
11 -38 -37
11 -38 -40
11 -39 -7
11 -39 -31
11 -39 -36
11 -39 -39
11 -40 -6
11 -41 -6
11 -41 -16
11 -41 -24
11 -41 -29
12 0 -3
12 0 -34
12 0 -40
12 -1 -26
12 -2 -15
12 -2 -41
12 -3 -1
12 -5 -7
12 -6 -24
12 -6 -30
12 -7 -14
12 -7 -33
12 -7 -38
12 -8 -12
12 -8 -15
12 -8 -16
12 -9 -27
12 -10 -3
12 -10 -25
12 -11 -8
12 -11 -9
12 -12 -18
12 -12 -21
12 -13 -37
12 -16 -10
12 -16 -23
12 -16 -32
12 -16 -38
12 -18 0
12 -18 -1
12 -19 -32
12 -20 -5
12 -20 -10
12 -20 -20
12 -20 -35
12 -21 -33
12 -22 -8
12 -22 -10
12 -24 -15
12 -24 -40
12 -26 -36
12 -26 -39
12 -28 -30
12 -29 -4
12 -29 -19
12 -29 -26
12 -30 -8
12 -30 -28
12 -30 -42
12 -31 -11
12 -32 -36
12 -34 -2
12 -34 -17
12 -34 -18
12 -34 -27
12 -35 -29
12 -36 -23
12 -38 0
12 -38 -11
12 -38 -33
12 -38 -37
12 -38 -40
12 -39 -7
12 -39 -31
12 -39 -36
12 -39 -39
12 -40 -6
12 -41 -6
12 -41 -16
12 -41 -24
12 -41 -29
13 0 -3
13 0 -34
13 0 -40
13 -1 -26
13 -2 -15
13 -2 -41
13 -3 -1
13 -5 -7
13 -6 -24
13 -6 -30
13 -7 -14
13 -7 -33
13 -7 -38
13 -8 -12
13 -8 -15
13 -8 -16
13 -9 -27
13 -10 -3
13 -10 -25
13 -11 -8
13 -11 -9
13 -12 -18
13 -12 -21
13 -13 -37
13 -16 -10
13 -16 -23
13 -16 -32
13 -16 -38
13 -18 0
13 -18 -1
13 -19 -32
13 -20 -5
13 -20 -10
13 -20 -20
13 -20 -35
13 -21 -33
13 -22 -8
13 -22 -10
13 -24 -15
13 -24 -40
13 -26 -36
13 -26 -39
13 -28 -30
13 -29 -4
13 -29 -19
13 -29 -26
13 -30 -8
13 -30 -28
13 -30 -42
13 -31 -11
13 -32 -36
13 -34 -2
13 -34 -17
13 -34 -18
13 -34 -27
13 -35 -29
13 -36 -23
13 -38 0
13 -38 -11
13 -38 -33
13 -38 -37
13 -38 -40
13 -39 -7
13 -39 -31
13 -39 -36
13 -39 -39
13 -40 -6
13 -41 -6
13 -41 -16
13 -41 -24
13 -41 -29
14 0 -3
14 0 -34
14 0 -40
14 -1 -26
14 -2 -15
14 -2 -41
14 -3 -1
14 -5 -7
14 -6 -24
14 -6 -30
14 -7 -14
14 -7 -33
14 -7 -38
14 -8 -12
14 -8 -15
14 -8 -16
14 -9 -27
14 -10 -3
14 -10 -25
14 -11 -8
14 -11 -9
14 -12 -18
14 -12 -21
14 -13 -37
14 -16 -10
14 -16 -23
14 -16 -32
14 -16 -38
14 -18 0
14 -18 -1
14 -19 -32
14 -20 -5
14 -20 -10
14 -20 -20
14 -20 -35
14 -21 -33
14 -22 -8
14 -22 -10
14 -24 -15
14 -24 -40
14 -26 -36
14 -26 -39
14 -28 -30
14 -29 -4
14 -29 -19
14 -29 -26
14 -30 -8
14 -30 -28
14 -30 -42
14 -31 -11
14 -32 -36
14 -34 -2
14 -34 -17
14 -34 -18
14 -34 -27
14 -35 -29
14 -36 -23
14 -38 0
14 -38 -11
14 -38 -33
14 -38 -37
14 -38 -40
14 -39 -7
14 -39 -31
14 -39 -36
14 -39 -39
14 -40 -6
14 -41 -6
14 -41 -16
14 -41 -24
14 -41 -29
15 0 -3
15 0 -34
15 0 -40
15 -1 -26
15 -2 -15
15 -2 -41
15 -3 -1
15 -5 -7
15 -6 -24
15 -6 -30
15 -7 -14
15 -7 -33
15 -7 -38
15 -8 -12
15 -8 -15
15 -8 -16
15 -9 -27
15 -10 -3
15 -10 -25
15 -11 -8
15 -11 -9
15 -12 -18
15 -12 -21
15 -13 -37
15 -16 -10
15 -16 -23
15 -16 -32
15 -16 -38
15 -18 0
15 -18 -1
15 -19 -32
15 -20 -5
15 -20 -10
15 -20 -20
15 -20 -35
15 -21 -33
15 -22 -8
15 -22 -10
15 -24 -15
15 -24 -40
15 -26 -36
15 -26 -39
15 -28 -30
15 -29 -4
15 -29 -19
15 -29 -26
15 -30 -8
15 -30 -28
15 -30 -42
15 -31 -11
15 -32 -36
15 -34 -2
15 -34 -17
15 -34 -18
15 -34 -27
15 -35 -29
15 -36 -23
15 -38 0
15 -38 -11
15 -38 -33
15 -38 -37
15 -38 -40
15 -39 -7
15 -39 -31
15 -39 -36
15 -39 -39
15 -40 -6
15 -41 -6
15 -41 -16
15 -41 -24
15 -41 -29
16 0 -3
16 0 -34
16 0 -40
16 -1 -26
16 -2 -15
16 -2 -41
16 -3 -1
16 -5 -7
16 -6 -24
16 -6 -30
16 -7 -14
16 -7 -33
16 -7 -38
16 -8 -12
16 -8 -15
16 -8 -16
16 -9 -27
16 -10 -3
16 -10 -25
16 -11 -8
16 -11 -9
16 -12 -18
16 -12 -21
16 -13 -37
16 -16 -10
16 -16 -23
16 -16 -32
16 -16 -38
16 -18 0
16 -18 -1
16 -19 -32
16 -20 -5
16 -20 -10
16 -20 -20
16 -20 -35
16 -21 -33
16 -22 -8
16 -22 -10
16 -24 -15
16 -24 -40
16 -26 -36
16 -26 -39
16 -28 -30
16 -29 -4
16 -29 -19
16 -29 -26
16 -30 -8
16 -30 -28
16 -30 -42
16 -31 -11
16 -32 -36
16 -34 -2
16 -34 -17
16 -34 -18
16 -34 -27
16 -35 -29
16 -36 -23
16 -38 0
16 -38 -11
16 -38 -33
16 -38 -37
16 -38 -40
16 -39 -7
16 -39 -31
16 -39 -36
16 -39 -39
16 -40 -6
16 -41 -6
16 -41 -16
16 -41 -24
16 -41 -29
17 0 -3
17 0 -34
17 0 -40
17 -1 -26
17 -2 -15
17 -2 -41
17 -3 -1
17 -5 -7
17 -6 -24
17 -6 -30
17 -7 -14
17 -7 -33
17 -7 -38
17 -8 -12
17 -8 -15
17 -8 -16
17 -9 -27
17 -10 -3
17 -10 -25
17 -11 -8
17 -11 -9
17 -12 -18
17 -12 -21
17 -13 -37
17 -16 -10
17 -16 -23
17 -16 -32
17 -16 -38
17 -18 0
17 -18 -1
17 -19 -32
17 -20 -5
17 -20 -10
17 -20 -20
17 -20 -35
17 -21 -33
17 -22 -8
17 -22 -10
17 -24 -15
17 -24 -40
17 -26 -36
17 -26 -39
17 -28 -30
17 -29 -4
17 -29 -19
17 -29 -26
17 -30 -8
17 -30 -28
17 -30 -42
17 -31 -11
17 -32 -36
17 -34 -2
17 -34 -17
17 -34 -18
17 -34 -27
17 -35 -29
17 -36 -23
17 -38 0
17 -38 -11
17 -38 -33
17 -38 -37
17 -38 -40
17 -39 -7
17 -39 -31
17 -39 -36
17 -39 -39
17 -40 -6
17 -41 -6
17 -41 -16
17 -41 -24
17 -41 -29
18 0 -3
18 0 -34
18 0 -40
18 -1 -26
18 -2 -15
18 -2 -41
18 -3 -1
18 -5 -7
18 -6 -24
18 -6 -30
18 -7 -14
18 -7 -33
18 -7 -38
18 -8 -12
18 -8 -15
18 -8 -16
18 -9 -27
18 -10 -3
18 -10 -25
18 -11 -8
18 -11 -9
18 -12 -18
18 -12 -21
18 -13 -37
18 -16 -10
18 -16 -23
18 -16 -32
18 -16 -38
18 -18 0
18 -18 -1
18 -19 -32
18 -20 -5
18 -20 -10
18 -20 -20
18 -20 -35
18 -21 -33
18 -22 -8
18 -22 -10
18 -24 -15
18 -24 -40
18 -26 -36
18 -26 -39
18 -28 -30
18 -29 -4
18 -29 -19
18 -29 -26
18 -30 -8
18 -30 -28
18 -30 -42
18 -31 -11
18 -32 -36
18 -34 -2
18 -34 -17
18 -34 -18
18 -34 -27
18 -35 -29
18 -36 -23
18 -38 0
18 -38 -11
18 -38 -33
18 -38 -37
18 -38 -40
18 -39 -7
18 -39 -31
18 -39 -36
18 -39 -39
18 -40 -6
18 -41 -6
18 -41 -16
18 -41 -24
18 -41 -29
19 0 -3
19 0 -34
19 0 -40
19 -1 -26
19 -2 -15
19 -2 -41
19 -3 -1
19 -5 -7
19 -6 -24
19 -6 -30
19 -7 -14
19 -7 -33
19 -7 -38
19 -8 -12
19 -8 -15
19 -8 -16
19 -9 -27
19 -10 -3
19 -10 -25
19 -11 -8
19 -11 -9
19 -12 -18
19 -12 -21
19 -13 -37
19 -16 -10
19 -16 -23
19 -16 -32
19 -16 -38
19 -18 0
19 -18 -1
19 -19 -32
19 -20 -5
19 -20 -10
19 -20 -20
19 -20 -35
19 -21 -33
19 -22 -8
19 -22 -10
19 -24 -15
19 -24 -40
19 -26 -36
19 -26 -39
19 -28 -30
19 -29 -4
19 -29 -19
19 -29 -26
19 -30 -8
19 -30 -28
19 -30 -42
19 -31 -11
19 -32 -36
19 -34 -2
19 -34 -17
19 -34 -18
19 -34 -27
19 -35 -29
19 -36 -23
19 -38 0
19 -38 -11
19 -38 -33
19 -38 -37
19 -38 -40
19 -39 -7
19 -39 -31
19 -39 -36
19 -39 -39
19 -40 -6
19 -41 -6
19 -41 -16
19 -41 -24
19 -41 -29
20 0 -3
20 0 -34
20 0 -40
20 -1 -26
20 -2 -15
20 -2 -41
20 -3 -1
20 -5 -7
20 -6 -24
20 -6 -30
20 -7 -14
20 -7 -33
20 -7 -38
20 -8 -12
20 -8 -15
20 -8 -16
20 -9 -27
20 -10 -3
20 -10 -25
20 -11 -8
20 -11 -9
20 -12 -18
20 -12 -21
20 -13 -37
20 -16 -10
20 -16 -23
20 -16 -32
20 -16 -38
20 -18 0
20 -18 -1
20 -19 -32
20 -20 -5
20 -20 -10
20 -20 -20
20 -20 -35
20 -21 -33
20 -22 -8
20 -22 -10
20 -24 -15
20 -24 -40
20 -26 -36
20 -26 -39
20 -28 -30
20 -29 -4
20 -29 -19
20 -29 -26
20 -30 -8
20 -30 -28
20 -30 -42
20 -31 -11
20 -32 -36
20 -34 -2
20 -34 -17
20 -34 -18
20 -34 -27
20 -35 -29
20 -36 -23
20 -38 0
20 -38 -11
20 -38 -33
20 -38 -37
20 -38 -40
20 -39 -7
20 -39 -31
20 -39 -36
20 -39 -39
20 -40 -6
20 -41 -6
20 -41 -16
20 -41 -24
20 -41 -29
21 0 -3
21 0 -34
21 0 -40
21 -1 -26
21 -2 -15
21 -2 -41
21 -3 -1
21 -5 -7
21 -6 -24
21 -6 -30
21 -7 -14
21 -7 -33
21 -7 -38
21 -8 -12
21 -8 -15
21 -8 -16
21 -9 -27
21 -10 -3
21 -10 -25
21 -11 -8
21 -11 -9
21 -12 -18
21 -12 -21
21 -13 -37
21 -16 -10
21 -16 -23
21 -16 -32
21 -16 -38
21 -18 0
21 -18 -1
21 -19 -32
21 -20 -5
21 -20 -10
21 -20 -20
21 -20 -35
21 -21 -33
21 -22 -8
21 -22 -10
21 -24 -15
21 -24 -40
21 -26 -36
21 -26 -39
21 -28 -30
21 -29 -4
21 -29 -19
21 -29 -26
21 -30 -8
21 -30 -28
21 -30 -42
21 -31 -11
21 -32 -36
21 -34 -2
21 -34 -17
21 -34 -18
21 -34 -27
21 -35 -29
21 -36 -23
21 -38 0
21 -38 -11
21 -38 -33
21 -38 -37
21 -38 -40
21 -39 -7
21 -39 -31
21 -39 -36
21 -39 -39
21 -40 -6
21 -41 -6
21 -41 -16
21 -41 -24
21 -41 -29
22 0 -3
22 0 -34
22 0 -40
22 -1 -26
22 -2 -15
22 -2 -41
22 -3 -1
22 -5 -7
22 -6 -24
22 -6 -30
22 -7 -14
22 -7 -33
22 -7 -38
22 -8 -12
22 -8 -15
22 -8 -16
22 -9 -27
22 -10 -3
22 -10 -25
22 -11 -8
22 -11 -9
22 -12 -18
22 -12 -21
22 -13 -37
22 -16 -10
22 -16 -23
22 -16 -32
22 -16 -38
22 -18 0
22 -18 -1
22 -19 -32
22 -20 -5
22 -20 -10
22 -20 -20
22 -20 -35
22 -21 -33
22 -22 -8
22 -22 -10
22 -24 -15
22 -24 -40
22 -26 -36
22 -26 -39
22 -28 -30
22 -29 -4
22 -29 -19
22 -29 -26
22 -30 -8
22 -30 -28
22 -30 -42
22 -31 -11
22 -32 -36
22 -34 -2
22 -34 -17
22 -34 -18
22 -34 -27
22 -35 -29
22 -36 -23
22 -38 0
22 -38 -11
22 -38 -33
22 -38 -37
22 -38 -40
22 -39 -7
22 -39 -31
22 -39 -36
22 -39 -39
22 -40 -6
22 -41 -6
22 -41 -16
22 -41 -24
22 -41 -29
23 0 -3
23 0 -34
23 0 -40
23 -1 -26
23 -2 -15
23 -2 -41
23 -3 -1
23 -5 -7
23 -6 -24
23 -6 -30
23 -7 -14
23 -7 -33
23 -7 -38
23 -8 -12
23 -8 -15
23 -8 -16
23 -9 -27
23 -10 -3
23 -10 -25
23 -11 -8
23 -11 -9
23 -12 -18
23 -12 -21
23 -13 -37
23 -16 -10
23 -16 -23
23 -16 -32
23 -16 -38
23 -18 0
23 -18 -1
23 -19 -32
23 -20 -5
23 -20 -10
23 -20 -20
23 -20 -35
23 -21 -33
23 -22 -8
23 -22 -10
23 -24 -15
23 -24 -40
23 -26 -36
23 -26 -39
23 -28 -30
23 -29 -4
23 -29 -19
23 -29 -26
23 -30 -8
23 -30 -28
23 -30 -42
23 -31 -11
23 -32 -36
23 -34 -2
23 -34 -17
23 -34 -18
23 -34 -27
23 -35 -29
23 -36 -23
23 -38 0
23 -38 -11
23 -38 -33
23 -38 -37
23 -38 -40
23 -39 -7
23 -39 -31
23 -39 -36
23 -39 -39
23 -40 -6
23 -41 -6
23 -41 -16
23 -41 -24
23 -41 -29
24 0 -3
24 0 -34
24 0 -40
24 -1 -26
24 -2 -15
24 -2 -41
24 -3 -1
24 -5 -7
24 -6 -24
24 -6 -30
24 -7 -14
24 -7 -33
24 -7 -38
24 -8 -12
24 -8 -15
24 -8 -16
24 -9 -27
24 -10 -3
24 -10 -25
24 -11 -8
24 -11 -9
24 -12 -18
24 -12 -21
24 -13 -37
24 -16 -10
24 -16 -23
24 -16 -32
24 -16 -38
24 -18 0
24 -18 -1
24 -19 -32
24 -20 -5
24 -20 -10
24 -20 -20
24 -20 -35
24 -21 -33
24 -22 -8
24 -22 -10
24 -24 -15
24 -24 -40
24 -26 -36
24 -26 -39
24 -28 -30
24 -29 -4
24 -29 -19
24 -29 -26
24 -30 -8
24 -30 -28
24 -30 -42
24 -31 -11
24 -32 -36
24 -34 -2
24 -34 -17
24 -34 -18
24 -34 -27
24 -35 -29
24 -36 -23
24 -38 0
24 -38 -11
24 -38 -33
24 -38 -37
24 -38 -40
24 -39 -7
24 -39 -31
24 -39 -36
24 -39 -39
24 -40 -6
24 -41 -6
24 -41 -16
24 -41 -24
24 -41 -29
25 0 -3
25 0 -34
25 0 -40
25 -1 -26
25 -2 -15
25 -2 -41
25 -3 -1
25 -5 -7
25 -6 -24
25 -6 -30
25 -7 -14
25 -7 -33
25 -7 -38
25 -8 -12
25 -8 -15
25 -8 -16
25 -9 -27
25 -10 -3
25 -10 -25
25 -11 -8
25 -11 -9
25 -12 -18
25 -12 -21
25 -13 -37
25 -16 -10
25 -16 -23
25 -16 -32
25 -16 -38
25 -18 0
25 -18 -1
25 -19 -32
25 -20 -5
25 -20 -10
25 -20 -20
25 -20 -35
25 -21 -33
25 -22 -8
25 -22 -10
25 -24 -15
25 -24 -40
25 -26 -36
25 -26 -39
25 -28 -30
25 -29 -4
25 -29 -19
25 -29 -26
25 -30 -8
25 -30 -28
25 -30 -42
25 -31 -11
25 -32 -36
25 -34 -2
25 -34 -17
25 -34 -18
25 -34 -27
25 -35 -29
25 -36 -23
25 -38 0
25 -38 -11
25 -38 -33
25 -38 -37
25 -38 -40
25 -39 -7
25 -39 -31
25 -39 -36
25 -39 -39
25 -40 -6
25 -41 -6
25 -41 -16
25 -41 -24
25 -41 -29
26 0 -3
26 0 -34
26 0 -40
26 -1 -26
26 -2 -15
26 -2 -41
26 -3 -1
26 -5 -7
26 -6 -24
26 -6 -30
26 -7 -14
26 -7 -33
26 -7 -38
26 -8 -12
26 -8 -15
26 -8 -16
26 -9 -27
26 -10 -3
26 -10 -25
26 -11 -8
26 -11 -9
26 -12 -18
26 -12 -21
26 -13 -37
26 -16 -10
26 -16 -23
26 -16 -32
26 -16 -38
26 -18 0
26 -18 -1
26 -19 -32
26 -20 -5
26 -20 -10
26 -20 -20
26 -20 -35
26 -21 -33
26 -22 -8
26 -22 -10
26 -24 -15
26 -24 -40
26 -26 -36
26 -26 -39
26 -28 -30
26 -29 -4
26 -29 -19
26 -29 -26
26 -30 -8
26 -30 -28
26 -30 -42
26 -31 -11
26 -32 -36
26 -34 -2
26 -34 -17
26 -34 -18
26 -34 -27
26 -35 -29
26 -36 -23
26 -38 0
26 -38 -11
26 -38 -33
26 -38 -37
26 -38 -40
26 -39 -7
26 -39 -31
26 -39 -36
26 -39 -39
26 -40 -6
26 -41 -6
26 -41 -16
26 -41 -24
26 -41 -29
27 0 -3
27 0 -34
27 0 -40
27 -1 -26
27 -2 -15
27 -2 -41
27 -3 -1
27 -5 -7
27 -6 -24
27 -6 -30
27 -7 -14
27 -7 -33
27 -7 -38
27 -8 -12
27 -8 -15
27 -8 -16
27 -9 -27
27 -10 -3
27 -10 -25
27 -11 -8
27 -11 -9
27 -12 -18
27 -12 -21
27 -13 -37
27 -16 -10
27 -16 -23
27 -16 -32
27 -16 -38
27 -18 0
27 -18 -1
27 -19 -32
27 -20 -5
27 -20 -10
27 -20 -20
27 -20 -35
27 -21 -33
27 -22 -8
27 -22 -10
27 -24 -15
27 -24 -40
27 -26 -36
27 -26 -39
27 -28 -30
27 -29 -4
27 -29 -19
27 -29 -26
27 -30 -8
27 -30 -28
27 -30 -42
27 -31 -11
27 -32 -36
27 -34 -2
27 -34 -17
27 -34 -18
27 -34 -27
27 -35 -29
27 -36 -23
27 -38 0
27 -38 -11
27 -38 -33
27 -38 -37
27 -38 -40
27 -39 -7
27 -39 -31
27 -39 -36
27 -39 -39
27 -40 -6
27 -41 -6
27 -41 -16
27 -41 -24
27 -41 -29
28 0 -3
28 0 -34
28 0 -40
28 -1 -26
28 -2 -15
28 -2 -41
28 -3 -1
28 -5 -7
28 -6 -24
28 -6 -30
28 -7 -14
28 -7 -33
28 -7 -38
28 -8 -12
28 -8 -15
28 -8 -16
28 -9 -27
28 -10 -3
28 -10 -25
28 -11 -8
28 -11 -9
28 -12 -18
28 -12 -21
28 -13 -37
28 -16 -10
28 -16 -23
28 -16 -32
28 -16 -38
28 -18 0
28 -18 -1
28 -19 -32
28 -20 -5
28 -20 -10
28 -20 -20
28 -20 -35
28 -21 -33
28 -22 -8
28 -22 -10
28 -24 -15
28 -24 -40
28 -26 -36
28 -26 -39
28 -28 -30
28 -29 -4
28 -29 -19
28 -29 -26
28 -30 -8
28 -30 -28
28 -30 -42
28 -31 -11
28 -32 -36
28 -34 -2
28 -34 -17
28 -34 -18
28 -34 -27
28 -35 -29
28 -36 -23
28 -38 0
28 -38 -11
28 -38 -33
28 -38 -37
28 -38 -40
28 -39 -7
28 -39 -31
28 -39 -36
28 -39 -39
28 -40 -6
28 -41 -6
28 -41 -16
28 -41 -24
28 -41 -29
29 0 -3
29 0 -34
29 0 -40
29 -1 -26
29 -2 -15
29 -2 -41
29 -3 -1
29 -5 -7
29 -6 -24
29 -6 -30
29 -7 -14
29 -7 -33
29 -7 -38
29 -8 -12
29 -8 -15
29 -8 -16
29 -9 -27
29 -10 -3
29 -10 -25
29 -11 -8
29 -11 -9
29 -12 -18
29 -12 -21
29 -13 -37
29 -16 -10
29 -16 -23
29 -16 -32
29 -16 -38
29 -18 0
29 -18 -1
29 -19 -32
29 -20 -5
29 -20 -10
29 -20 -20
29 -20 -35
29 -21 -33
29 -22 -8
29 -22 -10
29 -24 -15
29 -24 -40
29 -26 -36
29 -26 -39
29 -28 -30
29 -29 -4
29 -29 -19
29 -29 -26
29 -30 -8
29 -30 -28
29 -30 -42
29 -31 -11
29 -32 -36
29 -34 -2
29 -34 -17
29 -34 -18
29 -34 -27
29 -35 -29
29 -36 -23
29 -38 0
29 -38 -11
29 -38 -33
29 -38 -37
29 -38 -40
29 -39 -7
29 -39 -31
29 -39 -36
29 -39 -39
29 -40 -6
29 -41 -6
29 -41 -16
29 -41 -24
29 -41 -29
30 0 -3
30 0 -34
30 0 -40
30 -1 -26
30 -2 -15
30 -2 -41
30 -3 -1
30 -5 -7
30 -6 -24
30 -6 -30
30 -7 -14
30 -7 -33
30 -7 -38
30 -8 -12
30 -8 -15
30 -8 -16
30 -9 -27
30 -10 -3
30 -10 -25
30 -11 -8
30 -11 -9
30 -12 -18
30 -12 -21
30 -13 -37
30 -16 -10
30 -16 -23
30 -16 -32
30 -16 -38
30 -18 0
30 -18 -1
30 -19 -32
30 -20 -5
30 -20 -10
30 -20 -20
30 -20 -35
30 -21 -33
30 -22 -8
30 -22 -10
30 -24 -15
30 -24 -40
30 -26 -36
30 -26 -39
30 -28 -30
30 -29 -4
30 -29 -19
30 -29 -26
30 -30 -8
30 -30 -28
30 -30 -42
30 -31 -11
30 -32 -36
30 -34 -2
30 -34 -17
30 -34 -18
30 -34 -27
30 -35 -29
30 -36 -23
30 -38 0
30 -38 -11
30 -38 -33
30 -38 -37
30 -38 -40
30 -39 -7
30 -39 -31
30 -39 -36
30 -39 -39
30 -40 -6
30 -41 -6
30 -41 -16
30 -41 -24
30 -41 -29
31 0 -3
31 0 -34
31 0 -40
31 -1 -26
31 -2 -15
31 -2 -41
31 -3 -1
31 -5 -7
31 -6 -24
31 -6 -30
31 -7 -14
31 -7 -33
31 -7 -38
31 -8 -12
31 -8 -15
31 -8 -16
31 -9 -27
31 -10 -3
31 -10 -25
31 -11 -8
31 -11 -9
31 -12 -18
31 -12 -21
31 -13 -37
31 -16 -10
31 -16 -23
31 -16 -32
31 -16 -38
31 -18 0
31 -18 -1
31 -19 -32
31 -20 -5
31 -20 -10
31 -20 -20
31 -20 -35
31 -21 -33
31 -22 -8
31 -22 -10
31 -24 -15
31 -24 -40
31 -26 -36
31 -26 -39
31 -28 -30
31 -29 -4
31 -29 -19
31 -29 -26
31 -30 -8
31 -30 -28
31 -30 -42
31 -31 -11
31 -32 -36
31 -34 -2
31 -34 -17
31 -34 -18
31 -34 -27
31 -35 -29
31 -36 -23
31 -38 0
31 -38 -11
31 -38 -33
31 -38 -37
31 -38 -40
31 -39 -7
31 -39 -31
31 -39 -36
31 -39 -39
31 -40 -6
31 -41 -6
31 -41 -16
31 -41 -24
31 -41 -29
32 0 -3
32 0 -34
32 0 -40
32 -1 -26
32 -2 -15
32 -2 -41
32 -3 -1
32 -5 -7
32 -6 -24
32 -6 -30
32 -7 -14
32 -7 -33
32 -7 -38
32 -8 -12
32 -8 -15
32 -8 -16
32 -9 -27
32 -10 -3
32 -10 -25
32 -11 -8
32 -11 -9
32 -12 -18
32 -12 -21
32 -13 -37
32 -16 -10
32 -16 -23
32 -16 -32
32 -16 -38
32 -18 0
32 -18 -1
32 -19 -32
32 -20 -5
32 -20 -10
32 -20 -20
32 -20 -35
32 -21 -33
32 -22 -8
32 -22 -10
32 -24 -15
32 -24 -40
32 -26 -36
32 -26 -39
32 -28 -30
32 -29 -4
32 -29 -19
32 -29 -26
32 -30 -8
32 -30 -28
32 -30 -42
32 -31 -11
32 -32 -36
32 -34 -2
32 -34 -17
32 -34 -18
32 -34 -27
32 -35 -29
32 -36 -23
32 -38 0
32 -38 -11
32 -38 -33
32 -38 -37
32 -38 -40
32 -39 -7
32 -39 -31
32 -39 -36
32 -39 -39
32 -40 -6
32 -41 -6
32 -41 -16
32 -41 -24
32 -41 -29
33 0 -3
33 0 -34
33 0 -40
33 -1 -26
33 -2 -15
33 -2 -41
33 -3 -1
33 -5 -7
33 -6 -24
33 -6 -30
33 -7 -14
33 -7 -33
33 -7 -38
33 -8 -12
33 -8 -15
33 -8 -16
33 -9 -27
33 -10 -3
33 -10 -25
33 -11 -8
33 -11 -9
33 -12 -18
33 -12 -21
33 -13 -37
33 -16 -10
33 -16 -23
33 -16 -32
33 -16 -38
33 -18 0
33 -18 -1
33 -19 -32
33 -20 -5
33 -20 -10
33 -20 -20
33 -20 -35
33 -21 -33
33 -22 -8
33 -22 -10
33 -24 -15
33 -24 -40
33 -26 -36
33 -26 -39
33 -28 -30
33 -29 -4
33 -29 -19
33 -29 -26
33 -30 -8
33 -30 -28
33 -30 -42
33 -31 -11
33 -32 -36
33 -34 -2
33 -34 -17
33 -34 -18
33 -34 -27
33 -35 -29
33 -36 -23
33 -38 0
33 -38 -11
33 -38 -33
33 -38 -37
33 -38 -40
33 -39 -7
33 -39 -31
33 -39 -36
33 -39 -39
33 -40 -6
33 -41 -6
33 -41 -16
33 -41 -24
33 -41 -29
34 0 -3
34 0 -34
34 0 -40
34 -1 -26
34 -2 -15
34 -2 -41
34 -3 -1
34 -5 -7
34 -6 -24
34 -6 -30
34 -7 -14
34 -7 -33
34 -7 -38
34 -8 -12
34 -8 -15
34 -8 -16
34 -9 -27
34 -10 -3
34 -10 -25
34 -11 -8
34 -11 -9
34 -12 -18
34 -12 -21
34 -13 -37
34 -16 -10
34 -16 -23
34 -16 -32
34 -16 -38
34 -18 0
34 -18 -1
34 -19 -32
34 -20 -5
34 -20 -10
34 -20 -20
34 -20 -35
34 -21 -33
34 -22 -8
34 -22 -10
34 -24 -15
34 -24 -40
34 -26 -36
34 -26 -39
34 -28 -30
34 -29 -4
34 -29 -19
34 -29 -26
34 -30 -8
34 -30 -28
34 -30 -42
34 -31 -11
34 -32 -36
34 -34 -2
34 -34 -17
34 -34 -18
34 -34 -27
34 -35 -29
34 -36 -23
34 -38 0
34 -38 -11
34 -38 -33
34 -38 -37
34 -38 -40
34 -39 -7
34 -39 -31
34 -39 -36
34 -39 -39
34 -40 -6
34 -41 -6
34 -41 -16
34 -41 -24
34 -41 -29
35 0 -3
35 0 -34
35 0 -40
35 -1 -26
35 -2 -15
35 -2 -41
35 -3 -1
35 -5 -7
35 -6 -24
35 -6 -30
35 -7 -14
35 -7 -33
35 -7 -38
35 -8 -12
35 -8 -15
35 -8 -16
35 -9 -27
35 -10 -3
35 -10 -25
35 -11 -8
35 -11 -9
35 -12 -18
35 -12 -21
35 -13 -37
35 -16 -10
35 -16 -23
35 -16 -32
35 -16 -38
35 -18 0
35 -18 -1
35 -19 -32
35 -20 -5
35 -20 -10
35 -20 -20
35 -20 -35
35 -21 -33
35 -22 -8
35 -22 -10
35 -24 -15
35 -24 -40
35 -26 -36
35 -26 -39
35 -28 -30
35 -29 -4
35 -29 -19
35 -29 -26
35 -30 -8
35 -30 -28
35 -30 -42
35 -31 -11
35 -32 -36
35 -34 -2
35 -34 -17
35 -34 -18
35 -34 -27
35 -35 -29
35 -36 -23
35 -38 0
35 -38 -11
35 -38 -33
35 -38 -37
35 -38 -40
35 -39 -7
35 -39 -31
35 -39 -36
35 -39 -39
35 -40 -6
35 -41 -6
35 -41 -16
35 -41 -24
35 -41 -29
36 0 -3
36 0 -34
36 0 -40
36 -1 -26
36 -2 -15
36 -2 -41
36 -3 -1
36 -5 -7
36 -6 -24
36 -6 -30
36 -7 -14
36 -7 -33
36 -7 -38
36 -8 -12
36 -8 -15
36 -8 -16
36 -9 -27
36 -10 -3
36 -10 -25
36 -11 -8
36 -11 -9
36 -12 -18
36 -12 -21
36 -13 -37
36 -16 -10
36 -16 -23
36 -16 -32
36 -16 -38
36 -18 0
36 -18 -1
36 -19 -32
36 -20 -5
36 -20 -10
36 -20 -20
36 -20 -35
36 -21 -33
36 -22 -8
36 -22 -10
36 -24 -15
36 -24 -40
36 -26 -36
36 -26 -39
36 -28 -30
36 -29 -4
36 -29 -19
36 -29 -26
36 -30 -8
36 -30 -28
36 -30 -42
36 -31 -11
36 -32 -36
36 -34 -2
36 -34 -17
36 -34 -18
36 -34 -27
36 -35 -29
36 -36 -23
36 -38 0
36 -38 -11
36 -38 -33
36 -38 -37
36 -38 -40
36 -39 -7
36 -39 -31
36 -39 -36
36 -39 -39
36 -40 -6
36 -41 -6
36 -41 -16
36 -41 -24
36 -41 -29
37 0 -3
37 0 -34
37 0 -40
37 -1 -26
37 -2 -15
37 -2 -41
37 -3 -1
37 -5 -7
37 -6 -24
37 -6 -30
37 -7 -14
37 -7 -33
37 -7 -38
37 -8 -12
37 -8 -15
37 -8 -16
37 -9 -27
37 -10 -3
37 -10 -25
37 -11 -8
37 -11 -9
37 -12 -18
37 -12 -21
37 -13 -37
37 -16 -10
37 -16 -23
37 -16 -32
37 -16 -38
37 -18 0
37 -18 -1
37 -19 -32
37 -20 -5
37 -20 -10
37 -20 -20
37 -20 -35
37 -21 -33
37 -22 -8
37 -22 -10
37 -24 -15
37 -24 -40
37 -26 -36
37 -26 -39
37 -28 -30
37 -29 -4
37 -29 -19
37 -29 -26
37 -30 -8
37 -30 -28
37 -30 -42
37 -31 -11
37 -32 -36
37 -34 -2
37 -34 -17
37 -34 -18
37 -34 -27
37 -35 -29
37 -36 -23
37 -38 0
37 -38 -11
37 -38 -33
37 -38 -37
37 -38 -40
37 -39 -7
37 -39 -31
37 -39 -36
37 -39 -39
37 -40 -6
37 -41 -6
37 -41 -16
37 -41 -24
37 -41 -29
38 0 -3
38 0 -34
38 0 -40
38 -1 -26
38 -2 -15
38 -2 -41
38 -3 -1
38 -5 -7
38 -6 -24
38 -6 -30
38 -7 -14
38 -7 -33
38 -7 -38
38 -8 -12
38 -8 -15
38 -8 -16
38 -9 -27
38 -10 -3
38 -10 -25
38 -11 -8
38 -11 -9
38 -12 -18
38 -12 -21
38 -13 -37
38 -16 -10
38 -16 -23
38 -16 -32
38 -16 -38
38 -18 0
38 -18 -1
38 -19 -32
38 -20 -5
38 -20 -10
38 -20 -20
38 -20 -35
38 -21 -33
38 -22 -8
38 -22 -10
38 -24 -15
38 -24 -40
38 -26 -36
38 -26 -39
38 -28 -30
38 -29 -4
38 -29 -19
38 -29 -26
38 -30 -8
38 -30 -28
38 -30 -42
38 -31 -11
38 -32 -36
38 -34 -2
38 -34 -17
38 -34 -18
38 -34 -27
38 -35 -29
38 -36 -23
38 -38 0
38 -38 -11
38 -38 -33
38 -38 -37
38 -38 -40
38 -39 -7
38 -39 -31
38 -39 -36
38 -39 -39
38 -40 -6
38 -41 -6
38 -41 -16
38 -41 -24
38 -41 -29
39 0 -3
39 0 -34
39 0 -40
39 -1 -26
39 -2 -15
39 -2 -41
39 -3 -1
39 -5 -7
39 -6 -24
39 -6 -30
39 -7 -14
39 -7 -33
39 -7 -38
39 -8 -12
39 -8 -15
39 -8 -16
39 -9 -27
39 -10 -3
39 -10 -25
39 -11 -8
39 -11 -9
39 -12 -18
39 -12 -21
39 -13 -37
39 -16 -10
39 -16 -23
39 -16 -32
39 -16 -38
39 -18 0
39 -18 -1
39 -19 -32
39 -20 -5
39 -20 -10
39 -20 -20
39 -20 -35
39 -21 -33
39 -22 -8
39 -22 -10
39 -24 -15
39 -24 -40
39 -26 -36
39 -26 -39
39 -28 -30
39 -29 -4
39 -29 -19
39 -29 -26
39 -30 -8
39 -30 -28
39 -30 -42
39 -31 -11
39 -32 -36
39 -34 -2
39 -34 -17
39 -34 -18
39 -34 -27
39 -35 -29
39 -36 -23
39 -38 0
39 -38 -11
39 -38 -33
39 -38 -37
39 -38 -40
39 -39 -7
39 -39 -31
39 -39 -36
39 -39 -39
39 -40 -6
39 -41 -6
39 -41 -16
39 -41 -24
39 -41 -29
40 0 -3
40 0 -34
40 0 -40
40 -1 -26
40 -2 -15
40 -2 -41
40 -3 -1
40 -5 -7
40 -6 -24
40 -6 -30
40 -7 -14
40 -7 -33
40 -7 -38
40 -8 -12
40 -8 -15
40 -8 -16
40 -9 -27
40 -10 -3
40 -10 -25
40 -11 -8
40 -11 -9
40 -12 -18
40 -12 -21
40 -13 -37
40 -16 -10
40 -16 -23
40 -16 -32
40 -16 -38
40 -18 0
40 -18 -1
40 -19 -32
40 -20 -5
40 -20 -10
40 -20 -20
40 -20 -35
40 -21 -33
40 -22 -8
40 -22 -10
40 -24 -15
40 -24 -40
40 -26 -36
40 -26 -39
40 -28 -30
40 -29 -4
40 -29 -19
40 -29 -26
40 -30 -8
40 -30 -28
40 -30 -42
40 -31 -11
40 -32 -36
40 -34 -2
40 -34 -17
40 -34 -18
40 -34 -27
40 -35 -29
40 -36 -23
40 -38 0
40 -38 -11
40 -38 -33
40 -38 -37
40 -38 -40
40 -39 -7
40 -39 -31
40 -39 -36
40 -39 -39
40 -40 -6
40 -41 -6
40 -41 -16
40 -41 -24
40 -41 -29
41 0 -3
41 0 -34
41 0 -40
41 -1 -26
41 -2 -15
41 -2 -41
41 -3 -1
41 -5 -7
41 -6 -24
41 -6 -30
41 -7 -14
41 -7 -33
41 -7 -38
41 -8 -12
41 -8 -15
41 -8 -16
41 -9 -27
41 -10 -3
41 -10 -25
41 -11 -8
41 -11 -9
41 -12 -18
41 -12 -21
41 -13 -37
41 -16 -10
41 -16 -23
41 -16 -32
41 -16 -38
41 -18 0
41 -18 -1
41 -19 -32
41 -20 -5
41 -20 -10
41 -20 -20
41 -20 -35
41 -21 -33
41 -22 -8
41 -22 -10
41 -24 -15
41 -24 -40
41 -26 -36
41 -26 -39
41 -28 -30
41 -29 -4
41 -29 -19
41 -29 -26
41 -30 -8
41 -30 -28
41 -30 -42
41 -31 -11
41 -32 -36
41 -34 -2
41 -34 -17
41 -34 -18
41 -34 -27
41 -35 -29
41 -36 -23
41 -38 0
41 -38 -11
41 -38 -33
41 -38 -37
41 -38 -40
41 -39 -7
41 -39 -31
41 -39 -36
41 -39 -39
41 -40 -6
41 -41 -6
41 -41 -16
41 -41 -24
41 -41 -29
42 0 -3
42 0 -34
42 0 -40
42 -1 -26
42 -2 -15
42 -2 -41
42 -3 -1
42 -5 -7
42 -6 -24
42 -6 -30
42 -7 -14
42 -7 -33
42 -7 -38
42 -8 -12
42 -8 -15
42 -8 -16
42 -9 -27
42 -10 -3
42 -10 -25
42 -11 -8
42 -11 -9
42 -12 -18
42 -12 -21
42 -13 -37
42 -16 -10
42 -16 -23
42 -16 -32
42 -16 -38
42 -18 0
42 -18 -1
42 -19 -32
42 -20 -5
42 -20 -10
42 -20 -20
42 -20 -35
42 -21 -33
42 -22 -8
42 -22 -10
42 -24 -15
42 -24 -40
42 -26 -36
42 -26 -39
42 -28 -30
42 -29 -4
42 -29 -19
42 -29 -26
42 -30 -8
42 -30 -28
42 -30 -42
42 -31 -11
42 -32 -36
42 -34 -2
42 -34 -17
42 -34 -18
42 -34 -27
42 -35 -29
42 -36 -23
42 -38 0
42 -38 -11
42 -38 -33
42 -38 -37
42 -38 -40
42 -39 -7
42 -39 -31
42 -39 -36
42 -39 -39
42 -40 -6
42 -41 -6
42 -41 -16
42 -41 -24
42 -41 -29
43 0 -3
43 0 -34
43 0 -40
43 -1 -26
43 -2 -15
43 -2 -41
43 -3 -1
43 -5 -7
43 -6 -24
43 -6 -30
43 -7 -14
43 -7 -33
43 -7 -38
43 -8 -12
43 -8 -15
43 -8 -16
43 -9 -27
43 -10 -3
43 -10 -25
43 -11 -8
43 -11 -9
43 -12 -18
43 -12 -21
43 -13 -37
43 -16 -10
43 -16 -23
43 -16 -32
43 -16 -38
43 -18 0
43 -18 -1
43 -19 -32
43 -20 -5
43 -20 -10
43 -20 -20
43 -20 -35
43 -21 -33
43 -22 -8
43 -22 -10
43 -24 -15
43 -24 -40
43 -26 -36
43 -26 -39
43 -28 -30
43 -29 -4
43 -29 -19
43 -29 -26
43 -30 -8
43 -30 -28
43 -30 -42
43 -31 -11
43 -32 -36
43 -34 -2
43 -34 -17
43 -34 -18
43 -34 -27
43 -35 -29
43 -36 -23
43 -38 0
43 -38 -11
43 -38 -33
43 -38 -37
43 -38 -40
43 -39 -7
43 -39 -31
43 -39 -36
43 -39 -39
43 -40 -6
43 -41 -6
43 -41 -16
43 -41 -24
43 -41 -29
44 0 -3
44 0 -34
44 0 -40
44 -1 -26
44 -2 -15
44 -2 -41
44 -3 -1
44 -5 -7
44 -6 -24
44 -6 -30
44 -7 -14
44 -7 -33
44 -7 -38
44 -8 -12
44 -8 -15
44 -8 -16
44 -9 -27
44 -10 -3
44 -10 -25
44 -11 -8
44 -11 -9
44 -12 -18
44 -12 -21
44 -13 -37
44 -16 -10
44 -16 -23
44 -16 -32
44 -16 -38
44 -18 0
44 -18 -1
44 -19 -32
44 -20 -5
44 -20 -10
44 -20 -20
44 -20 -35
44 -21 -33
44 -22 -8
44 -22 -10
44 -24 -15
44 -24 -40
44 -26 -36
44 -26 -39
44 -28 -30
44 -29 -4
44 -29 -19
44 -29 -26
44 -30 -8
44 -30 -28
44 -30 -42
44 -31 -11
44 -32 -36
44 -34 -2
44 -34 -17
44 -34 -18
44 -34 -27
44 -35 -29
44 -36 -23
44 -38 0
44 -38 -11
44 -38 -33
44 -38 -37
44 -38 -40
44 -39 -7
44 -39 -31
44 -39 -36
44 -39 -39
44 -40 -6
44 -41 -6
44 -41 -16
44 -41 -24
44 -41 -29
45 0 -3
45 0 -34
45 0 -40
45 -1 -26
45 -2 -15
45 -2 -41
45 -3 -1
45 -5 -7
45 -6 -24
45 -6 -30
45 -7 -14
45 -7 -33
45 -7 -38
45 -8 -12
45 -8 -15
45 -8 -16
45 -9 -27
45 -10 -3
45 -10 -25
45 -11 -8
45 -11 -9
45 -12 -18
45 -12 -21
45 -13 -37
45 -16 -10
45 -16 -23
45 -16 -32
45 -16 -38
45 -18 0
45 -18 -1
45 -19 -32
45 -20 -5
45 -20 -10
45 -20 -20
45 -20 -35
45 -21 -33
45 -22 -8
45 -22 -10
45 -24 -15
45 -24 -40
45 -26 -36
45 -26 -39
45 -28 -30
45 -29 -4
45 -29 -19
45 -29 -26
45 -30 -8
45 -30 -28
45 -30 -42
45 -31 -11
45 -32 -36
45 -34 -2
45 -34 -17
45 -34 -18
45 -34 -27
45 -35 -29
45 -36 -23
45 -38 0
45 -38 -11
45 -38 -33
45 -38 -37
45 -38 -40
45 -39 -7
45 -39 -31
45 -39 -36
45 -39 -39
45 -40 -6
45 -41 -6
45 -41 -16
45 -41 -24
45 -41 -29
46 0 -3
46 0 -34
46 0 -40
46 -1 -26
46 -2 -15
46 -2 -41
46 -3 -1
46 -5 -7
46 -6 -24
46 -6 -30
46 -7 -14
46 -7 -33
46 -7 -38
46 -8 -12
46 -8 -15
46 -8 -16
46 -9 -27
46 -10 -3
46 -10 -25
46 -11 -8
46 -11 -9
46 -12 -18
46 -12 -21
46 -13 -37
46 -16 -10
46 -16 -23
46 -16 -32
46 -16 -38
46 -18 0
46 -18 -1
46 -19 -32
46 -20 -5
46 -20 -10
46 -20 -20
46 -20 -35
46 -21 -33
46 -22 -8
46 -22 -10
46 -24 -15
46 -24 -40
46 -26 -36
46 -26 -39
46 -28 -30
46 -29 -4
46 -29 -19
46 -29 -26
46 -30 -8
46 -30 -28
46 -30 -42
46 -31 -11
46 -32 -36
46 -34 -2
46 -34 -17
46 -34 -18
46 -34 -27
46 -35 -29
46 -36 -23
46 -38 0
46 -38 -11
46 -38 -33
46 -38 -37
46 -38 -40
46 -39 -7
46 -39 -31
46 -39 -36
46 -39 -39
46 -40 -6
46 -41 -6
46 -41 -16
46 -41 -24
46 -41 -29
47 0 -3
47 0 -34
47 0 -40
47 -1 -26
47 -2 -15
47 -2 -41
47 -3 -1
47 -5 -7
47 -6 -24
47 -6 -30
47 -7 -14
47 -7 -33
47 -7 -38
47 -8 -12
47 -8 -15
47 -8 -16
47 -9 -27
47 -10 -3
47 -10 -25
47 -11 -8
47 -11 -9
47 -12 -18
47 -12 -21
47 -13 -37
47 -16 -10
47 -16 -23
47 -16 -32
47 -16 -38
47 -18 0
47 -18 -1
47 -19 -32
47 -20 -5
47 -20 -10
47 -20 -20
47 -20 -35
47 -21 -33
47 -22 -8
47 -22 -10
47 -24 -15
47 -24 -40
47 -26 -36
47 -26 -39
47 -28 -30
47 -29 -4
47 -29 -19
47 -29 -26
47 -30 -8
47 -30 -28
47 -30 -42
47 -31 -11
47 -32 -36
47 -34 -2
47 -34 -17
47 -34 -18
47 -34 -27
47 -35 -29
47 -36 -23
47 -38 0
47 -38 -11
47 -38 -33
47 -38 -37
47 -38 -40
47 -39 -7
47 -39 -31
47 -39 -36
47 -39 -39
47 -40 -6
47 -41 -6
47 -41 -16
47 -41 -24
47 -41 -29
48 0 -3
48 0 -34
48 0 -40
48 -1 -26
48 -2 -15
48 -2 -41
48 -3 -1
48 -5 -7
48 -6 -24
48 -6 -30
48 -7 -14
48 -7 -33
48 -7 -38
48 -8 -12
48 -8 -15
48 -8 -16
48 -9 -27
48 -10 -3
48 -10 -25
48 -11 -8
48 -11 -9
48 -12 -18
48 -12 -21
48 -13 -37
48 -16 -10
48 -16 -23
48 -16 -32
48 -16 -38
48 -18 0
48 -18 -1
48 -19 -32
48 -20 -5
48 -20 -10
48 -20 -20
48 -20 -35
48 -21 -33
48 -22 -8
48 -22 -10
48 -24 -15
48 -24 -40
48 -26 -36
48 -26 -39
48 -28 -30
48 -29 -4
48 -29 -19
48 -29 -26
48 -30 -8
48 -30 -28
48 -30 -42
48 -31 -11
48 -32 -36
48 -34 -2
48 -34 -17
48 -34 -18
48 -34 -27
48 -35 -29
48 -36 -23
48 -38 0
48 -38 -11
48 -38 -33
48 -38 -37
48 -38 -40
48 -39 -7
48 -39 -31
48 -39 -36
48 -39 -39
48 -40 -6
48 -41 -6
48 -41 -16
48 -41 -24
48 -41 -29
49 0 -3
49 0 -34
49 0 -40
49 -1 -26
49 -2 -15
49 -2 -41
49 -3 -1
49 -5 -7
49 -6 -24
49 -6 -30
49 -7 -14
49 -7 -33
49 -7 -38
49 -8 -12
49 -8 -15
49 -8 -16
49 -9 -27
49 -10 -3
49 -10 -25
49 -11 -8
49 -11 -9
49 -12 -18
49 -12 -21
49 -13 -37
49 -16 -10
49 -16 -23
49 -16 -32
49 -16 -38
49 -18 0
49 -18 -1
49 -19 -32
49 -20 -5
49 -20 -10
49 -20 -20
49 -20 -35
49 -21 -33
49 -22 -8
49 -22 -10
49 -24 -15
49 -24 -40
49 -26 -36
49 -26 -39
49 -28 -30
49 -29 -4
49 -29 -19
49 -29 -26
49 -30 -8
49 -30 -28
49 -30 -42
49 -31 -11
49 -32 -36
49 -34 -2
49 -34 -17
49 -34 -18
49 -34 -27
49 -35 -29
49 -36 -23
49 -38 0
49 -38 -11
49 -38 -33
49 -38 -37
49 -38 -40
49 -39 -7
49 -39 -31
49 -39 -36
49 -39 -39
49 -40 -6
49 -41 -6
49 -41 -16
49 -41 -24
49 -41 -29
50 0 -3
50 0 -34
50 0 -40
50 -1 -26
50 -2 -15
50 -2 -41
50 -3 -1
50 -5 -7
50 -6 -24
50 -6 -30
50 -7 -14
50 -7 -33
50 -7 -38
50 -8 -12
50 -8 -15
50 -8 -16
50 -9 -27
50 -10 -3
50 -10 -25
50 -11 -8
50 -11 -9
50 -12 -18
50 -12 -21
50 -13 -37
50 -16 -10
50 -16 -23
50 -16 -32
50 -16 -38
50 -18 0
50 -18 -1
50 -19 -32
50 -20 -5
50 -20 -10
50 -20 -20
50 -20 -35
50 -21 -33
50 -22 -8
50 -22 -10
50 -24 -15
50 -24 -40
50 -26 -36
50 -26 -39
50 -28 -30
50 -29 -4
50 -29 -19
50 -29 -26
50 -30 -8
50 -30 -28
50 -30 -42
50 -31 -11
50 -32 -36
50 -34 -2
50 -34 -17
50 -34 -18
50 -34 -27
50 -35 -29
50 -36 -23
50 -38 0
50 -38 -11
50 -38 -33
50 -38 -37
50 -38 -40
50 -39 -7
50 -39 -31
50 -39 -36
50 -39 -39
50 -40 -6
50 -41 -6
50 -41 -16
50 -41 -24
50 -41 -29
51 0 -3
51 0 -34
51 0 -40
51 -1 -26
51 -2 -15
51 -2 -41
51 -3 -1
51 -5 -7
51 -6 -24
51 -6 -30
51 -7 -14
51 -7 -33
51 -7 -38
51 -8 -12
51 -8 -15
51 -8 -16
51 -9 -27
51 -10 -3
51 -10 -25
51 -11 -8
51 -11 -9
51 -12 -18
51 -12 -21
51 -13 -37
51 -16 -10
51 -16 -23
51 -16 -32
51 -16 -38
51 -18 0
51 -18 -1
51 -19 -32
51 -20 -5
51 -20 -10
51 -20 -20
51 -20 -35
51 -21 -33
51 -22 -8
51 -22 -10
51 -24 -15
51 -24 -40
51 -26 -36
51 -26 -39
51 -28 -30
51 -29 -4
51 -29 -19
51 -29 -26
51 -30 -8
51 -30 -28
51 -30 -42
51 -31 -11
51 -32 -36
51 -34 -2
51 -34 -17
51 -34 -18
51 -34 -27
51 -35 -29
51 -36 -23
51 -38 0
51 -38 -11
51 -38 -33
51 -38 -37
51 -38 -40
51 -39 -7
51 -39 -31
51 -39 -36
51 -39 -39
51 -40 -6
51 -41 -6
51 -41 -16
51 -41 -24
51 -41 -29
52 0 -3
52 0 -34
52 0 -40
52 -1 -26
52 -2 -15
52 -2 -41
52 -3 -1
52 -5 -7
52 -6 -24
52 -6 -30
52 -7 -14
52 -7 -33
52 -7 -38
52 -8 -12
52 -8 -15
52 -8 -16
52 -9 -27
52 -10 -3
52 -10 -25
52 -11 -8
52 -11 -9
52 -12 -18
52 -12 -21
52 -13 -37
52 -16 -10
52 -16 -23
52 -16 -32
52 -16 -38
52 -18 0
52 -18 -1
52 -19 -32
52 -20 -5
52 -20 -10
52 -20 -20
52 -20 -35
52 -21 -33
52 -22 -8
52 -22 -10
52 -24 -15
52 -24 -40
52 -26 -36
52 -26 -39
52 -28 -30
52 -29 -4
52 -29 -19
52 -29 -26
52 -30 -8
52 -30 -28
52 -30 -42
52 -31 -11
52 -32 -36
52 -34 -2
52 -34 -17
52 -34 -18
52 -34 -27
52 -35 -29
52 -36 -23
52 -38 0
52 -38 -11
52 -38 -33
52 -38 -37
52 -38 -40
52 -39 -7
52 -39 -31
52 -39 -36
52 -39 -39
52 -40 -6
52 -41 -6
52 -41 -16
52 -41 -24
52 -41 -29
53 0 -3
53 0 -34
53 0 -40
53 -1 -26
53 -2 -15
53 -2 -41
53 -3 -1
53 -5 -7
53 -6 -24
53 -6 -30
53 -7 -14
53 -7 -33
53 -7 -38
53 -8 -12
53 -8 -15
53 -8 -16
53 -9 -27
53 -10 -3
53 -10 -25
53 -11 -8
53 -11 -9
53 -12 -18
53 -12 -21
53 -13 -37
53 -16 -10
53 -16 -23
53 -16 -32
53 -16 -38
53 -18 0
53 -18 -1
53 -19 -32
53 -20 -5
53 -20 -10
53 -20 -20
53 -20 -35
53 -21 -33
53 -22 -8
53 -22 -10
53 -24 -15
53 -24 -40
53 -26 -36
53 -26 -39
53 -28 -30
53 -29 -4
53 -29 -19
53 -29 -26
53 -30 -8
53 -30 -28
53 -30 -42
53 -31 -11
53 -32 -36
53 -34 -2
53 -34 -17
53 -34 -18
53 -34 -27
53 -35 -29
53 -36 -23
53 -38 0
53 -38 -11
53 -38 -33
53 -38 -37
53 -38 -40
53 -39 -7
53 -39 -31
53 -39 -36
53 -39 -39
53 -40 -6
53 -41 -6
53 -41 -16
53 -41 -24
53 -41 -29
54 0 -3
54 0 -34
54 0 -40
54 -1 -26
54 -2 -15
54 -2 -41
54 -3 -1
54 -5 -7
54 -6 -24
54 -6 -30
54 -7 -14
54 -7 -33
54 -7 -38
54 -8 -12
54 -8 -15
54 -8 -16
54 -9 -27
54 -10 -3
54 -10 -25
54 -11 -8
54 -11 -9
54 -12 -18
54 -12 -21
54 -13 -37
54 -16 -10
54 -16 -23
54 -16 -32
54 -16 -38
54 -18 0
54 -18 -1
54 -19 -32
54 -20 -5
54 -20 -10
54 -20 -20
54 -20 -35
54 -21 -33
54 -22 -8
54 -22 -10
54 -24 -15
54 -24 -40
54 -26 -36
54 -26 -39
54 -28 -30
54 -29 -4
54 -29 -19
54 -29 -26
54 -30 -8
54 -30 -28
54 -30 -42
54 -31 -11
54 -32 -36
54 -34 -2
54 -34 -17
54 -34 -18
54 -34 -27
54 -35 -29
54 -36 -23
54 -38 0
54 -38 -11
54 -38 -33
54 -38 -37
54 -38 -40
54 -39 -7
54 -39 -31
54 -39 -36
54 -39 -39
54 -40 -6
54 -41 -6
54 -41 -16
54 -41 -24
54 -41 -29
55 0 -3
55 0 -34
55 0 -40
55 -1 -26
55 -2 -15
55 -2 -41
55 -3 -1
55 -5 -7
55 -6 -24
55 -6 -30
55 -7 -14
55 -7 -33
55 -7 -38
55 -8 -12
55 -8 -15
55 -8 -16
55 -9 -27
55 -10 -3
55 -10 -25
55 -11 -8
55 -11 -9
55 -12 -18
55 -12 -21
55 -13 -37
55 -16 -10
55 -16 -23
55 -16 -32
55 -16 -38
55 -18 0
55 -18 -1
55 -19 -32
55 -20 -5
55 -20 -10
55 -20 -20
55 -20 -35
55 -21 -33
55 -22 -8
55 -22 -10
55 -24 -15
55 -24 -40
55 -26 -36
55 -26 -39
55 -28 -30
55 -29 -4
55 -29 -19
55 -29 -26
55 -30 -8
55 -30 -28
55 -30 -42
55 -31 -11
55 -32 -36
55 -34 -2
55 -34 -17
55 -34 -18
55 -34 -27
55 -35 -29
55 -36 -23
55 -38 0
55 -38 -11
55 -38 -33
55 -38 -37
55 -38 -40
55 -39 -7
55 -39 -31
55 -39 -36
55 -39 -39
55 -40 -6
55 -41 -6
55 -41 -16
55 -41 -24
55 -41 -29
56 0 -3
56 0 -34
56 0 -40
56 -1 -26
56 -2 -15
56 -2 -41
56 -3 -1
56 -5 -7
56 -6 -24
56 -6 -30
56 -7 -14
56 -7 -33
56 -7 -38
56 -8 -12
56 -8 -15
56 -8 -16
56 -9 -27
56 -10 -3
56 -10 -25
56 -11 -8
56 -11 -9
56 -12 -18
56 -12 -21
56 -13 -37
56 -16 -10
56 -16 -23
56 -16 -32
56 -16 -38
56 -18 0
56 -18 -1
56 -19 -32
56 -20 -5
56 -20 -10
56 -20 -20
56 -20 -35
56 -21 -33
56 -22 -8
56 -22 -10
56 -24 -15
56 -24 -40
56 -26 -36
56 -26 -39
56 -28 -30
56 -29 -4
56 -29 -19
56 -29 -26
56 -30 -8
56 -30 -28
56 -30 -42
56 -31 -11
56 -32 -36
56 -34 -2
56 -34 -17
56 -34 -18
56 -34 -27
56 -35 -29
56 -36 -23
56 -38 0
56 -38 -11
56 -38 -33
56 -38 -37
56 -38 -40
56 -39 -7
56 -39 -31
56 -39 -36
56 -39 -39
56 -40 -6
56 -41 -6
56 -41 -16
56 -41 -24
56 -41 -29
57 0 -3
57 0 -34
57 0 -40
57 -1 -26
57 -2 -15
57 -2 -41
57 -3 -1
57 -5 -7
57 -6 -24
57 -6 -30
57 -7 -14
57 -7 -33
57 -7 -38
57 -8 -12
57 -8 -15
57 -8 -16
57 -9 -27
57 -10 -3
57 -10 -25
57 -11 -8
57 -11 -9
57 -12 -18
57 -12 -21
57 -13 -37
57 -16 -10
57 -16 -23
57 -16 -32
57 -16 -38
57 -18 0
57 -18 -1
57 -19 -32
57 -20 -5
57 -20 -10
57 -20 -20
57 -20 -35
57 -21 -33
57 -22 -8
57 -22 -10
57 -24 -15
57 -24 -40
57 -26 -36
57 -26 -39
57 -28 -30
57 -29 -4
57 -29 -19
57 -29 -26
57 -30 -8
57 -30 -28
57 -30 -42
57 -31 -11
57 -32 -36
57 -34 -2
57 -34 -17
57 -34 -18
57 -34 -27
57 -35 -29
57 -36 -23
57 -38 0
57 -38 -11
57 -38 -33
57 -38 -37
57 -38 -40
57 -39 -7
57 -39 -31
57 -39 -36
57 -39 -39
57 -40 -6
57 -41 -6
57 -41 -16
57 -41 -24
57 -41 -29
58 0 -3
58 0 -34
58 0 -40
58 -1 -26
58 -2 -15
58 -2 -41
58 -3 -1
58 -5 -7
58 -6 -24
58 -6 -30
58 -7 -14
58 -7 -33
58 -7 -38
58 -8 -12
58 -8 -15
58 -8 -16
58 -9 -27
58 -10 -3
58 -10 -25
58 -11 -8
58 -11 -9
58 -12 -18
58 -12 -21
58 -13 -37
58 -16 -10
58 -16 -23
58 -16 -32
58 -16 -38
58 -18 0
58 -18 -1
58 -19 -32
58 -20 -5
58 -20 -10
58 -20 -20
58 -20 -35
58 -21 -33
58 -22 -8
58 -22 -10
58 -24 -15
58 -24 -40
58 -26 -36
58 -26 -39
58 -28 -30
58 -29 -4
58 -29 -19
58 -29 -26
58 -30 -8
58 -30 -28
58 -30 -42
58 -31 -11
58 -32 -36
58 -34 -2
58 -34 -17
58 -34 -18
58 -34 -27
58 -35 -29
58 -36 -23
58 -38 0
58 -38 -11
58 -38 -33
58 -38 -37
58 -38 -40
58 -39 -7
58 -39 -31
58 -39 -36
58 -39 -39
58 -40 -6
58 -41 -6
58 -41 -16
58 -41 -24
58 -41 -29
59 0 -3
59 0 -34
59 0 -40
59 -1 -26
59 -2 -15
59 -2 -41
59 -3 -1
59 -5 -7
59 -6 -24
59 -6 -30
59 -7 -14
59 -7 -33
59 -7 -38
59 -8 -12
59 -8 -15
59 -8 -16
59 -9 -27
59 -10 -3
59 -10 -25
59 -11 -8
59 -11 -9
59 -12 -18
59 -12 -21
59 -13 -37
59 -16 -10
59 -16 -23
59 -16 -32
59 -16 -38
59 -18 0
59 -18 -1
59 -19 -32
59 -20 -5
59 -20 -10
59 -20 -20
59 -20 -35
59 -21 -33
59 -22 -8
59 -22 -10
59 -24 -15
59 -24 -40
59 -26 -36
59 -26 -39
59 -28 -30
59 -29 -4
59 -29 -19
59 -29 -26
59 -30 -8
59 -30 -28
59 -30 -42
59 -31 -11
59 -32 -36
59 -34 -2
59 -34 -17
59 -34 -18
59 -34 -27
59 -35 -29
59 -36 -23
59 -38 0
59 -38 -11
59 -38 -33
59 -38 -37
59 -38 -40
59 -39 -7
59 -39 -31
59 -39 -36
59 -39 -39
59 -40 -6
59 -41 -6
59 -41 -16
59 -41 -24
59 -41 -29
60 0 -3
60 0 -34
60 0 -40
60 -1 -26
60 -2 -15
60 -2 -41
60 -3 -1
60 -5 -7
60 -6 -24
60 -6 -30
60 -7 -14
60 -7 -33
60 -7 -38
60 -8 -12
60 -8 -15
60 -8 -16
60 -9 -27
60 -10 -3
60 -10 -25
60 -11 -8
60 -11 -9
60 -12 -18
60 -12 -21
60 -13 -37
60 -16 -10
60 -16 -23
60 -16 -32
60 -16 -38
60 -18 0
60 -18 -1
60 -19 -32
60 -20 -5
60 -20 -10
60 -20 -20
60 -20 -35
60 -21 -33
60 -22 -8
60 -22 -10
60 -24 -15
60 -24 -40
60 -26 -36
60 -26 -39
60 -28 -30
60 -29 -4
60 -29 -19
60 -29 -26
60 -30 -8
60 -30 -28
60 -30 -42
60 -31 -11
60 -32 -36
60 -34 -2
60 -34 -17
60 -34 -18
60 -34 -27
60 -35 -29
60 -36 -23
60 -38 0
60 -38 -11
60 -38 -33
60 -38 -37
60 -38 -40
60 -39 -7
60 -39 -31
60 -39 -36
60 -39 -39
60 -40 -6
60 -41 -6
60 -41 -16
60 -41 -24
60 -41 -29
61 0 -3
61 0 -34
61 0 -40
61 -1 -26
61 -2 -15
61 -2 -41
61 -3 -1
61 -5 -7
61 -6 -24
61 -6 -30
61 -7 -14
61 -7 -33
61 -7 -38
61 -8 -12
61 -8 -15
61 -8 -16
61 -9 -27
61 -10 -3
61 -10 -25
61 -11 -8
61 -11 -9
61 -12 -18
61 -12 -21
61 -13 -37
61 -16 -10
61 -16 -23
61 -16 -32
61 -16 -38
61 -18 0
61 -18 -1
61 -19 -32
61 -20 -5
61 -20 -10
61 -20 -20
61 -20 -35
61 -21 -33
61 -22 -8
61 -22 -10
61 -24 -15
61 -24 -40
61 -26 -36
61 -26 -39
61 -28 -30
61 -29 -4
61 -29 -19
61 -29 -26
61 -30 -8
61 -30 -28
61 -30 -42
61 -31 -11
61 -32 -36
61 -34 -2
61 -34 -17
61 -34 -18
61 -34 -27
61 -35 -29
61 -36 -23
61 -38 0
61 -38 -11
61 -38 -33
61 -38 -37
61 -38 -40
61 -39 -7
61 -39 -31
61 -39 -36
61 -39 -39
61 -40 -6
61 -41 -6
61 -41 -16
61 -41 -24
61 -41 -29
62 0 -3
62 0 -34
62 0 -40
62 -1 -26
62 -2 -15
62 -2 -41
62 -3 -1
62 -5 -7
62 -6 -24
62 -6 -30
62 -7 -14
62 -7 -33
62 -7 -38
62 -8 -12
62 -8 -15
62 -8 -16
62 -9 -27
62 -10 -3
62 -10 -25
62 -11 -8
62 -11 -9
62 -12 -18
62 -12 -21
62 -13 -37
62 -16 -10
62 -16 -23
62 -16 -32
62 -16 -38
62 -18 0
62 -18 -1
62 -19 -32
62 -20 -5
62 -20 -10
62 -20 -20
62 -20 -35
62 -21 -33
62 -22 -8
62 -22 -10
62 -24 -15
62 -24 -40
62 -26 -36
62 -26 -39
62 -28 -30
62 -29 -4
62 -29 -19
62 -29 -26
62 -30 -8
62 -30 -28
62 -30 -42
62 -31 -11
62 -32 -36
62 -34 -2
62 -34 -17
62 -34 -18
62 -34 -27
62 -35 -29
62 -36 -23
62 -38 0
62 -38 -11
62 -38 -33
62 -38 -37
62 -38 -40
62 -39 -7
62 -39 -31
62 -39 -36
62 -39 -39
62 -40 -6
62 -41 -6
62 -41 -16
62 -41 -24
62 -41 -29
63 0 -3
63 0 -34
63 0 -40
63 -1 -26
63 -2 -15
63 -2 -41
63 -3 -1
63 -5 -7
63 -6 -24
63 -6 -30
63 -7 -14
63 -7 -33
63 -7 -38
63 -8 -12
63 -8 -15
63 -8 -16
63 -9 -27
63 -10 -3
63 -10 -25
63 -11 -8
63 -11 -9
63 -12 -18
63 -12 -21
63 -13 -37
63 -16 -10
63 -16 -23
63 -16 -32
63 -16 -38
63 -18 0
63 -18 -1
63 -19 -32
63 -20 -5
63 -20 -10
63 -20 -20
63 -20 -35
63 -21 -33
63 -22 -8
63 -22 -10
63 -24 -15
63 -24 -40
63 -26 -36
63 -26 -39
63 -28 -30
63 -29 -4
63 -29 -19
63 -29 -26
63 -30 -8
63 -30 -28
63 -30 -42
63 -31 -11
63 -32 -36
63 -34 -2
63 -34 -17
63 -34 -18
63 -34 -27
63 -35 -29
63 -36 -23
63 -38 0
63 -38 -11
63 -38 -33
63 -38 -37
63 -38 -40
63 -39 -7
63 -39 -31
63 -39 -36
63 -39 -39
63 -40 -6
63 -41 -6
63 -41 -16
63 -41 -24
63 -41 -29
64 0 -3
64 0 -34
64 0 -40
64 -1 -26
64 -2 -15
64 -2 -41
64 -3 -1
64 -5 -7
64 -6 -24
64 -6 -30
64 -7 -14
64 -7 -33
64 -7 -38
64 -8 -12
64 -8 -15
64 -8 -16
64 -9 -27
64 -10 -3
64 -10 -25
64 -11 -8
64 -11 -9
64 -12 -18
64 -12 -21
64 -13 -37
64 -16 -10
64 -16 -23
64 -16 -32
64 -16 -38
64 -18 0
64 -18 -1
64 -19 -32
64 -20 -5
64 -20 -10
64 -20 -20
64 -20 -35
64 -21 -33
64 -22 -8
64 -22 -10
64 -24 -15
64 -24 -40
64 -26 -36
64 -26 -39
64 -28 -30
64 -29 -4
64 -29 -19
64 -29 -26
64 -30 -8
64 -30 -28
64 -30 -42
64 -31 -11
64 -32 -36
64 -34 -2
64 -34 -17
64 -34 -18
64 -34 -27
64 -35 -29
64 -36 -23
64 -38 0
64 -38 -11
64 -38 -33
64 -38 -37
64 -38 -40
64 -39 -7
64 -39 -31
64 -39 -36
64 -39 -39
64 -40 -6
64 -41 -6
64 -41 -16
64 -41 -24
64 -41 -29
65 0 -3
65 0 -34
65 0 -40
65 -1 -26
65 -2 -15
65 -2 -41
65 -3 -1
65 -5 -7
65 -6 -24
65 -6 -30
65 -7 -14
65 -7 -33
65 -7 -38
65 -8 -12
65 -8 -15
65 -8 -16
65 -9 -27
65 -10 -3
65 -10 -25
65 -11 -8
65 -11 -9
65 -12 -18
65 -12 -21
65 -13 -37
65 -16 -10
65 -16 -23
65 -16 -32
65 -16 -38
65 -18 0
65 -18 -1
65 -19 -32
65 -20 -5
65 -20 -10
65 -20 -20
65 -20 -35
65 -21 -33
65 -22 -8
65 -22 -10
65 -24 -15
65 -24 -40
65 -26 -36
65 -26 -39
65 -28 -30
65 -29 -4
65 -29 -19
65 -29 -26
65 -30 -8
65 -30 -28
65 -30 -42
65 -31 -11
65 -32 -36
65 -34 -2
65 -34 -17
65 -34 -18
65 -34 -27
65 -35 -29
65 -36 -23
65 -38 0
65 -38 -11
65 -38 -33
65 -38 -37
65 -38 -40
65 -39 -7
65 -39 -31
65 -39 -36
65 -39 -39
65 -40 -6
65 -41 -6
65 -41 -16
65 -41 -24
65 -41 -29
66 0 -3
66 0 -34
66 0 -40
66 -1 -26
66 -2 -15
66 -2 -41
66 -3 -1
66 -5 -7
66 -6 -24
66 -6 -30
66 -7 -14
66 -7 -33
66 -7 -38
66 -8 -12
66 -8 -15
66 -8 -16
66 -9 -27
66 -10 -3
66 -10 -25
66 -11 -8
66 -11 -9
66 -12 -18
66 -12 -21
66 -13 -37
66 -16 -10
66 -16 -23
66 -16 -32
66 -16 -38
66 -18 0
66 -18 -1
66 -19 -32
66 -20 -5
66 -20 -10
66 -20 -20
66 -20 -35
66 -21 -33
66 -22 -8
66 -22 -10
66 -24 -15
66 -24 -40
66 -26 -36
66 -26 -39
66 -28 -30
66 -29 -4
66 -29 -19
66 -29 -26
66 -30 -8
66 -30 -28
66 -30 -42
66 -31 -11
66 -32 -36
66 -34 -2
66 -34 -17
66 -34 -18
66 -34 -27
66 -35 -29
66 -36 -23
66 -38 0
66 -38 -11
66 -38 -33
66 -38 -37
66 -38 -40
66 -39 -7
66 -39 -31
66 -39 -36
66 -39 -39
66 -40 -6
66 -41 -6
66 -41 -16
66 -41 -24
66 -41 -29
67 0 -3
67 0 -34
67 0 -40
67 -1 -26
67 -2 -15
67 -2 -41
67 -3 -1
67 -5 -7
67 -6 -24
67 -6 -30
67 -7 -14
67 -7 -33
67 -7 -38
67 -8 -12
67 -8 -15
67 -8 -16
67 -9 -27
67 -10 -3
67 -10 -25
67 -11 -8
67 -11 -9
67 -12 -18
67 -12 -21
67 -13 -37
67 -16 -10
67 -16 -23
67 -16 -32
67 -16 -38
67 -18 0
67 -18 -1
67 -19 -32
67 -20 -5
67 -20 -10
67 -20 -20
67 -20 -35
67 -21 -33
67 -22 -8
67 -22 -10
67 -24 -15
67 -24 -40
67 -26 -36
67 -26 -39
67 -28 -30
67 -29 -4
67 -29 -19
67 -29 -26
67 -30 -8
67 -30 -28
67 -30 -42
67 -31 -11
67 -32 -36
67 -34 -2
67 -34 -17
67 -34 -18
67 -34 -27
67 -35 -29
67 -36 -23
67 -38 0
67 -38 -11
67 -38 -33
67 -38 -37
67 -38 -40
67 -39 -7
67 -39 -31
67 -39 -36
67 -39 -39
67 -40 -6
67 -41 -6
67 -41 -16
67 -41 -24
67 -41 -29
68 0 -3
68 0 -34
68 0 -40
68 -1 -26
68 -2 -15
68 -2 -41
68 -3 -1
68 -5 -7
68 -6 -24
68 -6 -30
68 -7 -14
68 -7 -33
68 -7 -38
68 -8 -12
68 -8 -15
68 -8 -16
68 -9 -27
68 -10 -3
68 -10 -25
68 -11 -8
68 -11 -9
68 -12 -18
68 -12 -21
68 -13 -37
68 -16 -10
68 -16 -23
68 -16 -32
68 -16 -38
68 -18 0
68 -18 -1
68 -19 -32
68 -20 -5
68 -20 -10
68 -20 -20
68 -20 -35
68 -21 -33
68 -22 -8
68 -22 -10
68 -24 -15
68 -24 -40
68 -26 -36
68 -26 -39
68 -28 -30
68 -29 -4
68 -29 -19
68 -29 -26
68 -30 -8
68 -30 -28
68 -30 -42
68 -31 -11
68 -32 -36
68 -34 -2
68 -34 -17
68 -34 -18
68 -34 -27
68 -35 -29
68 -36 -23
68 -38 0
68 -38 -11
68 -38 -33
68 -38 -37
68 -38 -40
68 -39 -7
68 -39 -31
68 -39 -36
68 -39 -39
68 -40 -6
68 -41 -6
68 -41 -16
68 -41 -24
68 -41 -29
69 0 -3
69 0 -34
69 0 -40
69 -1 -26
69 -2 -15
69 -2 -41
69 -3 -1
69 -5 -7
69 -6 -24
69 -6 -30
69 -7 -14
69 -7 -33
69 -7 -38
69 -8 -12
69 -8 -15
69 -8 -16
69 -9 -27
69 -10 -3
69 -10 -25
69 -11 -8
69 -11 -9
69 -12 -18
69 -12 -21
69 -13 -37
69 -16 -10
69 -16 -23
69 -16 -32
69 -16 -38
69 -18 0
69 -18 -1
69 -19 -32
69 -20 -5
69 -20 -10
69 -20 -20
69 -20 -35
69 -21 -33
69 -22 -8
69 -22 -10
69 -24 -15
69 -24 -40
69 -26 -36
69 -26 -39
69 -28 -30
69 -29 -4
69 -29 -19
69 -29 -26
69 -30 -8
69 -30 -28
69 -30 -42
69 -31 -11
69 -32 -36
69 -34 -2
69 -34 -17
69 -34 -18
69 -34 -27
69 -35 -29
69 -36 -23
69 -38 0
69 -38 -11
69 -38 -33
69 -38 -37
69 -38 -40
69 -39 -7
69 -39 -31
69 -39 -36
69 -39 -39
69 -40 -6
69 -41 -6
69 -41 -16
69 -41 -24
69 -41 -29
70 0 -3
70 0 -34
70 0 -40
70 -1 -26
70 -2 -15
70 -2 -41
70 -3 -1
70 -5 -7
70 -6 -24
70 -6 -30
70 -7 -14
70 -7 -33
70 -7 -38
70 -8 -12
70 -8 -15
70 -8 -16
70 -9 -27
70 -10 -3
70 -10 -25
70 -11 -8
70 -11 -9
70 -12 -18
70 -12 -21
70 -13 -37
70 -16 -10
70 -16 -23
70 -16 -32
70 -16 -38
70 -18 0
70 -18 -1
70 -19 -32
70 -20 -5
70 -20 -10
70 -20 -20
70 -20 -35
70 -21 -33
70 -22 -8
70 -22 -10
70 -24 -15
70 -24 -40
70 -26 -36
70 -26 -39
70 -28 -30
70 -29 -4
70 -29 -19
70 -29 -26
70 -30 -8
70 -30 -28
70 -30 -42
70 -31 -11
70 -32 -36
70 -34 -2
70 -34 -17
70 -34 -18
70 -34 -27
70 -35 -29
70 -36 -23
70 -38 0
70 -38 -11
70 -38 -33
70 -38 -37
70 -38 -40
70 -39 -7
70 -39 -31
70 -39 -36
70 -39 -39
70 -40 -6
70 -41 -6
70 -41 -16
70 -41 -24
70 -41 -29
-1 -1 -1
1
52
26
69
3
4
46
49
48
11
28
59
55
68
10
27
62
13
50
35
36
20
63
14
24
25
2
45
21
34
57
12
32
33
51
66
22
30
31
18
58
41
40
15
9
17
7
29
67
0
5
38
39
43
54
42
6
16
8
65
37
64
56
61
23
70
53
44
47
19
60
  0.048484 seconds (127.11 k allocations: 4.316 MiB)
