950 0 0 0 0 0 0 0 0 0 0 0 0 0 0 0 0 0 0 0 0 0 0 0 0 0 0 0 0 0 0 0
0 0 0 0 0 0 0 0 0 0 0 0 0 0 0 0 0 0 0 0 0 0 0 0 0 0 0 0 0 0 0 0
0 0 0 0 0 0 0 0 0 0 0 0 0 0 0 0 0 0 0 0 0 0 0 0 0 0 0 0 0 0 0 0
0 0 0 0 0 0 0 0 0 0 0 0 0 0 0 0 0 0 0 0 0 0 0 0 0 0 0 0 0 0 0 0
0 0 0 0 0 0 0 0 0 0 0 0 0 0 0 0 0 0 0 0 0 0 0 0 0 0 0 0 0 0 0 0
0 0 0 0 0 0 0 0 0 0 0 0 0 0 0 0 0 0 0 0 0 0 0 0 0 0 0 0 0 0 0 0
0 0 0 0 0 0 0 0 0 0 0 0 0 0 0 0 0 0 0 0 0 0 0 0 0 0 0 0 0 0 0 0
0 0 0 0 0 0 0 0 0 0 0 0 0 0 0 0 0 0 0 0 0 0 0 0 0 0 0 0 0 0 0 0
0 0 0 0 0 0 0 0 0 0 0 0 0 0 0 0 0 0 0 0 0 0 0 0 0 0 0 0 0 0 0 0
0 0 0 0 0 0 0 0 0 0 0 0 0 0 0 0 0 0 0 0 0 0 0 0 0 0 0 0 0 0 0 0
0 0 0 0 0 0 0 0 0 0 0 0 0 0 0 0 0 0 0 0 0 0 0 0 0 0 0 0 0 0 0 0
0 0 0 0 0 0 0 0 0 0 0 0 0 0 0 0 0 0 0 0 0 0 0 0 0 0 0 0 0 0 0 0
0 0 0 0 0 0 0 0 0 0 0 0 0 0 0 0 0 0 0 0 0 0 0 0 0 0 0 0 0 0 0 0
0 0 0 0 0 0 0 0 0 0 0 0 0 0 0 0 0 0 0 0 0 0 0 0 0 0 0 0 0 0 0 0
0 0 0 0 0 0 0 0 0 0 0 0 0 0 0 0 0 0 0 0 0 0 0 0 0 0 0 0 0 0 0 0
0 0 0 0 0 0 0 0 0 0 0 0 0 0 0 0 0 0 0 0 0 0 0 0 0 0 0 0 0 0 0 0
0 0 0 0 0 0 0 0 0 0 0 0 0 0 0 0 0 0 0 0 0 0 0 0 0 0 0 0 0 0 0 0
0 0 0 0 0 0 0 0 0 0 0 0 0 0 0 0 0 0 0 0 0 0 0 0 0 0 0 0 0 0 0 0
0 0 0 0 0 0 0 0 0 0 0 0 0 0 0 0 0 0 0 0 0 0 0 0 0 0 0 0 0 0 0 0
0 0 0 0 0 0 0 0 0 0 0 0 0 0 0 0 0 0 0 0 0 0 0 0 0 0 0 0 0 0 0 0
0 0 0 0 0 0 0 0 0 0 0 0 0 0 0 0 0 0 0 0 0 0 0 0 0 0 0 0 0 0 0 0
0 0 0 0 0 0 0 0 0 0 0 0 0 0 0 0 0 0 0 0 0 0 0 0 0 0 0 0 0 0 0 0
0 0 0 0 0 0 0 0 0 0 0 0 0 0 0 0 0 0 0 0 0 0 0 0 0 0 0 0 0 0 0 0
0 0 0 0 0 0 0 0 0 0 0 0 0 0 0 0 0 0 0 0 0 0 0 0 0 0 0 0 0 0 0 0
0 0 0 0 0 0 0 0 0 0 0 0 0 0 0 0 0 0 0 0 0 0 0 0 0 0 0 0 0 0 0 0
0 0 0 0 0 0 0 0 0 0 0 0 0 0 0 0 0 0 0 0 0 0 0 0 0 0 0 0 0 0 0 0
0 0 0 0 0 0 0 0 0 0 0 0 0 0 0 0 0 0 0 0 0 0 0 0 0 0 0 0 0 0 0 0
0 0 0 0 0 0 0 0 0 0 0 0 0 0 0 0 0 0 0 0 0 0 0 0 0 0 0 0 0 0 0 0
0 0 0 0 0 0 0 0 0 0 0 0 0 0 0 0 0 0 0 0 0 0 0 0 0 0 0 0 0 0 0 0
0 0 0 0 0 0 0 0 0 0 0 0 0 0 0 0 0 0 0 0 0 0 0 0 0 0 0 0 0 0 0 0
0 0 0 0 0 0 0 0 0 0 0 0 0 0 0 0 0 0 0 0 0 0 0 0 0 0 0 0 0 0 0 0
0 0 0 0 0 0 0 0 0 0 0 0 0 0 0 0 0 0 0 0 0 0 0 0 0 0 0 0 0 0 0 0
0 0 -1
0 0 -7
0 -3 -10
0 -3 -27
0 -4 -3
0 -5 -16
0 -6 -17
0 -6 -22
0 -6 -28
0 -7 -2
0 -7 -25
0 -7 -27
0 -7 -30
0 -8 -7
0 -8 -18
0 -8 -19
0 -8 -20
0 -8 -25
0 -8 -30
0 -9 -10
0 -9 -23
0 -9 -27
0 -10 -17
0 -10 -22
0 -11 -4
0 -11 -6
0 -11 -9
0 -11 -11
0 -12 -28
0 -12 -29
0 -13 -2
0 -13 -11
0 -14 -2
0 -15 -5
0 -15 -20
0 -16 -5
0 -16 -31
0 -18 -23
0 -18 -25
0 -19 -18
0 -19 -27
0 -20 -7
0 -20 -8
0 -20 -24
0 -21 -8
0 -21 -20
0 -22 -28
0 -23 -3
0 -23 -31
0 -24 -12
0 -25 -10
0 -25 -12
0 -25 -30
0 -26 -2
0 -26 -17
0 -27 -15
0 -27 -23
0 -27 -29
0 -28 -21
0 -28 -22
0 -29 -4
0 -30 -14
0 -30 -17
0 -30 -24
0 -30 -28
0 -31 -3
0 -31 -6
0 -31 -12
1 0 -1
1 0 -7
1 -3 -10
1 -3 -27
1 -4 -3
1 -5 -16
1 -6 -17
1 -6 -22
1 -6 -28
1 -7 -2
1 -7 -25
1 -7 -27
1 -7 -30
1 -8 -7
1 -8 -18
1 -8 -19
1 -8 -20
1 -8 -25
1 -8 -30
1 -9 -10
1 -9 -23
1 -9 -27
1 -10 -17
1 -10 -22
1 -11 -4
1 -11 -6
1 -11 -9
1 -11 -11
1 -12 -28
1 -12 -29
1 -13 -2
1 -13 -11
1 -14 -2
1 -15 -5
1 -15 -20
1 -16 -5
1 -16 -31
1 -18 -23
1 -18 -25
1 -19 -18
1 -19 -27
1 -20 -7
1 -20 -8
1 -20 -24
1 -21 -8
1 -21 -20
1 -22 -28
1 -23 -3
1 -23 -31
1 -24 -12
1 -25 -10
1 -25 -12
1 -25 -30
1 -26 -2
1 -26 -17
1 -27 -15
1 -27 -23
1 -27 -29
1 -28 -21
1 -28 -22
1 -29 -4
1 -30 -14
1 -30 -17
1 -30 -24
1 -30 -28
1 -31 -3
1 -31 -6
1 -31 -12
2 0 -1
2 0 -7
2 -3 -10
2 -3 -27
2 -4 -3
2 -5 -16
2 -6 -17
2 -6 -22
2 -6 -28
2 -7 -2
2 -7 -25
2 -7 -27
2 -7 -30
2 -8 -7
2 -8 -18
2 -8 -19
2 -8 -20
2 -8 -25
2 -8 -30
2 -9 -10
2 -9 -23
2 -9 -27
2 -10 -17
2 -10 -22
2 -11 -4
2 -11 -6
2 -11 -9
2 -11 -11
2 -12 -28
2 -12 -29
2 -13 -2
2 -13 -11
2 -14 -2
2 -15 -5
2 -15 -20
2 -16 -5
2 -16 -31
2 -18 -23
2 -18 -25
2 -19 -18
2 -19 -27
2 -20 -7
2 -20 -8
2 -20 -24
2 -21 -8
2 -21 -20
2 -22 -28
2 -23 -3
2 -23 -31
2 -24 -12
2 -25 -10
2 -25 -12
2 -25 -30
2 -26 -2
2 -26 -17
2 -27 -15
2 -27 -23
2 -27 -29
2 -28 -21
2 -28 -22
2 -29 -4
2 -30 -14
2 -30 -17
2 -30 -24
2 -30 -28
2 -31 -3
2 -31 -6
2 -31 -12
3 0 -1
3 0 -7
3 -3 -10
3 -3 -27
3 -4 -3
3 -5 -16
3 -6 -17
3 -6 -22
3 -6 -28
3 -7 -2
3 -7 -25
3 -7 -27
3 -7 -30
3 -8 -7
3 -8 -18
3 -8 -19
3 -8 -20
3 -8 -25
3 -8 -30
3 -9 -10
3 -9 -23
3 -9 -27
3 -10 -17
3 -10 -22
3 -11 -4
3 -11 -6
3 -11 -9
3 -11 -11
3 -12 -28
3 -12 -29
3 -13 -2
3 -13 -11
3 -14 -2
3 -15 -5
3 -15 -20
3 -16 -5
3 -16 -31
3 -18 -23
3 -18 -25
3 -19 -18
3 -19 -27
3 -20 -7
3 -20 -8
3 -20 -24
3 -21 -8
3 -21 -20
3 -22 -28
3 -23 -3
3 -23 -31
3 -24 -12
3 -25 -10
3 -25 -12
3 -25 -30
3 -26 -2
3 -26 -17
3 -27 -15
3 -27 -23
3 -27 -29
3 -28 -21
3 -28 -22
3 -29 -4
3 -30 -14
3 -30 -17
3 -30 -24
3 -30 -28
3 -31 -3
3 -31 -6
3 -31 -12
4 0 -1
4 0 -7
4 -3 -10
4 -3 -27
4 -4 -3
4 -5 -16
4 -6 -17
4 -6 -22
4 -6 -28
4 -7 -2
4 -7 -25
4 -7 -27
4 -7 -30
4 -8 -7
4 -8 -18
4 -8 -19
4 -8 -20
4 -8 -25
4 -8 -30
4 -9 -10
4 -9 -23
4 -9 -27
4 -10 -17
4 -10 -22
4 -11 -4
4 -11 -6
4 -11 -9
4 -11 -11
4 -12 -28
4 -12 -29
4 -13 -2
4 -13 -11
4 -14 -2
4 -15 -5
4 -15 -20
4 -16 -5
4 -16 -31
4 -18 -23
4 -18 -25
4 -19 -18
4 -19 -27
4 -20 -7
4 -20 -8
4 -20 -24
4 -21 -8
4 -21 -20
4 -22 -28
4 -23 -3
4 -23 -31
4 -24 -12
4 -25 -10
4 -25 -12
4 -25 -30
4 -26 -2
4 -26 -17
4 -27 -15
4 -27 -23
4 -27 -29
4 -28 -21
4 -28 -22
4 -29 -4
4 -30 -14
4 -30 -17
4 -30 -24
4 -30 -28
4 -31 -3
4 -31 -6
4 -31 -12
5 0 -1
5 0 -7
5 -3 -10
5 -3 -27
5 -4 -3
5 -5 -16
5 -6 -17
5 -6 -22
5 -6 -28
5 -7 -2
5 -7 -25
5 -7 -27
5 -7 -30
5 -8 -7
5 -8 -18
5 -8 -19
5 -8 -20
5 -8 -25
5 -8 -30
5 -9 -10
5 -9 -23
5 -9 -27
5 -10 -17
5 -10 -22
5 -11 -4
5 -11 -6
5 -11 -9
5 -11 -11
5 -12 -28
5 -12 -29
5 -13 -2
5 -13 -11
5 -14 -2
5 -15 -5
5 -15 -20
5 -16 -5
5 -16 -31
5 -18 -23
5 -18 -25
5 -19 -18
5 -19 -27
5 -20 -7
5 -20 -8
5 -20 -24
5 -21 -8
5 -21 -20
5 -22 -28
5 -23 -3
5 -23 -31
5 -24 -12
5 -25 -10
5 -25 -12
5 -25 -30
5 -26 -2
5 -26 -17
5 -27 -15
5 -27 -23
5 -27 -29
5 -28 -21
5 -28 -22
5 -29 -4
5 -30 -14
5 -30 -17
5 -30 -24
5 -30 -28
5 -31 -3
5 -31 -6
5 -31 -12
6 0 -1
6 0 -7
6 -3 -10
6 -3 -27
6 -4 -3
6 -5 -16
6 -6 -17
6 -6 -22
6 -6 -28
6 -7 -2
6 -7 -25
6 -7 -27
6 -7 -30
6 -8 -7
6 -8 -18
6 -8 -19
6 -8 -20
6 -8 -25
6 -8 -30
6 -9 -10
6 -9 -23
6 -9 -27
6 -10 -17
6 -10 -22
6 -11 -4
6 -11 -6
6 -11 -9
6 -11 -11
6 -12 -28
6 -12 -29
6 -13 -2
6 -13 -11
6 -14 -2
6 -15 -5
6 -15 -20
6 -16 -5
6 -16 -31
6 -18 -23
6 -18 -25
6 -19 -18
6 -19 -27
6 -20 -7
6 -20 -8
6 -20 -24
6 -21 -8
6 -21 -20
6 -22 -28
6 -23 -3
6 -23 -31
6 -24 -12
6 -25 -10
6 -25 -12
6 -25 -30
6 -26 -2
6 -26 -17
6 -27 -15
6 -27 -23
6 -27 -29
6 -28 -21
6 -28 -22
6 -29 -4
6 -30 -14
6 -30 -17
6 -30 -24
6 -30 -28
6 -31 -3
6 -31 -6
6 -31 -12
7 0 -1
7 0 -7
7 -3 -10
7 -3 -27
7 -4 -3
7 -5 -16
7 -6 -17
7 -6 -22
7 -6 -28
7 -7 -2
7 -7 -25
7 -7 -27
7 -7 -30
7 -8 -7
7 -8 -18
7 -8 -19
7 -8 -20
7 -8 -25
7 -8 -30
7 -9 -10
7 -9 -23
7 -9 -27
7 -10 -17
7 -10 -22
7 -11 -4
7 -11 -6
7 -11 -9
7 -11 -11
7 -12 -28
7 -12 -29
7 -13 -2
7 -13 -11
7 -14 -2
7 -15 -5
7 -15 -20
7 -16 -5
7 -16 -31
7 -18 -23
7 -18 -25
7 -19 -18
7 -19 -27
7 -20 -7
7 -20 -8
7 -20 -24
7 -21 -8
7 -21 -20
7 -22 -28
7 -23 -3
7 -23 -31
7 -24 -12
7 -25 -10
7 -25 -12
7 -25 -30
7 -26 -2
7 -26 -17
7 -27 -15
7 -27 -23
7 -27 -29
7 -28 -21
7 -28 -22
7 -29 -4
7 -30 -14
7 -30 -17
7 -30 -24
7 -30 -28
7 -31 -3
7 -31 -6
7 -31 -12
8 0 -1
8 0 -7
8 -3 -10
8 -3 -27
8 -4 -3
8 -5 -16
8 -6 -17
8 -6 -22
8 -6 -28
8 -7 -2
8 -7 -25
8 -7 -27
8 -7 -30
8 -8 -7
8 -8 -18
8 -8 -19
8 -8 -20
8 -8 -25
8 -8 -30
8 -9 -10
8 -9 -23
8 -9 -27
8 -10 -17
8 -10 -22
8 -11 -4
8 -11 -6
8 -11 -9
8 -11 -11
8 -12 -28
8 -12 -29
8 -13 -2
8 -13 -11
8 -14 -2
8 -15 -5
8 -15 -20
8 -16 -5
8 -16 -31
8 -18 -23
8 -18 -25
8 -19 -18
8 -19 -27
8 -20 -7
8 -20 -8
8 -20 -24
8 -21 -8
8 -21 -20
8 -22 -28
8 -23 -3
8 -23 -31
8 -24 -12
8 -25 -10
8 -25 -12
8 -25 -30
8 -26 -2
8 -26 -17
8 -27 -15
8 -27 -23
8 -27 -29
8 -28 -21
8 -28 -22
8 -29 -4
8 -30 -14
8 -30 -17
8 -30 -24
8 -30 -28
8 -31 -3
8 -31 -6
8 -31 -12
9 0 -1
9 0 -7
9 -3 -10
9 -3 -27
9 -4 -3
9 -5 -16
9 -6 -17
9 -6 -22
9 -6 -28
9 -7 -2
9 -7 -25
9 -7 -27
9 -7 -30
9 -8 -7
9 -8 -18
9 -8 -19
9 -8 -20
9 -8 -25
9 -8 -30
9 -9 -10
9 -9 -23
9 -9 -27
9 -10 -17
9 -10 -22
9 -11 -4
9 -11 -6
9 -11 -9
9 -11 -11
9 -12 -28
9 -12 -29
9 -13 -2
9 -13 -11
9 -14 -2
9 -15 -5
9 -15 -20
9 -16 -5
9 -16 -31
9 -18 -23
9 -18 -25
9 -19 -18
9 -19 -27
9 -20 -7
9 -20 -8
9 -20 -24
9 -21 -8
9 -21 -20
9 -22 -28
9 -23 -3
9 -23 -31
9 -24 -12
9 -25 -10
9 -25 -12
9 -25 -30
9 -26 -2
9 -26 -17
9 -27 -15
9 -27 -23
9 -27 -29
9 -28 -21
9 -28 -22
9 -29 -4
9 -30 -14
9 -30 -17
9 -30 -24
9 -30 -28
9 -31 -3
9 -31 -6
9 -31 -12
10 0 -1
10 0 -7
10 -3 -10
10 -3 -27
10 -4 -3
10 -5 -16
10 -6 -17
10 -6 -22
10 -6 -28
10 -7 -2
10 -7 -25
10 -7 -27
10 -7 -30
10 -8 -7
10 -8 -18
10 -8 -19
10 -8 -20
10 -8 -25
10 -8 -30
10 -9 -10
10 -9 -23
10 -9 -27
10 -10 -17
10 -10 -22
10 -11 -4
10 -11 -6
10 -11 -9
10 -11 -11
10 -12 -28
10 -12 -29
10 -13 -2
10 -13 -11
10 -14 -2
10 -15 -5
10 -15 -20
10 -16 -5
10 -16 -31
10 -18 -23
10 -18 -25
10 -19 -18
10 -19 -27
10 -20 -7
10 -20 -8
10 -20 -24
10 -21 -8
10 -21 -20
10 -22 -28
10 -23 -3
10 -23 -31
10 -24 -12
10 -25 -10
10 -25 -12
10 -25 -30
10 -26 -2
10 -26 -17
10 -27 -15
10 -27 -23
10 -27 -29
10 -28 -21
10 -28 -22
10 -29 -4
10 -30 -14
10 -30 -17
10 -30 -24
10 -30 -28
10 -31 -3
10 -31 -6
10 -31 -12
11 0 -1
11 0 -7
11 -3 -10
11 -3 -27
11 -4 -3
11 -5 -16
11 -6 -17
11 -6 -22
11 -6 -28
11 -7 -2
11 -7 -25
11 -7 -27
11 -7 -30
11 -8 -7
11 -8 -18
11 -8 -19
11 -8 -20
11 -8 -25
11 -8 -30
11 -9 -10
11 -9 -23
11 -9 -27
11 -10 -17
11 -10 -22
11 -11 -4
11 -11 -6
11 -11 -9
11 -11 -11
11 -12 -28
11 -12 -29
11 -13 -2
11 -13 -11
11 -14 -2
11 -15 -5
11 -15 -20
11 -16 -5
11 -16 -31
11 -18 -23
11 -18 -25
11 -19 -18
11 -19 -27
11 -20 -7
11 -20 -8
11 -20 -24
11 -21 -8
11 -21 -20
11 -22 -28
11 -23 -3
11 -23 -31
11 -24 -12
11 -25 -10
11 -25 -12
11 -25 -30
11 -26 -2
11 -26 -17
11 -27 -15
11 -27 -23
11 -27 -29
11 -28 -21
11 -28 -22
11 -29 -4
11 -30 -14
11 -30 -17
11 -30 -24
11 -30 -28
11 -31 -3
11 -31 -6
11 -31 -12
12 0 -1
12 0 -7
12 -3 -10
12 -3 -27
12 -4 -3
12 -5 -16
12 -6 -17
12 -6 -22
12 -6 -28
12 -7 -2
12 -7 -25
12 -7 -27
12 -7 -30
12 -8 -7
12 -8 -18
12 -8 -19
12 -8 -20
12 -8 -25
12 -8 -30
12 -9 -10
12 -9 -23
12 -9 -27
12 -10 -17
12 -10 -22
12 -11 -4
12 -11 -6
12 -11 -9
12 -11 -11
12 -12 -28
12 -12 -29
12 -13 -2
12 -13 -11
12 -14 -2
12 -15 -5
12 -15 -20
12 -16 -5
12 -16 -31
12 -18 -23
12 -18 -25
12 -19 -18
12 -19 -27
12 -20 -7
12 -20 -8
12 -20 -24
12 -21 -8
12 -21 -20
12 -22 -28
12 -23 -3
12 -23 -31
12 -24 -12
12 -25 -10
12 -25 -12
12 -25 -30
12 -26 -2
12 -26 -17
12 -27 -15
12 -27 -23
12 -27 -29
12 -28 -21
12 -28 -22
12 -29 -4
12 -30 -14
12 -30 -17
12 -30 -24
12 -30 -28
12 -31 -3
12 -31 -6
12 -31 -12
13 0 -1
13 0 -7
13 -3 -10
13 -3 -27
13 -4 -3
13 -5 -16
13 -6 -17
13 -6 -22
13 -6 -28
13 -7 -2
13 -7 -25
13 -7 -27
13 -7 -30
13 -8 -7
13 -8 -18
13 -8 -19
13 -8 -20
13 -8 -25
13 -8 -30
13 -9 -10
13 -9 -23
13 -9 -27
13 -10 -17
13 -10 -22
13 -11 -4
13 -11 -6
13 -11 -9
13 -11 -11
13 -12 -28
13 -12 -29
13 -13 -2
13 -13 -11
13 -14 -2
13 -15 -5
13 -15 -20
13 -16 -5
13 -16 -31
13 -18 -23
13 -18 -25
13 -19 -18
13 -19 -27
13 -20 -7
13 -20 -8
13 -20 -24
13 -21 -8
13 -21 -20
13 -22 -28
13 -23 -3
13 -23 -31
13 -24 -12
13 -25 -10
13 -25 -12
13 -25 -30
13 -26 -2
13 -26 -17
13 -27 -15
13 -27 -23
13 -27 -29
13 -28 -21
13 -28 -22
13 -29 -4
13 -30 -14
13 -30 -17
13 -30 -24
13 -30 -28
13 -31 -3
13 -31 -6
13 -31 -12
14 0 -1
14 0 -7
14 -3 -10
14 -3 -27
14 -4 -3
14 -5 -16
14 -6 -17
14 -6 -22
14 -6 -28
14 -7 -2
14 -7 -25
14 -7 -27
14 -7 -30
14 -8 -7
14 -8 -18
14 -8 -19
14 -8 -20
14 -8 -25
14 -8 -30
14 -9 -10
14 -9 -23
14 -9 -27
14 -10 -17
14 -10 -22
14 -11 -4
14 -11 -6
14 -11 -9
14 -11 -11
14 -12 -28
14 -12 -29
14 -13 -2
14 -13 -11
14 -14 -2
14 -15 -5
14 -15 -20
14 -16 -5
14 -16 -31
14 -18 -23
14 -18 -25
14 -19 -18
14 -19 -27
14 -20 -7
14 -20 -8
14 -20 -24
14 -21 -8
14 -21 -20
14 -22 -28
14 -23 -3
14 -23 -31
14 -24 -12
14 -25 -10
14 -25 -12
14 -25 -30
14 -26 -2
14 -26 -17
14 -27 -15
14 -27 -23
14 -27 -29
14 -28 -21
14 -28 -22
14 -29 -4
14 -30 -14
14 -30 -17
14 -30 -24
14 -30 -28
14 -31 -3
14 -31 -6
14 -31 -12
15 0 -1
15 0 -7
15 -3 -10
15 -3 -27
15 -4 -3
15 -5 -16
15 -6 -17
15 -6 -22
15 -6 -28
15 -7 -2
15 -7 -25
15 -7 -27
15 -7 -30
15 -8 -7
15 -8 -18
15 -8 -19
15 -8 -20
15 -8 -25
15 -8 -30
15 -9 -10
15 -9 -23
15 -9 -27
15 -10 -17
15 -10 -22
15 -11 -4
15 -11 -6
15 -11 -9
15 -11 -11
15 -12 -28
15 -12 -29
15 -13 -2
15 -13 -11
15 -14 -2
15 -15 -5
15 -15 -20
15 -16 -5
15 -16 -31
15 -18 -23
15 -18 -25
15 -19 -18
15 -19 -27
15 -20 -7
15 -20 -8
15 -20 -24
15 -21 -8
15 -21 -20
15 -22 -28
15 -23 -3
15 -23 -31
15 -24 -12
15 -25 -10
15 -25 -12
15 -25 -30
15 -26 -2
15 -26 -17
15 -27 -15
15 -27 -23
15 -27 -29
15 -28 -21
15 -28 -22
15 -29 -4
15 -30 -14
15 -30 -17
15 -30 -24
15 -30 -28
15 -31 -3
15 -31 -6
15 -31 -12
16 0 -1
16 0 -7
16 -3 -10
16 -3 -27
16 -4 -3
16 -5 -16
16 -6 -17
16 -6 -22
16 -6 -28
16 -7 -2
16 -7 -25
16 -7 -27
16 -7 -30
16 -8 -7
16 -8 -18
16 -8 -19
16 -8 -20
16 -8 -25
16 -8 -30
16 -9 -10
16 -9 -23
16 -9 -27
16 -10 -17
16 -10 -22
16 -11 -4
16 -11 -6
16 -11 -9
16 -11 -11
16 -12 -28
16 -12 -29
16 -13 -2
16 -13 -11
16 -14 -2
16 -15 -5
16 -15 -20
16 -16 -5
16 -16 -31
16 -18 -23
16 -18 -25
16 -19 -18
16 -19 -27
16 -20 -7
16 -20 -8
16 -20 -24
16 -21 -8
16 -21 -20
16 -22 -28
16 -23 -3
16 -23 -31
16 -24 -12
16 -25 -10
16 -25 -12
16 -25 -30
16 -26 -2
16 -26 -17
16 -27 -15
16 -27 -23
16 -27 -29
16 -28 -21
16 -28 -22
16 -29 -4
16 -30 -14
16 -30 -17
16 -30 -24
16 -30 -28
16 -31 -3
16 -31 -6
16 -31 -12
17 0 -1
17 0 -7
17 -3 -10
17 -3 -27
17 -4 -3
17 -5 -16
17 -6 -17
17 -6 -22
17 -6 -28
17 -7 -2
17 -7 -25
17 -7 -27
17 -7 -30
17 -8 -7
17 -8 -18
17 -8 -19
17 -8 -20
17 -8 -25
17 -8 -30
17 -9 -10
17 -9 -23
17 -9 -27
17 -10 -17
17 -10 -22
17 -11 -4
17 -11 -6
17 -11 -9
17 -11 -11
17 -12 -28
17 -12 -29
17 -13 -2
17 -13 -11
17 -14 -2
17 -15 -5
17 -15 -20
17 -16 -5
17 -16 -31
17 -18 -23
17 -18 -25
17 -19 -18
17 -19 -27
17 -20 -7
17 -20 -8
17 -20 -24
17 -21 -8
17 -21 -20
17 -22 -28
17 -23 -3
17 -23 -31
17 -24 -12
17 -25 -10
17 -25 -12
17 -25 -30
17 -26 -2
17 -26 -17
17 -27 -15
17 -27 -23
17 -27 -29
17 -28 -21
17 -28 -22
17 -29 -4
17 -30 -14
17 -30 -17
17 -30 -24
17 -30 -28
17 -31 -3
17 -31 -6
17 -31 -12
18 0 -1
18 0 -7
18 -3 -10
18 -3 -27
18 -4 -3
18 -5 -16
18 -6 -17
18 -6 -22
18 -6 -28
18 -7 -2
18 -7 -25
18 -7 -27
18 -7 -30
18 -8 -7
18 -8 -18
18 -8 -19
18 -8 -20
18 -8 -25
18 -8 -30
18 -9 -10
18 -9 -23
18 -9 -27
18 -10 -17
18 -10 -22
18 -11 -4
18 -11 -6
18 -11 -9
18 -11 -11
18 -12 -28
18 -12 -29
18 -13 -2
18 -13 -11
18 -14 -2
18 -15 -5
18 -15 -20
18 -16 -5
18 -16 -31
18 -18 -23
18 -18 -25
18 -19 -18
18 -19 -27
18 -20 -7
18 -20 -8
18 -20 -24
18 -21 -8
18 -21 -20
18 -22 -28
18 -23 -3
18 -23 -31
18 -24 -12
18 -25 -10
18 -25 -12
18 -25 -30
18 -26 -2
18 -26 -17
18 -27 -15
18 -27 -23
18 -27 -29
18 -28 -21
18 -28 -22
18 -29 -4
18 -30 -14
18 -30 -17
18 -30 -24
18 -30 -28
18 -31 -3
18 -31 -6
18 -31 -12
19 0 -1
19 0 -7
19 -3 -10
19 -3 -27
19 -4 -3
19 -5 -16
19 -6 -17
19 -6 -22
19 -6 -28
19 -7 -2
19 -7 -25
19 -7 -27
19 -7 -30
19 -8 -7
19 -8 -18
19 -8 -19
19 -8 -20
19 -8 -25
19 -8 -30
19 -9 -10
19 -9 -23
19 -9 -27
19 -10 -17
19 -10 -22
19 -11 -4
19 -11 -6
19 -11 -9
19 -11 -11
19 -12 -28
19 -12 -29
19 -13 -2
19 -13 -11
19 -14 -2
19 -15 -5
19 -15 -20
19 -16 -5
19 -16 -31
19 -18 -23
19 -18 -25
19 -19 -18
19 -19 -27
19 -20 -7
19 -20 -8
19 -20 -24
19 -21 -8
19 -21 -20
19 -22 -28
19 -23 -3
19 -23 -31
19 -24 -12
19 -25 -10
19 -25 -12
19 -25 -30
19 -26 -2
19 -26 -17
19 -27 -15
19 -27 -23
19 -27 -29
19 -28 -21
19 -28 -22
19 -29 -4
19 -30 -14
19 -30 -17
19 -30 -24
19 -30 -28
19 -31 -3
19 -31 -6
19 -31 -12
20 0 -1
20 0 -7
20 -3 -10
20 -3 -27
20 -4 -3
20 -5 -16
20 -6 -17
20 -6 -22
20 -6 -28
20 -7 -2
20 -7 -25
20 -7 -27
20 -7 -30
20 -8 -7
20 -8 -18
20 -8 -19
20 -8 -20
20 -8 -25
20 -8 -30
20 -9 -10
20 -9 -23
20 -9 -27
20 -10 -17
20 -10 -22
20 -11 -4
20 -11 -6
20 -11 -9
20 -11 -11
20 -12 -28
20 -12 -29
20 -13 -2
20 -13 -11
20 -14 -2
20 -15 -5
20 -15 -20
20 -16 -5
20 -16 -31
20 -18 -23
20 -18 -25
20 -19 -18
20 -19 -27
20 -20 -7
20 -20 -8
20 -20 -24
20 -21 -8
20 -21 -20
20 -22 -28
20 -23 -3
20 -23 -31
20 -24 -12
20 -25 -10
20 -25 -12
20 -25 -30
20 -26 -2
20 -26 -17
20 -27 -15
20 -27 -23
20 -27 -29
20 -28 -21
20 -28 -22
20 -29 -4
20 -30 -14
20 -30 -17
20 -30 -24
20 -30 -28
20 -31 -3
20 -31 -6
20 -31 -12
21 0 -1
21 0 -7
21 -3 -10
21 -3 -27
21 -4 -3
21 -5 -16
21 -6 -17
21 -6 -22
21 -6 -28
21 -7 -2
21 -7 -25
21 -7 -27
21 -7 -30
21 -8 -7
21 -8 -18
21 -8 -19
21 -8 -20
21 -8 -25
21 -8 -30
21 -9 -10
21 -9 -23
21 -9 -27
21 -10 -17
21 -10 -22
21 -11 -4
21 -11 -6
21 -11 -9
21 -11 -11
21 -12 -28
21 -12 -29
21 -13 -2
21 -13 -11
21 -14 -2
21 -15 -5
21 -15 -20
21 -16 -5
21 -16 -31
21 -18 -23
21 -18 -25
21 -19 -18
21 -19 -27
21 -20 -7
21 -20 -8
21 -20 -24
21 -21 -8
21 -21 -20
21 -22 -28
21 -23 -3
21 -23 -31
21 -24 -12
21 -25 -10
21 -25 -12
21 -25 -30
21 -26 -2
21 -26 -17
21 -27 -15
21 -27 -23
21 -27 -29
21 -28 -21
21 -28 -22
21 -29 -4
21 -30 -14
21 -30 -17
21 -30 -24
21 -30 -28
21 -31 -3
21 -31 -6
21 -31 -12
22 0 -1
22 0 -7
22 -3 -10
22 -3 -27
22 -4 -3
22 -5 -16
22 -6 -17
22 -6 -22
22 -6 -28
22 -7 -2
22 -7 -25
22 -7 -27
22 -7 -30
22 -8 -7
22 -8 -18
22 -8 -19
22 -8 -20
22 -8 -25
22 -8 -30
22 -9 -10
22 -9 -23
22 -9 -27
22 -10 -17
22 -10 -22
22 -11 -4
22 -11 -6
22 -11 -9
22 -11 -11
22 -12 -28
22 -12 -29
22 -13 -2
22 -13 -11
22 -14 -2
22 -15 -5
22 -15 -20
22 -16 -5
22 -16 -31
22 -18 -23
22 -18 -25
22 -19 -18
22 -19 -27
22 -20 -7
22 -20 -8
22 -20 -24
22 -21 -8
22 -21 -20
22 -22 -28
22 -23 -3
22 -23 -31
22 -24 -12
22 -25 -10
22 -25 -12
22 -25 -30
22 -26 -2
22 -26 -17
22 -27 -15
22 -27 -23
22 -27 -29
22 -28 -21
22 -28 -22
22 -29 -4
22 -30 -14
22 -30 -17
22 -30 -24
22 -30 -28
22 -31 -3
22 -31 -6
22 -31 -12
23 0 -1
23 0 -7
23 -3 -10
23 -3 -27
23 -4 -3
23 -5 -16
23 -6 -17
23 -6 -22
23 -6 -28
23 -7 -2
23 -7 -25
23 -7 -27
23 -7 -30
23 -8 -7
23 -8 -18
23 -8 -19
23 -8 -20
23 -8 -25
23 -8 -30
23 -9 -10
23 -9 -23
23 -9 -27
23 -10 -17
23 -10 -22
23 -11 -4
23 -11 -6
23 -11 -9
23 -11 -11
23 -12 -28
23 -12 -29
23 -13 -2
23 -13 -11
23 -14 -2
23 -15 -5
23 -15 -20
23 -16 -5
23 -16 -31
23 -18 -23
23 -18 -25
23 -19 -18
23 -19 -27
23 -20 -7
23 -20 -8
23 -20 -24
23 -21 -8
23 -21 -20
23 -22 -28
23 -23 -3
23 -23 -31
23 -24 -12
23 -25 -10
23 -25 -12
23 -25 -30
23 -26 -2
23 -26 -17
23 -27 -15
23 -27 -23
23 -27 -29
23 -28 -21
23 -28 -22
23 -29 -4
23 -30 -14
23 -30 -17
23 -30 -24
23 -30 -28
23 -31 -3
23 -31 -6
23 -31 -12
24 0 -1
24 0 -7
24 -3 -10
24 -3 -27
24 -4 -3
24 -5 -16
24 -6 -17
24 -6 -22
24 -6 -28
24 -7 -2
24 -7 -25
24 -7 -27
24 -7 -30
24 -8 -7
24 -8 -18
24 -8 -19
24 -8 -20
24 -8 -25
24 -8 -30
24 -9 -10
24 -9 -23
24 -9 -27
24 -10 -17
24 -10 -22
24 -11 -4
24 -11 -6
24 -11 -9
24 -11 -11
24 -12 -28
24 -12 -29
24 -13 -2
24 -13 -11
24 -14 -2
24 -15 -5
24 -15 -20
24 -16 -5
24 -16 -31
24 -18 -23
24 -18 -25
24 -19 -18
24 -19 -27
24 -20 -7
24 -20 -8
24 -20 -24
24 -21 -8
24 -21 -20
24 -22 -28
24 -23 -3
24 -23 -31
24 -24 -12
24 -25 -10
24 -25 -12
24 -25 -30
24 -26 -2
24 -26 -17
24 -27 -15
24 -27 -23
24 -27 -29
24 -28 -21
24 -28 -22
24 -29 -4
24 -30 -14
24 -30 -17
24 -30 -24
24 -30 -28
24 -31 -3
24 -31 -6
24 -31 -12
25 0 -1
25 0 -7
25 -3 -10
25 -3 -27
25 -4 -3
25 -5 -16
25 -6 -17
25 -6 -22
25 -6 -28
25 -7 -2
25 -7 -25
25 -7 -27
25 -7 -30
25 -8 -7
25 -8 -18
25 -8 -19
25 -8 -20
25 -8 -25
25 -8 -30
25 -9 -10
25 -9 -23
25 -9 -27
25 -10 -17
25 -10 -22
25 -11 -4
25 -11 -6
25 -11 -9
25 -11 -11
25 -12 -28
25 -12 -29
25 -13 -2
25 -13 -11
25 -14 -2
25 -15 -5
25 -15 -20
25 -16 -5
25 -16 -31
25 -18 -23
25 -18 -25
25 -19 -18
25 -19 -27
25 -20 -7
25 -20 -8
25 -20 -24
25 -21 -8
25 -21 -20
25 -22 -28
25 -23 -3
25 -23 -31
25 -24 -12
25 -25 -10
25 -25 -12
25 -25 -30
25 -26 -2
25 -26 -17
25 -27 -15
25 -27 -23
25 -27 -29
25 -28 -21
25 -28 -22
25 -29 -4
25 -30 -14
25 -30 -17
25 -30 -24
25 -30 -28
25 -31 -3
25 -31 -6
25 -31 -12
26 0 -1
26 0 -7
26 -3 -10
26 -3 -27
26 -4 -3
26 -5 -16
26 -6 -17
26 -6 -22
26 -6 -28
26 -7 -2
26 -7 -25
26 -7 -27
26 -7 -30
26 -8 -7
26 -8 -18
26 -8 -19
26 -8 -20
26 -8 -25
26 -8 -30
26 -9 -10
26 -9 -23
26 -9 -27
26 -10 -17
26 -10 -22
26 -11 -4
26 -11 -6
26 -11 -9
26 -11 -11
26 -12 -28
26 -12 -29
26 -13 -2
26 -13 -11
26 -14 -2
26 -15 -5
26 -15 -20
26 -16 -5
26 -16 -31
26 -18 -23
26 -18 -25
26 -19 -18
26 -19 -27
26 -20 -7
26 -20 -8
26 -20 -24
26 -21 -8
26 -21 -20
26 -22 -28
26 -23 -3
26 -23 -31
26 -24 -12
26 -25 -10
26 -25 -12
26 -25 -30
26 -26 -2
26 -26 -17
26 -27 -15
26 -27 -23
26 -27 -29
26 -28 -21
26 -28 -22
26 -29 -4
26 -30 -14
26 -30 -17
26 -30 -24
26 -30 -28
26 -31 -3
26 -31 -6
26 -31 -12
27 0 -1
27 0 -7
27 -3 -10
27 -3 -27
27 -4 -3
27 -5 -16
27 -6 -17
27 -6 -22
27 -6 -28
27 -7 -2
27 -7 -25
27 -7 -27
27 -7 -30
27 -8 -7
27 -8 -18
27 -8 -19
27 -8 -20
27 -8 -25
27 -8 -30
27 -9 -10
27 -9 -23
27 -9 -27
27 -10 -17
27 -10 -22
27 -11 -4
27 -11 -6
27 -11 -9
27 -11 -11
27 -12 -28
27 -12 -29
27 -13 -2
27 -13 -11
27 -14 -2
27 -15 -5
27 -15 -20
27 -16 -5
27 -16 -31
27 -18 -23
27 -18 -25
27 -19 -18
27 -19 -27
27 -20 -7
27 -20 -8
27 -20 -24
27 -21 -8
27 -21 -20
27 -22 -28
27 -23 -3
27 -23 -31
27 -24 -12
27 -25 -10
27 -25 -12
27 -25 -30
27 -26 -2
27 -26 -17
27 -27 -15
27 -27 -23
27 -27 -29
27 -28 -21
27 -28 -22
27 -29 -4
27 -30 -14
27 -30 -17
27 -30 -24
27 -30 -28
27 -31 -3
27 -31 -6
27 -31 -12
28 0 -1
28 0 -7
28 -3 -10
28 -3 -27
28 -4 -3
28 -5 -16
28 -6 -17
28 -6 -22
28 -6 -28
28 -7 -2
28 -7 -25
28 -7 -27
28 -7 -30
28 -8 -7
28 -8 -18
28 -8 -19
28 -8 -20
28 -8 -25
28 -8 -30
28 -9 -10
28 -9 -23
28 -9 -27
28 -10 -17
28 -10 -22
28 -11 -4
28 -11 -6
28 -11 -9
28 -11 -11
28 -12 -28
28 -12 -29
28 -13 -2
28 -13 -11
28 -14 -2
28 -15 -5
28 -15 -20
28 -16 -5
28 -16 -31
28 -18 -23
28 -18 -25
28 -19 -18
28 -19 -27
28 -20 -7
28 -20 -8
28 -20 -24
28 -21 -8
28 -21 -20
28 -22 -28
28 -23 -3
28 -23 -31
28 -24 -12
28 -25 -10
28 -25 -12
28 -25 -30
28 -26 -2
28 -26 -17
28 -27 -15
28 -27 -23
28 -27 -29
28 -28 -21
28 -28 -22
28 -29 -4
28 -30 -14
28 -30 -17
28 -30 -24
28 -30 -28
28 -31 -3
28 -31 -6
28 -31 -12
29 0 -1
29 0 -7
29 -3 -10
29 -3 -27
29 -4 -3
29 -5 -16
29 -6 -17
29 -6 -22
29 -6 -28
29 -7 -2
29 -7 -25
29 -7 -27
29 -7 -30
29 -8 -7
29 -8 -18
29 -8 -19
29 -8 -20
29 -8 -25
29 -8 -30
29 -9 -10
29 -9 -23
29 -9 -27
29 -10 -17
29 -10 -22
29 -11 -4
29 -11 -6
29 -11 -9
29 -11 -11
29 -12 -28
29 -12 -29
29 -13 -2
29 -13 -11
29 -14 -2
29 -15 -5
29 -15 -20
29 -16 -5
29 -16 -31
29 -18 -23
29 -18 -25
29 -19 -18
29 -19 -27
29 -20 -7
29 -20 -8
29 -20 -24
29 -21 -8
29 -21 -20
29 -22 -28
29 -23 -3
29 -23 -31
29 -24 -12
29 -25 -10
29 -25 -12
29 -25 -30
29 -26 -2
29 -26 -17
29 -27 -15
29 -27 -23
29 -27 -29
29 -28 -21
29 -28 -22
29 -29 -4
29 -30 -14
29 -30 -17
29 -30 -24
29 -30 -28
29 -31 -3
29 -31 -6
29 -31 -12
30 0 -1
30 0 -7
30 -3 -10
30 -3 -27
30 -4 -3
30 -5 -16
30 -6 -17
30 -6 -22
30 -6 -28
30 -7 -2
30 -7 -25
30 -7 -27
30 -7 -30
30 -8 -7
30 -8 -18
30 -8 -19
30 -8 -20
30 -8 -25
30 -8 -30
30 -9 -10
30 -9 -23
30 -9 -27
30 -10 -17
30 -10 -22
30 -11 -4
30 -11 -6
30 -11 -9
30 -11 -11
30 -12 -28
30 -12 -29
30 -13 -2
30 -13 -11
30 -14 -2
30 -15 -5
30 -15 -20
30 -16 -5
30 -16 -31
30 -18 -23
30 -18 -25
30 -19 -18
30 -19 -27
30 -20 -7
30 -20 -8
30 -20 -24
30 -21 -8
30 -21 -20
30 -22 -28
30 -23 -3
30 -23 -31
30 -24 -12
30 -25 -10
30 -25 -12
30 -25 -30
30 -26 -2
30 -26 -17
30 -27 -15
30 -27 -23
30 -27 -29
30 -28 -21
30 -28 -22
30 -29 -4
30 -30 -14
30 -30 -17
30 -30 -24
30 -30 -28
30 -31 -3
30 -31 -6
30 -31 -12
31 0 -1
31 0 -7
31 -3 -10
31 -3 -27
31 -4 -3
31 -5 -16
31 -6 -17
31 -6 -22
31 -6 -28
31 -7 -2
31 -7 -25
31 -7 -27
31 -7 -30
31 -8 -7
31 -8 -18
31 -8 -19
31 -8 -20
31 -8 -25
31 -8 -30
31 -9 -10
31 -9 -23
31 -9 -27
31 -10 -17
31 -10 -22
31 -11 -4
31 -11 -6
31 -11 -9
31 -11 -11
31 -12 -28
31 -12 -29
31 -13 -2
31 -13 -11
31 -14 -2
31 -15 -5
31 -15 -20
31 -16 -5
31 -16 -31
31 -18 -23
31 -18 -25
31 -19 -18
31 -19 -27
31 -20 -7
31 -20 -8
31 -20 -24
31 -21 -8
31 -21 -20
31 -22 -28
31 -23 -3
31 -23 -31
31 -24 -12
31 -25 -10
31 -25 -12
31 -25 -30
31 -26 -2
31 -26 -17
31 -27 -15
31 -27 -23
31 -27 -29
31 -28 -21
31 -28 -22
31 -29 -4
31 -30 -14
31 -30 -17
31 -30 -24
31 -30 -28
31 -31 -3
31 -31 -6
31 -31 -12
32 0 -1
32 0 -7
32 -3 -10
32 -3 -27
32 -4 -3
32 -5 -16
32 -6 -17
32 -6 -22
32 -6 -28
32 -7 -2
32 -7 -25
32 -7 -27
32 -7 -30
32 -8 -7
32 -8 -18
32 -8 -19
32 -8 -20
32 -8 -25
32 -8 -30
32 -9 -10
32 -9 -23
32 -9 -27
32 -10 -17
32 -10 -22
32 -11 -4
32 -11 -6
32 -11 -9
32 -11 -11
32 -12 -28
32 -12 -29
32 -13 -2
32 -13 -11
32 -14 -2
32 -15 -5
32 -15 -20
32 -16 -5
32 -16 -31
32 -18 -23
32 -18 -25
32 -19 -18
32 -19 -27
32 -20 -7
32 -20 -8
32 -20 -24
32 -21 -8
32 -21 -20
32 -22 -28
32 -23 -3
32 -23 -31
32 -24 -12
32 -25 -10
32 -25 -12
32 -25 -30
32 -26 -2
32 -26 -17
32 -27 -15
32 -27 -23
32 -27 -29
32 -28 -21
32 -28 -22
32 -29 -4
32 -30 -14
32 -30 -17
32 -30 -24
32 -30 -28
32 -31 -3
32 -31 -6
32 -31 -12
33 0 -1
33 0 -7
33 -3 -10
33 -3 -27
33 -4 -3
33 -5 -16
33 -6 -17
33 -6 -22
33 -6 -28
33 -7 -2
33 -7 -25
33 -7 -27
33 -7 -30
33 -8 -7
33 -8 -18
33 -8 -19
33 -8 -20
33 -8 -25
33 -8 -30
33 -9 -10
33 -9 -23
33 -9 -27
33 -10 -17
33 -10 -22
33 -11 -4
33 -11 -6
33 -11 -9
33 -11 -11
33 -12 -28
33 -12 -29
33 -13 -2
33 -13 -11
33 -14 -2
33 -15 -5
33 -15 -20
33 -16 -5
33 -16 -31
33 -18 -23
33 -18 -25
33 -19 -18
33 -19 -27
33 -20 -7
33 -20 -8
33 -20 -24
33 -21 -8
33 -21 -20
33 -22 -28
33 -23 -3
33 -23 -31
33 -24 -12
33 -25 -10
33 -25 -12
33 -25 -30
33 -26 -2
33 -26 -17
33 -27 -15
33 -27 -23
33 -27 -29
33 -28 -21
33 -28 -22
33 -29 -4
33 -30 -14
33 -30 -17
33 -30 -24
33 -30 -28
33 -31 -3
33 -31 -6
33 -31 -12
34 0 -1
34 0 -7
34 -3 -10
34 -3 -27
34 -4 -3
34 -5 -16
34 -6 -17
34 -6 -22
34 -6 -28
34 -7 -2
34 -7 -25
34 -7 -27
34 -7 -30
34 -8 -7
34 -8 -18
34 -8 -19
34 -8 -20
34 -8 -25
34 -8 -30
34 -9 -10
34 -9 -23
34 -9 -27
34 -10 -17
34 -10 -22
34 -11 -4
34 -11 -6
34 -11 -9
34 -11 -11
34 -12 -28
34 -12 -29
34 -13 -2
34 -13 -11
34 -14 -2
34 -15 -5
34 -15 -20
34 -16 -5
34 -16 -31
34 -18 -23
34 -18 -25
34 -19 -18
34 -19 -27
34 -20 -7
34 -20 -8
34 -20 -24
34 -21 -8
34 -21 -20
34 -22 -28
34 -23 -3
34 -23 -31
34 -24 -12
34 -25 -10
34 -25 -12
34 -25 -30
34 -26 -2
34 -26 -17
34 -27 -15
34 -27 -23
34 -27 -29
34 -28 -21
34 -28 -22
34 -29 -4
34 -30 -14
34 -30 -17
34 -30 -24
34 -30 -28
34 -31 -3
34 -31 -6
34 -31 -12
35 0 -1
35 0 -7
35 -3 -10
35 -3 -27
35 -4 -3
35 -5 -16
35 -6 -17
35 -6 -22
35 -6 -28
35 -7 -2
35 -7 -25
35 -7 -27
35 -7 -30
35 -8 -7
35 -8 -18
35 -8 -19
35 -8 -20
35 -8 -25
35 -8 -30
35 -9 -10
35 -9 -23
35 -9 -27
35 -10 -17
35 -10 -22
35 -11 -4
35 -11 -6
35 -11 -9
35 -11 -11
35 -12 -28
35 -12 -29
35 -13 -2
35 -13 -11
35 -14 -2
35 -15 -5
35 -15 -20
35 -16 -5
35 -16 -31
35 -18 -23
35 -18 -25
35 -19 -18
35 -19 -27
35 -20 -7
35 -20 -8
35 -20 -24
35 -21 -8
35 -21 -20
35 -22 -28
35 -23 -3
35 -23 -31
35 -24 -12
35 -25 -10
35 -25 -12
35 -25 -30
35 -26 -2
35 -26 -17
35 -27 -15
35 -27 -23
35 -27 -29
35 -28 -21
35 -28 -22
35 -29 -4
35 -30 -14
35 -30 -17
35 -30 -24
35 -30 -28
35 -31 -3
35 -31 -6
35 -31 -12
36 0 -1
36 0 -7
36 -3 -10
36 -3 -27
36 -4 -3
36 -5 -16
36 -6 -17
36 -6 -22
36 -6 -28
36 -7 -2
36 -7 -25
36 -7 -27
36 -7 -30
36 -8 -7
36 -8 -18
36 -8 -19
36 -8 -20
36 -8 -25
36 -8 -30
36 -9 -10
36 -9 -23
36 -9 -27
36 -10 -17
36 -10 -22
36 -11 -4
36 -11 -6
36 -11 -9
36 -11 -11
36 -12 -28
36 -12 -29
36 -13 -2
36 -13 -11
36 -14 -2
36 -15 -5
36 -15 -20
36 -16 -5
36 -16 -31
36 -18 -23
36 -18 -25
36 -19 -18
36 -19 -27
36 -20 -7
36 -20 -8
36 -20 -24
36 -21 -8
36 -21 -20
36 -22 -28
36 -23 -3
36 -23 -31
36 -24 -12
36 -25 -10
36 -25 -12
36 -25 -30
36 -26 -2
36 -26 -17
36 -27 -15
36 -27 -23
36 -27 -29
36 -28 -21
36 -28 -22
36 -29 -4
36 -30 -14
36 -30 -17
36 -30 -24
36 -30 -28
36 -31 -3
36 -31 -6
36 -31 -12
37 0 -1
37 0 -7
37 -3 -10
37 -3 -27
37 -4 -3
37 -5 -16
37 -6 -17
37 -6 -22
37 -6 -28
37 -7 -2
37 -7 -25
37 -7 -27
37 -7 -30
37 -8 -7
37 -8 -18
37 -8 -19
37 -8 -20
37 -8 -25
37 -8 -30
37 -9 -10
37 -9 -23
37 -9 -27
37 -10 -17
37 -10 -22
37 -11 -4
37 -11 -6
37 -11 -9
37 -11 -11
37 -12 -28
37 -12 -29
37 -13 -2
37 -13 -11
37 -14 -2
37 -15 -5
37 -15 -20
37 -16 -5
37 -16 -31
37 -18 -23
37 -18 -25
37 -19 -18
37 -19 -27
37 -20 -7
37 -20 -8
37 -20 -24
37 -21 -8
37 -21 -20
37 -22 -28
37 -23 -3
37 -23 -31
37 -24 -12
37 -25 -10
37 -25 -12
37 -25 -30
37 -26 -2
37 -26 -17
37 -27 -15
37 -27 -23
37 -27 -29
37 -28 -21
37 -28 -22
37 -29 -4
37 -30 -14
37 -30 -17
37 -30 -24
37 -30 -28
37 -31 -3
37 -31 -6
37 -31 -12
38 0 -1
38 0 -7
38 -3 -10
38 -3 -27
38 -4 -3
38 -5 -16
38 -6 -17
38 -6 -22
38 -6 -28
38 -7 -2
38 -7 -25
38 -7 -27
38 -7 -30
38 -8 -7
38 -8 -18
38 -8 -19
38 -8 -20
38 -8 -25
38 -8 -30
38 -9 -10
38 -9 -23
38 -9 -27
38 -10 -17
38 -10 -22
38 -11 -4
38 -11 -6
38 -11 -9
38 -11 -11
38 -12 -28
38 -12 -29
38 -13 -2
38 -13 -11
38 -14 -2
38 -15 -5
38 -15 -20
38 -16 -5
38 -16 -31
38 -18 -23
38 -18 -25
38 -19 -18
38 -19 -27
38 -20 -7
38 -20 -8
38 -20 -24
38 -21 -8
38 -21 -20
38 -22 -28
38 -23 -3
38 -23 -31
38 -24 -12
38 -25 -10
38 -25 -12
38 -25 -30
38 -26 -2
38 -26 -17
38 -27 -15
38 -27 -23
38 -27 -29
38 -28 -21
38 -28 -22
38 -29 -4
38 -30 -14
38 -30 -17
38 -30 -24
38 -30 -28
38 -31 -3
38 -31 -6
38 -31 -12
39 0 -1
39 0 -7
39 -3 -10
39 -3 -27
39 -4 -3
39 -5 -16
39 -6 -17
39 -6 -22
39 -6 -28
39 -7 -2
39 -7 -25
39 -7 -27
39 -7 -30
39 -8 -7
39 -8 -18
39 -8 -19
39 -8 -20
39 -8 -25
39 -8 -30
39 -9 -10
39 -9 -23
39 -9 -27
39 -10 -17
39 -10 -22
39 -11 -4
39 -11 -6
39 -11 -9
39 -11 -11
39 -12 -28
39 -12 -29
39 -13 -2
39 -13 -11
39 -14 -2
39 -15 -5
39 -15 -20
39 -16 -5
39 -16 -31
39 -18 -23
39 -18 -25
39 -19 -18
39 -19 -27
39 -20 -7
39 -20 -8
39 -20 -24
39 -21 -8
39 -21 -20
39 -22 -28
39 -23 -3
39 -23 -31
39 -24 -12
39 -25 -10
39 -25 -12
39 -25 -30
39 -26 -2
39 -26 -17
39 -27 -15
39 -27 -23
39 -27 -29
39 -28 -21
39 -28 -22
39 -29 -4
39 -30 -14
39 -30 -17
39 -30 -24
39 -30 -28
39 -31 -3
39 -31 -6
39 -31 -12
40 0 -1
40 0 -7
40 -3 -10
40 -3 -27
40 -4 -3
40 -5 -16
40 -6 -17
40 -6 -22
40 -6 -28
40 -7 -2
40 -7 -25
40 -7 -27
40 -7 -30
40 -8 -7
40 -8 -18
40 -8 -19
40 -8 -20
40 -8 -25
40 -8 -30
40 -9 -10
40 -9 -23
40 -9 -27
40 -10 -17
40 -10 -22
40 -11 -4
40 -11 -6
40 -11 -9
40 -11 -11
40 -12 -28
40 -12 -29
40 -13 -2
40 -13 -11
40 -14 -2
40 -15 -5
40 -15 -20
40 -16 -5
40 -16 -31
40 -18 -23
40 -18 -25
40 -19 -18
40 -19 -27
40 -20 -7
40 -20 -8
40 -20 -24
40 -21 -8
40 -21 -20
40 -22 -28
40 -23 -3
40 -23 -31
40 -24 -12
40 -25 -10
40 -25 -12
40 -25 -30
40 -26 -2
40 -26 -17
40 -27 -15
40 -27 -23
40 -27 -29
40 -28 -21
40 -28 -22
40 -29 -4
40 -30 -14
40 -30 -17
40 -30 -24
40 -30 -28
40 -31 -3
40 -31 -6
40 -31 -12
41 0 -1
41 0 -7
41 -3 -10
41 -3 -27
41 -4 -3
41 -5 -16
41 -6 -17
41 -6 -22
41 -6 -28
41 -7 -2
41 -7 -25
41 -7 -27
41 -7 -30
41 -8 -7
41 -8 -18
41 -8 -19
41 -8 -20
41 -8 -25
41 -8 -30
41 -9 -10
41 -9 -23
41 -9 -27
41 -10 -17
41 -10 -22
41 -11 -4
41 -11 -6
41 -11 -9
41 -11 -11
41 -12 -28
41 -12 -29
41 -13 -2
41 -13 -11
41 -14 -2
41 -15 -5
41 -15 -20
41 -16 -5
41 -16 -31
41 -18 -23
41 -18 -25
41 -19 -18
41 -19 -27
41 -20 -7
41 -20 -8
41 -20 -24
41 -21 -8
41 -21 -20
41 -22 -28
41 -23 -3
41 -23 -31
41 -24 -12
41 -25 -10
41 -25 -12
41 -25 -30
41 -26 -2
41 -26 -17
41 -27 -15
41 -27 -23
41 -27 -29
41 -28 -21
41 -28 -22
41 -29 -4
41 -30 -14
41 -30 -17
41 -30 -24
41 -30 -28
41 -31 -3
41 -31 -6
41 -31 -12
42 0 -1
42 0 -7
42 -3 -10
42 -3 -27
42 -4 -3
42 -5 -16
42 -6 -17
42 -6 -22
42 -6 -28
42 -7 -2
42 -7 -25
42 -7 -27
42 -7 -30
42 -8 -7
42 -8 -18
42 -8 -19
42 -8 -20
42 -8 -25
42 -8 -30
42 -9 -10
42 -9 -23
42 -9 -27
42 -10 -17
42 -10 -22
42 -11 -4
42 -11 -6
42 -11 -9
42 -11 -11
42 -12 -28
42 -12 -29
42 -13 -2
42 -13 -11
42 -14 -2
42 -15 -5
42 -15 -20
42 -16 -5
42 -16 -31
42 -18 -23
42 -18 -25
42 -19 -18
42 -19 -27
42 -20 -7
42 -20 -8
42 -20 -24
42 -21 -8
42 -21 -20
42 -22 -28
42 -23 -3
42 -23 -31
42 -24 -12
42 -25 -10
42 -25 -12
42 -25 -30
42 -26 -2
42 -26 -17
42 -27 -15
42 -27 -23
42 -27 -29
42 -28 -21
42 -28 -22
42 -29 -4
42 -30 -14
42 -30 -17
42 -30 -24
42 -30 -28
42 -31 -3
42 -31 -6
42 -31 -12
43 0 -1
43 0 -7
43 -3 -10
43 -3 -27
43 -4 -3
43 -5 -16
43 -6 -17
43 -6 -22
43 -6 -28
43 -7 -2
43 -7 -25
43 -7 -27
43 -7 -30
43 -8 -7
43 -8 -18
43 -8 -19
43 -8 -20
43 -8 -25
43 -8 -30
43 -9 -10
43 -9 -23
43 -9 -27
43 -10 -17
43 -10 -22
43 -11 -4
43 -11 -6
43 -11 -9
43 -11 -11
43 -12 -28
43 -12 -29
43 -13 -2
43 -13 -11
43 -14 -2
43 -15 -5
43 -15 -20
43 -16 -5
43 -16 -31
43 -18 -23
43 -18 -25
43 -19 -18
43 -19 -27
43 -20 -7
43 -20 -8
43 -20 -24
43 -21 -8
43 -21 -20
43 -22 -28
43 -23 -3
43 -23 -31
43 -24 -12
43 -25 -10
43 -25 -12
43 -25 -30
43 -26 -2
43 -26 -17
43 -27 -15
43 -27 -23
43 -27 -29
43 -28 -21
43 -28 -22
43 -29 -4
43 -30 -14
43 -30 -17
43 -30 -24
43 -30 -28
43 -31 -3
43 -31 -6
43 -31 -12
44 0 -1
44 0 -7
44 -3 -10
44 -3 -27
44 -4 -3
44 -5 -16
44 -6 -17
44 -6 -22
44 -6 -28
44 -7 -2
44 -7 -25
44 -7 -27
44 -7 -30
44 -8 -7
44 -8 -18
44 -8 -19
44 -8 -20
44 -8 -25
44 -8 -30
44 -9 -10
44 -9 -23
44 -9 -27
44 -10 -17
44 -10 -22
44 -11 -4
44 -11 -6
44 -11 -9
44 -11 -11
44 -12 -28
44 -12 -29
44 -13 -2
44 -13 -11
44 -14 -2
44 -15 -5
44 -15 -20
44 -16 -5
44 -16 -31
44 -18 -23
44 -18 -25
44 -19 -18
44 -19 -27
44 -20 -7
44 -20 -8
44 -20 -24
44 -21 -8
44 -21 -20
44 -22 -28
44 -23 -3
44 -23 -31
44 -24 -12
44 -25 -10
44 -25 -12
44 -25 -30
44 -26 -2
44 -26 -17
44 -27 -15
44 -27 -23
44 -27 -29
44 -28 -21
44 -28 -22
44 -29 -4
44 -30 -14
44 -30 -17
44 -30 -24
44 -30 -28
44 -31 -3
44 -31 -6
44 -31 -12
45 0 -1
45 0 -7
45 -3 -10
45 -3 -27
45 -4 -3
45 -5 -16
45 -6 -17
45 -6 -22
45 -6 -28
45 -7 -2
45 -7 -25
45 -7 -27
45 -7 -30
45 -8 -7
45 -8 -18
45 -8 -19
45 -8 -20
45 -8 -25
45 -8 -30
45 -9 -10
45 -9 -23
45 -9 -27
45 -10 -17
45 -10 -22
45 -11 -4
45 -11 -6
45 -11 -9
45 -11 -11
45 -12 -28
45 -12 -29
45 -13 -2
45 -13 -11
45 -14 -2
45 -15 -5
45 -15 -20
45 -16 -5
45 -16 -31
45 -18 -23
45 -18 -25
45 -19 -18
45 -19 -27
45 -20 -7
45 -20 -8
45 -20 -24
45 -21 -8
45 -21 -20
45 -22 -28
45 -23 -3
45 -23 -31
45 -24 -12
45 -25 -10
45 -25 -12
45 -25 -30
45 -26 -2
45 -26 -17
45 -27 -15
45 -27 -23
45 -27 -29
45 -28 -21
45 -28 -22
45 -29 -4
45 -30 -14
45 -30 -17
45 -30 -24
45 -30 -28
45 -31 -3
45 -31 -6
45 -31 -12
46 0 -1
46 0 -7
46 -3 -10
46 -3 -27
46 -4 -3
46 -5 -16
46 -6 -17
46 -6 -22
46 -6 -28
46 -7 -2
46 -7 -25
46 -7 -27
46 -7 -30
46 -8 -7
46 -8 -18
46 -8 -19
46 -8 -20
46 -8 -25
46 -8 -30
46 -9 -10
46 -9 -23
46 -9 -27
46 -10 -17
46 -10 -22
46 -11 -4
46 -11 -6
46 -11 -9
46 -11 -11
46 -12 -28
46 -12 -29
46 -13 -2
46 -13 -11
46 -14 -2
46 -15 -5
46 -15 -20
46 -16 -5
46 -16 -31
46 -18 -23
46 -18 -25
46 -19 -18
46 -19 -27
46 -20 -7
46 -20 -8
46 -20 -24
46 -21 -8
46 -21 -20
46 -22 -28
46 -23 -3
46 -23 -31
46 -24 -12
46 -25 -10
46 -25 -12
46 -25 -30
46 -26 -2
46 -26 -17
46 -27 -15
46 -27 -23
46 -27 -29
46 -28 -21
46 -28 -22
46 -29 -4
46 -30 -14
46 -30 -17
46 -30 -24
46 -30 -28
46 -31 -3
46 -31 -6
46 -31 -12
47 0 -1
47 0 -7
47 -3 -10
47 -3 -27
47 -4 -3
47 -5 -16
47 -6 -17
47 -6 -22
47 -6 -28
47 -7 -2
47 -7 -25
47 -7 -27
47 -7 -30
47 -8 -7
47 -8 -18
47 -8 -19
47 -8 -20
47 -8 -25
47 -8 -30
47 -9 -10
47 -9 -23
47 -9 -27
47 -10 -17
47 -10 -22
47 -11 -4
47 -11 -6
47 -11 -9
47 -11 -11
47 -12 -28
47 -12 -29
47 -13 -2
47 -13 -11
47 -14 -2
47 -15 -5
47 -15 -20
47 -16 -5
47 -16 -31
47 -18 -23
47 -18 -25
47 -19 -18
47 -19 -27
47 -20 -7
47 -20 -8
47 -20 -24
47 -21 -8
47 -21 -20
47 -22 -28
47 -23 -3
47 -23 -31
47 -24 -12
47 -25 -10
47 -25 -12
47 -25 -30
47 -26 -2
47 -26 -17
47 -27 -15
47 -27 -23
47 -27 -29
47 -28 -21
47 -28 -22
47 -29 -4
47 -30 -14
47 -30 -17
47 -30 -24
47 -30 -28
47 -31 -3
47 -31 -6
47 -31 -12
48 0 -1
48 0 -7
48 -3 -10
48 -3 -27
48 -4 -3
48 -5 -16
48 -6 -17
48 -6 -22
48 -6 -28
48 -7 -2
48 -7 -25
48 -7 -27
48 -7 -30
48 -8 -7
48 -8 -18
48 -8 -19
48 -8 -20
48 -8 -25
48 -8 -30
48 -9 -10
48 -9 -23
48 -9 -27
48 -10 -17
48 -10 -22
48 -11 -4
48 -11 -6
48 -11 -9
48 -11 -11
48 -12 -28
48 -12 -29
48 -13 -2
48 -13 -11
48 -14 -2
48 -15 -5
48 -15 -20
48 -16 -5
48 -16 -31
48 -18 -23
48 -18 -25
48 -19 -18
48 -19 -27
48 -20 -7
48 -20 -8
48 -20 -24
48 -21 -8
48 -21 -20
48 -22 -28
48 -23 -3
48 -23 -31
48 -24 -12
48 -25 -10
48 -25 -12
48 -25 -30
48 -26 -2
48 -26 -17
48 -27 -15
48 -27 -23
48 -27 -29
48 -28 -21
48 -28 -22
48 -29 -4
48 -30 -14
48 -30 -17
48 -30 -24
48 -30 -28
48 -31 -3
48 -31 -6
48 -31 -12
49 0 -1
49 0 -7
49 -3 -10
49 -3 -27
49 -4 -3
49 -5 -16
49 -6 -17
49 -6 -22
49 -6 -28
49 -7 -2
49 -7 -25
49 -7 -27
49 -7 -30
49 -8 -7
49 -8 -18
49 -8 -19
49 -8 -20
49 -8 -25
49 -8 -30
49 -9 -10
49 -9 -23
49 -9 -27
49 -10 -17
49 -10 -22
49 -11 -4
49 -11 -6
49 -11 -9
49 -11 -11
49 -12 -28
49 -12 -29
49 -13 -2
49 -13 -11
49 -14 -2
49 -15 -5
49 -15 -20
49 -16 -5
49 -16 -31
49 -18 -23
49 -18 -25
49 -19 -18
49 -19 -27
49 -20 -7
49 -20 -8
49 -20 -24
49 -21 -8
49 -21 -20
49 -22 -28
49 -23 -3
49 -23 -31
49 -24 -12
49 -25 -10
49 -25 -12
49 -25 -30
49 -26 -2
49 -26 -17
49 -27 -15
49 -27 -23
49 -27 -29
49 -28 -21
49 -28 -22
49 -29 -4
49 -30 -14
49 -30 -17
49 -30 -24
49 -30 -28
49 -31 -3
49 -31 -6
49 -31 -12
50 0 -1
50 0 -7
50 -3 -10
50 -3 -27
50 -4 -3
50 -5 -16
50 -6 -17
50 -6 -22
50 -6 -28
50 -7 -2
50 -7 -25
50 -7 -27
50 -7 -30
50 -8 -7
50 -8 -18
50 -8 -19
50 -8 -20
50 -8 -25
50 -8 -30
50 -9 -10
50 -9 -23
50 -9 -27
50 -10 -17
50 -10 -22
50 -11 -4
50 -11 -6
50 -11 -9
50 -11 -11
50 -12 -28
50 -12 -29
50 -13 -2
50 -13 -11
50 -14 -2
50 -15 -5
50 -15 -20
50 -16 -5
50 -16 -31
50 -18 -23
50 -18 -25
50 -19 -18
50 -19 -27
50 -20 -7
50 -20 -8
50 -20 -24
50 -21 -8
50 -21 -20
50 -22 -28
50 -23 -3
50 -23 -31
50 -24 -12
50 -25 -10
50 -25 -12
50 -25 -30
50 -26 -2
50 -26 -17
50 -27 -15
50 -27 -23
50 -27 -29
50 -28 -21
50 -28 -22
50 -29 -4
50 -30 -14
50 -30 -17
50 -30 -24
50 -30 -28
50 -31 -3
50 -31 -6
50 -31 -12
51 0 -1
51 0 -7
51 -3 -10
51 -3 -27
51 -4 -3
51 -5 -16
51 -6 -17
51 -6 -22
51 -6 -28
51 -7 -2
51 -7 -25
51 -7 -27
51 -7 -30
51 -8 -7
51 -8 -18
51 -8 -19
51 -8 -20
51 -8 -25
51 -8 -30
51 -9 -10
51 -9 -23
51 -9 -27
51 -10 -17
51 -10 -22
51 -11 -4
51 -11 -6
51 -11 -9
51 -11 -11
51 -12 -28
51 -12 -29
51 -13 -2
51 -13 -11
51 -14 -2
51 -15 -5
51 -15 -20
51 -16 -5
51 -16 -31
51 -18 -23
51 -18 -25
51 -19 -18
51 -19 -27
51 -20 -7
51 -20 -8
51 -20 -24
51 -21 -8
51 -21 -20
51 -22 -28
51 -23 -3
51 -23 -31
51 -24 -12
51 -25 -10
51 -25 -12
51 -25 -30
51 -26 -2
51 -26 -17
51 -27 -15
51 -27 -23
51 -27 -29
51 -28 -21
51 -28 -22
51 -29 -4
51 -30 -14
51 -30 -17
51 -30 -24
51 -30 -28
51 -31 -3
51 -31 -6
51 -31 -12
52 0 -1
52 0 -7
52 -3 -10
52 -3 -27
52 -4 -3
52 -5 -16
52 -6 -17
52 -6 -22
52 -6 -28
52 -7 -2
52 -7 -25
52 -7 -27
52 -7 -30
52 -8 -7
52 -8 -18
52 -8 -19
52 -8 -20
52 -8 -25
52 -8 -30
52 -9 -10
52 -9 -23
52 -9 -27
52 -10 -17
52 -10 -22
52 -11 -4
52 -11 -6
52 -11 -9
52 -11 -11
52 -12 -28
52 -12 -29
52 -13 -2
52 -13 -11
52 -14 -2
52 -15 -5
52 -15 -20
52 -16 -5
52 -16 -31
52 -18 -23
52 -18 -25
52 -19 -18
52 -19 -27
52 -20 -7
52 -20 -8
52 -20 -24
52 -21 -8
52 -21 -20
52 -22 -28
52 -23 -3
52 -23 -31
52 -24 -12
52 -25 -10
52 -25 -12
52 -25 -30
52 -26 -2
52 -26 -17
52 -27 -15
52 -27 -23
52 -27 -29
52 -28 -21
52 -28 -22
52 -29 -4
52 -30 -14
52 -30 -17
52 -30 -24
52 -30 -28
52 -31 -3
52 -31 -6
52 -31 -12
53 0 -1
53 0 -7
53 -3 -10
53 -3 -27
53 -4 -3
53 -5 -16
53 -6 -17
53 -6 -22
53 -6 -28
53 -7 -2
53 -7 -25
53 -7 -27
53 -7 -30
53 -8 -7
53 -8 -18
53 -8 -19
53 -8 -20
53 -8 -25
53 -8 -30
53 -9 -10
53 -9 -23
53 -9 -27
53 -10 -17
53 -10 -22
53 -11 -4
53 -11 -6
53 -11 -9
53 -11 -11
53 -12 -28
53 -12 -29
53 -13 -2
53 -13 -11
53 -14 -2
53 -15 -5
53 -15 -20
53 -16 -5
53 -16 -31
53 -18 -23
53 -18 -25
53 -19 -18
53 -19 -27
53 -20 -7
53 -20 -8
53 -20 -24
53 -21 -8
53 -21 -20
53 -22 -28
53 -23 -3
53 -23 -31
53 -24 -12
53 -25 -10
53 -25 -12
53 -25 -30
53 -26 -2
53 -26 -17
53 -27 -15
53 -27 -23
53 -27 -29
53 -28 -21
53 -28 -22
53 -29 -4
53 -30 -14
53 -30 -17
53 -30 -24
53 -30 -28
53 -31 -3
53 -31 -6
53 -31 -12
54 0 -1
54 0 -7
54 -3 -10
54 -3 -27
54 -4 -3
54 -5 -16
54 -6 -17
54 -6 -22
54 -6 -28
54 -7 -2
54 -7 -25
54 -7 -27
54 -7 -30
54 -8 -7
54 -8 -18
54 -8 -19
54 -8 -20
54 -8 -25
54 -8 -30
54 -9 -10
54 -9 -23
54 -9 -27
54 -10 -17
54 -10 -22
54 -11 -4
54 -11 -6
54 -11 -9
54 -11 -11
54 -12 -28
54 -12 -29
54 -13 -2
54 -13 -11
54 -14 -2
54 -15 -5
54 -15 -20
54 -16 -5
54 -16 -31
54 -18 -23
54 -18 -25
54 -19 -18
54 -19 -27
54 -20 -7
54 -20 -8
54 -20 -24
54 -21 -8
54 -21 -20
54 -22 -28
54 -23 -3
54 -23 -31
54 -24 -12
54 -25 -10
54 -25 -12
54 -25 -30
54 -26 -2
54 -26 -17
54 -27 -15
54 -27 -23
54 -27 -29
54 -28 -21
54 -28 -22
54 -29 -4
54 -30 -14
54 -30 -17
54 -30 -24
54 -30 -28
54 -31 -3
54 -31 -6
54 -31 -12
55 0 -1
55 0 -7
55 -3 -10
55 -3 -27
55 -4 -3
55 -5 -16
55 -6 -17
55 -6 -22
55 -6 -28
55 -7 -2
55 -7 -25
55 -7 -27
55 -7 -30
55 -8 -7
55 -8 -18
55 -8 -19
55 -8 -20
55 -8 -25
55 -8 -30
55 -9 -10
55 -9 -23
55 -9 -27
55 -10 -17
55 -10 -22
55 -11 -4
55 -11 -6
55 -11 -9
55 -11 -11
55 -12 -28
55 -12 -29
55 -13 -2
55 -13 -11
55 -14 -2
55 -15 -5
55 -15 -20
55 -16 -5
55 -16 -31
55 -18 -23
55 -18 -25
55 -19 -18
55 -19 -27
55 -20 -7
55 -20 -8
55 -20 -24
55 -21 -8
55 -21 -20
55 -22 -28
55 -23 -3
55 -23 -31
55 -24 -12
55 -25 -10
55 -25 -12
55 -25 -30
55 -26 -2
55 -26 -17
55 -27 -15
55 -27 -23
55 -27 -29
55 -28 -21
55 -28 -22
55 -29 -4
55 -30 -14
55 -30 -17
55 -30 -24
55 -30 -28
55 -31 -3
55 -31 -6
55 -31 -12
56 0 -1
56 0 -7
56 -3 -10
56 -3 -27
56 -4 -3
56 -5 -16
56 -6 -17
56 -6 -22
56 -6 -28
56 -7 -2
56 -7 -25
56 -7 -27
56 -7 -30
56 -8 -7
56 -8 -18
56 -8 -19
56 -8 -20
56 -8 -25
56 -8 -30
56 -9 -10
56 -9 -23
56 -9 -27
56 -10 -17
56 -10 -22
56 -11 -4
56 -11 -6
56 -11 -9
56 -11 -11
56 -12 -28
56 -12 -29
56 -13 -2
56 -13 -11
56 -14 -2
56 -15 -5
56 -15 -20
56 -16 -5
56 -16 -31
56 -18 -23
56 -18 -25
56 -19 -18
56 -19 -27
56 -20 -7
56 -20 -8
56 -20 -24
56 -21 -8
56 -21 -20
56 -22 -28
56 -23 -3
56 -23 -31
56 -24 -12
56 -25 -10
56 -25 -12
56 -25 -30
56 -26 -2
56 -26 -17
56 -27 -15
56 -27 -23
56 -27 -29
56 -28 -21
56 -28 -22
56 -29 -4
56 -30 -14
56 -30 -17
56 -30 -24
56 -30 -28
56 -31 -3
56 -31 -6
56 -31 -12
57 0 -1
57 0 -7
57 -3 -10
57 -3 -27
57 -4 -3
57 -5 -16
57 -6 -17
57 -6 -22
57 -6 -28
57 -7 -2
57 -7 -25
57 -7 -27
57 -7 -30
57 -8 -7
57 -8 -18
57 -8 -19
57 -8 -20
57 -8 -25
57 -8 -30
57 -9 -10
57 -9 -23
57 -9 -27
57 -10 -17
57 -10 -22
57 -11 -4
57 -11 -6
57 -11 -9
57 -11 -11
57 -12 -28
57 -12 -29
57 -13 -2
57 -13 -11
57 -14 -2
57 -15 -5
57 -15 -20
57 -16 -5
57 -16 -31
57 -18 -23
57 -18 -25
57 -19 -18
57 -19 -27
57 -20 -7
57 -20 -8
57 -20 -24
57 -21 -8
57 -21 -20
57 -22 -28
57 -23 -3
57 -23 -31
57 -24 -12
57 -25 -10
57 -25 -12
57 -25 -30
57 -26 -2
57 -26 -17
57 -27 -15
57 -27 -23
57 -27 -29
57 -28 -21
57 -28 -22
57 -29 -4
57 -30 -14
57 -30 -17
57 -30 -24
57 -30 -28
57 -31 -3
57 -31 -6
57 -31 -12
58 0 -1
58 0 -7
58 -3 -10
58 -3 -27
58 -4 -3
58 -5 -16
58 -6 -17
58 -6 -22
58 -6 -28
58 -7 -2
58 -7 -25
58 -7 -27
58 -7 -30
58 -8 -7
58 -8 -18
58 -8 -19
58 -8 -20
58 -8 -25
58 -8 -30
58 -9 -10
58 -9 -23
58 -9 -27
58 -10 -17
58 -10 -22
58 -11 -4
58 -11 -6
58 -11 -9
58 -11 -11
58 -12 -28
58 -12 -29
58 -13 -2
58 -13 -11
58 -14 -2
58 -15 -5
58 -15 -20
58 -16 -5
58 -16 -31
58 -18 -23
58 -18 -25
58 -19 -18
58 -19 -27
58 -20 -7
58 -20 -8
58 -20 -24
58 -21 -8
58 -21 -20
58 -22 -28
58 -23 -3
58 -23 -31
58 -24 -12
58 -25 -10
58 -25 -12
58 -25 -30
58 -26 -2
58 -26 -17
58 -27 -15
58 -27 -23
58 -27 -29
58 -28 -21
58 -28 -22
58 -29 -4
58 -30 -14
58 -30 -17
58 -30 -24
58 -30 -28
58 -31 -3
58 -31 -6
58 -31 -12
59 0 -1
59 0 -7
59 -3 -10
59 -3 -27
59 -4 -3
59 -5 -16
59 -6 -17
59 -6 -22
59 -6 -28
59 -7 -2
59 -7 -25
59 -7 -27
59 -7 -30
59 -8 -7
59 -8 -18
59 -8 -19
59 -8 -20
59 -8 -25
59 -8 -30
59 -9 -10
59 -9 -23
59 -9 -27
59 -10 -17
59 -10 -22
59 -11 -4
59 -11 -6
59 -11 -9
59 -11 -11
59 -12 -28
59 -12 -29
59 -13 -2
59 -13 -11
59 -14 -2
59 -15 -5
59 -15 -20
59 -16 -5
59 -16 -31
59 -18 -23
59 -18 -25
59 -19 -18
59 -19 -27
59 -20 -7
59 -20 -8
59 -20 -24
59 -21 -8
59 -21 -20
59 -22 -28
59 -23 -3
59 -23 -31
59 -24 -12
59 -25 -10
59 -25 -12
59 -25 -30
59 -26 -2
59 -26 -17
59 -27 -15
59 -27 -23
59 -27 -29
59 -28 -21
59 -28 -22
59 -29 -4
59 -30 -14
59 -30 -17
59 -30 -24
59 -30 -28
59 -31 -3
59 -31 -6
59 -31 -12
60 0 -1
60 0 -7
60 -3 -10
60 -3 -27
60 -4 -3
60 -5 -16
60 -6 -17
60 -6 -22
60 -6 -28
60 -7 -2
60 -7 -25
60 -7 -27
60 -7 -30
60 -8 -7
60 -8 -18
60 -8 -19
60 -8 -20
60 -8 -25
60 -8 -30
60 -9 -10
60 -9 -23
60 -9 -27
60 -10 -17
60 -10 -22
60 -11 -4
60 -11 -6
60 -11 -9
60 -11 -11
60 -12 -28
60 -12 -29
60 -13 -2
60 -13 -11
60 -14 -2
60 -15 -5
60 -15 -20
60 -16 -5
60 -16 -31
60 -18 -23
60 -18 -25
60 -19 -18
60 -19 -27
60 -20 -7
60 -20 -8
60 -20 -24
60 -21 -8
60 -21 -20
60 -22 -28
60 -23 -3
60 -23 -31
60 -24 -12
60 -25 -10
60 -25 -12
60 -25 -30
60 -26 -2
60 -26 -17
60 -27 -15
60 -27 -23
60 -27 -29
60 -28 -21
60 -28 -22
60 -29 -4
60 -30 -14
60 -30 -17
60 -30 -24
60 -30 -28
60 -31 -3
60 -31 -6
60 -31 -12
61 0 -1
61 0 -7
61 -3 -10
61 -3 -27
61 -4 -3
61 -5 -16
61 -6 -17
61 -6 -22
61 -6 -28
61 -7 -2
61 -7 -25
61 -7 -27
61 -7 -30
61 -8 -7
61 -8 -18
61 -8 -19
61 -8 -20
61 -8 -25
61 -8 -30
61 -9 -10
61 -9 -23
61 -9 -27
61 -10 -17
61 -10 -22
61 -11 -4
61 -11 -6
61 -11 -9
61 -11 -11
61 -12 -28
61 -12 -29
61 -13 -2
61 -13 -11
61 -14 -2
61 -15 -5
61 -15 -20
61 -16 -5
61 -16 -31
61 -18 -23
61 -18 -25
61 -19 -18
61 -19 -27
61 -20 -7
61 -20 -8
61 -20 -24
61 -21 -8
61 -21 -20
61 -22 -28
61 -23 -3
61 -23 -31
61 -24 -12
61 -25 -10
61 -25 -12
61 -25 -30
61 -26 -2
61 -26 -17
61 -27 -15
61 -27 -23
61 -27 -29
61 -28 -21
61 -28 -22
61 -29 -4
61 -30 -14
61 -30 -17
61 -30 -24
61 -30 -28
61 -31 -3
61 -31 -6
61 -31 -12
62 0 -1
62 0 -7
62 -3 -10
62 -3 -27
62 -4 -3
62 -5 -16
62 -6 -17
62 -6 -22
62 -6 -28
62 -7 -2
62 -7 -25
62 -7 -27
62 -7 -30
62 -8 -7
62 -8 -18
62 -8 -19
62 -8 -20
62 -8 -25
62 -8 -30
62 -9 -10
62 -9 -23
62 -9 -27
62 -10 -17
62 -10 -22
62 -11 -4
62 -11 -6
62 -11 -9
62 -11 -11
62 -12 -28
62 -12 -29
62 -13 -2
62 -13 -11
62 -14 -2
62 -15 -5
62 -15 -20
62 -16 -5
62 -16 -31
62 -18 -23
62 -18 -25
62 -19 -18
62 -19 -27
62 -20 -7
62 -20 -8
62 -20 -24
62 -21 -8
62 -21 -20
62 -22 -28
62 -23 -3
62 -23 -31
62 -24 -12
62 -25 -10
62 -25 -12
62 -25 -30
62 -26 -2
62 -26 -17
62 -27 -15
62 -27 -23
62 -27 -29
62 -28 -21
62 -28 -22
62 -29 -4
62 -30 -14
62 -30 -17
62 -30 -24
62 -30 -28
62 -31 -3
62 -31 -6
62 -31 -12
63 0 -1
63 0 -7
63 -3 -10
63 -3 -27
63 -4 -3
63 -5 -16
63 -6 -17
63 -6 -22
63 -6 -28
63 -7 -2
63 -7 -25
63 -7 -27
63 -7 -30
63 -8 -7
63 -8 -18
63 -8 -19
63 -8 -20
63 -8 -25
63 -8 -30
63 -9 -10
63 -9 -23
63 -9 -27
63 -10 -17
63 -10 -22
63 -11 -4
63 -11 -6
63 -11 -9
63 -11 -11
63 -12 -28
63 -12 -29
63 -13 -2
63 -13 -11
63 -14 -2
63 -15 -5
63 -15 -20
63 -16 -5
63 -16 -31
63 -18 -23
63 -18 -25
63 -19 -18
63 -19 -27
63 -20 -7
63 -20 -8
63 -20 -24
63 -21 -8
63 -21 -20
63 -22 -28
63 -23 -3
63 -23 -31
63 -24 -12
63 -25 -10
63 -25 -12
63 -25 -30
63 -26 -2
63 -26 -17
63 -27 -15
63 -27 -23
63 -27 -29
63 -28 -21
63 -28 -22
63 -29 -4
63 -30 -14
63 -30 -17
63 -30 -24
63 -30 -28
63 -31 -3
63 -31 -6
63 -31 -12
64 0 -1
64 0 -7
64 -3 -10
64 -3 -27
64 -4 -3
64 -5 -16
64 -6 -17
64 -6 -22
64 -6 -28
64 -7 -2
64 -7 -25
64 -7 -27
64 -7 -30
64 -8 -7
64 -8 -18
64 -8 -19
64 -8 -20
64 -8 -25
64 -8 -30
64 -9 -10
64 -9 -23
64 -9 -27
64 -10 -17
64 -10 -22
64 -11 -4
64 -11 -6
64 -11 -9
64 -11 -11
64 -12 -28
64 -12 -29
64 -13 -2
64 -13 -11
64 -14 -2
64 -15 -5
64 -15 -20
64 -16 -5
64 -16 -31
64 -18 -23
64 -18 -25
64 -19 -18
64 -19 -27
64 -20 -7
64 -20 -8
64 -20 -24
64 -21 -8
64 -21 -20
64 -22 -28
64 -23 -3
64 -23 -31
64 -24 -12
64 -25 -10
64 -25 -12
64 -25 -30
64 -26 -2
64 -26 -17
64 -27 -15
64 -27 -23
64 -27 -29
64 -28 -21
64 -28 -22
64 -29 -4
64 -30 -14
64 -30 -17
64 -30 -24
64 -30 -28
64 -31 -3
64 -31 -6
64 -31 -12
65 0 -1
65 0 -7
65 -3 -10
65 -3 -27
65 -4 -3
65 -5 -16
65 -6 -17
65 -6 -22
65 -6 -28
65 -7 -2
65 -7 -25
65 -7 -27
65 -7 -30
65 -8 -7
65 -8 -18
65 -8 -19
65 -8 -20
65 -8 -25
65 -8 -30
65 -9 -10
65 -9 -23
65 -9 -27
65 -10 -17
65 -10 -22
65 -11 -4
65 -11 -6
65 -11 -9
65 -11 -11
65 -12 -28
65 -12 -29
65 -13 -2
65 -13 -11
65 -14 -2
65 -15 -5
65 -15 -20
65 -16 -5
65 -16 -31
65 -18 -23
65 -18 -25
65 -19 -18
65 -19 -27
65 -20 -7
65 -20 -8
65 -20 -24
65 -21 -8
65 -21 -20
65 -22 -28
65 -23 -3
65 -23 -31
65 -24 -12
65 -25 -10
65 -25 -12
65 -25 -30
65 -26 -2
65 -26 -17
65 -27 -15
65 -27 -23
65 -27 -29
65 -28 -21
65 -28 -22
65 -29 -4
65 -30 -14
65 -30 -17
65 -30 -24
65 -30 -28
65 -31 -3
65 -31 -6
65 -31 -12
66 0 -1
66 0 -7
66 -3 -10
66 -3 -27
66 -4 -3
66 -5 -16
66 -6 -17
66 -6 -22
66 -6 -28
66 -7 -2
66 -7 -25
66 -7 -27
66 -7 -30
66 -8 -7
66 -8 -18
66 -8 -19
66 -8 -20
66 -8 -25
66 -8 -30
66 -9 -10
66 -9 -23
66 -9 -27
66 -10 -17
66 -10 -22
66 -11 -4
66 -11 -6
66 -11 -9
66 -11 -11
66 -12 -28
66 -12 -29
66 -13 -2
66 -13 -11
66 -14 -2
66 -15 -5
66 -15 -20
66 -16 -5
66 -16 -31
66 -18 -23
66 -18 -25
66 -19 -18
66 -19 -27
66 -20 -7
66 -20 -8
66 -20 -24
66 -21 -8
66 -21 -20
66 -22 -28
66 -23 -3
66 -23 -31
66 -24 -12
66 -25 -10
66 -25 -12
66 -25 -30
66 -26 -2
66 -26 -17
66 -27 -15
66 -27 -23
66 -27 -29
66 -28 -21
66 -28 -22
66 -29 -4
66 -30 -14
66 -30 -17
66 -30 -24
66 -30 -28
66 -31 -3
66 -31 -6
66 -31 -12
67 0 -1
67 0 -7
67 -3 -10
67 -3 -27
67 -4 -3
67 -5 -16
67 -6 -17
67 -6 -22
67 -6 -28
67 -7 -2
67 -7 -25
67 -7 -27
67 -7 -30
67 -8 -7
67 -8 -18
67 -8 -19
67 -8 -20
67 -8 -25
67 -8 -30
67 -9 -10
67 -9 -23
67 -9 -27
67 -10 -17
67 -10 -22
67 -11 -4
67 -11 -6
67 -11 -9
67 -11 -11
67 -12 -28
67 -12 -29
67 -13 -2
67 -13 -11
67 -14 -2
67 -15 -5
67 -15 -20
67 -16 -5
67 -16 -31
67 -18 -23
67 -18 -25
67 -19 -18
67 -19 -27
67 -20 -7
67 -20 -8
67 -20 -24
67 -21 -8
67 -21 -20
67 -22 -28
67 -23 -3
67 -23 -31
67 -24 -12
67 -25 -10
67 -25 -12
67 -25 -30
67 -26 -2
67 -26 -17
67 -27 -15
67 -27 -23
67 -27 -29
67 -28 -21
67 -28 -22
67 -29 -4
67 -30 -14
67 -30 -17
67 -30 -24
67 -30 -28
67 -31 -3
67 -31 -6
67 -31 -12
-1 -1 -1
8
50
57
1
53
26
46
42
24
31
45
6
17
32
66
33
16
37
14
54
28
67
25
34
52
56
35
9
15
12
39
63
60
18
7
55
40
13
0
64
22
19
44
38
51
49
5
21
2
36
4
23
62
27
11
10
47
48
59
30
3
43
20
29
65
61
41
58
  0.043716 seconds (114.35 k allocations: 3.895 MiB)
