950 0 0 0 0 0 0 0 0 0 0 0 0 0 0 0 0 0 0
0 0 0 0 0 0 0 0 0 0 0 0 0 0 0 0 0 0 0
0 0 0 0 0 0 0 0 0 0 0 0 0 0 0 0 0 0 0
0 0 0 0 0 0 0 0 0 0 0 0 0 0 0 0 0 0 0
0 0 0 0 0 0 0 0 0 0 0 0 0 0 0 0 0 0 0
0 0 0 0 0 0 0 0 0 0 0 0 0 0 0 0 0 0 0
0 0 0 0 0 0 0 0 0 0 0 0 0 0 0 0 0 0 0
0 0 0 0 0 0 0 0 0 0 0 0 0 0 0 0 0 0 0
0 0 0 0 0 0 0 0 0 0 0 0 0 0 0 0 0 0 0
0 0 0 0 0 0 0 0 0 0 0 0 0 0 0 0 0 0 0
0 0 0 0 0 0 0 0 0 0 0 0 0 0 0 0 0 0 0
0 0 0 0 0 0 0 0 0 0 0 0 0 0 0 0 0 0 0
0 0 0 0 0 0 0 0 0 0 0 0 0 0 0 0 0 0 0
0 0 0 0 0 0 0 0 0 0 0 0 0 0 0 0 0 0 0
0 0 0 0 0 0 0 0 0 0 0 0 0 0 0 0 0 0 0
0 0 0 0 0 0 0 0 0 0 0 0 0 0 0 0 0 0 0
0 0 0 0 0 0 0 0 0 0 0 0 0 0 0 0 0 0 0
0 0 0 0 0 0 0 0 0 0 0 0 0 0 0 0 0 0 0
0 0 0 0 0 0 0 0 0 0 0 0 0 0 0 0 0 0 0
0 0 -3
0 0 -11
0 -1 0
0 -1 -4
0 -1 -5
0 -1 -12
0 -1 -17
0 -1 -18
0 -2 -5
0 -2 -7
0 -2 -11
0 -2 -13
0 -2 -18
0 -3 0
0 -3 -3
0 -3 -10
0 -3 -12
0 -3 -13
0 -3 -17
0 -4 0
0 -4 -10
0 -4 -14
0 -4 -17
0 -5 -8
0 -5 -12
0 -6 -7
0 -6 -16
0 -6 -17
0 -6 -18
0 -7 -6
0 -7 -7
0 -7 -9
0 -8 -2
0 -8 -5
0 -8 -11
0 -8 -16
0 -8 -17
0 -9 0
0 -9 -3
0 -9 -4
0 -9 -5
0 -9 -10
0 -9 -12
0 -9 -13
0 -10 -4
0 -10 -5
0 -10 -6
0 -10 -11
0 -11 -3
0 -11 -4
0 -11 -8
0 -11 -11
0 -12 -5
0 -12 -6
0 -12 -11
0 -13 -3
0 -13 -6
0 -13 -14
0 -14 -4
0 -14 -15
0 -14 -17
0 -15 -11
0 -15 -14
0 -16 0
0 -16 -9
0 -16 -11
0 -16 -18
0 -17 -2
0 -17 -5
0 -17 -7
0 -17 -11
0 -17 -15
0 -18 -1
0 -18 -2
0 -18 -4
0 -18 -7
0 -18 -8
0 -18 -11
0 -18 -12
0 -18 -13
0 -18 -14
0 -18 -17
1 0 -3
1 0 -11
1 -1 0
1 -1 -4
1 -1 -5
1 -1 -12
1 -1 -17
1 -1 -18
1 -2 -5
1 -2 -7
1 -2 -11
1 -2 -13
1 -2 -18
1 -3 0
1 -3 -3
1 -3 -10
1 -3 -12
1 -3 -13
1 -3 -17
1 -4 0
1 -4 -10
1 -4 -14
1 -4 -17
1 -5 -8
1 -5 -12
1 -6 -7
1 -6 -16
1 -6 -17
1 -6 -18
1 -7 -6
1 -7 -7
1 -7 -9
1 -8 -2
1 -8 -5
1 -8 -11
1 -8 -16
1 -8 -17
1 -9 0
1 -9 -3
1 -9 -4
1 -9 -5
1 -9 -10
1 -9 -12
1 -9 -13
1 -10 -4
1 -10 -5
1 -10 -6
1 -10 -11
1 -11 -3
1 -11 -4
1 -11 -8
1 -11 -11
1 -12 -5
1 -12 -6
1 -12 -11
1 -13 -3
1 -13 -6
1 -13 -14
1 -14 -4
1 -14 -15
1 -14 -17
1 -15 -11
1 -15 -14
1 -16 0
1 -16 -9
1 -16 -11
1 -16 -18
1 -17 -2
1 -17 -5
1 -17 -7
1 -17 -11
1 -17 -15
1 -18 -1
1 -18 -2
1 -18 -4
1 -18 -7
1 -18 -8
1 -18 -11
1 -18 -12
1 -18 -13
1 -18 -14
1 -18 -17
2 0 -3
2 0 -11
2 -1 0
2 -1 -4
2 -1 -5
2 -1 -12
2 -1 -17
2 -1 -18
2 -2 -5
2 -2 -7
2 -2 -11
2 -2 -13
2 -2 -18
2 -3 0
2 -3 -3
2 -3 -10
2 -3 -12
2 -3 -13
2 -3 -17
2 -4 0
2 -4 -10
2 -4 -14
2 -4 -17
2 -5 -8
2 -5 -12
2 -6 -7
2 -6 -16
2 -6 -17
2 -6 -18
2 -7 -6
2 -7 -7
2 -7 -9
2 -8 -2
2 -8 -5
2 -8 -11
2 -8 -16
2 -8 -17
2 -9 0
2 -9 -3
2 -9 -4
2 -9 -5
2 -9 -10
2 -9 -12
2 -9 -13
2 -10 -4
2 -10 -5
2 -10 -6
2 -10 -11
2 -11 -3
2 -11 -4
2 -11 -8
2 -11 -11
2 -12 -5
2 -12 -6
2 -12 -11
2 -13 -3
2 -13 -6
2 -13 -14
2 -14 -4
2 -14 -15
2 -14 -17
2 -15 -11
2 -15 -14
2 -16 0
2 -16 -9
2 -16 -11
2 -16 -18
2 -17 -2
2 -17 -5
2 -17 -7
2 -17 -11
2 -17 -15
2 -18 -1
2 -18 -2
2 -18 -4
2 -18 -7
2 -18 -8
2 -18 -11
2 -18 -12
2 -18 -13
2 -18 -14
2 -18 -17
3 0 -3
3 0 -11
3 -1 0
3 -1 -4
3 -1 -5
3 -1 -12
3 -1 -17
3 -1 -18
3 -2 -5
3 -2 -7
3 -2 -11
3 -2 -13
3 -2 -18
3 -3 0
3 -3 -3
3 -3 -10
3 -3 -12
3 -3 -13
3 -3 -17
3 -4 0
3 -4 -10
3 -4 -14
3 -4 -17
3 -5 -8
3 -5 -12
3 -6 -7
3 -6 -16
3 -6 -17
3 -6 -18
3 -7 -6
3 -7 -7
3 -7 -9
3 -8 -2
3 -8 -5
3 -8 -11
3 -8 -16
3 -8 -17
3 -9 0
3 -9 -3
3 -9 -4
3 -9 -5
3 -9 -10
3 -9 -12
3 -9 -13
3 -10 -4
3 -10 -5
3 -10 -6
3 -10 -11
3 -11 -3
3 -11 -4
3 -11 -8
3 -11 -11
3 -12 -5
3 -12 -6
3 -12 -11
3 -13 -3
3 -13 -6
3 -13 -14
3 -14 -4
3 -14 -15
3 -14 -17
3 -15 -11
3 -15 -14
3 -16 0
3 -16 -9
3 -16 -11
3 -16 -18
3 -17 -2
3 -17 -5
3 -17 -7
3 -17 -11
3 -17 -15
3 -18 -1
3 -18 -2
3 -18 -4
3 -18 -7
3 -18 -8
3 -18 -11
3 -18 -12
3 -18 -13
3 -18 -14
3 -18 -17
4 0 -3
4 0 -11
4 -1 0
4 -1 -4
4 -1 -5
4 -1 -12
4 -1 -17
4 -1 -18
4 -2 -5
4 -2 -7
4 -2 -11
4 -2 -13
4 -2 -18
4 -3 0
4 -3 -3
4 -3 -10
4 -3 -12
4 -3 -13
4 -3 -17
4 -4 0
4 -4 -10
4 -4 -14
4 -4 -17
4 -5 -8
4 -5 -12
4 -6 -7
4 -6 -16
4 -6 -17
4 -6 -18
4 -7 -6
4 -7 -7
4 -7 -9
4 -8 -2
4 -8 -5
4 -8 -11
4 -8 -16
4 -8 -17
4 -9 0
4 -9 -3
4 -9 -4
4 -9 -5
4 -9 -10
4 -9 -12
4 -9 -13
4 -10 -4
4 -10 -5
4 -10 -6
4 -10 -11
4 -11 -3
4 -11 -4
4 -11 -8
4 -11 -11
4 -12 -5
4 -12 -6
4 -12 -11
4 -13 -3
4 -13 -6
4 -13 -14
4 -14 -4
4 -14 -15
4 -14 -17
4 -15 -11
4 -15 -14
4 -16 0
4 -16 -9
4 -16 -11
4 -16 -18
4 -17 -2
4 -17 -5
4 -17 -7
4 -17 -11
4 -17 -15
4 -18 -1
4 -18 -2
4 -18 -4
4 -18 -7
4 -18 -8
4 -18 -11
4 -18 -12
4 -18 -13
4 -18 -14
4 -18 -17
5 0 -3
5 0 -11
5 -1 0
5 -1 -4
5 -1 -5
5 -1 -12
5 -1 -17
5 -1 -18
5 -2 -5
5 -2 -7
5 -2 -11
5 -2 -13
5 -2 -18
5 -3 0
5 -3 -3
5 -3 -10
5 -3 -12
5 -3 -13
5 -3 -17
5 -4 0
5 -4 -10
5 -4 -14
5 -4 -17
5 -5 -8
5 -5 -12
5 -6 -7
5 -6 -16
5 -6 -17
5 -6 -18
5 -7 -6
5 -7 -7
5 -7 -9
5 -8 -2
5 -8 -5
5 -8 -11
5 -8 -16
5 -8 -17
5 -9 0
5 -9 -3
5 -9 -4
5 -9 -5
5 -9 -10
5 -9 -12
5 -9 -13
5 -10 -4
5 -10 -5
5 -10 -6
5 -10 -11
5 -11 -3
5 -11 -4
5 -11 -8
5 -11 -11
5 -12 -5
5 -12 -6
5 -12 -11
5 -13 -3
5 -13 -6
5 -13 -14
5 -14 -4
5 -14 -15
5 -14 -17
5 -15 -11
5 -15 -14
5 -16 0
5 -16 -9
5 -16 -11
5 -16 -18
5 -17 -2
5 -17 -5
5 -17 -7
5 -17 -11
5 -17 -15
5 -18 -1
5 -18 -2
5 -18 -4
5 -18 -7
5 -18 -8
5 -18 -11
5 -18 -12
5 -18 -13
5 -18 -14
5 -18 -17
6 0 -3
6 0 -11
6 -1 0
6 -1 -4
6 -1 -5
6 -1 -12
6 -1 -17
6 -1 -18
6 -2 -5
6 -2 -7
6 -2 -11
6 -2 -13
6 -2 -18
6 -3 0
6 -3 -3
6 -3 -10
6 -3 -12
6 -3 -13
6 -3 -17
6 -4 0
6 -4 -10
6 -4 -14
6 -4 -17
6 -5 -8
6 -5 -12
6 -6 -7
6 -6 -16
6 -6 -17
6 -6 -18
6 -7 -6
6 -7 -7
6 -7 -9
6 -8 -2
6 -8 -5
6 -8 -11
6 -8 -16
6 -8 -17
6 -9 0
6 -9 -3
6 -9 -4
6 -9 -5
6 -9 -10
6 -9 -12
6 -9 -13
6 -10 -4
6 -10 -5
6 -10 -6
6 -10 -11
6 -11 -3
6 -11 -4
6 -11 -8
6 -11 -11
6 -12 -5
6 -12 -6
6 -12 -11
6 -13 -3
6 -13 -6
6 -13 -14
6 -14 -4
6 -14 -15
6 -14 -17
6 -15 -11
6 -15 -14
6 -16 0
6 -16 -9
6 -16 -11
6 -16 -18
6 -17 -2
6 -17 -5
6 -17 -7
6 -17 -11
6 -17 -15
6 -18 -1
6 -18 -2
6 -18 -4
6 -18 -7
6 -18 -8
6 -18 -11
6 -18 -12
6 -18 -13
6 -18 -14
6 -18 -17
7 0 -3
7 0 -11
7 -1 0
7 -1 -4
7 -1 -5
7 -1 -12
7 -1 -17
7 -1 -18
7 -2 -5
7 -2 -7
7 -2 -11
7 -2 -13
7 -2 -18
7 -3 0
7 -3 -3
7 -3 -10
7 -3 -12
7 -3 -13
7 -3 -17
7 -4 0
7 -4 -10
7 -4 -14
7 -4 -17
7 -5 -8
7 -5 -12
7 -6 -7
7 -6 -16
7 -6 -17
7 -6 -18
7 -7 -6
7 -7 -7
7 -7 -9
7 -8 -2
7 -8 -5
7 -8 -11
7 -8 -16
7 -8 -17
7 -9 0
7 -9 -3
7 -9 -4
7 -9 -5
7 -9 -10
7 -9 -12
7 -9 -13
7 -10 -4
7 -10 -5
7 -10 -6
7 -10 -11
7 -11 -3
7 -11 -4
7 -11 -8
7 -11 -11
7 -12 -5
7 -12 -6
7 -12 -11
7 -13 -3
7 -13 -6
7 -13 -14
7 -14 -4
7 -14 -15
7 -14 -17
7 -15 -11
7 -15 -14
7 -16 0
7 -16 -9
7 -16 -11
7 -16 -18
7 -17 -2
7 -17 -5
7 -17 -7
7 -17 -11
7 -17 -15
7 -18 -1
7 -18 -2
7 -18 -4
7 -18 -7
7 -18 -8
7 -18 -11
7 -18 -12
7 -18 -13
7 -18 -14
7 -18 -17
8 0 -3
8 0 -11
8 -1 0
8 -1 -4
8 -1 -5
8 -1 -12
8 -1 -17
8 -1 -18
8 -2 -5
8 -2 -7
8 -2 -11
8 -2 -13
8 -2 -18
8 -3 0
8 -3 -3
8 -3 -10
8 -3 -12
8 -3 -13
8 -3 -17
8 -4 0
8 -4 -10
8 -4 -14
8 -4 -17
8 -5 -8
8 -5 -12
8 -6 -7
8 -6 -16
8 -6 -17
8 -6 -18
8 -7 -6
8 -7 -7
8 -7 -9
8 -8 -2
8 -8 -5
8 -8 -11
8 -8 -16
8 -8 -17
8 -9 0
8 -9 -3
8 -9 -4
8 -9 -5
8 -9 -10
8 -9 -12
8 -9 -13
8 -10 -4
8 -10 -5
8 -10 -6
8 -10 -11
8 -11 -3
8 -11 -4
8 -11 -8
8 -11 -11
8 -12 -5
8 -12 -6
8 -12 -11
8 -13 -3
8 -13 -6
8 -13 -14
8 -14 -4
8 -14 -15
8 -14 -17
8 -15 -11
8 -15 -14
8 -16 0
8 -16 -9
8 -16 -11
8 -16 -18
8 -17 -2
8 -17 -5
8 -17 -7
8 -17 -11
8 -17 -15
8 -18 -1
8 -18 -2
8 -18 -4
8 -18 -7
8 -18 -8
8 -18 -11
8 -18 -12
8 -18 -13
8 -18 -14
8 -18 -17
9 0 -3
9 0 -11
9 -1 0
9 -1 -4
9 -1 -5
9 -1 -12
9 -1 -17
9 -1 -18
9 -2 -5
9 -2 -7
9 -2 -11
9 -2 -13
9 -2 -18
9 -3 0
9 -3 -3
9 -3 -10
9 -3 -12
9 -3 -13
9 -3 -17
9 -4 0
9 -4 -10
9 -4 -14
9 -4 -17
9 -5 -8
9 -5 -12
9 -6 -7
9 -6 -16
9 -6 -17
9 -6 -18
9 -7 -6
9 -7 -7
9 -7 -9
9 -8 -2
9 -8 -5
9 -8 -11
9 -8 -16
9 -8 -17
9 -9 0
9 -9 -3
9 -9 -4
9 -9 -5
9 -9 -10
9 -9 -12
9 -9 -13
9 -10 -4
9 -10 -5
9 -10 -6
9 -10 -11
9 -11 -3
9 -11 -4
9 -11 -8
9 -11 -11
9 -12 -5
9 -12 -6
9 -12 -11
9 -13 -3
9 -13 -6
9 -13 -14
9 -14 -4
9 -14 -15
9 -14 -17
9 -15 -11
9 -15 -14
9 -16 0
9 -16 -9
9 -16 -11
9 -16 -18
9 -17 -2
9 -17 -5
9 -17 -7
9 -17 -11
9 -17 -15
9 -18 -1
9 -18 -2
9 -18 -4
9 -18 -7
9 -18 -8
9 -18 -11
9 -18 -12
9 -18 -13
9 -18 -14
9 -18 -17
10 0 -3
10 0 -11
10 -1 0
10 -1 -4
10 -1 -5
10 -1 -12
10 -1 -17
10 -1 -18
10 -2 -5
10 -2 -7
10 -2 -11
10 -2 -13
10 -2 -18
10 -3 0
10 -3 -3
10 -3 -10
10 -3 -12
10 -3 -13
10 -3 -17
10 -4 0
10 -4 -10
10 -4 -14
10 -4 -17
10 -5 -8
10 -5 -12
10 -6 -7
10 -6 -16
10 -6 -17
10 -6 -18
10 -7 -6
10 -7 -7
10 -7 -9
10 -8 -2
10 -8 -5
10 -8 -11
10 -8 -16
10 -8 -17
10 -9 0
10 -9 -3
10 -9 -4
10 -9 -5
10 -9 -10
10 -9 -12
10 -9 -13
10 -10 -4
10 -10 -5
10 -10 -6
10 -10 -11
10 -11 -3
10 -11 -4
10 -11 -8
10 -11 -11
10 -12 -5
10 -12 -6
10 -12 -11
10 -13 -3
10 -13 -6
10 -13 -14
10 -14 -4
10 -14 -15
10 -14 -17
10 -15 -11
10 -15 -14
10 -16 0
10 -16 -9
10 -16 -11
10 -16 -18
10 -17 -2
10 -17 -5
10 -17 -7
10 -17 -11
10 -17 -15
10 -18 -1
10 -18 -2
10 -18 -4
10 -18 -7
10 -18 -8
10 -18 -11
10 -18 -12
10 -18 -13
10 -18 -14
10 -18 -17
11 0 -3
11 0 -11
11 -1 0
11 -1 -4
11 -1 -5
11 -1 -12
11 -1 -17
11 -1 -18
11 -2 -5
11 -2 -7
11 -2 -11
11 -2 -13
11 -2 -18
11 -3 0
11 -3 -3
11 -3 -10
11 -3 -12
11 -3 -13
11 -3 -17
11 -4 0
11 -4 -10
11 -4 -14
11 -4 -17
11 -5 -8
11 -5 -12
11 -6 -7
11 -6 -16
11 -6 -17
11 -6 -18
11 -7 -6
11 -7 -7
11 -7 -9
11 -8 -2
11 -8 -5
11 -8 -11
11 -8 -16
11 -8 -17
11 -9 0
11 -9 -3
11 -9 -4
11 -9 -5
11 -9 -10
11 -9 -12
11 -9 -13
11 -10 -4
11 -10 -5
11 -10 -6
11 -10 -11
11 -11 -3
11 -11 -4
11 -11 -8
11 -11 -11
11 -12 -5
11 -12 -6
11 -12 -11
11 -13 -3
11 -13 -6
11 -13 -14
11 -14 -4
11 -14 -15
11 -14 -17
11 -15 -11
11 -15 -14
11 -16 0
11 -16 -9
11 -16 -11
11 -16 -18
11 -17 -2
11 -17 -5
11 -17 -7
11 -17 -11
11 -17 -15
11 -18 -1
11 -18 -2
11 -18 -4
11 -18 -7
11 -18 -8
11 -18 -11
11 -18 -12
11 -18 -13
11 -18 -14
11 -18 -17
12 0 -3
12 0 -11
12 -1 0
12 -1 -4
12 -1 -5
12 -1 -12
12 -1 -17
12 -1 -18
12 -2 -5
12 -2 -7
12 -2 -11
12 -2 -13
12 -2 -18
12 -3 0
12 -3 -3
12 -3 -10
12 -3 -12
12 -3 -13
12 -3 -17
12 -4 0
12 -4 -10
12 -4 -14
12 -4 -17
12 -5 -8
12 -5 -12
12 -6 -7
12 -6 -16
12 -6 -17
12 -6 -18
12 -7 -6
12 -7 -7
12 -7 -9
12 -8 -2
12 -8 -5
12 -8 -11
12 -8 -16
12 -8 -17
12 -9 0
12 -9 -3
12 -9 -4
12 -9 -5
12 -9 -10
12 -9 -12
12 -9 -13
12 -10 -4
12 -10 -5
12 -10 -6
12 -10 -11
12 -11 -3
12 -11 -4
12 -11 -8
12 -11 -11
12 -12 -5
12 -12 -6
12 -12 -11
12 -13 -3
12 -13 -6
12 -13 -14
12 -14 -4
12 -14 -15
12 -14 -17
12 -15 -11
12 -15 -14
12 -16 0
12 -16 -9
12 -16 -11
12 -16 -18
12 -17 -2
12 -17 -5
12 -17 -7
12 -17 -11
12 -17 -15
12 -18 -1
12 -18 -2
12 -18 -4
12 -18 -7
12 -18 -8
12 -18 -11
12 -18 -12
12 -18 -13
12 -18 -14
12 -18 -17
13 0 -3
13 0 -11
13 -1 0
13 -1 -4
13 -1 -5
13 -1 -12
13 -1 -17
13 -1 -18
13 -2 -5
13 -2 -7
13 -2 -11
13 -2 -13
13 -2 -18
13 -3 0
13 -3 -3
13 -3 -10
13 -3 -12
13 -3 -13
13 -3 -17
13 -4 0
13 -4 -10
13 -4 -14
13 -4 -17
13 -5 -8
13 -5 -12
13 -6 -7
13 -6 -16
13 -6 -17
13 -6 -18
13 -7 -6
13 -7 -7
13 -7 -9
13 -8 -2
13 -8 -5
13 -8 -11
13 -8 -16
13 -8 -17
13 -9 0
13 -9 -3
13 -9 -4
13 -9 -5
13 -9 -10
13 -9 -12
13 -9 -13
13 -10 -4
13 -10 -5
13 -10 -6
13 -10 -11
13 -11 -3
13 -11 -4
13 -11 -8
13 -11 -11
13 -12 -5
13 -12 -6
13 -12 -11
13 -13 -3
13 -13 -6
13 -13 -14
13 -14 -4
13 -14 -15
13 -14 -17
13 -15 -11
13 -15 -14
13 -16 0
13 -16 -9
13 -16 -11
13 -16 -18
13 -17 -2
13 -17 -5
13 -17 -7
13 -17 -11
13 -17 -15
13 -18 -1
13 -18 -2
13 -18 -4
13 -18 -7
13 -18 -8
13 -18 -11
13 -18 -12
13 -18 -13
13 -18 -14
13 -18 -17
14 0 -3
14 0 -11
14 -1 0
14 -1 -4
14 -1 -5
14 -1 -12
14 -1 -17
14 -1 -18
14 -2 -5
14 -2 -7
14 -2 -11
14 -2 -13
14 -2 -18
14 -3 0
14 -3 -3
14 -3 -10
14 -3 -12
14 -3 -13
14 -3 -17
14 -4 0
14 -4 -10
14 -4 -14
14 -4 -17
14 -5 -8
14 -5 -12
14 -6 -7
14 -6 -16
14 -6 -17
14 -6 -18
14 -7 -6
14 -7 -7
14 -7 -9
14 -8 -2
14 -8 -5
14 -8 -11
14 -8 -16
14 -8 -17
14 -9 0
14 -9 -3
14 -9 -4
14 -9 -5
14 -9 -10
14 -9 -12
14 -9 -13
14 -10 -4
14 -10 -5
14 -10 -6
14 -10 -11
14 -11 -3
14 -11 -4
14 -11 -8
14 -11 -11
14 -12 -5
14 -12 -6
14 -12 -11
14 -13 -3
14 -13 -6
14 -13 -14
14 -14 -4
14 -14 -15
14 -14 -17
14 -15 -11
14 -15 -14
14 -16 0
14 -16 -9
14 -16 -11
14 -16 -18
14 -17 -2
14 -17 -5
14 -17 -7
14 -17 -11
14 -17 -15
14 -18 -1
14 -18 -2
14 -18 -4
14 -18 -7
14 -18 -8
14 -18 -11
14 -18 -12
14 -18 -13
14 -18 -14
14 -18 -17
15 0 -3
15 0 -11
15 -1 0
15 -1 -4
15 -1 -5
15 -1 -12
15 -1 -17
15 -1 -18
15 -2 -5
15 -2 -7
15 -2 -11
15 -2 -13
15 -2 -18
15 -3 0
15 -3 -3
15 -3 -10
15 -3 -12
15 -3 -13
15 -3 -17
15 -4 0
15 -4 -10
15 -4 -14
15 -4 -17
15 -5 -8
15 -5 -12
15 -6 -7
15 -6 -16
15 -6 -17
15 -6 -18
15 -7 -6
15 -7 -7
15 -7 -9
15 -8 -2
15 -8 -5
15 -8 -11
15 -8 -16
15 -8 -17
15 -9 0
15 -9 -3
15 -9 -4
15 -9 -5
15 -9 -10
15 -9 -12
15 -9 -13
15 -10 -4
15 -10 -5
15 -10 -6
15 -10 -11
15 -11 -3
15 -11 -4
15 -11 -8
15 -11 -11
15 -12 -5
15 -12 -6
15 -12 -11
15 -13 -3
15 -13 -6
15 -13 -14
15 -14 -4
15 -14 -15
15 -14 -17
15 -15 -11
15 -15 -14
15 -16 0
15 -16 -9
15 -16 -11
15 -16 -18
15 -17 -2
15 -17 -5
15 -17 -7
15 -17 -11
15 -17 -15
15 -18 -1
15 -18 -2
15 -18 -4
15 -18 -7
15 -18 -8
15 -18 -11
15 -18 -12
15 -18 -13
15 -18 -14
15 -18 -17
16 0 -3
16 0 -11
16 -1 0
16 -1 -4
16 -1 -5
16 -1 -12
16 -1 -17
16 -1 -18
16 -2 -5
16 -2 -7
16 -2 -11
16 -2 -13
16 -2 -18
16 -3 0
16 -3 -3
16 -3 -10
16 -3 -12
16 -3 -13
16 -3 -17
16 -4 0
16 -4 -10
16 -4 -14
16 -4 -17
16 -5 -8
16 -5 -12
16 -6 -7
16 -6 -16
16 -6 -17
16 -6 -18
16 -7 -6
16 -7 -7
16 -7 -9
16 -8 -2
16 -8 -5
16 -8 -11
16 -8 -16
16 -8 -17
16 -9 0
16 -9 -3
16 -9 -4
16 -9 -5
16 -9 -10
16 -9 -12
16 -9 -13
16 -10 -4
16 -10 -5
16 -10 -6
16 -10 -11
16 -11 -3
16 -11 -4
16 -11 -8
16 -11 -11
16 -12 -5
16 -12 -6
16 -12 -11
16 -13 -3
16 -13 -6
16 -13 -14
16 -14 -4
16 -14 -15
16 -14 -17
16 -15 -11
16 -15 -14
16 -16 0
16 -16 -9
16 -16 -11
16 -16 -18
16 -17 -2
16 -17 -5
16 -17 -7
16 -17 -11
16 -17 -15
16 -18 -1
16 -18 -2
16 -18 -4
16 -18 -7
16 -18 -8
16 -18 -11
16 -18 -12
16 -18 -13
16 -18 -14
16 -18 -17
17 0 -3
17 0 -11
17 -1 0
17 -1 -4
17 -1 -5
17 -1 -12
17 -1 -17
17 -1 -18
17 -2 -5
17 -2 -7
17 -2 -11
17 -2 -13
17 -2 -18
17 -3 0
17 -3 -3
17 -3 -10
17 -3 -12
17 -3 -13
17 -3 -17
17 -4 0
17 -4 -10
17 -4 -14
17 -4 -17
17 -5 -8
17 -5 -12
17 -6 -7
17 -6 -16
17 -6 -17
17 -6 -18
17 -7 -6
17 -7 -7
17 -7 -9
17 -8 -2
17 -8 -5
17 -8 -11
17 -8 -16
17 -8 -17
17 -9 0
17 -9 -3
17 -9 -4
17 -9 -5
17 -9 -10
17 -9 -12
17 -9 -13
17 -10 -4
17 -10 -5
17 -10 -6
17 -10 -11
17 -11 -3
17 -11 -4
17 -11 -8
17 -11 -11
17 -12 -5
17 -12 -6
17 -12 -11
17 -13 -3
17 -13 -6
17 -13 -14
17 -14 -4
17 -14 -15
17 -14 -17
17 -15 -11
17 -15 -14
17 -16 0
17 -16 -9
17 -16 -11
17 -16 -18
17 -17 -2
17 -17 -5
17 -17 -7
17 -17 -11
17 -17 -15
17 -18 -1
17 -18 -2
17 -18 -4
17 -18 -7
17 -18 -8
17 -18 -11
17 -18 -12
17 -18 -13
17 -18 -14
17 -18 -17
18 0 -3
18 0 -11
18 -1 0
18 -1 -4
18 -1 -5
18 -1 -12
18 -1 -17
18 -1 -18
18 -2 -5
18 -2 -7
18 -2 -11
18 -2 -13
18 -2 -18
18 -3 0
18 -3 -3
18 -3 -10
18 -3 -12
18 -3 -13
18 -3 -17
18 -4 0
18 -4 -10
18 -4 -14
18 -4 -17
18 -5 -8
18 -5 -12
18 -6 -7
18 -6 -16
18 -6 -17
18 -6 -18
18 -7 -6
18 -7 -7
18 -7 -9
18 -8 -2
18 -8 -5
18 -8 -11
18 -8 -16
18 -8 -17
18 -9 0
18 -9 -3
18 -9 -4
18 -9 -5
18 -9 -10
18 -9 -12
18 -9 -13
18 -10 -4
18 -10 -5
18 -10 -6
18 -10 -11
18 -11 -3
18 -11 -4
18 -11 -8
18 -11 -11
18 -12 -5
18 -12 -6
18 -12 -11
18 -13 -3
18 -13 -6
18 -13 -14
18 -14 -4
18 -14 -15
18 -14 -17
18 -15 -11
18 -15 -14
18 -16 0
18 -16 -9
18 -16 -11
18 -16 -18
18 -17 -2
18 -17 -5
18 -17 -7
18 -17 -11
18 -17 -15
18 -18 -1
18 -18 -2
18 -18 -4
18 -18 -7
18 -18 -8
18 -18 -11
18 -18 -12
18 -18 -13
18 -18 -14
18 -18 -17
19 0 -3
19 0 -11
19 -1 0
19 -1 -4
19 -1 -5
19 -1 -12
19 -1 -17
19 -1 -18
19 -2 -5
19 -2 -7
19 -2 -11
19 -2 -13
19 -2 -18
19 -3 0
19 -3 -3
19 -3 -10
19 -3 -12
19 -3 -13
19 -3 -17
19 -4 0
19 -4 -10
19 -4 -14
19 -4 -17
19 -5 -8
19 -5 -12
19 -6 -7
19 -6 -16
19 -6 -17
19 -6 -18
19 -7 -6
19 -7 -7
19 -7 -9
19 -8 -2
19 -8 -5
19 -8 -11
19 -8 -16
19 -8 -17
19 -9 0
19 -9 -3
19 -9 -4
19 -9 -5
19 -9 -10
19 -9 -12
19 -9 -13
19 -10 -4
19 -10 -5
19 -10 -6
19 -10 -11
19 -11 -3
19 -11 -4
19 -11 -8
19 -11 -11
19 -12 -5
19 -12 -6
19 -12 -11
19 -13 -3
19 -13 -6
19 -13 -14
19 -14 -4
19 -14 -15
19 -14 -17
19 -15 -11
19 -15 -14
19 -16 0
19 -16 -9
19 -16 -11
19 -16 -18
19 -17 -2
19 -17 -5
19 -17 -7
19 -17 -11
19 -17 -15
19 -18 -1
19 -18 -2
19 -18 -4
19 -18 -7
19 -18 -8
19 -18 -11
19 -18 -12
19 -18 -13
19 -18 -14
19 -18 -17
20 0 -3
20 0 -11
20 -1 0
20 -1 -4
20 -1 -5
20 -1 -12
20 -1 -17
20 -1 -18
20 -2 -5
20 -2 -7
20 -2 -11
20 -2 -13
20 -2 -18
20 -3 0
20 -3 -3
20 -3 -10
20 -3 -12
20 -3 -13
20 -3 -17
20 -4 0
20 -4 -10
20 -4 -14
20 -4 -17
20 -5 -8
20 -5 -12
20 -6 -7
20 -6 -16
20 -6 -17
20 -6 -18
20 -7 -6
20 -7 -7
20 -7 -9
20 -8 -2
20 -8 -5
20 -8 -11
20 -8 -16
20 -8 -17
20 -9 0
20 -9 -3
20 -9 -4
20 -9 -5
20 -9 -10
20 -9 -12
20 -9 -13
20 -10 -4
20 -10 -5
20 -10 -6
20 -10 -11
20 -11 -3
20 -11 -4
20 -11 -8
20 -11 -11
20 -12 -5
20 -12 -6
20 -12 -11
20 -13 -3
20 -13 -6
20 -13 -14
20 -14 -4
20 -14 -15
20 -14 -17
20 -15 -11
20 -15 -14
20 -16 0
20 -16 -9
20 -16 -11
20 -16 -18
20 -17 -2
20 -17 -5
20 -17 -7
20 -17 -11
20 -17 -15
20 -18 -1
20 -18 -2
20 -18 -4
20 -18 -7
20 -18 -8
20 -18 -11
20 -18 -12
20 -18 -13
20 -18 -14
20 -18 -17
21 0 -3
21 0 -11
21 -1 0
21 -1 -4
21 -1 -5
21 -1 -12
21 -1 -17
21 -1 -18
21 -2 -5
21 -2 -7
21 -2 -11
21 -2 -13
21 -2 -18
21 -3 0
21 -3 -3
21 -3 -10
21 -3 -12
21 -3 -13
21 -3 -17
21 -4 0
21 -4 -10
21 -4 -14
21 -4 -17
21 -5 -8
21 -5 -12
21 -6 -7
21 -6 -16
21 -6 -17
21 -6 -18
21 -7 -6
21 -7 -7
21 -7 -9
21 -8 -2
21 -8 -5
21 -8 -11
21 -8 -16
21 -8 -17
21 -9 0
21 -9 -3
21 -9 -4
21 -9 -5
21 -9 -10
21 -9 -12
21 -9 -13
21 -10 -4
21 -10 -5
21 -10 -6
21 -10 -11
21 -11 -3
21 -11 -4
21 -11 -8
21 -11 -11
21 -12 -5
21 -12 -6
21 -12 -11
21 -13 -3
21 -13 -6
21 -13 -14
21 -14 -4
21 -14 -15
21 -14 -17
21 -15 -11
21 -15 -14
21 -16 0
21 -16 -9
21 -16 -11
21 -16 -18
21 -17 -2
21 -17 -5
21 -17 -7
21 -17 -11
21 -17 -15
21 -18 -1
21 -18 -2
21 -18 -4
21 -18 -7
21 -18 -8
21 -18 -11
21 -18 -12
21 -18 -13
21 -18 -14
21 -18 -17
22 0 -3
22 0 -11
22 -1 0
22 -1 -4
22 -1 -5
22 -1 -12
22 -1 -17
22 -1 -18
22 -2 -5
22 -2 -7
22 -2 -11
22 -2 -13
22 -2 -18
22 -3 0
22 -3 -3
22 -3 -10
22 -3 -12
22 -3 -13
22 -3 -17
22 -4 0
22 -4 -10
22 -4 -14
22 -4 -17
22 -5 -8
22 -5 -12
22 -6 -7
22 -6 -16
22 -6 -17
22 -6 -18
22 -7 -6
22 -7 -7
22 -7 -9
22 -8 -2
22 -8 -5
22 -8 -11
22 -8 -16
22 -8 -17
22 -9 0
22 -9 -3
22 -9 -4
22 -9 -5
22 -9 -10
22 -9 -12
22 -9 -13
22 -10 -4
22 -10 -5
22 -10 -6
22 -10 -11
22 -11 -3
22 -11 -4
22 -11 -8
22 -11 -11
22 -12 -5
22 -12 -6
22 -12 -11
22 -13 -3
22 -13 -6
22 -13 -14
22 -14 -4
22 -14 -15
22 -14 -17
22 -15 -11
22 -15 -14
22 -16 0
22 -16 -9
22 -16 -11
22 -16 -18
22 -17 -2
22 -17 -5
22 -17 -7
22 -17 -11
22 -17 -15
22 -18 -1
22 -18 -2
22 -18 -4
22 -18 -7
22 -18 -8
22 -18 -11
22 -18 -12
22 -18 -13
22 -18 -14
22 -18 -17
23 0 -3
23 0 -11
23 -1 0
23 -1 -4
23 -1 -5
23 -1 -12
23 -1 -17
23 -1 -18
23 -2 -5
23 -2 -7
23 -2 -11
23 -2 -13
23 -2 -18
23 -3 0
23 -3 -3
23 -3 -10
23 -3 -12
23 -3 -13
23 -3 -17
23 -4 0
23 -4 -10
23 -4 -14
23 -4 -17
23 -5 -8
23 -5 -12
23 -6 -7
23 -6 -16
23 -6 -17
23 -6 -18
23 -7 -6
23 -7 -7
23 -7 -9
23 -8 -2
23 -8 -5
23 -8 -11
23 -8 -16
23 -8 -17
23 -9 0
23 -9 -3
23 -9 -4
23 -9 -5
23 -9 -10
23 -9 -12
23 -9 -13
23 -10 -4
23 -10 -5
23 -10 -6
23 -10 -11
23 -11 -3
23 -11 -4
23 -11 -8
23 -11 -11
23 -12 -5
23 -12 -6
23 -12 -11
23 -13 -3
23 -13 -6
23 -13 -14
23 -14 -4
23 -14 -15
23 -14 -17
23 -15 -11
23 -15 -14
23 -16 0
23 -16 -9
23 -16 -11
23 -16 -18
23 -17 -2
23 -17 -5
23 -17 -7
23 -17 -11
23 -17 -15
23 -18 -1
23 -18 -2
23 -18 -4
23 -18 -7
23 -18 -8
23 -18 -11
23 -18 -12
23 -18 -13
23 -18 -14
23 -18 -17
24 0 -3
24 0 -11
24 -1 0
24 -1 -4
24 -1 -5
24 -1 -12
24 -1 -17
24 -1 -18
24 -2 -5
24 -2 -7
24 -2 -11
24 -2 -13
24 -2 -18
24 -3 0
24 -3 -3
24 -3 -10
24 -3 -12
24 -3 -13
24 -3 -17
24 -4 0
24 -4 -10
24 -4 -14
24 -4 -17
24 -5 -8
24 -5 -12
24 -6 -7
24 -6 -16
24 -6 -17
24 -6 -18
24 -7 -6
24 -7 -7
24 -7 -9
24 -8 -2
24 -8 -5
24 -8 -11
24 -8 -16
24 -8 -17
24 -9 0
24 -9 -3
24 -9 -4
24 -9 -5
24 -9 -10
24 -9 -12
24 -9 -13
24 -10 -4
24 -10 -5
24 -10 -6
24 -10 -11
24 -11 -3
24 -11 -4
24 -11 -8
24 -11 -11
24 -12 -5
24 -12 -6
24 -12 -11
24 -13 -3
24 -13 -6
24 -13 -14
24 -14 -4
24 -14 -15
24 -14 -17
24 -15 -11
24 -15 -14
24 -16 0
24 -16 -9
24 -16 -11
24 -16 -18
24 -17 -2
24 -17 -5
24 -17 -7
24 -17 -11
24 -17 -15
24 -18 -1
24 -18 -2
24 -18 -4
24 -18 -7
24 -18 -8
24 -18 -11
24 -18 -12
24 -18 -13
24 -18 -14
24 -18 -17
25 0 -3
25 0 -11
25 -1 0
25 -1 -4
25 -1 -5
25 -1 -12
25 -1 -17
25 -1 -18
25 -2 -5
25 -2 -7
25 -2 -11
25 -2 -13
25 -2 -18
25 -3 0
25 -3 -3
25 -3 -10
25 -3 -12
25 -3 -13
25 -3 -17
25 -4 0
25 -4 -10
25 -4 -14
25 -4 -17
25 -5 -8
25 -5 -12
25 -6 -7
25 -6 -16
25 -6 -17
25 -6 -18
25 -7 -6
25 -7 -7
25 -7 -9
25 -8 -2
25 -8 -5
25 -8 -11
25 -8 -16
25 -8 -17
25 -9 0
25 -9 -3
25 -9 -4
25 -9 -5
25 -9 -10
25 -9 -12
25 -9 -13
25 -10 -4
25 -10 -5
25 -10 -6
25 -10 -11
25 -11 -3
25 -11 -4
25 -11 -8
25 -11 -11
25 -12 -5
25 -12 -6
25 -12 -11
25 -13 -3
25 -13 -6
25 -13 -14
25 -14 -4
25 -14 -15
25 -14 -17
25 -15 -11
25 -15 -14
25 -16 0
25 -16 -9
25 -16 -11
25 -16 -18
25 -17 -2
25 -17 -5
25 -17 -7
25 -17 -11
25 -17 -15
25 -18 -1
25 -18 -2
25 -18 -4
25 -18 -7
25 -18 -8
25 -18 -11
25 -18 -12
25 -18 -13
25 -18 -14
25 -18 -17
26 0 -3
26 0 -11
26 -1 0
26 -1 -4
26 -1 -5
26 -1 -12
26 -1 -17
26 -1 -18
26 -2 -5
26 -2 -7
26 -2 -11
26 -2 -13
26 -2 -18
26 -3 0
26 -3 -3
26 -3 -10
26 -3 -12
26 -3 -13
26 -3 -17
26 -4 0
26 -4 -10
26 -4 -14
26 -4 -17
26 -5 -8
26 -5 -12
26 -6 -7
26 -6 -16
26 -6 -17
26 -6 -18
26 -7 -6
26 -7 -7
26 -7 -9
26 -8 -2
26 -8 -5
26 -8 -11
26 -8 -16
26 -8 -17
26 -9 0
26 -9 -3
26 -9 -4
26 -9 -5
26 -9 -10
26 -9 -12
26 -9 -13
26 -10 -4
26 -10 -5
26 -10 -6
26 -10 -11
26 -11 -3
26 -11 -4
26 -11 -8
26 -11 -11
26 -12 -5
26 -12 -6
26 -12 -11
26 -13 -3
26 -13 -6
26 -13 -14
26 -14 -4
26 -14 -15
26 -14 -17
26 -15 -11
26 -15 -14
26 -16 0
26 -16 -9
26 -16 -11
26 -16 -18
26 -17 -2
26 -17 -5
26 -17 -7
26 -17 -11
26 -17 -15
26 -18 -1
26 -18 -2
26 -18 -4
26 -18 -7
26 -18 -8
26 -18 -11
26 -18 -12
26 -18 -13
26 -18 -14
26 -18 -17
27 0 -3
27 0 -11
27 -1 0
27 -1 -4
27 -1 -5
27 -1 -12
27 -1 -17
27 -1 -18
27 -2 -5
27 -2 -7
27 -2 -11
27 -2 -13
27 -2 -18
27 -3 0
27 -3 -3
27 -3 -10
27 -3 -12
27 -3 -13
27 -3 -17
27 -4 0
27 -4 -10
27 -4 -14
27 -4 -17
27 -5 -8
27 -5 -12
27 -6 -7
27 -6 -16
27 -6 -17
27 -6 -18
27 -7 -6
27 -7 -7
27 -7 -9
27 -8 -2
27 -8 -5
27 -8 -11
27 -8 -16
27 -8 -17
27 -9 0
27 -9 -3
27 -9 -4
27 -9 -5
27 -9 -10
27 -9 -12
27 -9 -13
27 -10 -4
27 -10 -5
27 -10 -6
27 -10 -11
27 -11 -3
27 -11 -4
27 -11 -8
27 -11 -11
27 -12 -5
27 -12 -6
27 -12 -11
27 -13 -3
27 -13 -6
27 -13 -14
27 -14 -4
27 -14 -15
27 -14 -17
27 -15 -11
27 -15 -14
27 -16 0
27 -16 -9
27 -16 -11
27 -16 -18
27 -17 -2
27 -17 -5
27 -17 -7
27 -17 -11
27 -17 -15
27 -18 -1
27 -18 -2
27 -18 -4
27 -18 -7
27 -18 -8
27 -18 -11
27 -18 -12
27 -18 -13
27 -18 -14
27 -18 -17
28 0 -3
28 0 -11
28 -1 0
28 -1 -4
28 -1 -5
28 -1 -12
28 -1 -17
28 -1 -18
28 -2 -5
28 -2 -7
28 -2 -11
28 -2 -13
28 -2 -18
28 -3 0
28 -3 -3
28 -3 -10
28 -3 -12
28 -3 -13
28 -3 -17
28 -4 0
28 -4 -10
28 -4 -14
28 -4 -17
28 -5 -8
28 -5 -12
28 -6 -7
28 -6 -16
28 -6 -17
28 -6 -18
28 -7 -6
28 -7 -7
28 -7 -9
28 -8 -2
28 -8 -5
28 -8 -11
28 -8 -16
28 -8 -17
28 -9 0
28 -9 -3
28 -9 -4
28 -9 -5
28 -9 -10
28 -9 -12
28 -9 -13
28 -10 -4
28 -10 -5
28 -10 -6
28 -10 -11
28 -11 -3
28 -11 -4
28 -11 -8
28 -11 -11
28 -12 -5
28 -12 -6
28 -12 -11
28 -13 -3
28 -13 -6
28 -13 -14
28 -14 -4
28 -14 -15
28 -14 -17
28 -15 -11
28 -15 -14
28 -16 0
28 -16 -9
28 -16 -11
28 -16 -18
28 -17 -2
28 -17 -5
28 -17 -7
28 -17 -11
28 -17 -15
28 -18 -1
28 -18 -2
28 -18 -4
28 -18 -7
28 -18 -8
28 -18 -11
28 -18 -12
28 -18 -13
28 -18 -14
28 -18 -17
29 0 -3
29 0 -11
29 -1 0
29 -1 -4
29 -1 -5
29 -1 -12
29 -1 -17
29 -1 -18
29 -2 -5
29 -2 -7
29 -2 -11
29 -2 -13
29 -2 -18
29 -3 0
29 -3 -3
29 -3 -10
29 -3 -12
29 -3 -13
29 -3 -17
29 -4 0
29 -4 -10
29 -4 -14
29 -4 -17
29 -5 -8
29 -5 -12
29 -6 -7
29 -6 -16
29 -6 -17
29 -6 -18
29 -7 -6
29 -7 -7
29 -7 -9
29 -8 -2
29 -8 -5
29 -8 -11
29 -8 -16
29 -8 -17
29 -9 0
29 -9 -3
29 -9 -4
29 -9 -5
29 -9 -10
29 -9 -12
29 -9 -13
29 -10 -4
29 -10 -5
29 -10 -6
29 -10 -11
29 -11 -3
29 -11 -4
29 -11 -8
29 -11 -11
29 -12 -5
29 -12 -6
29 -12 -11
29 -13 -3
29 -13 -6
29 -13 -14
29 -14 -4
29 -14 -15
29 -14 -17
29 -15 -11
29 -15 -14
29 -16 0
29 -16 -9
29 -16 -11
29 -16 -18
29 -17 -2
29 -17 -5
29 -17 -7
29 -17 -11
29 -17 -15
29 -18 -1
29 -18 -2
29 -18 -4
29 -18 -7
29 -18 -8
29 -18 -11
29 -18 -12
29 -18 -13
29 -18 -14
29 -18 -17
30 0 -3
30 0 -11
30 -1 0
30 -1 -4
30 -1 -5
30 -1 -12
30 -1 -17
30 -1 -18
30 -2 -5
30 -2 -7
30 -2 -11
30 -2 -13
30 -2 -18
30 -3 0
30 -3 -3
30 -3 -10
30 -3 -12
30 -3 -13
30 -3 -17
30 -4 0
30 -4 -10
30 -4 -14
30 -4 -17
30 -5 -8
30 -5 -12
30 -6 -7
30 -6 -16
30 -6 -17
30 -6 -18
30 -7 -6
30 -7 -7
30 -7 -9
30 -8 -2
30 -8 -5
30 -8 -11
30 -8 -16
30 -8 -17
30 -9 0
30 -9 -3
30 -9 -4
30 -9 -5
30 -9 -10
30 -9 -12
30 -9 -13
30 -10 -4
30 -10 -5
30 -10 -6
30 -10 -11
30 -11 -3
30 -11 -4
30 -11 -8
30 -11 -11
30 -12 -5
30 -12 -6
30 -12 -11
30 -13 -3
30 -13 -6
30 -13 -14
30 -14 -4
30 -14 -15
30 -14 -17
30 -15 -11
30 -15 -14
30 -16 0
30 -16 -9
30 -16 -11
30 -16 -18
30 -17 -2
30 -17 -5
30 -17 -7
30 -17 -11
30 -17 -15
30 -18 -1
30 -18 -2
30 -18 -4
30 -18 -7
30 -18 -8
30 -18 -11
30 -18 -12
30 -18 -13
30 -18 -14
30 -18 -17
31 0 -3
31 0 -11
31 -1 0
31 -1 -4
31 -1 -5
31 -1 -12
31 -1 -17
31 -1 -18
31 -2 -5
31 -2 -7
31 -2 -11
31 -2 -13
31 -2 -18
31 -3 0
31 -3 -3
31 -3 -10
31 -3 -12
31 -3 -13
31 -3 -17
31 -4 0
31 -4 -10
31 -4 -14
31 -4 -17
31 -5 -8
31 -5 -12
31 -6 -7
31 -6 -16
31 -6 -17
31 -6 -18
31 -7 -6
31 -7 -7
31 -7 -9
31 -8 -2
31 -8 -5
31 -8 -11
31 -8 -16
31 -8 -17
31 -9 0
31 -9 -3
31 -9 -4
31 -9 -5
31 -9 -10
31 -9 -12
31 -9 -13
31 -10 -4
31 -10 -5
31 -10 -6
31 -10 -11
31 -11 -3
31 -11 -4
31 -11 -8
31 -11 -11
31 -12 -5
31 -12 -6
31 -12 -11
31 -13 -3
31 -13 -6
31 -13 -14
31 -14 -4
31 -14 -15
31 -14 -17
31 -15 -11
31 -15 -14
31 -16 0
31 -16 -9
31 -16 -11
31 -16 -18
31 -17 -2
31 -17 -5
31 -17 -7
31 -17 -11
31 -17 -15
31 -18 -1
31 -18 -2
31 -18 -4
31 -18 -7
31 -18 -8
31 -18 -11
31 -18 -12
31 -18 -13
31 -18 -14
31 -18 -17
32 0 -3
32 0 -11
32 -1 0
32 -1 -4
32 -1 -5
32 -1 -12
32 -1 -17
32 -1 -18
32 -2 -5
32 -2 -7
32 -2 -11
32 -2 -13
32 -2 -18
32 -3 0
32 -3 -3
32 -3 -10
32 -3 -12
32 -3 -13
32 -3 -17
32 -4 0
32 -4 -10
32 -4 -14
32 -4 -17
32 -5 -8
32 -5 -12
32 -6 -7
32 -6 -16
32 -6 -17
32 -6 -18
32 -7 -6
32 -7 -7
32 -7 -9
32 -8 -2
32 -8 -5
32 -8 -11
32 -8 -16
32 -8 -17
32 -9 0
32 -9 -3
32 -9 -4
32 -9 -5
32 -9 -10
32 -9 -12
32 -9 -13
32 -10 -4
32 -10 -5
32 -10 -6
32 -10 -11
32 -11 -3
32 -11 -4
32 -11 -8
32 -11 -11
32 -12 -5
32 -12 -6
32 -12 -11
32 -13 -3
32 -13 -6
32 -13 -14
32 -14 -4
32 -14 -15
32 -14 -17
32 -15 -11
32 -15 -14
32 -16 0
32 -16 -9
32 -16 -11
32 -16 -18
32 -17 -2
32 -17 -5
32 -17 -7
32 -17 -11
32 -17 -15
32 -18 -1
32 -18 -2
32 -18 -4
32 -18 -7
32 -18 -8
32 -18 -11
32 -18 -12
32 -18 -13
32 -18 -14
32 -18 -17
33 0 -3
33 0 -11
33 -1 0
33 -1 -4
33 -1 -5
33 -1 -12
33 -1 -17
33 -1 -18
33 -2 -5
33 -2 -7
33 -2 -11
33 -2 -13
33 -2 -18
33 -3 0
33 -3 -3
33 -3 -10
33 -3 -12
33 -3 -13
33 -3 -17
33 -4 0
33 -4 -10
33 -4 -14
33 -4 -17
33 -5 -8
33 -5 -12
33 -6 -7
33 -6 -16
33 -6 -17
33 -6 -18
33 -7 -6
33 -7 -7
33 -7 -9
33 -8 -2
33 -8 -5
33 -8 -11
33 -8 -16
33 -8 -17
33 -9 0
33 -9 -3
33 -9 -4
33 -9 -5
33 -9 -10
33 -9 -12
33 -9 -13
33 -10 -4
33 -10 -5
33 -10 -6
33 -10 -11
33 -11 -3
33 -11 -4
33 -11 -8
33 -11 -11
33 -12 -5
33 -12 -6
33 -12 -11
33 -13 -3
33 -13 -6
33 -13 -14
33 -14 -4
33 -14 -15
33 -14 -17
33 -15 -11
33 -15 -14
33 -16 0
33 -16 -9
33 -16 -11
33 -16 -18
33 -17 -2
33 -17 -5
33 -17 -7
33 -17 -11
33 -17 -15
33 -18 -1
33 -18 -2
33 -18 -4
33 -18 -7
33 -18 -8
33 -18 -11
33 -18 -12
33 -18 -13
33 -18 -14
33 -18 -17
34 0 -3
34 0 -11
34 -1 0
34 -1 -4
34 -1 -5
34 -1 -12
34 -1 -17
34 -1 -18
34 -2 -5
34 -2 -7
34 -2 -11
34 -2 -13
34 -2 -18
34 -3 0
34 -3 -3
34 -3 -10
34 -3 -12
34 -3 -13
34 -3 -17
34 -4 0
34 -4 -10
34 -4 -14
34 -4 -17
34 -5 -8
34 -5 -12
34 -6 -7
34 -6 -16
34 -6 -17
34 -6 -18
34 -7 -6
34 -7 -7
34 -7 -9
34 -8 -2
34 -8 -5
34 -8 -11
34 -8 -16
34 -8 -17
34 -9 0
34 -9 -3
34 -9 -4
34 -9 -5
34 -9 -10
34 -9 -12
34 -9 -13
34 -10 -4
34 -10 -5
34 -10 -6
34 -10 -11
34 -11 -3
34 -11 -4
34 -11 -8
34 -11 -11
34 -12 -5
34 -12 -6
34 -12 -11
34 -13 -3
34 -13 -6
34 -13 -14
34 -14 -4
34 -14 -15
34 -14 -17
34 -15 -11
34 -15 -14
34 -16 0
34 -16 -9
34 -16 -11
34 -16 -18
34 -17 -2
34 -17 -5
34 -17 -7
34 -17 -11
34 -17 -15
34 -18 -1
34 -18 -2
34 -18 -4
34 -18 -7
34 -18 -8
34 -18 -11
34 -18 -12
34 -18 -13
34 -18 -14
34 -18 -17
35 0 -3
35 0 -11
35 -1 0
35 -1 -4
35 -1 -5
35 -1 -12
35 -1 -17
35 -1 -18
35 -2 -5
35 -2 -7
35 -2 -11
35 -2 -13
35 -2 -18
35 -3 0
35 -3 -3
35 -3 -10
35 -3 -12
35 -3 -13
35 -3 -17
35 -4 0
35 -4 -10
35 -4 -14
35 -4 -17
35 -5 -8
35 -5 -12
35 -6 -7
35 -6 -16
35 -6 -17
35 -6 -18
35 -7 -6
35 -7 -7
35 -7 -9
35 -8 -2
35 -8 -5
35 -8 -11
35 -8 -16
35 -8 -17
35 -9 0
35 -9 -3
35 -9 -4
35 -9 -5
35 -9 -10
35 -9 -12
35 -9 -13
35 -10 -4
35 -10 -5
35 -10 -6
35 -10 -11
35 -11 -3
35 -11 -4
35 -11 -8
35 -11 -11
35 -12 -5
35 -12 -6
35 -12 -11
35 -13 -3
35 -13 -6
35 -13 -14
35 -14 -4
35 -14 -15
35 -14 -17
35 -15 -11
35 -15 -14
35 -16 0
35 -16 -9
35 -16 -11
35 -16 -18
35 -17 -2
35 -17 -5
35 -17 -7
35 -17 -11
35 -17 -15
35 -18 -1
35 -18 -2
35 -18 -4
35 -18 -7
35 -18 -8
35 -18 -11
35 -18 -12
35 -18 -13
35 -18 -14
35 -18 -17
36 0 -3
36 0 -11
36 -1 0
36 -1 -4
36 -1 -5
36 -1 -12
36 -1 -17
36 -1 -18
36 -2 -5
36 -2 -7
36 -2 -11
36 -2 -13
36 -2 -18
36 -3 0
36 -3 -3
36 -3 -10
36 -3 -12
36 -3 -13
36 -3 -17
36 -4 0
36 -4 -10
36 -4 -14
36 -4 -17
36 -5 -8
36 -5 -12
36 -6 -7
36 -6 -16
36 -6 -17
36 -6 -18
36 -7 -6
36 -7 -7
36 -7 -9
36 -8 -2
36 -8 -5
36 -8 -11
36 -8 -16
36 -8 -17
36 -9 0
36 -9 -3
36 -9 -4
36 -9 -5
36 -9 -10
36 -9 -12
36 -9 -13
36 -10 -4
36 -10 -5
36 -10 -6
36 -10 -11
36 -11 -3
36 -11 -4
36 -11 -8
36 -11 -11
36 -12 -5
36 -12 -6
36 -12 -11
36 -13 -3
36 -13 -6
36 -13 -14
36 -14 -4
36 -14 -15
36 -14 -17
36 -15 -11
36 -15 -14
36 -16 0
36 -16 -9
36 -16 -11
36 -16 -18
36 -17 -2
36 -17 -5
36 -17 -7
36 -17 -11
36 -17 -15
36 -18 -1
36 -18 -2
36 -18 -4
36 -18 -7
36 -18 -8
36 -18 -11
36 -18 -12
36 -18 -13
36 -18 -14
36 -18 -17
37 0 -3
37 0 -11
37 -1 0
37 -1 -4
37 -1 -5
37 -1 -12
37 -1 -17
37 -1 -18
37 -2 -5
37 -2 -7
37 -2 -11
37 -2 -13
37 -2 -18
37 -3 0
37 -3 -3
37 -3 -10
37 -3 -12
37 -3 -13
37 -3 -17
37 -4 0
37 -4 -10
37 -4 -14
37 -4 -17
37 -5 -8
37 -5 -12
37 -6 -7
37 -6 -16
37 -6 -17
37 -6 -18
37 -7 -6
37 -7 -7
37 -7 -9
37 -8 -2
37 -8 -5
37 -8 -11
37 -8 -16
37 -8 -17
37 -9 0
37 -9 -3
37 -9 -4
37 -9 -5
37 -9 -10
37 -9 -12
37 -9 -13
37 -10 -4
37 -10 -5
37 -10 -6
37 -10 -11
37 -11 -3
37 -11 -4
37 -11 -8
37 -11 -11
37 -12 -5
37 -12 -6
37 -12 -11
37 -13 -3
37 -13 -6
37 -13 -14
37 -14 -4
37 -14 -15
37 -14 -17
37 -15 -11
37 -15 -14
37 -16 0
37 -16 -9
37 -16 -11
37 -16 -18
37 -17 -2
37 -17 -5
37 -17 -7
37 -17 -11
37 -17 -15
37 -18 -1
37 -18 -2
37 -18 -4
37 -18 -7
37 -18 -8
37 -18 -11
37 -18 -12
37 -18 -13
37 -18 -14
37 -18 -17
38 0 -3
38 0 -11
38 -1 0
38 -1 -4
38 -1 -5
38 -1 -12
38 -1 -17
38 -1 -18
38 -2 -5
38 -2 -7
38 -2 -11
38 -2 -13
38 -2 -18
38 -3 0
38 -3 -3
38 -3 -10
38 -3 -12
38 -3 -13
38 -3 -17
38 -4 0
38 -4 -10
38 -4 -14
38 -4 -17
38 -5 -8
38 -5 -12
38 -6 -7
38 -6 -16
38 -6 -17
38 -6 -18
38 -7 -6
38 -7 -7
38 -7 -9
38 -8 -2
38 -8 -5
38 -8 -11
38 -8 -16
38 -8 -17
38 -9 0
38 -9 -3
38 -9 -4
38 -9 -5
38 -9 -10
38 -9 -12
38 -9 -13
38 -10 -4
38 -10 -5
38 -10 -6
38 -10 -11
38 -11 -3
38 -11 -4
38 -11 -8
38 -11 -11
38 -12 -5
38 -12 -6
38 -12 -11
38 -13 -3
38 -13 -6
38 -13 -14
38 -14 -4
38 -14 -15
38 -14 -17
38 -15 -11
38 -15 -14
38 -16 0
38 -16 -9
38 -16 -11
38 -16 -18
38 -17 -2
38 -17 -5
38 -17 -7
38 -17 -11
38 -17 -15
38 -18 -1
38 -18 -2
38 -18 -4
38 -18 -7
38 -18 -8
38 -18 -11
38 -18 -12
38 -18 -13
38 -18 -14
38 -18 -17
39 0 -3
39 0 -11
39 -1 0
39 -1 -4
39 -1 -5
39 -1 -12
39 -1 -17
39 -1 -18
39 -2 -5
39 -2 -7
39 -2 -11
39 -2 -13
39 -2 -18
39 -3 0
39 -3 -3
39 -3 -10
39 -3 -12
39 -3 -13
39 -3 -17
39 -4 0
39 -4 -10
39 -4 -14
39 -4 -17
39 -5 -8
39 -5 -12
39 -6 -7
39 -6 -16
39 -6 -17
39 -6 -18
39 -7 -6
39 -7 -7
39 -7 -9
39 -8 -2
39 -8 -5
39 -8 -11
39 -8 -16
39 -8 -17
39 -9 0
39 -9 -3
39 -9 -4
39 -9 -5
39 -9 -10
39 -9 -12
39 -9 -13
39 -10 -4
39 -10 -5
39 -10 -6
39 -10 -11
39 -11 -3
39 -11 -4
39 -11 -8
39 -11 -11
39 -12 -5
39 -12 -6
39 -12 -11
39 -13 -3
39 -13 -6
39 -13 -14
39 -14 -4
39 -14 -15
39 -14 -17
39 -15 -11
39 -15 -14
39 -16 0
39 -16 -9
39 -16 -11
39 -16 -18
39 -17 -2
39 -17 -5
39 -17 -7
39 -17 -11
39 -17 -15
39 -18 -1
39 -18 -2
39 -18 -4
39 -18 -7
39 -18 -8
39 -18 -11
39 -18 -12
39 -18 -13
39 -18 -14
39 -18 -17
40 0 -3
40 0 -11
40 -1 0
40 -1 -4
40 -1 -5
40 -1 -12
40 -1 -17
40 -1 -18
40 -2 -5
40 -2 -7
40 -2 -11
40 -2 -13
40 -2 -18
40 -3 0
40 -3 -3
40 -3 -10
40 -3 -12
40 -3 -13
40 -3 -17
40 -4 0
40 -4 -10
40 -4 -14
40 -4 -17
40 -5 -8
40 -5 -12
40 -6 -7
40 -6 -16
40 -6 -17
40 -6 -18
40 -7 -6
40 -7 -7
40 -7 -9
40 -8 -2
40 -8 -5
40 -8 -11
40 -8 -16
40 -8 -17
40 -9 0
40 -9 -3
40 -9 -4
40 -9 -5
40 -9 -10
40 -9 -12
40 -9 -13
40 -10 -4
40 -10 -5
40 -10 -6
40 -10 -11
40 -11 -3
40 -11 -4
40 -11 -8
40 -11 -11
40 -12 -5
40 -12 -6
40 -12 -11
40 -13 -3
40 -13 -6
40 -13 -14
40 -14 -4
40 -14 -15
40 -14 -17
40 -15 -11
40 -15 -14
40 -16 0
40 -16 -9
40 -16 -11
40 -16 -18
40 -17 -2
40 -17 -5
40 -17 -7
40 -17 -11
40 -17 -15
40 -18 -1
40 -18 -2
40 -18 -4
40 -18 -7
40 -18 -8
40 -18 -11
40 -18 -12
40 -18 -13
40 -18 -14
40 -18 -17
41 0 -3
41 0 -11
41 -1 0
41 -1 -4
41 -1 -5
41 -1 -12
41 -1 -17
41 -1 -18
41 -2 -5
41 -2 -7
41 -2 -11
41 -2 -13
41 -2 -18
41 -3 0
41 -3 -3
41 -3 -10
41 -3 -12
41 -3 -13
41 -3 -17
41 -4 0
41 -4 -10
41 -4 -14
41 -4 -17
41 -5 -8
41 -5 -12
41 -6 -7
41 -6 -16
41 -6 -17
41 -6 -18
41 -7 -6
41 -7 -7
41 -7 -9
41 -8 -2
41 -8 -5
41 -8 -11
41 -8 -16
41 -8 -17
41 -9 0
41 -9 -3
41 -9 -4
41 -9 -5
41 -9 -10
41 -9 -12
41 -9 -13
41 -10 -4
41 -10 -5
41 -10 -6
41 -10 -11
41 -11 -3
41 -11 -4
41 -11 -8
41 -11 -11
41 -12 -5
41 -12 -6
41 -12 -11
41 -13 -3
41 -13 -6
41 -13 -14
41 -14 -4
41 -14 -15
41 -14 -17
41 -15 -11
41 -15 -14
41 -16 0
41 -16 -9
41 -16 -11
41 -16 -18
41 -17 -2
41 -17 -5
41 -17 -7
41 -17 -11
41 -17 -15
41 -18 -1
41 -18 -2
41 -18 -4
41 -18 -7
41 -18 -8
41 -18 -11
41 -18 -12
41 -18 -13
41 -18 -14
41 -18 -17
42 0 -3
42 0 -11
42 -1 0
42 -1 -4
42 -1 -5
42 -1 -12
42 -1 -17
42 -1 -18
42 -2 -5
42 -2 -7
42 -2 -11
42 -2 -13
42 -2 -18
42 -3 0
42 -3 -3
42 -3 -10
42 -3 -12
42 -3 -13
42 -3 -17
42 -4 0
42 -4 -10
42 -4 -14
42 -4 -17
42 -5 -8
42 -5 -12
42 -6 -7
42 -6 -16
42 -6 -17
42 -6 -18
42 -7 -6
42 -7 -7
42 -7 -9
42 -8 -2
42 -8 -5
42 -8 -11
42 -8 -16
42 -8 -17
42 -9 0
42 -9 -3
42 -9 -4
42 -9 -5
42 -9 -10
42 -9 -12
42 -9 -13
42 -10 -4
42 -10 -5
42 -10 -6
42 -10 -11
42 -11 -3
42 -11 -4
42 -11 -8
42 -11 -11
42 -12 -5
42 -12 -6
42 -12 -11
42 -13 -3
42 -13 -6
42 -13 -14
42 -14 -4
42 -14 -15
42 -14 -17
42 -15 -11
42 -15 -14
42 -16 0
42 -16 -9
42 -16 -11
42 -16 -18
42 -17 -2
42 -17 -5
42 -17 -7
42 -17 -11
42 -17 -15
42 -18 -1
42 -18 -2
42 -18 -4
42 -18 -7
42 -18 -8
42 -18 -11
42 -18 -12
42 -18 -13
42 -18 -14
42 -18 -17
43 0 -3
43 0 -11
43 -1 0
43 -1 -4
43 -1 -5
43 -1 -12
43 -1 -17
43 -1 -18
43 -2 -5
43 -2 -7
43 -2 -11
43 -2 -13
43 -2 -18
43 -3 0
43 -3 -3
43 -3 -10
43 -3 -12
43 -3 -13
43 -3 -17
43 -4 0
43 -4 -10
43 -4 -14
43 -4 -17
43 -5 -8
43 -5 -12
43 -6 -7
43 -6 -16
43 -6 -17
43 -6 -18
43 -7 -6
43 -7 -7
43 -7 -9
43 -8 -2
43 -8 -5
43 -8 -11
43 -8 -16
43 -8 -17
43 -9 0
43 -9 -3
43 -9 -4
43 -9 -5
43 -9 -10
43 -9 -12
43 -9 -13
43 -10 -4
43 -10 -5
43 -10 -6
43 -10 -11
43 -11 -3
43 -11 -4
43 -11 -8
43 -11 -11
43 -12 -5
43 -12 -6
43 -12 -11
43 -13 -3
43 -13 -6
43 -13 -14
43 -14 -4
43 -14 -15
43 -14 -17
43 -15 -11
43 -15 -14
43 -16 0
43 -16 -9
43 -16 -11
43 -16 -18
43 -17 -2
43 -17 -5
43 -17 -7
43 -17 -11
43 -17 -15
43 -18 -1
43 -18 -2
43 -18 -4
43 -18 -7
43 -18 -8
43 -18 -11
43 -18 -12
43 -18 -13
43 -18 -14
43 -18 -17
44 0 -3
44 0 -11
44 -1 0
44 -1 -4
44 -1 -5
44 -1 -12
44 -1 -17
44 -1 -18
44 -2 -5
44 -2 -7
44 -2 -11
44 -2 -13
44 -2 -18
44 -3 0
44 -3 -3
44 -3 -10
44 -3 -12
44 -3 -13
44 -3 -17
44 -4 0
44 -4 -10
44 -4 -14
44 -4 -17
44 -5 -8
44 -5 -12
44 -6 -7
44 -6 -16
44 -6 -17
44 -6 -18
44 -7 -6
44 -7 -7
44 -7 -9
44 -8 -2
44 -8 -5
44 -8 -11
44 -8 -16
44 -8 -17
44 -9 0
44 -9 -3
44 -9 -4
44 -9 -5
44 -9 -10
44 -9 -12
44 -9 -13
44 -10 -4
44 -10 -5
44 -10 -6
44 -10 -11
44 -11 -3
44 -11 -4
44 -11 -8
44 -11 -11
44 -12 -5
44 -12 -6
44 -12 -11
44 -13 -3
44 -13 -6
44 -13 -14
44 -14 -4
44 -14 -15
44 -14 -17
44 -15 -11
44 -15 -14
44 -16 0
44 -16 -9
44 -16 -11
44 -16 -18
44 -17 -2
44 -17 -5
44 -17 -7
44 -17 -11
44 -17 -15
44 -18 -1
44 -18 -2
44 -18 -4
44 -18 -7
44 -18 -8
44 -18 -11
44 -18 -12
44 -18 -13
44 -18 -14
44 -18 -17
45 0 -3
45 0 -11
45 -1 0
45 -1 -4
45 -1 -5
45 -1 -12
45 -1 -17
45 -1 -18
45 -2 -5
45 -2 -7
45 -2 -11
45 -2 -13
45 -2 -18
45 -3 0
45 -3 -3
45 -3 -10
45 -3 -12
45 -3 -13
45 -3 -17
45 -4 0
45 -4 -10
45 -4 -14
45 -4 -17
45 -5 -8
45 -5 -12
45 -6 -7
45 -6 -16
45 -6 -17
45 -6 -18
45 -7 -6
45 -7 -7
45 -7 -9
45 -8 -2
45 -8 -5
45 -8 -11
45 -8 -16
45 -8 -17
45 -9 0
45 -9 -3
45 -9 -4
45 -9 -5
45 -9 -10
45 -9 -12
45 -9 -13
45 -10 -4
45 -10 -5
45 -10 -6
45 -10 -11
45 -11 -3
45 -11 -4
45 -11 -8
45 -11 -11
45 -12 -5
45 -12 -6
45 -12 -11
45 -13 -3
45 -13 -6
45 -13 -14
45 -14 -4
45 -14 -15
45 -14 -17
45 -15 -11
45 -15 -14
45 -16 0
45 -16 -9
45 -16 -11
45 -16 -18
45 -17 -2
45 -17 -5
45 -17 -7
45 -17 -11
45 -17 -15
45 -18 -1
45 -18 -2
45 -18 -4
45 -18 -7
45 -18 -8
45 -18 -11
45 -18 -12
45 -18 -13
45 -18 -14
45 -18 -17
46 0 -3
46 0 -11
46 -1 0
46 -1 -4
46 -1 -5
46 -1 -12
46 -1 -17
46 -1 -18
46 -2 -5
46 -2 -7
46 -2 -11
46 -2 -13
46 -2 -18
46 -3 0
46 -3 -3
46 -3 -10
46 -3 -12
46 -3 -13
46 -3 -17
46 -4 0
46 -4 -10
46 -4 -14
46 -4 -17
46 -5 -8
46 -5 -12
46 -6 -7
46 -6 -16
46 -6 -17
46 -6 -18
46 -7 -6
46 -7 -7
46 -7 -9
46 -8 -2
46 -8 -5
46 -8 -11
46 -8 -16
46 -8 -17
46 -9 0
46 -9 -3
46 -9 -4
46 -9 -5
46 -9 -10
46 -9 -12
46 -9 -13
46 -10 -4
46 -10 -5
46 -10 -6
46 -10 -11
46 -11 -3
46 -11 -4
46 -11 -8
46 -11 -11
46 -12 -5
46 -12 -6
46 -12 -11
46 -13 -3
46 -13 -6
46 -13 -14
46 -14 -4
46 -14 -15
46 -14 -17
46 -15 -11
46 -15 -14
46 -16 0
46 -16 -9
46 -16 -11
46 -16 -18
46 -17 -2
46 -17 -5
46 -17 -7
46 -17 -11
46 -17 -15
46 -18 -1
46 -18 -2
46 -18 -4
46 -18 -7
46 -18 -8
46 -18 -11
46 -18 -12
46 -18 -13
46 -18 -14
46 -18 -17
47 0 -3
47 0 -11
47 -1 0
47 -1 -4
47 -1 -5
47 -1 -12
47 -1 -17
47 -1 -18
47 -2 -5
47 -2 -7
47 -2 -11
47 -2 -13
47 -2 -18
47 -3 0
47 -3 -3
47 -3 -10
47 -3 -12
47 -3 -13
47 -3 -17
47 -4 0
47 -4 -10
47 -4 -14
47 -4 -17
47 -5 -8
47 -5 -12
47 -6 -7
47 -6 -16
47 -6 -17
47 -6 -18
47 -7 -6
47 -7 -7
47 -7 -9
47 -8 -2
47 -8 -5
47 -8 -11
47 -8 -16
47 -8 -17
47 -9 0
47 -9 -3
47 -9 -4
47 -9 -5
47 -9 -10
47 -9 -12
47 -9 -13
47 -10 -4
47 -10 -5
47 -10 -6
47 -10 -11
47 -11 -3
47 -11 -4
47 -11 -8
47 -11 -11
47 -12 -5
47 -12 -6
47 -12 -11
47 -13 -3
47 -13 -6
47 -13 -14
47 -14 -4
47 -14 -15
47 -14 -17
47 -15 -11
47 -15 -14
47 -16 0
47 -16 -9
47 -16 -11
47 -16 -18
47 -17 -2
47 -17 -5
47 -17 -7
47 -17 -11
47 -17 -15
47 -18 -1
47 -18 -2
47 -18 -4
47 -18 -7
47 -18 -8
47 -18 -11
47 -18 -12
47 -18 -13
47 -18 -14
47 -18 -17
48 0 -3
48 0 -11
48 -1 0
48 -1 -4
48 -1 -5
48 -1 -12
48 -1 -17
48 -1 -18
48 -2 -5
48 -2 -7
48 -2 -11
48 -2 -13
48 -2 -18
48 -3 0
48 -3 -3
48 -3 -10
48 -3 -12
48 -3 -13
48 -3 -17
48 -4 0
48 -4 -10
48 -4 -14
48 -4 -17
48 -5 -8
48 -5 -12
48 -6 -7
48 -6 -16
48 -6 -17
48 -6 -18
48 -7 -6
48 -7 -7
48 -7 -9
48 -8 -2
48 -8 -5
48 -8 -11
48 -8 -16
48 -8 -17
48 -9 0
48 -9 -3
48 -9 -4
48 -9 -5
48 -9 -10
48 -9 -12
48 -9 -13
48 -10 -4
48 -10 -5
48 -10 -6
48 -10 -11
48 -11 -3
48 -11 -4
48 -11 -8
48 -11 -11
48 -12 -5
48 -12 -6
48 -12 -11
48 -13 -3
48 -13 -6
48 -13 -14
48 -14 -4
48 -14 -15
48 -14 -17
48 -15 -11
48 -15 -14
48 -16 0
48 -16 -9
48 -16 -11
48 -16 -18
48 -17 -2
48 -17 -5
48 -17 -7
48 -17 -11
48 -17 -15
48 -18 -1
48 -18 -2
48 -18 -4
48 -18 -7
48 -18 -8
48 -18 -11
48 -18 -12
48 -18 -13
48 -18 -14
48 -18 -17
49 0 -3
49 0 -11
49 -1 0
49 -1 -4
49 -1 -5
49 -1 -12
49 -1 -17
49 -1 -18
49 -2 -5
49 -2 -7
49 -2 -11
49 -2 -13
49 -2 -18
49 -3 0
49 -3 -3
49 -3 -10
49 -3 -12
49 -3 -13
49 -3 -17
49 -4 0
49 -4 -10
49 -4 -14
49 -4 -17
49 -5 -8
49 -5 -12
49 -6 -7
49 -6 -16
49 -6 -17
49 -6 -18
49 -7 -6
49 -7 -7
49 -7 -9
49 -8 -2
49 -8 -5
49 -8 -11
49 -8 -16
49 -8 -17
49 -9 0
49 -9 -3
49 -9 -4
49 -9 -5
49 -9 -10
49 -9 -12
49 -9 -13
49 -10 -4
49 -10 -5
49 -10 -6
49 -10 -11
49 -11 -3
49 -11 -4
49 -11 -8
49 -11 -11
49 -12 -5
49 -12 -6
49 -12 -11
49 -13 -3
49 -13 -6
49 -13 -14
49 -14 -4
49 -14 -15
49 -14 -17
49 -15 -11
49 -15 -14
49 -16 0
49 -16 -9
49 -16 -11
49 -16 -18
49 -17 -2
49 -17 -5
49 -17 -7
49 -17 -11
49 -17 -15
49 -18 -1
49 -18 -2
49 -18 -4
49 -18 -7
49 -18 -8
49 -18 -11
49 -18 -12
49 -18 -13
49 -18 -14
49 -18 -17
50 0 -3
50 0 -11
50 -1 0
50 -1 -4
50 -1 -5
50 -1 -12
50 -1 -17
50 -1 -18
50 -2 -5
50 -2 -7
50 -2 -11
50 -2 -13
50 -2 -18
50 -3 0
50 -3 -3
50 -3 -10
50 -3 -12
50 -3 -13
50 -3 -17
50 -4 0
50 -4 -10
50 -4 -14
50 -4 -17
50 -5 -8
50 -5 -12
50 -6 -7
50 -6 -16
50 -6 -17
50 -6 -18
50 -7 -6
50 -7 -7
50 -7 -9
50 -8 -2
50 -8 -5
50 -8 -11
50 -8 -16
50 -8 -17
50 -9 0
50 -9 -3
50 -9 -4
50 -9 -5
50 -9 -10
50 -9 -12
50 -9 -13
50 -10 -4
50 -10 -5
50 -10 -6
50 -10 -11
50 -11 -3
50 -11 -4
50 -11 -8
50 -11 -11
50 -12 -5
50 -12 -6
50 -12 -11
50 -13 -3
50 -13 -6
50 -13 -14
50 -14 -4
50 -14 -15
50 -14 -17
50 -15 -11
50 -15 -14
50 -16 0
50 -16 -9
50 -16 -11
50 -16 -18
50 -17 -2
50 -17 -5
50 -17 -7
50 -17 -11
50 -17 -15
50 -18 -1
50 -18 -2
50 -18 -4
50 -18 -7
50 -18 -8
50 -18 -11
50 -18 -12
50 -18 -13
50 -18 -14
50 -18 -17
51 0 -3
51 0 -11
51 -1 0
51 -1 -4
51 -1 -5
51 -1 -12
51 -1 -17
51 -1 -18
51 -2 -5
51 -2 -7
51 -2 -11
51 -2 -13
51 -2 -18
51 -3 0
51 -3 -3
51 -3 -10
51 -3 -12
51 -3 -13
51 -3 -17
51 -4 0
51 -4 -10
51 -4 -14
51 -4 -17
51 -5 -8
51 -5 -12
51 -6 -7
51 -6 -16
51 -6 -17
51 -6 -18
51 -7 -6
51 -7 -7
51 -7 -9
51 -8 -2
51 -8 -5
51 -8 -11
51 -8 -16
51 -8 -17
51 -9 0
51 -9 -3
51 -9 -4
51 -9 -5
51 -9 -10
51 -9 -12
51 -9 -13
51 -10 -4
51 -10 -5
51 -10 -6
51 -10 -11
51 -11 -3
51 -11 -4
51 -11 -8
51 -11 -11
51 -12 -5
51 -12 -6
51 -12 -11
51 -13 -3
51 -13 -6
51 -13 -14
51 -14 -4
51 -14 -15
51 -14 -17
51 -15 -11
51 -15 -14
51 -16 0
51 -16 -9
51 -16 -11
51 -16 -18
51 -17 -2
51 -17 -5
51 -17 -7
51 -17 -11
51 -17 -15
51 -18 -1
51 -18 -2
51 -18 -4
51 -18 -7
51 -18 -8
51 -18 -11
51 -18 -12
51 -18 -13
51 -18 -14
51 -18 -17
52 0 -3
52 0 -11
52 -1 0
52 -1 -4
52 -1 -5
52 -1 -12
52 -1 -17
52 -1 -18
52 -2 -5
52 -2 -7
52 -2 -11
52 -2 -13
52 -2 -18
52 -3 0
52 -3 -3
52 -3 -10
52 -3 -12
52 -3 -13
52 -3 -17
52 -4 0
52 -4 -10
52 -4 -14
52 -4 -17
52 -5 -8
52 -5 -12
52 -6 -7
52 -6 -16
52 -6 -17
52 -6 -18
52 -7 -6
52 -7 -7
52 -7 -9
52 -8 -2
52 -8 -5
52 -8 -11
52 -8 -16
52 -8 -17
52 -9 0
52 -9 -3
52 -9 -4
52 -9 -5
52 -9 -10
52 -9 -12
52 -9 -13
52 -10 -4
52 -10 -5
52 -10 -6
52 -10 -11
52 -11 -3
52 -11 -4
52 -11 -8
52 -11 -11
52 -12 -5
52 -12 -6
52 -12 -11
52 -13 -3
52 -13 -6
52 -13 -14
52 -14 -4
52 -14 -15
52 -14 -17
52 -15 -11
52 -15 -14
52 -16 0
52 -16 -9
52 -16 -11
52 -16 -18
52 -17 -2
52 -17 -5
52 -17 -7
52 -17 -11
52 -17 -15
52 -18 -1
52 -18 -2
52 -18 -4
52 -18 -7
52 -18 -8
52 -18 -11
52 -18 -12
52 -18 -13
52 -18 -14
52 -18 -17
53 0 -3
53 0 -11
53 -1 0
53 -1 -4
53 -1 -5
53 -1 -12
53 -1 -17
53 -1 -18
53 -2 -5
53 -2 -7
53 -2 -11
53 -2 -13
53 -2 -18
53 -3 0
53 -3 -3
53 -3 -10
53 -3 -12
53 -3 -13
53 -3 -17
53 -4 0
53 -4 -10
53 -4 -14
53 -4 -17
53 -5 -8
53 -5 -12
53 -6 -7
53 -6 -16
53 -6 -17
53 -6 -18
53 -7 -6
53 -7 -7
53 -7 -9
53 -8 -2
53 -8 -5
53 -8 -11
53 -8 -16
53 -8 -17
53 -9 0
53 -9 -3
53 -9 -4
53 -9 -5
53 -9 -10
53 -9 -12
53 -9 -13
53 -10 -4
53 -10 -5
53 -10 -6
53 -10 -11
53 -11 -3
53 -11 -4
53 -11 -8
53 -11 -11
53 -12 -5
53 -12 -6
53 -12 -11
53 -13 -3
53 -13 -6
53 -13 -14
53 -14 -4
53 -14 -15
53 -14 -17
53 -15 -11
53 -15 -14
53 -16 0
53 -16 -9
53 -16 -11
53 -16 -18
53 -17 -2
53 -17 -5
53 -17 -7
53 -17 -11
53 -17 -15
53 -18 -1
53 -18 -2
53 -18 -4
53 -18 -7
53 -18 -8
53 -18 -11
53 -18 -12
53 -18 -13
53 -18 -14
53 -18 -17
54 0 -3
54 0 -11
54 -1 0
54 -1 -4
54 -1 -5
54 -1 -12
54 -1 -17
54 -1 -18
54 -2 -5
54 -2 -7
54 -2 -11
54 -2 -13
54 -2 -18
54 -3 0
54 -3 -3
54 -3 -10
54 -3 -12
54 -3 -13
54 -3 -17
54 -4 0
54 -4 -10
54 -4 -14
54 -4 -17
54 -5 -8
54 -5 -12
54 -6 -7
54 -6 -16
54 -6 -17
54 -6 -18
54 -7 -6
54 -7 -7
54 -7 -9
54 -8 -2
54 -8 -5
54 -8 -11
54 -8 -16
54 -8 -17
54 -9 0
54 -9 -3
54 -9 -4
54 -9 -5
54 -9 -10
54 -9 -12
54 -9 -13
54 -10 -4
54 -10 -5
54 -10 -6
54 -10 -11
54 -11 -3
54 -11 -4
54 -11 -8
54 -11 -11
54 -12 -5
54 -12 -6
54 -12 -11
54 -13 -3
54 -13 -6
54 -13 -14
54 -14 -4
54 -14 -15
54 -14 -17
54 -15 -11
54 -15 -14
54 -16 0
54 -16 -9
54 -16 -11
54 -16 -18
54 -17 -2
54 -17 -5
54 -17 -7
54 -17 -11
54 -17 -15
54 -18 -1
54 -18 -2
54 -18 -4
54 -18 -7
54 -18 -8
54 -18 -11
54 -18 -12
54 -18 -13
54 -18 -14
54 -18 -17
55 0 -3
55 0 -11
55 -1 0
55 -1 -4
55 -1 -5
55 -1 -12
55 -1 -17
55 -1 -18
55 -2 -5
55 -2 -7
55 -2 -11
55 -2 -13
55 -2 -18
55 -3 0
55 -3 -3
55 -3 -10
55 -3 -12
55 -3 -13
55 -3 -17
55 -4 0
55 -4 -10
55 -4 -14
55 -4 -17
55 -5 -8
55 -5 -12
55 -6 -7
55 -6 -16
55 -6 -17
55 -6 -18
55 -7 -6
55 -7 -7
55 -7 -9
55 -8 -2
55 -8 -5
55 -8 -11
55 -8 -16
55 -8 -17
55 -9 0
55 -9 -3
55 -9 -4
55 -9 -5
55 -9 -10
55 -9 -12
55 -9 -13
55 -10 -4
55 -10 -5
55 -10 -6
55 -10 -11
55 -11 -3
55 -11 -4
55 -11 -8
55 -11 -11
55 -12 -5
55 -12 -6
55 -12 -11
55 -13 -3
55 -13 -6
55 -13 -14
55 -14 -4
55 -14 -15
55 -14 -17
55 -15 -11
55 -15 -14
55 -16 0
55 -16 -9
55 -16 -11
55 -16 -18
55 -17 -2
55 -17 -5
55 -17 -7
55 -17 -11
55 -17 -15
55 -18 -1
55 -18 -2
55 -18 -4
55 -18 -7
55 -18 -8
55 -18 -11
55 -18 -12
55 -18 -13
55 -18 -14
55 -18 -17
56 0 -3
56 0 -11
56 -1 0
56 -1 -4
56 -1 -5
56 -1 -12
56 -1 -17
56 -1 -18
56 -2 -5
56 -2 -7
56 -2 -11
56 -2 -13
56 -2 -18
56 -3 0
56 -3 -3
56 -3 -10
56 -3 -12
56 -3 -13
56 -3 -17
56 -4 0
56 -4 -10
56 -4 -14
56 -4 -17
56 -5 -8
56 -5 -12
56 -6 -7
56 -6 -16
56 -6 -17
56 -6 -18
56 -7 -6
56 -7 -7
56 -7 -9
56 -8 -2
56 -8 -5
56 -8 -11
56 -8 -16
56 -8 -17
56 -9 0
56 -9 -3
56 -9 -4
56 -9 -5
56 -9 -10
56 -9 -12
56 -9 -13
56 -10 -4
56 -10 -5
56 -10 -6
56 -10 -11
56 -11 -3
56 -11 -4
56 -11 -8
56 -11 -11
56 -12 -5
56 -12 -6
56 -12 -11
56 -13 -3
56 -13 -6
56 -13 -14
56 -14 -4
56 -14 -15
56 -14 -17
56 -15 -11
56 -15 -14
56 -16 0
56 -16 -9
56 -16 -11
56 -16 -18
56 -17 -2
56 -17 -5
56 -17 -7
56 -17 -11
56 -17 -15
56 -18 -1
56 -18 -2
56 -18 -4
56 -18 -7
56 -18 -8
56 -18 -11
56 -18 -12
56 -18 -13
56 -18 -14
56 -18 -17
57 0 -3
57 0 -11
57 -1 0
57 -1 -4
57 -1 -5
57 -1 -12
57 -1 -17
57 -1 -18
57 -2 -5
57 -2 -7
57 -2 -11
57 -2 -13
57 -2 -18
57 -3 0
57 -3 -3
57 -3 -10
57 -3 -12
57 -3 -13
57 -3 -17
57 -4 0
57 -4 -10
57 -4 -14
57 -4 -17
57 -5 -8
57 -5 -12
57 -6 -7
57 -6 -16
57 -6 -17
57 -6 -18
57 -7 -6
57 -7 -7
57 -7 -9
57 -8 -2
57 -8 -5
57 -8 -11
57 -8 -16
57 -8 -17
57 -9 0
57 -9 -3
57 -9 -4
57 -9 -5
57 -9 -10
57 -9 -12
57 -9 -13
57 -10 -4
57 -10 -5
57 -10 -6
57 -10 -11
57 -11 -3
57 -11 -4
57 -11 -8
57 -11 -11
57 -12 -5
57 -12 -6
57 -12 -11
57 -13 -3
57 -13 -6
57 -13 -14
57 -14 -4
57 -14 -15
57 -14 -17
57 -15 -11
57 -15 -14
57 -16 0
57 -16 -9
57 -16 -11
57 -16 -18
57 -17 -2
57 -17 -5
57 -17 -7
57 -17 -11
57 -17 -15
57 -18 -1
57 -18 -2
57 -18 -4
57 -18 -7
57 -18 -8
57 -18 -11
57 -18 -12
57 -18 -13
57 -18 -14
57 -18 -17
58 0 -3
58 0 -11
58 -1 0
58 -1 -4
58 -1 -5
58 -1 -12
58 -1 -17
58 -1 -18
58 -2 -5
58 -2 -7
58 -2 -11
58 -2 -13
58 -2 -18
58 -3 0
58 -3 -3
58 -3 -10
58 -3 -12
58 -3 -13
58 -3 -17
58 -4 0
58 -4 -10
58 -4 -14
58 -4 -17
58 -5 -8
58 -5 -12
58 -6 -7
58 -6 -16
58 -6 -17
58 -6 -18
58 -7 -6
58 -7 -7
58 -7 -9
58 -8 -2
58 -8 -5
58 -8 -11
58 -8 -16
58 -8 -17
58 -9 0
58 -9 -3
58 -9 -4
58 -9 -5
58 -9 -10
58 -9 -12
58 -9 -13
58 -10 -4
58 -10 -5
58 -10 -6
58 -10 -11
58 -11 -3
58 -11 -4
58 -11 -8
58 -11 -11
58 -12 -5
58 -12 -6
58 -12 -11
58 -13 -3
58 -13 -6
58 -13 -14
58 -14 -4
58 -14 -15
58 -14 -17
58 -15 -11
58 -15 -14
58 -16 0
58 -16 -9
58 -16 -11
58 -16 -18
58 -17 -2
58 -17 -5
58 -17 -7
58 -17 -11
58 -17 -15
58 -18 -1
58 -18 -2
58 -18 -4
58 -18 -7
58 -18 -8
58 -18 -11
58 -18 -12
58 -18 -13
58 -18 -14
58 -18 -17
59 0 -3
59 0 -11
59 -1 0
59 -1 -4
59 -1 -5
59 -1 -12
59 -1 -17
59 -1 -18
59 -2 -5
59 -2 -7
59 -2 -11
59 -2 -13
59 -2 -18
59 -3 0
59 -3 -3
59 -3 -10
59 -3 -12
59 -3 -13
59 -3 -17
59 -4 0
59 -4 -10
59 -4 -14
59 -4 -17
59 -5 -8
59 -5 -12
59 -6 -7
59 -6 -16
59 -6 -17
59 -6 -18
59 -7 -6
59 -7 -7
59 -7 -9
59 -8 -2
59 -8 -5
59 -8 -11
59 -8 -16
59 -8 -17
59 -9 0
59 -9 -3
59 -9 -4
59 -9 -5
59 -9 -10
59 -9 -12
59 -9 -13
59 -10 -4
59 -10 -5
59 -10 -6
59 -10 -11
59 -11 -3
59 -11 -4
59 -11 -8
59 -11 -11
59 -12 -5
59 -12 -6
59 -12 -11
59 -13 -3
59 -13 -6
59 -13 -14
59 -14 -4
59 -14 -15
59 -14 -17
59 -15 -11
59 -15 -14
59 -16 0
59 -16 -9
59 -16 -11
59 -16 -18
59 -17 -2
59 -17 -5
59 -17 -7
59 -17 -11
59 -17 -15
59 -18 -1
59 -18 -2
59 -18 -4
59 -18 -7
59 -18 -8
59 -18 -11
59 -18 -12
59 -18 -13
59 -18 -14
59 -18 -17
60 0 -3
60 0 -11
60 -1 0
60 -1 -4
60 -1 -5
60 -1 -12
60 -1 -17
60 -1 -18
60 -2 -5
60 -2 -7
60 -2 -11
60 -2 -13
60 -2 -18
60 -3 0
60 -3 -3
60 -3 -10
60 -3 -12
60 -3 -13
60 -3 -17
60 -4 0
60 -4 -10
60 -4 -14
60 -4 -17
60 -5 -8
60 -5 -12
60 -6 -7
60 -6 -16
60 -6 -17
60 -6 -18
60 -7 -6
60 -7 -7
60 -7 -9
60 -8 -2
60 -8 -5
60 -8 -11
60 -8 -16
60 -8 -17
60 -9 0
60 -9 -3
60 -9 -4
60 -9 -5
60 -9 -10
60 -9 -12
60 -9 -13
60 -10 -4
60 -10 -5
60 -10 -6
60 -10 -11
60 -11 -3
60 -11 -4
60 -11 -8
60 -11 -11
60 -12 -5
60 -12 -6
60 -12 -11
60 -13 -3
60 -13 -6
60 -13 -14
60 -14 -4
60 -14 -15
60 -14 -17
60 -15 -11
60 -15 -14
60 -16 0
60 -16 -9
60 -16 -11
60 -16 -18
60 -17 -2
60 -17 -5
60 -17 -7
60 -17 -11
60 -17 -15
60 -18 -1
60 -18 -2
60 -18 -4
60 -18 -7
60 -18 -8
60 -18 -11
60 -18 -12
60 -18 -13
60 -18 -14
60 -18 -17
61 0 -3
61 0 -11
61 -1 0
61 -1 -4
61 -1 -5
61 -1 -12
61 -1 -17
61 -1 -18
61 -2 -5
61 -2 -7
61 -2 -11
61 -2 -13
61 -2 -18
61 -3 0
61 -3 -3
61 -3 -10
61 -3 -12
61 -3 -13
61 -3 -17
61 -4 0
61 -4 -10
61 -4 -14
61 -4 -17
61 -5 -8
61 -5 -12
61 -6 -7
61 -6 -16
61 -6 -17
61 -6 -18
61 -7 -6
61 -7 -7
61 -7 -9
61 -8 -2
61 -8 -5
61 -8 -11
61 -8 -16
61 -8 -17
61 -9 0
61 -9 -3
61 -9 -4
61 -9 -5
61 -9 -10
61 -9 -12
61 -9 -13
61 -10 -4
61 -10 -5
61 -10 -6
61 -10 -11
61 -11 -3
61 -11 -4
61 -11 -8
61 -11 -11
61 -12 -5
61 -12 -6
61 -12 -11
61 -13 -3
61 -13 -6
61 -13 -14
61 -14 -4
61 -14 -15
61 -14 -17
61 -15 -11
61 -15 -14
61 -16 0
61 -16 -9
61 -16 -11
61 -16 -18
61 -17 -2
61 -17 -5
61 -17 -7
61 -17 -11
61 -17 -15
61 -18 -1
61 -18 -2
61 -18 -4
61 -18 -7
61 -18 -8
61 -18 -11
61 -18 -12
61 -18 -13
61 -18 -14
61 -18 -17
62 0 -3
62 0 -11
62 -1 0
62 -1 -4
62 -1 -5
62 -1 -12
62 -1 -17
62 -1 -18
62 -2 -5
62 -2 -7
62 -2 -11
62 -2 -13
62 -2 -18
62 -3 0
62 -3 -3
62 -3 -10
62 -3 -12
62 -3 -13
62 -3 -17
62 -4 0
62 -4 -10
62 -4 -14
62 -4 -17
62 -5 -8
62 -5 -12
62 -6 -7
62 -6 -16
62 -6 -17
62 -6 -18
62 -7 -6
62 -7 -7
62 -7 -9
62 -8 -2
62 -8 -5
62 -8 -11
62 -8 -16
62 -8 -17
62 -9 0
62 -9 -3
62 -9 -4
62 -9 -5
62 -9 -10
62 -9 -12
62 -9 -13
62 -10 -4
62 -10 -5
62 -10 -6
62 -10 -11
62 -11 -3
62 -11 -4
62 -11 -8
62 -11 -11
62 -12 -5
62 -12 -6
62 -12 -11
62 -13 -3
62 -13 -6
62 -13 -14
62 -14 -4
62 -14 -15
62 -14 -17
62 -15 -11
62 -15 -14
62 -16 0
62 -16 -9
62 -16 -11
62 -16 -18
62 -17 -2
62 -17 -5
62 -17 -7
62 -17 -11
62 -17 -15
62 -18 -1
62 -18 -2
62 -18 -4
62 -18 -7
62 -18 -8
62 -18 -11
62 -18 -12
62 -18 -13
62 -18 -14
62 -18 -17
63 0 -3
63 0 -11
63 -1 0
63 -1 -4
63 -1 -5
63 -1 -12
63 -1 -17
63 -1 -18
63 -2 -5
63 -2 -7
63 -2 -11
63 -2 -13
63 -2 -18
63 -3 0
63 -3 -3
63 -3 -10
63 -3 -12
63 -3 -13
63 -3 -17
63 -4 0
63 -4 -10
63 -4 -14
63 -4 -17
63 -5 -8
63 -5 -12
63 -6 -7
63 -6 -16
63 -6 -17
63 -6 -18
63 -7 -6
63 -7 -7
63 -7 -9
63 -8 -2
63 -8 -5
63 -8 -11
63 -8 -16
63 -8 -17
63 -9 0
63 -9 -3
63 -9 -4
63 -9 -5
63 -9 -10
63 -9 -12
63 -9 -13
63 -10 -4
63 -10 -5
63 -10 -6
63 -10 -11
63 -11 -3
63 -11 -4
63 -11 -8
63 -11 -11
63 -12 -5
63 -12 -6
63 -12 -11
63 -13 -3
63 -13 -6
63 -13 -14
63 -14 -4
63 -14 -15
63 -14 -17
63 -15 -11
63 -15 -14
63 -16 0
63 -16 -9
63 -16 -11
63 -16 -18
63 -17 -2
63 -17 -5
63 -17 -7
63 -17 -11
63 -17 -15
63 -18 -1
63 -18 -2
63 -18 -4
63 -18 -7
63 -18 -8
63 -18 -11
63 -18 -12
63 -18 -13
63 -18 -14
63 -18 -17
64 0 -3
64 0 -11
64 -1 0
64 -1 -4
64 -1 -5
64 -1 -12
64 -1 -17
64 -1 -18
64 -2 -5
64 -2 -7
64 -2 -11
64 -2 -13
64 -2 -18
64 -3 0
64 -3 -3
64 -3 -10
64 -3 -12
64 -3 -13
64 -3 -17
64 -4 0
64 -4 -10
64 -4 -14
64 -4 -17
64 -5 -8
64 -5 -12
64 -6 -7
64 -6 -16
64 -6 -17
64 -6 -18
64 -7 -6
64 -7 -7
64 -7 -9
64 -8 -2
64 -8 -5
64 -8 -11
64 -8 -16
64 -8 -17
64 -9 0
64 -9 -3
64 -9 -4
64 -9 -5
64 -9 -10
64 -9 -12
64 -9 -13
64 -10 -4
64 -10 -5
64 -10 -6
64 -10 -11
64 -11 -3
64 -11 -4
64 -11 -8
64 -11 -11
64 -12 -5
64 -12 -6
64 -12 -11
64 -13 -3
64 -13 -6
64 -13 -14
64 -14 -4
64 -14 -15
64 -14 -17
64 -15 -11
64 -15 -14
64 -16 0
64 -16 -9
64 -16 -11
64 -16 -18
64 -17 -2
64 -17 -5
64 -17 -7
64 -17 -11
64 -17 -15
64 -18 -1
64 -18 -2
64 -18 -4
64 -18 -7
64 -18 -8
64 -18 -11
64 -18 -12
64 -18 -13
64 -18 -14
64 -18 -17
65 0 -3
65 0 -11
65 -1 0
65 -1 -4
65 -1 -5
65 -1 -12
65 -1 -17
65 -1 -18
65 -2 -5
65 -2 -7
65 -2 -11
65 -2 -13
65 -2 -18
65 -3 0
65 -3 -3
65 -3 -10
65 -3 -12
65 -3 -13
65 -3 -17
65 -4 0
65 -4 -10
65 -4 -14
65 -4 -17
65 -5 -8
65 -5 -12
65 -6 -7
65 -6 -16
65 -6 -17
65 -6 -18
65 -7 -6
65 -7 -7
65 -7 -9
65 -8 -2
65 -8 -5
65 -8 -11
65 -8 -16
65 -8 -17
65 -9 0
65 -9 -3
65 -9 -4
65 -9 -5
65 -9 -10
65 -9 -12
65 -9 -13
65 -10 -4
65 -10 -5
65 -10 -6
65 -10 -11
65 -11 -3
65 -11 -4
65 -11 -8
65 -11 -11
65 -12 -5
65 -12 -6
65 -12 -11
65 -13 -3
65 -13 -6
65 -13 -14
65 -14 -4
65 -14 -15
65 -14 -17
65 -15 -11
65 -15 -14
65 -16 0
65 -16 -9
65 -16 -11
65 -16 -18
65 -17 -2
65 -17 -5
65 -17 -7
65 -17 -11
65 -17 -15
65 -18 -1
65 -18 -2
65 -18 -4
65 -18 -7
65 -18 -8
65 -18 -11
65 -18 -12
65 -18 -13
65 -18 -14
65 -18 -17
66 0 -3
66 0 -11
66 -1 0
66 -1 -4
66 -1 -5
66 -1 -12
66 -1 -17
66 -1 -18
66 -2 -5
66 -2 -7
66 -2 -11
66 -2 -13
66 -2 -18
66 -3 0
66 -3 -3
66 -3 -10
66 -3 -12
66 -3 -13
66 -3 -17
66 -4 0
66 -4 -10
66 -4 -14
66 -4 -17
66 -5 -8
66 -5 -12
66 -6 -7
66 -6 -16
66 -6 -17
66 -6 -18
66 -7 -6
66 -7 -7
66 -7 -9
66 -8 -2
66 -8 -5
66 -8 -11
66 -8 -16
66 -8 -17
66 -9 0
66 -9 -3
66 -9 -4
66 -9 -5
66 -9 -10
66 -9 -12
66 -9 -13
66 -10 -4
66 -10 -5
66 -10 -6
66 -10 -11
66 -11 -3
66 -11 -4
66 -11 -8
66 -11 -11
66 -12 -5
66 -12 -6
66 -12 -11
66 -13 -3
66 -13 -6
66 -13 -14
66 -14 -4
66 -14 -15
66 -14 -17
66 -15 -11
66 -15 -14
66 -16 0
66 -16 -9
66 -16 -11
66 -16 -18
66 -17 -2
66 -17 -5
66 -17 -7
66 -17 -11
66 -17 -15
66 -18 -1
66 -18 -2
66 -18 -4
66 -18 -7
66 -18 -8
66 -18 -11
66 -18 -12
66 -18 -13
66 -18 -14
66 -18 -17
67 0 -3
67 0 -11
67 -1 0
67 -1 -4
67 -1 -5
67 -1 -12
67 -1 -17
67 -1 -18
67 -2 -5
67 -2 -7
67 -2 -11
67 -2 -13
67 -2 -18
67 -3 0
67 -3 -3
67 -3 -10
67 -3 -12
67 -3 -13
67 -3 -17
67 -4 0
67 -4 -10
67 -4 -14
67 -4 -17
67 -5 -8
67 -5 -12
67 -6 -7
67 -6 -16
67 -6 -17
67 -6 -18
67 -7 -6
67 -7 -7
67 -7 -9
67 -8 -2
67 -8 -5
67 -8 -11
67 -8 -16
67 -8 -17
67 -9 0
67 -9 -3
67 -9 -4
67 -9 -5
67 -9 -10
67 -9 -12
67 -9 -13
67 -10 -4
67 -10 -5
67 -10 -6
67 -10 -11
67 -11 -3
67 -11 -4
67 -11 -8
67 -11 -11
67 -12 -5
67 -12 -6
67 -12 -11
67 -13 -3
67 -13 -6
67 -13 -14
67 -14 -4
67 -14 -15
67 -14 -17
67 -15 -11
67 -15 -14
67 -16 0
67 -16 -9
67 -16 -11
67 -16 -18
67 -17 -2
67 -17 -5
67 -17 -7
67 -17 -11
67 -17 -15
67 -18 -1
67 -18 -2
67 -18 -4
67 -18 -7
67 -18 -8
67 -18 -11
67 -18 -12
67 -18 -13
67 -18 -14
67 -18 -17
68 0 -3
68 0 -11
68 -1 0
68 -1 -4
68 -1 -5
68 -1 -12
68 -1 -17
68 -1 -18
68 -2 -5
68 -2 -7
68 -2 -11
68 -2 -13
68 -2 -18
68 -3 0
68 -3 -3
68 -3 -10
68 -3 -12
68 -3 -13
68 -3 -17
68 -4 0
68 -4 -10
68 -4 -14
68 -4 -17
68 -5 -8
68 -5 -12
68 -6 -7
68 -6 -16
68 -6 -17
68 -6 -18
68 -7 -6
68 -7 -7
68 -7 -9
68 -8 -2
68 -8 -5
68 -8 -11
68 -8 -16
68 -8 -17
68 -9 0
68 -9 -3
68 -9 -4
68 -9 -5
68 -9 -10
68 -9 -12
68 -9 -13
68 -10 -4
68 -10 -5
68 -10 -6
68 -10 -11
68 -11 -3
68 -11 -4
68 -11 -8
68 -11 -11
68 -12 -5
68 -12 -6
68 -12 -11
68 -13 -3
68 -13 -6
68 -13 -14
68 -14 -4
68 -14 -15
68 -14 -17
68 -15 -11
68 -15 -14
68 -16 0
68 -16 -9
68 -16 -11
68 -16 -18
68 -17 -2
68 -17 -5
68 -17 -7
68 -17 -11
68 -17 -15
68 -18 -1
68 -18 -2
68 -18 -4
68 -18 -7
68 -18 -8
68 -18 -11
68 -18 -12
68 -18 -13
68 -18 -14
68 -18 -17
69 0 -3
69 0 -11
69 -1 0
69 -1 -4
69 -1 -5
69 -1 -12
69 -1 -17
69 -1 -18
69 -2 -5
69 -2 -7
69 -2 -11
69 -2 -13
69 -2 -18
69 -3 0
69 -3 -3
69 -3 -10
69 -3 -12
69 -3 -13
69 -3 -17
69 -4 0
69 -4 -10
69 -4 -14
69 -4 -17
69 -5 -8
69 -5 -12
69 -6 -7
69 -6 -16
69 -6 -17
69 -6 -18
69 -7 -6
69 -7 -7
69 -7 -9
69 -8 -2
69 -8 -5
69 -8 -11
69 -8 -16
69 -8 -17
69 -9 0
69 -9 -3
69 -9 -4
69 -9 -5
69 -9 -10
69 -9 -12
69 -9 -13
69 -10 -4
69 -10 -5
69 -10 -6
69 -10 -11
69 -11 -3
69 -11 -4
69 -11 -8
69 -11 -11
69 -12 -5
69 -12 -6
69 -12 -11
69 -13 -3
69 -13 -6
69 -13 -14
69 -14 -4
69 -14 -15
69 -14 -17
69 -15 -11
69 -15 -14
69 -16 0
69 -16 -9
69 -16 -11
69 -16 -18
69 -17 -2
69 -17 -5
69 -17 -7
69 -17 -11
69 -17 -15
69 -18 -1
69 -18 -2
69 -18 -4
69 -18 -7
69 -18 -8
69 -18 -11
69 -18 -12
69 -18 -13
69 -18 -14
69 -18 -17
70 0 -3
70 0 -11
70 -1 0
70 -1 -4
70 -1 -5
70 -1 -12
70 -1 -17
70 -1 -18
70 -2 -5
70 -2 -7
70 -2 -11
70 -2 -13
70 -2 -18
70 -3 0
70 -3 -3
70 -3 -10
70 -3 -12
70 -3 -13
70 -3 -17
70 -4 0
70 -4 -10
70 -4 -14
70 -4 -17
70 -5 -8
70 -5 -12
70 -6 -7
70 -6 -16
70 -6 -17
70 -6 -18
70 -7 -6
70 -7 -7
70 -7 -9
70 -8 -2
70 -8 -5
70 -8 -11
70 -8 -16
70 -8 -17
70 -9 0
70 -9 -3
70 -9 -4
70 -9 -5
70 -9 -10
70 -9 -12
70 -9 -13
70 -10 -4
70 -10 -5
70 -10 -6
70 -10 -11
70 -11 -3
70 -11 -4
70 -11 -8
70 -11 -11
70 -12 -5
70 -12 -6
70 -12 -11
70 -13 -3
70 -13 -6
70 -13 -14
70 -14 -4
70 -14 -15
70 -14 -17
70 -15 -11
70 -15 -14
70 -16 0
70 -16 -9
70 -16 -11
70 -16 -18
70 -17 -2
70 -17 -5
70 -17 -7
70 -17 -11
70 -17 -15
70 -18 -1
70 -18 -2
70 -18 -4
70 -18 -7
70 -18 -8
70 -18 -11
70 -18 -12
70 -18 -13
70 -18 -14
70 -18 -17
71 0 -3
71 0 -11
71 -1 0
71 -1 -4
71 -1 -5
71 -1 -12
71 -1 -17
71 -1 -18
71 -2 -5
71 -2 -7
71 -2 -11
71 -2 -13
71 -2 -18
71 -3 0
71 -3 -3
71 -3 -10
71 -3 -12
71 -3 -13
71 -3 -17
71 -4 0
71 -4 -10
71 -4 -14
71 -4 -17
71 -5 -8
71 -5 -12
71 -6 -7
71 -6 -16
71 -6 -17
71 -6 -18
71 -7 -6
71 -7 -7
71 -7 -9
71 -8 -2
71 -8 -5
71 -8 -11
71 -8 -16
71 -8 -17
71 -9 0
71 -9 -3
71 -9 -4
71 -9 -5
71 -9 -10
71 -9 -12
71 -9 -13
71 -10 -4
71 -10 -5
71 -10 -6
71 -10 -11
71 -11 -3
71 -11 -4
71 -11 -8
71 -11 -11
71 -12 -5
71 -12 -6
71 -12 -11
71 -13 -3
71 -13 -6
71 -13 -14
71 -14 -4
71 -14 -15
71 -14 -17
71 -15 -11
71 -15 -14
71 -16 0
71 -16 -9
71 -16 -11
71 -16 -18
71 -17 -2
71 -17 -5
71 -17 -7
71 -17 -11
71 -17 -15
71 -18 -1
71 -18 -2
71 -18 -4
71 -18 -7
71 -18 -8
71 -18 -11
71 -18 -12
71 -18 -13
71 -18 -14
71 -18 -17
72 0 -3
72 0 -11
72 -1 0
72 -1 -4
72 -1 -5
72 -1 -12
72 -1 -17
72 -1 -18
72 -2 -5
72 -2 -7
72 -2 -11
72 -2 -13
72 -2 -18
72 -3 0
72 -3 -3
72 -3 -10
72 -3 -12
72 -3 -13
72 -3 -17
72 -4 0
72 -4 -10
72 -4 -14
72 -4 -17
72 -5 -8
72 -5 -12
72 -6 -7
72 -6 -16
72 -6 -17
72 -6 -18
72 -7 -6
72 -7 -7
72 -7 -9
72 -8 -2
72 -8 -5
72 -8 -11
72 -8 -16
72 -8 -17
72 -9 0
72 -9 -3
72 -9 -4
72 -9 -5
72 -9 -10
72 -9 -12
72 -9 -13
72 -10 -4
72 -10 -5
72 -10 -6
72 -10 -11
72 -11 -3
72 -11 -4
72 -11 -8
72 -11 -11
72 -12 -5
72 -12 -6
72 -12 -11
72 -13 -3
72 -13 -6
72 -13 -14
72 -14 -4
72 -14 -15
72 -14 -17
72 -15 -11
72 -15 -14
72 -16 0
72 -16 -9
72 -16 -11
72 -16 -18
72 -17 -2
72 -17 -5
72 -17 -7
72 -17 -11
72 -17 -15
72 -18 -1
72 -18 -2
72 -18 -4
72 -18 -7
72 -18 -8
72 -18 -11
72 -18 -12
72 -18 -13
72 -18 -14
72 -18 -17
73 0 -3
73 0 -11
73 -1 0
73 -1 -4
73 -1 -5
73 -1 -12
73 -1 -17
73 -1 -18
73 -2 -5
73 -2 -7
73 -2 -11
73 -2 -13
73 -2 -18
73 -3 0
73 -3 -3
73 -3 -10
73 -3 -12
73 -3 -13
73 -3 -17
73 -4 0
73 -4 -10
73 -4 -14
73 -4 -17
73 -5 -8
73 -5 -12
73 -6 -7
73 -6 -16
73 -6 -17
73 -6 -18
73 -7 -6
73 -7 -7
73 -7 -9
73 -8 -2
73 -8 -5
73 -8 -11
73 -8 -16
73 -8 -17
73 -9 0
73 -9 -3
73 -9 -4
73 -9 -5
73 -9 -10
73 -9 -12
73 -9 -13
73 -10 -4
73 -10 -5
73 -10 -6
73 -10 -11
73 -11 -3
73 -11 -4
73 -11 -8
73 -11 -11
73 -12 -5
73 -12 -6
73 -12 -11
73 -13 -3
73 -13 -6
73 -13 -14
73 -14 -4
73 -14 -15
73 -14 -17
73 -15 -11
73 -15 -14
73 -16 0
73 -16 -9
73 -16 -11
73 -16 -18
73 -17 -2
73 -17 -5
73 -17 -7
73 -17 -11
73 -17 -15
73 -18 -1
73 -18 -2
73 -18 -4
73 -18 -7
73 -18 -8
73 -18 -11
73 -18 -12
73 -18 -13
73 -18 -14
73 -18 -17
74 0 -3
74 0 -11
74 -1 0
74 -1 -4
74 -1 -5
74 -1 -12
74 -1 -17
74 -1 -18
74 -2 -5
74 -2 -7
74 -2 -11
74 -2 -13
74 -2 -18
74 -3 0
74 -3 -3
74 -3 -10
74 -3 -12
74 -3 -13
74 -3 -17
74 -4 0
74 -4 -10
74 -4 -14
74 -4 -17
74 -5 -8
74 -5 -12
74 -6 -7
74 -6 -16
74 -6 -17
74 -6 -18
74 -7 -6
74 -7 -7
74 -7 -9
74 -8 -2
74 -8 -5
74 -8 -11
74 -8 -16
74 -8 -17
74 -9 0
74 -9 -3
74 -9 -4
74 -9 -5
74 -9 -10
74 -9 -12
74 -9 -13
74 -10 -4
74 -10 -5
74 -10 -6
74 -10 -11
74 -11 -3
74 -11 -4
74 -11 -8
74 -11 -11
74 -12 -5
74 -12 -6
74 -12 -11
74 -13 -3
74 -13 -6
74 -13 -14
74 -14 -4
74 -14 -15
74 -14 -17
74 -15 -11
74 -15 -14
74 -16 0
74 -16 -9
74 -16 -11
74 -16 -18
74 -17 -2
74 -17 -5
74 -17 -7
74 -17 -11
74 -17 -15
74 -18 -1
74 -18 -2
74 -18 -4
74 -18 -7
74 -18 -8
74 -18 -11
74 -18 -12
74 -18 -13
74 -18 -14
74 -18 -17
75 0 -3
75 0 -11
75 -1 0
75 -1 -4
75 -1 -5
75 -1 -12
75 -1 -17
75 -1 -18
75 -2 -5
75 -2 -7
75 -2 -11
75 -2 -13
75 -2 -18
75 -3 0
75 -3 -3
75 -3 -10
75 -3 -12
75 -3 -13
75 -3 -17
75 -4 0
75 -4 -10
75 -4 -14
75 -4 -17
75 -5 -8
75 -5 -12
75 -6 -7
75 -6 -16
75 -6 -17
75 -6 -18
75 -7 -6
75 -7 -7
75 -7 -9
75 -8 -2
75 -8 -5
75 -8 -11
75 -8 -16
75 -8 -17
75 -9 0
75 -9 -3
75 -9 -4
75 -9 -5
75 -9 -10
75 -9 -12
75 -9 -13
75 -10 -4
75 -10 -5
75 -10 -6
75 -10 -11
75 -11 -3
75 -11 -4
75 -11 -8
75 -11 -11
75 -12 -5
75 -12 -6
75 -12 -11
75 -13 -3
75 -13 -6
75 -13 -14
75 -14 -4
75 -14 -15
75 -14 -17
75 -15 -11
75 -15 -14
75 -16 0
75 -16 -9
75 -16 -11
75 -16 -18
75 -17 -2
75 -17 -5
75 -17 -7
75 -17 -11
75 -17 -15
75 -18 -1
75 -18 -2
75 -18 -4
75 -18 -7
75 -18 -8
75 -18 -11
75 -18 -12
75 -18 -13
75 -18 -14
75 -18 -17
76 0 -3
76 0 -11
76 -1 0
76 -1 -4
76 -1 -5
76 -1 -12
76 -1 -17
76 -1 -18
76 -2 -5
76 -2 -7
76 -2 -11
76 -2 -13
76 -2 -18
76 -3 0
76 -3 -3
76 -3 -10
76 -3 -12
76 -3 -13
76 -3 -17
76 -4 0
76 -4 -10
76 -4 -14
76 -4 -17
76 -5 -8
76 -5 -12
76 -6 -7
76 -6 -16
76 -6 -17
76 -6 -18
76 -7 -6
76 -7 -7
76 -7 -9
76 -8 -2
76 -8 -5
76 -8 -11
76 -8 -16
76 -8 -17
76 -9 0
76 -9 -3
76 -9 -4
76 -9 -5
76 -9 -10
76 -9 -12
76 -9 -13
76 -10 -4
76 -10 -5
76 -10 -6
76 -10 -11
76 -11 -3
76 -11 -4
76 -11 -8
76 -11 -11
76 -12 -5
76 -12 -6
76 -12 -11
76 -13 -3
76 -13 -6
76 -13 -14
76 -14 -4
76 -14 -15
76 -14 -17
76 -15 -11
76 -15 -14
76 -16 0
76 -16 -9
76 -16 -11
76 -16 -18
76 -17 -2
76 -17 -5
76 -17 -7
76 -17 -11
76 -17 -15
76 -18 -1
76 -18 -2
76 -18 -4
76 -18 -7
76 -18 -8
76 -18 -11
76 -18 -12
76 -18 -13
76 -18 -14
76 -18 -17
77 0 -3
77 0 -11
77 -1 0
77 -1 -4
77 -1 -5
77 -1 -12
77 -1 -17
77 -1 -18
77 -2 -5
77 -2 -7
77 -2 -11
77 -2 -13
77 -2 -18
77 -3 0
77 -3 -3
77 -3 -10
77 -3 -12
77 -3 -13
77 -3 -17
77 -4 0
77 -4 -10
77 -4 -14
77 -4 -17
77 -5 -8
77 -5 -12
77 -6 -7
77 -6 -16
77 -6 -17
77 -6 -18
77 -7 -6
77 -7 -7
77 -7 -9
77 -8 -2
77 -8 -5
77 -8 -11
77 -8 -16
77 -8 -17
77 -9 0
77 -9 -3
77 -9 -4
77 -9 -5
77 -9 -10
77 -9 -12
77 -9 -13
77 -10 -4
77 -10 -5
77 -10 -6
77 -10 -11
77 -11 -3
77 -11 -4
77 -11 -8
77 -11 -11
77 -12 -5
77 -12 -6
77 -12 -11
77 -13 -3
77 -13 -6
77 -13 -14
77 -14 -4
77 -14 -15
77 -14 -17
77 -15 -11
77 -15 -14
77 -16 0
77 -16 -9
77 -16 -11
77 -16 -18
77 -17 -2
77 -17 -5
77 -17 -7
77 -17 -11
77 -17 -15
77 -18 -1
77 -18 -2
77 -18 -4
77 -18 -7
77 -18 -8
77 -18 -11
77 -18 -12
77 -18 -13
77 -18 -14
77 -18 -17
78 0 -3
78 0 -11
78 -1 0
78 -1 -4
78 -1 -5
78 -1 -12
78 -1 -17
78 -1 -18
78 -2 -5
78 -2 -7
78 -2 -11
78 -2 -13
78 -2 -18
78 -3 0
78 -3 -3
78 -3 -10
78 -3 -12
78 -3 -13
78 -3 -17
78 -4 0
78 -4 -10
78 -4 -14
78 -4 -17
78 -5 -8
78 -5 -12
78 -6 -7
78 -6 -16
78 -6 -17
78 -6 -18
78 -7 -6
78 -7 -7
78 -7 -9
78 -8 -2
78 -8 -5
78 -8 -11
78 -8 -16
78 -8 -17
78 -9 0
78 -9 -3
78 -9 -4
78 -9 -5
78 -9 -10
78 -9 -12
78 -9 -13
78 -10 -4
78 -10 -5
78 -10 -6
78 -10 -11
78 -11 -3
78 -11 -4
78 -11 -8
78 -11 -11
78 -12 -5
78 -12 -6
78 -12 -11
78 -13 -3
78 -13 -6
78 -13 -14
78 -14 -4
78 -14 -15
78 -14 -17
78 -15 -11
78 -15 -14
78 -16 0
78 -16 -9
78 -16 -11
78 -16 -18
78 -17 -2
78 -17 -5
78 -17 -7
78 -17 -11
78 -17 -15
78 -18 -1
78 -18 -2
78 -18 -4
78 -18 -7
78 -18 -8
78 -18 -11
78 -18 -12
78 -18 -13
78 -18 -14
78 -18 -17
79 0 -3
79 0 -11
79 -1 0
79 -1 -4
79 -1 -5
79 -1 -12
79 -1 -17
79 -1 -18
79 -2 -5
79 -2 -7
79 -2 -11
79 -2 -13
79 -2 -18
79 -3 0
79 -3 -3
79 -3 -10
79 -3 -12
79 -3 -13
79 -3 -17
79 -4 0
79 -4 -10
79 -4 -14
79 -4 -17
79 -5 -8
79 -5 -12
79 -6 -7
79 -6 -16
79 -6 -17
79 -6 -18
79 -7 -6
79 -7 -7
79 -7 -9
79 -8 -2
79 -8 -5
79 -8 -11
79 -8 -16
79 -8 -17
79 -9 0
79 -9 -3
79 -9 -4
79 -9 -5
79 -9 -10
79 -9 -12
79 -9 -13
79 -10 -4
79 -10 -5
79 -10 -6
79 -10 -11
79 -11 -3
79 -11 -4
79 -11 -8
79 -11 -11
79 -12 -5
79 -12 -6
79 -12 -11
79 -13 -3
79 -13 -6
79 -13 -14
79 -14 -4
79 -14 -15
79 -14 -17
79 -15 -11
79 -15 -14
79 -16 0
79 -16 -9
79 -16 -11
79 -16 -18
79 -17 -2
79 -17 -5
79 -17 -7
79 -17 -11
79 -17 -15
79 -18 -1
79 -18 -2
79 -18 -4
79 -18 -7
79 -18 -8
79 -18 -11
79 -18 -12
79 -18 -13
79 -18 -14
79 -18 -17
80 0 -3
80 0 -11
80 -1 0
80 -1 -4
80 -1 -5
80 -1 -12
80 -1 -17
80 -1 -18
80 -2 -5
80 -2 -7
80 -2 -11
80 -2 -13
80 -2 -18
80 -3 0
80 -3 -3
80 -3 -10
80 -3 -12
80 -3 -13
80 -3 -17
80 -4 0
80 -4 -10
80 -4 -14
80 -4 -17
80 -5 -8
80 -5 -12
80 -6 -7
80 -6 -16
80 -6 -17
80 -6 -18
80 -7 -6
80 -7 -7
80 -7 -9
80 -8 -2
80 -8 -5
80 -8 -11
80 -8 -16
80 -8 -17
80 -9 0
80 -9 -3
80 -9 -4
80 -9 -5
80 -9 -10
80 -9 -12
80 -9 -13
80 -10 -4
80 -10 -5
80 -10 -6
80 -10 -11
80 -11 -3
80 -11 -4
80 -11 -8
80 -11 -11
80 -12 -5
80 -12 -6
80 -12 -11
80 -13 -3
80 -13 -6
80 -13 -14
80 -14 -4
80 -14 -15
80 -14 -17
80 -15 -11
80 -15 -14
80 -16 0
80 -16 -9
80 -16 -11
80 -16 -18
80 -17 -2
80 -17 -5
80 -17 -7
80 -17 -11
80 -17 -15
80 -18 -1
80 -18 -2
80 -18 -4
80 -18 -7
80 -18 -8
80 -18 -11
80 -18 -12
80 -18 -13
80 -18 -14
80 -18 -17
81 0 -3
81 0 -11
81 -1 0
81 -1 -4
81 -1 -5
81 -1 -12
81 -1 -17
81 -1 -18
81 -2 -5
81 -2 -7
81 -2 -11
81 -2 -13
81 -2 -18
81 -3 0
81 -3 -3
81 -3 -10
81 -3 -12
81 -3 -13
81 -3 -17
81 -4 0
81 -4 -10
81 -4 -14
81 -4 -17
81 -5 -8
81 -5 -12
81 -6 -7
81 -6 -16
81 -6 -17
81 -6 -18
81 -7 -6
81 -7 -7
81 -7 -9
81 -8 -2
81 -8 -5
81 -8 -11
81 -8 -16
81 -8 -17
81 -9 0
81 -9 -3
81 -9 -4
81 -9 -5
81 -9 -10
81 -9 -12
81 -9 -13
81 -10 -4
81 -10 -5
81 -10 -6
81 -10 -11
81 -11 -3
81 -11 -4
81 -11 -8
81 -11 -11
81 -12 -5
81 -12 -6
81 -12 -11
81 -13 -3
81 -13 -6
81 -13 -14
81 -14 -4
81 -14 -15
81 -14 -17
81 -15 -11
81 -15 -14
81 -16 0
81 -16 -9
81 -16 -11
81 -16 -18
81 -17 -2
81 -17 -5
81 -17 -7
81 -17 -11
81 -17 -15
81 -18 -1
81 -18 -2
81 -18 -4
81 -18 -7
81 -18 -8
81 -18 -11
81 -18 -12
81 -18 -13
81 -18 -14
81 -18 -17
-1 -1 -1
40
73
20
46
80
44
39
79
5
72
55
69
22
53
27
35
52
42
38
25
33
34
57
74
13
64
2
37
6
17
9
81
10
66
70
11
78
12
50
59
56
58
60
65
29
3
45
51
62
31
77
16
47
0
36
61
23
24
48
4
68
19
15
30
1
71
7
14
41
76
43
21
32
8
75
67
54
26
63
28
18
49
  0.062835 seconds (166.35 k allocations: 5.523 MiB)
