950 0 0 0 0 0 0 0 0 0 0 0 0 0 0 0 0 0 0 0 0 0 0 0 0 0 0 0 0 0 0 0 0 0 0 0 0 0 0 0 0 0 0 0 0
0 0 0 0 0 0 0 0 0 0 0 0 0 0 0 0 0 0 0 0 0 0 0 0 0 0 0 0 0 0 0 0 0 0 0 0 0 0 0 0 0 0 0 0 0
0 0 0 0 0 0 0 0 0 0 0 0 0 0 0 0 0 0 0 0 0 0 0 0 0 0 0 0 0 0 0 0 0 0 0 0 0 0 0 0 0 0 0 0 0
0 0 0 0 0 0 0 0 0 0 0 0 0 0 0 0 0 0 0 0 0 0 0 0 0 0 0 0 0 0 0 0 0 0 0 0 0 0 0 0 0 0 0 0 0
0 0 0 0 0 0 0 0 0 0 0 0 0 0 0 0 0 0 0 0 0 0 0 0 0 0 0 0 0 0 0 0 0 0 0 0 0 0 0 0 0 0 0 0 0
0 0 0 0 0 0 0 0 0 0 0 0 0 0 0 0 0 0 0 0 0 0 0 0 0 0 0 0 0 0 0 0 0 0 0 0 0 0 0 0 0 0 0 0 0
0 0 0 0 0 0 0 0 0 0 0 0 0 0 0 0 0 0 0 0 0 0 0 0 0 0 0 0 0 0 0 0 0 0 0 0 0 0 0 0 0 0 0 0 0
0 0 0 0 0 0 0 0 0 0 0 0 0 0 0 0 0 0 0 0 0 0 0 0 0 0 0 0 0 0 0 0 0 0 0 0 0 0 0 0 0 0 0 0 0
0 0 0 0 0 0 0 0 0 0 0 0 0 0 0 0 0 0 0 0 0 0 0 0 0 0 0 0 0 0 0 0 0 0 0 0 0 0 0 0 0 0 0 0 0
0 0 0 0 0 0 0 0 0 0 0 0 0 0 0 0 0 0 0 0 0 0 0 0 0 0 0 0 0 0 0 0 0 0 0 0 0 0 0 0 0 0 0 0 0
0 0 0 0 0 0 0 0 0 0 0 0 0 0 0 0 0 0 0 0 0 0 0 0 0 0 0 0 0 0 0 0 0 0 0 0 0 0 0 0 0 0 0 0 0
0 0 0 0 0 0 0 0 0 0 0 0 0 0 0 0 0 0 0 0 0 0 0 0 0 0 0 0 0 0 0 0 0 0 0 0 0 0 0 0 0 0 0 0 0
0 0 0 0 0 0 0 0 0 0 0 0 0 0 0 0 0 0 0 0 0 0 0 0 0 0 0 0 0 0 0 0 0 0 0 0 0 0 0 0 0 0 0 0 0
0 0 0 0 0 0 0 0 0 0 0 0 0 0 0 0 0 0 0 0 0 0 0 0 0 0 0 0 0 0 0 0 0 0 0 0 0 0 0 0 0 0 0 0 0
0 0 0 0 0 0 0 0 0 0 0 0 0 0 0 0 0 0 0 0 0 0 0 0 0 0 0 0 0 0 0 0 0 0 0 0 0 0 0 0 0 0 0 0 0
0 0 0 0 0 0 0 0 0 0 0 0 0 0 0 0 0 0 0 0 0 0 0 0 0 0 0 0 0 0 0 0 0 0 0 0 0 0 0 0 0 0 0 0 0
0 0 0 0 0 0 0 0 0 0 0 0 0 0 0 0 0 0 0 0 0 0 0 0 0 0 0 0 0 0 0 0 0 0 0 0 0 0 0 0 0 0 0 0 0
0 0 0 0 0 0 0 0 0 0 0 0 0 0 0 0 0 0 0 0 0 0 0 0 0 0 0 0 0 0 0 0 0 0 0 0 0 0 0 0 0 0 0 0 0
0 0 0 0 0 0 0 0 0 0 0 0 0 0 0 0 0 0 0 0 0 0 0 0 0 0 0 0 0 0 0 0 0 0 0 0 0 0 0 0 0 0 0 0 0
0 0 0 0 0 0 0 0 0 0 0 0 0 0 0 0 0 0 0 0 0 0 0 0 0 0 0 0 0 0 0 0 0 0 0 0 0 0 0 0 0 0 0 0 0
0 0 0 0 0 0 0 0 0 0 0 0 0 0 0 0 0 0 0 0 0 0 0 0 0 0 0 0 0 0 0 0 0 0 0 0 0 0 0 0 0 0 0 0 0
0 0 0 0 0 0 0 0 0 0 0 0 0 0 0 0 0 0 0 0 0 0 0 0 0 0 0 0 0 0 0 0 0 0 0 0 0 0 0 0 0 0 0 0 0
0 0 0 0 0 0 0 0 0 0 0 0 0 0 0 0 0 0 0 0 0 0 0 0 0 0 0 0 0 0 0 0 0 0 0 0 0 0 0 0 0 0 0 0 0
0 0 0 0 0 0 0 0 0 0 0 0 0 0 0 0 0 0 0 0 0 0 0 0 0 0 0 0 0 0 0 0 0 0 0 0 0 0 0 0 0 0 0 0 0
0 0 0 0 0 0 0 0 0 0 0 0 0 0 0 0 0 0 0 0 0 0 0 0 0 0 0 0 0 0 0 0 0 0 0 0 0 0 0 0 0 0 0 0 0
0 0 0 0 0 0 0 0 0 0 0 0 0 0 0 0 0 0 0 0 0 0 0 0 0 0 0 0 0 0 0 0 0 0 0 0 0 0 0 0 0 0 0 0 0
0 0 0 0 0 0 0 0 0 0 0 0 0 0 0 0 0 0 0 0 0 0 0 0 0 0 0 0 0 0 0 0 0 0 0 0 0 0 0 0 0 0 0 0 0
0 0 0 0 0 0 0 0 0 0 0 0 0 0 0 0 0 0 0 0 0 0 0 0 0 0 0 0 0 0 0 0 0 0 0 0 0 0 0 0 0 0 0 0 0
0 0 0 0 0 0 0 0 0 0 0 0 0 0 0 0 0 0 0 0 0 0 0 0 0 0 0 0 0 0 0 0 0 0 0 0 0 0 0 0 0 0 0 0 0
0 0 0 0 0 0 0 0 0 0 0 0 0 0 0 0 0 0 0 0 0 0 0 0 0 0 0 0 0 0 0 0 0 0 0 0 0 0 0 0 0 0 0 0 0
0 0 0 0 0 0 0 0 0 0 0 0 0 0 0 0 0 0 0 0 0 0 0 0 0 0 0 0 0 0 0 0 0 0 0 0 0 0 0 0 0 0 0 0 0
0 0 0 0 0 0 0 0 0 0 0 0 0 0 0 0 0 0 0 0 0 0 0 0 0 0 0 0 0 0 0 0 0 0 0 0 0 0 0 0 0 0 0 0 0
0 0 0 0 0 0 0 0 0 0 0 0 0 0 0 0 0 0 0 0 0 0 0 0 0 0 0 0 0 0 0 0 0 0 0 0 0 0 0 0 0 0 0 0 0
0 0 0 0 0 0 0 0 0 0 0 0 0 0 0 0 0 0 0 0 0 0 0 0 0 0 0 0 0 0 0 0 0 0 0 0 0 0 0 0 0 0 0 0 0
0 0 0 0 0 0 0 0 0 0 0 0 0 0 0 0 0 0 0 0 0 0 0 0 0 0 0 0 0 0 0 0 0 0 0 0 0 0 0 0 0 0 0 0 0
0 0 0 0 0 0 0 0 0 0 0 0 0 0 0 0 0 0 0 0 0 0 0 0 0 0 0 0 0 0 0 0 0 0 0 0 0 0 0 0 0 0 0 0 0
0 0 0 0 0 0 0 0 0 0 0 0 0 0 0 0 0 0 0 0 0 0 0 0 0 0 0 0 0 0 0 0 0 0 0 0 0 0 0 0 0 0 0 0 0
0 0 0 0 0 0 0 0 0 0 0 0 0 0 0 0 0 0 0 0 0 0 0 0 0 0 0 0 0 0 0 0 0 0 0 0 0 0 0 0 0 0 0 0 0
0 0 0 0 0 0 0 0 0 0 0 0 0 0 0 0 0 0 0 0 0 0 0 0 0 0 0 0 0 0 0 0 0 0 0 0 0 0 0 0 0 0 0 0 0
0 0 0 0 0 0 0 0 0 0 0 0 0 0 0 0 0 0 0 0 0 0 0 0 0 0 0 0 0 0 0 0 0 0 0 0 0 0 0 0 0 0 0 0 0
0 0 0 0 0 0 0 0 0 0 0 0 0 0 0 0 0 0 0 0 0 0 0 0 0 0 0 0 0 0 0 0 0 0 0 0 0 0 0 0 0 0 0 0 0
0 0 0 0 0 0 0 0 0 0 0 0 0 0 0 0 0 0 0 0 0 0 0 0 0 0 0 0 0 0 0 0 0 0 0 0 0 0 0 0 0 0 0 0 0
0 0 0 0 0 0 0 0 0 0 0 0 0 0 0 0 0 0 0 0 0 0 0 0 0 0 0 0 0 0 0 0 0 0 0 0 0 0 0 0 0 0 0 0 0
0 0 0 0 0 0 0 0 0 0 0 0 0 0 0 0 0 0 0 0 0 0 0 0 0 0 0 0 0 0 0 0 0 0 0 0 0 0 0 0 0 0 0 0 0
0 0 0 0 0 0 0 0 0 0 0 0 0 0 0 0 0 0 0 0 0 0 0 0 0 0 0 0 0 0 0 0 0 0 0 0 0 0 0 0 0 0 0 0 0
0 0 -1
0 -3 -20
0 -4 -23
0 -5 -9
0 -5 -34
0 -6 -11
0 -6 -13
0 -6 -38
0 -8 -12
0 -8 -25
0 -8 -28
0 -8 -36
0 -9 0
0 -9 -10
0 -10 -43
0 -11 -6
0 -11 -18
0 -11 -40
0 -12 -40
0 -14 -21
0 -14 -24
0 -14 -28
0 -14 -42
0 -15 -25
0 -15 -36
0 -16 -9
0 -16 -19
0 -16 -41
0 -16 -42
0 -17 -40
0 -19 -1
0 -20 -30
0 -21 -4
0 -22 -4
0 -22 -11
0 -22 -33
0 -22 -39
0 -22 -43
0 -23 -9
0 -23 -23
0 -24 -22
0 -24 -39
0 -25 -27
0 -26 -22
0 -27 -19
0 -27 -28
0 -28 -25
0 -28 -29
0 -30 -9
0 -31 -3
0 -31 -6
0 -31 -31
0 -32 -43
0 -33 -44
0 -34 -37
0 -34 -42
0 -35 -18
0 -35 -31
0 -36 -11
0 -36 -16
0 -36 -27
0 -36 -41
0 -37 -3
0 -38 -6
0 -38 -9
0 -38 -15
0 -38 -43
0 -40 -5
0 -40 -8
0 -41 -22
0 -41 -30
0 -42 -42
0 -43 -37
0 -44 -8
0 -44 -20
0 -44 -26
1 0 -1
1 -3 -20
1 -4 -23
1 -5 -9
1 -5 -34
1 -6 -11
1 -6 -13
1 -6 -38
1 -8 -12
1 -8 -25
1 -8 -28
1 -8 -36
1 -9 0
1 -9 -10
1 -10 -43
1 -11 -6
1 -11 -18
1 -11 -40
1 -12 -40
1 -14 -21
1 -14 -24
1 -14 -28
1 -14 -42
1 -15 -25
1 -15 -36
1 -16 -9
1 -16 -19
1 -16 -41
1 -16 -42
1 -17 -40
1 -19 -1
1 -20 -30
1 -21 -4
1 -22 -4
1 -22 -11
1 -22 -33
1 -22 -39
1 -22 -43
1 -23 -9
1 -23 -23
1 -24 -22
1 -24 -39
1 -25 -27
1 -26 -22
1 -27 -19
1 -27 -28
1 -28 -25
1 -28 -29
1 -30 -9
1 -31 -3
1 -31 -6
1 -31 -31
1 -32 -43
1 -33 -44
1 -34 -37
1 -34 -42
1 -35 -18
1 -35 -31
1 -36 -11
1 -36 -16
1 -36 -27
1 -36 -41
1 -37 -3
1 -38 -6
1 -38 -9
1 -38 -15
1 -38 -43
1 -40 -5
1 -40 -8
1 -41 -22
1 -41 -30
1 -42 -42
1 -43 -37
1 -44 -8
1 -44 -20
1 -44 -26
2 0 -1
2 -3 -20
2 -4 -23
2 -5 -9
2 -5 -34
2 -6 -11
2 -6 -13
2 -6 -38
2 -8 -12
2 -8 -25
2 -8 -28
2 -8 -36
2 -9 0
2 -9 -10
2 -10 -43
2 -11 -6
2 -11 -18
2 -11 -40
2 -12 -40
2 -14 -21
2 -14 -24
2 -14 -28
2 -14 -42
2 -15 -25
2 -15 -36
2 -16 -9
2 -16 -19
2 -16 -41
2 -16 -42
2 -17 -40
2 -19 -1
2 -20 -30
2 -21 -4
2 -22 -4
2 -22 -11
2 -22 -33
2 -22 -39
2 -22 -43
2 -23 -9
2 -23 -23
2 -24 -22
2 -24 -39
2 -25 -27
2 -26 -22
2 -27 -19
2 -27 -28
2 -28 -25
2 -28 -29
2 -30 -9
2 -31 -3
2 -31 -6
2 -31 -31
2 -32 -43
2 -33 -44
2 -34 -37
2 -34 -42
2 -35 -18
2 -35 -31
2 -36 -11
2 -36 -16
2 -36 -27
2 -36 -41
2 -37 -3
2 -38 -6
2 -38 -9
2 -38 -15
2 -38 -43
2 -40 -5
2 -40 -8
2 -41 -22
2 -41 -30
2 -42 -42
2 -43 -37
2 -44 -8
2 -44 -20
2 -44 -26
3 0 -1
3 -3 -20
3 -4 -23
3 -5 -9
3 -5 -34
3 -6 -11
3 -6 -13
3 -6 -38
3 -8 -12
3 -8 -25
3 -8 -28
3 -8 -36
3 -9 0
3 -9 -10
3 -10 -43
3 -11 -6
3 -11 -18
3 -11 -40
3 -12 -40
3 -14 -21
3 -14 -24
3 -14 -28
3 -14 -42
3 -15 -25
3 -15 -36
3 -16 -9
3 -16 -19
3 -16 -41
3 -16 -42
3 -17 -40
3 -19 -1
3 -20 -30
3 -21 -4
3 -22 -4
3 -22 -11
3 -22 -33
3 -22 -39
3 -22 -43
3 -23 -9
3 -23 -23
3 -24 -22
3 -24 -39
3 -25 -27
3 -26 -22
3 -27 -19
3 -27 -28
3 -28 -25
3 -28 -29
3 -30 -9
3 -31 -3
3 -31 -6
3 -31 -31
3 -32 -43
3 -33 -44
3 -34 -37
3 -34 -42
3 -35 -18
3 -35 -31
3 -36 -11
3 -36 -16
3 -36 -27
3 -36 -41
3 -37 -3
3 -38 -6
3 -38 -9
3 -38 -15
3 -38 -43
3 -40 -5
3 -40 -8
3 -41 -22
3 -41 -30
3 -42 -42
3 -43 -37
3 -44 -8
3 -44 -20
3 -44 -26
4 0 -1
4 -3 -20
4 -4 -23
4 -5 -9
4 -5 -34
4 -6 -11
4 -6 -13
4 -6 -38
4 -8 -12
4 -8 -25
4 -8 -28
4 -8 -36
4 -9 0
4 -9 -10
4 -10 -43
4 -11 -6
4 -11 -18
4 -11 -40
4 -12 -40
4 -14 -21
4 -14 -24
4 -14 -28
4 -14 -42
4 -15 -25
4 -15 -36
4 -16 -9
4 -16 -19
4 -16 -41
4 -16 -42
4 -17 -40
4 -19 -1
4 -20 -30
4 -21 -4
4 -22 -4
4 -22 -11
4 -22 -33
4 -22 -39
4 -22 -43
4 -23 -9
4 -23 -23
4 -24 -22
4 -24 -39
4 -25 -27
4 -26 -22
4 -27 -19
4 -27 -28
4 -28 -25
4 -28 -29
4 -30 -9
4 -31 -3
4 -31 -6
4 -31 -31
4 -32 -43
4 -33 -44
4 -34 -37
4 -34 -42
4 -35 -18
4 -35 -31
4 -36 -11
4 -36 -16
4 -36 -27
4 -36 -41
4 -37 -3
4 -38 -6
4 -38 -9
4 -38 -15
4 -38 -43
4 -40 -5
4 -40 -8
4 -41 -22
4 -41 -30
4 -42 -42
4 -43 -37
4 -44 -8
4 -44 -20
4 -44 -26
5 0 -1
5 -3 -20
5 -4 -23
5 -5 -9
5 -5 -34
5 -6 -11
5 -6 -13
5 -6 -38
5 -8 -12
5 -8 -25
5 -8 -28
5 -8 -36
5 -9 0
5 -9 -10
5 -10 -43
5 -11 -6
5 -11 -18
5 -11 -40
5 -12 -40
5 -14 -21
5 -14 -24
5 -14 -28
5 -14 -42
5 -15 -25
5 -15 -36
5 -16 -9
5 -16 -19
5 -16 -41
5 -16 -42
5 -17 -40
5 -19 -1
5 -20 -30
5 -21 -4
5 -22 -4
5 -22 -11
5 -22 -33
5 -22 -39
5 -22 -43
5 -23 -9
5 -23 -23
5 -24 -22
5 -24 -39
5 -25 -27
5 -26 -22
5 -27 -19
5 -27 -28
5 -28 -25
5 -28 -29
5 -30 -9
5 -31 -3
5 -31 -6
5 -31 -31
5 -32 -43
5 -33 -44
5 -34 -37
5 -34 -42
5 -35 -18
5 -35 -31
5 -36 -11
5 -36 -16
5 -36 -27
5 -36 -41
5 -37 -3
5 -38 -6
5 -38 -9
5 -38 -15
5 -38 -43
5 -40 -5
5 -40 -8
5 -41 -22
5 -41 -30
5 -42 -42
5 -43 -37
5 -44 -8
5 -44 -20
5 -44 -26
6 0 -1
6 -3 -20
6 -4 -23
6 -5 -9
6 -5 -34
6 -6 -11
6 -6 -13
6 -6 -38
6 -8 -12
6 -8 -25
6 -8 -28
6 -8 -36
6 -9 0
6 -9 -10
6 -10 -43
6 -11 -6
6 -11 -18
6 -11 -40
6 -12 -40
6 -14 -21
6 -14 -24
6 -14 -28
6 -14 -42
6 -15 -25
6 -15 -36
6 -16 -9
6 -16 -19
6 -16 -41
6 -16 -42
6 -17 -40
6 -19 -1
6 -20 -30
6 -21 -4
6 -22 -4
6 -22 -11
6 -22 -33
6 -22 -39
6 -22 -43
6 -23 -9
6 -23 -23
6 -24 -22
6 -24 -39
6 -25 -27
6 -26 -22
6 -27 -19
6 -27 -28
6 -28 -25
6 -28 -29
6 -30 -9
6 -31 -3
6 -31 -6
6 -31 -31
6 -32 -43
6 -33 -44
6 -34 -37
6 -34 -42
6 -35 -18
6 -35 -31
6 -36 -11
6 -36 -16
6 -36 -27
6 -36 -41
6 -37 -3
6 -38 -6
6 -38 -9
6 -38 -15
6 -38 -43
6 -40 -5
6 -40 -8
6 -41 -22
6 -41 -30
6 -42 -42
6 -43 -37
6 -44 -8
6 -44 -20
6 -44 -26
7 0 -1
7 -3 -20
7 -4 -23
7 -5 -9
7 -5 -34
7 -6 -11
7 -6 -13
7 -6 -38
7 -8 -12
7 -8 -25
7 -8 -28
7 -8 -36
7 -9 0
7 -9 -10
7 -10 -43
7 -11 -6
7 -11 -18
7 -11 -40
7 -12 -40
7 -14 -21
7 -14 -24
7 -14 -28
7 -14 -42
7 -15 -25
7 -15 -36
7 -16 -9
7 -16 -19
7 -16 -41
7 -16 -42
7 -17 -40
7 -19 -1
7 -20 -30
7 -21 -4
7 -22 -4
7 -22 -11
7 -22 -33
7 -22 -39
7 -22 -43
7 -23 -9
7 -23 -23
7 -24 -22
7 -24 -39
7 -25 -27
7 -26 -22
7 -27 -19
7 -27 -28
7 -28 -25
7 -28 -29
7 -30 -9
7 -31 -3
7 -31 -6
7 -31 -31
7 -32 -43
7 -33 -44
7 -34 -37
7 -34 -42
7 -35 -18
7 -35 -31
7 -36 -11
7 -36 -16
7 -36 -27
7 -36 -41
7 -37 -3
7 -38 -6
7 -38 -9
7 -38 -15
7 -38 -43
7 -40 -5
7 -40 -8
7 -41 -22
7 -41 -30
7 -42 -42
7 -43 -37
7 -44 -8
7 -44 -20
7 -44 -26
8 0 -1
8 -3 -20
8 -4 -23
8 -5 -9
8 -5 -34
8 -6 -11
8 -6 -13
8 -6 -38
8 -8 -12
8 -8 -25
8 -8 -28
8 -8 -36
8 -9 0
8 -9 -10
8 -10 -43
8 -11 -6
8 -11 -18
8 -11 -40
8 -12 -40
8 -14 -21
8 -14 -24
8 -14 -28
8 -14 -42
8 -15 -25
8 -15 -36
8 -16 -9
8 -16 -19
8 -16 -41
8 -16 -42
8 -17 -40
8 -19 -1
8 -20 -30
8 -21 -4
8 -22 -4
8 -22 -11
8 -22 -33
8 -22 -39
8 -22 -43
8 -23 -9
8 -23 -23
8 -24 -22
8 -24 -39
8 -25 -27
8 -26 -22
8 -27 -19
8 -27 -28
8 -28 -25
8 -28 -29
8 -30 -9
8 -31 -3
8 -31 -6
8 -31 -31
8 -32 -43
8 -33 -44
8 -34 -37
8 -34 -42
8 -35 -18
8 -35 -31
8 -36 -11
8 -36 -16
8 -36 -27
8 -36 -41
8 -37 -3
8 -38 -6
8 -38 -9
8 -38 -15
8 -38 -43
8 -40 -5
8 -40 -8
8 -41 -22
8 -41 -30
8 -42 -42
8 -43 -37
8 -44 -8
8 -44 -20
8 -44 -26
9 0 -1
9 -3 -20
9 -4 -23
9 -5 -9
9 -5 -34
9 -6 -11
9 -6 -13
9 -6 -38
9 -8 -12
9 -8 -25
9 -8 -28
9 -8 -36
9 -9 0
9 -9 -10
9 -10 -43
9 -11 -6
9 -11 -18
9 -11 -40
9 -12 -40
9 -14 -21
9 -14 -24
9 -14 -28
9 -14 -42
9 -15 -25
9 -15 -36
9 -16 -9
9 -16 -19
9 -16 -41
9 -16 -42
9 -17 -40
9 -19 -1
9 -20 -30
9 -21 -4
9 -22 -4
9 -22 -11
9 -22 -33
9 -22 -39
9 -22 -43
9 -23 -9
9 -23 -23
9 -24 -22
9 -24 -39
9 -25 -27
9 -26 -22
9 -27 -19
9 -27 -28
9 -28 -25
9 -28 -29
9 -30 -9
9 -31 -3
9 -31 -6
9 -31 -31
9 -32 -43
9 -33 -44
9 -34 -37
9 -34 -42
9 -35 -18
9 -35 -31
9 -36 -11
9 -36 -16
9 -36 -27
9 -36 -41
9 -37 -3
9 -38 -6
9 -38 -9
9 -38 -15
9 -38 -43
9 -40 -5
9 -40 -8
9 -41 -22
9 -41 -30
9 -42 -42
9 -43 -37
9 -44 -8
9 -44 -20
9 -44 -26
10 0 -1
10 -3 -20
10 -4 -23
10 -5 -9
10 -5 -34
10 -6 -11
10 -6 -13
10 -6 -38
10 -8 -12
10 -8 -25
10 -8 -28
10 -8 -36
10 -9 0
10 -9 -10
10 -10 -43
10 -11 -6
10 -11 -18
10 -11 -40
10 -12 -40
10 -14 -21
10 -14 -24
10 -14 -28
10 -14 -42
10 -15 -25
10 -15 -36
10 -16 -9
10 -16 -19
10 -16 -41
10 -16 -42
10 -17 -40
10 -19 -1
10 -20 -30
10 -21 -4
10 -22 -4
10 -22 -11
10 -22 -33
10 -22 -39
10 -22 -43
10 -23 -9
10 -23 -23
10 -24 -22
10 -24 -39
10 -25 -27
10 -26 -22
10 -27 -19
10 -27 -28
10 -28 -25
10 -28 -29
10 -30 -9
10 -31 -3
10 -31 -6
10 -31 -31
10 -32 -43
10 -33 -44
10 -34 -37
10 -34 -42
10 -35 -18
10 -35 -31
10 -36 -11
10 -36 -16
10 -36 -27
10 -36 -41
10 -37 -3
10 -38 -6
10 -38 -9
10 -38 -15
10 -38 -43
10 -40 -5
10 -40 -8
10 -41 -22
10 -41 -30
10 -42 -42
10 -43 -37
10 -44 -8
10 -44 -20
10 -44 -26
11 0 -1
11 -3 -20
11 -4 -23
11 -5 -9
11 -5 -34
11 -6 -11
11 -6 -13
11 -6 -38
11 -8 -12
11 -8 -25
11 -8 -28
11 -8 -36
11 -9 0
11 -9 -10
11 -10 -43
11 -11 -6
11 -11 -18
11 -11 -40
11 -12 -40
11 -14 -21
11 -14 -24
11 -14 -28
11 -14 -42
11 -15 -25
11 -15 -36
11 -16 -9
11 -16 -19
11 -16 -41
11 -16 -42
11 -17 -40
11 -19 -1
11 -20 -30
11 -21 -4
11 -22 -4
11 -22 -11
11 -22 -33
11 -22 -39
11 -22 -43
11 -23 -9
11 -23 -23
11 -24 -22
11 -24 -39
11 -25 -27
11 -26 -22
11 -27 -19
11 -27 -28
11 -28 -25
11 -28 -29
11 -30 -9
11 -31 -3
11 -31 -6
11 -31 -31
11 -32 -43
11 -33 -44
11 -34 -37
11 -34 -42
11 -35 -18
11 -35 -31
11 -36 -11
11 -36 -16
11 -36 -27
11 -36 -41
11 -37 -3
11 -38 -6
11 -38 -9
11 -38 -15
11 -38 -43
11 -40 -5
11 -40 -8
11 -41 -22
11 -41 -30
11 -42 -42
11 -43 -37
11 -44 -8
11 -44 -20
11 -44 -26
12 0 -1
12 -3 -20
12 -4 -23
12 -5 -9
12 -5 -34
12 -6 -11
12 -6 -13
12 -6 -38
12 -8 -12
12 -8 -25
12 -8 -28
12 -8 -36
12 -9 0
12 -9 -10
12 -10 -43
12 -11 -6
12 -11 -18
12 -11 -40
12 -12 -40
12 -14 -21
12 -14 -24
12 -14 -28
12 -14 -42
12 -15 -25
12 -15 -36
12 -16 -9
12 -16 -19
12 -16 -41
12 -16 -42
12 -17 -40
12 -19 -1
12 -20 -30
12 -21 -4
12 -22 -4
12 -22 -11
12 -22 -33
12 -22 -39
12 -22 -43
12 -23 -9
12 -23 -23
12 -24 -22
12 -24 -39
12 -25 -27
12 -26 -22
12 -27 -19
12 -27 -28
12 -28 -25
12 -28 -29
12 -30 -9
12 -31 -3
12 -31 -6
12 -31 -31
12 -32 -43
12 -33 -44
12 -34 -37
12 -34 -42
12 -35 -18
12 -35 -31
12 -36 -11
12 -36 -16
12 -36 -27
12 -36 -41
12 -37 -3
12 -38 -6
12 -38 -9
12 -38 -15
12 -38 -43
12 -40 -5
12 -40 -8
12 -41 -22
12 -41 -30
12 -42 -42
12 -43 -37
12 -44 -8
12 -44 -20
12 -44 -26
13 0 -1
13 -3 -20
13 -4 -23
13 -5 -9
13 -5 -34
13 -6 -11
13 -6 -13
13 -6 -38
13 -8 -12
13 -8 -25
13 -8 -28
13 -8 -36
13 -9 0
13 -9 -10
13 -10 -43
13 -11 -6
13 -11 -18
13 -11 -40
13 -12 -40
13 -14 -21
13 -14 -24
13 -14 -28
13 -14 -42
13 -15 -25
13 -15 -36
13 -16 -9
13 -16 -19
13 -16 -41
13 -16 -42
13 -17 -40
13 -19 -1
13 -20 -30
13 -21 -4
13 -22 -4
13 -22 -11
13 -22 -33
13 -22 -39
13 -22 -43
13 -23 -9
13 -23 -23
13 -24 -22
13 -24 -39
13 -25 -27
13 -26 -22
13 -27 -19
13 -27 -28
13 -28 -25
13 -28 -29
13 -30 -9
13 -31 -3
13 -31 -6
13 -31 -31
13 -32 -43
13 -33 -44
13 -34 -37
13 -34 -42
13 -35 -18
13 -35 -31
13 -36 -11
13 -36 -16
13 -36 -27
13 -36 -41
13 -37 -3
13 -38 -6
13 -38 -9
13 -38 -15
13 -38 -43
13 -40 -5
13 -40 -8
13 -41 -22
13 -41 -30
13 -42 -42
13 -43 -37
13 -44 -8
13 -44 -20
13 -44 -26
14 0 -1
14 -3 -20
14 -4 -23
14 -5 -9
14 -5 -34
14 -6 -11
14 -6 -13
14 -6 -38
14 -8 -12
14 -8 -25
14 -8 -28
14 -8 -36
14 -9 0
14 -9 -10
14 -10 -43
14 -11 -6
14 -11 -18
14 -11 -40
14 -12 -40
14 -14 -21
14 -14 -24
14 -14 -28
14 -14 -42
14 -15 -25
14 -15 -36
14 -16 -9
14 -16 -19
14 -16 -41
14 -16 -42
14 -17 -40
14 -19 -1
14 -20 -30
14 -21 -4
14 -22 -4
14 -22 -11
14 -22 -33
14 -22 -39
14 -22 -43
14 -23 -9
14 -23 -23
14 -24 -22
14 -24 -39
14 -25 -27
14 -26 -22
14 -27 -19
14 -27 -28
14 -28 -25
14 -28 -29
14 -30 -9
14 -31 -3
14 -31 -6
14 -31 -31
14 -32 -43
14 -33 -44
14 -34 -37
14 -34 -42
14 -35 -18
14 -35 -31
14 -36 -11
14 -36 -16
14 -36 -27
14 -36 -41
14 -37 -3
14 -38 -6
14 -38 -9
14 -38 -15
14 -38 -43
14 -40 -5
14 -40 -8
14 -41 -22
14 -41 -30
14 -42 -42
14 -43 -37
14 -44 -8
14 -44 -20
14 -44 -26
15 0 -1
15 -3 -20
15 -4 -23
15 -5 -9
15 -5 -34
15 -6 -11
15 -6 -13
15 -6 -38
15 -8 -12
15 -8 -25
15 -8 -28
15 -8 -36
15 -9 0
15 -9 -10
15 -10 -43
15 -11 -6
15 -11 -18
15 -11 -40
15 -12 -40
15 -14 -21
15 -14 -24
15 -14 -28
15 -14 -42
15 -15 -25
15 -15 -36
15 -16 -9
15 -16 -19
15 -16 -41
15 -16 -42
15 -17 -40
15 -19 -1
15 -20 -30
15 -21 -4
15 -22 -4
15 -22 -11
15 -22 -33
15 -22 -39
15 -22 -43
15 -23 -9
15 -23 -23
15 -24 -22
15 -24 -39
15 -25 -27
15 -26 -22
15 -27 -19
15 -27 -28
15 -28 -25
15 -28 -29
15 -30 -9
15 -31 -3
15 -31 -6
15 -31 -31
15 -32 -43
15 -33 -44
15 -34 -37
15 -34 -42
15 -35 -18
15 -35 -31
15 -36 -11
15 -36 -16
15 -36 -27
15 -36 -41
15 -37 -3
15 -38 -6
15 -38 -9
15 -38 -15
15 -38 -43
15 -40 -5
15 -40 -8
15 -41 -22
15 -41 -30
15 -42 -42
15 -43 -37
15 -44 -8
15 -44 -20
15 -44 -26
16 0 -1
16 -3 -20
16 -4 -23
16 -5 -9
16 -5 -34
16 -6 -11
16 -6 -13
16 -6 -38
16 -8 -12
16 -8 -25
16 -8 -28
16 -8 -36
16 -9 0
16 -9 -10
16 -10 -43
16 -11 -6
16 -11 -18
16 -11 -40
16 -12 -40
16 -14 -21
16 -14 -24
16 -14 -28
16 -14 -42
16 -15 -25
16 -15 -36
16 -16 -9
16 -16 -19
16 -16 -41
16 -16 -42
16 -17 -40
16 -19 -1
16 -20 -30
16 -21 -4
16 -22 -4
16 -22 -11
16 -22 -33
16 -22 -39
16 -22 -43
16 -23 -9
16 -23 -23
16 -24 -22
16 -24 -39
16 -25 -27
16 -26 -22
16 -27 -19
16 -27 -28
16 -28 -25
16 -28 -29
16 -30 -9
16 -31 -3
16 -31 -6
16 -31 -31
16 -32 -43
16 -33 -44
16 -34 -37
16 -34 -42
16 -35 -18
16 -35 -31
16 -36 -11
16 -36 -16
16 -36 -27
16 -36 -41
16 -37 -3
16 -38 -6
16 -38 -9
16 -38 -15
16 -38 -43
16 -40 -5
16 -40 -8
16 -41 -22
16 -41 -30
16 -42 -42
16 -43 -37
16 -44 -8
16 -44 -20
16 -44 -26
17 0 -1
17 -3 -20
17 -4 -23
17 -5 -9
17 -5 -34
17 -6 -11
17 -6 -13
17 -6 -38
17 -8 -12
17 -8 -25
17 -8 -28
17 -8 -36
17 -9 0
17 -9 -10
17 -10 -43
17 -11 -6
17 -11 -18
17 -11 -40
17 -12 -40
17 -14 -21
17 -14 -24
17 -14 -28
17 -14 -42
17 -15 -25
17 -15 -36
17 -16 -9
17 -16 -19
17 -16 -41
17 -16 -42
17 -17 -40
17 -19 -1
17 -20 -30
17 -21 -4
17 -22 -4
17 -22 -11
17 -22 -33
17 -22 -39
17 -22 -43
17 -23 -9
17 -23 -23
17 -24 -22
17 -24 -39
17 -25 -27
17 -26 -22
17 -27 -19
17 -27 -28
17 -28 -25
17 -28 -29
17 -30 -9
17 -31 -3
17 -31 -6
17 -31 -31
17 -32 -43
17 -33 -44
17 -34 -37
17 -34 -42
17 -35 -18
17 -35 -31
17 -36 -11
17 -36 -16
17 -36 -27
17 -36 -41
17 -37 -3
17 -38 -6
17 -38 -9
17 -38 -15
17 -38 -43
17 -40 -5
17 -40 -8
17 -41 -22
17 -41 -30
17 -42 -42
17 -43 -37
17 -44 -8
17 -44 -20
17 -44 -26
18 0 -1
18 -3 -20
18 -4 -23
18 -5 -9
18 -5 -34
18 -6 -11
18 -6 -13
18 -6 -38
18 -8 -12
18 -8 -25
18 -8 -28
18 -8 -36
18 -9 0
18 -9 -10
18 -10 -43
18 -11 -6
18 -11 -18
18 -11 -40
18 -12 -40
18 -14 -21
18 -14 -24
18 -14 -28
18 -14 -42
18 -15 -25
18 -15 -36
18 -16 -9
18 -16 -19
18 -16 -41
18 -16 -42
18 -17 -40
18 -19 -1
18 -20 -30
18 -21 -4
18 -22 -4
18 -22 -11
18 -22 -33
18 -22 -39
18 -22 -43
18 -23 -9
18 -23 -23
18 -24 -22
18 -24 -39
18 -25 -27
18 -26 -22
18 -27 -19
18 -27 -28
18 -28 -25
18 -28 -29
18 -30 -9
18 -31 -3
18 -31 -6
18 -31 -31
18 -32 -43
18 -33 -44
18 -34 -37
18 -34 -42
18 -35 -18
18 -35 -31
18 -36 -11
18 -36 -16
18 -36 -27
18 -36 -41
18 -37 -3
18 -38 -6
18 -38 -9
18 -38 -15
18 -38 -43
18 -40 -5
18 -40 -8
18 -41 -22
18 -41 -30
18 -42 -42
18 -43 -37
18 -44 -8
18 -44 -20
18 -44 -26
19 0 -1
19 -3 -20
19 -4 -23
19 -5 -9
19 -5 -34
19 -6 -11
19 -6 -13
19 -6 -38
19 -8 -12
19 -8 -25
19 -8 -28
19 -8 -36
19 -9 0
19 -9 -10
19 -10 -43
19 -11 -6
19 -11 -18
19 -11 -40
19 -12 -40
19 -14 -21
19 -14 -24
19 -14 -28
19 -14 -42
19 -15 -25
19 -15 -36
19 -16 -9
19 -16 -19
19 -16 -41
19 -16 -42
19 -17 -40
19 -19 -1
19 -20 -30
19 -21 -4
19 -22 -4
19 -22 -11
19 -22 -33
19 -22 -39
19 -22 -43
19 -23 -9
19 -23 -23
19 -24 -22
19 -24 -39
19 -25 -27
19 -26 -22
19 -27 -19
19 -27 -28
19 -28 -25
19 -28 -29
19 -30 -9
19 -31 -3
19 -31 -6
19 -31 -31
19 -32 -43
19 -33 -44
19 -34 -37
19 -34 -42
19 -35 -18
19 -35 -31
19 -36 -11
19 -36 -16
19 -36 -27
19 -36 -41
19 -37 -3
19 -38 -6
19 -38 -9
19 -38 -15
19 -38 -43
19 -40 -5
19 -40 -8
19 -41 -22
19 -41 -30
19 -42 -42
19 -43 -37
19 -44 -8
19 -44 -20
19 -44 -26
20 0 -1
20 -3 -20
20 -4 -23
20 -5 -9
20 -5 -34
20 -6 -11
20 -6 -13
20 -6 -38
20 -8 -12
20 -8 -25
20 -8 -28
20 -8 -36
20 -9 0
20 -9 -10
20 -10 -43
20 -11 -6
20 -11 -18
20 -11 -40
20 -12 -40
20 -14 -21
20 -14 -24
20 -14 -28
20 -14 -42
20 -15 -25
20 -15 -36
20 -16 -9
20 -16 -19
20 -16 -41
20 -16 -42
20 -17 -40
20 -19 -1
20 -20 -30
20 -21 -4
20 -22 -4
20 -22 -11
20 -22 -33
20 -22 -39
20 -22 -43
20 -23 -9
20 -23 -23
20 -24 -22
20 -24 -39
20 -25 -27
20 -26 -22
20 -27 -19
20 -27 -28
20 -28 -25
20 -28 -29
20 -30 -9
20 -31 -3
20 -31 -6
20 -31 -31
20 -32 -43
20 -33 -44
20 -34 -37
20 -34 -42
20 -35 -18
20 -35 -31
20 -36 -11
20 -36 -16
20 -36 -27
20 -36 -41
20 -37 -3
20 -38 -6
20 -38 -9
20 -38 -15
20 -38 -43
20 -40 -5
20 -40 -8
20 -41 -22
20 -41 -30
20 -42 -42
20 -43 -37
20 -44 -8
20 -44 -20
20 -44 -26
21 0 -1
21 -3 -20
21 -4 -23
21 -5 -9
21 -5 -34
21 -6 -11
21 -6 -13
21 -6 -38
21 -8 -12
21 -8 -25
21 -8 -28
21 -8 -36
21 -9 0
21 -9 -10
21 -10 -43
21 -11 -6
21 -11 -18
21 -11 -40
21 -12 -40
21 -14 -21
21 -14 -24
21 -14 -28
21 -14 -42
21 -15 -25
21 -15 -36
21 -16 -9
21 -16 -19
21 -16 -41
21 -16 -42
21 -17 -40
21 -19 -1
21 -20 -30
21 -21 -4
21 -22 -4
21 -22 -11
21 -22 -33
21 -22 -39
21 -22 -43
21 -23 -9
21 -23 -23
21 -24 -22
21 -24 -39
21 -25 -27
21 -26 -22
21 -27 -19
21 -27 -28
21 -28 -25
21 -28 -29
21 -30 -9
21 -31 -3
21 -31 -6
21 -31 -31
21 -32 -43
21 -33 -44
21 -34 -37
21 -34 -42
21 -35 -18
21 -35 -31
21 -36 -11
21 -36 -16
21 -36 -27
21 -36 -41
21 -37 -3
21 -38 -6
21 -38 -9
21 -38 -15
21 -38 -43
21 -40 -5
21 -40 -8
21 -41 -22
21 -41 -30
21 -42 -42
21 -43 -37
21 -44 -8
21 -44 -20
21 -44 -26
22 0 -1
22 -3 -20
22 -4 -23
22 -5 -9
22 -5 -34
22 -6 -11
22 -6 -13
22 -6 -38
22 -8 -12
22 -8 -25
22 -8 -28
22 -8 -36
22 -9 0
22 -9 -10
22 -10 -43
22 -11 -6
22 -11 -18
22 -11 -40
22 -12 -40
22 -14 -21
22 -14 -24
22 -14 -28
22 -14 -42
22 -15 -25
22 -15 -36
22 -16 -9
22 -16 -19
22 -16 -41
22 -16 -42
22 -17 -40
22 -19 -1
22 -20 -30
22 -21 -4
22 -22 -4
22 -22 -11
22 -22 -33
22 -22 -39
22 -22 -43
22 -23 -9
22 -23 -23
22 -24 -22
22 -24 -39
22 -25 -27
22 -26 -22
22 -27 -19
22 -27 -28
22 -28 -25
22 -28 -29
22 -30 -9
22 -31 -3
22 -31 -6
22 -31 -31
22 -32 -43
22 -33 -44
22 -34 -37
22 -34 -42
22 -35 -18
22 -35 -31
22 -36 -11
22 -36 -16
22 -36 -27
22 -36 -41
22 -37 -3
22 -38 -6
22 -38 -9
22 -38 -15
22 -38 -43
22 -40 -5
22 -40 -8
22 -41 -22
22 -41 -30
22 -42 -42
22 -43 -37
22 -44 -8
22 -44 -20
22 -44 -26
23 0 -1
23 -3 -20
23 -4 -23
23 -5 -9
23 -5 -34
23 -6 -11
23 -6 -13
23 -6 -38
23 -8 -12
23 -8 -25
23 -8 -28
23 -8 -36
23 -9 0
23 -9 -10
23 -10 -43
23 -11 -6
23 -11 -18
23 -11 -40
23 -12 -40
23 -14 -21
23 -14 -24
23 -14 -28
23 -14 -42
23 -15 -25
23 -15 -36
23 -16 -9
23 -16 -19
23 -16 -41
23 -16 -42
23 -17 -40
23 -19 -1
23 -20 -30
23 -21 -4
23 -22 -4
23 -22 -11
23 -22 -33
23 -22 -39
23 -22 -43
23 -23 -9
23 -23 -23
23 -24 -22
23 -24 -39
23 -25 -27
23 -26 -22
23 -27 -19
23 -27 -28
23 -28 -25
23 -28 -29
23 -30 -9
23 -31 -3
23 -31 -6
23 -31 -31
23 -32 -43
23 -33 -44
23 -34 -37
23 -34 -42
23 -35 -18
23 -35 -31
23 -36 -11
23 -36 -16
23 -36 -27
23 -36 -41
23 -37 -3
23 -38 -6
23 -38 -9
23 -38 -15
23 -38 -43
23 -40 -5
23 -40 -8
23 -41 -22
23 -41 -30
23 -42 -42
23 -43 -37
23 -44 -8
23 -44 -20
23 -44 -26
24 0 -1
24 -3 -20
24 -4 -23
24 -5 -9
24 -5 -34
24 -6 -11
24 -6 -13
24 -6 -38
24 -8 -12
24 -8 -25
24 -8 -28
24 -8 -36
24 -9 0
24 -9 -10
24 -10 -43
24 -11 -6
24 -11 -18
24 -11 -40
24 -12 -40
24 -14 -21
24 -14 -24
24 -14 -28
24 -14 -42
24 -15 -25
24 -15 -36
24 -16 -9
24 -16 -19
24 -16 -41
24 -16 -42
24 -17 -40
24 -19 -1
24 -20 -30
24 -21 -4
24 -22 -4
24 -22 -11
24 -22 -33
24 -22 -39
24 -22 -43
24 -23 -9
24 -23 -23
24 -24 -22
24 -24 -39
24 -25 -27
24 -26 -22
24 -27 -19
24 -27 -28
24 -28 -25
24 -28 -29
24 -30 -9
24 -31 -3
24 -31 -6
24 -31 -31
24 -32 -43
24 -33 -44
24 -34 -37
24 -34 -42
24 -35 -18
24 -35 -31
24 -36 -11
24 -36 -16
24 -36 -27
24 -36 -41
24 -37 -3
24 -38 -6
24 -38 -9
24 -38 -15
24 -38 -43
24 -40 -5
24 -40 -8
24 -41 -22
24 -41 -30
24 -42 -42
24 -43 -37
24 -44 -8
24 -44 -20
24 -44 -26
25 0 -1
25 -3 -20
25 -4 -23
25 -5 -9
25 -5 -34
25 -6 -11
25 -6 -13
25 -6 -38
25 -8 -12
25 -8 -25
25 -8 -28
25 -8 -36
25 -9 0
25 -9 -10
25 -10 -43
25 -11 -6
25 -11 -18
25 -11 -40
25 -12 -40
25 -14 -21
25 -14 -24
25 -14 -28
25 -14 -42
25 -15 -25
25 -15 -36
25 -16 -9
25 -16 -19
25 -16 -41
25 -16 -42
25 -17 -40
25 -19 -1
25 -20 -30
25 -21 -4
25 -22 -4
25 -22 -11
25 -22 -33
25 -22 -39
25 -22 -43
25 -23 -9
25 -23 -23
25 -24 -22
25 -24 -39
25 -25 -27
25 -26 -22
25 -27 -19
25 -27 -28
25 -28 -25
25 -28 -29
25 -30 -9
25 -31 -3
25 -31 -6
25 -31 -31
25 -32 -43
25 -33 -44
25 -34 -37
25 -34 -42
25 -35 -18
25 -35 -31
25 -36 -11
25 -36 -16
25 -36 -27
25 -36 -41
25 -37 -3
25 -38 -6
25 -38 -9
25 -38 -15
25 -38 -43
25 -40 -5
25 -40 -8
25 -41 -22
25 -41 -30
25 -42 -42
25 -43 -37
25 -44 -8
25 -44 -20
25 -44 -26
26 0 -1
26 -3 -20
26 -4 -23
26 -5 -9
26 -5 -34
26 -6 -11
26 -6 -13
26 -6 -38
26 -8 -12
26 -8 -25
26 -8 -28
26 -8 -36
26 -9 0
26 -9 -10
26 -10 -43
26 -11 -6
26 -11 -18
26 -11 -40
26 -12 -40
26 -14 -21
26 -14 -24
26 -14 -28
26 -14 -42
26 -15 -25
26 -15 -36
26 -16 -9
26 -16 -19
26 -16 -41
26 -16 -42
26 -17 -40
26 -19 -1
26 -20 -30
26 -21 -4
26 -22 -4
26 -22 -11
26 -22 -33
26 -22 -39
26 -22 -43
26 -23 -9
26 -23 -23
26 -24 -22
26 -24 -39
26 -25 -27
26 -26 -22
26 -27 -19
26 -27 -28
26 -28 -25
26 -28 -29
26 -30 -9
26 -31 -3
26 -31 -6
26 -31 -31
26 -32 -43
26 -33 -44
26 -34 -37
26 -34 -42
26 -35 -18
26 -35 -31
26 -36 -11
26 -36 -16
26 -36 -27
26 -36 -41
26 -37 -3
26 -38 -6
26 -38 -9
26 -38 -15
26 -38 -43
26 -40 -5
26 -40 -8
26 -41 -22
26 -41 -30
26 -42 -42
26 -43 -37
26 -44 -8
26 -44 -20
26 -44 -26
27 0 -1
27 -3 -20
27 -4 -23
27 -5 -9
27 -5 -34
27 -6 -11
27 -6 -13
27 -6 -38
27 -8 -12
27 -8 -25
27 -8 -28
27 -8 -36
27 -9 0
27 -9 -10
27 -10 -43
27 -11 -6
27 -11 -18
27 -11 -40
27 -12 -40
27 -14 -21
27 -14 -24
27 -14 -28
27 -14 -42
27 -15 -25
27 -15 -36
27 -16 -9
27 -16 -19
27 -16 -41
27 -16 -42
27 -17 -40
27 -19 -1
27 -20 -30
27 -21 -4
27 -22 -4
27 -22 -11
27 -22 -33
27 -22 -39
27 -22 -43
27 -23 -9
27 -23 -23
27 -24 -22
27 -24 -39
27 -25 -27
27 -26 -22
27 -27 -19
27 -27 -28
27 -28 -25
27 -28 -29
27 -30 -9
27 -31 -3
27 -31 -6
27 -31 -31
27 -32 -43
27 -33 -44
27 -34 -37
27 -34 -42
27 -35 -18
27 -35 -31
27 -36 -11
27 -36 -16
27 -36 -27
27 -36 -41
27 -37 -3
27 -38 -6
27 -38 -9
27 -38 -15
27 -38 -43
27 -40 -5
27 -40 -8
27 -41 -22
27 -41 -30
27 -42 -42
27 -43 -37
27 -44 -8
27 -44 -20
27 -44 -26
28 0 -1
28 -3 -20
28 -4 -23
28 -5 -9
28 -5 -34
28 -6 -11
28 -6 -13
28 -6 -38
28 -8 -12
28 -8 -25
28 -8 -28
28 -8 -36
28 -9 0
28 -9 -10
28 -10 -43
28 -11 -6
28 -11 -18
28 -11 -40
28 -12 -40
28 -14 -21
28 -14 -24
28 -14 -28
28 -14 -42
28 -15 -25
28 -15 -36
28 -16 -9
28 -16 -19
28 -16 -41
28 -16 -42
28 -17 -40
28 -19 -1
28 -20 -30
28 -21 -4
28 -22 -4
28 -22 -11
28 -22 -33
28 -22 -39
28 -22 -43
28 -23 -9
28 -23 -23
28 -24 -22
28 -24 -39
28 -25 -27
28 -26 -22
28 -27 -19
28 -27 -28
28 -28 -25
28 -28 -29
28 -30 -9
28 -31 -3
28 -31 -6
28 -31 -31
28 -32 -43
28 -33 -44
28 -34 -37
28 -34 -42
28 -35 -18
28 -35 -31
28 -36 -11
28 -36 -16
28 -36 -27
28 -36 -41
28 -37 -3
28 -38 -6
28 -38 -9
28 -38 -15
28 -38 -43
28 -40 -5
28 -40 -8
28 -41 -22
28 -41 -30
28 -42 -42
28 -43 -37
28 -44 -8
28 -44 -20
28 -44 -26
29 0 -1
29 -3 -20
29 -4 -23
29 -5 -9
29 -5 -34
29 -6 -11
29 -6 -13
29 -6 -38
29 -8 -12
29 -8 -25
29 -8 -28
29 -8 -36
29 -9 0
29 -9 -10
29 -10 -43
29 -11 -6
29 -11 -18
29 -11 -40
29 -12 -40
29 -14 -21
29 -14 -24
29 -14 -28
29 -14 -42
29 -15 -25
29 -15 -36
29 -16 -9
29 -16 -19
29 -16 -41
29 -16 -42
29 -17 -40
29 -19 -1
29 -20 -30
29 -21 -4
29 -22 -4
29 -22 -11
29 -22 -33
29 -22 -39
29 -22 -43
29 -23 -9
29 -23 -23
29 -24 -22
29 -24 -39
29 -25 -27
29 -26 -22
29 -27 -19
29 -27 -28
29 -28 -25
29 -28 -29
29 -30 -9
29 -31 -3
29 -31 -6
29 -31 -31
29 -32 -43
29 -33 -44
29 -34 -37
29 -34 -42
29 -35 -18
29 -35 -31
29 -36 -11
29 -36 -16
29 -36 -27
29 -36 -41
29 -37 -3
29 -38 -6
29 -38 -9
29 -38 -15
29 -38 -43
29 -40 -5
29 -40 -8
29 -41 -22
29 -41 -30
29 -42 -42
29 -43 -37
29 -44 -8
29 -44 -20
29 -44 -26
30 0 -1
30 -3 -20
30 -4 -23
30 -5 -9
30 -5 -34
30 -6 -11
30 -6 -13
30 -6 -38
30 -8 -12
30 -8 -25
30 -8 -28
30 -8 -36
30 -9 0
30 -9 -10
30 -10 -43
30 -11 -6
30 -11 -18
30 -11 -40
30 -12 -40
30 -14 -21
30 -14 -24
30 -14 -28
30 -14 -42
30 -15 -25
30 -15 -36
30 -16 -9
30 -16 -19
30 -16 -41
30 -16 -42
30 -17 -40
30 -19 -1
30 -20 -30
30 -21 -4
30 -22 -4
30 -22 -11
30 -22 -33
30 -22 -39
30 -22 -43
30 -23 -9
30 -23 -23
30 -24 -22
30 -24 -39
30 -25 -27
30 -26 -22
30 -27 -19
30 -27 -28
30 -28 -25
30 -28 -29
30 -30 -9
30 -31 -3
30 -31 -6
30 -31 -31
30 -32 -43
30 -33 -44
30 -34 -37
30 -34 -42
30 -35 -18
30 -35 -31
30 -36 -11
30 -36 -16
30 -36 -27
30 -36 -41
30 -37 -3
30 -38 -6
30 -38 -9
30 -38 -15
30 -38 -43
30 -40 -5
30 -40 -8
30 -41 -22
30 -41 -30
30 -42 -42
30 -43 -37
30 -44 -8
30 -44 -20
30 -44 -26
31 0 -1
31 -3 -20
31 -4 -23
31 -5 -9
31 -5 -34
31 -6 -11
31 -6 -13
31 -6 -38
31 -8 -12
31 -8 -25
31 -8 -28
31 -8 -36
31 -9 0
31 -9 -10
31 -10 -43
31 -11 -6
31 -11 -18
31 -11 -40
31 -12 -40
31 -14 -21
31 -14 -24
31 -14 -28
31 -14 -42
31 -15 -25
31 -15 -36
31 -16 -9
31 -16 -19
31 -16 -41
31 -16 -42
31 -17 -40
31 -19 -1
31 -20 -30
31 -21 -4
31 -22 -4
31 -22 -11
31 -22 -33
31 -22 -39
31 -22 -43
31 -23 -9
31 -23 -23
31 -24 -22
31 -24 -39
31 -25 -27
31 -26 -22
31 -27 -19
31 -27 -28
31 -28 -25
31 -28 -29
31 -30 -9
31 -31 -3
31 -31 -6
31 -31 -31
31 -32 -43
31 -33 -44
31 -34 -37
31 -34 -42
31 -35 -18
31 -35 -31
31 -36 -11
31 -36 -16
31 -36 -27
31 -36 -41
31 -37 -3
31 -38 -6
31 -38 -9
31 -38 -15
31 -38 -43
31 -40 -5
31 -40 -8
31 -41 -22
31 -41 -30
31 -42 -42
31 -43 -37
31 -44 -8
31 -44 -20
31 -44 -26
32 0 -1
32 -3 -20
32 -4 -23
32 -5 -9
32 -5 -34
32 -6 -11
32 -6 -13
32 -6 -38
32 -8 -12
32 -8 -25
32 -8 -28
32 -8 -36
32 -9 0
32 -9 -10
32 -10 -43
32 -11 -6
32 -11 -18
32 -11 -40
32 -12 -40
32 -14 -21
32 -14 -24
32 -14 -28
32 -14 -42
32 -15 -25
32 -15 -36
32 -16 -9
32 -16 -19
32 -16 -41
32 -16 -42
32 -17 -40
32 -19 -1
32 -20 -30
32 -21 -4
32 -22 -4
32 -22 -11
32 -22 -33
32 -22 -39
32 -22 -43
32 -23 -9
32 -23 -23
32 -24 -22
32 -24 -39
32 -25 -27
32 -26 -22
32 -27 -19
32 -27 -28
32 -28 -25
32 -28 -29
32 -30 -9
32 -31 -3
32 -31 -6
32 -31 -31
32 -32 -43
32 -33 -44
32 -34 -37
32 -34 -42
32 -35 -18
32 -35 -31
32 -36 -11
32 -36 -16
32 -36 -27
32 -36 -41
32 -37 -3
32 -38 -6
32 -38 -9
32 -38 -15
32 -38 -43
32 -40 -5
32 -40 -8
32 -41 -22
32 -41 -30
32 -42 -42
32 -43 -37
32 -44 -8
32 -44 -20
32 -44 -26
33 0 -1
33 -3 -20
33 -4 -23
33 -5 -9
33 -5 -34
33 -6 -11
33 -6 -13
33 -6 -38
33 -8 -12
33 -8 -25
33 -8 -28
33 -8 -36
33 -9 0
33 -9 -10
33 -10 -43
33 -11 -6
33 -11 -18
33 -11 -40
33 -12 -40
33 -14 -21
33 -14 -24
33 -14 -28
33 -14 -42
33 -15 -25
33 -15 -36
33 -16 -9
33 -16 -19
33 -16 -41
33 -16 -42
33 -17 -40
33 -19 -1
33 -20 -30
33 -21 -4
33 -22 -4
33 -22 -11
33 -22 -33
33 -22 -39
33 -22 -43
33 -23 -9
33 -23 -23
33 -24 -22
33 -24 -39
33 -25 -27
33 -26 -22
33 -27 -19
33 -27 -28
33 -28 -25
33 -28 -29
33 -30 -9
33 -31 -3
33 -31 -6
33 -31 -31
33 -32 -43
33 -33 -44
33 -34 -37
33 -34 -42
33 -35 -18
33 -35 -31
33 -36 -11
33 -36 -16
33 -36 -27
33 -36 -41
33 -37 -3
33 -38 -6
33 -38 -9
33 -38 -15
33 -38 -43
33 -40 -5
33 -40 -8
33 -41 -22
33 -41 -30
33 -42 -42
33 -43 -37
33 -44 -8
33 -44 -20
33 -44 -26
34 0 -1
34 -3 -20
34 -4 -23
34 -5 -9
34 -5 -34
34 -6 -11
34 -6 -13
34 -6 -38
34 -8 -12
34 -8 -25
34 -8 -28
34 -8 -36
34 -9 0
34 -9 -10
34 -10 -43
34 -11 -6
34 -11 -18
34 -11 -40
34 -12 -40
34 -14 -21
34 -14 -24
34 -14 -28
34 -14 -42
34 -15 -25
34 -15 -36
34 -16 -9
34 -16 -19
34 -16 -41
34 -16 -42
34 -17 -40
34 -19 -1
34 -20 -30
34 -21 -4
34 -22 -4
34 -22 -11
34 -22 -33
34 -22 -39
34 -22 -43
34 -23 -9
34 -23 -23
34 -24 -22
34 -24 -39
34 -25 -27
34 -26 -22
34 -27 -19
34 -27 -28
34 -28 -25
34 -28 -29
34 -30 -9
34 -31 -3
34 -31 -6
34 -31 -31
34 -32 -43
34 -33 -44
34 -34 -37
34 -34 -42
34 -35 -18
34 -35 -31
34 -36 -11
34 -36 -16
34 -36 -27
34 -36 -41
34 -37 -3
34 -38 -6
34 -38 -9
34 -38 -15
34 -38 -43
34 -40 -5
34 -40 -8
34 -41 -22
34 -41 -30
34 -42 -42
34 -43 -37
34 -44 -8
34 -44 -20
34 -44 -26
35 0 -1
35 -3 -20
35 -4 -23
35 -5 -9
35 -5 -34
35 -6 -11
35 -6 -13
35 -6 -38
35 -8 -12
35 -8 -25
35 -8 -28
35 -8 -36
35 -9 0
35 -9 -10
35 -10 -43
35 -11 -6
35 -11 -18
35 -11 -40
35 -12 -40
35 -14 -21
35 -14 -24
35 -14 -28
35 -14 -42
35 -15 -25
35 -15 -36
35 -16 -9
35 -16 -19
35 -16 -41
35 -16 -42
35 -17 -40
35 -19 -1
35 -20 -30
35 -21 -4
35 -22 -4
35 -22 -11
35 -22 -33
35 -22 -39
35 -22 -43
35 -23 -9
35 -23 -23
35 -24 -22
35 -24 -39
35 -25 -27
35 -26 -22
35 -27 -19
35 -27 -28
35 -28 -25
35 -28 -29
35 -30 -9
35 -31 -3
35 -31 -6
35 -31 -31
35 -32 -43
35 -33 -44
35 -34 -37
35 -34 -42
35 -35 -18
35 -35 -31
35 -36 -11
35 -36 -16
35 -36 -27
35 -36 -41
35 -37 -3
35 -38 -6
35 -38 -9
35 -38 -15
35 -38 -43
35 -40 -5
35 -40 -8
35 -41 -22
35 -41 -30
35 -42 -42
35 -43 -37
35 -44 -8
35 -44 -20
35 -44 -26
36 0 -1
36 -3 -20
36 -4 -23
36 -5 -9
36 -5 -34
36 -6 -11
36 -6 -13
36 -6 -38
36 -8 -12
36 -8 -25
36 -8 -28
36 -8 -36
36 -9 0
36 -9 -10
36 -10 -43
36 -11 -6
36 -11 -18
36 -11 -40
36 -12 -40
36 -14 -21
36 -14 -24
36 -14 -28
36 -14 -42
36 -15 -25
36 -15 -36
36 -16 -9
36 -16 -19
36 -16 -41
36 -16 -42
36 -17 -40
36 -19 -1
36 -20 -30
36 -21 -4
36 -22 -4
36 -22 -11
36 -22 -33
36 -22 -39
36 -22 -43
36 -23 -9
36 -23 -23
36 -24 -22
36 -24 -39
36 -25 -27
36 -26 -22
36 -27 -19
36 -27 -28
36 -28 -25
36 -28 -29
36 -30 -9
36 -31 -3
36 -31 -6
36 -31 -31
36 -32 -43
36 -33 -44
36 -34 -37
36 -34 -42
36 -35 -18
36 -35 -31
36 -36 -11
36 -36 -16
36 -36 -27
36 -36 -41
36 -37 -3
36 -38 -6
36 -38 -9
36 -38 -15
36 -38 -43
36 -40 -5
36 -40 -8
36 -41 -22
36 -41 -30
36 -42 -42
36 -43 -37
36 -44 -8
36 -44 -20
36 -44 -26
37 0 -1
37 -3 -20
37 -4 -23
37 -5 -9
37 -5 -34
37 -6 -11
37 -6 -13
37 -6 -38
37 -8 -12
37 -8 -25
37 -8 -28
37 -8 -36
37 -9 0
37 -9 -10
37 -10 -43
37 -11 -6
37 -11 -18
37 -11 -40
37 -12 -40
37 -14 -21
37 -14 -24
37 -14 -28
37 -14 -42
37 -15 -25
37 -15 -36
37 -16 -9
37 -16 -19
37 -16 -41
37 -16 -42
37 -17 -40
37 -19 -1
37 -20 -30
37 -21 -4
37 -22 -4
37 -22 -11
37 -22 -33
37 -22 -39
37 -22 -43
37 -23 -9
37 -23 -23
37 -24 -22
37 -24 -39
37 -25 -27
37 -26 -22
37 -27 -19
37 -27 -28
37 -28 -25
37 -28 -29
37 -30 -9
37 -31 -3
37 -31 -6
37 -31 -31
37 -32 -43
37 -33 -44
37 -34 -37
37 -34 -42
37 -35 -18
37 -35 -31
37 -36 -11
37 -36 -16
37 -36 -27
37 -36 -41
37 -37 -3
37 -38 -6
37 -38 -9
37 -38 -15
37 -38 -43
37 -40 -5
37 -40 -8
37 -41 -22
37 -41 -30
37 -42 -42
37 -43 -37
37 -44 -8
37 -44 -20
37 -44 -26
38 0 -1
38 -3 -20
38 -4 -23
38 -5 -9
38 -5 -34
38 -6 -11
38 -6 -13
38 -6 -38
38 -8 -12
38 -8 -25
38 -8 -28
38 -8 -36
38 -9 0
38 -9 -10
38 -10 -43
38 -11 -6
38 -11 -18
38 -11 -40
38 -12 -40
38 -14 -21
38 -14 -24
38 -14 -28
38 -14 -42
38 -15 -25
38 -15 -36
38 -16 -9
38 -16 -19
38 -16 -41
38 -16 -42
38 -17 -40
38 -19 -1
38 -20 -30
38 -21 -4
38 -22 -4
38 -22 -11
38 -22 -33
38 -22 -39
38 -22 -43
38 -23 -9
38 -23 -23
38 -24 -22
38 -24 -39
38 -25 -27
38 -26 -22
38 -27 -19
38 -27 -28
38 -28 -25
38 -28 -29
38 -30 -9
38 -31 -3
38 -31 -6
38 -31 -31
38 -32 -43
38 -33 -44
38 -34 -37
38 -34 -42
38 -35 -18
38 -35 -31
38 -36 -11
38 -36 -16
38 -36 -27
38 -36 -41
38 -37 -3
38 -38 -6
38 -38 -9
38 -38 -15
38 -38 -43
38 -40 -5
38 -40 -8
38 -41 -22
38 -41 -30
38 -42 -42
38 -43 -37
38 -44 -8
38 -44 -20
38 -44 -26
39 0 -1
39 -3 -20
39 -4 -23
39 -5 -9
39 -5 -34
39 -6 -11
39 -6 -13
39 -6 -38
39 -8 -12
39 -8 -25
39 -8 -28
39 -8 -36
39 -9 0
39 -9 -10
39 -10 -43
39 -11 -6
39 -11 -18
39 -11 -40
39 -12 -40
39 -14 -21
39 -14 -24
39 -14 -28
39 -14 -42
39 -15 -25
39 -15 -36
39 -16 -9
39 -16 -19
39 -16 -41
39 -16 -42
39 -17 -40
39 -19 -1
39 -20 -30
39 -21 -4
39 -22 -4
39 -22 -11
39 -22 -33
39 -22 -39
39 -22 -43
39 -23 -9
39 -23 -23
39 -24 -22
39 -24 -39
39 -25 -27
39 -26 -22
39 -27 -19
39 -27 -28
39 -28 -25
39 -28 -29
39 -30 -9
39 -31 -3
39 -31 -6
39 -31 -31
39 -32 -43
39 -33 -44
39 -34 -37
39 -34 -42
39 -35 -18
39 -35 -31
39 -36 -11
39 -36 -16
39 -36 -27
39 -36 -41
39 -37 -3
39 -38 -6
39 -38 -9
39 -38 -15
39 -38 -43
39 -40 -5
39 -40 -8
39 -41 -22
39 -41 -30
39 -42 -42
39 -43 -37
39 -44 -8
39 -44 -20
39 -44 -26
40 0 -1
40 -3 -20
40 -4 -23
40 -5 -9
40 -5 -34
40 -6 -11
40 -6 -13
40 -6 -38
40 -8 -12
40 -8 -25
40 -8 -28
40 -8 -36
40 -9 0
40 -9 -10
40 -10 -43
40 -11 -6
40 -11 -18
40 -11 -40
40 -12 -40
40 -14 -21
40 -14 -24
40 -14 -28
40 -14 -42
40 -15 -25
40 -15 -36
40 -16 -9
40 -16 -19
40 -16 -41
40 -16 -42
40 -17 -40
40 -19 -1
40 -20 -30
40 -21 -4
40 -22 -4
40 -22 -11
40 -22 -33
40 -22 -39
40 -22 -43
40 -23 -9
40 -23 -23
40 -24 -22
40 -24 -39
40 -25 -27
40 -26 -22
40 -27 -19
40 -27 -28
40 -28 -25
40 -28 -29
40 -30 -9
40 -31 -3
40 -31 -6
40 -31 -31
40 -32 -43
40 -33 -44
40 -34 -37
40 -34 -42
40 -35 -18
40 -35 -31
40 -36 -11
40 -36 -16
40 -36 -27
40 -36 -41
40 -37 -3
40 -38 -6
40 -38 -9
40 -38 -15
40 -38 -43
40 -40 -5
40 -40 -8
40 -41 -22
40 -41 -30
40 -42 -42
40 -43 -37
40 -44 -8
40 -44 -20
40 -44 -26
41 0 -1
41 -3 -20
41 -4 -23
41 -5 -9
41 -5 -34
41 -6 -11
41 -6 -13
41 -6 -38
41 -8 -12
41 -8 -25
41 -8 -28
41 -8 -36
41 -9 0
41 -9 -10
41 -10 -43
41 -11 -6
41 -11 -18
41 -11 -40
41 -12 -40
41 -14 -21
41 -14 -24
41 -14 -28
41 -14 -42
41 -15 -25
41 -15 -36
41 -16 -9
41 -16 -19
41 -16 -41
41 -16 -42
41 -17 -40
41 -19 -1
41 -20 -30
41 -21 -4
41 -22 -4
41 -22 -11
41 -22 -33
41 -22 -39
41 -22 -43
41 -23 -9
41 -23 -23
41 -24 -22
41 -24 -39
41 -25 -27
41 -26 -22
41 -27 -19
41 -27 -28
41 -28 -25
41 -28 -29
41 -30 -9
41 -31 -3
41 -31 -6
41 -31 -31
41 -32 -43
41 -33 -44
41 -34 -37
41 -34 -42
41 -35 -18
41 -35 -31
41 -36 -11
41 -36 -16
41 -36 -27
41 -36 -41
41 -37 -3
41 -38 -6
41 -38 -9
41 -38 -15
41 -38 -43
41 -40 -5
41 -40 -8
41 -41 -22
41 -41 -30
41 -42 -42
41 -43 -37
41 -44 -8
41 -44 -20
41 -44 -26
42 0 -1
42 -3 -20
42 -4 -23
42 -5 -9
42 -5 -34
42 -6 -11
42 -6 -13
42 -6 -38
42 -8 -12
42 -8 -25
42 -8 -28
42 -8 -36
42 -9 0
42 -9 -10
42 -10 -43
42 -11 -6
42 -11 -18
42 -11 -40
42 -12 -40
42 -14 -21
42 -14 -24
42 -14 -28
42 -14 -42
42 -15 -25
42 -15 -36
42 -16 -9
42 -16 -19
42 -16 -41
42 -16 -42
42 -17 -40
42 -19 -1
42 -20 -30
42 -21 -4
42 -22 -4
42 -22 -11
42 -22 -33
42 -22 -39
42 -22 -43
42 -23 -9
42 -23 -23
42 -24 -22
42 -24 -39
42 -25 -27
42 -26 -22
42 -27 -19
42 -27 -28
42 -28 -25
42 -28 -29
42 -30 -9
42 -31 -3
42 -31 -6
42 -31 -31
42 -32 -43
42 -33 -44
42 -34 -37
42 -34 -42
42 -35 -18
42 -35 -31
42 -36 -11
42 -36 -16
42 -36 -27
42 -36 -41
42 -37 -3
42 -38 -6
42 -38 -9
42 -38 -15
42 -38 -43
42 -40 -5
42 -40 -8
42 -41 -22
42 -41 -30
42 -42 -42
42 -43 -37
42 -44 -8
42 -44 -20
42 -44 -26
43 0 -1
43 -3 -20
43 -4 -23
43 -5 -9
43 -5 -34
43 -6 -11
43 -6 -13
43 -6 -38
43 -8 -12
43 -8 -25
43 -8 -28
43 -8 -36
43 -9 0
43 -9 -10
43 -10 -43
43 -11 -6
43 -11 -18
43 -11 -40
43 -12 -40
43 -14 -21
43 -14 -24
43 -14 -28
43 -14 -42
43 -15 -25
43 -15 -36
43 -16 -9
43 -16 -19
43 -16 -41
43 -16 -42
43 -17 -40
43 -19 -1
43 -20 -30
43 -21 -4
43 -22 -4
43 -22 -11
43 -22 -33
43 -22 -39
43 -22 -43
43 -23 -9
43 -23 -23
43 -24 -22
43 -24 -39
43 -25 -27
43 -26 -22
43 -27 -19
43 -27 -28
43 -28 -25
43 -28 -29
43 -30 -9
43 -31 -3
43 -31 -6
43 -31 -31
43 -32 -43
43 -33 -44
43 -34 -37
43 -34 -42
43 -35 -18
43 -35 -31
43 -36 -11
43 -36 -16
43 -36 -27
43 -36 -41
43 -37 -3
43 -38 -6
43 -38 -9
43 -38 -15
43 -38 -43
43 -40 -5
43 -40 -8
43 -41 -22
43 -41 -30
43 -42 -42
43 -43 -37
43 -44 -8
43 -44 -20
43 -44 -26
44 0 -1
44 -3 -20
44 -4 -23
44 -5 -9
44 -5 -34
44 -6 -11
44 -6 -13
44 -6 -38
44 -8 -12
44 -8 -25
44 -8 -28
44 -8 -36
44 -9 0
44 -9 -10
44 -10 -43
44 -11 -6
44 -11 -18
44 -11 -40
44 -12 -40
44 -14 -21
44 -14 -24
44 -14 -28
44 -14 -42
44 -15 -25
44 -15 -36
44 -16 -9
44 -16 -19
44 -16 -41
44 -16 -42
44 -17 -40
44 -19 -1
44 -20 -30
44 -21 -4
44 -22 -4
44 -22 -11
44 -22 -33
44 -22 -39
44 -22 -43
44 -23 -9
44 -23 -23
44 -24 -22
44 -24 -39
44 -25 -27
44 -26 -22
44 -27 -19
44 -27 -28
44 -28 -25
44 -28 -29
44 -30 -9
44 -31 -3
44 -31 -6
44 -31 -31
44 -32 -43
44 -33 -44
44 -34 -37
44 -34 -42
44 -35 -18
44 -35 -31
44 -36 -11
44 -36 -16
44 -36 -27
44 -36 -41
44 -37 -3
44 -38 -6
44 -38 -9
44 -38 -15
44 -38 -43
44 -40 -5
44 -40 -8
44 -41 -22
44 -41 -30
44 -42 -42
44 -43 -37
44 -44 -8
44 -44 -20
44 -44 -26
45 0 -1
45 -3 -20
45 -4 -23
45 -5 -9
45 -5 -34
45 -6 -11
45 -6 -13
45 -6 -38
45 -8 -12
45 -8 -25
45 -8 -28
45 -8 -36
45 -9 0
45 -9 -10
45 -10 -43
45 -11 -6
45 -11 -18
45 -11 -40
45 -12 -40
45 -14 -21
45 -14 -24
45 -14 -28
45 -14 -42
45 -15 -25
45 -15 -36
45 -16 -9
45 -16 -19
45 -16 -41
45 -16 -42
45 -17 -40
45 -19 -1
45 -20 -30
45 -21 -4
45 -22 -4
45 -22 -11
45 -22 -33
45 -22 -39
45 -22 -43
45 -23 -9
45 -23 -23
45 -24 -22
45 -24 -39
45 -25 -27
45 -26 -22
45 -27 -19
45 -27 -28
45 -28 -25
45 -28 -29
45 -30 -9
45 -31 -3
45 -31 -6
45 -31 -31
45 -32 -43
45 -33 -44
45 -34 -37
45 -34 -42
45 -35 -18
45 -35 -31
45 -36 -11
45 -36 -16
45 -36 -27
45 -36 -41
45 -37 -3
45 -38 -6
45 -38 -9
45 -38 -15
45 -38 -43
45 -40 -5
45 -40 -8
45 -41 -22
45 -41 -30
45 -42 -42
45 -43 -37
45 -44 -8
45 -44 -20
45 -44 -26
46 0 -1
46 -3 -20
46 -4 -23
46 -5 -9
46 -5 -34
46 -6 -11
46 -6 -13
46 -6 -38
46 -8 -12
46 -8 -25
46 -8 -28
46 -8 -36
46 -9 0
46 -9 -10
46 -10 -43
46 -11 -6
46 -11 -18
46 -11 -40
46 -12 -40
46 -14 -21
46 -14 -24
46 -14 -28
46 -14 -42
46 -15 -25
46 -15 -36
46 -16 -9
46 -16 -19
46 -16 -41
46 -16 -42
46 -17 -40
46 -19 -1
46 -20 -30
46 -21 -4
46 -22 -4
46 -22 -11
46 -22 -33
46 -22 -39
46 -22 -43
46 -23 -9
46 -23 -23
46 -24 -22
46 -24 -39
46 -25 -27
46 -26 -22
46 -27 -19
46 -27 -28
46 -28 -25
46 -28 -29
46 -30 -9
46 -31 -3
46 -31 -6
46 -31 -31
46 -32 -43
46 -33 -44
46 -34 -37
46 -34 -42
46 -35 -18
46 -35 -31
46 -36 -11
46 -36 -16
46 -36 -27
46 -36 -41
46 -37 -3
46 -38 -6
46 -38 -9
46 -38 -15
46 -38 -43
46 -40 -5
46 -40 -8
46 -41 -22
46 -41 -30
46 -42 -42
46 -43 -37
46 -44 -8
46 -44 -20
46 -44 -26
47 0 -1
47 -3 -20
47 -4 -23
47 -5 -9
47 -5 -34
47 -6 -11
47 -6 -13
47 -6 -38
47 -8 -12
47 -8 -25
47 -8 -28
47 -8 -36
47 -9 0
47 -9 -10
47 -10 -43
47 -11 -6
47 -11 -18
47 -11 -40
47 -12 -40
47 -14 -21
47 -14 -24
47 -14 -28
47 -14 -42
47 -15 -25
47 -15 -36
47 -16 -9
47 -16 -19
47 -16 -41
47 -16 -42
47 -17 -40
47 -19 -1
47 -20 -30
47 -21 -4
47 -22 -4
47 -22 -11
47 -22 -33
47 -22 -39
47 -22 -43
47 -23 -9
47 -23 -23
47 -24 -22
47 -24 -39
47 -25 -27
47 -26 -22
47 -27 -19
47 -27 -28
47 -28 -25
47 -28 -29
47 -30 -9
47 -31 -3
47 -31 -6
47 -31 -31
47 -32 -43
47 -33 -44
47 -34 -37
47 -34 -42
47 -35 -18
47 -35 -31
47 -36 -11
47 -36 -16
47 -36 -27
47 -36 -41
47 -37 -3
47 -38 -6
47 -38 -9
47 -38 -15
47 -38 -43
47 -40 -5
47 -40 -8
47 -41 -22
47 -41 -30
47 -42 -42
47 -43 -37
47 -44 -8
47 -44 -20
47 -44 -26
48 0 -1
48 -3 -20
48 -4 -23
48 -5 -9
48 -5 -34
48 -6 -11
48 -6 -13
48 -6 -38
48 -8 -12
48 -8 -25
48 -8 -28
48 -8 -36
48 -9 0
48 -9 -10
48 -10 -43
48 -11 -6
48 -11 -18
48 -11 -40
48 -12 -40
48 -14 -21
48 -14 -24
48 -14 -28
48 -14 -42
48 -15 -25
48 -15 -36
48 -16 -9
48 -16 -19
48 -16 -41
48 -16 -42
48 -17 -40
48 -19 -1
48 -20 -30
48 -21 -4
48 -22 -4
48 -22 -11
48 -22 -33
48 -22 -39
48 -22 -43
48 -23 -9
48 -23 -23
48 -24 -22
48 -24 -39
48 -25 -27
48 -26 -22
48 -27 -19
48 -27 -28
48 -28 -25
48 -28 -29
48 -30 -9
48 -31 -3
48 -31 -6
48 -31 -31
48 -32 -43
48 -33 -44
48 -34 -37
48 -34 -42
48 -35 -18
48 -35 -31
48 -36 -11
48 -36 -16
48 -36 -27
48 -36 -41
48 -37 -3
48 -38 -6
48 -38 -9
48 -38 -15
48 -38 -43
48 -40 -5
48 -40 -8
48 -41 -22
48 -41 -30
48 -42 -42
48 -43 -37
48 -44 -8
48 -44 -20
48 -44 -26
49 0 -1
49 -3 -20
49 -4 -23
49 -5 -9
49 -5 -34
49 -6 -11
49 -6 -13
49 -6 -38
49 -8 -12
49 -8 -25
49 -8 -28
49 -8 -36
49 -9 0
49 -9 -10
49 -10 -43
49 -11 -6
49 -11 -18
49 -11 -40
49 -12 -40
49 -14 -21
49 -14 -24
49 -14 -28
49 -14 -42
49 -15 -25
49 -15 -36
49 -16 -9
49 -16 -19
49 -16 -41
49 -16 -42
49 -17 -40
49 -19 -1
49 -20 -30
49 -21 -4
49 -22 -4
49 -22 -11
49 -22 -33
49 -22 -39
49 -22 -43
49 -23 -9
49 -23 -23
49 -24 -22
49 -24 -39
49 -25 -27
49 -26 -22
49 -27 -19
49 -27 -28
49 -28 -25
49 -28 -29
49 -30 -9
49 -31 -3
49 -31 -6
49 -31 -31
49 -32 -43
49 -33 -44
49 -34 -37
49 -34 -42
49 -35 -18
49 -35 -31
49 -36 -11
49 -36 -16
49 -36 -27
49 -36 -41
49 -37 -3
49 -38 -6
49 -38 -9
49 -38 -15
49 -38 -43
49 -40 -5
49 -40 -8
49 -41 -22
49 -41 -30
49 -42 -42
49 -43 -37
49 -44 -8
49 -44 -20
49 -44 -26
50 0 -1
50 -3 -20
50 -4 -23
50 -5 -9
50 -5 -34
50 -6 -11
50 -6 -13
50 -6 -38
50 -8 -12
50 -8 -25
50 -8 -28
50 -8 -36
50 -9 0
50 -9 -10
50 -10 -43
50 -11 -6
50 -11 -18
50 -11 -40
50 -12 -40
50 -14 -21
50 -14 -24
50 -14 -28
50 -14 -42
50 -15 -25
50 -15 -36
50 -16 -9
50 -16 -19
50 -16 -41
50 -16 -42
50 -17 -40
50 -19 -1
50 -20 -30
50 -21 -4
50 -22 -4
50 -22 -11
50 -22 -33
50 -22 -39
50 -22 -43
50 -23 -9
50 -23 -23
50 -24 -22
50 -24 -39
50 -25 -27
50 -26 -22
50 -27 -19
50 -27 -28
50 -28 -25
50 -28 -29
50 -30 -9
50 -31 -3
50 -31 -6
50 -31 -31
50 -32 -43
50 -33 -44
50 -34 -37
50 -34 -42
50 -35 -18
50 -35 -31
50 -36 -11
50 -36 -16
50 -36 -27
50 -36 -41
50 -37 -3
50 -38 -6
50 -38 -9
50 -38 -15
50 -38 -43
50 -40 -5
50 -40 -8
50 -41 -22
50 -41 -30
50 -42 -42
50 -43 -37
50 -44 -8
50 -44 -20
50 -44 -26
51 0 -1
51 -3 -20
51 -4 -23
51 -5 -9
51 -5 -34
51 -6 -11
51 -6 -13
51 -6 -38
51 -8 -12
51 -8 -25
51 -8 -28
51 -8 -36
51 -9 0
51 -9 -10
51 -10 -43
51 -11 -6
51 -11 -18
51 -11 -40
51 -12 -40
51 -14 -21
51 -14 -24
51 -14 -28
51 -14 -42
51 -15 -25
51 -15 -36
51 -16 -9
51 -16 -19
51 -16 -41
51 -16 -42
51 -17 -40
51 -19 -1
51 -20 -30
51 -21 -4
51 -22 -4
51 -22 -11
51 -22 -33
51 -22 -39
51 -22 -43
51 -23 -9
51 -23 -23
51 -24 -22
51 -24 -39
51 -25 -27
51 -26 -22
51 -27 -19
51 -27 -28
51 -28 -25
51 -28 -29
51 -30 -9
51 -31 -3
51 -31 -6
51 -31 -31
51 -32 -43
51 -33 -44
51 -34 -37
51 -34 -42
51 -35 -18
51 -35 -31
51 -36 -11
51 -36 -16
51 -36 -27
51 -36 -41
51 -37 -3
51 -38 -6
51 -38 -9
51 -38 -15
51 -38 -43
51 -40 -5
51 -40 -8
51 -41 -22
51 -41 -30
51 -42 -42
51 -43 -37
51 -44 -8
51 -44 -20
51 -44 -26
52 0 -1
52 -3 -20
52 -4 -23
52 -5 -9
52 -5 -34
52 -6 -11
52 -6 -13
52 -6 -38
52 -8 -12
52 -8 -25
52 -8 -28
52 -8 -36
52 -9 0
52 -9 -10
52 -10 -43
52 -11 -6
52 -11 -18
52 -11 -40
52 -12 -40
52 -14 -21
52 -14 -24
52 -14 -28
52 -14 -42
52 -15 -25
52 -15 -36
52 -16 -9
52 -16 -19
52 -16 -41
52 -16 -42
52 -17 -40
52 -19 -1
52 -20 -30
52 -21 -4
52 -22 -4
52 -22 -11
52 -22 -33
52 -22 -39
52 -22 -43
52 -23 -9
52 -23 -23
52 -24 -22
52 -24 -39
52 -25 -27
52 -26 -22
52 -27 -19
52 -27 -28
52 -28 -25
52 -28 -29
52 -30 -9
52 -31 -3
52 -31 -6
52 -31 -31
52 -32 -43
52 -33 -44
52 -34 -37
52 -34 -42
52 -35 -18
52 -35 -31
52 -36 -11
52 -36 -16
52 -36 -27
52 -36 -41
52 -37 -3
52 -38 -6
52 -38 -9
52 -38 -15
52 -38 -43
52 -40 -5
52 -40 -8
52 -41 -22
52 -41 -30
52 -42 -42
52 -43 -37
52 -44 -8
52 -44 -20
52 -44 -26
53 0 -1
53 -3 -20
53 -4 -23
53 -5 -9
53 -5 -34
53 -6 -11
53 -6 -13
53 -6 -38
53 -8 -12
53 -8 -25
53 -8 -28
53 -8 -36
53 -9 0
53 -9 -10
53 -10 -43
53 -11 -6
53 -11 -18
53 -11 -40
53 -12 -40
53 -14 -21
53 -14 -24
53 -14 -28
53 -14 -42
53 -15 -25
53 -15 -36
53 -16 -9
53 -16 -19
53 -16 -41
53 -16 -42
53 -17 -40
53 -19 -1
53 -20 -30
53 -21 -4
53 -22 -4
53 -22 -11
53 -22 -33
53 -22 -39
53 -22 -43
53 -23 -9
53 -23 -23
53 -24 -22
53 -24 -39
53 -25 -27
53 -26 -22
53 -27 -19
53 -27 -28
53 -28 -25
53 -28 -29
53 -30 -9
53 -31 -3
53 -31 -6
53 -31 -31
53 -32 -43
53 -33 -44
53 -34 -37
53 -34 -42
53 -35 -18
53 -35 -31
53 -36 -11
53 -36 -16
53 -36 -27
53 -36 -41
53 -37 -3
53 -38 -6
53 -38 -9
53 -38 -15
53 -38 -43
53 -40 -5
53 -40 -8
53 -41 -22
53 -41 -30
53 -42 -42
53 -43 -37
53 -44 -8
53 -44 -20
53 -44 -26
54 0 -1
54 -3 -20
54 -4 -23
54 -5 -9
54 -5 -34
54 -6 -11
54 -6 -13
54 -6 -38
54 -8 -12
54 -8 -25
54 -8 -28
54 -8 -36
54 -9 0
54 -9 -10
54 -10 -43
54 -11 -6
54 -11 -18
54 -11 -40
54 -12 -40
54 -14 -21
54 -14 -24
54 -14 -28
54 -14 -42
54 -15 -25
54 -15 -36
54 -16 -9
54 -16 -19
54 -16 -41
54 -16 -42
54 -17 -40
54 -19 -1
54 -20 -30
54 -21 -4
54 -22 -4
54 -22 -11
54 -22 -33
54 -22 -39
54 -22 -43
54 -23 -9
54 -23 -23
54 -24 -22
54 -24 -39
54 -25 -27
54 -26 -22
54 -27 -19
54 -27 -28
54 -28 -25
54 -28 -29
54 -30 -9
54 -31 -3
54 -31 -6
54 -31 -31
54 -32 -43
54 -33 -44
54 -34 -37
54 -34 -42
54 -35 -18
54 -35 -31
54 -36 -11
54 -36 -16
54 -36 -27
54 -36 -41
54 -37 -3
54 -38 -6
54 -38 -9
54 -38 -15
54 -38 -43
54 -40 -5
54 -40 -8
54 -41 -22
54 -41 -30
54 -42 -42
54 -43 -37
54 -44 -8
54 -44 -20
54 -44 -26
55 0 -1
55 -3 -20
55 -4 -23
55 -5 -9
55 -5 -34
55 -6 -11
55 -6 -13
55 -6 -38
55 -8 -12
55 -8 -25
55 -8 -28
55 -8 -36
55 -9 0
55 -9 -10
55 -10 -43
55 -11 -6
55 -11 -18
55 -11 -40
55 -12 -40
55 -14 -21
55 -14 -24
55 -14 -28
55 -14 -42
55 -15 -25
55 -15 -36
55 -16 -9
55 -16 -19
55 -16 -41
55 -16 -42
55 -17 -40
55 -19 -1
55 -20 -30
55 -21 -4
55 -22 -4
55 -22 -11
55 -22 -33
55 -22 -39
55 -22 -43
55 -23 -9
55 -23 -23
55 -24 -22
55 -24 -39
55 -25 -27
55 -26 -22
55 -27 -19
55 -27 -28
55 -28 -25
55 -28 -29
55 -30 -9
55 -31 -3
55 -31 -6
55 -31 -31
55 -32 -43
55 -33 -44
55 -34 -37
55 -34 -42
55 -35 -18
55 -35 -31
55 -36 -11
55 -36 -16
55 -36 -27
55 -36 -41
55 -37 -3
55 -38 -6
55 -38 -9
55 -38 -15
55 -38 -43
55 -40 -5
55 -40 -8
55 -41 -22
55 -41 -30
55 -42 -42
55 -43 -37
55 -44 -8
55 -44 -20
55 -44 -26
56 0 -1
56 -3 -20
56 -4 -23
56 -5 -9
56 -5 -34
56 -6 -11
56 -6 -13
56 -6 -38
56 -8 -12
56 -8 -25
56 -8 -28
56 -8 -36
56 -9 0
56 -9 -10
56 -10 -43
56 -11 -6
56 -11 -18
56 -11 -40
56 -12 -40
56 -14 -21
56 -14 -24
56 -14 -28
56 -14 -42
56 -15 -25
56 -15 -36
56 -16 -9
56 -16 -19
56 -16 -41
56 -16 -42
56 -17 -40
56 -19 -1
56 -20 -30
56 -21 -4
56 -22 -4
56 -22 -11
56 -22 -33
56 -22 -39
56 -22 -43
56 -23 -9
56 -23 -23
56 -24 -22
56 -24 -39
56 -25 -27
56 -26 -22
56 -27 -19
56 -27 -28
56 -28 -25
56 -28 -29
56 -30 -9
56 -31 -3
56 -31 -6
56 -31 -31
56 -32 -43
56 -33 -44
56 -34 -37
56 -34 -42
56 -35 -18
56 -35 -31
56 -36 -11
56 -36 -16
56 -36 -27
56 -36 -41
56 -37 -3
56 -38 -6
56 -38 -9
56 -38 -15
56 -38 -43
56 -40 -5
56 -40 -8
56 -41 -22
56 -41 -30
56 -42 -42
56 -43 -37
56 -44 -8
56 -44 -20
56 -44 -26
57 0 -1
57 -3 -20
57 -4 -23
57 -5 -9
57 -5 -34
57 -6 -11
57 -6 -13
57 -6 -38
57 -8 -12
57 -8 -25
57 -8 -28
57 -8 -36
57 -9 0
57 -9 -10
57 -10 -43
57 -11 -6
57 -11 -18
57 -11 -40
57 -12 -40
57 -14 -21
57 -14 -24
57 -14 -28
57 -14 -42
57 -15 -25
57 -15 -36
57 -16 -9
57 -16 -19
57 -16 -41
57 -16 -42
57 -17 -40
57 -19 -1
57 -20 -30
57 -21 -4
57 -22 -4
57 -22 -11
57 -22 -33
57 -22 -39
57 -22 -43
57 -23 -9
57 -23 -23
57 -24 -22
57 -24 -39
57 -25 -27
57 -26 -22
57 -27 -19
57 -27 -28
57 -28 -25
57 -28 -29
57 -30 -9
57 -31 -3
57 -31 -6
57 -31 -31
57 -32 -43
57 -33 -44
57 -34 -37
57 -34 -42
57 -35 -18
57 -35 -31
57 -36 -11
57 -36 -16
57 -36 -27
57 -36 -41
57 -37 -3
57 -38 -6
57 -38 -9
57 -38 -15
57 -38 -43
57 -40 -5
57 -40 -8
57 -41 -22
57 -41 -30
57 -42 -42
57 -43 -37
57 -44 -8
57 -44 -20
57 -44 -26
58 0 -1
58 -3 -20
58 -4 -23
58 -5 -9
58 -5 -34
58 -6 -11
58 -6 -13
58 -6 -38
58 -8 -12
58 -8 -25
58 -8 -28
58 -8 -36
58 -9 0
58 -9 -10
58 -10 -43
58 -11 -6
58 -11 -18
58 -11 -40
58 -12 -40
58 -14 -21
58 -14 -24
58 -14 -28
58 -14 -42
58 -15 -25
58 -15 -36
58 -16 -9
58 -16 -19
58 -16 -41
58 -16 -42
58 -17 -40
58 -19 -1
58 -20 -30
58 -21 -4
58 -22 -4
58 -22 -11
58 -22 -33
58 -22 -39
58 -22 -43
58 -23 -9
58 -23 -23
58 -24 -22
58 -24 -39
58 -25 -27
58 -26 -22
58 -27 -19
58 -27 -28
58 -28 -25
58 -28 -29
58 -30 -9
58 -31 -3
58 -31 -6
58 -31 -31
58 -32 -43
58 -33 -44
58 -34 -37
58 -34 -42
58 -35 -18
58 -35 -31
58 -36 -11
58 -36 -16
58 -36 -27
58 -36 -41
58 -37 -3
58 -38 -6
58 -38 -9
58 -38 -15
58 -38 -43
58 -40 -5
58 -40 -8
58 -41 -22
58 -41 -30
58 -42 -42
58 -43 -37
58 -44 -8
58 -44 -20
58 -44 -26
59 0 -1
59 -3 -20
59 -4 -23
59 -5 -9
59 -5 -34
59 -6 -11
59 -6 -13
59 -6 -38
59 -8 -12
59 -8 -25
59 -8 -28
59 -8 -36
59 -9 0
59 -9 -10
59 -10 -43
59 -11 -6
59 -11 -18
59 -11 -40
59 -12 -40
59 -14 -21
59 -14 -24
59 -14 -28
59 -14 -42
59 -15 -25
59 -15 -36
59 -16 -9
59 -16 -19
59 -16 -41
59 -16 -42
59 -17 -40
59 -19 -1
59 -20 -30
59 -21 -4
59 -22 -4
59 -22 -11
59 -22 -33
59 -22 -39
59 -22 -43
59 -23 -9
59 -23 -23
59 -24 -22
59 -24 -39
59 -25 -27
59 -26 -22
59 -27 -19
59 -27 -28
59 -28 -25
59 -28 -29
59 -30 -9
59 -31 -3
59 -31 -6
59 -31 -31
59 -32 -43
59 -33 -44
59 -34 -37
59 -34 -42
59 -35 -18
59 -35 -31
59 -36 -11
59 -36 -16
59 -36 -27
59 -36 -41
59 -37 -3
59 -38 -6
59 -38 -9
59 -38 -15
59 -38 -43
59 -40 -5
59 -40 -8
59 -41 -22
59 -41 -30
59 -42 -42
59 -43 -37
59 -44 -8
59 -44 -20
59 -44 -26
60 0 -1
60 -3 -20
60 -4 -23
60 -5 -9
60 -5 -34
60 -6 -11
60 -6 -13
60 -6 -38
60 -8 -12
60 -8 -25
60 -8 -28
60 -8 -36
60 -9 0
60 -9 -10
60 -10 -43
60 -11 -6
60 -11 -18
60 -11 -40
60 -12 -40
60 -14 -21
60 -14 -24
60 -14 -28
60 -14 -42
60 -15 -25
60 -15 -36
60 -16 -9
60 -16 -19
60 -16 -41
60 -16 -42
60 -17 -40
60 -19 -1
60 -20 -30
60 -21 -4
60 -22 -4
60 -22 -11
60 -22 -33
60 -22 -39
60 -22 -43
60 -23 -9
60 -23 -23
60 -24 -22
60 -24 -39
60 -25 -27
60 -26 -22
60 -27 -19
60 -27 -28
60 -28 -25
60 -28 -29
60 -30 -9
60 -31 -3
60 -31 -6
60 -31 -31
60 -32 -43
60 -33 -44
60 -34 -37
60 -34 -42
60 -35 -18
60 -35 -31
60 -36 -11
60 -36 -16
60 -36 -27
60 -36 -41
60 -37 -3
60 -38 -6
60 -38 -9
60 -38 -15
60 -38 -43
60 -40 -5
60 -40 -8
60 -41 -22
60 -41 -30
60 -42 -42
60 -43 -37
60 -44 -8
60 -44 -20
60 -44 -26
61 0 -1
61 -3 -20
61 -4 -23
61 -5 -9
61 -5 -34
61 -6 -11
61 -6 -13
61 -6 -38
61 -8 -12
61 -8 -25
61 -8 -28
61 -8 -36
61 -9 0
61 -9 -10
61 -10 -43
61 -11 -6
61 -11 -18
61 -11 -40
61 -12 -40
61 -14 -21
61 -14 -24
61 -14 -28
61 -14 -42
61 -15 -25
61 -15 -36
61 -16 -9
61 -16 -19
61 -16 -41
61 -16 -42
61 -17 -40
61 -19 -1
61 -20 -30
61 -21 -4
61 -22 -4
61 -22 -11
61 -22 -33
61 -22 -39
61 -22 -43
61 -23 -9
61 -23 -23
61 -24 -22
61 -24 -39
61 -25 -27
61 -26 -22
61 -27 -19
61 -27 -28
61 -28 -25
61 -28 -29
61 -30 -9
61 -31 -3
61 -31 -6
61 -31 -31
61 -32 -43
61 -33 -44
61 -34 -37
61 -34 -42
61 -35 -18
61 -35 -31
61 -36 -11
61 -36 -16
61 -36 -27
61 -36 -41
61 -37 -3
61 -38 -6
61 -38 -9
61 -38 -15
61 -38 -43
61 -40 -5
61 -40 -8
61 -41 -22
61 -41 -30
61 -42 -42
61 -43 -37
61 -44 -8
61 -44 -20
61 -44 -26
62 0 -1
62 -3 -20
62 -4 -23
62 -5 -9
62 -5 -34
62 -6 -11
62 -6 -13
62 -6 -38
62 -8 -12
62 -8 -25
62 -8 -28
62 -8 -36
62 -9 0
62 -9 -10
62 -10 -43
62 -11 -6
62 -11 -18
62 -11 -40
62 -12 -40
62 -14 -21
62 -14 -24
62 -14 -28
62 -14 -42
62 -15 -25
62 -15 -36
62 -16 -9
62 -16 -19
62 -16 -41
62 -16 -42
62 -17 -40
62 -19 -1
62 -20 -30
62 -21 -4
62 -22 -4
62 -22 -11
62 -22 -33
62 -22 -39
62 -22 -43
62 -23 -9
62 -23 -23
62 -24 -22
62 -24 -39
62 -25 -27
62 -26 -22
62 -27 -19
62 -27 -28
62 -28 -25
62 -28 -29
62 -30 -9
62 -31 -3
62 -31 -6
62 -31 -31
62 -32 -43
62 -33 -44
62 -34 -37
62 -34 -42
62 -35 -18
62 -35 -31
62 -36 -11
62 -36 -16
62 -36 -27
62 -36 -41
62 -37 -3
62 -38 -6
62 -38 -9
62 -38 -15
62 -38 -43
62 -40 -5
62 -40 -8
62 -41 -22
62 -41 -30
62 -42 -42
62 -43 -37
62 -44 -8
62 -44 -20
62 -44 -26
63 0 -1
63 -3 -20
63 -4 -23
63 -5 -9
63 -5 -34
63 -6 -11
63 -6 -13
63 -6 -38
63 -8 -12
63 -8 -25
63 -8 -28
63 -8 -36
63 -9 0
63 -9 -10
63 -10 -43
63 -11 -6
63 -11 -18
63 -11 -40
63 -12 -40
63 -14 -21
63 -14 -24
63 -14 -28
63 -14 -42
63 -15 -25
63 -15 -36
63 -16 -9
63 -16 -19
63 -16 -41
63 -16 -42
63 -17 -40
63 -19 -1
63 -20 -30
63 -21 -4
63 -22 -4
63 -22 -11
63 -22 -33
63 -22 -39
63 -22 -43
63 -23 -9
63 -23 -23
63 -24 -22
63 -24 -39
63 -25 -27
63 -26 -22
63 -27 -19
63 -27 -28
63 -28 -25
63 -28 -29
63 -30 -9
63 -31 -3
63 -31 -6
63 -31 -31
63 -32 -43
63 -33 -44
63 -34 -37
63 -34 -42
63 -35 -18
63 -35 -31
63 -36 -11
63 -36 -16
63 -36 -27
63 -36 -41
63 -37 -3
63 -38 -6
63 -38 -9
63 -38 -15
63 -38 -43
63 -40 -5
63 -40 -8
63 -41 -22
63 -41 -30
63 -42 -42
63 -43 -37
63 -44 -8
63 -44 -20
63 -44 -26
64 0 -1
64 -3 -20
64 -4 -23
64 -5 -9
64 -5 -34
64 -6 -11
64 -6 -13
64 -6 -38
64 -8 -12
64 -8 -25
64 -8 -28
64 -8 -36
64 -9 0
64 -9 -10
64 -10 -43
64 -11 -6
64 -11 -18
64 -11 -40
64 -12 -40
64 -14 -21
64 -14 -24
64 -14 -28
64 -14 -42
64 -15 -25
64 -15 -36
64 -16 -9
64 -16 -19
64 -16 -41
64 -16 -42
64 -17 -40
64 -19 -1
64 -20 -30
64 -21 -4
64 -22 -4
64 -22 -11
64 -22 -33
64 -22 -39
64 -22 -43
64 -23 -9
64 -23 -23
64 -24 -22
64 -24 -39
64 -25 -27
64 -26 -22
64 -27 -19
64 -27 -28
64 -28 -25
64 -28 -29
64 -30 -9
64 -31 -3
64 -31 -6
64 -31 -31
64 -32 -43
64 -33 -44
64 -34 -37
64 -34 -42
64 -35 -18
64 -35 -31
64 -36 -11
64 -36 -16
64 -36 -27
64 -36 -41
64 -37 -3
64 -38 -6
64 -38 -9
64 -38 -15
64 -38 -43
64 -40 -5
64 -40 -8
64 -41 -22
64 -41 -30
64 -42 -42
64 -43 -37
64 -44 -8
64 -44 -20
64 -44 -26
65 0 -1
65 -3 -20
65 -4 -23
65 -5 -9
65 -5 -34
65 -6 -11
65 -6 -13
65 -6 -38
65 -8 -12
65 -8 -25
65 -8 -28
65 -8 -36
65 -9 0
65 -9 -10
65 -10 -43
65 -11 -6
65 -11 -18
65 -11 -40
65 -12 -40
65 -14 -21
65 -14 -24
65 -14 -28
65 -14 -42
65 -15 -25
65 -15 -36
65 -16 -9
65 -16 -19
65 -16 -41
65 -16 -42
65 -17 -40
65 -19 -1
65 -20 -30
65 -21 -4
65 -22 -4
65 -22 -11
65 -22 -33
65 -22 -39
65 -22 -43
65 -23 -9
65 -23 -23
65 -24 -22
65 -24 -39
65 -25 -27
65 -26 -22
65 -27 -19
65 -27 -28
65 -28 -25
65 -28 -29
65 -30 -9
65 -31 -3
65 -31 -6
65 -31 -31
65 -32 -43
65 -33 -44
65 -34 -37
65 -34 -42
65 -35 -18
65 -35 -31
65 -36 -11
65 -36 -16
65 -36 -27
65 -36 -41
65 -37 -3
65 -38 -6
65 -38 -9
65 -38 -15
65 -38 -43
65 -40 -5
65 -40 -8
65 -41 -22
65 -41 -30
65 -42 -42
65 -43 -37
65 -44 -8
65 -44 -20
65 -44 -26
66 0 -1
66 -3 -20
66 -4 -23
66 -5 -9
66 -5 -34
66 -6 -11
66 -6 -13
66 -6 -38
66 -8 -12
66 -8 -25
66 -8 -28
66 -8 -36
66 -9 0
66 -9 -10
66 -10 -43
66 -11 -6
66 -11 -18
66 -11 -40
66 -12 -40
66 -14 -21
66 -14 -24
66 -14 -28
66 -14 -42
66 -15 -25
66 -15 -36
66 -16 -9
66 -16 -19
66 -16 -41
66 -16 -42
66 -17 -40
66 -19 -1
66 -20 -30
66 -21 -4
66 -22 -4
66 -22 -11
66 -22 -33
66 -22 -39
66 -22 -43
66 -23 -9
66 -23 -23
66 -24 -22
66 -24 -39
66 -25 -27
66 -26 -22
66 -27 -19
66 -27 -28
66 -28 -25
66 -28 -29
66 -30 -9
66 -31 -3
66 -31 -6
66 -31 -31
66 -32 -43
66 -33 -44
66 -34 -37
66 -34 -42
66 -35 -18
66 -35 -31
66 -36 -11
66 -36 -16
66 -36 -27
66 -36 -41
66 -37 -3
66 -38 -6
66 -38 -9
66 -38 -15
66 -38 -43
66 -40 -5
66 -40 -8
66 -41 -22
66 -41 -30
66 -42 -42
66 -43 -37
66 -44 -8
66 -44 -20
66 -44 -26
67 0 -1
67 -3 -20
67 -4 -23
67 -5 -9
67 -5 -34
67 -6 -11
67 -6 -13
67 -6 -38
67 -8 -12
67 -8 -25
67 -8 -28
67 -8 -36
67 -9 0
67 -9 -10
67 -10 -43
67 -11 -6
67 -11 -18
67 -11 -40
67 -12 -40
67 -14 -21
67 -14 -24
67 -14 -28
67 -14 -42
67 -15 -25
67 -15 -36
67 -16 -9
67 -16 -19
67 -16 -41
67 -16 -42
67 -17 -40
67 -19 -1
67 -20 -30
67 -21 -4
67 -22 -4
67 -22 -11
67 -22 -33
67 -22 -39
67 -22 -43
67 -23 -9
67 -23 -23
67 -24 -22
67 -24 -39
67 -25 -27
67 -26 -22
67 -27 -19
67 -27 -28
67 -28 -25
67 -28 -29
67 -30 -9
67 -31 -3
67 -31 -6
67 -31 -31
67 -32 -43
67 -33 -44
67 -34 -37
67 -34 -42
67 -35 -18
67 -35 -31
67 -36 -11
67 -36 -16
67 -36 -27
67 -36 -41
67 -37 -3
67 -38 -6
67 -38 -9
67 -38 -15
67 -38 -43
67 -40 -5
67 -40 -8
67 -41 -22
67 -41 -30
67 -42 -42
67 -43 -37
67 -44 -8
67 -44 -20
67 -44 -26
68 0 -1
68 -3 -20
68 -4 -23
68 -5 -9
68 -5 -34
68 -6 -11
68 -6 -13
68 -6 -38
68 -8 -12
68 -8 -25
68 -8 -28
68 -8 -36
68 -9 0
68 -9 -10
68 -10 -43
68 -11 -6
68 -11 -18
68 -11 -40
68 -12 -40
68 -14 -21
68 -14 -24
68 -14 -28
68 -14 -42
68 -15 -25
68 -15 -36
68 -16 -9
68 -16 -19
68 -16 -41
68 -16 -42
68 -17 -40
68 -19 -1
68 -20 -30
68 -21 -4
68 -22 -4
68 -22 -11
68 -22 -33
68 -22 -39
68 -22 -43
68 -23 -9
68 -23 -23
68 -24 -22
68 -24 -39
68 -25 -27
68 -26 -22
68 -27 -19
68 -27 -28
68 -28 -25
68 -28 -29
68 -30 -9
68 -31 -3
68 -31 -6
68 -31 -31
68 -32 -43
68 -33 -44
68 -34 -37
68 -34 -42
68 -35 -18
68 -35 -31
68 -36 -11
68 -36 -16
68 -36 -27
68 -36 -41
68 -37 -3
68 -38 -6
68 -38 -9
68 -38 -15
68 -38 -43
68 -40 -5
68 -40 -8
68 -41 -22
68 -41 -30
68 -42 -42
68 -43 -37
68 -44 -8
68 -44 -20
68 -44 -26
69 0 -1
69 -3 -20
69 -4 -23
69 -5 -9
69 -5 -34
69 -6 -11
69 -6 -13
69 -6 -38
69 -8 -12
69 -8 -25
69 -8 -28
69 -8 -36
69 -9 0
69 -9 -10
69 -10 -43
69 -11 -6
69 -11 -18
69 -11 -40
69 -12 -40
69 -14 -21
69 -14 -24
69 -14 -28
69 -14 -42
69 -15 -25
69 -15 -36
69 -16 -9
69 -16 -19
69 -16 -41
69 -16 -42
69 -17 -40
69 -19 -1
69 -20 -30
69 -21 -4
69 -22 -4
69 -22 -11
69 -22 -33
69 -22 -39
69 -22 -43
69 -23 -9
69 -23 -23
69 -24 -22
69 -24 -39
69 -25 -27
69 -26 -22
69 -27 -19
69 -27 -28
69 -28 -25
69 -28 -29
69 -30 -9
69 -31 -3
69 -31 -6
69 -31 -31
69 -32 -43
69 -33 -44
69 -34 -37
69 -34 -42
69 -35 -18
69 -35 -31
69 -36 -11
69 -36 -16
69 -36 -27
69 -36 -41
69 -37 -3
69 -38 -6
69 -38 -9
69 -38 -15
69 -38 -43
69 -40 -5
69 -40 -8
69 -41 -22
69 -41 -30
69 -42 -42
69 -43 -37
69 -44 -8
69 -44 -20
69 -44 -26
70 0 -1
70 -3 -20
70 -4 -23
70 -5 -9
70 -5 -34
70 -6 -11
70 -6 -13
70 -6 -38
70 -8 -12
70 -8 -25
70 -8 -28
70 -8 -36
70 -9 0
70 -9 -10
70 -10 -43
70 -11 -6
70 -11 -18
70 -11 -40
70 -12 -40
70 -14 -21
70 -14 -24
70 -14 -28
70 -14 -42
70 -15 -25
70 -15 -36
70 -16 -9
70 -16 -19
70 -16 -41
70 -16 -42
70 -17 -40
70 -19 -1
70 -20 -30
70 -21 -4
70 -22 -4
70 -22 -11
70 -22 -33
70 -22 -39
70 -22 -43
70 -23 -9
70 -23 -23
70 -24 -22
70 -24 -39
70 -25 -27
70 -26 -22
70 -27 -19
70 -27 -28
70 -28 -25
70 -28 -29
70 -30 -9
70 -31 -3
70 -31 -6
70 -31 -31
70 -32 -43
70 -33 -44
70 -34 -37
70 -34 -42
70 -35 -18
70 -35 -31
70 -36 -11
70 -36 -16
70 -36 -27
70 -36 -41
70 -37 -3
70 -38 -6
70 -38 -9
70 -38 -15
70 -38 -43
70 -40 -5
70 -40 -8
70 -41 -22
70 -41 -30
70 -42 -42
70 -43 -37
70 -44 -8
70 -44 -20
70 -44 -26
71 0 -1
71 -3 -20
71 -4 -23
71 -5 -9
71 -5 -34
71 -6 -11
71 -6 -13
71 -6 -38
71 -8 -12
71 -8 -25
71 -8 -28
71 -8 -36
71 -9 0
71 -9 -10
71 -10 -43
71 -11 -6
71 -11 -18
71 -11 -40
71 -12 -40
71 -14 -21
71 -14 -24
71 -14 -28
71 -14 -42
71 -15 -25
71 -15 -36
71 -16 -9
71 -16 -19
71 -16 -41
71 -16 -42
71 -17 -40
71 -19 -1
71 -20 -30
71 -21 -4
71 -22 -4
71 -22 -11
71 -22 -33
71 -22 -39
71 -22 -43
71 -23 -9
71 -23 -23
71 -24 -22
71 -24 -39
71 -25 -27
71 -26 -22
71 -27 -19
71 -27 -28
71 -28 -25
71 -28 -29
71 -30 -9
71 -31 -3
71 -31 -6
71 -31 -31
71 -32 -43
71 -33 -44
71 -34 -37
71 -34 -42
71 -35 -18
71 -35 -31
71 -36 -11
71 -36 -16
71 -36 -27
71 -36 -41
71 -37 -3
71 -38 -6
71 -38 -9
71 -38 -15
71 -38 -43
71 -40 -5
71 -40 -8
71 -41 -22
71 -41 -30
71 -42 -42
71 -43 -37
71 -44 -8
71 -44 -20
71 -44 -26
72 0 -1
72 -3 -20
72 -4 -23
72 -5 -9
72 -5 -34
72 -6 -11
72 -6 -13
72 -6 -38
72 -8 -12
72 -8 -25
72 -8 -28
72 -8 -36
72 -9 0
72 -9 -10
72 -10 -43
72 -11 -6
72 -11 -18
72 -11 -40
72 -12 -40
72 -14 -21
72 -14 -24
72 -14 -28
72 -14 -42
72 -15 -25
72 -15 -36
72 -16 -9
72 -16 -19
72 -16 -41
72 -16 -42
72 -17 -40
72 -19 -1
72 -20 -30
72 -21 -4
72 -22 -4
72 -22 -11
72 -22 -33
72 -22 -39
72 -22 -43
72 -23 -9
72 -23 -23
72 -24 -22
72 -24 -39
72 -25 -27
72 -26 -22
72 -27 -19
72 -27 -28
72 -28 -25
72 -28 -29
72 -30 -9
72 -31 -3
72 -31 -6
72 -31 -31
72 -32 -43
72 -33 -44
72 -34 -37
72 -34 -42
72 -35 -18
72 -35 -31
72 -36 -11
72 -36 -16
72 -36 -27
72 -36 -41
72 -37 -3
72 -38 -6
72 -38 -9
72 -38 -15
72 -38 -43
72 -40 -5
72 -40 -8
72 -41 -22
72 -41 -30
72 -42 -42
72 -43 -37
72 -44 -8
72 -44 -20
72 -44 -26
73 0 -1
73 -3 -20
73 -4 -23
73 -5 -9
73 -5 -34
73 -6 -11
73 -6 -13
73 -6 -38
73 -8 -12
73 -8 -25
73 -8 -28
73 -8 -36
73 -9 0
73 -9 -10
73 -10 -43
73 -11 -6
73 -11 -18
73 -11 -40
73 -12 -40
73 -14 -21
73 -14 -24
73 -14 -28
73 -14 -42
73 -15 -25
73 -15 -36
73 -16 -9
73 -16 -19
73 -16 -41
73 -16 -42
73 -17 -40
73 -19 -1
73 -20 -30
73 -21 -4
73 -22 -4
73 -22 -11
73 -22 -33
73 -22 -39
73 -22 -43
73 -23 -9
73 -23 -23
73 -24 -22
73 -24 -39
73 -25 -27
73 -26 -22
73 -27 -19
73 -27 -28
73 -28 -25
73 -28 -29
73 -30 -9
73 -31 -3
73 -31 -6
73 -31 -31
73 -32 -43
73 -33 -44
73 -34 -37
73 -34 -42
73 -35 -18
73 -35 -31
73 -36 -11
73 -36 -16
73 -36 -27
73 -36 -41
73 -37 -3
73 -38 -6
73 -38 -9
73 -38 -15
73 -38 -43
73 -40 -5
73 -40 -8
73 -41 -22
73 -41 -30
73 -42 -42
73 -43 -37
73 -44 -8
73 -44 -20
73 -44 -26
74 0 -1
74 -3 -20
74 -4 -23
74 -5 -9
74 -5 -34
74 -6 -11
74 -6 -13
74 -6 -38
74 -8 -12
74 -8 -25
74 -8 -28
74 -8 -36
74 -9 0
74 -9 -10
74 -10 -43
74 -11 -6
74 -11 -18
74 -11 -40
74 -12 -40
74 -14 -21
74 -14 -24
74 -14 -28
74 -14 -42
74 -15 -25
74 -15 -36
74 -16 -9
74 -16 -19
74 -16 -41
74 -16 -42
74 -17 -40
74 -19 -1
74 -20 -30
74 -21 -4
74 -22 -4
74 -22 -11
74 -22 -33
74 -22 -39
74 -22 -43
74 -23 -9
74 -23 -23
74 -24 -22
74 -24 -39
74 -25 -27
74 -26 -22
74 -27 -19
74 -27 -28
74 -28 -25
74 -28 -29
74 -30 -9
74 -31 -3
74 -31 -6
74 -31 -31
74 -32 -43
74 -33 -44
74 -34 -37
74 -34 -42
74 -35 -18
74 -35 -31
74 -36 -11
74 -36 -16
74 -36 -27
74 -36 -41
74 -37 -3
74 -38 -6
74 -38 -9
74 -38 -15
74 -38 -43
74 -40 -5
74 -40 -8
74 -41 -22
74 -41 -30
74 -42 -42
74 -43 -37
74 -44 -8
74 -44 -20
74 -44 -26
75 0 -1
75 -3 -20
75 -4 -23
75 -5 -9
75 -5 -34
75 -6 -11
75 -6 -13
75 -6 -38
75 -8 -12
75 -8 -25
75 -8 -28
75 -8 -36
75 -9 0
75 -9 -10
75 -10 -43
75 -11 -6
75 -11 -18
75 -11 -40
75 -12 -40
75 -14 -21
75 -14 -24
75 -14 -28
75 -14 -42
75 -15 -25
75 -15 -36
75 -16 -9
75 -16 -19
75 -16 -41
75 -16 -42
75 -17 -40
75 -19 -1
75 -20 -30
75 -21 -4
75 -22 -4
75 -22 -11
75 -22 -33
75 -22 -39
75 -22 -43
75 -23 -9
75 -23 -23
75 -24 -22
75 -24 -39
75 -25 -27
75 -26 -22
75 -27 -19
75 -27 -28
75 -28 -25
75 -28 -29
75 -30 -9
75 -31 -3
75 -31 -6
75 -31 -31
75 -32 -43
75 -33 -44
75 -34 -37
75 -34 -42
75 -35 -18
75 -35 -31
75 -36 -11
75 -36 -16
75 -36 -27
75 -36 -41
75 -37 -3
75 -38 -6
75 -38 -9
75 -38 -15
75 -38 -43
75 -40 -5
75 -40 -8
75 -41 -22
75 -41 -30
75 -42 -42
75 -43 -37
75 -44 -8
75 -44 -20
75 -44 -26
-1 -1 -1
23
34
0
51
4
5
2
1
20
7
29
13
27
11
6
9
32
10
3
19
24
12
22
44
30
21
26
45
31
35
41
33
37
15
18
16
8
57
46
48
14
49
17
55
28
40
25
50
63
68
62
38
61
52
39
43
36
42
53
47
66
67
59
65
56
60
54
75
58
70
64
73
72
69
74
71
  0.069609 seconds (157.25 k allocations: 5.099 MiB)
