950 0 0 0 0 0 0 0 0 0 0 0 0 0 0 0
0 0 0 0 0 0 0 0 0 0 0 0 0 0 0 0
0 0 0 0 0 0 0 0 0 0 0 0 0 0 0 0
0 0 0 0 0 0 0 0 0 0 0 0 0 0 0 0
0 0 0 0 0 0 0 0 0 0 0 0 0 0 0 0
0 0 0 0 0 0 0 0 0 0 0 0 0 0 0 0
0 0 0 0 0 0 0 0 0 0 0 0 0 0 0 0
0 0 0 0 0 0 0 0 0 0 0 0 0 0 0 0
0 0 0 0 0 0 0 0 0 0 0 0 0 0 0 0
0 0 0 0 0 0 0 0 0 0 0 0 0 0 0 0
0 0 0 0 0 0 0 0 0 0 0 0 0 0 0 0
0 0 0 0 0 0 0 0 0 0 0 0 0 0 0 0
0 0 0 0 0 0 0 0 0 0 0 0 0 0 0 0
0 0 0 0 0 0 0 0 0 0 0 0 0 0 0 0
0 0 0 0 0 0 0 0 0 0 0 0 0 0 0 0
0 0 0 0 0 0 0 0 0 0 0 0 0 0 0 0
0 0 -2
0 0 -3
0 0 -11
0 -1 0
0 -1 -2
0 -1 -3
0 -1 -13
0 -1 -14
0 -2 -2
0 -2 -3
0 -2 -5
0 -2 -10
0 -2 -13
0 -3 -6
0 -3 -10
0 -3 -11
0 -3 -12
0 -4 0
0 -4 -3
0 -4 -6
0 -4 -8
0 -4 -9
0 -4 -15
0 -5 -1
0 -5 -10
0 -5 -11
0 -5 -15
0 -6 -1
0 -6 -2
0 -6 -5
0 -6 -9
0 -6 -10
0 -6 -15
0 -7 -2
0 -7 -9
0 -7 -15
0 -8 -4
0 -8 -7
0 -8 -13
0 -8 -14
0 -9 -1
0 -9 -2
0 -9 -7
0 -9 -11
0 -9 -14
0 -9 -15
0 -10 -10
0 -11 -2
0 -11 -10
0 -11 -13
0 -12 -3
0 -12 -6
0 -12 -8
0 -12 -9
0 -12 -11
0 -13 -2
0 -13 -3
0 -13 -4
0 -13 -6
0 -13 -7
0 -13 -13
0 -14 -2
0 -14 -5
0 -14 -8
0 -14 -13
0 -15 -1
0 -15 -4
0 -15 -6
1 0 -2
1 0 -3
1 0 -11
1 -1 0
1 -1 -2
1 -1 -3
1 -1 -13
1 -1 -14
1 -2 -2
1 -2 -3
1 -2 -5
1 -2 -10
1 -2 -13
1 -3 -6
1 -3 -10
1 -3 -11
1 -3 -12
1 -4 0
1 -4 -3
1 -4 -6
1 -4 -8
1 -4 -9
1 -4 -15
1 -5 -1
1 -5 -10
1 -5 -11
1 -5 -15
1 -6 -1
1 -6 -2
1 -6 -5
1 -6 -9
1 -6 -10
1 -6 -15
1 -7 -2
1 -7 -9
1 -7 -15
1 -8 -4
1 -8 -7
1 -8 -13
1 -8 -14
1 -9 -1
1 -9 -2
1 -9 -7
1 -9 -11
1 -9 -14
1 -9 -15
1 -10 -10
1 -11 -2
1 -11 -10
1 -11 -13
1 -12 -3
1 -12 -6
1 -12 -8
1 -12 -9
1 -12 -11
1 -13 -2
1 -13 -3
1 -13 -4
1 -13 -6
1 -13 -7
1 -13 -13
1 -14 -2
1 -14 -5
1 -14 -8
1 -14 -13
1 -15 -1
1 -15 -4
1 -15 -6
2 0 -2
2 0 -3
2 0 -11
2 -1 0
2 -1 -2
2 -1 -3
2 -1 -13
2 -1 -14
2 -2 -2
2 -2 -3
2 -2 -5
2 -2 -10
2 -2 -13
2 -3 -6
2 -3 -10
2 -3 -11
2 -3 -12
2 -4 0
2 -4 -3
2 -4 -6
2 -4 -8
2 -4 -9
2 -4 -15
2 -5 -1
2 -5 -10
2 -5 -11
2 -5 -15
2 -6 -1
2 -6 -2
2 -6 -5
2 -6 -9
2 -6 -10
2 -6 -15
2 -7 -2
2 -7 -9
2 -7 -15
2 -8 -4
2 -8 -7
2 -8 -13
2 -8 -14
2 -9 -1
2 -9 -2
2 -9 -7
2 -9 -11
2 -9 -14
2 -9 -15
2 -10 -10
2 -11 -2
2 -11 -10
2 -11 -13
2 -12 -3
2 -12 -6
2 -12 -8
2 -12 -9
2 -12 -11
2 -13 -2
2 -13 -3
2 -13 -4
2 -13 -6
2 -13 -7
2 -13 -13
2 -14 -2
2 -14 -5
2 -14 -8
2 -14 -13
2 -15 -1
2 -15 -4
2 -15 -6
3 0 -2
3 0 -3
3 0 -11
3 -1 0
3 -1 -2
3 -1 -3
3 -1 -13
3 -1 -14
3 -2 -2
3 -2 -3
3 -2 -5
3 -2 -10
3 -2 -13
3 -3 -6
3 -3 -10
3 -3 -11
3 -3 -12
3 -4 0
3 -4 -3
3 -4 -6
3 -4 -8
3 -4 -9
3 -4 -15
3 -5 -1
3 -5 -10
3 -5 -11
3 -5 -15
3 -6 -1
3 -6 -2
3 -6 -5
3 -6 -9
3 -6 -10
3 -6 -15
3 -7 -2
3 -7 -9
3 -7 -15
3 -8 -4
3 -8 -7
3 -8 -13
3 -8 -14
3 -9 -1
3 -9 -2
3 -9 -7
3 -9 -11
3 -9 -14
3 -9 -15
3 -10 -10
3 -11 -2
3 -11 -10
3 -11 -13
3 -12 -3
3 -12 -6
3 -12 -8
3 -12 -9
3 -12 -11
3 -13 -2
3 -13 -3
3 -13 -4
3 -13 -6
3 -13 -7
3 -13 -13
3 -14 -2
3 -14 -5
3 -14 -8
3 -14 -13
3 -15 -1
3 -15 -4
3 -15 -6
4 0 -2
4 0 -3
4 0 -11
4 -1 0
4 -1 -2
4 -1 -3
4 -1 -13
4 -1 -14
4 -2 -2
4 -2 -3
4 -2 -5
4 -2 -10
4 -2 -13
4 -3 -6
4 -3 -10
4 -3 -11
4 -3 -12
4 -4 0
4 -4 -3
4 -4 -6
4 -4 -8
4 -4 -9
4 -4 -15
4 -5 -1
4 -5 -10
4 -5 -11
4 -5 -15
4 -6 -1
4 -6 -2
4 -6 -5
4 -6 -9
4 -6 -10
4 -6 -15
4 -7 -2
4 -7 -9
4 -7 -15
4 -8 -4
4 -8 -7
4 -8 -13
4 -8 -14
4 -9 -1
4 -9 -2
4 -9 -7
4 -9 -11
4 -9 -14
4 -9 -15
4 -10 -10
4 -11 -2
4 -11 -10
4 -11 -13
4 -12 -3
4 -12 -6
4 -12 -8
4 -12 -9
4 -12 -11
4 -13 -2
4 -13 -3
4 -13 -4
4 -13 -6
4 -13 -7
4 -13 -13
4 -14 -2
4 -14 -5
4 -14 -8
4 -14 -13
4 -15 -1
4 -15 -4
4 -15 -6
5 0 -2
5 0 -3
5 0 -11
5 -1 0
5 -1 -2
5 -1 -3
5 -1 -13
5 -1 -14
5 -2 -2
5 -2 -3
5 -2 -5
5 -2 -10
5 -2 -13
5 -3 -6
5 -3 -10
5 -3 -11
5 -3 -12
5 -4 0
5 -4 -3
5 -4 -6
5 -4 -8
5 -4 -9
5 -4 -15
5 -5 -1
5 -5 -10
5 -5 -11
5 -5 -15
5 -6 -1
5 -6 -2
5 -6 -5
5 -6 -9
5 -6 -10
5 -6 -15
5 -7 -2
5 -7 -9
5 -7 -15
5 -8 -4
5 -8 -7
5 -8 -13
5 -8 -14
5 -9 -1
5 -9 -2
5 -9 -7
5 -9 -11
5 -9 -14
5 -9 -15
5 -10 -10
5 -11 -2
5 -11 -10
5 -11 -13
5 -12 -3
5 -12 -6
5 -12 -8
5 -12 -9
5 -12 -11
5 -13 -2
5 -13 -3
5 -13 -4
5 -13 -6
5 -13 -7
5 -13 -13
5 -14 -2
5 -14 -5
5 -14 -8
5 -14 -13
5 -15 -1
5 -15 -4
5 -15 -6
6 0 -2
6 0 -3
6 0 -11
6 -1 0
6 -1 -2
6 -1 -3
6 -1 -13
6 -1 -14
6 -2 -2
6 -2 -3
6 -2 -5
6 -2 -10
6 -2 -13
6 -3 -6
6 -3 -10
6 -3 -11
6 -3 -12
6 -4 0
6 -4 -3
6 -4 -6
6 -4 -8
6 -4 -9
6 -4 -15
6 -5 -1
6 -5 -10
6 -5 -11
6 -5 -15
6 -6 -1
6 -6 -2
6 -6 -5
6 -6 -9
6 -6 -10
6 -6 -15
6 -7 -2
6 -7 -9
6 -7 -15
6 -8 -4
6 -8 -7
6 -8 -13
6 -8 -14
6 -9 -1
6 -9 -2
6 -9 -7
6 -9 -11
6 -9 -14
6 -9 -15
6 -10 -10
6 -11 -2
6 -11 -10
6 -11 -13
6 -12 -3
6 -12 -6
6 -12 -8
6 -12 -9
6 -12 -11
6 -13 -2
6 -13 -3
6 -13 -4
6 -13 -6
6 -13 -7
6 -13 -13
6 -14 -2
6 -14 -5
6 -14 -8
6 -14 -13
6 -15 -1
6 -15 -4
6 -15 -6
7 0 -2
7 0 -3
7 0 -11
7 -1 0
7 -1 -2
7 -1 -3
7 -1 -13
7 -1 -14
7 -2 -2
7 -2 -3
7 -2 -5
7 -2 -10
7 -2 -13
7 -3 -6
7 -3 -10
7 -3 -11
7 -3 -12
7 -4 0
7 -4 -3
7 -4 -6
7 -4 -8
7 -4 -9
7 -4 -15
7 -5 -1
7 -5 -10
7 -5 -11
7 -5 -15
7 -6 -1
7 -6 -2
7 -6 -5
7 -6 -9
7 -6 -10
7 -6 -15
7 -7 -2
7 -7 -9
7 -7 -15
7 -8 -4
7 -8 -7
7 -8 -13
7 -8 -14
7 -9 -1
7 -9 -2
7 -9 -7
7 -9 -11
7 -9 -14
7 -9 -15
7 -10 -10
7 -11 -2
7 -11 -10
7 -11 -13
7 -12 -3
7 -12 -6
7 -12 -8
7 -12 -9
7 -12 -11
7 -13 -2
7 -13 -3
7 -13 -4
7 -13 -6
7 -13 -7
7 -13 -13
7 -14 -2
7 -14 -5
7 -14 -8
7 -14 -13
7 -15 -1
7 -15 -4
7 -15 -6
8 0 -2
8 0 -3
8 0 -11
8 -1 0
8 -1 -2
8 -1 -3
8 -1 -13
8 -1 -14
8 -2 -2
8 -2 -3
8 -2 -5
8 -2 -10
8 -2 -13
8 -3 -6
8 -3 -10
8 -3 -11
8 -3 -12
8 -4 0
8 -4 -3
8 -4 -6
8 -4 -8
8 -4 -9
8 -4 -15
8 -5 -1
8 -5 -10
8 -5 -11
8 -5 -15
8 -6 -1
8 -6 -2
8 -6 -5
8 -6 -9
8 -6 -10
8 -6 -15
8 -7 -2
8 -7 -9
8 -7 -15
8 -8 -4
8 -8 -7
8 -8 -13
8 -8 -14
8 -9 -1
8 -9 -2
8 -9 -7
8 -9 -11
8 -9 -14
8 -9 -15
8 -10 -10
8 -11 -2
8 -11 -10
8 -11 -13
8 -12 -3
8 -12 -6
8 -12 -8
8 -12 -9
8 -12 -11
8 -13 -2
8 -13 -3
8 -13 -4
8 -13 -6
8 -13 -7
8 -13 -13
8 -14 -2
8 -14 -5
8 -14 -8
8 -14 -13
8 -15 -1
8 -15 -4
8 -15 -6
9 0 -2
9 0 -3
9 0 -11
9 -1 0
9 -1 -2
9 -1 -3
9 -1 -13
9 -1 -14
9 -2 -2
9 -2 -3
9 -2 -5
9 -2 -10
9 -2 -13
9 -3 -6
9 -3 -10
9 -3 -11
9 -3 -12
9 -4 0
9 -4 -3
9 -4 -6
9 -4 -8
9 -4 -9
9 -4 -15
9 -5 -1
9 -5 -10
9 -5 -11
9 -5 -15
9 -6 -1
9 -6 -2
9 -6 -5
9 -6 -9
9 -6 -10
9 -6 -15
9 -7 -2
9 -7 -9
9 -7 -15
9 -8 -4
9 -8 -7
9 -8 -13
9 -8 -14
9 -9 -1
9 -9 -2
9 -9 -7
9 -9 -11
9 -9 -14
9 -9 -15
9 -10 -10
9 -11 -2
9 -11 -10
9 -11 -13
9 -12 -3
9 -12 -6
9 -12 -8
9 -12 -9
9 -12 -11
9 -13 -2
9 -13 -3
9 -13 -4
9 -13 -6
9 -13 -7
9 -13 -13
9 -14 -2
9 -14 -5
9 -14 -8
9 -14 -13
9 -15 -1
9 -15 -4
9 -15 -6
10 0 -2
10 0 -3
10 0 -11
10 -1 0
10 -1 -2
10 -1 -3
10 -1 -13
10 -1 -14
10 -2 -2
10 -2 -3
10 -2 -5
10 -2 -10
10 -2 -13
10 -3 -6
10 -3 -10
10 -3 -11
10 -3 -12
10 -4 0
10 -4 -3
10 -4 -6
10 -4 -8
10 -4 -9
10 -4 -15
10 -5 -1
10 -5 -10
10 -5 -11
10 -5 -15
10 -6 -1
10 -6 -2
10 -6 -5
10 -6 -9
10 -6 -10
10 -6 -15
10 -7 -2
10 -7 -9
10 -7 -15
10 -8 -4
10 -8 -7
10 -8 -13
10 -8 -14
10 -9 -1
10 -9 -2
10 -9 -7
10 -9 -11
10 -9 -14
10 -9 -15
10 -10 -10
10 -11 -2
10 -11 -10
10 -11 -13
10 -12 -3
10 -12 -6
10 -12 -8
10 -12 -9
10 -12 -11
10 -13 -2
10 -13 -3
10 -13 -4
10 -13 -6
10 -13 -7
10 -13 -13
10 -14 -2
10 -14 -5
10 -14 -8
10 -14 -13
10 -15 -1
10 -15 -4
10 -15 -6
11 0 -2
11 0 -3
11 0 -11
11 -1 0
11 -1 -2
11 -1 -3
11 -1 -13
11 -1 -14
11 -2 -2
11 -2 -3
11 -2 -5
11 -2 -10
11 -2 -13
11 -3 -6
11 -3 -10
11 -3 -11
11 -3 -12
11 -4 0
11 -4 -3
11 -4 -6
11 -4 -8
11 -4 -9
11 -4 -15
11 -5 -1
11 -5 -10
11 -5 -11
11 -5 -15
11 -6 -1
11 -6 -2
11 -6 -5
11 -6 -9
11 -6 -10
11 -6 -15
11 -7 -2
11 -7 -9
11 -7 -15
11 -8 -4
11 -8 -7
11 -8 -13
11 -8 -14
11 -9 -1
11 -9 -2
11 -9 -7
11 -9 -11
11 -9 -14
11 -9 -15
11 -10 -10
11 -11 -2
11 -11 -10
11 -11 -13
11 -12 -3
11 -12 -6
11 -12 -8
11 -12 -9
11 -12 -11
11 -13 -2
11 -13 -3
11 -13 -4
11 -13 -6
11 -13 -7
11 -13 -13
11 -14 -2
11 -14 -5
11 -14 -8
11 -14 -13
11 -15 -1
11 -15 -4
11 -15 -6
12 0 -2
12 0 -3
12 0 -11
12 -1 0
12 -1 -2
12 -1 -3
12 -1 -13
12 -1 -14
12 -2 -2
12 -2 -3
12 -2 -5
12 -2 -10
12 -2 -13
12 -3 -6
12 -3 -10
12 -3 -11
12 -3 -12
12 -4 0
12 -4 -3
12 -4 -6
12 -4 -8
12 -4 -9
12 -4 -15
12 -5 -1
12 -5 -10
12 -5 -11
12 -5 -15
12 -6 -1
12 -6 -2
12 -6 -5
12 -6 -9
12 -6 -10
12 -6 -15
12 -7 -2
12 -7 -9
12 -7 -15
12 -8 -4
12 -8 -7
12 -8 -13
12 -8 -14
12 -9 -1
12 -9 -2
12 -9 -7
12 -9 -11
12 -9 -14
12 -9 -15
12 -10 -10
12 -11 -2
12 -11 -10
12 -11 -13
12 -12 -3
12 -12 -6
12 -12 -8
12 -12 -9
12 -12 -11
12 -13 -2
12 -13 -3
12 -13 -4
12 -13 -6
12 -13 -7
12 -13 -13
12 -14 -2
12 -14 -5
12 -14 -8
12 -14 -13
12 -15 -1
12 -15 -4
12 -15 -6
13 0 -2
13 0 -3
13 0 -11
13 -1 0
13 -1 -2
13 -1 -3
13 -1 -13
13 -1 -14
13 -2 -2
13 -2 -3
13 -2 -5
13 -2 -10
13 -2 -13
13 -3 -6
13 -3 -10
13 -3 -11
13 -3 -12
13 -4 0
13 -4 -3
13 -4 -6
13 -4 -8
13 -4 -9
13 -4 -15
13 -5 -1
13 -5 -10
13 -5 -11
13 -5 -15
13 -6 -1
13 -6 -2
13 -6 -5
13 -6 -9
13 -6 -10
13 -6 -15
13 -7 -2
13 -7 -9
13 -7 -15
13 -8 -4
13 -8 -7
13 -8 -13
13 -8 -14
13 -9 -1
13 -9 -2
13 -9 -7
13 -9 -11
13 -9 -14
13 -9 -15
13 -10 -10
13 -11 -2
13 -11 -10
13 -11 -13
13 -12 -3
13 -12 -6
13 -12 -8
13 -12 -9
13 -12 -11
13 -13 -2
13 -13 -3
13 -13 -4
13 -13 -6
13 -13 -7
13 -13 -13
13 -14 -2
13 -14 -5
13 -14 -8
13 -14 -13
13 -15 -1
13 -15 -4
13 -15 -6
14 0 -2
14 0 -3
14 0 -11
14 -1 0
14 -1 -2
14 -1 -3
14 -1 -13
14 -1 -14
14 -2 -2
14 -2 -3
14 -2 -5
14 -2 -10
14 -2 -13
14 -3 -6
14 -3 -10
14 -3 -11
14 -3 -12
14 -4 0
14 -4 -3
14 -4 -6
14 -4 -8
14 -4 -9
14 -4 -15
14 -5 -1
14 -5 -10
14 -5 -11
14 -5 -15
14 -6 -1
14 -6 -2
14 -6 -5
14 -6 -9
14 -6 -10
14 -6 -15
14 -7 -2
14 -7 -9
14 -7 -15
14 -8 -4
14 -8 -7
14 -8 -13
14 -8 -14
14 -9 -1
14 -9 -2
14 -9 -7
14 -9 -11
14 -9 -14
14 -9 -15
14 -10 -10
14 -11 -2
14 -11 -10
14 -11 -13
14 -12 -3
14 -12 -6
14 -12 -8
14 -12 -9
14 -12 -11
14 -13 -2
14 -13 -3
14 -13 -4
14 -13 -6
14 -13 -7
14 -13 -13
14 -14 -2
14 -14 -5
14 -14 -8
14 -14 -13
14 -15 -1
14 -15 -4
14 -15 -6
15 0 -2
15 0 -3
15 0 -11
15 -1 0
15 -1 -2
15 -1 -3
15 -1 -13
15 -1 -14
15 -2 -2
15 -2 -3
15 -2 -5
15 -2 -10
15 -2 -13
15 -3 -6
15 -3 -10
15 -3 -11
15 -3 -12
15 -4 0
15 -4 -3
15 -4 -6
15 -4 -8
15 -4 -9
15 -4 -15
15 -5 -1
15 -5 -10
15 -5 -11
15 -5 -15
15 -6 -1
15 -6 -2
15 -6 -5
15 -6 -9
15 -6 -10
15 -6 -15
15 -7 -2
15 -7 -9
15 -7 -15
15 -8 -4
15 -8 -7
15 -8 -13
15 -8 -14
15 -9 -1
15 -9 -2
15 -9 -7
15 -9 -11
15 -9 -14
15 -9 -15
15 -10 -10
15 -11 -2
15 -11 -10
15 -11 -13
15 -12 -3
15 -12 -6
15 -12 -8
15 -12 -9
15 -12 -11
15 -13 -2
15 -13 -3
15 -13 -4
15 -13 -6
15 -13 -7
15 -13 -13
15 -14 -2
15 -14 -5
15 -14 -8
15 -14 -13
15 -15 -1
15 -15 -4
15 -15 -6
16 0 -2
16 0 -3
16 0 -11
16 -1 0
16 -1 -2
16 -1 -3
16 -1 -13
16 -1 -14
16 -2 -2
16 -2 -3
16 -2 -5
16 -2 -10
16 -2 -13
16 -3 -6
16 -3 -10
16 -3 -11
16 -3 -12
16 -4 0
16 -4 -3
16 -4 -6
16 -4 -8
16 -4 -9
16 -4 -15
16 -5 -1
16 -5 -10
16 -5 -11
16 -5 -15
16 -6 -1
16 -6 -2
16 -6 -5
16 -6 -9
16 -6 -10
16 -6 -15
16 -7 -2
16 -7 -9
16 -7 -15
16 -8 -4
16 -8 -7
16 -8 -13
16 -8 -14
16 -9 -1
16 -9 -2
16 -9 -7
16 -9 -11
16 -9 -14
16 -9 -15
16 -10 -10
16 -11 -2
16 -11 -10
16 -11 -13
16 -12 -3
16 -12 -6
16 -12 -8
16 -12 -9
16 -12 -11
16 -13 -2
16 -13 -3
16 -13 -4
16 -13 -6
16 -13 -7
16 -13 -13
16 -14 -2
16 -14 -5
16 -14 -8
16 -14 -13
16 -15 -1
16 -15 -4
16 -15 -6
17 0 -2
17 0 -3
17 0 -11
17 -1 0
17 -1 -2
17 -1 -3
17 -1 -13
17 -1 -14
17 -2 -2
17 -2 -3
17 -2 -5
17 -2 -10
17 -2 -13
17 -3 -6
17 -3 -10
17 -3 -11
17 -3 -12
17 -4 0
17 -4 -3
17 -4 -6
17 -4 -8
17 -4 -9
17 -4 -15
17 -5 -1
17 -5 -10
17 -5 -11
17 -5 -15
17 -6 -1
17 -6 -2
17 -6 -5
17 -6 -9
17 -6 -10
17 -6 -15
17 -7 -2
17 -7 -9
17 -7 -15
17 -8 -4
17 -8 -7
17 -8 -13
17 -8 -14
17 -9 -1
17 -9 -2
17 -9 -7
17 -9 -11
17 -9 -14
17 -9 -15
17 -10 -10
17 -11 -2
17 -11 -10
17 -11 -13
17 -12 -3
17 -12 -6
17 -12 -8
17 -12 -9
17 -12 -11
17 -13 -2
17 -13 -3
17 -13 -4
17 -13 -6
17 -13 -7
17 -13 -13
17 -14 -2
17 -14 -5
17 -14 -8
17 -14 -13
17 -15 -1
17 -15 -4
17 -15 -6
18 0 -2
18 0 -3
18 0 -11
18 -1 0
18 -1 -2
18 -1 -3
18 -1 -13
18 -1 -14
18 -2 -2
18 -2 -3
18 -2 -5
18 -2 -10
18 -2 -13
18 -3 -6
18 -3 -10
18 -3 -11
18 -3 -12
18 -4 0
18 -4 -3
18 -4 -6
18 -4 -8
18 -4 -9
18 -4 -15
18 -5 -1
18 -5 -10
18 -5 -11
18 -5 -15
18 -6 -1
18 -6 -2
18 -6 -5
18 -6 -9
18 -6 -10
18 -6 -15
18 -7 -2
18 -7 -9
18 -7 -15
18 -8 -4
18 -8 -7
18 -8 -13
18 -8 -14
18 -9 -1
18 -9 -2
18 -9 -7
18 -9 -11
18 -9 -14
18 -9 -15
18 -10 -10
18 -11 -2
18 -11 -10
18 -11 -13
18 -12 -3
18 -12 -6
18 -12 -8
18 -12 -9
18 -12 -11
18 -13 -2
18 -13 -3
18 -13 -4
18 -13 -6
18 -13 -7
18 -13 -13
18 -14 -2
18 -14 -5
18 -14 -8
18 -14 -13
18 -15 -1
18 -15 -4
18 -15 -6
19 0 -2
19 0 -3
19 0 -11
19 -1 0
19 -1 -2
19 -1 -3
19 -1 -13
19 -1 -14
19 -2 -2
19 -2 -3
19 -2 -5
19 -2 -10
19 -2 -13
19 -3 -6
19 -3 -10
19 -3 -11
19 -3 -12
19 -4 0
19 -4 -3
19 -4 -6
19 -4 -8
19 -4 -9
19 -4 -15
19 -5 -1
19 -5 -10
19 -5 -11
19 -5 -15
19 -6 -1
19 -6 -2
19 -6 -5
19 -6 -9
19 -6 -10
19 -6 -15
19 -7 -2
19 -7 -9
19 -7 -15
19 -8 -4
19 -8 -7
19 -8 -13
19 -8 -14
19 -9 -1
19 -9 -2
19 -9 -7
19 -9 -11
19 -9 -14
19 -9 -15
19 -10 -10
19 -11 -2
19 -11 -10
19 -11 -13
19 -12 -3
19 -12 -6
19 -12 -8
19 -12 -9
19 -12 -11
19 -13 -2
19 -13 -3
19 -13 -4
19 -13 -6
19 -13 -7
19 -13 -13
19 -14 -2
19 -14 -5
19 -14 -8
19 -14 -13
19 -15 -1
19 -15 -4
19 -15 -6
20 0 -2
20 0 -3
20 0 -11
20 -1 0
20 -1 -2
20 -1 -3
20 -1 -13
20 -1 -14
20 -2 -2
20 -2 -3
20 -2 -5
20 -2 -10
20 -2 -13
20 -3 -6
20 -3 -10
20 -3 -11
20 -3 -12
20 -4 0
20 -4 -3
20 -4 -6
20 -4 -8
20 -4 -9
20 -4 -15
20 -5 -1
20 -5 -10
20 -5 -11
20 -5 -15
20 -6 -1
20 -6 -2
20 -6 -5
20 -6 -9
20 -6 -10
20 -6 -15
20 -7 -2
20 -7 -9
20 -7 -15
20 -8 -4
20 -8 -7
20 -8 -13
20 -8 -14
20 -9 -1
20 -9 -2
20 -9 -7
20 -9 -11
20 -9 -14
20 -9 -15
20 -10 -10
20 -11 -2
20 -11 -10
20 -11 -13
20 -12 -3
20 -12 -6
20 -12 -8
20 -12 -9
20 -12 -11
20 -13 -2
20 -13 -3
20 -13 -4
20 -13 -6
20 -13 -7
20 -13 -13
20 -14 -2
20 -14 -5
20 -14 -8
20 -14 -13
20 -15 -1
20 -15 -4
20 -15 -6
21 0 -2
21 0 -3
21 0 -11
21 -1 0
21 -1 -2
21 -1 -3
21 -1 -13
21 -1 -14
21 -2 -2
21 -2 -3
21 -2 -5
21 -2 -10
21 -2 -13
21 -3 -6
21 -3 -10
21 -3 -11
21 -3 -12
21 -4 0
21 -4 -3
21 -4 -6
21 -4 -8
21 -4 -9
21 -4 -15
21 -5 -1
21 -5 -10
21 -5 -11
21 -5 -15
21 -6 -1
21 -6 -2
21 -6 -5
21 -6 -9
21 -6 -10
21 -6 -15
21 -7 -2
21 -7 -9
21 -7 -15
21 -8 -4
21 -8 -7
21 -8 -13
21 -8 -14
21 -9 -1
21 -9 -2
21 -9 -7
21 -9 -11
21 -9 -14
21 -9 -15
21 -10 -10
21 -11 -2
21 -11 -10
21 -11 -13
21 -12 -3
21 -12 -6
21 -12 -8
21 -12 -9
21 -12 -11
21 -13 -2
21 -13 -3
21 -13 -4
21 -13 -6
21 -13 -7
21 -13 -13
21 -14 -2
21 -14 -5
21 -14 -8
21 -14 -13
21 -15 -1
21 -15 -4
21 -15 -6
22 0 -2
22 0 -3
22 0 -11
22 -1 0
22 -1 -2
22 -1 -3
22 -1 -13
22 -1 -14
22 -2 -2
22 -2 -3
22 -2 -5
22 -2 -10
22 -2 -13
22 -3 -6
22 -3 -10
22 -3 -11
22 -3 -12
22 -4 0
22 -4 -3
22 -4 -6
22 -4 -8
22 -4 -9
22 -4 -15
22 -5 -1
22 -5 -10
22 -5 -11
22 -5 -15
22 -6 -1
22 -6 -2
22 -6 -5
22 -6 -9
22 -6 -10
22 -6 -15
22 -7 -2
22 -7 -9
22 -7 -15
22 -8 -4
22 -8 -7
22 -8 -13
22 -8 -14
22 -9 -1
22 -9 -2
22 -9 -7
22 -9 -11
22 -9 -14
22 -9 -15
22 -10 -10
22 -11 -2
22 -11 -10
22 -11 -13
22 -12 -3
22 -12 -6
22 -12 -8
22 -12 -9
22 -12 -11
22 -13 -2
22 -13 -3
22 -13 -4
22 -13 -6
22 -13 -7
22 -13 -13
22 -14 -2
22 -14 -5
22 -14 -8
22 -14 -13
22 -15 -1
22 -15 -4
22 -15 -6
23 0 -2
23 0 -3
23 0 -11
23 -1 0
23 -1 -2
23 -1 -3
23 -1 -13
23 -1 -14
23 -2 -2
23 -2 -3
23 -2 -5
23 -2 -10
23 -2 -13
23 -3 -6
23 -3 -10
23 -3 -11
23 -3 -12
23 -4 0
23 -4 -3
23 -4 -6
23 -4 -8
23 -4 -9
23 -4 -15
23 -5 -1
23 -5 -10
23 -5 -11
23 -5 -15
23 -6 -1
23 -6 -2
23 -6 -5
23 -6 -9
23 -6 -10
23 -6 -15
23 -7 -2
23 -7 -9
23 -7 -15
23 -8 -4
23 -8 -7
23 -8 -13
23 -8 -14
23 -9 -1
23 -9 -2
23 -9 -7
23 -9 -11
23 -9 -14
23 -9 -15
23 -10 -10
23 -11 -2
23 -11 -10
23 -11 -13
23 -12 -3
23 -12 -6
23 -12 -8
23 -12 -9
23 -12 -11
23 -13 -2
23 -13 -3
23 -13 -4
23 -13 -6
23 -13 -7
23 -13 -13
23 -14 -2
23 -14 -5
23 -14 -8
23 -14 -13
23 -15 -1
23 -15 -4
23 -15 -6
24 0 -2
24 0 -3
24 0 -11
24 -1 0
24 -1 -2
24 -1 -3
24 -1 -13
24 -1 -14
24 -2 -2
24 -2 -3
24 -2 -5
24 -2 -10
24 -2 -13
24 -3 -6
24 -3 -10
24 -3 -11
24 -3 -12
24 -4 0
24 -4 -3
24 -4 -6
24 -4 -8
24 -4 -9
24 -4 -15
24 -5 -1
24 -5 -10
24 -5 -11
24 -5 -15
24 -6 -1
24 -6 -2
24 -6 -5
24 -6 -9
24 -6 -10
24 -6 -15
24 -7 -2
24 -7 -9
24 -7 -15
24 -8 -4
24 -8 -7
24 -8 -13
24 -8 -14
24 -9 -1
24 -9 -2
24 -9 -7
24 -9 -11
24 -9 -14
24 -9 -15
24 -10 -10
24 -11 -2
24 -11 -10
24 -11 -13
24 -12 -3
24 -12 -6
24 -12 -8
24 -12 -9
24 -12 -11
24 -13 -2
24 -13 -3
24 -13 -4
24 -13 -6
24 -13 -7
24 -13 -13
24 -14 -2
24 -14 -5
24 -14 -8
24 -14 -13
24 -15 -1
24 -15 -4
24 -15 -6
25 0 -2
25 0 -3
25 0 -11
25 -1 0
25 -1 -2
25 -1 -3
25 -1 -13
25 -1 -14
25 -2 -2
25 -2 -3
25 -2 -5
25 -2 -10
25 -2 -13
25 -3 -6
25 -3 -10
25 -3 -11
25 -3 -12
25 -4 0
25 -4 -3
25 -4 -6
25 -4 -8
25 -4 -9
25 -4 -15
25 -5 -1
25 -5 -10
25 -5 -11
25 -5 -15
25 -6 -1
25 -6 -2
25 -6 -5
25 -6 -9
25 -6 -10
25 -6 -15
25 -7 -2
25 -7 -9
25 -7 -15
25 -8 -4
25 -8 -7
25 -8 -13
25 -8 -14
25 -9 -1
25 -9 -2
25 -9 -7
25 -9 -11
25 -9 -14
25 -9 -15
25 -10 -10
25 -11 -2
25 -11 -10
25 -11 -13
25 -12 -3
25 -12 -6
25 -12 -8
25 -12 -9
25 -12 -11
25 -13 -2
25 -13 -3
25 -13 -4
25 -13 -6
25 -13 -7
25 -13 -13
25 -14 -2
25 -14 -5
25 -14 -8
25 -14 -13
25 -15 -1
25 -15 -4
25 -15 -6
26 0 -2
26 0 -3
26 0 -11
26 -1 0
26 -1 -2
26 -1 -3
26 -1 -13
26 -1 -14
26 -2 -2
26 -2 -3
26 -2 -5
26 -2 -10
26 -2 -13
26 -3 -6
26 -3 -10
26 -3 -11
26 -3 -12
26 -4 0
26 -4 -3
26 -4 -6
26 -4 -8
26 -4 -9
26 -4 -15
26 -5 -1
26 -5 -10
26 -5 -11
26 -5 -15
26 -6 -1
26 -6 -2
26 -6 -5
26 -6 -9
26 -6 -10
26 -6 -15
26 -7 -2
26 -7 -9
26 -7 -15
26 -8 -4
26 -8 -7
26 -8 -13
26 -8 -14
26 -9 -1
26 -9 -2
26 -9 -7
26 -9 -11
26 -9 -14
26 -9 -15
26 -10 -10
26 -11 -2
26 -11 -10
26 -11 -13
26 -12 -3
26 -12 -6
26 -12 -8
26 -12 -9
26 -12 -11
26 -13 -2
26 -13 -3
26 -13 -4
26 -13 -6
26 -13 -7
26 -13 -13
26 -14 -2
26 -14 -5
26 -14 -8
26 -14 -13
26 -15 -1
26 -15 -4
26 -15 -6
27 0 -2
27 0 -3
27 0 -11
27 -1 0
27 -1 -2
27 -1 -3
27 -1 -13
27 -1 -14
27 -2 -2
27 -2 -3
27 -2 -5
27 -2 -10
27 -2 -13
27 -3 -6
27 -3 -10
27 -3 -11
27 -3 -12
27 -4 0
27 -4 -3
27 -4 -6
27 -4 -8
27 -4 -9
27 -4 -15
27 -5 -1
27 -5 -10
27 -5 -11
27 -5 -15
27 -6 -1
27 -6 -2
27 -6 -5
27 -6 -9
27 -6 -10
27 -6 -15
27 -7 -2
27 -7 -9
27 -7 -15
27 -8 -4
27 -8 -7
27 -8 -13
27 -8 -14
27 -9 -1
27 -9 -2
27 -9 -7
27 -9 -11
27 -9 -14
27 -9 -15
27 -10 -10
27 -11 -2
27 -11 -10
27 -11 -13
27 -12 -3
27 -12 -6
27 -12 -8
27 -12 -9
27 -12 -11
27 -13 -2
27 -13 -3
27 -13 -4
27 -13 -6
27 -13 -7
27 -13 -13
27 -14 -2
27 -14 -5
27 -14 -8
27 -14 -13
27 -15 -1
27 -15 -4
27 -15 -6
28 0 -2
28 0 -3
28 0 -11
28 -1 0
28 -1 -2
28 -1 -3
28 -1 -13
28 -1 -14
28 -2 -2
28 -2 -3
28 -2 -5
28 -2 -10
28 -2 -13
28 -3 -6
28 -3 -10
28 -3 -11
28 -3 -12
28 -4 0
28 -4 -3
28 -4 -6
28 -4 -8
28 -4 -9
28 -4 -15
28 -5 -1
28 -5 -10
28 -5 -11
28 -5 -15
28 -6 -1
28 -6 -2
28 -6 -5
28 -6 -9
28 -6 -10
28 -6 -15
28 -7 -2
28 -7 -9
28 -7 -15
28 -8 -4
28 -8 -7
28 -8 -13
28 -8 -14
28 -9 -1
28 -9 -2
28 -9 -7
28 -9 -11
28 -9 -14
28 -9 -15
28 -10 -10
28 -11 -2
28 -11 -10
28 -11 -13
28 -12 -3
28 -12 -6
28 -12 -8
28 -12 -9
28 -12 -11
28 -13 -2
28 -13 -3
28 -13 -4
28 -13 -6
28 -13 -7
28 -13 -13
28 -14 -2
28 -14 -5
28 -14 -8
28 -14 -13
28 -15 -1
28 -15 -4
28 -15 -6
29 0 -2
29 0 -3
29 0 -11
29 -1 0
29 -1 -2
29 -1 -3
29 -1 -13
29 -1 -14
29 -2 -2
29 -2 -3
29 -2 -5
29 -2 -10
29 -2 -13
29 -3 -6
29 -3 -10
29 -3 -11
29 -3 -12
29 -4 0
29 -4 -3
29 -4 -6
29 -4 -8
29 -4 -9
29 -4 -15
29 -5 -1
29 -5 -10
29 -5 -11
29 -5 -15
29 -6 -1
29 -6 -2
29 -6 -5
29 -6 -9
29 -6 -10
29 -6 -15
29 -7 -2
29 -7 -9
29 -7 -15
29 -8 -4
29 -8 -7
29 -8 -13
29 -8 -14
29 -9 -1
29 -9 -2
29 -9 -7
29 -9 -11
29 -9 -14
29 -9 -15
29 -10 -10
29 -11 -2
29 -11 -10
29 -11 -13
29 -12 -3
29 -12 -6
29 -12 -8
29 -12 -9
29 -12 -11
29 -13 -2
29 -13 -3
29 -13 -4
29 -13 -6
29 -13 -7
29 -13 -13
29 -14 -2
29 -14 -5
29 -14 -8
29 -14 -13
29 -15 -1
29 -15 -4
29 -15 -6
30 0 -2
30 0 -3
30 0 -11
30 -1 0
30 -1 -2
30 -1 -3
30 -1 -13
30 -1 -14
30 -2 -2
30 -2 -3
30 -2 -5
30 -2 -10
30 -2 -13
30 -3 -6
30 -3 -10
30 -3 -11
30 -3 -12
30 -4 0
30 -4 -3
30 -4 -6
30 -4 -8
30 -4 -9
30 -4 -15
30 -5 -1
30 -5 -10
30 -5 -11
30 -5 -15
30 -6 -1
30 -6 -2
30 -6 -5
30 -6 -9
30 -6 -10
30 -6 -15
30 -7 -2
30 -7 -9
30 -7 -15
30 -8 -4
30 -8 -7
30 -8 -13
30 -8 -14
30 -9 -1
30 -9 -2
30 -9 -7
30 -9 -11
30 -9 -14
30 -9 -15
30 -10 -10
30 -11 -2
30 -11 -10
30 -11 -13
30 -12 -3
30 -12 -6
30 -12 -8
30 -12 -9
30 -12 -11
30 -13 -2
30 -13 -3
30 -13 -4
30 -13 -6
30 -13 -7
30 -13 -13
30 -14 -2
30 -14 -5
30 -14 -8
30 -14 -13
30 -15 -1
30 -15 -4
30 -15 -6
31 0 -2
31 0 -3
31 0 -11
31 -1 0
31 -1 -2
31 -1 -3
31 -1 -13
31 -1 -14
31 -2 -2
31 -2 -3
31 -2 -5
31 -2 -10
31 -2 -13
31 -3 -6
31 -3 -10
31 -3 -11
31 -3 -12
31 -4 0
31 -4 -3
31 -4 -6
31 -4 -8
31 -4 -9
31 -4 -15
31 -5 -1
31 -5 -10
31 -5 -11
31 -5 -15
31 -6 -1
31 -6 -2
31 -6 -5
31 -6 -9
31 -6 -10
31 -6 -15
31 -7 -2
31 -7 -9
31 -7 -15
31 -8 -4
31 -8 -7
31 -8 -13
31 -8 -14
31 -9 -1
31 -9 -2
31 -9 -7
31 -9 -11
31 -9 -14
31 -9 -15
31 -10 -10
31 -11 -2
31 -11 -10
31 -11 -13
31 -12 -3
31 -12 -6
31 -12 -8
31 -12 -9
31 -12 -11
31 -13 -2
31 -13 -3
31 -13 -4
31 -13 -6
31 -13 -7
31 -13 -13
31 -14 -2
31 -14 -5
31 -14 -8
31 -14 -13
31 -15 -1
31 -15 -4
31 -15 -6
32 0 -2
32 0 -3
32 0 -11
32 -1 0
32 -1 -2
32 -1 -3
32 -1 -13
32 -1 -14
32 -2 -2
32 -2 -3
32 -2 -5
32 -2 -10
32 -2 -13
32 -3 -6
32 -3 -10
32 -3 -11
32 -3 -12
32 -4 0
32 -4 -3
32 -4 -6
32 -4 -8
32 -4 -9
32 -4 -15
32 -5 -1
32 -5 -10
32 -5 -11
32 -5 -15
32 -6 -1
32 -6 -2
32 -6 -5
32 -6 -9
32 -6 -10
32 -6 -15
32 -7 -2
32 -7 -9
32 -7 -15
32 -8 -4
32 -8 -7
32 -8 -13
32 -8 -14
32 -9 -1
32 -9 -2
32 -9 -7
32 -9 -11
32 -9 -14
32 -9 -15
32 -10 -10
32 -11 -2
32 -11 -10
32 -11 -13
32 -12 -3
32 -12 -6
32 -12 -8
32 -12 -9
32 -12 -11
32 -13 -2
32 -13 -3
32 -13 -4
32 -13 -6
32 -13 -7
32 -13 -13
32 -14 -2
32 -14 -5
32 -14 -8
32 -14 -13
32 -15 -1
32 -15 -4
32 -15 -6
33 0 -2
33 0 -3
33 0 -11
33 -1 0
33 -1 -2
33 -1 -3
33 -1 -13
33 -1 -14
33 -2 -2
33 -2 -3
33 -2 -5
33 -2 -10
33 -2 -13
33 -3 -6
33 -3 -10
33 -3 -11
33 -3 -12
33 -4 0
33 -4 -3
33 -4 -6
33 -4 -8
33 -4 -9
33 -4 -15
33 -5 -1
33 -5 -10
33 -5 -11
33 -5 -15
33 -6 -1
33 -6 -2
33 -6 -5
33 -6 -9
33 -6 -10
33 -6 -15
33 -7 -2
33 -7 -9
33 -7 -15
33 -8 -4
33 -8 -7
33 -8 -13
33 -8 -14
33 -9 -1
33 -9 -2
33 -9 -7
33 -9 -11
33 -9 -14
33 -9 -15
33 -10 -10
33 -11 -2
33 -11 -10
33 -11 -13
33 -12 -3
33 -12 -6
33 -12 -8
33 -12 -9
33 -12 -11
33 -13 -2
33 -13 -3
33 -13 -4
33 -13 -6
33 -13 -7
33 -13 -13
33 -14 -2
33 -14 -5
33 -14 -8
33 -14 -13
33 -15 -1
33 -15 -4
33 -15 -6
34 0 -2
34 0 -3
34 0 -11
34 -1 0
34 -1 -2
34 -1 -3
34 -1 -13
34 -1 -14
34 -2 -2
34 -2 -3
34 -2 -5
34 -2 -10
34 -2 -13
34 -3 -6
34 -3 -10
34 -3 -11
34 -3 -12
34 -4 0
34 -4 -3
34 -4 -6
34 -4 -8
34 -4 -9
34 -4 -15
34 -5 -1
34 -5 -10
34 -5 -11
34 -5 -15
34 -6 -1
34 -6 -2
34 -6 -5
34 -6 -9
34 -6 -10
34 -6 -15
34 -7 -2
34 -7 -9
34 -7 -15
34 -8 -4
34 -8 -7
34 -8 -13
34 -8 -14
34 -9 -1
34 -9 -2
34 -9 -7
34 -9 -11
34 -9 -14
34 -9 -15
34 -10 -10
34 -11 -2
34 -11 -10
34 -11 -13
34 -12 -3
34 -12 -6
34 -12 -8
34 -12 -9
34 -12 -11
34 -13 -2
34 -13 -3
34 -13 -4
34 -13 -6
34 -13 -7
34 -13 -13
34 -14 -2
34 -14 -5
34 -14 -8
34 -14 -13
34 -15 -1
34 -15 -4
34 -15 -6
35 0 -2
35 0 -3
35 0 -11
35 -1 0
35 -1 -2
35 -1 -3
35 -1 -13
35 -1 -14
35 -2 -2
35 -2 -3
35 -2 -5
35 -2 -10
35 -2 -13
35 -3 -6
35 -3 -10
35 -3 -11
35 -3 -12
35 -4 0
35 -4 -3
35 -4 -6
35 -4 -8
35 -4 -9
35 -4 -15
35 -5 -1
35 -5 -10
35 -5 -11
35 -5 -15
35 -6 -1
35 -6 -2
35 -6 -5
35 -6 -9
35 -6 -10
35 -6 -15
35 -7 -2
35 -7 -9
35 -7 -15
35 -8 -4
35 -8 -7
35 -8 -13
35 -8 -14
35 -9 -1
35 -9 -2
35 -9 -7
35 -9 -11
35 -9 -14
35 -9 -15
35 -10 -10
35 -11 -2
35 -11 -10
35 -11 -13
35 -12 -3
35 -12 -6
35 -12 -8
35 -12 -9
35 -12 -11
35 -13 -2
35 -13 -3
35 -13 -4
35 -13 -6
35 -13 -7
35 -13 -13
35 -14 -2
35 -14 -5
35 -14 -8
35 -14 -13
35 -15 -1
35 -15 -4
35 -15 -6
36 0 -2
36 0 -3
36 0 -11
36 -1 0
36 -1 -2
36 -1 -3
36 -1 -13
36 -1 -14
36 -2 -2
36 -2 -3
36 -2 -5
36 -2 -10
36 -2 -13
36 -3 -6
36 -3 -10
36 -3 -11
36 -3 -12
36 -4 0
36 -4 -3
36 -4 -6
36 -4 -8
36 -4 -9
36 -4 -15
36 -5 -1
36 -5 -10
36 -5 -11
36 -5 -15
36 -6 -1
36 -6 -2
36 -6 -5
36 -6 -9
36 -6 -10
36 -6 -15
36 -7 -2
36 -7 -9
36 -7 -15
36 -8 -4
36 -8 -7
36 -8 -13
36 -8 -14
36 -9 -1
36 -9 -2
36 -9 -7
36 -9 -11
36 -9 -14
36 -9 -15
36 -10 -10
36 -11 -2
36 -11 -10
36 -11 -13
36 -12 -3
36 -12 -6
36 -12 -8
36 -12 -9
36 -12 -11
36 -13 -2
36 -13 -3
36 -13 -4
36 -13 -6
36 -13 -7
36 -13 -13
36 -14 -2
36 -14 -5
36 -14 -8
36 -14 -13
36 -15 -1
36 -15 -4
36 -15 -6
37 0 -2
37 0 -3
37 0 -11
37 -1 0
37 -1 -2
37 -1 -3
37 -1 -13
37 -1 -14
37 -2 -2
37 -2 -3
37 -2 -5
37 -2 -10
37 -2 -13
37 -3 -6
37 -3 -10
37 -3 -11
37 -3 -12
37 -4 0
37 -4 -3
37 -4 -6
37 -4 -8
37 -4 -9
37 -4 -15
37 -5 -1
37 -5 -10
37 -5 -11
37 -5 -15
37 -6 -1
37 -6 -2
37 -6 -5
37 -6 -9
37 -6 -10
37 -6 -15
37 -7 -2
37 -7 -9
37 -7 -15
37 -8 -4
37 -8 -7
37 -8 -13
37 -8 -14
37 -9 -1
37 -9 -2
37 -9 -7
37 -9 -11
37 -9 -14
37 -9 -15
37 -10 -10
37 -11 -2
37 -11 -10
37 -11 -13
37 -12 -3
37 -12 -6
37 -12 -8
37 -12 -9
37 -12 -11
37 -13 -2
37 -13 -3
37 -13 -4
37 -13 -6
37 -13 -7
37 -13 -13
37 -14 -2
37 -14 -5
37 -14 -8
37 -14 -13
37 -15 -1
37 -15 -4
37 -15 -6
38 0 -2
38 0 -3
38 0 -11
38 -1 0
38 -1 -2
38 -1 -3
38 -1 -13
38 -1 -14
38 -2 -2
38 -2 -3
38 -2 -5
38 -2 -10
38 -2 -13
38 -3 -6
38 -3 -10
38 -3 -11
38 -3 -12
38 -4 0
38 -4 -3
38 -4 -6
38 -4 -8
38 -4 -9
38 -4 -15
38 -5 -1
38 -5 -10
38 -5 -11
38 -5 -15
38 -6 -1
38 -6 -2
38 -6 -5
38 -6 -9
38 -6 -10
38 -6 -15
38 -7 -2
38 -7 -9
38 -7 -15
38 -8 -4
38 -8 -7
38 -8 -13
38 -8 -14
38 -9 -1
38 -9 -2
38 -9 -7
38 -9 -11
38 -9 -14
38 -9 -15
38 -10 -10
38 -11 -2
38 -11 -10
38 -11 -13
38 -12 -3
38 -12 -6
38 -12 -8
38 -12 -9
38 -12 -11
38 -13 -2
38 -13 -3
38 -13 -4
38 -13 -6
38 -13 -7
38 -13 -13
38 -14 -2
38 -14 -5
38 -14 -8
38 -14 -13
38 -15 -1
38 -15 -4
38 -15 -6
39 0 -2
39 0 -3
39 0 -11
39 -1 0
39 -1 -2
39 -1 -3
39 -1 -13
39 -1 -14
39 -2 -2
39 -2 -3
39 -2 -5
39 -2 -10
39 -2 -13
39 -3 -6
39 -3 -10
39 -3 -11
39 -3 -12
39 -4 0
39 -4 -3
39 -4 -6
39 -4 -8
39 -4 -9
39 -4 -15
39 -5 -1
39 -5 -10
39 -5 -11
39 -5 -15
39 -6 -1
39 -6 -2
39 -6 -5
39 -6 -9
39 -6 -10
39 -6 -15
39 -7 -2
39 -7 -9
39 -7 -15
39 -8 -4
39 -8 -7
39 -8 -13
39 -8 -14
39 -9 -1
39 -9 -2
39 -9 -7
39 -9 -11
39 -9 -14
39 -9 -15
39 -10 -10
39 -11 -2
39 -11 -10
39 -11 -13
39 -12 -3
39 -12 -6
39 -12 -8
39 -12 -9
39 -12 -11
39 -13 -2
39 -13 -3
39 -13 -4
39 -13 -6
39 -13 -7
39 -13 -13
39 -14 -2
39 -14 -5
39 -14 -8
39 -14 -13
39 -15 -1
39 -15 -4
39 -15 -6
40 0 -2
40 0 -3
40 0 -11
40 -1 0
40 -1 -2
40 -1 -3
40 -1 -13
40 -1 -14
40 -2 -2
40 -2 -3
40 -2 -5
40 -2 -10
40 -2 -13
40 -3 -6
40 -3 -10
40 -3 -11
40 -3 -12
40 -4 0
40 -4 -3
40 -4 -6
40 -4 -8
40 -4 -9
40 -4 -15
40 -5 -1
40 -5 -10
40 -5 -11
40 -5 -15
40 -6 -1
40 -6 -2
40 -6 -5
40 -6 -9
40 -6 -10
40 -6 -15
40 -7 -2
40 -7 -9
40 -7 -15
40 -8 -4
40 -8 -7
40 -8 -13
40 -8 -14
40 -9 -1
40 -9 -2
40 -9 -7
40 -9 -11
40 -9 -14
40 -9 -15
40 -10 -10
40 -11 -2
40 -11 -10
40 -11 -13
40 -12 -3
40 -12 -6
40 -12 -8
40 -12 -9
40 -12 -11
40 -13 -2
40 -13 -3
40 -13 -4
40 -13 -6
40 -13 -7
40 -13 -13
40 -14 -2
40 -14 -5
40 -14 -8
40 -14 -13
40 -15 -1
40 -15 -4
40 -15 -6
41 0 -2
41 0 -3
41 0 -11
41 -1 0
41 -1 -2
41 -1 -3
41 -1 -13
41 -1 -14
41 -2 -2
41 -2 -3
41 -2 -5
41 -2 -10
41 -2 -13
41 -3 -6
41 -3 -10
41 -3 -11
41 -3 -12
41 -4 0
41 -4 -3
41 -4 -6
41 -4 -8
41 -4 -9
41 -4 -15
41 -5 -1
41 -5 -10
41 -5 -11
41 -5 -15
41 -6 -1
41 -6 -2
41 -6 -5
41 -6 -9
41 -6 -10
41 -6 -15
41 -7 -2
41 -7 -9
41 -7 -15
41 -8 -4
41 -8 -7
41 -8 -13
41 -8 -14
41 -9 -1
41 -9 -2
41 -9 -7
41 -9 -11
41 -9 -14
41 -9 -15
41 -10 -10
41 -11 -2
41 -11 -10
41 -11 -13
41 -12 -3
41 -12 -6
41 -12 -8
41 -12 -9
41 -12 -11
41 -13 -2
41 -13 -3
41 -13 -4
41 -13 -6
41 -13 -7
41 -13 -13
41 -14 -2
41 -14 -5
41 -14 -8
41 -14 -13
41 -15 -1
41 -15 -4
41 -15 -6
42 0 -2
42 0 -3
42 0 -11
42 -1 0
42 -1 -2
42 -1 -3
42 -1 -13
42 -1 -14
42 -2 -2
42 -2 -3
42 -2 -5
42 -2 -10
42 -2 -13
42 -3 -6
42 -3 -10
42 -3 -11
42 -3 -12
42 -4 0
42 -4 -3
42 -4 -6
42 -4 -8
42 -4 -9
42 -4 -15
42 -5 -1
42 -5 -10
42 -5 -11
42 -5 -15
42 -6 -1
42 -6 -2
42 -6 -5
42 -6 -9
42 -6 -10
42 -6 -15
42 -7 -2
42 -7 -9
42 -7 -15
42 -8 -4
42 -8 -7
42 -8 -13
42 -8 -14
42 -9 -1
42 -9 -2
42 -9 -7
42 -9 -11
42 -9 -14
42 -9 -15
42 -10 -10
42 -11 -2
42 -11 -10
42 -11 -13
42 -12 -3
42 -12 -6
42 -12 -8
42 -12 -9
42 -12 -11
42 -13 -2
42 -13 -3
42 -13 -4
42 -13 -6
42 -13 -7
42 -13 -13
42 -14 -2
42 -14 -5
42 -14 -8
42 -14 -13
42 -15 -1
42 -15 -4
42 -15 -6
43 0 -2
43 0 -3
43 0 -11
43 -1 0
43 -1 -2
43 -1 -3
43 -1 -13
43 -1 -14
43 -2 -2
43 -2 -3
43 -2 -5
43 -2 -10
43 -2 -13
43 -3 -6
43 -3 -10
43 -3 -11
43 -3 -12
43 -4 0
43 -4 -3
43 -4 -6
43 -4 -8
43 -4 -9
43 -4 -15
43 -5 -1
43 -5 -10
43 -5 -11
43 -5 -15
43 -6 -1
43 -6 -2
43 -6 -5
43 -6 -9
43 -6 -10
43 -6 -15
43 -7 -2
43 -7 -9
43 -7 -15
43 -8 -4
43 -8 -7
43 -8 -13
43 -8 -14
43 -9 -1
43 -9 -2
43 -9 -7
43 -9 -11
43 -9 -14
43 -9 -15
43 -10 -10
43 -11 -2
43 -11 -10
43 -11 -13
43 -12 -3
43 -12 -6
43 -12 -8
43 -12 -9
43 -12 -11
43 -13 -2
43 -13 -3
43 -13 -4
43 -13 -6
43 -13 -7
43 -13 -13
43 -14 -2
43 -14 -5
43 -14 -8
43 -14 -13
43 -15 -1
43 -15 -4
43 -15 -6
44 0 -2
44 0 -3
44 0 -11
44 -1 0
44 -1 -2
44 -1 -3
44 -1 -13
44 -1 -14
44 -2 -2
44 -2 -3
44 -2 -5
44 -2 -10
44 -2 -13
44 -3 -6
44 -3 -10
44 -3 -11
44 -3 -12
44 -4 0
44 -4 -3
44 -4 -6
44 -4 -8
44 -4 -9
44 -4 -15
44 -5 -1
44 -5 -10
44 -5 -11
44 -5 -15
44 -6 -1
44 -6 -2
44 -6 -5
44 -6 -9
44 -6 -10
44 -6 -15
44 -7 -2
44 -7 -9
44 -7 -15
44 -8 -4
44 -8 -7
44 -8 -13
44 -8 -14
44 -9 -1
44 -9 -2
44 -9 -7
44 -9 -11
44 -9 -14
44 -9 -15
44 -10 -10
44 -11 -2
44 -11 -10
44 -11 -13
44 -12 -3
44 -12 -6
44 -12 -8
44 -12 -9
44 -12 -11
44 -13 -2
44 -13 -3
44 -13 -4
44 -13 -6
44 -13 -7
44 -13 -13
44 -14 -2
44 -14 -5
44 -14 -8
44 -14 -13
44 -15 -1
44 -15 -4
44 -15 -6
45 0 -2
45 0 -3
45 0 -11
45 -1 0
45 -1 -2
45 -1 -3
45 -1 -13
45 -1 -14
45 -2 -2
45 -2 -3
45 -2 -5
45 -2 -10
45 -2 -13
45 -3 -6
45 -3 -10
45 -3 -11
45 -3 -12
45 -4 0
45 -4 -3
45 -4 -6
45 -4 -8
45 -4 -9
45 -4 -15
45 -5 -1
45 -5 -10
45 -5 -11
45 -5 -15
45 -6 -1
45 -6 -2
45 -6 -5
45 -6 -9
45 -6 -10
45 -6 -15
45 -7 -2
45 -7 -9
45 -7 -15
45 -8 -4
45 -8 -7
45 -8 -13
45 -8 -14
45 -9 -1
45 -9 -2
45 -9 -7
45 -9 -11
45 -9 -14
45 -9 -15
45 -10 -10
45 -11 -2
45 -11 -10
45 -11 -13
45 -12 -3
45 -12 -6
45 -12 -8
45 -12 -9
45 -12 -11
45 -13 -2
45 -13 -3
45 -13 -4
45 -13 -6
45 -13 -7
45 -13 -13
45 -14 -2
45 -14 -5
45 -14 -8
45 -14 -13
45 -15 -1
45 -15 -4
45 -15 -6
46 0 -2
46 0 -3
46 0 -11
46 -1 0
46 -1 -2
46 -1 -3
46 -1 -13
46 -1 -14
46 -2 -2
46 -2 -3
46 -2 -5
46 -2 -10
46 -2 -13
46 -3 -6
46 -3 -10
46 -3 -11
46 -3 -12
46 -4 0
46 -4 -3
46 -4 -6
46 -4 -8
46 -4 -9
46 -4 -15
46 -5 -1
46 -5 -10
46 -5 -11
46 -5 -15
46 -6 -1
46 -6 -2
46 -6 -5
46 -6 -9
46 -6 -10
46 -6 -15
46 -7 -2
46 -7 -9
46 -7 -15
46 -8 -4
46 -8 -7
46 -8 -13
46 -8 -14
46 -9 -1
46 -9 -2
46 -9 -7
46 -9 -11
46 -9 -14
46 -9 -15
46 -10 -10
46 -11 -2
46 -11 -10
46 -11 -13
46 -12 -3
46 -12 -6
46 -12 -8
46 -12 -9
46 -12 -11
46 -13 -2
46 -13 -3
46 -13 -4
46 -13 -6
46 -13 -7
46 -13 -13
46 -14 -2
46 -14 -5
46 -14 -8
46 -14 -13
46 -15 -1
46 -15 -4
46 -15 -6
47 0 -2
47 0 -3
47 0 -11
47 -1 0
47 -1 -2
47 -1 -3
47 -1 -13
47 -1 -14
47 -2 -2
47 -2 -3
47 -2 -5
47 -2 -10
47 -2 -13
47 -3 -6
47 -3 -10
47 -3 -11
47 -3 -12
47 -4 0
47 -4 -3
47 -4 -6
47 -4 -8
47 -4 -9
47 -4 -15
47 -5 -1
47 -5 -10
47 -5 -11
47 -5 -15
47 -6 -1
47 -6 -2
47 -6 -5
47 -6 -9
47 -6 -10
47 -6 -15
47 -7 -2
47 -7 -9
47 -7 -15
47 -8 -4
47 -8 -7
47 -8 -13
47 -8 -14
47 -9 -1
47 -9 -2
47 -9 -7
47 -9 -11
47 -9 -14
47 -9 -15
47 -10 -10
47 -11 -2
47 -11 -10
47 -11 -13
47 -12 -3
47 -12 -6
47 -12 -8
47 -12 -9
47 -12 -11
47 -13 -2
47 -13 -3
47 -13 -4
47 -13 -6
47 -13 -7
47 -13 -13
47 -14 -2
47 -14 -5
47 -14 -8
47 -14 -13
47 -15 -1
47 -15 -4
47 -15 -6
48 0 -2
48 0 -3
48 0 -11
48 -1 0
48 -1 -2
48 -1 -3
48 -1 -13
48 -1 -14
48 -2 -2
48 -2 -3
48 -2 -5
48 -2 -10
48 -2 -13
48 -3 -6
48 -3 -10
48 -3 -11
48 -3 -12
48 -4 0
48 -4 -3
48 -4 -6
48 -4 -8
48 -4 -9
48 -4 -15
48 -5 -1
48 -5 -10
48 -5 -11
48 -5 -15
48 -6 -1
48 -6 -2
48 -6 -5
48 -6 -9
48 -6 -10
48 -6 -15
48 -7 -2
48 -7 -9
48 -7 -15
48 -8 -4
48 -8 -7
48 -8 -13
48 -8 -14
48 -9 -1
48 -9 -2
48 -9 -7
48 -9 -11
48 -9 -14
48 -9 -15
48 -10 -10
48 -11 -2
48 -11 -10
48 -11 -13
48 -12 -3
48 -12 -6
48 -12 -8
48 -12 -9
48 -12 -11
48 -13 -2
48 -13 -3
48 -13 -4
48 -13 -6
48 -13 -7
48 -13 -13
48 -14 -2
48 -14 -5
48 -14 -8
48 -14 -13
48 -15 -1
48 -15 -4
48 -15 -6
49 0 -2
49 0 -3
49 0 -11
49 -1 0
49 -1 -2
49 -1 -3
49 -1 -13
49 -1 -14
49 -2 -2
49 -2 -3
49 -2 -5
49 -2 -10
49 -2 -13
49 -3 -6
49 -3 -10
49 -3 -11
49 -3 -12
49 -4 0
49 -4 -3
49 -4 -6
49 -4 -8
49 -4 -9
49 -4 -15
49 -5 -1
49 -5 -10
49 -5 -11
49 -5 -15
49 -6 -1
49 -6 -2
49 -6 -5
49 -6 -9
49 -6 -10
49 -6 -15
49 -7 -2
49 -7 -9
49 -7 -15
49 -8 -4
49 -8 -7
49 -8 -13
49 -8 -14
49 -9 -1
49 -9 -2
49 -9 -7
49 -9 -11
49 -9 -14
49 -9 -15
49 -10 -10
49 -11 -2
49 -11 -10
49 -11 -13
49 -12 -3
49 -12 -6
49 -12 -8
49 -12 -9
49 -12 -11
49 -13 -2
49 -13 -3
49 -13 -4
49 -13 -6
49 -13 -7
49 -13 -13
49 -14 -2
49 -14 -5
49 -14 -8
49 -14 -13
49 -15 -1
49 -15 -4
49 -15 -6
50 0 -2
50 0 -3
50 0 -11
50 -1 0
50 -1 -2
50 -1 -3
50 -1 -13
50 -1 -14
50 -2 -2
50 -2 -3
50 -2 -5
50 -2 -10
50 -2 -13
50 -3 -6
50 -3 -10
50 -3 -11
50 -3 -12
50 -4 0
50 -4 -3
50 -4 -6
50 -4 -8
50 -4 -9
50 -4 -15
50 -5 -1
50 -5 -10
50 -5 -11
50 -5 -15
50 -6 -1
50 -6 -2
50 -6 -5
50 -6 -9
50 -6 -10
50 -6 -15
50 -7 -2
50 -7 -9
50 -7 -15
50 -8 -4
50 -8 -7
50 -8 -13
50 -8 -14
50 -9 -1
50 -9 -2
50 -9 -7
50 -9 -11
50 -9 -14
50 -9 -15
50 -10 -10
50 -11 -2
50 -11 -10
50 -11 -13
50 -12 -3
50 -12 -6
50 -12 -8
50 -12 -9
50 -12 -11
50 -13 -2
50 -13 -3
50 -13 -4
50 -13 -6
50 -13 -7
50 -13 -13
50 -14 -2
50 -14 -5
50 -14 -8
50 -14 -13
50 -15 -1
50 -15 -4
50 -15 -6
51 0 -2
51 0 -3
51 0 -11
51 -1 0
51 -1 -2
51 -1 -3
51 -1 -13
51 -1 -14
51 -2 -2
51 -2 -3
51 -2 -5
51 -2 -10
51 -2 -13
51 -3 -6
51 -3 -10
51 -3 -11
51 -3 -12
51 -4 0
51 -4 -3
51 -4 -6
51 -4 -8
51 -4 -9
51 -4 -15
51 -5 -1
51 -5 -10
51 -5 -11
51 -5 -15
51 -6 -1
51 -6 -2
51 -6 -5
51 -6 -9
51 -6 -10
51 -6 -15
51 -7 -2
51 -7 -9
51 -7 -15
51 -8 -4
51 -8 -7
51 -8 -13
51 -8 -14
51 -9 -1
51 -9 -2
51 -9 -7
51 -9 -11
51 -9 -14
51 -9 -15
51 -10 -10
51 -11 -2
51 -11 -10
51 -11 -13
51 -12 -3
51 -12 -6
51 -12 -8
51 -12 -9
51 -12 -11
51 -13 -2
51 -13 -3
51 -13 -4
51 -13 -6
51 -13 -7
51 -13 -13
51 -14 -2
51 -14 -5
51 -14 -8
51 -14 -13
51 -15 -1
51 -15 -4
51 -15 -6
52 0 -2
52 0 -3
52 0 -11
52 -1 0
52 -1 -2
52 -1 -3
52 -1 -13
52 -1 -14
52 -2 -2
52 -2 -3
52 -2 -5
52 -2 -10
52 -2 -13
52 -3 -6
52 -3 -10
52 -3 -11
52 -3 -12
52 -4 0
52 -4 -3
52 -4 -6
52 -4 -8
52 -4 -9
52 -4 -15
52 -5 -1
52 -5 -10
52 -5 -11
52 -5 -15
52 -6 -1
52 -6 -2
52 -6 -5
52 -6 -9
52 -6 -10
52 -6 -15
52 -7 -2
52 -7 -9
52 -7 -15
52 -8 -4
52 -8 -7
52 -8 -13
52 -8 -14
52 -9 -1
52 -9 -2
52 -9 -7
52 -9 -11
52 -9 -14
52 -9 -15
52 -10 -10
52 -11 -2
52 -11 -10
52 -11 -13
52 -12 -3
52 -12 -6
52 -12 -8
52 -12 -9
52 -12 -11
52 -13 -2
52 -13 -3
52 -13 -4
52 -13 -6
52 -13 -7
52 -13 -13
52 -14 -2
52 -14 -5
52 -14 -8
52 -14 -13
52 -15 -1
52 -15 -4
52 -15 -6
53 0 -2
53 0 -3
53 0 -11
53 -1 0
53 -1 -2
53 -1 -3
53 -1 -13
53 -1 -14
53 -2 -2
53 -2 -3
53 -2 -5
53 -2 -10
53 -2 -13
53 -3 -6
53 -3 -10
53 -3 -11
53 -3 -12
53 -4 0
53 -4 -3
53 -4 -6
53 -4 -8
53 -4 -9
53 -4 -15
53 -5 -1
53 -5 -10
53 -5 -11
53 -5 -15
53 -6 -1
53 -6 -2
53 -6 -5
53 -6 -9
53 -6 -10
53 -6 -15
53 -7 -2
53 -7 -9
53 -7 -15
53 -8 -4
53 -8 -7
53 -8 -13
53 -8 -14
53 -9 -1
53 -9 -2
53 -9 -7
53 -9 -11
53 -9 -14
53 -9 -15
53 -10 -10
53 -11 -2
53 -11 -10
53 -11 -13
53 -12 -3
53 -12 -6
53 -12 -8
53 -12 -9
53 -12 -11
53 -13 -2
53 -13 -3
53 -13 -4
53 -13 -6
53 -13 -7
53 -13 -13
53 -14 -2
53 -14 -5
53 -14 -8
53 -14 -13
53 -15 -1
53 -15 -4
53 -15 -6
54 0 -2
54 0 -3
54 0 -11
54 -1 0
54 -1 -2
54 -1 -3
54 -1 -13
54 -1 -14
54 -2 -2
54 -2 -3
54 -2 -5
54 -2 -10
54 -2 -13
54 -3 -6
54 -3 -10
54 -3 -11
54 -3 -12
54 -4 0
54 -4 -3
54 -4 -6
54 -4 -8
54 -4 -9
54 -4 -15
54 -5 -1
54 -5 -10
54 -5 -11
54 -5 -15
54 -6 -1
54 -6 -2
54 -6 -5
54 -6 -9
54 -6 -10
54 -6 -15
54 -7 -2
54 -7 -9
54 -7 -15
54 -8 -4
54 -8 -7
54 -8 -13
54 -8 -14
54 -9 -1
54 -9 -2
54 -9 -7
54 -9 -11
54 -9 -14
54 -9 -15
54 -10 -10
54 -11 -2
54 -11 -10
54 -11 -13
54 -12 -3
54 -12 -6
54 -12 -8
54 -12 -9
54 -12 -11
54 -13 -2
54 -13 -3
54 -13 -4
54 -13 -6
54 -13 -7
54 -13 -13
54 -14 -2
54 -14 -5
54 -14 -8
54 -14 -13
54 -15 -1
54 -15 -4
54 -15 -6
55 0 -2
55 0 -3
55 0 -11
55 -1 0
55 -1 -2
55 -1 -3
55 -1 -13
55 -1 -14
55 -2 -2
55 -2 -3
55 -2 -5
55 -2 -10
55 -2 -13
55 -3 -6
55 -3 -10
55 -3 -11
55 -3 -12
55 -4 0
55 -4 -3
55 -4 -6
55 -4 -8
55 -4 -9
55 -4 -15
55 -5 -1
55 -5 -10
55 -5 -11
55 -5 -15
55 -6 -1
55 -6 -2
55 -6 -5
55 -6 -9
55 -6 -10
55 -6 -15
55 -7 -2
55 -7 -9
55 -7 -15
55 -8 -4
55 -8 -7
55 -8 -13
55 -8 -14
55 -9 -1
55 -9 -2
55 -9 -7
55 -9 -11
55 -9 -14
55 -9 -15
55 -10 -10
55 -11 -2
55 -11 -10
55 -11 -13
55 -12 -3
55 -12 -6
55 -12 -8
55 -12 -9
55 -12 -11
55 -13 -2
55 -13 -3
55 -13 -4
55 -13 -6
55 -13 -7
55 -13 -13
55 -14 -2
55 -14 -5
55 -14 -8
55 -14 -13
55 -15 -1
55 -15 -4
55 -15 -6
56 0 -2
56 0 -3
56 0 -11
56 -1 0
56 -1 -2
56 -1 -3
56 -1 -13
56 -1 -14
56 -2 -2
56 -2 -3
56 -2 -5
56 -2 -10
56 -2 -13
56 -3 -6
56 -3 -10
56 -3 -11
56 -3 -12
56 -4 0
56 -4 -3
56 -4 -6
56 -4 -8
56 -4 -9
56 -4 -15
56 -5 -1
56 -5 -10
56 -5 -11
56 -5 -15
56 -6 -1
56 -6 -2
56 -6 -5
56 -6 -9
56 -6 -10
56 -6 -15
56 -7 -2
56 -7 -9
56 -7 -15
56 -8 -4
56 -8 -7
56 -8 -13
56 -8 -14
56 -9 -1
56 -9 -2
56 -9 -7
56 -9 -11
56 -9 -14
56 -9 -15
56 -10 -10
56 -11 -2
56 -11 -10
56 -11 -13
56 -12 -3
56 -12 -6
56 -12 -8
56 -12 -9
56 -12 -11
56 -13 -2
56 -13 -3
56 -13 -4
56 -13 -6
56 -13 -7
56 -13 -13
56 -14 -2
56 -14 -5
56 -14 -8
56 -14 -13
56 -15 -1
56 -15 -4
56 -15 -6
57 0 -2
57 0 -3
57 0 -11
57 -1 0
57 -1 -2
57 -1 -3
57 -1 -13
57 -1 -14
57 -2 -2
57 -2 -3
57 -2 -5
57 -2 -10
57 -2 -13
57 -3 -6
57 -3 -10
57 -3 -11
57 -3 -12
57 -4 0
57 -4 -3
57 -4 -6
57 -4 -8
57 -4 -9
57 -4 -15
57 -5 -1
57 -5 -10
57 -5 -11
57 -5 -15
57 -6 -1
57 -6 -2
57 -6 -5
57 -6 -9
57 -6 -10
57 -6 -15
57 -7 -2
57 -7 -9
57 -7 -15
57 -8 -4
57 -8 -7
57 -8 -13
57 -8 -14
57 -9 -1
57 -9 -2
57 -9 -7
57 -9 -11
57 -9 -14
57 -9 -15
57 -10 -10
57 -11 -2
57 -11 -10
57 -11 -13
57 -12 -3
57 -12 -6
57 -12 -8
57 -12 -9
57 -12 -11
57 -13 -2
57 -13 -3
57 -13 -4
57 -13 -6
57 -13 -7
57 -13 -13
57 -14 -2
57 -14 -5
57 -14 -8
57 -14 -13
57 -15 -1
57 -15 -4
57 -15 -6
58 0 -2
58 0 -3
58 0 -11
58 -1 0
58 -1 -2
58 -1 -3
58 -1 -13
58 -1 -14
58 -2 -2
58 -2 -3
58 -2 -5
58 -2 -10
58 -2 -13
58 -3 -6
58 -3 -10
58 -3 -11
58 -3 -12
58 -4 0
58 -4 -3
58 -4 -6
58 -4 -8
58 -4 -9
58 -4 -15
58 -5 -1
58 -5 -10
58 -5 -11
58 -5 -15
58 -6 -1
58 -6 -2
58 -6 -5
58 -6 -9
58 -6 -10
58 -6 -15
58 -7 -2
58 -7 -9
58 -7 -15
58 -8 -4
58 -8 -7
58 -8 -13
58 -8 -14
58 -9 -1
58 -9 -2
58 -9 -7
58 -9 -11
58 -9 -14
58 -9 -15
58 -10 -10
58 -11 -2
58 -11 -10
58 -11 -13
58 -12 -3
58 -12 -6
58 -12 -8
58 -12 -9
58 -12 -11
58 -13 -2
58 -13 -3
58 -13 -4
58 -13 -6
58 -13 -7
58 -13 -13
58 -14 -2
58 -14 -5
58 -14 -8
58 -14 -13
58 -15 -1
58 -15 -4
58 -15 -6
59 0 -2
59 0 -3
59 0 -11
59 -1 0
59 -1 -2
59 -1 -3
59 -1 -13
59 -1 -14
59 -2 -2
59 -2 -3
59 -2 -5
59 -2 -10
59 -2 -13
59 -3 -6
59 -3 -10
59 -3 -11
59 -3 -12
59 -4 0
59 -4 -3
59 -4 -6
59 -4 -8
59 -4 -9
59 -4 -15
59 -5 -1
59 -5 -10
59 -5 -11
59 -5 -15
59 -6 -1
59 -6 -2
59 -6 -5
59 -6 -9
59 -6 -10
59 -6 -15
59 -7 -2
59 -7 -9
59 -7 -15
59 -8 -4
59 -8 -7
59 -8 -13
59 -8 -14
59 -9 -1
59 -9 -2
59 -9 -7
59 -9 -11
59 -9 -14
59 -9 -15
59 -10 -10
59 -11 -2
59 -11 -10
59 -11 -13
59 -12 -3
59 -12 -6
59 -12 -8
59 -12 -9
59 -12 -11
59 -13 -2
59 -13 -3
59 -13 -4
59 -13 -6
59 -13 -7
59 -13 -13
59 -14 -2
59 -14 -5
59 -14 -8
59 -14 -13
59 -15 -1
59 -15 -4
59 -15 -6
60 0 -2
60 0 -3
60 0 -11
60 -1 0
60 -1 -2
60 -1 -3
60 -1 -13
60 -1 -14
60 -2 -2
60 -2 -3
60 -2 -5
60 -2 -10
60 -2 -13
60 -3 -6
60 -3 -10
60 -3 -11
60 -3 -12
60 -4 0
60 -4 -3
60 -4 -6
60 -4 -8
60 -4 -9
60 -4 -15
60 -5 -1
60 -5 -10
60 -5 -11
60 -5 -15
60 -6 -1
60 -6 -2
60 -6 -5
60 -6 -9
60 -6 -10
60 -6 -15
60 -7 -2
60 -7 -9
60 -7 -15
60 -8 -4
60 -8 -7
60 -8 -13
60 -8 -14
60 -9 -1
60 -9 -2
60 -9 -7
60 -9 -11
60 -9 -14
60 -9 -15
60 -10 -10
60 -11 -2
60 -11 -10
60 -11 -13
60 -12 -3
60 -12 -6
60 -12 -8
60 -12 -9
60 -12 -11
60 -13 -2
60 -13 -3
60 -13 -4
60 -13 -6
60 -13 -7
60 -13 -13
60 -14 -2
60 -14 -5
60 -14 -8
60 -14 -13
60 -15 -1
60 -15 -4
60 -15 -6
61 0 -2
61 0 -3
61 0 -11
61 -1 0
61 -1 -2
61 -1 -3
61 -1 -13
61 -1 -14
61 -2 -2
61 -2 -3
61 -2 -5
61 -2 -10
61 -2 -13
61 -3 -6
61 -3 -10
61 -3 -11
61 -3 -12
61 -4 0
61 -4 -3
61 -4 -6
61 -4 -8
61 -4 -9
61 -4 -15
61 -5 -1
61 -5 -10
61 -5 -11
61 -5 -15
61 -6 -1
61 -6 -2
61 -6 -5
61 -6 -9
61 -6 -10
61 -6 -15
61 -7 -2
61 -7 -9
61 -7 -15
61 -8 -4
61 -8 -7
61 -8 -13
61 -8 -14
61 -9 -1
61 -9 -2
61 -9 -7
61 -9 -11
61 -9 -14
61 -9 -15
61 -10 -10
61 -11 -2
61 -11 -10
61 -11 -13
61 -12 -3
61 -12 -6
61 -12 -8
61 -12 -9
61 -12 -11
61 -13 -2
61 -13 -3
61 -13 -4
61 -13 -6
61 -13 -7
61 -13 -13
61 -14 -2
61 -14 -5
61 -14 -8
61 -14 -13
61 -15 -1
61 -15 -4
61 -15 -6
62 0 -2
62 0 -3
62 0 -11
62 -1 0
62 -1 -2
62 -1 -3
62 -1 -13
62 -1 -14
62 -2 -2
62 -2 -3
62 -2 -5
62 -2 -10
62 -2 -13
62 -3 -6
62 -3 -10
62 -3 -11
62 -3 -12
62 -4 0
62 -4 -3
62 -4 -6
62 -4 -8
62 -4 -9
62 -4 -15
62 -5 -1
62 -5 -10
62 -5 -11
62 -5 -15
62 -6 -1
62 -6 -2
62 -6 -5
62 -6 -9
62 -6 -10
62 -6 -15
62 -7 -2
62 -7 -9
62 -7 -15
62 -8 -4
62 -8 -7
62 -8 -13
62 -8 -14
62 -9 -1
62 -9 -2
62 -9 -7
62 -9 -11
62 -9 -14
62 -9 -15
62 -10 -10
62 -11 -2
62 -11 -10
62 -11 -13
62 -12 -3
62 -12 -6
62 -12 -8
62 -12 -9
62 -12 -11
62 -13 -2
62 -13 -3
62 -13 -4
62 -13 -6
62 -13 -7
62 -13 -13
62 -14 -2
62 -14 -5
62 -14 -8
62 -14 -13
62 -15 -1
62 -15 -4
62 -15 -6
63 0 -2
63 0 -3
63 0 -11
63 -1 0
63 -1 -2
63 -1 -3
63 -1 -13
63 -1 -14
63 -2 -2
63 -2 -3
63 -2 -5
63 -2 -10
63 -2 -13
63 -3 -6
63 -3 -10
63 -3 -11
63 -3 -12
63 -4 0
63 -4 -3
63 -4 -6
63 -4 -8
63 -4 -9
63 -4 -15
63 -5 -1
63 -5 -10
63 -5 -11
63 -5 -15
63 -6 -1
63 -6 -2
63 -6 -5
63 -6 -9
63 -6 -10
63 -6 -15
63 -7 -2
63 -7 -9
63 -7 -15
63 -8 -4
63 -8 -7
63 -8 -13
63 -8 -14
63 -9 -1
63 -9 -2
63 -9 -7
63 -9 -11
63 -9 -14
63 -9 -15
63 -10 -10
63 -11 -2
63 -11 -10
63 -11 -13
63 -12 -3
63 -12 -6
63 -12 -8
63 -12 -9
63 -12 -11
63 -13 -2
63 -13 -3
63 -13 -4
63 -13 -6
63 -13 -7
63 -13 -13
63 -14 -2
63 -14 -5
63 -14 -8
63 -14 -13
63 -15 -1
63 -15 -4
63 -15 -6
64 0 -2
64 0 -3
64 0 -11
64 -1 0
64 -1 -2
64 -1 -3
64 -1 -13
64 -1 -14
64 -2 -2
64 -2 -3
64 -2 -5
64 -2 -10
64 -2 -13
64 -3 -6
64 -3 -10
64 -3 -11
64 -3 -12
64 -4 0
64 -4 -3
64 -4 -6
64 -4 -8
64 -4 -9
64 -4 -15
64 -5 -1
64 -5 -10
64 -5 -11
64 -5 -15
64 -6 -1
64 -6 -2
64 -6 -5
64 -6 -9
64 -6 -10
64 -6 -15
64 -7 -2
64 -7 -9
64 -7 -15
64 -8 -4
64 -8 -7
64 -8 -13
64 -8 -14
64 -9 -1
64 -9 -2
64 -9 -7
64 -9 -11
64 -9 -14
64 -9 -15
64 -10 -10
64 -11 -2
64 -11 -10
64 -11 -13
64 -12 -3
64 -12 -6
64 -12 -8
64 -12 -9
64 -12 -11
64 -13 -2
64 -13 -3
64 -13 -4
64 -13 -6
64 -13 -7
64 -13 -13
64 -14 -2
64 -14 -5
64 -14 -8
64 -14 -13
64 -15 -1
64 -15 -4
64 -15 -6
65 0 -2
65 0 -3
65 0 -11
65 -1 0
65 -1 -2
65 -1 -3
65 -1 -13
65 -1 -14
65 -2 -2
65 -2 -3
65 -2 -5
65 -2 -10
65 -2 -13
65 -3 -6
65 -3 -10
65 -3 -11
65 -3 -12
65 -4 0
65 -4 -3
65 -4 -6
65 -4 -8
65 -4 -9
65 -4 -15
65 -5 -1
65 -5 -10
65 -5 -11
65 -5 -15
65 -6 -1
65 -6 -2
65 -6 -5
65 -6 -9
65 -6 -10
65 -6 -15
65 -7 -2
65 -7 -9
65 -7 -15
65 -8 -4
65 -8 -7
65 -8 -13
65 -8 -14
65 -9 -1
65 -9 -2
65 -9 -7
65 -9 -11
65 -9 -14
65 -9 -15
65 -10 -10
65 -11 -2
65 -11 -10
65 -11 -13
65 -12 -3
65 -12 -6
65 -12 -8
65 -12 -9
65 -12 -11
65 -13 -2
65 -13 -3
65 -13 -4
65 -13 -6
65 -13 -7
65 -13 -13
65 -14 -2
65 -14 -5
65 -14 -8
65 -14 -13
65 -15 -1
65 -15 -4
65 -15 -6
66 0 -2
66 0 -3
66 0 -11
66 -1 0
66 -1 -2
66 -1 -3
66 -1 -13
66 -1 -14
66 -2 -2
66 -2 -3
66 -2 -5
66 -2 -10
66 -2 -13
66 -3 -6
66 -3 -10
66 -3 -11
66 -3 -12
66 -4 0
66 -4 -3
66 -4 -6
66 -4 -8
66 -4 -9
66 -4 -15
66 -5 -1
66 -5 -10
66 -5 -11
66 -5 -15
66 -6 -1
66 -6 -2
66 -6 -5
66 -6 -9
66 -6 -10
66 -6 -15
66 -7 -2
66 -7 -9
66 -7 -15
66 -8 -4
66 -8 -7
66 -8 -13
66 -8 -14
66 -9 -1
66 -9 -2
66 -9 -7
66 -9 -11
66 -9 -14
66 -9 -15
66 -10 -10
66 -11 -2
66 -11 -10
66 -11 -13
66 -12 -3
66 -12 -6
66 -12 -8
66 -12 -9
66 -12 -11
66 -13 -2
66 -13 -3
66 -13 -4
66 -13 -6
66 -13 -7
66 -13 -13
66 -14 -2
66 -14 -5
66 -14 -8
66 -14 -13
66 -15 -1
66 -15 -4
66 -15 -6
67 0 -2
67 0 -3
67 0 -11
67 -1 0
67 -1 -2
67 -1 -3
67 -1 -13
67 -1 -14
67 -2 -2
67 -2 -3
67 -2 -5
67 -2 -10
67 -2 -13
67 -3 -6
67 -3 -10
67 -3 -11
67 -3 -12
67 -4 0
67 -4 -3
67 -4 -6
67 -4 -8
67 -4 -9
67 -4 -15
67 -5 -1
67 -5 -10
67 -5 -11
67 -5 -15
67 -6 -1
67 -6 -2
67 -6 -5
67 -6 -9
67 -6 -10
67 -6 -15
67 -7 -2
67 -7 -9
67 -7 -15
67 -8 -4
67 -8 -7
67 -8 -13
67 -8 -14
67 -9 -1
67 -9 -2
67 -9 -7
67 -9 -11
67 -9 -14
67 -9 -15
67 -10 -10
67 -11 -2
67 -11 -10
67 -11 -13
67 -12 -3
67 -12 -6
67 -12 -8
67 -12 -9
67 -12 -11
67 -13 -2
67 -13 -3
67 -13 -4
67 -13 -6
67 -13 -7
67 -13 -13
67 -14 -2
67 -14 -5
67 -14 -8
67 -14 -13
67 -15 -1
67 -15 -4
67 -15 -6
-1 -1 -1
8
9
3
2
12
0
19
4
13
32
14
20
21
29
27
5
11
25
22
18
31
30
37
36
10
6
24
41
38
51
23
1
44
28
17
39
60
33
16
43
26
34
58
63
65
7
55
56
15
35
40
50
52
61
67
49
45
54
46
48
47
59
42
62
53
64
66
57
  0.044407 seconds (121.15 k allocations: 3.943 MiB)
