950 0 0 0 0 0 0 0 0 0 0 0 0 0 0 0 0 0 0 0 0 0 0 0 0 0 0 0 0 0 0 0 0 0 0 0 0 0 0 0 0 0 0 0 0 0
0 0 0 0 0 0 0 0 0 0 0 0 0 0 0 0 0 0 0 0 0 0 0 0 0 0 0 0 0 0 0 0 0 0 0 0 0 0 0 0 0 0 0 0 0 0
0 0 0 0 0 0 0 0 0 0 0 0 0 0 0 0 0 0 0 0 0 0 0 0 0 0 0 0 0 0 0 0 0 0 0 0 0 0 0 0 0 0 0 0 0 0
0 0 0 0 0 0 0 0 0 0 0 0 0 0 0 0 0 0 0 0 0 0 0 0 0 0 0 0 0 0 0 0 0 0 0 0 0 0 0 0 0 0 0 0 0 0
0 0 0 0 0 0 0 0 0 0 0 0 0 0 0 0 0 0 0 0 0 0 0 0 0 0 0 0 0 0 0 0 0 0 0 0 0 0 0 0 0 0 0 0 0 0
0 0 0 0 0 0 0 0 0 0 0 0 0 0 0 0 0 0 0 0 0 0 0 0 0 0 0 0 0 0 0 0 0 0 0 0 0 0 0 0 0 0 0 0 0 0
0 0 0 0 0 0 0 0 0 0 0 0 0 0 0 0 0 0 0 0 0 0 0 0 0 0 0 0 0 0 0 0 0 0 0 0 0 0 0 0 0 0 0 0 0 0
0 0 0 0 0 0 0 0 0 0 0 0 0 0 0 0 0 0 0 0 0 0 0 0 0 0 0 0 0 0 0 0 0 0 0 0 0 0 0 0 0 0 0 0 0 0
0 0 0 0 0 0 0 0 0 0 0 0 0 0 0 0 0 0 0 0 0 0 0 0 0 0 0 0 0 0 0 0 0 0 0 0 0 0 0 0 0 0 0 0 0 0
0 0 0 0 0 0 0 0 0 0 0 0 0 0 0 0 0 0 0 0 0 0 0 0 0 0 0 0 0 0 0 0 0 0 0 0 0 0 0 0 0 0 0 0 0 0
0 0 0 0 0 0 0 0 0 0 0 0 0 0 0 0 0 0 0 0 0 0 0 0 0 0 0 0 0 0 0 0 0 0 0 0 0 0 0 0 0 0 0 0 0 0
0 0 0 0 0 0 0 0 0 0 0 0 0 0 0 0 0 0 0 0 0 0 0 0 0 0 0 0 0 0 0 0 0 0 0 0 0 0 0 0 0 0 0 0 0 0
0 0 0 0 0 0 0 0 0 0 0 0 0 0 0 0 0 0 0 0 0 0 0 0 0 0 0 0 0 0 0 0 0 0 0 0 0 0 0 0 0 0 0 0 0 0
0 0 0 0 0 0 0 0 0 0 0 0 0 0 0 0 0 0 0 0 0 0 0 0 0 0 0 0 0 0 0 0 0 0 0 0 0 0 0 0 0 0 0 0 0 0
0 0 0 0 0 0 0 0 0 0 0 0 0 0 0 0 0 0 0 0 0 0 0 0 0 0 0 0 0 0 0 0 0 0 0 0 0 0 0 0 0 0 0 0 0 0
0 0 0 0 0 0 0 0 0 0 0 0 0 0 0 0 0 0 0 0 0 0 0 0 0 0 0 0 0 0 0 0 0 0 0 0 0 0 0 0 0 0 0 0 0 0
0 0 0 0 0 0 0 0 0 0 0 0 0 0 0 0 0 0 0 0 0 0 0 0 0 0 0 0 0 0 0 0 0 0 0 0 0 0 0 0 0 0 0 0 0 0
0 0 0 0 0 0 0 0 0 0 0 0 0 0 0 0 0 0 0 0 0 0 0 0 0 0 0 0 0 0 0 0 0 0 0 0 0 0 0 0 0 0 0 0 0 0
0 0 0 0 0 0 0 0 0 0 0 0 0 0 0 0 0 0 0 0 0 0 0 0 0 0 0 0 0 0 0 0 0 0 0 0 0 0 0 0 0 0 0 0 0 0
0 0 0 0 0 0 0 0 0 0 0 0 0 0 0 0 0 0 0 0 0 0 0 0 0 0 0 0 0 0 0 0 0 0 0 0 0 0 0 0 0 0 0 0 0 0
0 0 0 0 0 0 0 0 0 0 0 0 0 0 0 0 0 0 0 0 0 0 0 0 0 0 0 0 0 0 0 0 0 0 0 0 0 0 0 0 0 0 0 0 0 0
0 0 0 0 0 0 0 0 0 0 0 0 0 0 0 0 0 0 0 0 0 0 0 0 0 0 0 0 0 0 0 0 0 0 0 0 0 0 0 0 0 0 0 0 0 0
0 0 0 0 0 0 0 0 0 0 0 0 0 0 0 0 0 0 0 0 0 0 0 0 0 0 0 0 0 0 0 0 0 0 0 0 0 0 0 0 0 0 0 0 0 0
0 0 0 0 0 0 0 0 0 0 0 0 0 0 0 0 0 0 0 0 0 0 0 0 0 0 0 0 0 0 0 0 0 0 0 0 0 0 0 0 0 0 0 0 0 0
0 0 0 0 0 0 0 0 0 0 0 0 0 0 0 0 0 0 0 0 0 0 0 0 0 0 0 0 0 0 0 0 0 0 0 0 0 0 0 0 0 0 0 0 0 0
0 0 0 0 0 0 0 0 0 0 0 0 0 0 0 0 0 0 0 0 0 0 0 0 0 0 0 0 0 0 0 0 0 0 0 0 0 0 0 0 0 0 0 0 0 0
0 0 0 0 0 0 0 0 0 0 0 0 0 0 0 0 0 0 0 0 0 0 0 0 0 0 0 0 0 0 0 0 0 0 0 0 0 0 0 0 0 0 0 0 0 0
0 0 0 0 0 0 0 0 0 0 0 0 0 0 0 0 0 0 0 0 0 0 0 0 0 0 0 0 0 0 0 0 0 0 0 0 0 0 0 0 0 0 0 0 0 0
0 0 0 0 0 0 0 0 0 0 0 0 0 0 0 0 0 0 0 0 0 0 0 0 0 0 0 0 0 0 0 0 0 0 0 0 0 0 0 0 0 0 0 0 0 0
0 0 0 0 0 0 0 0 0 0 0 0 0 0 0 0 0 0 0 0 0 0 0 0 0 0 0 0 0 0 0 0 0 0 0 0 0 0 0 0 0 0 0 0 0 0
0 0 0 0 0 0 0 0 0 0 0 0 0 0 0 0 0 0 0 0 0 0 0 0 0 0 0 0 0 0 0 0 0 0 0 0 0 0 0 0 0 0 0 0 0 0
0 0 0 0 0 0 0 0 0 0 0 0 0 0 0 0 0 0 0 0 0 0 0 0 0 0 0 0 0 0 0 0 0 0 0 0 0 0 0 0 0 0 0 0 0 0
0 0 0 0 0 0 0 0 0 0 0 0 0 0 0 0 0 0 0 0 0 0 0 0 0 0 0 0 0 0 0 0 0 0 0 0 0 0 0 0 0 0 0 0 0 0
0 0 0 0 0 0 0 0 0 0 0 0 0 0 0 0 0 0 0 0 0 0 0 0 0 0 0 0 0 0 0 0 0 0 0 0 0 0 0 0 0 0 0 0 0 0
0 0 0 0 0 0 0 0 0 0 0 0 0 0 0 0 0 0 0 0 0 0 0 0 0 0 0 0 0 0 0 0 0 0 0 0 0 0 0 0 0 0 0 0 0 0
0 0 0 0 0 0 0 0 0 0 0 0 0 0 0 0 0 0 0 0 0 0 0 0 0 0 0 0 0 0 0 0 0 0 0 0 0 0 0 0 0 0 0 0 0 0
0 0 0 0 0 0 0 0 0 0 0 0 0 0 0 0 0 0 0 0 0 0 0 0 0 0 0 0 0 0 0 0 0 0 0 0 0 0 0 0 0 0 0 0 0 0
0 0 0 0 0 0 0 0 0 0 0 0 0 0 0 0 0 0 0 0 0 0 0 0 0 0 0 0 0 0 0 0 0 0 0 0 0 0 0 0 0 0 0 0 0 0
0 0 0 0 0 0 0 0 0 0 0 0 0 0 0 0 0 0 0 0 0 0 0 0 0 0 0 0 0 0 0 0 0 0 0 0 0 0 0 0 0 0 0 0 0 0
0 0 0 0 0 0 0 0 0 0 0 0 0 0 0 0 0 0 0 0 0 0 0 0 0 0 0 0 0 0 0 0 0 0 0 0 0 0 0 0 0 0 0 0 0 0
0 0 0 0 0 0 0 0 0 0 0 0 0 0 0 0 0 0 0 0 0 0 0 0 0 0 0 0 0 0 0 0 0 0 0 0 0 0 0 0 0 0 0 0 0 0
0 0 0 0 0 0 0 0 0 0 0 0 0 0 0 0 0 0 0 0 0 0 0 0 0 0 0 0 0 0 0 0 0 0 0 0 0 0 0 0 0 0 0 0 0 0
0 0 0 0 0 0 0 0 0 0 0 0 0 0 0 0 0 0 0 0 0 0 0 0 0 0 0 0 0 0 0 0 0 0 0 0 0 0 0 0 0 0 0 0 0 0
0 0 0 0 0 0 0 0 0 0 0 0 0 0 0 0 0 0 0 0 0 0 0 0 0 0 0 0 0 0 0 0 0 0 0 0 0 0 0 0 0 0 0 0 0 0
0 0 0 0 0 0 0 0 0 0 0 0 0 0 0 0 0 0 0 0 0 0 0 0 0 0 0 0 0 0 0 0 0 0 0 0 0 0 0 0 0 0 0 0 0 0
0 0 0 0 0 0 0 0 0 0 0 0 0 0 0 0 0 0 0 0 0 0 0 0 0 0 0 0 0 0 0 0 0 0 0 0 0 0 0 0 0 0 0 0 0 0
0 0 -8
0 -1 -42
0 -2 -7
0 -3 -2
0 -4 -8
0 -5 0
0 -5 -2
0 -5 -18
0 -5 -23
0 -5 -40
0 -6 -8
0 -6 -17
0 -7 -15
0 -8 -4
0 -8 -16
0 -9 -5
0 -9 -20
0 -10 -28
0 -10 -30
0 -10 -40
0 -12 -26
0 -13 -6
0 -14 -14
0 -15 -16
0 -15 -17
0 -15 -20
0 -16 -18
0 -17 -10
0 -17 -12
0 -17 -29
0 -18 -24
0 -19 -41
0 -19 -44
0 -20 -23
0 -21 0
0 -22 -19
0 -22 -35
0 -24 -7
0 -24 -18
0 -24 -24
0 -25 -5
0 -25 -39
0 -25 -43
0 -26 -14
0 -26 -20
0 -27 -32
0 -29 -23
0 -29 -42
0 -30 -36
0 -31 -22
0 -35 -4
0 -35 -22
0 -35 -23
0 -35 -24
0 -35 -26
0 -36 -2
0 -37 -20
0 -37 -23
0 -37 -30
0 -38 -18
0 -39 -8
0 -40 -13
0 -41 -26
0 -41 -45
0 -42 -12
0 -44 -17
0 -44 -33
0 -45 -7
0 -45 -12
0 -45 -40
0 -45 -41
1 0 -8
1 -1 -42
1 -2 -7
1 -3 -2
1 -4 -8
1 -5 0
1 -5 -2
1 -5 -18
1 -5 -23
1 -5 -40
1 -6 -8
1 -6 -17
1 -7 -15
1 -8 -4
1 -8 -16
1 -9 -5
1 -9 -20
1 -10 -28
1 -10 -30
1 -10 -40
1 -12 -26
1 -13 -6
1 -14 -14
1 -15 -16
1 -15 -17
1 -15 -20
1 -16 -18
1 -17 -10
1 -17 -12
1 -17 -29
1 -18 -24
1 -19 -41
1 -19 -44
1 -20 -23
1 -21 0
1 -22 -19
1 -22 -35
1 -24 -7
1 -24 -18
1 -24 -24
1 -25 -5
1 -25 -39
1 -25 -43
1 -26 -14
1 -26 -20
1 -27 -32
1 -29 -23
1 -29 -42
1 -30 -36
1 -31 -22
1 -35 -4
1 -35 -22
1 -35 -23
1 -35 -24
1 -35 -26
1 -36 -2
1 -37 -20
1 -37 -23
1 -37 -30
1 -38 -18
1 -39 -8
1 -40 -13
1 -41 -26
1 -41 -45
1 -42 -12
1 -44 -17
1 -44 -33
1 -45 -7
1 -45 -12
1 -45 -40
1 -45 -41
2 0 -8
2 -1 -42
2 -2 -7
2 -3 -2
2 -4 -8
2 -5 0
2 -5 -2
2 -5 -18
2 -5 -23
2 -5 -40
2 -6 -8
2 -6 -17
2 -7 -15
2 -8 -4
2 -8 -16
2 -9 -5
2 -9 -20
2 -10 -28
2 -10 -30
2 -10 -40
2 -12 -26
2 -13 -6
2 -14 -14
2 -15 -16
2 -15 -17
2 -15 -20
2 -16 -18
2 -17 -10
2 -17 -12
2 -17 -29
2 -18 -24
2 -19 -41
2 -19 -44
2 -20 -23
2 -21 0
2 -22 -19
2 -22 -35
2 -24 -7
2 -24 -18
2 -24 -24
2 -25 -5
2 -25 -39
2 -25 -43
2 -26 -14
2 -26 -20
2 -27 -32
2 -29 -23
2 -29 -42
2 -30 -36
2 -31 -22
2 -35 -4
2 -35 -22
2 -35 -23
2 -35 -24
2 -35 -26
2 -36 -2
2 -37 -20
2 -37 -23
2 -37 -30
2 -38 -18
2 -39 -8
2 -40 -13
2 -41 -26
2 -41 -45
2 -42 -12
2 -44 -17
2 -44 -33
2 -45 -7
2 -45 -12
2 -45 -40
2 -45 -41
3 0 -8
3 -1 -42
3 -2 -7
3 -3 -2
3 -4 -8
3 -5 0
3 -5 -2
3 -5 -18
3 -5 -23
3 -5 -40
3 -6 -8
3 -6 -17
3 -7 -15
3 -8 -4
3 -8 -16
3 -9 -5
3 -9 -20
3 -10 -28
3 -10 -30
3 -10 -40
3 -12 -26
3 -13 -6
3 -14 -14
3 -15 -16
3 -15 -17
3 -15 -20
3 -16 -18
3 -17 -10
3 -17 -12
3 -17 -29
3 -18 -24
3 -19 -41
3 -19 -44
3 -20 -23
3 -21 0
3 -22 -19
3 -22 -35
3 -24 -7
3 -24 -18
3 -24 -24
3 -25 -5
3 -25 -39
3 -25 -43
3 -26 -14
3 -26 -20
3 -27 -32
3 -29 -23
3 -29 -42
3 -30 -36
3 -31 -22
3 -35 -4
3 -35 -22
3 -35 -23
3 -35 -24
3 -35 -26
3 -36 -2
3 -37 -20
3 -37 -23
3 -37 -30
3 -38 -18
3 -39 -8
3 -40 -13
3 -41 -26
3 -41 -45
3 -42 -12
3 -44 -17
3 -44 -33
3 -45 -7
3 -45 -12
3 -45 -40
3 -45 -41
4 0 -8
4 -1 -42
4 -2 -7
4 -3 -2
4 -4 -8
4 -5 0
4 -5 -2
4 -5 -18
4 -5 -23
4 -5 -40
4 -6 -8
4 -6 -17
4 -7 -15
4 -8 -4
4 -8 -16
4 -9 -5
4 -9 -20
4 -10 -28
4 -10 -30
4 -10 -40
4 -12 -26
4 -13 -6
4 -14 -14
4 -15 -16
4 -15 -17
4 -15 -20
4 -16 -18
4 -17 -10
4 -17 -12
4 -17 -29
4 -18 -24
4 -19 -41
4 -19 -44
4 -20 -23
4 -21 0
4 -22 -19
4 -22 -35
4 -24 -7
4 -24 -18
4 -24 -24
4 -25 -5
4 -25 -39
4 -25 -43
4 -26 -14
4 -26 -20
4 -27 -32
4 -29 -23
4 -29 -42
4 -30 -36
4 -31 -22
4 -35 -4
4 -35 -22
4 -35 -23
4 -35 -24
4 -35 -26
4 -36 -2
4 -37 -20
4 -37 -23
4 -37 -30
4 -38 -18
4 -39 -8
4 -40 -13
4 -41 -26
4 -41 -45
4 -42 -12
4 -44 -17
4 -44 -33
4 -45 -7
4 -45 -12
4 -45 -40
4 -45 -41
5 0 -8
5 -1 -42
5 -2 -7
5 -3 -2
5 -4 -8
5 -5 0
5 -5 -2
5 -5 -18
5 -5 -23
5 -5 -40
5 -6 -8
5 -6 -17
5 -7 -15
5 -8 -4
5 -8 -16
5 -9 -5
5 -9 -20
5 -10 -28
5 -10 -30
5 -10 -40
5 -12 -26
5 -13 -6
5 -14 -14
5 -15 -16
5 -15 -17
5 -15 -20
5 -16 -18
5 -17 -10
5 -17 -12
5 -17 -29
5 -18 -24
5 -19 -41
5 -19 -44
5 -20 -23
5 -21 0
5 -22 -19
5 -22 -35
5 -24 -7
5 -24 -18
5 -24 -24
5 -25 -5
5 -25 -39
5 -25 -43
5 -26 -14
5 -26 -20
5 -27 -32
5 -29 -23
5 -29 -42
5 -30 -36
5 -31 -22
5 -35 -4
5 -35 -22
5 -35 -23
5 -35 -24
5 -35 -26
5 -36 -2
5 -37 -20
5 -37 -23
5 -37 -30
5 -38 -18
5 -39 -8
5 -40 -13
5 -41 -26
5 -41 -45
5 -42 -12
5 -44 -17
5 -44 -33
5 -45 -7
5 -45 -12
5 -45 -40
5 -45 -41
6 0 -8
6 -1 -42
6 -2 -7
6 -3 -2
6 -4 -8
6 -5 0
6 -5 -2
6 -5 -18
6 -5 -23
6 -5 -40
6 -6 -8
6 -6 -17
6 -7 -15
6 -8 -4
6 -8 -16
6 -9 -5
6 -9 -20
6 -10 -28
6 -10 -30
6 -10 -40
6 -12 -26
6 -13 -6
6 -14 -14
6 -15 -16
6 -15 -17
6 -15 -20
6 -16 -18
6 -17 -10
6 -17 -12
6 -17 -29
6 -18 -24
6 -19 -41
6 -19 -44
6 -20 -23
6 -21 0
6 -22 -19
6 -22 -35
6 -24 -7
6 -24 -18
6 -24 -24
6 -25 -5
6 -25 -39
6 -25 -43
6 -26 -14
6 -26 -20
6 -27 -32
6 -29 -23
6 -29 -42
6 -30 -36
6 -31 -22
6 -35 -4
6 -35 -22
6 -35 -23
6 -35 -24
6 -35 -26
6 -36 -2
6 -37 -20
6 -37 -23
6 -37 -30
6 -38 -18
6 -39 -8
6 -40 -13
6 -41 -26
6 -41 -45
6 -42 -12
6 -44 -17
6 -44 -33
6 -45 -7
6 -45 -12
6 -45 -40
6 -45 -41
7 0 -8
7 -1 -42
7 -2 -7
7 -3 -2
7 -4 -8
7 -5 0
7 -5 -2
7 -5 -18
7 -5 -23
7 -5 -40
7 -6 -8
7 -6 -17
7 -7 -15
7 -8 -4
7 -8 -16
7 -9 -5
7 -9 -20
7 -10 -28
7 -10 -30
7 -10 -40
7 -12 -26
7 -13 -6
7 -14 -14
7 -15 -16
7 -15 -17
7 -15 -20
7 -16 -18
7 -17 -10
7 -17 -12
7 -17 -29
7 -18 -24
7 -19 -41
7 -19 -44
7 -20 -23
7 -21 0
7 -22 -19
7 -22 -35
7 -24 -7
7 -24 -18
7 -24 -24
7 -25 -5
7 -25 -39
7 -25 -43
7 -26 -14
7 -26 -20
7 -27 -32
7 -29 -23
7 -29 -42
7 -30 -36
7 -31 -22
7 -35 -4
7 -35 -22
7 -35 -23
7 -35 -24
7 -35 -26
7 -36 -2
7 -37 -20
7 -37 -23
7 -37 -30
7 -38 -18
7 -39 -8
7 -40 -13
7 -41 -26
7 -41 -45
7 -42 -12
7 -44 -17
7 -44 -33
7 -45 -7
7 -45 -12
7 -45 -40
7 -45 -41
8 0 -8
8 -1 -42
8 -2 -7
8 -3 -2
8 -4 -8
8 -5 0
8 -5 -2
8 -5 -18
8 -5 -23
8 -5 -40
8 -6 -8
8 -6 -17
8 -7 -15
8 -8 -4
8 -8 -16
8 -9 -5
8 -9 -20
8 -10 -28
8 -10 -30
8 -10 -40
8 -12 -26
8 -13 -6
8 -14 -14
8 -15 -16
8 -15 -17
8 -15 -20
8 -16 -18
8 -17 -10
8 -17 -12
8 -17 -29
8 -18 -24
8 -19 -41
8 -19 -44
8 -20 -23
8 -21 0
8 -22 -19
8 -22 -35
8 -24 -7
8 -24 -18
8 -24 -24
8 -25 -5
8 -25 -39
8 -25 -43
8 -26 -14
8 -26 -20
8 -27 -32
8 -29 -23
8 -29 -42
8 -30 -36
8 -31 -22
8 -35 -4
8 -35 -22
8 -35 -23
8 -35 -24
8 -35 -26
8 -36 -2
8 -37 -20
8 -37 -23
8 -37 -30
8 -38 -18
8 -39 -8
8 -40 -13
8 -41 -26
8 -41 -45
8 -42 -12
8 -44 -17
8 -44 -33
8 -45 -7
8 -45 -12
8 -45 -40
8 -45 -41
9 0 -8
9 -1 -42
9 -2 -7
9 -3 -2
9 -4 -8
9 -5 0
9 -5 -2
9 -5 -18
9 -5 -23
9 -5 -40
9 -6 -8
9 -6 -17
9 -7 -15
9 -8 -4
9 -8 -16
9 -9 -5
9 -9 -20
9 -10 -28
9 -10 -30
9 -10 -40
9 -12 -26
9 -13 -6
9 -14 -14
9 -15 -16
9 -15 -17
9 -15 -20
9 -16 -18
9 -17 -10
9 -17 -12
9 -17 -29
9 -18 -24
9 -19 -41
9 -19 -44
9 -20 -23
9 -21 0
9 -22 -19
9 -22 -35
9 -24 -7
9 -24 -18
9 -24 -24
9 -25 -5
9 -25 -39
9 -25 -43
9 -26 -14
9 -26 -20
9 -27 -32
9 -29 -23
9 -29 -42
9 -30 -36
9 -31 -22
9 -35 -4
9 -35 -22
9 -35 -23
9 -35 -24
9 -35 -26
9 -36 -2
9 -37 -20
9 -37 -23
9 -37 -30
9 -38 -18
9 -39 -8
9 -40 -13
9 -41 -26
9 -41 -45
9 -42 -12
9 -44 -17
9 -44 -33
9 -45 -7
9 -45 -12
9 -45 -40
9 -45 -41
10 0 -8
10 -1 -42
10 -2 -7
10 -3 -2
10 -4 -8
10 -5 0
10 -5 -2
10 -5 -18
10 -5 -23
10 -5 -40
10 -6 -8
10 -6 -17
10 -7 -15
10 -8 -4
10 -8 -16
10 -9 -5
10 -9 -20
10 -10 -28
10 -10 -30
10 -10 -40
10 -12 -26
10 -13 -6
10 -14 -14
10 -15 -16
10 -15 -17
10 -15 -20
10 -16 -18
10 -17 -10
10 -17 -12
10 -17 -29
10 -18 -24
10 -19 -41
10 -19 -44
10 -20 -23
10 -21 0
10 -22 -19
10 -22 -35
10 -24 -7
10 -24 -18
10 -24 -24
10 -25 -5
10 -25 -39
10 -25 -43
10 -26 -14
10 -26 -20
10 -27 -32
10 -29 -23
10 -29 -42
10 -30 -36
10 -31 -22
10 -35 -4
10 -35 -22
10 -35 -23
10 -35 -24
10 -35 -26
10 -36 -2
10 -37 -20
10 -37 -23
10 -37 -30
10 -38 -18
10 -39 -8
10 -40 -13
10 -41 -26
10 -41 -45
10 -42 -12
10 -44 -17
10 -44 -33
10 -45 -7
10 -45 -12
10 -45 -40
10 -45 -41
11 0 -8
11 -1 -42
11 -2 -7
11 -3 -2
11 -4 -8
11 -5 0
11 -5 -2
11 -5 -18
11 -5 -23
11 -5 -40
11 -6 -8
11 -6 -17
11 -7 -15
11 -8 -4
11 -8 -16
11 -9 -5
11 -9 -20
11 -10 -28
11 -10 -30
11 -10 -40
11 -12 -26
11 -13 -6
11 -14 -14
11 -15 -16
11 -15 -17
11 -15 -20
11 -16 -18
11 -17 -10
11 -17 -12
11 -17 -29
11 -18 -24
11 -19 -41
11 -19 -44
11 -20 -23
11 -21 0
11 -22 -19
11 -22 -35
11 -24 -7
11 -24 -18
11 -24 -24
11 -25 -5
11 -25 -39
11 -25 -43
11 -26 -14
11 -26 -20
11 -27 -32
11 -29 -23
11 -29 -42
11 -30 -36
11 -31 -22
11 -35 -4
11 -35 -22
11 -35 -23
11 -35 -24
11 -35 -26
11 -36 -2
11 -37 -20
11 -37 -23
11 -37 -30
11 -38 -18
11 -39 -8
11 -40 -13
11 -41 -26
11 -41 -45
11 -42 -12
11 -44 -17
11 -44 -33
11 -45 -7
11 -45 -12
11 -45 -40
11 -45 -41
12 0 -8
12 -1 -42
12 -2 -7
12 -3 -2
12 -4 -8
12 -5 0
12 -5 -2
12 -5 -18
12 -5 -23
12 -5 -40
12 -6 -8
12 -6 -17
12 -7 -15
12 -8 -4
12 -8 -16
12 -9 -5
12 -9 -20
12 -10 -28
12 -10 -30
12 -10 -40
12 -12 -26
12 -13 -6
12 -14 -14
12 -15 -16
12 -15 -17
12 -15 -20
12 -16 -18
12 -17 -10
12 -17 -12
12 -17 -29
12 -18 -24
12 -19 -41
12 -19 -44
12 -20 -23
12 -21 0
12 -22 -19
12 -22 -35
12 -24 -7
12 -24 -18
12 -24 -24
12 -25 -5
12 -25 -39
12 -25 -43
12 -26 -14
12 -26 -20
12 -27 -32
12 -29 -23
12 -29 -42
12 -30 -36
12 -31 -22
12 -35 -4
12 -35 -22
12 -35 -23
12 -35 -24
12 -35 -26
12 -36 -2
12 -37 -20
12 -37 -23
12 -37 -30
12 -38 -18
12 -39 -8
12 -40 -13
12 -41 -26
12 -41 -45
12 -42 -12
12 -44 -17
12 -44 -33
12 -45 -7
12 -45 -12
12 -45 -40
12 -45 -41
13 0 -8
13 -1 -42
13 -2 -7
13 -3 -2
13 -4 -8
13 -5 0
13 -5 -2
13 -5 -18
13 -5 -23
13 -5 -40
13 -6 -8
13 -6 -17
13 -7 -15
13 -8 -4
13 -8 -16
13 -9 -5
13 -9 -20
13 -10 -28
13 -10 -30
13 -10 -40
13 -12 -26
13 -13 -6
13 -14 -14
13 -15 -16
13 -15 -17
13 -15 -20
13 -16 -18
13 -17 -10
13 -17 -12
13 -17 -29
13 -18 -24
13 -19 -41
13 -19 -44
13 -20 -23
13 -21 0
13 -22 -19
13 -22 -35
13 -24 -7
13 -24 -18
13 -24 -24
13 -25 -5
13 -25 -39
13 -25 -43
13 -26 -14
13 -26 -20
13 -27 -32
13 -29 -23
13 -29 -42
13 -30 -36
13 -31 -22
13 -35 -4
13 -35 -22
13 -35 -23
13 -35 -24
13 -35 -26
13 -36 -2
13 -37 -20
13 -37 -23
13 -37 -30
13 -38 -18
13 -39 -8
13 -40 -13
13 -41 -26
13 -41 -45
13 -42 -12
13 -44 -17
13 -44 -33
13 -45 -7
13 -45 -12
13 -45 -40
13 -45 -41
14 0 -8
14 -1 -42
14 -2 -7
14 -3 -2
14 -4 -8
14 -5 0
14 -5 -2
14 -5 -18
14 -5 -23
14 -5 -40
14 -6 -8
14 -6 -17
14 -7 -15
14 -8 -4
14 -8 -16
14 -9 -5
14 -9 -20
14 -10 -28
14 -10 -30
14 -10 -40
14 -12 -26
14 -13 -6
14 -14 -14
14 -15 -16
14 -15 -17
14 -15 -20
14 -16 -18
14 -17 -10
14 -17 -12
14 -17 -29
14 -18 -24
14 -19 -41
14 -19 -44
14 -20 -23
14 -21 0
14 -22 -19
14 -22 -35
14 -24 -7
14 -24 -18
14 -24 -24
14 -25 -5
14 -25 -39
14 -25 -43
14 -26 -14
14 -26 -20
14 -27 -32
14 -29 -23
14 -29 -42
14 -30 -36
14 -31 -22
14 -35 -4
14 -35 -22
14 -35 -23
14 -35 -24
14 -35 -26
14 -36 -2
14 -37 -20
14 -37 -23
14 -37 -30
14 -38 -18
14 -39 -8
14 -40 -13
14 -41 -26
14 -41 -45
14 -42 -12
14 -44 -17
14 -44 -33
14 -45 -7
14 -45 -12
14 -45 -40
14 -45 -41
15 0 -8
15 -1 -42
15 -2 -7
15 -3 -2
15 -4 -8
15 -5 0
15 -5 -2
15 -5 -18
15 -5 -23
15 -5 -40
15 -6 -8
15 -6 -17
15 -7 -15
15 -8 -4
15 -8 -16
15 -9 -5
15 -9 -20
15 -10 -28
15 -10 -30
15 -10 -40
15 -12 -26
15 -13 -6
15 -14 -14
15 -15 -16
15 -15 -17
15 -15 -20
15 -16 -18
15 -17 -10
15 -17 -12
15 -17 -29
15 -18 -24
15 -19 -41
15 -19 -44
15 -20 -23
15 -21 0
15 -22 -19
15 -22 -35
15 -24 -7
15 -24 -18
15 -24 -24
15 -25 -5
15 -25 -39
15 -25 -43
15 -26 -14
15 -26 -20
15 -27 -32
15 -29 -23
15 -29 -42
15 -30 -36
15 -31 -22
15 -35 -4
15 -35 -22
15 -35 -23
15 -35 -24
15 -35 -26
15 -36 -2
15 -37 -20
15 -37 -23
15 -37 -30
15 -38 -18
15 -39 -8
15 -40 -13
15 -41 -26
15 -41 -45
15 -42 -12
15 -44 -17
15 -44 -33
15 -45 -7
15 -45 -12
15 -45 -40
15 -45 -41
16 0 -8
16 -1 -42
16 -2 -7
16 -3 -2
16 -4 -8
16 -5 0
16 -5 -2
16 -5 -18
16 -5 -23
16 -5 -40
16 -6 -8
16 -6 -17
16 -7 -15
16 -8 -4
16 -8 -16
16 -9 -5
16 -9 -20
16 -10 -28
16 -10 -30
16 -10 -40
16 -12 -26
16 -13 -6
16 -14 -14
16 -15 -16
16 -15 -17
16 -15 -20
16 -16 -18
16 -17 -10
16 -17 -12
16 -17 -29
16 -18 -24
16 -19 -41
16 -19 -44
16 -20 -23
16 -21 0
16 -22 -19
16 -22 -35
16 -24 -7
16 -24 -18
16 -24 -24
16 -25 -5
16 -25 -39
16 -25 -43
16 -26 -14
16 -26 -20
16 -27 -32
16 -29 -23
16 -29 -42
16 -30 -36
16 -31 -22
16 -35 -4
16 -35 -22
16 -35 -23
16 -35 -24
16 -35 -26
16 -36 -2
16 -37 -20
16 -37 -23
16 -37 -30
16 -38 -18
16 -39 -8
16 -40 -13
16 -41 -26
16 -41 -45
16 -42 -12
16 -44 -17
16 -44 -33
16 -45 -7
16 -45 -12
16 -45 -40
16 -45 -41
17 0 -8
17 -1 -42
17 -2 -7
17 -3 -2
17 -4 -8
17 -5 0
17 -5 -2
17 -5 -18
17 -5 -23
17 -5 -40
17 -6 -8
17 -6 -17
17 -7 -15
17 -8 -4
17 -8 -16
17 -9 -5
17 -9 -20
17 -10 -28
17 -10 -30
17 -10 -40
17 -12 -26
17 -13 -6
17 -14 -14
17 -15 -16
17 -15 -17
17 -15 -20
17 -16 -18
17 -17 -10
17 -17 -12
17 -17 -29
17 -18 -24
17 -19 -41
17 -19 -44
17 -20 -23
17 -21 0
17 -22 -19
17 -22 -35
17 -24 -7
17 -24 -18
17 -24 -24
17 -25 -5
17 -25 -39
17 -25 -43
17 -26 -14
17 -26 -20
17 -27 -32
17 -29 -23
17 -29 -42
17 -30 -36
17 -31 -22
17 -35 -4
17 -35 -22
17 -35 -23
17 -35 -24
17 -35 -26
17 -36 -2
17 -37 -20
17 -37 -23
17 -37 -30
17 -38 -18
17 -39 -8
17 -40 -13
17 -41 -26
17 -41 -45
17 -42 -12
17 -44 -17
17 -44 -33
17 -45 -7
17 -45 -12
17 -45 -40
17 -45 -41
18 0 -8
18 -1 -42
18 -2 -7
18 -3 -2
18 -4 -8
18 -5 0
18 -5 -2
18 -5 -18
18 -5 -23
18 -5 -40
18 -6 -8
18 -6 -17
18 -7 -15
18 -8 -4
18 -8 -16
18 -9 -5
18 -9 -20
18 -10 -28
18 -10 -30
18 -10 -40
18 -12 -26
18 -13 -6
18 -14 -14
18 -15 -16
18 -15 -17
18 -15 -20
18 -16 -18
18 -17 -10
18 -17 -12
18 -17 -29
18 -18 -24
18 -19 -41
18 -19 -44
18 -20 -23
18 -21 0
18 -22 -19
18 -22 -35
18 -24 -7
18 -24 -18
18 -24 -24
18 -25 -5
18 -25 -39
18 -25 -43
18 -26 -14
18 -26 -20
18 -27 -32
18 -29 -23
18 -29 -42
18 -30 -36
18 -31 -22
18 -35 -4
18 -35 -22
18 -35 -23
18 -35 -24
18 -35 -26
18 -36 -2
18 -37 -20
18 -37 -23
18 -37 -30
18 -38 -18
18 -39 -8
18 -40 -13
18 -41 -26
18 -41 -45
18 -42 -12
18 -44 -17
18 -44 -33
18 -45 -7
18 -45 -12
18 -45 -40
18 -45 -41
19 0 -8
19 -1 -42
19 -2 -7
19 -3 -2
19 -4 -8
19 -5 0
19 -5 -2
19 -5 -18
19 -5 -23
19 -5 -40
19 -6 -8
19 -6 -17
19 -7 -15
19 -8 -4
19 -8 -16
19 -9 -5
19 -9 -20
19 -10 -28
19 -10 -30
19 -10 -40
19 -12 -26
19 -13 -6
19 -14 -14
19 -15 -16
19 -15 -17
19 -15 -20
19 -16 -18
19 -17 -10
19 -17 -12
19 -17 -29
19 -18 -24
19 -19 -41
19 -19 -44
19 -20 -23
19 -21 0
19 -22 -19
19 -22 -35
19 -24 -7
19 -24 -18
19 -24 -24
19 -25 -5
19 -25 -39
19 -25 -43
19 -26 -14
19 -26 -20
19 -27 -32
19 -29 -23
19 -29 -42
19 -30 -36
19 -31 -22
19 -35 -4
19 -35 -22
19 -35 -23
19 -35 -24
19 -35 -26
19 -36 -2
19 -37 -20
19 -37 -23
19 -37 -30
19 -38 -18
19 -39 -8
19 -40 -13
19 -41 -26
19 -41 -45
19 -42 -12
19 -44 -17
19 -44 -33
19 -45 -7
19 -45 -12
19 -45 -40
19 -45 -41
20 0 -8
20 -1 -42
20 -2 -7
20 -3 -2
20 -4 -8
20 -5 0
20 -5 -2
20 -5 -18
20 -5 -23
20 -5 -40
20 -6 -8
20 -6 -17
20 -7 -15
20 -8 -4
20 -8 -16
20 -9 -5
20 -9 -20
20 -10 -28
20 -10 -30
20 -10 -40
20 -12 -26
20 -13 -6
20 -14 -14
20 -15 -16
20 -15 -17
20 -15 -20
20 -16 -18
20 -17 -10
20 -17 -12
20 -17 -29
20 -18 -24
20 -19 -41
20 -19 -44
20 -20 -23
20 -21 0
20 -22 -19
20 -22 -35
20 -24 -7
20 -24 -18
20 -24 -24
20 -25 -5
20 -25 -39
20 -25 -43
20 -26 -14
20 -26 -20
20 -27 -32
20 -29 -23
20 -29 -42
20 -30 -36
20 -31 -22
20 -35 -4
20 -35 -22
20 -35 -23
20 -35 -24
20 -35 -26
20 -36 -2
20 -37 -20
20 -37 -23
20 -37 -30
20 -38 -18
20 -39 -8
20 -40 -13
20 -41 -26
20 -41 -45
20 -42 -12
20 -44 -17
20 -44 -33
20 -45 -7
20 -45 -12
20 -45 -40
20 -45 -41
21 0 -8
21 -1 -42
21 -2 -7
21 -3 -2
21 -4 -8
21 -5 0
21 -5 -2
21 -5 -18
21 -5 -23
21 -5 -40
21 -6 -8
21 -6 -17
21 -7 -15
21 -8 -4
21 -8 -16
21 -9 -5
21 -9 -20
21 -10 -28
21 -10 -30
21 -10 -40
21 -12 -26
21 -13 -6
21 -14 -14
21 -15 -16
21 -15 -17
21 -15 -20
21 -16 -18
21 -17 -10
21 -17 -12
21 -17 -29
21 -18 -24
21 -19 -41
21 -19 -44
21 -20 -23
21 -21 0
21 -22 -19
21 -22 -35
21 -24 -7
21 -24 -18
21 -24 -24
21 -25 -5
21 -25 -39
21 -25 -43
21 -26 -14
21 -26 -20
21 -27 -32
21 -29 -23
21 -29 -42
21 -30 -36
21 -31 -22
21 -35 -4
21 -35 -22
21 -35 -23
21 -35 -24
21 -35 -26
21 -36 -2
21 -37 -20
21 -37 -23
21 -37 -30
21 -38 -18
21 -39 -8
21 -40 -13
21 -41 -26
21 -41 -45
21 -42 -12
21 -44 -17
21 -44 -33
21 -45 -7
21 -45 -12
21 -45 -40
21 -45 -41
22 0 -8
22 -1 -42
22 -2 -7
22 -3 -2
22 -4 -8
22 -5 0
22 -5 -2
22 -5 -18
22 -5 -23
22 -5 -40
22 -6 -8
22 -6 -17
22 -7 -15
22 -8 -4
22 -8 -16
22 -9 -5
22 -9 -20
22 -10 -28
22 -10 -30
22 -10 -40
22 -12 -26
22 -13 -6
22 -14 -14
22 -15 -16
22 -15 -17
22 -15 -20
22 -16 -18
22 -17 -10
22 -17 -12
22 -17 -29
22 -18 -24
22 -19 -41
22 -19 -44
22 -20 -23
22 -21 0
22 -22 -19
22 -22 -35
22 -24 -7
22 -24 -18
22 -24 -24
22 -25 -5
22 -25 -39
22 -25 -43
22 -26 -14
22 -26 -20
22 -27 -32
22 -29 -23
22 -29 -42
22 -30 -36
22 -31 -22
22 -35 -4
22 -35 -22
22 -35 -23
22 -35 -24
22 -35 -26
22 -36 -2
22 -37 -20
22 -37 -23
22 -37 -30
22 -38 -18
22 -39 -8
22 -40 -13
22 -41 -26
22 -41 -45
22 -42 -12
22 -44 -17
22 -44 -33
22 -45 -7
22 -45 -12
22 -45 -40
22 -45 -41
23 0 -8
23 -1 -42
23 -2 -7
23 -3 -2
23 -4 -8
23 -5 0
23 -5 -2
23 -5 -18
23 -5 -23
23 -5 -40
23 -6 -8
23 -6 -17
23 -7 -15
23 -8 -4
23 -8 -16
23 -9 -5
23 -9 -20
23 -10 -28
23 -10 -30
23 -10 -40
23 -12 -26
23 -13 -6
23 -14 -14
23 -15 -16
23 -15 -17
23 -15 -20
23 -16 -18
23 -17 -10
23 -17 -12
23 -17 -29
23 -18 -24
23 -19 -41
23 -19 -44
23 -20 -23
23 -21 0
23 -22 -19
23 -22 -35
23 -24 -7
23 -24 -18
23 -24 -24
23 -25 -5
23 -25 -39
23 -25 -43
23 -26 -14
23 -26 -20
23 -27 -32
23 -29 -23
23 -29 -42
23 -30 -36
23 -31 -22
23 -35 -4
23 -35 -22
23 -35 -23
23 -35 -24
23 -35 -26
23 -36 -2
23 -37 -20
23 -37 -23
23 -37 -30
23 -38 -18
23 -39 -8
23 -40 -13
23 -41 -26
23 -41 -45
23 -42 -12
23 -44 -17
23 -44 -33
23 -45 -7
23 -45 -12
23 -45 -40
23 -45 -41
24 0 -8
24 -1 -42
24 -2 -7
24 -3 -2
24 -4 -8
24 -5 0
24 -5 -2
24 -5 -18
24 -5 -23
24 -5 -40
24 -6 -8
24 -6 -17
24 -7 -15
24 -8 -4
24 -8 -16
24 -9 -5
24 -9 -20
24 -10 -28
24 -10 -30
24 -10 -40
24 -12 -26
24 -13 -6
24 -14 -14
24 -15 -16
24 -15 -17
24 -15 -20
24 -16 -18
24 -17 -10
24 -17 -12
24 -17 -29
24 -18 -24
24 -19 -41
24 -19 -44
24 -20 -23
24 -21 0
24 -22 -19
24 -22 -35
24 -24 -7
24 -24 -18
24 -24 -24
24 -25 -5
24 -25 -39
24 -25 -43
24 -26 -14
24 -26 -20
24 -27 -32
24 -29 -23
24 -29 -42
24 -30 -36
24 -31 -22
24 -35 -4
24 -35 -22
24 -35 -23
24 -35 -24
24 -35 -26
24 -36 -2
24 -37 -20
24 -37 -23
24 -37 -30
24 -38 -18
24 -39 -8
24 -40 -13
24 -41 -26
24 -41 -45
24 -42 -12
24 -44 -17
24 -44 -33
24 -45 -7
24 -45 -12
24 -45 -40
24 -45 -41
25 0 -8
25 -1 -42
25 -2 -7
25 -3 -2
25 -4 -8
25 -5 0
25 -5 -2
25 -5 -18
25 -5 -23
25 -5 -40
25 -6 -8
25 -6 -17
25 -7 -15
25 -8 -4
25 -8 -16
25 -9 -5
25 -9 -20
25 -10 -28
25 -10 -30
25 -10 -40
25 -12 -26
25 -13 -6
25 -14 -14
25 -15 -16
25 -15 -17
25 -15 -20
25 -16 -18
25 -17 -10
25 -17 -12
25 -17 -29
25 -18 -24
25 -19 -41
25 -19 -44
25 -20 -23
25 -21 0
25 -22 -19
25 -22 -35
25 -24 -7
25 -24 -18
25 -24 -24
25 -25 -5
25 -25 -39
25 -25 -43
25 -26 -14
25 -26 -20
25 -27 -32
25 -29 -23
25 -29 -42
25 -30 -36
25 -31 -22
25 -35 -4
25 -35 -22
25 -35 -23
25 -35 -24
25 -35 -26
25 -36 -2
25 -37 -20
25 -37 -23
25 -37 -30
25 -38 -18
25 -39 -8
25 -40 -13
25 -41 -26
25 -41 -45
25 -42 -12
25 -44 -17
25 -44 -33
25 -45 -7
25 -45 -12
25 -45 -40
25 -45 -41
26 0 -8
26 -1 -42
26 -2 -7
26 -3 -2
26 -4 -8
26 -5 0
26 -5 -2
26 -5 -18
26 -5 -23
26 -5 -40
26 -6 -8
26 -6 -17
26 -7 -15
26 -8 -4
26 -8 -16
26 -9 -5
26 -9 -20
26 -10 -28
26 -10 -30
26 -10 -40
26 -12 -26
26 -13 -6
26 -14 -14
26 -15 -16
26 -15 -17
26 -15 -20
26 -16 -18
26 -17 -10
26 -17 -12
26 -17 -29
26 -18 -24
26 -19 -41
26 -19 -44
26 -20 -23
26 -21 0
26 -22 -19
26 -22 -35
26 -24 -7
26 -24 -18
26 -24 -24
26 -25 -5
26 -25 -39
26 -25 -43
26 -26 -14
26 -26 -20
26 -27 -32
26 -29 -23
26 -29 -42
26 -30 -36
26 -31 -22
26 -35 -4
26 -35 -22
26 -35 -23
26 -35 -24
26 -35 -26
26 -36 -2
26 -37 -20
26 -37 -23
26 -37 -30
26 -38 -18
26 -39 -8
26 -40 -13
26 -41 -26
26 -41 -45
26 -42 -12
26 -44 -17
26 -44 -33
26 -45 -7
26 -45 -12
26 -45 -40
26 -45 -41
27 0 -8
27 -1 -42
27 -2 -7
27 -3 -2
27 -4 -8
27 -5 0
27 -5 -2
27 -5 -18
27 -5 -23
27 -5 -40
27 -6 -8
27 -6 -17
27 -7 -15
27 -8 -4
27 -8 -16
27 -9 -5
27 -9 -20
27 -10 -28
27 -10 -30
27 -10 -40
27 -12 -26
27 -13 -6
27 -14 -14
27 -15 -16
27 -15 -17
27 -15 -20
27 -16 -18
27 -17 -10
27 -17 -12
27 -17 -29
27 -18 -24
27 -19 -41
27 -19 -44
27 -20 -23
27 -21 0
27 -22 -19
27 -22 -35
27 -24 -7
27 -24 -18
27 -24 -24
27 -25 -5
27 -25 -39
27 -25 -43
27 -26 -14
27 -26 -20
27 -27 -32
27 -29 -23
27 -29 -42
27 -30 -36
27 -31 -22
27 -35 -4
27 -35 -22
27 -35 -23
27 -35 -24
27 -35 -26
27 -36 -2
27 -37 -20
27 -37 -23
27 -37 -30
27 -38 -18
27 -39 -8
27 -40 -13
27 -41 -26
27 -41 -45
27 -42 -12
27 -44 -17
27 -44 -33
27 -45 -7
27 -45 -12
27 -45 -40
27 -45 -41
28 0 -8
28 -1 -42
28 -2 -7
28 -3 -2
28 -4 -8
28 -5 0
28 -5 -2
28 -5 -18
28 -5 -23
28 -5 -40
28 -6 -8
28 -6 -17
28 -7 -15
28 -8 -4
28 -8 -16
28 -9 -5
28 -9 -20
28 -10 -28
28 -10 -30
28 -10 -40
28 -12 -26
28 -13 -6
28 -14 -14
28 -15 -16
28 -15 -17
28 -15 -20
28 -16 -18
28 -17 -10
28 -17 -12
28 -17 -29
28 -18 -24
28 -19 -41
28 -19 -44
28 -20 -23
28 -21 0
28 -22 -19
28 -22 -35
28 -24 -7
28 -24 -18
28 -24 -24
28 -25 -5
28 -25 -39
28 -25 -43
28 -26 -14
28 -26 -20
28 -27 -32
28 -29 -23
28 -29 -42
28 -30 -36
28 -31 -22
28 -35 -4
28 -35 -22
28 -35 -23
28 -35 -24
28 -35 -26
28 -36 -2
28 -37 -20
28 -37 -23
28 -37 -30
28 -38 -18
28 -39 -8
28 -40 -13
28 -41 -26
28 -41 -45
28 -42 -12
28 -44 -17
28 -44 -33
28 -45 -7
28 -45 -12
28 -45 -40
28 -45 -41
29 0 -8
29 -1 -42
29 -2 -7
29 -3 -2
29 -4 -8
29 -5 0
29 -5 -2
29 -5 -18
29 -5 -23
29 -5 -40
29 -6 -8
29 -6 -17
29 -7 -15
29 -8 -4
29 -8 -16
29 -9 -5
29 -9 -20
29 -10 -28
29 -10 -30
29 -10 -40
29 -12 -26
29 -13 -6
29 -14 -14
29 -15 -16
29 -15 -17
29 -15 -20
29 -16 -18
29 -17 -10
29 -17 -12
29 -17 -29
29 -18 -24
29 -19 -41
29 -19 -44
29 -20 -23
29 -21 0
29 -22 -19
29 -22 -35
29 -24 -7
29 -24 -18
29 -24 -24
29 -25 -5
29 -25 -39
29 -25 -43
29 -26 -14
29 -26 -20
29 -27 -32
29 -29 -23
29 -29 -42
29 -30 -36
29 -31 -22
29 -35 -4
29 -35 -22
29 -35 -23
29 -35 -24
29 -35 -26
29 -36 -2
29 -37 -20
29 -37 -23
29 -37 -30
29 -38 -18
29 -39 -8
29 -40 -13
29 -41 -26
29 -41 -45
29 -42 -12
29 -44 -17
29 -44 -33
29 -45 -7
29 -45 -12
29 -45 -40
29 -45 -41
30 0 -8
30 -1 -42
30 -2 -7
30 -3 -2
30 -4 -8
30 -5 0
30 -5 -2
30 -5 -18
30 -5 -23
30 -5 -40
30 -6 -8
30 -6 -17
30 -7 -15
30 -8 -4
30 -8 -16
30 -9 -5
30 -9 -20
30 -10 -28
30 -10 -30
30 -10 -40
30 -12 -26
30 -13 -6
30 -14 -14
30 -15 -16
30 -15 -17
30 -15 -20
30 -16 -18
30 -17 -10
30 -17 -12
30 -17 -29
30 -18 -24
30 -19 -41
30 -19 -44
30 -20 -23
30 -21 0
30 -22 -19
30 -22 -35
30 -24 -7
30 -24 -18
30 -24 -24
30 -25 -5
30 -25 -39
30 -25 -43
30 -26 -14
30 -26 -20
30 -27 -32
30 -29 -23
30 -29 -42
30 -30 -36
30 -31 -22
30 -35 -4
30 -35 -22
30 -35 -23
30 -35 -24
30 -35 -26
30 -36 -2
30 -37 -20
30 -37 -23
30 -37 -30
30 -38 -18
30 -39 -8
30 -40 -13
30 -41 -26
30 -41 -45
30 -42 -12
30 -44 -17
30 -44 -33
30 -45 -7
30 -45 -12
30 -45 -40
30 -45 -41
31 0 -8
31 -1 -42
31 -2 -7
31 -3 -2
31 -4 -8
31 -5 0
31 -5 -2
31 -5 -18
31 -5 -23
31 -5 -40
31 -6 -8
31 -6 -17
31 -7 -15
31 -8 -4
31 -8 -16
31 -9 -5
31 -9 -20
31 -10 -28
31 -10 -30
31 -10 -40
31 -12 -26
31 -13 -6
31 -14 -14
31 -15 -16
31 -15 -17
31 -15 -20
31 -16 -18
31 -17 -10
31 -17 -12
31 -17 -29
31 -18 -24
31 -19 -41
31 -19 -44
31 -20 -23
31 -21 0
31 -22 -19
31 -22 -35
31 -24 -7
31 -24 -18
31 -24 -24
31 -25 -5
31 -25 -39
31 -25 -43
31 -26 -14
31 -26 -20
31 -27 -32
31 -29 -23
31 -29 -42
31 -30 -36
31 -31 -22
31 -35 -4
31 -35 -22
31 -35 -23
31 -35 -24
31 -35 -26
31 -36 -2
31 -37 -20
31 -37 -23
31 -37 -30
31 -38 -18
31 -39 -8
31 -40 -13
31 -41 -26
31 -41 -45
31 -42 -12
31 -44 -17
31 -44 -33
31 -45 -7
31 -45 -12
31 -45 -40
31 -45 -41
32 0 -8
32 -1 -42
32 -2 -7
32 -3 -2
32 -4 -8
32 -5 0
32 -5 -2
32 -5 -18
32 -5 -23
32 -5 -40
32 -6 -8
32 -6 -17
32 -7 -15
32 -8 -4
32 -8 -16
32 -9 -5
32 -9 -20
32 -10 -28
32 -10 -30
32 -10 -40
32 -12 -26
32 -13 -6
32 -14 -14
32 -15 -16
32 -15 -17
32 -15 -20
32 -16 -18
32 -17 -10
32 -17 -12
32 -17 -29
32 -18 -24
32 -19 -41
32 -19 -44
32 -20 -23
32 -21 0
32 -22 -19
32 -22 -35
32 -24 -7
32 -24 -18
32 -24 -24
32 -25 -5
32 -25 -39
32 -25 -43
32 -26 -14
32 -26 -20
32 -27 -32
32 -29 -23
32 -29 -42
32 -30 -36
32 -31 -22
32 -35 -4
32 -35 -22
32 -35 -23
32 -35 -24
32 -35 -26
32 -36 -2
32 -37 -20
32 -37 -23
32 -37 -30
32 -38 -18
32 -39 -8
32 -40 -13
32 -41 -26
32 -41 -45
32 -42 -12
32 -44 -17
32 -44 -33
32 -45 -7
32 -45 -12
32 -45 -40
32 -45 -41
33 0 -8
33 -1 -42
33 -2 -7
33 -3 -2
33 -4 -8
33 -5 0
33 -5 -2
33 -5 -18
33 -5 -23
33 -5 -40
33 -6 -8
33 -6 -17
33 -7 -15
33 -8 -4
33 -8 -16
33 -9 -5
33 -9 -20
33 -10 -28
33 -10 -30
33 -10 -40
33 -12 -26
33 -13 -6
33 -14 -14
33 -15 -16
33 -15 -17
33 -15 -20
33 -16 -18
33 -17 -10
33 -17 -12
33 -17 -29
33 -18 -24
33 -19 -41
33 -19 -44
33 -20 -23
33 -21 0
33 -22 -19
33 -22 -35
33 -24 -7
33 -24 -18
33 -24 -24
33 -25 -5
33 -25 -39
33 -25 -43
33 -26 -14
33 -26 -20
33 -27 -32
33 -29 -23
33 -29 -42
33 -30 -36
33 -31 -22
33 -35 -4
33 -35 -22
33 -35 -23
33 -35 -24
33 -35 -26
33 -36 -2
33 -37 -20
33 -37 -23
33 -37 -30
33 -38 -18
33 -39 -8
33 -40 -13
33 -41 -26
33 -41 -45
33 -42 -12
33 -44 -17
33 -44 -33
33 -45 -7
33 -45 -12
33 -45 -40
33 -45 -41
34 0 -8
34 -1 -42
34 -2 -7
34 -3 -2
34 -4 -8
34 -5 0
34 -5 -2
34 -5 -18
34 -5 -23
34 -5 -40
34 -6 -8
34 -6 -17
34 -7 -15
34 -8 -4
34 -8 -16
34 -9 -5
34 -9 -20
34 -10 -28
34 -10 -30
34 -10 -40
34 -12 -26
34 -13 -6
34 -14 -14
34 -15 -16
34 -15 -17
34 -15 -20
34 -16 -18
34 -17 -10
34 -17 -12
34 -17 -29
34 -18 -24
34 -19 -41
34 -19 -44
34 -20 -23
34 -21 0
34 -22 -19
34 -22 -35
34 -24 -7
34 -24 -18
34 -24 -24
34 -25 -5
34 -25 -39
34 -25 -43
34 -26 -14
34 -26 -20
34 -27 -32
34 -29 -23
34 -29 -42
34 -30 -36
34 -31 -22
34 -35 -4
34 -35 -22
34 -35 -23
34 -35 -24
34 -35 -26
34 -36 -2
34 -37 -20
34 -37 -23
34 -37 -30
34 -38 -18
34 -39 -8
34 -40 -13
34 -41 -26
34 -41 -45
34 -42 -12
34 -44 -17
34 -44 -33
34 -45 -7
34 -45 -12
34 -45 -40
34 -45 -41
35 0 -8
35 -1 -42
35 -2 -7
35 -3 -2
35 -4 -8
35 -5 0
35 -5 -2
35 -5 -18
35 -5 -23
35 -5 -40
35 -6 -8
35 -6 -17
35 -7 -15
35 -8 -4
35 -8 -16
35 -9 -5
35 -9 -20
35 -10 -28
35 -10 -30
35 -10 -40
35 -12 -26
35 -13 -6
35 -14 -14
35 -15 -16
35 -15 -17
35 -15 -20
35 -16 -18
35 -17 -10
35 -17 -12
35 -17 -29
35 -18 -24
35 -19 -41
35 -19 -44
35 -20 -23
35 -21 0
35 -22 -19
35 -22 -35
35 -24 -7
35 -24 -18
35 -24 -24
35 -25 -5
35 -25 -39
35 -25 -43
35 -26 -14
35 -26 -20
35 -27 -32
35 -29 -23
35 -29 -42
35 -30 -36
35 -31 -22
35 -35 -4
35 -35 -22
35 -35 -23
35 -35 -24
35 -35 -26
35 -36 -2
35 -37 -20
35 -37 -23
35 -37 -30
35 -38 -18
35 -39 -8
35 -40 -13
35 -41 -26
35 -41 -45
35 -42 -12
35 -44 -17
35 -44 -33
35 -45 -7
35 -45 -12
35 -45 -40
35 -45 -41
36 0 -8
36 -1 -42
36 -2 -7
36 -3 -2
36 -4 -8
36 -5 0
36 -5 -2
36 -5 -18
36 -5 -23
36 -5 -40
36 -6 -8
36 -6 -17
36 -7 -15
36 -8 -4
36 -8 -16
36 -9 -5
36 -9 -20
36 -10 -28
36 -10 -30
36 -10 -40
36 -12 -26
36 -13 -6
36 -14 -14
36 -15 -16
36 -15 -17
36 -15 -20
36 -16 -18
36 -17 -10
36 -17 -12
36 -17 -29
36 -18 -24
36 -19 -41
36 -19 -44
36 -20 -23
36 -21 0
36 -22 -19
36 -22 -35
36 -24 -7
36 -24 -18
36 -24 -24
36 -25 -5
36 -25 -39
36 -25 -43
36 -26 -14
36 -26 -20
36 -27 -32
36 -29 -23
36 -29 -42
36 -30 -36
36 -31 -22
36 -35 -4
36 -35 -22
36 -35 -23
36 -35 -24
36 -35 -26
36 -36 -2
36 -37 -20
36 -37 -23
36 -37 -30
36 -38 -18
36 -39 -8
36 -40 -13
36 -41 -26
36 -41 -45
36 -42 -12
36 -44 -17
36 -44 -33
36 -45 -7
36 -45 -12
36 -45 -40
36 -45 -41
37 0 -8
37 -1 -42
37 -2 -7
37 -3 -2
37 -4 -8
37 -5 0
37 -5 -2
37 -5 -18
37 -5 -23
37 -5 -40
37 -6 -8
37 -6 -17
37 -7 -15
37 -8 -4
37 -8 -16
37 -9 -5
37 -9 -20
37 -10 -28
37 -10 -30
37 -10 -40
37 -12 -26
37 -13 -6
37 -14 -14
37 -15 -16
37 -15 -17
37 -15 -20
37 -16 -18
37 -17 -10
37 -17 -12
37 -17 -29
37 -18 -24
37 -19 -41
37 -19 -44
37 -20 -23
37 -21 0
37 -22 -19
37 -22 -35
37 -24 -7
37 -24 -18
37 -24 -24
37 -25 -5
37 -25 -39
37 -25 -43
37 -26 -14
37 -26 -20
37 -27 -32
37 -29 -23
37 -29 -42
37 -30 -36
37 -31 -22
37 -35 -4
37 -35 -22
37 -35 -23
37 -35 -24
37 -35 -26
37 -36 -2
37 -37 -20
37 -37 -23
37 -37 -30
37 -38 -18
37 -39 -8
37 -40 -13
37 -41 -26
37 -41 -45
37 -42 -12
37 -44 -17
37 -44 -33
37 -45 -7
37 -45 -12
37 -45 -40
37 -45 -41
38 0 -8
38 -1 -42
38 -2 -7
38 -3 -2
38 -4 -8
38 -5 0
38 -5 -2
38 -5 -18
38 -5 -23
38 -5 -40
38 -6 -8
38 -6 -17
38 -7 -15
38 -8 -4
38 -8 -16
38 -9 -5
38 -9 -20
38 -10 -28
38 -10 -30
38 -10 -40
38 -12 -26
38 -13 -6
38 -14 -14
38 -15 -16
38 -15 -17
38 -15 -20
38 -16 -18
38 -17 -10
38 -17 -12
38 -17 -29
38 -18 -24
38 -19 -41
38 -19 -44
38 -20 -23
38 -21 0
38 -22 -19
38 -22 -35
38 -24 -7
38 -24 -18
38 -24 -24
38 -25 -5
38 -25 -39
38 -25 -43
38 -26 -14
38 -26 -20
38 -27 -32
38 -29 -23
38 -29 -42
38 -30 -36
38 -31 -22
38 -35 -4
38 -35 -22
38 -35 -23
38 -35 -24
38 -35 -26
38 -36 -2
38 -37 -20
38 -37 -23
38 -37 -30
38 -38 -18
38 -39 -8
38 -40 -13
38 -41 -26
38 -41 -45
38 -42 -12
38 -44 -17
38 -44 -33
38 -45 -7
38 -45 -12
38 -45 -40
38 -45 -41
39 0 -8
39 -1 -42
39 -2 -7
39 -3 -2
39 -4 -8
39 -5 0
39 -5 -2
39 -5 -18
39 -5 -23
39 -5 -40
39 -6 -8
39 -6 -17
39 -7 -15
39 -8 -4
39 -8 -16
39 -9 -5
39 -9 -20
39 -10 -28
39 -10 -30
39 -10 -40
39 -12 -26
39 -13 -6
39 -14 -14
39 -15 -16
39 -15 -17
39 -15 -20
39 -16 -18
39 -17 -10
39 -17 -12
39 -17 -29
39 -18 -24
39 -19 -41
39 -19 -44
39 -20 -23
39 -21 0
39 -22 -19
39 -22 -35
39 -24 -7
39 -24 -18
39 -24 -24
39 -25 -5
39 -25 -39
39 -25 -43
39 -26 -14
39 -26 -20
39 -27 -32
39 -29 -23
39 -29 -42
39 -30 -36
39 -31 -22
39 -35 -4
39 -35 -22
39 -35 -23
39 -35 -24
39 -35 -26
39 -36 -2
39 -37 -20
39 -37 -23
39 -37 -30
39 -38 -18
39 -39 -8
39 -40 -13
39 -41 -26
39 -41 -45
39 -42 -12
39 -44 -17
39 -44 -33
39 -45 -7
39 -45 -12
39 -45 -40
39 -45 -41
40 0 -8
40 -1 -42
40 -2 -7
40 -3 -2
40 -4 -8
40 -5 0
40 -5 -2
40 -5 -18
40 -5 -23
40 -5 -40
40 -6 -8
40 -6 -17
40 -7 -15
40 -8 -4
40 -8 -16
40 -9 -5
40 -9 -20
40 -10 -28
40 -10 -30
40 -10 -40
40 -12 -26
40 -13 -6
40 -14 -14
40 -15 -16
40 -15 -17
40 -15 -20
40 -16 -18
40 -17 -10
40 -17 -12
40 -17 -29
40 -18 -24
40 -19 -41
40 -19 -44
40 -20 -23
40 -21 0
40 -22 -19
40 -22 -35
40 -24 -7
40 -24 -18
40 -24 -24
40 -25 -5
40 -25 -39
40 -25 -43
40 -26 -14
40 -26 -20
40 -27 -32
40 -29 -23
40 -29 -42
40 -30 -36
40 -31 -22
40 -35 -4
40 -35 -22
40 -35 -23
40 -35 -24
40 -35 -26
40 -36 -2
40 -37 -20
40 -37 -23
40 -37 -30
40 -38 -18
40 -39 -8
40 -40 -13
40 -41 -26
40 -41 -45
40 -42 -12
40 -44 -17
40 -44 -33
40 -45 -7
40 -45 -12
40 -45 -40
40 -45 -41
41 0 -8
41 -1 -42
41 -2 -7
41 -3 -2
41 -4 -8
41 -5 0
41 -5 -2
41 -5 -18
41 -5 -23
41 -5 -40
41 -6 -8
41 -6 -17
41 -7 -15
41 -8 -4
41 -8 -16
41 -9 -5
41 -9 -20
41 -10 -28
41 -10 -30
41 -10 -40
41 -12 -26
41 -13 -6
41 -14 -14
41 -15 -16
41 -15 -17
41 -15 -20
41 -16 -18
41 -17 -10
41 -17 -12
41 -17 -29
41 -18 -24
41 -19 -41
41 -19 -44
41 -20 -23
41 -21 0
41 -22 -19
41 -22 -35
41 -24 -7
41 -24 -18
41 -24 -24
41 -25 -5
41 -25 -39
41 -25 -43
41 -26 -14
41 -26 -20
41 -27 -32
41 -29 -23
41 -29 -42
41 -30 -36
41 -31 -22
41 -35 -4
41 -35 -22
41 -35 -23
41 -35 -24
41 -35 -26
41 -36 -2
41 -37 -20
41 -37 -23
41 -37 -30
41 -38 -18
41 -39 -8
41 -40 -13
41 -41 -26
41 -41 -45
41 -42 -12
41 -44 -17
41 -44 -33
41 -45 -7
41 -45 -12
41 -45 -40
41 -45 -41
42 0 -8
42 -1 -42
42 -2 -7
42 -3 -2
42 -4 -8
42 -5 0
42 -5 -2
42 -5 -18
42 -5 -23
42 -5 -40
42 -6 -8
42 -6 -17
42 -7 -15
42 -8 -4
42 -8 -16
42 -9 -5
42 -9 -20
42 -10 -28
42 -10 -30
42 -10 -40
42 -12 -26
42 -13 -6
42 -14 -14
42 -15 -16
42 -15 -17
42 -15 -20
42 -16 -18
42 -17 -10
42 -17 -12
42 -17 -29
42 -18 -24
42 -19 -41
42 -19 -44
42 -20 -23
42 -21 0
42 -22 -19
42 -22 -35
42 -24 -7
42 -24 -18
42 -24 -24
42 -25 -5
42 -25 -39
42 -25 -43
42 -26 -14
42 -26 -20
42 -27 -32
42 -29 -23
42 -29 -42
42 -30 -36
42 -31 -22
42 -35 -4
42 -35 -22
42 -35 -23
42 -35 -24
42 -35 -26
42 -36 -2
42 -37 -20
42 -37 -23
42 -37 -30
42 -38 -18
42 -39 -8
42 -40 -13
42 -41 -26
42 -41 -45
42 -42 -12
42 -44 -17
42 -44 -33
42 -45 -7
42 -45 -12
42 -45 -40
42 -45 -41
43 0 -8
43 -1 -42
43 -2 -7
43 -3 -2
43 -4 -8
43 -5 0
43 -5 -2
43 -5 -18
43 -5 -23
43 -5 -40
43 -6 -8
43 -6 -17
43 -7 -15
43 -8 -4
43 -8 -16
43 -9 -5
43 -9 -20
43 -10 -28
43 -10 -30
43 -10 -40
43 -12 -26
43 -13 -6
43 -14 -14
43 -15 -16
43 -15 -17
43 -15 -20
43 -16 -18
43 -17 -10
43 -17 -12
43 -17 -29
43 -18 -24
43 -19 -41
43 -19 -44
43 -20 -23
43 -21 0
43 -22 -19
43 -22 -35
43 -24 -7
43 -24 -18
43 -24 -24
43 -25 -5
43 -25 -39
43 -25 -43
43 -26 -14
43 -26 -20
43 -27 -32
43 -29 -23
43 -29 -42
43 -30 -36
43 -31 -22
43 -35 -4
43 -35 -22
43 -35 -23
43 -35 -24
43 -35 -26
43 -36 -2
43 -37 -20
43 -37 -23
43 -37 -30
43 -38 -18
43 -39 -8
43 -40 -13
43 -41 -26
43 -41 -45
43 -42 -12
43 -44 -17
43 -44 -33
43 -45 -7
43 -45 -12
43 -45 -40
43 -45 -41
44 0 -8
44 -1 -42
44 -2 -7
44 -3 -2
44 -4 -8
44 -5 0
44 -5 -2
44 -5 -18
44 -5 -23
44 -5 -40
44 -6 -8
44 -6 -17
44 -7 -15
44 -8 -4
44 -8 -16
44 -9 -5
44 -9 -20
44 -10 -28
44 -10 -30
44 -10 -40
44 -12 -26
44 -13 -6
44 -14 -14
44 -15 -16
44 -15 -17
44 -15 -20
44 -16 -18
44 -17 -10
44 -17 -12
44 -17 -29
44 -18 -24
44 -19 -41
44 -19 -44
44 -20 -23
44 -21 0
44 -22 -19
44 -22 -35
44 -24 -7
44 -24 -18
44 -24 -24
44 -25 -5
44 -25 -39
44 -25 -43
44 -26 -14
44 -26 -20
44 -27 -32
44 -29 -23
44 -29 -42
44 -30 -36
44 -31 -22
44 -35 -4
44 -35 -22
44 -35 -23
44 -35 -24
44 -35 -26
44 -36 -2
44 -37 -20
44 -37 -23
44 -37 -30
44 -38 -18
44 -39 -8
44 -40 -13
44 -41 -26
44 -41 -45
44 -42 -12
44 -44 -17
44 -44 -33
44 -45 -7
44 -45 -12
44 -45 -40
44 -45 -41
45 0 -8
45 -1 -42
45 -2 -7
45 -3 -2
45 -4 -8
45 -5 0
45 -5 -2
45 -5 -18
45 -5 -23
45 -5 -40
45 -6 -8
45 -6 -17
45 -7 -15
45 -8 -4
45 -8 -16
45 -9 -5
45 -9 -20
45 -10 -28
45 -10 -30
45 -10 -40
45 -12 -26
45 -13 -6
45 -14 -14
45 -15 -16
45 -15 -17
45 -15 -20
45 -16 -18
45 -17 -10
45 -17 -12
45 -17 -29
45 -18 -24
45 -19 -41
45 -19 -44
45 -20 -23
45 -21 0
45 -22 -19
45 -22 -35
45 -24 -7
45 -24 -18
45 -24 -24
45 -25 -5
45 -25 -39
45 -25 -43
45 -26 -14
45 -26 -20
45 -27 -32
45 -29 -23
45 -29 -42
45 -30 -36
45 -31 -22
45 -35 -4
45 -35 -22
45 -35 -23
45 -35 -24
45 -35 -26
45 -36 -2
45 -37 -20
45 -37 -23
45 -37 -30
45 -38 -18
45 -39 -8
45 -40 -13
45 -41 -26
45 -41 -45
45 -42 -12
45 -44 -17
45 -44 -33
45 -45 -7
45 -45 -12
45 -45 -40
45 -45 -41
46 0 -8
46 -1 -42
46 -2 -7
46 -3 -2
46 -4 -8
46 -5 0
46 -5 -2
46 -5 -18
46 -5 -23
46 -5 -40
46 -6 -8
46 -6 -17
46 -7 -15
46 -8 -4
46 -8 -16
46 -9 -5
46 -9 -20
46 -10 -28
46 -10 -30
46 -10 -40
46 -12 -26
46 -13 -6
46 -14 -14
46 -15 -16
46 -15 -17
46 -15 -20
46 -16 -18
46 -17 -10
46 -17 -12
46 -17 -29
46 -18 -24
46 -19 -41
46 -19 -44
46 -20 -23
46 -21 0
46 -22 -19
46 -22 -35
46 -24 -7
46 -24 -18
46 -24 -24
46 -25 -5
46 -25 -39
46 -25 -43
46 -26 -14
46 -26 -20
46 -27 -32
46 -29 -23
46 -29 -42
46 -30 -36
46 -31 -22
46 -35 -4
46 -35 -22
46 -35 -23
46 -35 -24
46 -35 -26
46 -36 -2
46 -37 -20
46 -37 -23
46 -37 -30
46 -38 -18
46 -39 -8
46 -40 -13
46 -41 -26
46 -41 -45
46 -42 -12
46 -44 -17
46 -44 -33
46 -45 -7
46 -45 -12
46 -45 -40
46 -45 -41
47 0 -8
47 -1 -42
47 -2 -7
47 -3 -2
47 -4 -8
47 -5 0
47 -5 -2
47 -5 -18
47 -5 -23
47 -5 -40
47 -6 -8
47 -6 -17
47 -7 -15
47 -8 -4
47 -8 -16
47 -9 -5
47 -9 -20
47 -10 -28
47 -10 -30
47 -10 -40
47 -12 -26
47 -13 -6
47 -14 -14
47 -15 -16
47 -15 -17
47 -15 -20
47 -16 -18
47 -17 -10
47 -17 -12
47 -17 -29
47 -18 -24
47 -19 -41
47 -19 -44
47 -20 -23
47 -21 0
47 -22 -19
47 -22 -35
47 -24 -7
47 -24 -18
47 -24 -24
47 -25 -5
47 -25 -39
47 -25 -43
47 -26 -14
47 -26 -20
47 -27 -32
47 -29 -23
47 -29 -42
47 -30 -36
47 -31 -22
47 -35 -4
47 -35 -22
47 -35 -23
47 -35 -24
47 -35 -26
47 -36 -2
47 -37 -20
47 -37 -23
47 -37 -30
47 -38 -18
47 -39 -8
47 -40 -13
47 -41 -26
47 -41 -45
47 -42 -12
47 -44 -17
47 -44 -33
47 -45 -7
47 -45 -12
47 -45 -40
47 -45 -41
48 0 -8
48 -1 -42
48 -2 -7
48 -3 -2
48 -4 -8
48 -5 0
48 -5 -2
48 -5 -18
48 -5 -23
48 -5 -40
48 -6 -8
48 -6 -17
48 -7 -15
48 -8 -4
48 -8 -16
48 -9 -5
48 -9 -20
48 -10 -28
48 -10 -30
48 -10 -40
48 -12 -26
48 -13 -6
48 -14 -14
48 -15 -16
48 -15 -17
48 -15 -20
48 -16 -18
48 -17 -10
48 -17 -12
48 -17 -29
48 -18 -24
48 -19 -41
48 -19 -44
48 -20 -23
48 -21 0
48 -22 -19
48 -22 -35
48 -24 -7
48 -24 -18
48 -24 -24
48 -25 -5
48 -25 -39
48 -25 -43
48 -26 -14
48 -26 -20
48 -27 -32
48 -29 -23
48 -29 -42
48 -30 -36
48 -31 -22
48 -35 -4
48 -35 -22
48 -35 -23
48 -35 -24
48 -35 -26
48 -36 -2
48 -37 -20
48 -37 -23
48 -37 -30
48 -38 -18
48 -39 -8
48 -40 -13
48 -41 -26
48 -41 -45
48 -42 -12
48 -44 -17
48 -44 -33
48 -45 -7
48 -45 -12
48 -45 -40
48 -45 -41
49 0 -8
49 -1 -42
49 -2 -7
49 -3 -2
49 -4 -8
49 -5 0
49 -5 -2
49 -5 -18
49 -5 -23
49 -5 -40
49 -6 -8
49 -6 -17
49 -7 -15
49 -8 -4
49 -8 -16
49 -9 -5
49 -9 -20
49 -10 -28
49 -10 -30
49 -10 -40
49 -12 -26
49 -13 -6
49 -14 -14
49 -15 -16
49 -15 -17
49 -15 -20
49 -16 -18
49 -17 -10
49 -17 -12
49 -17 -29
49 -18 -24
49 -19 -41
49 -19 -44
49 -20 -23
49 -21 0
49 -22 -19
49 -22 -35
49 -24 -7
49 -24 -18
49 -24 -24
49 -25 -5
49 -25 -39
49 -25 -43
49 -26 -14
49 -26 -20
49 -27 -32
49 -29 -23
49 -29 -42
49 -30 -36
49 -31 -22
49 -35 -4
49 -35 -22
49 -35 -23
49 -35 -24
49 -35 -26
49 -36 -2
49 -37 -20
49 -37 -23
49 -37 -30
49 -38 -18
49 -39 -8
49 -40 -13
49 -41 -26
49 -41 -45
49 -42 -12
49 -44 -17
49 -44 -33
49 -45 -7
49 -45 -12
49 -45 -40
49 -45 -41
50 0 -8
50 -1 -42
50 -2 -7
50 -3 -2
50 -4 -8
50 -5 0
50 -5 -2
50 -5 -18
50 -5 -23
50 -5 -40
50 -6 -8
50 -6 -17
50 -7 -15
50 -8 -4
50 -8 -16
50 -9 -5
50 -9 -20
50 -10 -28
50 -10 -30
50 -10 -40
50 -12 -26
50 -13 -6
50 -14 -14
50 -15 -16
50 -15 -17
50 -15 -20
50 -16 -18
50 -17 -10
50 -17 -12
50 -17 -29
50 -18 -24
50 -19 -41
50 -19 -44
50 -20 -23
50 -21 0
50 -22 -19
50 -22 -35
50 -24 -7
50 -24 -18
50 -24 -24
50 -25 -5
50 -25 -39
50 -25 -43
50 -26 -14
50 -26 -20
50 -27 -32
50 -29 -23
50 -29 -42
50 -30 -36
50 -31 -22
50 -35 -4
50 -35 -22
50 -35 -23
50 -35 -24
50 -35 -26
50 -36 -2
50 -37 -20
50 -37 -23
50 -37 -30
50 -38 -18
50 -39 -8
50 -40 -13
50 -41 -26
50 -41 -45
50 -42 -12
50 -44 -17
50 -44 -33
50 -45 -7
50 -45 -12
50 -45 -40
50 -45 -41
51 0 -8
51 -1 -42
51 -2 -7
51 -3 -2
51 -4 -8
51 -5 0
51 -5 -2
51 -5 -18
51 -5 -23
51 -5 -40
51 -6 -8
51 -6 -17
51 -7 -15
51 -8 -4
51 -8 -16
51 -9 -5
51 -9 -20
51 -10 -28
51 -10 -30
51 -10 -40
51 -12 -26
51 -13 -6
51 -14 -14
51 -15 -16
51 -15 -17
51 -15 -20
51 -16 -18
51 -17 -10
51 -17 -12
51 -17 -29
51 -18 -24
51 -19 -41
51 -19 -44
51 -20 -23
51 -21 0
51 -22 -19
51 -22 -35
51 -24 -7
51 -24 -18
51 -24 -24
51 -25 -5
51 -25 -39
51 -25 -43
51 -26 -14
51 -26 -20
51 -27 -32
51 -29 -23
51 -29 -42
51 -30 -36
51 -31 -22
51 -35 -4
51 -35 -22
51 -35 -23
51 -35 -24
51 -35 -26
51 -36 -2
51 -37 -20
51 -37 -23
51 -37 -30
51 -38 -18
51 -39 -8
51 -40 -13
51 -41 -26
51 -41 -45
51 -42 -12
51 -44 -17
51 -44 -33
51 -45 -7
51 -45 -12
51 -45 -40
51 -45 -41
52 0 -8
52 -1 -42
52 -2 -7
52 -3 -2
52 -4 -8
52 -5 0
52 -5 -2
52 -5 -18
52 -5 -23
52 -5 -40
52 -6 -8
52 -6 -17
52 -7 -15
52 -8 -4
52 -8 -16
52 -9 -5
52 -9 -20
52 -10 -28
52 -10 -30
52 -10 -40
52 -12 -26
52 -13 -6
52 -14 -14
52 -15 -16
52 -15 -17
52 -15 -20
52 -16 -18
52 -17 -10
52 -17 -12
52 -17 -29
52 -18 -24
52 -19 -41
52 -19 -44
52 -20 -23
52 -21 0
52 -22 -19
52 -22 -35
52 -24 -7
52 -24 -18
52 -24 -24
52 -25 -5
52 -25 -39
52 -25 -43
52 -26 -14
52 -26 -20
52 -27 -32
52 -29 -23
52 -29 -42
52 -30 -36
52 -31 -22
52 -35 -4
52 -35 -22
52 -35 -23
52 -35 -24
52 -35 -26
52 -36 -2
52 -37 -20
52 -37 -23
52 -37 -30
52 -38 -18
52 -39 -8
52 -40 -13
52 -41 -26
52 -41 -45
52 -42 -12
52 -44 -17
52 -44 -33
52 -45 -7
52 -45 -12
52 -45 -40
52 -45 -41
53 0 -8
53 -1 -42
53 -2 -7
53 -3 -2
53 -4 -8
53 -5 0
53 -5 -2
53 -5 -18
53 -5 -23
53 -5 -40
53 -6 -8
53 -6 -17
53 -7 -15
53 -8 -4
53 -8 -16
53 -9 -5
53 -9 -20
53 -10 -28
53 -10 -30
53 -10 -40
53 -12 -26
53 -13 -6
53 -14 -14
53 -15 -16
53 -15 -17
53 -15 -20
53 -16 -18
53 -17 -10
53 -17 -12
53 -17 -29
53 -18 -24
53 -19 -41
53 -19 -44
53 -20 -23
53 -21 0
53 -22 -19
53 -22 -35
53 -24 -7
53 -24 -18
53 -24 -24
53 -25 -5
53 -25 -39
53 -25 -43
53 -26 -14
53 -26 -20
53 -27 -32
53 -29 -23
53 -29 -42
53 -30 -36
53 -31 -22
53 -35 -4
53 -35 -22
53 -35 -23
53 -35 -24
53 -35 -26
53 -36 -2
53 -37 -20
53 -37 -23
53 -37 -30
53 -38 -18
53 -39 -8
53 -40 -13
53 -41 -26
53 -41 -45
53 -42 -12
53 -44 -17
53 -44 -33
53 -45 -7
53 -45 -12
53 -45 -40
53 -45 -41
54 0 -8
54 -1 -42
54 -2 -7
54 -3 -2
54 -4 -8
54 -5 0
54 -5 -2
54 -5 -18
54 -5 -23
54 -5 -40
54 -6 -8
54 -6 -17
54 -7 -15
54 -8 -4
54 -8 -16
54 -9 -5
54 -9 -20
54 -10 -28
54 -10 -30
54 -10 -40
54 -12 -26
54 -13 -6
54 -14 -14
54 -15 -16
54 -15 -17
54 -15 -20
54 -16 -18
54 -17 -10
54 -17 -12
54 -17 -29
54 -18 -24
54 -19 -41
54 -19 -44
54 -20 -23
54 -21 0
54 -22 -19
54 -22 -35
54 -24 -7
54 -24 -18
54 -24 -24
54 -25 -5
54 -25 -39
54 -25 -43
54 -26 -14
54 -26 -20
54 -27 -32
54 -29 -23
54 -29 -42
54 -30 -36
54 -31 -22
54 -35 -4
54 -35 -22
54 -35 -23
54 -35 -24
54 -35 -26
54 -36 -2
54 -37 -20
54 -37 -23
54 -37 -30
54 -38 -18
54 -39 -8
54 -40 -13
54 -41 -26
54 -41 -45
54 -42 -12
54 -44 -17
54 -44 -33
54 -45 -7
54 -45 -12
54 -45 -40
54 -45 -41
55 0 -8
55 -1 -42
55 -2 -7
55 -3 -2
55 -4 -8
55 -5 0
55 -5 -2
55 -5 -18
55 -5 -23
55 -5 -40
55 -6 -8
55 -6 -17
55 -7 -15
55 -8 -4
55 -8 -16
55 -9 -5
55 -9 -20
55 -10 -28
55 -10 -30
55 -10 -40
55 -12 -26
55 -13 -6
55 -14 -14
55 -15 -16
55 -15 -17
55 -15 -20
55 -16 -18
55 -17 -10
55 -17 -12
55 -17 -29
55 -18 -24
55 -19 -41
55 -19 -44
55 -20 -23
55 -21 0
55 -22 -19
55 -22 -35
55 -24 -7
55 -24 -18
55 -24 -24
55 -25 -5
55 -25 -39
55 -25 -43
55 -26 -14
55 -26 -20
55 -27 -32
55 -29 -23
55 -29 -42
55 -30 -36
55 -31 -22
55 -35 -4
55 -35 -22
55 -35 -23
55 -35 -24
55 -35 -26
55 -36 -2
55 -37 -20
55 -37 -23
55 -37 -30
55 -38 -18
55 -39 -8
55 -40 -13
55 -41 -26
55 -41 -45
55 -42 -12
55 -44 -17
55 -44 -33
55 -45 -7
55 -45 -12
55 -45 -40
55 -45 -41
56 0 -8
56 -1 -42
56 -2 -7
56 -3 -2
56 -4 -8
56 -5 0
56 -5 -2
56 -5 -18
56 -5 -23
56 -5 -40
56 -6 -8
56 -6 -17
56 -7 -15
56 -8 -4
56 -8 -16
56 -9 -5
56 -9 -20
56 -10 -28
56 -10 -30
56 -10 -40
56 -12 -26
56 -13 -6
56 -14 -14
56 -15 -16
56 -15 -17
56 -15 -20
56 -16 -18
56 -17 -10
56 -17 -12
56 -17 -29
56 -18 -24
56 -19 -41
56 -19 -44
56 -20 -23
56 -21 0
56 -22 -19
56 -22 -35
56 -24 -7
56 -24 -18
56 -24 -24
56 -25 -5
56 -25 -39
56 -25 -43
56 -26 -14
56 -26 -20
56 -27 -32
56 -29 -23
56 -29 -42
56 -30 -36
56 -31 -22
56 -35 -4
56 -35 -22
56 -35 -23
56 -35 -24
56 -35 -26
56 -36 -2
56 -37 -20
56 -37 -23
56 -37 -30
56 -38 -18
56 -39 -8
56 -40 -13
56 -41 -26
56 -41 -45
56 -42 -12
56 -44 -17
56 -44 -33
56 -45 -7
56 -45 -12
56 -45 -40
56 -45 -41
57 0 -8
57 -1 -42
57 -2 -7
57 -3 -2
57 -4 -8
57 -5 0
57 -5 -2
57 -5 -18
57 -5 -23
57 -5 -40
57 -6 -8
57 -6 -17
57 -7 -15
57 -8 -4
57 -8 -16
57 -9 -5
57 -9 -20
57 -10 -28
57 -10 -30
57 -10 -40
57 -12 -26
57 -13 -6
57 -14 -14
57 -15 -16
57 -15 -17
57 -15 -20
57 -16 -18
57 -17 -10
57 -17 -12
57 -17 -29
57 -18 -24
57 -19 -41
57 -19 -44
57 -20 -23
57 -21 0
57 -22 -19
57 -22 -35
57 -24 -7
57 -24 -18
57 -24 -24
57 -25 -5
57 -25 -39
57 -25 -43
57 -26 -14
57 -26 -20
57 -27 -32
57 -29 -23
57 -29 -42
57 -30 -36
57 -31 -22
57 -35 -4
57 -35 -22
57 -35 -23
57 -35 -24
57 -35 -26
57 -36 -2
57 -37 -20
57 -37 -23
57 -37 -30
57 -38 -18
57 -39 -8
57 -40 -13
57 -41 -26
57 -41 -45
57 -42 -12
57 -44 -17
57 -44 -33
57 -45 -7
57 -45 -12
57 -45 -40
57 -45 -41
58 0 -8
58 -1 -42
58 -2 -7
58 -3 -2
58 -4 -8
58 -5 0
58 -5 -2
58 -5 -18
58 -5 -23
58 -5 -40
58 -6 -8
58 -6 -17
58 -7 -15
58 -8 -4
58 -8 -16
58 -9 -5
58 -9 -20
58 -10 -28
58 -10 -30
58 -10 -40
58 -12 -26
58 -13 -6
58 -14 -14
58 -15 -16
58 -15 -17
58 -15 -20
58 -16 -18
58 -17 -10
58 -17 -12
58 -17 -29
58 -18 -24
58 -19 -41
58 -19 -44
58 -20 -23
58 -21 0
58 -22 -19
58 -22 -35
58 -24 -7
58 -24 -18
58 -24 -24
58 -25 -5
58 -25 -39
58 -25 -43
58 -26 -14
58 -26 -20
58 -27 -32
58 -29 -23
58 -29 -42
58 -30 -36
58 -31 -22
58 -35 -4
58 -35 -22
58 -35 -23
58 -35 -24
58 -35 -26
58 -36 -2
58 -37 -20
58 -37 -23
58 -37 -30
58 -38 -18
58 -39 -8
58 -40 -13
58 -41 -26
58 -41 -45
58 -42 -12
58 -44 -17
58 -44 -33
58 -45 -7
58 -45 -12
58 -45 -40
58 -45 -41
59 0 -8
59 -1 -42
59 -2 -7
59 -3 -2
59 -4 -8
59 -5 0
59 -5 -2
59 -5 -18
59 -5 -23
59 -5 -40
59 -6 -8
59 -6 -17
59 -7 -15
59 -8 -4
59 -8 -16
59 -9 -5
59 -9 -20
59 -10 -28
59 -10 -30
59 -10 -40
59 -12 -26
59 -13 -6
59 -14 -14
59 -15 -16
59 -15 -17
59 -15 -20
59 -16 -18
59 -17 -10
59 -17 -12
59 -17 -29
59 -18 -24
59 -19 -41
59 -19 -44
59 -20 -23
59 -21 0
59 -22 -19
59 -22 -35
59 -24 -7
59 -24 -18
59 -24 -24
59 -25 -5
59 -25 -39
59 -25 -43
59 -26 -14
59 -26 -20
59 -27 -32
59 -29 -23
59 -29 -42
59 -30 -36
59 -31 -22
59 -35 -4
59 -35 -22
59 -35 -23
59 -35 -24
59 -35 -26
59 -36 -2
59 -37 -20
59 -37 -23
59 -37 -30
59 -38 -18
59 -39 -8
59 -40 -13
59 -41 -26
59 -41 -45
59 -42 -12
59 -44 -17
59 -44 -33
59 -45 -7
59 -45 -12
59 -45 -40
59 -45 -41
60 0 -8
60 -1 -42
60 -2 -7
60 -3 -2
60 -4 -8
60 -5 0
60 -5 -2
60 -5 -18
60 -5 -23
60 -5 -40
60 -6 -8
60 -6 -17
60 -7 -15
60 -8 -4
60 -8 -16
60 -9 -5
60 -9 -20
60 -10 -28
60 -10 -30
60 -10 -40
60 -12 -26
60 -13 -6
60 -14 -14
60 -15 -16
60 -15 -17
60 -15 -20
60 -16 -18
60 -17 -10
60 -17 -12
60 -17 -29
60 -18 -24
60 -19 -41
60 -19 -44
60 -20 -23
60 -21 0
60 -22 -19
60 -22 -35
60 -24 -7
60 -24 -18
60 -24 -24
60 -25 -5
60 -25 -39
60 -25 -43
60 -26 -14
60 -26 -20
60 -27 -32
60 -29 -23
60 -29 -42
60 -30 -36
60 -31 -22
60 -35 -4
60 -35 -22
60 -35 -23
60 -35 -24
60 -35 -26
60 -36 -2
60 -37 -20
60 -37 -23
60 -37 -30
60 -38 -18
60 -39 -8
60 -40 -13
60 -41 -26
60 -41 -45
60 -42 -12
60 -44 -17
60 -44 -33
60 -45 -7
60 -45 -12
60 -45 -40
60 -45 -41
61 0 -8
61 -1 -42
61 -2 -7
61 -3 -2
61 -4 -8
61 -5 0
61 -5 -2
61 -5 -18
61 -5 -23
61 -5 -40
61 -6 -8
61 -6 -17
61 -7 -15
61 -8 -4
61 -8 -16
61 -9 -5
61 -9 -20
61 -10 -28
61 -10 -30
61 -10 -40
61 -12 -26
61 -13 -6
61 -14 -14
61 -15 -16
61 -15 -17
61 -15 -20
61 -16 -18
61 -17 -10
61 -17 -12
61 -17 -29
61 -18 -24
61 -19 -41
61 -19 -44
61 -20 -23
61 -21 0
61 -22 -19
61 -22 -35
61 -24 -7
61 -24 -18
61 -24 -24
61 -25 -5
61 -25 -39
61 -25 -43
61 -26 -14
61 -26 -20
61 -27 -32
61 -29 -23
61 -29 -42
61 -30 -36
61 -31 -22
61 -35 -4
61 -35 -22
61 -35 -23
61 -35 -24
61 -35 -26
61 -36 -2
61 -37 -20
61 -37 -23
61 -37 -30
61 -38 -18
61 -39 -8
61 -40 -13
61 -41 -26
61 -41 -45
61 -42 -12
61 -44 -17
61 -44 -33
61 -45 -7
61 -45 -12
61 -45 -40
61 -45 -41
62 0 -8
62 -1 -42
62 -2 -7
62 -3 -2
62 -4 -8
62 -5 0
62 -5 -2
62 -5 -18
62 -5 -23
62 -5 -40
62 -6 -8
62 -6 -17
62 -7 -15
62 -8 -4
62 -8 -16
62 -9 -5
62 -9 -20
62 -10 -28
62 -10 -30
62 -10 -40
62 -12 -26
62 -13 -6
62 -14 -14
62 -15 -16
62 -15 -17
62 -15 -20
62 -16 -18
62 -17 -10
62 -17 -12
62 -17 -29
62 -18 -24
62 -19 -41
62 -19 -44
62 -20 -23
62 -21 0
62 -22 -19
62 -22 -35
62 -24 -7
62 -24 -18
62 -24 -24
62 -25 -5
62 -25 -39
62 -25 -43
62 -26 -14
62 -26 -20
62 -27 -32
62 -29 -23
62 -29 -42
62 -30 -36
62 -31 -22
62 -35 -4
62 -35 -22
62 -35 -23
62 -35 -24
62 -35 -26
62 -36 -2
62 -37 -20
62 -37 -23
62 -37 -30
62 -38 -18
62 -39 -8
62 -40 -13
62 -41 -26
62 -41 -45
62 -42 -12
62 -44 -17
62 -44 -33
62 -45 -7
62 -45 -12
62 -45 -40
62 -45 -41
63 0 -8
63 -1 -42
63 -2 -7
63 -3 -2
63 -4 -8
63 -5 0
63 -5 -2
63 -5 -18
63 -5 -23
63 -5 -40
63 -6 -8
63 -6 -17
63 -7 -15
63 -8 -4
63 -8 -16
63 -9 -5
63 -9 -20
63 -10 -28
63 -10 -30
63 -10 -40
63 -12 -26
63 -13 -6
63 -14 -14
63 -15 -16
63 -15 -17
63 -15 -20
63 -16 -18
63 -17 -10
63 -17 -12
63 -17 -29
63 -18 -24
63 -19 -41
63 -19 -44
63 -20 -23
63 -21 0
63 -22 -19
63 -22 -35
63 -24 -7
63 -24 -18
63 -24 -24
63 -25 -5
63 -25 -39
63 -25 -43
63 -26 -14
63 -26 -20
63 -27 -32
63 -29 -23
63 -29 -42
63 -30 -36
63 -31 -22
63 -35 -4
63 -35 -22
63 -35 -23
63 -35 -24
63 -35 -26
63 -36 -2
63 -37 -20
63 -37 -23
63 -37 -30
63 -38 -18
63 -39 -8
63 -40 -13
63 -41 -26
63 -41 -45
63 -42 -12
63 -44 -17
63 -44 -33
63 -45 -7
63 -45 -12
63 -45 -40
63 -45 -41
64 0 -8
64 -1 -42
64 -2 -7
64 -3 -2
64 -4 -8
64 -5 0
64 -5 -2
64 -5 -18
64 -5 -23
64 -5 -40
64 -6 -8
64 -6 -17
64 -7 -15
64 -8 -4
64 -8 -16
64 -9 -5
64 -9 -20
64 -10 -28
64 -10 -30
64 -10 -40
64 -12 -26
64 -13 -6
64 -14 -14
64 -15 -16
64 -15 -17
64 -15 -20
64 -16 -18
64 -17 -10
64 -17 -12
64 -17 -29
64 -18 -24
64 -19 -41
64 -19 -44
64 -20 -23
64 -21 0
64 -22 -19
64 -22 -35
64 -24 -7
64 -24 -18
64 -24 -24
64 -25 -5
64 -25 -39
64 -25 -43
64 -26 -14
64 -26 -20
64 -27 -32
64 -29 -23
64 -29 -42
64 -30 -36
64 -31 -22
64 -35 -4
64 -35 -22
64 -35 -23
64 -35 -24
64 -35 -26
64 -36 -2
64 -37 -20
64 -37 -23
64 -37 -30
64 -38 -18
64 -39 -8
64 -40 -13
64 -41 -26
64 -41 -45
64 -42 -12
64 -44 -17
64 -44 -33
64 -45 -7
64 -45 -12
64 -45 -40
64 -45 -41
65 0 -8
65 -1 -42
65 -2 -7
65 -3 -2
65 -4 -8
65 -5 0
65 -5 -2
65 -5 -18
65 -5 -23
65 -5 -40
65 -6 -8
65 -6 -17
65 -7 -15
65 -8 -4
65 -8 -16
65 -9 -5
65 -9 -20
65 -10 -28
65 -10 -30
65 -10 -40
65 -12 -26
65 -13 -6
65 -14 -14
65 -15 -16
65 -15 -17
65 -15 -20
65 -16 -18
65 -17 -10
65 -17 -12
65 -17 -29
65 -18 -24
65 -19 -41
65 -19 -44
65 -20 -23
65 -21 0
65 -22 -19
65 -22 -35
65 -24 -7
65 -24 -18
65 -24 -24
65 -25 -5
65 -25 -39
65 -25 -43
65 -26 -14
65 -26 -20
65 -27 -32
65 -29 -23
65 -29 -42
65 -30 -36
65 -31 -22
65 -35 -4
65 -35 -22
65 -35 -23
65 -35 -24
65 -35 -26
65 -36 -2
65 -37 -20
65 -37 -23
65 -37 -30
65 -38 -18
65 -39 -8
65 -40 -13
65 -41 -26
65 -41 -45
65 -42 -12
65 -44 -17
65 -44 -33
65 -45 -7
65 -45 -12
65 -45 -40
65 -45 -41
66 0 -8
66 -1 -42
66 -2 -7
66 -3 -2
66 -4 -8
66 -5 0
66 -5 -2
66 -5 -18
66 -5 -23
66 -5 -40
66 -6 -8
66 -6 -17
66 -7 -15
66 -8 -4
66 -8 -16
66 -9 -5
66 -9 -20
66 -10 -28
66 -10 -30
66 -10 -40
66 -12 -26
66 -13 -6
66 -14 -14
66 -15 -16
66 -15 -17
66 -15 -20
66 -16 -18
66 -17 -10
66 -17 -12
66 -17 -29
66 -18 -24
66 -19 -41
66 -19 -44
66 -20 -23
66 -21 0
66 -22 -19
66 -22 -35
66 -24 -7
66 -24 -18
66 -24 -24
66 -25 -5
66 -25 -39
66 -25 -43
66 -26 -14
66 -26 -20
66 -27 -32
66 -29 -23
66 -29 -42
66 -30 -36
66 -31 -22
66 -35 -4
66 -35 -22
66 -35 -23
66 -35 -24
66 -35 -26
66 -36 -2
66 -37 -20
66 -37 -23
66 -37 -30
66 -38 -18
66 -39 -8
66 -40 -13
66 -41 -26
66 -41 -45
66 -42 -12
66 -44 -17
66 -44 -33
66 -45 -7
66 -45 -12
66 -45 -40
66 -45 -41
67 0 -8
67 -1 -42
67 -2 -7
67 -3 -2
67 -4 -8
67 -5 0
67 -5 -2
67 -5 -18
67 -5 -23
67 -5 -40
67 -6 -8
67 -6 -17
67 -7 -15
67 -8 -4
67 -8 -16
67 -9 -5
67 -9 -20
67 -10 -28
67 -10 -30
67 -10 -40
67 -12 -26
67 -13 -6
67 -14 -14
67 -15 -16
67 -15 -17
67 -15 -20
67 -16 -18
67 -17 -10
67 -17 -12
67 -17 -29
67 -18 -24
67 -19 -41
67 -19 -44
67 -20 -23
67 -21 0
67 -22 -19
67 -22 -35
67 -24 -7
67 -24 -18
67 -24 -24
67 -25 -5
67 -25 -39
67 -25 -43
67 -26 -14
67 -26 -20
67 -27 -32
67 -29 -23
67 -29 -42
67 -30 -36
67 -31 -22
67 -35 -4
67 -35 -22
67 -35 -23
67 -35 -24
67 -35 -26
67 -36 -2
67 -37 -20
67 -37 -23
67 -37 -30
67 -38 -18
67 -39 -8
67 -40 -13
67 -41 -26
67 -41 -45
67 -42 -12
67 -44 -17
67 -44 -33
67 -45 -7
67 -45 -12
67 -45 -40
67 -45 -41
68 0 -8
68 -1 -42
68 -2 -7
68 -3 -2
68 -4 -8
68 -5 0
68 -5 -2
68 -5 -18
68 -5 -23
68 -5 -40
68 -6 -8
68 -6 -17
68 -7 -15
68 -8 -4
68 -8 -16
68 -9 -5
68 -9 -20
68 -10 -28
68 -10 -30
68 -10 -40
68 -12 -26
68 -13 -6
68 -14 -14
68 -15 -16
68 -15 -17
68 -15 -20
68 -16 -18
68 -17 -10
68 -17 -12
68 -17 -29
68 -18 -24
68 -19 -41
68 -19 -44
68 -20 -23
68 -21 0
68 -22 -19
68 -22 -35
68 -24 -7
68 -24 -18
68 -24 -24
68 -25 -5
68 -25 -39
68 -25 -43
68 -26 -14
68 -26 -20
68 -27 -32
68 -29 -23
68 -29 -42
68 -30 -36
68 -31 -22
68 -35 -4
68 -35 -22
68 -35 -23
68 -35 -24
68 -35 -26
68 -36 -2
68 -37 -20
68 -37 -23
68 -37 -30
68 -38 -18
68 -39 -8
68 -40 -13
68 -41 -26
68 -41 -45
68 -42 -12
68 -44 -17
68 -44 -33
68 -45 -7
68 -45 -12
68 -45 -40
68 -45 -41
69 0 -8
69 -1 -42
69 -2 -7
69 -3 -2
69 -4 -8
69 -5 0
69 -5 -2
69 -5 -18
69 -5 -23
69 -5 -40
69 -6 -8
69 -6 -17
69 -7 -15
69 -8 -4
69 -8 -16
69 -9 -5
69 -9 -20
69 -10 -28
69 -10 -30
69 -10 -40
69 -12 -26
69 -13 -6
69 -14 -14
69 -15 -16
69 -15 -17
69 -15 -20
69 -16 -18
69 -17 -10
69 -17 -12
69 -17 -29
69 -18 -24
69 -19 -41
69 -19 -44
69 -20 -23
69 -21 0
69 -22 -19
69 -22 -35
69 -24 -7
69 -24 -18
69 -24 -24
69 -25 -5
69 -25 -39
69 -25 -43
69 -26 -14
69 -26 -20
69 -27 -32
69 -29 -23
69 -29 -42
69 -30 -36
69 -31 -22
69 -35 -4
69 -35 -22
69 -35 -23
69 -35 -24
69 -35 -26
69 -36 -2
69 -37 -20
69 -37 -23
69 -37 -30
69 -38 -18
69 -39 -8
69 -40 -13
69 -41 -26
69 -41 -45
69 -42 -12
69 -44 -17
69 -44 -33
69 -45 -7
69 -45 -12
69 -45 -40
69 -45 -41
70 0 -8
70 -1 -42
70 -2 -7
70 -3 -2
70 -4 -8
70 -5 0
70 -5 -2
70 -5 -18
70 -5 -23
70 -5 -40
70 -6 -8
70 -6 -17
70 -7 -15
70 -8 -4
70 -8 -16
70 -9 -5
70 -9 -20
70 -10 -28
70 -10 -30
70 -10 -40
70 -12 -26
70 -13 -6
70 -14 -14
70 -15 -16
70 -15 -17
70 -15 -20
70 -16 -18
70 -17 -10
70 -17 -12
70 -17 -29
70 -18 -24
70 -19 -41
70 -19 -44
70 -20 -23
70 -21 0
70 -22 -19
70 -22 -35
70 -24 -7
70 -24 -18
70 -24 -24
70 -25 -5
70 -25 -39
70 -25 -43
70 -26 -14
70 -26 -20
70 -27 -32
70 -29 -23
70 -29 -42
70 -30 -36
70 -31 -22
70 -35 -4
70 -35 -22
70 -35 -23
70 -35 -24
70 -35 -26
70 -36 -2
70 -37 -20
70 -37 -23
70 -37 -30
70 -38 -18
70 -39 -8
70 -40 -13
70 -41 -26
70 -41 -45
70 -42 -12
70 -44 -17
70 -44 -33
70 -45 -7
70 -45 -12
70 -45 -40
70 -45 -41
-1 -1 -1
7
15
1
14
5
11
8
13
4
2
20
10
0
31
12
3
42
28
38
18
40
26
19
6
49
16
30
32
37
34
22
21
39
23
25
17
9
29
43
47
36
24
44
50
70
33
45
35
67
51
52
53
66
61
68
46
27
41
65
58
69
56
63
60
48
64
57
55
54
62
59
  0.062745 seconds (136.22 k allocations: 4.473 MiB)
