950 0 0 0 0 0 0 0 0 0 0 0 0 0 0 0 0 0 0 0 0 0 0 0 0 0 0 0 0 0 0 0
0 0 0 0 0 0 0 0 0 0 0 0 0 0 0 0 0 0 0 0 0 0 0 0 0 0 0 0 0 0 0 0
0 0 0 0 0 0 0 0 0 0 0 0 0 0 0 0 0 0 0 0 0 0 0 0 0 0 0 0 0 0 0 0
0 0 0 0 0 0 0 0 0 0 0 0 0 0 0 0 0 0 0 0 0 0 0 0 0 0 0 0 0 0 0 0
0 0 0 0 0 0 0 0 0 0 0 0 0 0 0 0 0 0 0 0 0 0 0 0 0 0 0 0 0 0 0 0
0 0 0 0 0 0 0 0 0 0 0 0 0 0 0 0 0 0 0 0 0 0 0 0 0 0 0 0 0 0 0 0
0 0 0 0 0 0 0 0 0 0 0 0 0 0 0 0 0 0 0 0 0 0 0 0 0 0 0 0 0 0 0 0
0 0 0 0 0 0 0 0 0 0 0 0 0 0 0 0 0 0 0 0 0 0 0 0 0 0 0 0 0 0 0 0
0 0 0 0 0 0 0 0 0 0 0 0 0 0 0 0 0 0 0 0 0 0 0 0 0 0 0 0 0 0 0 0
0 0 0 0 0 0 0 0 0 0 0 0 0 0 0 0 0 0 0 0 0 0 0 0 0 0 0 0 0 0 0 0
0 0 0 0 0 0 0 0 0 0 0 0 0 0 0 0 0 0 0 0 0 0 0 0 0 0 0 0 0 0 0 0
0 0 0 0 0 0 0 0 0 0 0 0 0 0 0 0 0 0 0 0 0 0 0 0 0 0 0 0 0 0 0 0
0 0 0 0 0 0 0 0 0 0 0 0 0 0 0 0 0 0 0 0 0 0 0 0 0 0 0 0 0 0 0 0
0 0 0 0 0 0 0 0 0 0 0 0 0 0 0 0 0 0 0 0 0 0 0 0 0 0 0 0 0 0 0 0
0 0 0 0 0 0 0 0 0 0 0 0 0 0 0 0 0 0 0 0 0 0 0 0 0 0 0 0 0 0 0 0
0 0 0 0 0 0 0 0 0 0 0 0 0 0 0 0 0 0 0 0 0 0 0 0 0 0 0 0 0 0 0 0
0 0 0 0 0 0 0 0 0 0 0 0 0 0 0 0 0 0 0 0 0 0 0 0 0 0 0 0 0 0 0 0
0 0 0 0 0 0 0 0 0 0 0 0 0 0 0 0 0 0 0 0 0 0 0 0 0 0 0 0 0 0 0 0
0 0 0 0 0 0 0 0 0 0 0 0 0 0 0 0 0 0 0 0 0 0 0 0 0 0 0 0 0 0 0 0
0 0 0 0 0 0 0 0 0 0 0 0 0 0 0 0 0 0 0 0 0 0 0 0 0 0 0 0 0 0 0 0
0 0 0 0 0 0 0 0 0 0 0 0 0 0 0 0 0 0 0 0 0 0 0 0 0 0 0 0 0 0 0 0
0 0 0 0 0 0 0 0 0 0 0 0 0 0 0 0 0 0 0 0 0 0 0 0 0 0 0 0 0 0 0 0
0 0 0 0 0 0 0 0 0 0 0 0 0 0 0 0 0 0 0 0 0 0 0 0 0 0 0 0 0 0 0 0
0 0 0 0 0 0 0 0 0 0 0 0 0 0 0 0 0 0 0 0 0 0 0 0 0 0 0 0 0 0 0 0
0 0 0 0 0 0 0 0 0 0 0 0 0 0 0 0 0 0 0 0 0 0 0 0 0 0 0 0 0 0 0 0
0 0 0 0 0 0 0 0 0 0 0 0 0 0 0 0 0 0 0 0 0 0 0 0 0 0 0 0 0 0 0 0
0 0 0 0 0 0 0 0 0 0 0 0 0 0 0 0 0 0 0 0 0 0 0 0 0 0 0 0 0 0 0 0
0 0 0 0 0 0 0 0 0 0 0 0 0 0 0 0 0 0 0 0 0 0 0 0 0 0 0 0 0 0 0 0
0 0 0 0 0 0 0 0 0 0 0 0 0 0 0 0 0 0 0 0 0 0 0 0 0 0 0 0 0 0 0 0
0 0 0 0 0 0 0 0 0 0 0 0 0 0 0 0 0 0 0 0 0 0 0 0 0 0 0 0 0 0 0 0
0 0 0 0 0 0 0 0 0 0 0 0 0 0 0 0 0 0 0 0 0 0 0 0 0 0 0 0 0 0 0 0
0 0 0 0 0 0 0 0 0 0 0 0 0 0 0 0 0 0 0 0 0 0 0 0 0 0 0 0 0 0 0 0
0 0 -14
0 0 -29
0 -1 -2
0 -1 -5
0 -1 -10
0 -1 -22
0 -2 -10
0 -2 -14
0 -2 -24
0 -3 -6
0 -4 -2
0 -4 -11
0 -4 -16
0 -4 -26
0 -5 -31
0 -6 -4
0 -6 -6
0 -6 -13
0 -6 -17
0 -6 -18
0 -7 -22
0 -7 -24
0 -7 -29
0 -8 -8
0 -8 -28
0 -9 -10
0 -9 -12
0 -9 -21
0 -10 -1
0 -10 -27
0 -11 -16
0 -11 -18
0 -11 -28
0 -12 -31
0 -13 -4
0 -13 -7
0 -13 -8
0 -13 -23
0 -13 -25
0 -13 -30
0 -13 -31
0 -14 -1
0 -14 -14
0 -14 -17
0 -14 -19
0 -14 -29
0 -15 -7
0 -17 -2
0 -17 -9
0 -17 -18
0 -17 -20
0 -17 -25
0 -20 -13
0 -20 -16
0 -20 -25
0 -20 -26
0 -21 -7
0 -21 -8
0 -21 -10
0 -22 0
0 -22 -1
0 -22 -15
0 -23 0
0 -23 -5
0 -23 -16
0 -24 -9
0 -24 -16
0 -24 -17
0 -24 -24
0 -24 -26
0 -25 -1
0 -25 -8
0 -25 -13
0 -25 -15
0 -25 -18
0 -25 -19
0 -25 -23
0 -26 -28
0 -27 -7
0 -27 -18
0 -27 -23
0 -27 -28
0 -28 -3
0 -28 -14
0 -29 -12
0 -29 -20
0 -29 -25
0 -29 -28
0 -30 -6
0 -31 0
0 -31 -2
0 -31 -19
0 -31 -21
0 -31 -24
1 0 -14
1 0 -29
1 -1 -2
1 -1 -5
1 -1 -10
1 -1 -22
1 -2 -10
1 -2 -14
1 -2 -24
1 -3 -6
1 -4 -2
1 -4 -11
1 -4 -16
1 -4 -26
1 -5 -31
1 -6 -4
1 -6 -6
1 -6 -13
1 -6 -17
1 -6 -18
1 -7 -22
1 -7 -24
1 -7 -29
1 -8 -8
1 -8 -28
1 -9 -10
1 -9 -12
1 -9 -21
1 -10 -1
1 -10 -27
1 -11 -16
1 -11 -18
1 -11 -28
1 -12 -31
1 -13 -4
1 -13 -7
1 -13 -8
1 -13 -23
1 -13 -25
1 -13 -30
1 -13 -31
1 -14 -1
1 -14 -14
1 -14 -17
1 -14 -19
1 -14 -29
1 -15 -7
1 -17 -2
1 -17 -9
1 -17 -18
1 -17 -20
1 -17 -25
1 -20 -13
1 -20 -16
1 -20 -25
1 -20 -26
1 -21 -7
1 -21 -8
1 -21 -10
1 -22 0
1 -22 -1
1 -22 -15
1 -23 0
1 -23 -5
1 -23 -16
1 -24 -9
1 -24 -16
1 -24 -17
1 -24 -24
1 -24 -26
1 -25 -1
1 -25 -8
1 -25 -13
1 -25 -15
1 -25 -18
1 -25 -19
1 -25 -23
1 -26 -28
1 -27 -7
1 -27 -18
1 -27 -23
1 -27 -28
1 -28 -3
1 -28 -14
1 -29 -12
1 -29 -20
1 -29 -25
1 -29 -28
1 -30 -6
1 -31 0
1 -31 -2
1 -31 -19
1 -31 -21
1 -31 -24
2 0 -14
2 0 -29
2 -1 -2
2 -1 -5
2 -1 -10
2 -1 -22
2 -2 -10
2 -2 -14
2 -2 -24
2 -3 -6
2 -4 -2
2 -4 -11
2 -4 -16
2 -4 -26
2 -5 -31
2 -6 -4
2 -6 -6
2 -6 -13
2 -6 -17
2 -6 -18
2 -7 -22
2 -7 -24
2 -7 -29
2 -8 -8
2 -8 -28
2 -9 -10
2 -9 -12
2 -9 -21
2 -10 -1
2 -10 -27
2 -11 -16
2 -11 -18
2 -11 -28
2 -12 -31
2 -13 -4
2 -13 -7
2 -13 -8
2 -13 -23
2 -13 -25
2 -13 -30
2 -13 -31
2 -14 -1
2 -14 -14
2 -14 -17
2 -14 -19
2 -14 -29
2 -15 -7
2 -17 -2
2 -17 -9
2 -17 -18
2 -17 -20
2 -17 -25
2 -20 -13
2 -20 -16
2 -20 -25
2 -20 -26
2 -21 -7
2 -21 -8
2 -21 -10
2 -22 0
2 -22 -1
2 -22 -15
2 -23 0
2 -23 -5
2 -23 -16
2 -24 -9
2 -24 -16
2 -24 -17
2 -24 -24
2 -24 -26
2 -25 -1
2 -25 -8
2 -25 -13
2 -25 -15
2 -25 -18
2 -25 -19
2 -25 -23
2 -26 -28
2 -27 -7
2 -27 -18
2 -27 -23
2 -27 -28
2 -28 -3
2 -28 -14
2 -29 -12
2 -29 -20
2 -29 -25
2 -29 -28
2 -30 -6
2 -31 0
2 -31 -2
2 -31 -19
2 -31 -21
2 -31 -24
3 0 -14
3 0 -29
3 -1 -2
3 -1 -5
3 -1 -10
3 -1 -22
3 -2 -10
3 -2 -14
3 -2 -24
3 -3 -6
3 -4 -2
3 -4 -11
3 -4 -16
3 -4 -26
3 -5 -31
3 -6 -4
3 -6 -6
3 -6 -13
3 -6 -17
3 -6 -18
3 -7 -22
3 -7 -24
3 -7 -29
3 -8 -8
3 -8 -28
3 -9 -10
3 -9 -12
3 -9 -21
3 -10 -1
3 -10 -27
3 -11 -16
3 -11 -18
3 -11 -28
3 -12 -31
3 -13 -4
3 -13 -7
3 -13 -8
3 -13 -23
3 -13 -25
3 -13 -30
3 -13 -31
3 -14 -1
3 -14 -14
3 -14 -17
3 -14 -19
3 -14 -29
3 -15 -7
3 -17 -2
3 -17 -9
3 -17 -18
3 -17 -20
3 -17 -25
3 -20 -13
3 -20 -16
3 -20 -25
3 -20 -26
3 -21 -7
3 -21 -8
3 -21 -10
3 -22 0
3 -22 -1
3 -22 -15
3 -23 0
3 -23 -5
3 -23 -16
3 -24 -9
3 -24 -16
3 -24 -17
3 -24 -24
3 -24 -26
3 -25 -1
3 -25 -8
3 -25 -13
3 -25 -15
3 -25 -18
3 -25 -19
3 -25 -23
3 -26 -28
3 -27 -7
3 -27 -18
3 -27 -23
3 -27 -28
3 -28 -3
3 -28 -14
3 -29 -12
3 -29 -20
3 -29 -25
3 -29 -28
3 -30 -6
3 -31 0
3 -31 -2
3 -31 -19
3 -31 -21
3 -31 -24
4 0 -14
4 0 -29
4 -1 -2
4 -1 -5
4 -1 -10
4 -1 -22
4 -2 -10
4 -2 -14
4 -2 -24
4 -3 -6
4 -4 -2
4 -4 -11
4 -4 -16
4 -4 -26
4 -5 -31
4 -6 -4
4 -6 -6
4 -6 -13
4 -6 -17
4 -6 -18
4 -7 -22
4 -7 -24
4 -7 -29
4 -8 -8
4 -8 -28
4 -9 -10
4 -9 -12
4 -9 -21
4 -10 -1
4 -10 -27
4 -11 -16
4 -11 -18
4 -11 -28
4 -12 -31
4 -13 -4
4 -13 -7
4 -13 -8
4 -13 -23
4 -13 -25
4 -13 -30
4 -13 -31
4 -14 -1
4 -14 -14
4 -14 -17
4 -14 -19
4 -14 -29
4 -15 -7
4 -17 -2
4 -17 -9
4 -17 -18
4 -17 -20
4 -17 -25
4 -20 -13
4 -20 -16
4 -20 -25
4 -20 -26
4 -21 -7
4 -21 -8
4 -21 -10
4 -22 0
4 -22 -1
4 -22 -15
4 -23 0
4 -23 -5
4 -23 -16
4 -24 -9
4 -24 -16
4 -24 -17
4 -24 -24
4 -24 -26
4 -25 -1
4 -25 -8
4 -25 -13
4 -25 -15
4 -25 -18
4 -25 -19
4 -25 -23
4 -26 -28
4 -27 -7
4 -27 -18
4 -27 -23
4 -27 -28
4 -28 -3
4 -28 -14
4 -29 -12
4 -29 -20
4 -29 -25
4 -29 -28
4 -30 -6
4 -31 0
4 -31 -2
4 -31 -19
4 -31 -21
4 -31 -24
5 0 -14
5 0 -29
5 -1 -2
5 -1 -5
5 -1 -10
5 -1 -22
5 -2 -10
5 -2 -14
5 -2 -24
5 -3 -6
5 -4 -2
5 -4 -11
5 -4 -16
5 -4 -26
5 -5 -31
5 -6 -4
5 -6 -6
5 -6 -13
5 -6 -17
5 -6 -18
5 -7 -22
5 -7 -24
5 -7 -29
5 -8 -8
5 -8 -28
5 -9 -10
5 -9 -12
5 -9 -21
5 -10 -1
5 -10 -27
5 -11 -16
5 -11 -18
5 -11 -28
5 -12 -31
5 -13 -4
5 -13 -7
5 -13 -8
5 -13 -23
5 -13 -25
5 -13 -30
5 -13 -31
5 -14 -1
5 -14 -14
5 -14 -17
5 -14 -19
5 -14 -29
5 -15 -7
5 -17 -2
5 -17 -9
5 -17 -18
5 -17 -20
5 -17 -25
5 -20 -13
5 -20 -16
5 -20 -25
5 -20 -26
5 -21 -7
5 -21 -8
5 -21 -10
5 -22 0
5 -22 -1
5 -22 -15
5 -23 0
5 -23 -5
5 -23 -16
5 -24 -9
5 -24 -16
5 -24 -17
5 -24 -24
5 -24 -26
5 -25 -1
5 -25 -8
5 -25 -13
5 -25 -15
5 -25 -18
5 -25 -19
5 -25 -23
5 -26 -28
5 -27 -7
5 -27 -18
5 -27 -23
5 -27 -28
5 -28 -3
5 -28 -14
5 -29 -12
5 -29 -20
5 -29 -25
5 -29 -28
5 -30 -6
5 -31 0
5 -31 -2
5 -31 -19
5 -31 -21
5 -31 -24
6 0 -14
6 0 -29
6 -1 -2
6 -1 -5
6 -1 -10
6 -1 -22
6 -2 -10
6 -2 -14
6 -2 -24
6 -3 -6
6 -4 -2
6 -4 -11
6 -4 -16
6 -4 -26
6 -5 -31
6 -6 -4
6 -6 -6
6 -6 -13
6 -6 -17
6 -6 -18
6 -7 -22
6 -7 -24
6 -7 -29
6 -8 -8
6 -8 -28
6 -9 -10
6 -9 -12
6 -9 -21
6 -10 -1
6 -10 -27
6 -11 -16
6 -11 -18
6 -11 -28
6 -12 -31
6 -13 -4
6 -13 -7
6 -13 -8
6 -13 -23
6 -13 -25
6 -13 -30
6 -13 -31
6 -14 -1
6 -14 -14
6 -14 -17
6 -14 -19
6 -14 -29
6 -15 -7
6 -17 -2
6 -17 -9
6 -17 -18
6 -17 -20
6 -17 -25
6 -20 -13
6 -20 -16
6 -20 -25
6 -20 -26
6 -21 -7
6 -21 -8
6 -21 -10
6 -22 0
6 -22 -1
6 -22 -15
6 -23 0
6 -23 -5
6 -23 -16
6 -24 -9
6 -24 -16
6 -24 -17
6 -24 -24
6 -24 -26
6 -25 -1
6 -25 -8
6 -25 -13
6 -25 -15
6 -25 -18
6 -25 -19
6 -25 -23
6 -26 -28
6 -27 -7
6 -27 -18
6 -27 -23
6 -27 -28
6 -28 -3
6 -28 -14
6 -29 -12
6 -29 -20
6 -29 -25
6 -29 -28
6 -30 -6
6 -31 0
6 -31 -2
6 -31 -19
6 -31 -21
6 -31 -24
7 0 -14
7 0 -29
7 -1 -2
7 -1 -5
7 -1 -10
7 -1 -22
7 -2 -10
7 -2 -14
7 -2 -24
7 -3 -6
7 -4 -2
7 -4 -11
7 -4 -16
7 -4 -26
7 -5 -31
7 -6 -4
7 -6 -6
7 -6 -13
7 -6 -17
7 -6 -18
7 -7 -22
7 -7 -24
7 -7 -29
7 -8 -8
7 -8 -28
7 -9 -10
7 -9 -12
7 -9 -21
7 -10 -1
7 -10 -27
7 -11 -16
7 -11 -18
7 -11 -28
7 -12 -31
7 -13 -4
7 -13 -7
7 -13 -8
7 -13 -23
7 -13 -25
7 -13 -30
7 -13 -31
7 -14 -1
7 -14 -14
7 -14 -17
7 -14 -19
7 -14 -29
7 -15 -7
7 -17 -2
7 -17 -9
7 -17 -18
7 -17 -20
7 -17 -25
7 -20 -13
7 -20 -16
7 -20 -25
7 -20 -26
7 -21 -7
7 -21 -8
7 -21 -10
7 -22 0
7 -22 -1
7 -22 -15
7 -23 0
7 -23 -5
7 -23 -16
7 -24 -9
7 -24 -16
7 -24 -17
7 -24 -24
7 -24 -26
7 -25 -1
7 -25 -8
7 -25 -13
7 -25 -15
7 -25 -18
7 -25 -19
7 -25 -23
7 -26 -28
7 -27 -7
7 -27 -18
7 -27 -23
7 -27 -28
7 -28 -3
7 -28 -14
7 -29 -12
7 -29 -20
7 -29 -25
7 -29 -28
7 -30 -6
7 -31 0
7 -31 -2
7 -31 -19
7 -31 -21
7 -31 -24
8 0 -14
8 0 -29
8 -1 -2
8 -1 -5
8 -1 -10
8 -1 -22
8 -2 -10
8 -2 -14
8 -2 -24
8 -3 -6
8 -4 -2
8 -4 -11
8 -4 -16
8 -4 -26
8 -5 -31
8 -6 -4
8 -6 -6
8 -6 -13
8 -6 -17
8 -6 -18
8 -7 -22
8 -7 -24
8 -7 -29
8 -8 -8
8 -8 -28
8 -9 -10
8 -9 -12
8 -9 -21
8 -10 -1
8 -10 -27
8 -11 -16
8 -11 -18
8 -11 -28
8 -12 -31
8 -13 -4
8 -13 -7
8 -13 -8
8 -13 -23
8 -13 -25
8 -13 -30
8 -13 -31
8 -14 -1
8 -14 -14
8 -14 -17
8 -14 -19
8 -14 -29
8 -15 -7
8 -17 -2
8 -17 -9
8 -17 -18
8 -17 -20
8 -17 -25
8 -20 -13
8 -20 -16
8 -20 -25
8 -20 -26
8 -21 -7
8 -21 -8
8 -21 -10
8 -22 0
8 -22 -1
8 -22 -15
8 -23 0
8 -23 -5
8 -23 -16
8 -24 -9
8 -24 -16
8 -24 -17
8 -24 -24
8 -24 -26
8 -25 -1
8 -25 -8
8 -25 -13
8 -25 -15
8 -25 -18
8 -25 -19
8 -25 -23
8 -26 -28
8 -27 -7
8 -27 -18
8 -27 -23
8 -27 -28
8 -28 -3
8 -28 -14
8 -29 -12
8 -29 -20
8 -29 -25
8 -29 -28
8 -30 -6
8 -31 0
8 -31 -2
8 -31 -19
8 -31 -21
8 -31 -24
9 0 -14
9 0 -29
9 -1 -2
9 -1 -5
9 -1 -10
9 -1 -22
9 -2 -10
9 -2 -14
9 -2 -24
9 -3 -6
9 -4 -2
9 -4 -11
9 -4 -16
9 -4 -26
9 -5 -31
9 -6 -4
9 -6 -6
9 -6 -13
9 -6 -17
9 -6 -18
9 -7 -22
9 -7 -24
9 -7 -29
9 -8 -8
9 -8 -28
9 -9 -10
9 -9 -12
9 -9 -21
9 -10 -1
9 -10 -27
9 -11 -16
9 -11 -18
9 -11 -28
9 -12 -31
9 -13 -4
9 -13 -7
9 -13 -8
9 -13 -23
9 -13 -25
9 -13 -30
9 -13 -31
9 -14 -1
9 -14 -14
9 -14 -17
9 -14 -19
9 -14 -29
9 -15 -7
9 -17 -2
9 -17 -9
9 -17 -18
9 -17 -20
9 -17 -25
9 -20 -13
9 -20 -16
9 -20 -25
9 -20 -26
9 -21 -7
9 -21 -8
9 -21 -10
9 -22 0
9 -22 -1
9 -22 -15
9 -23 0
9 -23 -5
9 -23 -16
9 -24 -9
9 -24 -16
9 -24 -17
9 -24 -24
9 -24 -26
9 -25 -1
9 -25 -8
9 -25 -13
9 -25 -15
9 -25 -18
9 -25 -19
9 -25 -23
9 -26 -28
9 -27 -7
9 -27 -18
9 -27 -23
9 -27 -28
9 -28 -3
9 -28 -14
9 -29 -12
9 -29 -20
9 -29 -25
9 -29 -28
9 -30 -6
9 -31 0
9 -31 -2
9 -31 -19
9 -31 -21
9 -31 -24
10 0 -14
10 0 -29
10 -1 -2
10 -1 -5
10 -1 -10
10 -1 -22
10 -2 -10
10 -2 -14
10 -2 -24
10 -3 -6
10 -4 -2
10 -4 -11
10 -4 -16
10 -4 -26
10 -5 -31
10 -6 -4
10 -6 -6
10 -6 -13
10 -6 -17
10 -6 -18
10 -7 -22
10 -7 -24
10 -7 -29
10 -8 -8
10 -8 -28
10 -9 -10
10 -9 -12
10 -9 -21
10 -10 -1
10 -10 -27
10 -11 -16
10 -11 -18
10 -11 -28
10 -12 -31
10 -13 -4
10 -13 -7
10 -13 -8
10 -13 -23
10 -13 -25
10 -13 -30
10 -13 -31
10 -14 -1
10 -14 -14
10 -14 -17
10 -14 -19
10 -14 -29
10 -15 -7
10 -17 -2
10 -17 -9
10 -17 -18
10 -17 -20
10 -17 -25
10 -20 -13
10 -20 -16
10 -20 -25
10 -20 -26
10 -21 -7
10 -21 -8
10 -21 -10
10 -22 0
10 -22 -1
10 -22 -15
10 -23 0
10 -23 -5
10 -23 -16
10 -24 -9
10 -24 -16
10 -24 -17
10 -24 -24
10 -24 -26
10 -25 -1
10 -25 -8
10 -25 -13
10 -25 -15
10 -25 -18
10 -25 -19
10 -25 -23
10 -26 -28
10 -27 -7
10 -27 -18
10 -27 -23
10 -27 -28
10 -28 -3
10 -28 -14
10 -29 -12
10 -29 -20
10 -29 -25
10 -29 -28
10 -30 -6
10 -31 0
10 -31 -2
10 -31 -19
10 -31 -21
10 -31 -24
11 0 -14
11 0 -29
11 -1 -2
11 -1 -5
11 -1 -10
11 -1 -22
11 -2 -10
11 -2 -14
11 -2 -24
11 -3 -6
11 -4 -2
11 -4 -11
11 -4 -16
11 -4 -26
11 -5 -31
11 -6 -4
11 -6 -6
11 -6 -13
11 -6 -17
11 -6 -18
11 -7 -22
11 -7 -24
11 -7 -29
11 -8 -8
11 -8 -28
11 -9 -10
11 -9 -12
11 -9 -21
11 -10 -1
11 -10 -27
11 -11 -16
11 -11 -18
11 -11 -28
11 -12 -31
11 -13 -4
11 -13 -7
11 -13 -8
11 -13 -23
11 -13 -25
11 -13 -30
11 -13 -31
11 -14 -1
11 -14 -14
11 -14 -17
11 -14 -19
11 -14 -29
11 -15 -7
11 -17 -2
11 -17 -9
11 -17 -18
11 -17 -20
11 -17 -25
11 -20 -13
11 -20 -16
11 -20 -25
11 -20 -26
11 -21 -7
11 -21 -8
11 -21 -10
11 -22 0
11 -22 -1
11 -22 -15
11 -23 0
11 -23 -5
11 -23 -16
11 -24 -9
11 -24 -16
11 -24 -17
11 -24 -24
11 -24 -26
11 -25 -1
11 -25 -8
11 -25 -13
11 -25 -15
11 -25 -18
11 -25 -19
11 -25 -23
11 -26 -28
11 -27 -7
11 -27 -18
11 -27 -23
11 -27 -28
11 -28 -3
11 -28 -14
11 -29 -12
11 -29 -20
11 -29 -25
11 -29 -28
11 -30 -6
11 -31 0
11 -31 -2
11 -31 -19
11 -31 -21
11 -31 -24
12 0 -14
12 0 -29
12 -1 -2
12 -1 -5
12 -1 -10
12 -1 -22
12 -2 -10
12 -2 -14
12 -2 -24
12 -3 -6
12 -4 -2
12 -4 -11
12 -4 -16
12 -4 -26
12 -5 -31
12 -6 -4
12 -6 -6
12 -6 -13
12 -6 -17
12 -6 -18
12 -7 -22
12 -7 -24
12 -7 -29
12 -8 -8
12 -8 -28
12 -9 -10
12 -9 -12
12 -9 -21
12 -10 -1
12 -10 -27
12 -11 -16
12 -11 -18
12 -11 -28
12 -12 -31
12 -13 -4
12 -13 -7
12 -13 -8
12 -13 -23
12 -13 -25
12 -13 -30
12 -13 -31
12 -14 -1
12 -14 -14
12 -14 -17
12 -14 -19
12 -14 -29
12 -15 -7
12 -17 -2
12 -17 -9
12 -17 -18
12 -17 -20
12 -17 -25
12 -20 -13
12 -20 -16
12 -20 -25
12 -20 -26
12 -21 -7
12 -21 -8
12 -21 -10
12 -22 0
12 -22 -1
12 -22 -15
12 -23 0
12 -23 -5
12 -23 -16
12 -24 -9
12 -24 -16
12 -24 -17
12 -24 -24
12 -24 -26
12 -25 -1
12 -25 -8
12 -25 -13
12 -25 -15
12 -25 -18
12 -25 -19
12 -25 -23
12 -26 -28
12 -27 -7
12 -27 -18
12 -27 -23
12 -27 -28
12 -28 -3
12 -28 -14
12 -29 -12
12 -29 -20
12 -29 -25
12 -29 -28
12 -30 -6
12 -31 0
12 -31 -2
12 -31 -19
12 -31 -21
12 -31 -24
13 0 -14
13 0 -29
13 -1 -2
13 -1 -5
13 -1 -10
13 -1 -22
13 -2 -10
13 -2 -14
13 -2 -24
13 -3 -6
13 -4 -2
13 -4 -11
13 -4 -16
13 -4 -26
13 -5 -31
13 -6 -4
13 -6 -6
13 -6 -13
13 -6 -17
13 -6 -18
13 -7 -22
13 -7 -24
13 -7 -29
13 -8 -8
13 -8 -28
13 -9 -10
13 -9 -12
13 -9 -21
13 -10 -1
13 -10 -27
13 -11 -16
13 -11 -18
13 -11 -28
13 -12 -31
13 -13 -4
13 -13 -7
13 -13 -8
13 -13 -23
13 -13 -25
13 -13 -30
13 -13 -31
13 -14 -1
13 -14 -14
13 -14 -17
13 -14 -19
13 -14 -29
13 -15 -7
13 -17 -2
13 -17 -9
13 -17 -18
13 -17 -20
13 -17 -25
13 -20 -13
13 -20 -16
13 -20 -25
13 -20 -26
13 -21 -7
13 -21 -8
13 -21 -10
13 -22 0
13 -22 -1
13 -22 -15
13 -23 0
13 -23 -5
13 -23 -16
13 -24 -9
13 -24 -16
13 -24 -17
13 -24 -24
13 -24 -26
13 -25 -1
13 -25 -8
13 -25 -13
13 -25 -15
13 -25 -18
13 -25 -19
13 -25 -23
13 -26 -28
13 -27 -7
13 -27 -18
13 -27 -23
13 -27 -28
13 -28 -3
13 -28 -14
13 -29 -12
13 -29 -20
13 -29 -25
13 -29 -28
13 -30 -6
13 -31 0
13 -31 -2
13 -31 -19
13 -31 -21
13 -31 -24
14 0 -14
14 0 -29
14 -1 -2
14 -1 -5
14 -1 -10
14 -1 -22
14 -2 -10
14 -2 -14
14 -2 -24
14 -3 -6
14 -4 -2
14 -4 -11
14 -4 -16
14 -4 -26
14 -5 -31
14 -6 -4
14 -6 -6
14 -6 -13
14 -6 -17
14 -6 -18
14 -7 -22
14 -7 -24
14 -7 -29
14 -8 -8
14 -8 -28
14 -9 -10
14 -9 -12
14 -9 -21
14 -10 -1
14 -10 -27
14 -11 -16
14 -11 -18
14 -11 -28
14 -12 -31
14 -13 -4
14 -13 -7
14 -13 -8
14 -13 -23
14 -13 -25
14 -13 -30
14 -13 -31
14 -14 -1
14 -14 -14
14 -14 -17
14 -14 -19
14 -14 -29
14 -15 -7
14 -17 -2
14 -17 -9
14 -17 -18
14 -17 -20
14 -17 -25
14 -20 -13
14 -20 -16
14 -20 -25
14 -20 -26
14 -21 -7
14 -21 -8
14 -21 -10
14 -22 0
14 -22 -1
14 -22 -15
14 -23 0
14 -23 -5
14 -23 -16
14 -24 -9
14 -24 -16
14 -24 -17
14 -24 -24
14 -24 -26
14 -25 -1
14 -25 -8
14 -25 -13
14 -25 -15
14 -25 -18
14 -25 -19
14 -25 -23
14 -26 -28
14 -27 -7
14 -27 -18
14 -27 -23
14 -27 -28
14 -28 -3
14 -28 -14
14 -29 -12
14 -29 -20
14 -29 -25
14 -29 -28
14 -30 -6
14 -31 0
14 -31 -2
14 -31 -19
14 -31 -21
14 -31 -24
15 0 -14
15 0 -29
15 -1 -2
15 -1 -5
15 -1 -10
15 -1 -22
15 -2 -10
15 -2 -14
15 -2 -24
15 -3 -6
15 -4 -2
15 -4 -11
15 -4 -16
15 -4 -26
15 -5 -31
15 -6 -4
15 -6 -6
15 -6 -13
15 -6 -17
15 -6 -18
15 -7 -22
15 -7 -24
15 -7 -29
15 -8 -8
15 -8 -28
15 -9 -10
15 -9 -12
15 -9 -21
15 -10 -1
15 -10 -27
15 -11 -16
15 -11 -18
15 -11 -28
15 -12 -31
15 -13 -4
15 -13 -7
15 -13 -8
15 -13 -23
15 -13 -25
15 -13 -30
15 -13 -31
15 -14 -1
15 -14 -14
15 -14 -17
15 -14 -19
15 -14 -29
15 -15 -7
15 -17 -2
15 -17 -9
15 -17 -18
15 -17 -20
15 -17 -25
15 -20 -13
15 -20 -16
15 -20 -25
15 -20 -26
15 -21 -7
15 -21 -8
15 -21 -10
15 -22 0
15 -22 -1
15 -22 -15
15 -23 0
15 -23 -5
15 -23 -16
15 -24 -9
15 -24 -16
15 -24 -17
15 -24 -24
15 -24 -26
15 -25 -1
15 -25 -8
15 -25 -13
15 -25 -15
15 -25 -18
15 -25 -19
15 -25 -23
15 -26 -28
15 -27 -7
15 -27 -18
15 -27 -23
15 -27 -28
15 -28 -3
15 -28 -14
15 -29 -12
15 -29 -20
15 -29 -25
15 -29 -28
15 -30 -6
15 -31 0
15 -31 -2
15 -31 -19
15 -31 -21
15 -31 -24
16 0 -14
16 0 -29
16 -1 -2
16 -1 -5
16 -1 -10
16 -1 -22
16 -2 -10
16 -2 -14
16 -2 -24
16 -3 -6
16 -4 -2
16 -4 -11
16 -4 -16
16 -4 -26
16 -5 -31
16 -6 -4
16 -6 -6
16 -6 -13
16 -6 -17
16 -6 -18
16 -7 -22
16 -7 -24
16 -7 -29
16 -8 -8
16 -8 -28
16 -9 -10
16 -9 -12
16 -9 -21
16 -10 -1
16 -10 -27
16 -11 -16
16 -11 -18
16 -11 -28
16 -12 -31
16 -13 -4
16 -13 -7
16 -13 -8
16 -13 -23
16 -13 -25
16 -13 -30
16 -13 -31
16 -14 -1
16 -14 -14
16 -14 -17
16 -14 -19
16 -14 -29
16 -15 -7
16 -17 -2
16 -17 -9
16 -17 -18
16 -17 -20
16 -17 -25
16 -20 -13
16 -20 -16
16 -20 -25
16 -20 -26
16 -21 -7
16 -21 -8
16 -21 -10
16 -22 0
16 -22 -1
16 -22 -15
16 -23 0
16 -23 -5
16 -23 -16
16 -24 -9
16 -24 -16
16 -24 -17
16 -24 -24
16 -24 -26
16 -25 -1
16 -25 -8
16 -25 -13
16 -25 -15
16 -25 -18
16 -25 -19
16 -25 -23
16 -26 -28
16 -27 -7
16 -27 -18
16 -27 -23
16 -27 -28
16 -28 -3
16 -28 -14
16 -29 -12
16 -29 -20
16 -29 -25
16 -29 -28
16 -30 -6
16 -31 0
16 -31 -2
16 -31 -19
16 -31 -21
16 -31 -24
17 0 -14
17 0 -29
17 -1 -2
17 -1 -5
17 -1 -10
17 -1 -22
17 -2 -10
17 -2 -14
17 -2 -24
17 -3 -6
17 -4 -2
17 -4 -11
17 -4 -16
17 -4 -26
17 -5 -31
17 -6 -4
17 -6 -6
17 -6 -13
17 -6 -17
17 -6 -18
17 -7 -22
17 -7 -24
17 -7 -29
17 -8 -8
17 -8 -28
17 -9 -10
17 -9 -12
17 -9 -21
17 -10 -1
17 -10 -27
17 -11 -16
17 -11 -18
17 -11 -28
17 -12 -31
17 -13 -4
17 -13 -7
17 -13 -8
17 -13 -23
17 -13 -25
17 -13 -30
17 -13 -31
17 -14 -1
17 -14 -14
17 -14 -17
17 -14 -19
17 -14 -29
17 -15 -7
17 -17 -2
17 -17 -9
17 -17 -18
17 -17 -20
17 -17 -25
17 -20 -13
17 -20 -16
17 -20 -25
17 -20 -26
17 -21 -7
17 -21 -8
17 -21 -10
17 -22 0
17 -22 -1
17 -22 -15
17 -23 0
17 -23 -5
17 -23 -16
17 -24 -9
17 -24 -16
17 -24 -17
17 -24 -24
17 -24 -26
17 -25 -1
17 -25 -8
17 -25 -13
17 -25 -15
17 -25 -18
17 -25 -19
17 -25 -23
17 -26 -28
17 -27 -7
17 -27 -18
17 -27 -23
17 -27 -28
17 -28 -3
17 -28 -14
17 -29 -12
17 -29 -20
17 -29 -25
17 -29 -28
17 -30 -6
17 -31 0
17 -31 -2
17 -31 -19
17 -31 -21
17 -31 -24
18 0 -14
18 0 -29
18 -1 -2
18 -1 -5
18 -1 -10
18 -1 -22
18 -2 -10
18 -2 -14
18 -2 -24
18 -3 -6
18 -4 -2
18 -4 -11
18 -4 -16
18 -4 -26
18 -5 -31
18 -6 -4
18 -6 -6
18 -6 -13
18 -6 -17
18 -6 -18
18 -7 -22
18 -7 -24
18 -7 -29
18 -8 -8
18 -8 -28
18 -9 -10
18 -9 -12
18 -9 -21
18 -10 -1
18 -10 -27
18 -11 -16
18 -11 -18
18 -11 -28
18 -12 -31
18 -13 -4
18 -13 -7
18 -13 -8
18 -13 -23
18 -13 -25
18 -13 -30
18 -13 -31
18 -14 -1
18 -14 -14
18 -14 -17
18 -14 -19
18 -14 -29
18 -15 -7
18 -17 -2
18 -17 -9
18 -17 -18
18 -17 -20
18 -17 -25
18 -20 -13
18 -20 -16
18 -20 -25
18 -20 -26
18 -21 -7
18 -21 -8
18 -21 -10
18 -22 0
18 -22 -1
18 -22 -15
18 -23 0
18 -23 -5
18 -23 -16
18 -24 -9
18 -24 -16
18 -24 -17
18 -24 -24
18 -24 -26
18 -25 -1
18 -25 -8
18 -25 -13
18 -25 -15
18 -25 -18
18 -25 -19
18 -25 -23
18 -26 -28
18 -27 -7
18 -27 -18
18 -27 -23
18 -27 -28
18 -28 -3
18 -28 -14
18 -29 -12
18 -29 -20
18 -29 -25
18 -29 -28
18 -30 -6
18 -31 0
18 -31 -2
18 -31 -19
18 -31 -21
18 -31 -24
19 0 -14
19 0 -29
19 -1 -2
19 -1 -5
19 -1 -10
19 -1 -22
19 -2 -10
19 -2 -14
19 -2 -24
19 -3 -6
19 -4 -2
19 -4 -11
19 -4 -16
19 -4 -26
19 -5 -31
19 -6 -4
19 -6 -6
19 -6 -13
19 -6 -17
19 -6 -18
19 -7 -22
19 -7 -24
19 -7 -29
19 -8 -8
19 -8 -28
19 -9 -10
19 -9 -12
19 -9 -21
19 -10 -1
19 -10 -27
19 -11 -16
19 -11 -18
19 -11 -28
19 -12 -31
19 -13 -4
19 -13 -7
19 -13 -8
19 -13 -23
19 -13 -25
19 -13 -30
19 -13 -31
19 -14 -1
19 -14 -14
19 -14 -17
19 -14 -19
19 -14 -29
19 -15 -7
19 -17 -2
19 -17 -9
19 -17 -18
19 -17 -20
19 -17 -25
19 -20 -13
19 -20 -16
19 -20 -25
19 -20 -26
19 -21 -7
19 -21 -8
19 -21 -10
19 -22 0
19 -22 -1
19 -22 -15
19 -23 0
19 -23 -5
19 -23 -16
19 -24 -9
19 -24 -16
19 -24 -17
19 -24 -24
19 -24 -26
19 -25 -1
19 -25 -8
19 -25 -13
19 -25 -15
19 -25 -18
19 -25 -19
19 -25 -23
19 -26 -28
19 -27 -7
19 -27 -18
19 -27 -23
19 -27 -28
19 -28 -3
19 -28 -14
19 -29 -12
19 -29 -20
19 -29 -25
19 -29 -28
19 -30 -6
19 -31 0
19 -31 -2
19 -31 -19
19 -31 -21
19 -31 -24
20 0 -14
20 0 -29
20 -1 -2
20 -1 -5
20 -1 -10
20 -1 -22
20 -2 -10
20 -2 -14
20 -2 -24
20 -3 -6
20 -4 -2
20 -4 -11
20 -4 -16
20 -4 -26
20 -5 -31
20 -6 -4
20 -6 -6
20 -6 -13
20 -6 -17
20 -6 -18
20 -7 -22
20 -7 -24
20 -7 -29
20 -8 -8
20 -8 -28
20 -9 -10
20 -9 -12
20 -9 -21
20 -10 -1
20 -10 -27
20 -11 -16
20 -11 -18
20 -11 -28
20 -12 -31
20 -13 -4
20 -13 -7
20 -13 -8
20 -13 -23
20 -13 -25
20 -13 -30
20 -13 -31
20 -14 -1
20 -14 -14
20 -14 -17
20 -14 -19
20 -14 -29
20 -15 -7
20 -17 -2
20 -17 -9
20 -17 -18
20 -17 -20
20 -17 -25
20 -20 -13
20 -20 -16
20 -20 -25
20 -20 -26
20 -21 -7
20 -21 -8
20 -21 -10
20 -22 0
20 -22 -1
20 -22 -15
20 -23 0
20 -23 -5
20 -23 -16
20 -24 -9
20 -24 -16
20 -24 -17
20 -24 -24
20 -24 -26
20 -25 -1
20 -25 -8
20 -25 -13
20 -25 -15
20 -25 -18
20 -25 -19
20 -25 -23
20 -26 -28
20 -27 -7
20 -27 -18
20 -27 -23
20 -27 -28
20 -28 -3
20 -28 -14
20 -29 -12
20 -29 -20
20 -29 -25
20 -29 -28
20 -30 -6
20 -31 0
20 -31 -2
20 -31 -19
20 -31 -21
20 -31 -24
21 0 -14
21 0 -29
21 -1 -2
21 -1 -5
21 -1 -10
21 -1 -22
21 -2 -10
21 -2 -14
21 -2 -24
21 -3 -6
21 -4 -2
21 -4 -11
21 -4 -16
21 -4 -26
21 -5 -31
21 -6 -4
21 -6 -6
21 -6 -13
21 -6 -17
21 -6 -18
21 -7 -22
21 -7 -24
21 -7 -29
21 -8 -8
21 -8 -28
21 -9 -10
21 -9 -12
21 -9 -21
21 -10 -1
21 -10 -27
21 -11 -16
21 -11 -18
21 -11 -28
21 -12 -31
21 -13 -4
21 -13 -7
21 -13 -8
21 -13 -23
21 -13 -25
21 -13 -30
21 -13 -31
21 -14 -1
21 -14 -14
21 -14 -17
21 -14 -19
21 -14 -29
21 -15 -7
21 -17 -2
21 -17 -9
21 -17 -18
21 -17 -20
21 -17 -25
21 -20 -13
21 -20 -16
21 -20 -25
21 -20 -26
21 -21 -7
21 -21 -8
21 -21 -10
21 -22 0
21 -22 -1
21 -22 -15
21 -23 0
21 -23 -5
21 -23 -16
21 -24 -9
21 -24 -16
21 -24 -17
21 -24 -24
21 -24 -26
21 -25 -1
21 -25 -8
21 -25 -13
21 -25 -15
21 -25 -18
21 -25 -19
21 -25 -23
21 -26 -28
21 -27 -7
21 -27 -18
21 -27 -23
21 -27 -28
21 -28 -3
21 -28 -14
21 -29 -12
21 -29 -20
21 -29 -25
21 -29 -28
21 -30 -6
21 -31 0
21 -31 -2
21 -31 -19
21 -31 -21
21 -31 -24
22 0 -14
22 0 -29
22 -1 -2
22 -1 -5
22 -1 -10
22 -1 -22
22 -2 -10
22 -2 -14
22 -2 -24
22 -3 -6
22 -4 -2
22 -4 -11
22 -4 -16
22 -4 -26
22 -5 -31
22 -6 -4
22 -6 -6
22 -6 -13
22 -6 -17
22 -6 -18
22 -7 -22
22 -7 -24
22 -7 -29
22 -8 -8
22 -8 -28
22 -9 -10
22 -9 -12
22 -9 -21
22 -10 -1
22 -10 -27
22 -11 -16
22 -11 -18
22 -11 -28
22 -12 -31
22 -13 -4
22 -13 -7
22 -13 -8
22 -13 -23
22 -13 -25
22 -13 -30
22 -13 -31
22 -14 -1
22 -14 -14
22 -14 -17
22 -14 -19
22 -14 -29
22 -15 -7
22 -17 -2
22 -17 -9
22 -17 -18
22 -17 -20
22 -17 -25
22 -20 -13
22 -20 -16
22 -20 -25
22 -20 -26
22 -21 -7
22 -21 -8
22 -21 -10
22 -22 0
22 -22 -1
22 -22 -15
22 -23 0
22 -23 -5
22 -23 -16
22 -24 -9
22 -24 -16
22 -24 -17
22 -24 -24
22 -24 -26
22 -25 -1
22 -25 -8
22 -25 -13
22 -25 -15
22 -25 -18
22 -25 -19
22 -25 -23
22 -26 -28
22 -27 -7
22 -27 -18
22 -27 -23
22 -27 -28
22 -28 -3
22 -28 -14
22 -29 -12
22 -29 -20
22 -29 -25
22 -29 -28
22 -30 -6
22 -31 0
22 -31 -2
22 -31 -19
22 -31 -21
22 -31 -24
23 0 -14
23 0 -29
23 -1 -2
23 -1 -5
23 -1 -10
23 -1 -22
23 -2 -10
23 -2 -14
23 -2 -24
23 -3 -6
23 -4 -2
23 -4 -11
23 -4 -16
23 -4 -26
23 -5 -31
23 -6 -4
23 -6 -6
23 -6 -13
23 -6 -17
23 -6 -18
23 -7 -22
23 -7 -24
23 -7 -29
23 -8 -8
23 -8 -28
23 -9 -10
23 -9 -12
23 -9 -21
23 -10 -1
23 -10 -27
23 -11 -16
23 -11 -18
23 -11 -28
23 -12 -31
23 -13 -4
23 -13 -7
23 -13 -8
23 -13 -23
23 -13 -25
23 -13 -30
23 -13 -31
23 -14 -1
23 -14 -14
23 -14 -17
23 -14 -19
23 -14 -29
23 -15 -7
23 -17 -2
23 -17 -9
23 -17 -18
23 -17 -20
23 -17 -25
23 -20 -13
23 -20 -16
23 -20 -25
23 -20 -26
23 -21 -7
23 -21 -8
23 -21 -10
23 -22 0
23 -22 -1
23 -22 -15
23 -23 0
23 -23 -5
23 -23 -16
23 -24 -9
23 -24 -16
23 -24 -17
23 -24 -24
23 -24 -26
23 -25 -1
23 -25 -8
23 -25 -13
23 -25 -15
23 -25 -18
23 -25 -19
23 -25 -23
23 -26 -28
23 -27 -7
23 -27 -18
23 -27 -23
23 -27 -28
23 -28 -3
23 -28 -14
23 -29 -12
23 -29 -20
23 -29 -25
23 -29 -28
23 -30 -6
23 -31 0
23 -31 -2
23 -31 -19
23 -31 -21
23 -31 -24
24 0 -14
24 0 -29
24 -1 -2
24 -1 -5
24 -1 -10
24 -1 -22
24 -2 -10
24 -2 -14
24 -2 -24
24 -3 -6
24 -4 -2
24 -4 -11
24 -4 -16
24 -4 -26
24 -5 -31
24 -6 -4
24 -6 -6
24 -6 -13
24 -6 -17
24 -6 -18
24 -7 -22
24 -7 -24
24 -7 -29
24 -8 -8
24 -8 -28
24 -9 -10
24 -9 -12
24 -9 -21
24 -10 -1
24 -10 -27
24 -11 -16
24 -11 -18
24 -11 -28
24 -12 -31
24 -13 -4
24 -13 -7
24 -13 -8
24 -13 -23
24 -13 -25
24 -13 -30
24 -13 -31
24 -14 -1
24 -14 -14
24 -14 -17
24 -14 -19
24 -14 -29
24 -15 -7
24 -17 -2
24 -17 -9
24 -17 -18
24 -17 -20
24 -17 -25
24 -20 -13
24 -20 -16
24 -20 -25
24 -20 -26
24 -21 -7
24 -21 -8
24 -21 -10
24 -22 0
24 -22 -1
24 -22 -15
24 -23 0
24 -23 -5
24 -23 -16
24 -24 -9
24 -24 -16
24 -24 -17
24 -24 -24
24 -24 -26
24 -25 -1
24 -25 -8
24 -25 -13
24 -25 -15
24 -25 -18
24 -25 -19
24 -25 -23
24 -26 -28
24 -27 -7
24 -27 -18
24 -27 -23
24 -27 -28
24 -28 -3
24 -28 -14
24 -29 -12
24 -29 -20
24 -29 -25
24 -29 -28
24 -30 -6
24 -31 0
24 -31 -2
24 -31 -19
24 -31 -21
24 -31 -24
25 0 -14
25 0 -29
25 -1 -2
25 -1 -5
25 -1 -10
25 -1 -22
25 -2 -10
25 -2 -14
25 -2 -24
25 -3 -6
25 -4 -2
25 -4 -11
25 -4 -16
25 -4 -26
25 -5 -31
25 -6 -4
25 -6 -6
25 -6 -13
25 -6 -17
25 -6 -18
25 -7 -22
25 -7 -24
25 -7 -29
25 -8 -8
25 -8 -28
25 -9 -10
25 -9 -12
25 -9 -21
25 -10 -1
25 -10 -27
25 -11 -16
25 -11 -18
25 -11 -28
25 -12 -31
25 -13 -4
25 -13 -7
25 -13 -8
25 -13 -23
25 -13 -25
25 -13 -30
25 -13 -31
25 -14 -1
25 -14 -14
25 -14 -17
25 -14 -19
25 -14 -29
25 -15 -7
25 -17 -2
25 -17 -9
25 -17 -18
25 -17 -20
25 -17 -25
25 -20 -13
25 -20 -16
25 -20 -25
25 -20 -26
25 -21 -7
25 -21 -8
25 -21 -10
25 -22 0
25 -22 -1
25 -22 -15
25 -23 0
25 -23 -5
25 -23 -16
25 -24 -9
25 -24 -16
25 -24 -17
25 -24 -24
25 -24 -26
25 -25 -1
25 -25 -8
25 -25 -13
25 -25 -15
25 -25 -18
25 -25 -19
25 -25 -23
25 -26 -28
25 -27 -7
25 -27 -18
25 -27 -23
25 -27 -28
25 -28 -3
25 -28 -14
25 -29 -12
25 -29 -20
25 -29 -25
25 -29 -28
25 -30 -6
25 -31 0
25 -31 -2
25 -31 -19
25 -31 -21
25 -31 -24
26 0 -14
26 0 -29
26 -1 -2
26 -1 -5
26 -1 -10
26 -1 -22
26 -2 -10
26 -2 -14
26 -2 -24
26 -3 -6
26 -4 -2
26 -4 -11
26 -4 -16
26 -4 -26
26 -5 -31
26 -6 -4
26 -6 -6
26 -6 -13
26 -6 -17
26 -6 -18
26 -7 -22
26 -7 -24
26 -7 -29
26 -8 -8
26 -8 -28
26 -9 -10
26 -9 -12
26 -9 -21
26 -10 -1
26 -10 -27
26 -11 -16
26 -11 -18
26 -11 -28
26 -12 -31
26 -13 -4
26 -13 -7
26 -13 -8
26 -13 -23
26 -13 -25
26 -13 -30
26 -13 -31
26 -14 -1
26 -14 -14
26 -14 -17
26 -14 -19
26 -14 -29
26 -15 -7
26 -17 -2
26 -17 -9
26 -17 -18
26 -17 -20
26 -17 -25
26 -20 -13
26 -20 -16
26 -20 -25
26 -20 -26
26 -21 -7
26 -21 -8
26 -21 -10
26 -22 0
26 -22 -1
26 -22 -15
26 -23 0
26 -23 -5
26 -23 -16
26 -24 -9
26 -24 -16
26 -24 -17
26 -24 -24
26 -24 -26
26 -25 -1
26 -25 -8
26 -25 -13
26 -25 -15
26 -25 -18
26 -25 -19
26 -25 -23
26 -26 -28
26 -27 -7
26 -27 -18
26 -27 -23
26 -27 -28
26 -28 -3
26 -28 -14
26 -29 -12
26 -29 -20
26 -29 -25
26 -29 -28
26 -30 -6
26 -31 0
26 -31 -2
26 -31 -19
26 -31 -21
26 -31 -24
27 0 -14
27 0 -29
27 -1 -2
27 -1 -5
27 -1 -10
27 -1 -22
27 -2 -10
27 -2 -14
27 -2 -24
27 -3 -6
27 -4 -2
27 -4 -11
27 -4 -16
27 -4 -26
27 -5 -31
27 -6 -4
27 -6 -6
27 -6 -13
27 -6 -17
27 -6 -18
27 -7 -22
27 -7 -24
27 -7 -29
27 -8 -8
27 -8 -28
27 -9 -10
27 -9 -12
27 -9 -21
27 -10 -1
27 -10 -27
27 -11 -16
27 -11 -18
27 -11 -28
27 -12 -31
27 -13 -4
27 -13 -7
27 -13 -8
27 -13 -23
27 -13 -25
27 -13 -30
27 -13 -31
27 -14 -1
27 -14 -14
27 -14 -17
27 -14 -19
27 -14 -29
27 -15 -7
27 -17 -2
27 -17 -9
27 -17 -18
27 -17 -20
27 -17 -25
27 -20 -13
27 -20 -16
27 -20 -25
27 -20 -26
27 -21 -7
27 -21 -8
27 -21 -10
27 -22 0
27 -22 -1
27 -22 -15
27 -23 0
27 -23 -5
27 -23 -16
27 -24 -9
27 -24 -16
27 -24 -17
27 -24 -24
27 -24 -26
27 -25 -1
27 -25 -8
27 -25 -13
27 -25 -15
27 -25 -18
27 -25 -19
27 -25 -23
27 -26 -28
27 -27 -7
27 -27 -18
27 -27 -23
27 -27 -28
27 -28 -3
27 -28 -14
27 -29 -12
27 -29 -20
27 -29 -25
27 -29 -28
27 -30 -6
27 -31 0
27 -31 -2
27 -31 -19
27 -31 -21
27 -31 -24
28 0 -14
28 0 -29
28 -1 -2
28 -1 -5
28 -1 -10
28 -1 -22
28 -2 -10
28 -2 -14
28 -2 -24
28 -3 -6
28 -4 -2
28 -4 -11
28 -4 -16
28 -4 -26
28 -5 -31
28 -6 -4
28 -6 -6
28 -6 -13
28 -6 -17
28 -6 -18
28 -7 -22
28 -7 -24
28 -7 -29
28 -8 -8
28 -8 -28
28 -9 -10
28 -9 -12
28 -9 -21
28 -10 -1
28 -10 -27
28 -11 -16
28 -11 -18
28 -11 -28
28 -12 -31
28 -13 -4
28 -13 -7
28 -13 -8
28 -13 -23
28 -13 -25
28 -13 -30
28 -13 -31
28 -14 -1
28 -14 -14
28 -14 -17
28 -14 -19
28 -14 -29
28 -15 -7
28 -17 -2
28 -17 -9
28 -17 -18
28 -17 -20
28 -17 -25
28 -20 -13
28 -20 -16
28 -20 -25
28 -20 -26
28 -21 -7
28 -21 -8
28 -21 -10
28 -22 0
28 -22 -1
28 -22 -15
28 -23 0
28 -23 -5
28 -23 -16
28 -24 -9
28 -24 -16
28 -24 -17
28 -24 -24
28 -24 -26
28 -25 -1
28 -25 -8
28 -25 -13
28 -25 -15
28 -25 -18
28 -25 -19
28 -25 -23
28 -26 -28
28 -27 -7
28 -27 -18
28 -27 -23
28 -27 -28
28 -28 -3
28 -28 -14
28 -29 -12
28 -29 -20
28 -29 -25
28 -29 -28
28 -30 -6
28 -31 0
28 -31 -2
28 -31 -19
28 -31 -21
28 -31 -24
29 0 -14
29 0 -29
29 -1 -2
29 -1 -5
29 -1 -10
29 -1 -22
29 -2 -10
29 -2 -14
29 -2 -24
29 -3 -6
29 -4 -2
29 -4 -11
29 -4 -16
29 -4 -26
29 -5 -31
29 -6 -4
29 -6 -6
29 -6 -13
29 -6 -17
29 -6 -18
29 -7 -22
29 -7 -24
29 -7 -29
29 -8 -8
29 -8 -28
29 -9 -10
29 -9 -12
29 -9 -21
29 -10 -1
29 -10 -27
29 -11 -16
29 -11 -18
29 -11 -28
29 -12 -31
29 -13 -4
29 -13 -7
29 -13 -8
29 -13 -23
29 -13 -25
29 -13 -30
29 -13 -31
29 -14 -1
29 -14 -14
29 -14 -17
29 -14 -19
29 -14 -29
29 -15 -7
29 -17 -2
29 -17 -9
29 -17 -18
29 -17 -20
29 -17 -25
29 -20 -13
29 -20 -16
29 -20 -25
29 -20 -26
29 -21 -7
29 -21 -8
29 -21 -10
29 -22 0
29 -22 -1
29 -22 -15
29 -23 0
29 -23 -5
29 -23 -16
29 -24 -9
29 -24 -16
29 -24 -17
29 -24 -24
29 -24 -26
29 -25 -1
29 -25 -8
29 -25 -13
29 -25 -15
29 -25 -18
29 -25 -19
29 -25 -23
29 -26 -28
29 -27 -7
29 -27 -18
29 -27 -23
29 -27 -28
29 -28 -3
29 -28 -14
29 -29 -12
29 -29 -20
29 -29 -25
29 -29 -28
29 -30 -6
29 -31 0
29 -31 -2
29 -31 -19
29 -31 -21
29 -31 -24
30 0 -14
30 0 -29
30 -1 -2
30 -1 -5
30 -1 -10
30 -1 -22
30 -2 -10
30 -2 -14
30 -2 -24
30 -3 -6
30 -4 -2
30 -4 -11
30 -4 -16
30 -4 -26
30 -5 -31
30 -6 -4
30 -6 -6
30 -6 -13
30 -6 -17
30 -6 -18
30 -7 -22
30 -7 -24
30 -7 -29
30 -8 -8
30 -8 -28
30 -9 -10
30 -9 -12
30 -9 -21
30 -10 -1
30 -10 -27
30 -11 -16
30 -11 -18
30 -11 -28
30 -12 -31
30 -13 -4
30 -13 -7
30 -13 -8
30 -13 -23
30 -13 -25
30 -13 -30
30 -13 -31
30 -14 -1
30 -14 -14
30 -14 -17
30 -14 -19
30 -14 -29
30 -15 -7
30 -17 -2
30 -17 -9
30 -17 -18
30 -17 -20
30 -17 -25
30 -20 -13
30 -20 -16
30 -20 -25
30 -20 -26
30 -21 -7
30 -21 -8
30 -21 -10
30 -22 0
30 -22 -1
30 -22 -15
30 -23 0
30 -23 -5
30 -23 -16
30 -24 -9
30 -24 -16
30 -24 -17
30 -24 -24
30 -24 -26
30 -25 -1
30 -25 -8
30 -25 -13
30 -25 -15
30 -25 -18
30 -25 -19
30 -25 -23
30 -26 -28
30 -27 -7
30 -27 -18
30 -27 -23
30 -27 -28
30 -28 -3
30 -28 -14
30 -29 -12
30 -29 -20
30 -29 -25
30 -29 -28
30 -30 -6
30 -31 0
30 -31 -2
30 -31 -19
30 -31 -21
30 -31 -24
31 0 -14
31 0 -29
31 -1 -2
31 -1 -5
31 -1 -10
31 -1 -22
31 -2 -10
31 -2 -14
31 -2 -24
31 -3 -6
31 -4 -2
31 -4 -11
31 -4 -16
31 -4 -26
31 -5 -31
31 -6 -4
31 -6 -6
31 -6 -13
31 -6 -17
31 -6 -18
31 -7 -22
31 -7 -24
31 -7 -29
31 -8 -8
31 -8 -28
31 -9 -10
31 -9 -12
31 -9 -21
31 -10 -1
31 -10 -27
31 -11 -16
31 -11 -18
31 -11 -28
31 -12 -31
31 -13 -4
31 -13 -7
31 -13 -8
31 -13 -23
31 -13 -25
31 -13 -30
31 -13 -31
31 -14 -1
31 -14 -14
31 -14 -17
31 -14 -19
31 -14 -29
31 -15 -7
31 -17 -2
31 -17 -9
31 -17 -18
31 -17 -20
31 -17 -25
31 -20 -13
31 -20 -16
31 -20 -25
31 -20 -26
31 -21 -7
31 -21 -8
31 -21 -10
31 -22 0
31 -22 -1
31 -22 -15
31 -23 0
31 -23 -5
31 -23 -16
31 -24 -9
31 -24 -16
31 -24 -17
31 -24 -24
31 -24 -26
31 -25 -1
31 -25 -8
31 -25 -13
31 -25 -15
31 -25 -18
31 -25 -19
31 -25 -23
31 -26 -28
31 -27 -7
31 -27 -18
31 -27 -23
31 -27 -28
31 -28 -3
31 -28 -14
31 -29 -12
31 -29 -20
31 -29 -25
31 -29 -28
31 -30 -6
31 -31 0
31 -31 -2
31 -31 -19
31 -31 -21
31 -31 -24
32 0 -14
32 0 -29
32 -1 -2
32 -1 -5
32 -1 -10
32 -1 -22
32 -2 -10
32 -2 -14
32 -2 -24
32 -3 -6
32 -4 -2
32 -4 -11
32 -4 -16
32 -4 -26
32 -5 -31
32 -6 -4
32 -6 -6
32 -6 -13
32 -6 -17
32 -6 -18
32 -7 -22
32 -7 -24
32 -7 -29
32 -8 -8
32 -8 -28
32 -9 -10
32 -9 -12
32 -9 -21
32 -10 -1
32 -10 -27
32 -11 -16
32 -11 -18
32 -11 -28
32 -12 -31
32 -13 -4
32 -13 -7
32 -13 -8
32 -13 -23
32 -13 -25
32 -13 -30
32 -13 -31
32 -14 -1
32 -14 -14
32 -14 -17
32 -14 -19
32 -14 -29
32 -15 -7
32 -17 -2
32 -17 -9
32 -17 -18
32 -17 -20
32 -17 -25
32 -20 -13
32 -20 -16
32 -20 -25
32 -20 -26
32 -21 -7
32 -21 -8
32 -21 -10
32 -22 0
32 -22 -1
32 -22 -15
32 -23 0
32 -23 -5
32 -23 -16
32 -24 -9
32 -24 -16
32 -24 -17
32 -24 -24
32 -24 -26
32 -25 -1
32 -25 -8
32 -25 -13
32 -25 -15
32 -25 -18
32 -25 -19
32 -25 -23
32 -26 -28
32 -27 -7
32 -27 -18
32 -27 -23
32 -27 -28
32 -28 -3
32 -28 -14
32 -29 -12
32 -29 -20
32 -29 -25
32 -29 -28
32 -30 -6
32 -31 0
32 -31 -2
32 -31 -19
32 -31 -21
32 -31 -24
33 0 -14
33 0 -29
33 -1 -2
33 -1 -5
33 -1 -10
33 -1 -22
33 -2 -10
33 -2 -14
33 -2 -24
33 -3 -6
33 -4 -2
33 -4 -11
33 -4 -16
33 -4 -26
33 -5 -31
33 -6 -4
33 -6 -6
33 -6 -13
33 -6 -17
33 -6 -18
33 -7 -22
33 -7 -24
33 -7 -29
33 -8 -8
33 -8 -28
33 -9 -10
33 -9 -12
33 -9 -21
33 -10 -1
33 -10 -27
33 -11 -16
33 -11 -18
33 -11 -28
33 -12 -31
33 -13 -4
33 -13 -7
33 -13 -8
33 -13 -23
33 -13 -25
33 -13 -30
33 -13 -31
33 -14 -1
33 -14 -14
33 -14 -17
33 -14 -19
33 -14 -29
33 -15 -7
33 -17 -2
33 -17 -9
33 -17 -18
33 -17 -20
33 -17 -25
33 -20 -13
33 -20 -16
33 -20 -25
33 -20 -26
33 -21 -7
33 -21 -8
33 -21 -10
33 -22 0
33 -22 -1
33 -22 -15
33 -23 0
33 -23 -5
33 -23 -16
33 -24 -9
33 -24 -16
33 -24 -17
33 -24 -24
33 -24 -26
33 -25 -1
33 -25 -8
33 -25 -13
33 -25 -15
33 -25 -18
33 -25 -19
33 -25 -23
33 -26 -28
33 -27 -7
33 -27 -18
33 -27 -23
33 -27 -28
33 -28 -3
33 -28 -14
33 -29 -12
33 -29 -20
33 -29 -25
33 -29 -28
33 -30 -6
33 -31 0
33 -31 -2
33 -31 -19
33 -31 -21
33 -31 -24
34 0 -14
34 0 -29
34 -1 -2
34 -1 -5
34 -1 -10
34 -1 -22
34 -2 -10
34 -2 -14
34 -2 -24
34 -3 -6
34 -4 -2
34 -4 -11
34 -4 -16
34 -4 -26
34 -5 -31
34 -6 -4
34 -6 -6
34 -6 -13
34 -6 -17
34 -6 -18
34 -7 -22
34 -7 -24
34 -7 -29
34 -8 -8
34 -8 -28
34 -9 -10
34 -9 -12
34 -9 -21
34 -10 -1
34 -10 -27
34 -11 -16
34 -11 -18
34 -11 -28
34 -12 -31
34 -13 -4
34 -13 -7
34 -13 -8
34 -13 -23
34 -13 -25
34 -13 -30
34 -13 -31
34 -14 -1
34 -14 -14
34 -14 -17
34 -14 -19
34 -14 -29
34 -15 -7
34 -17 -2
34 -17 -9
34 -17 -18
34 -17 -20
34 -17 -25
34 -20 -13
34 -20 -16
34 -20 -25
34 -20 -26
34 -21 -7
34 -21 -8
34 -21 -10
34 -22 0
34 -22 -1
34 -22 -15
34 -23 0
34 -23 -5
34 -23 -16
34 -24 -9
34 -24 -16
34 -24 -17
34 -24 -24
34 -24 -26
34 -25 -1
34 -25 -8
34 -25 -13
34 -25 -15
34 -25 -18
34 -25 -19
34 -25 -23
34 -26 -28
34 -27 -7
34 -27 -18
34 -27 -23
34 -27 -28
34 -28 -3
34 -28 -14
34 -29 -12
34 -29 -20
34 -29 -25
34 -29 -28
34 -30 -6
34 -31 0
34 -31 -2
34 -31 -19
34 -31 -21
34 -31 -24
35 0 -14
35 0 -29
35 -1 -2
35 -1 -5
35 -1 -10
35 -1 -22
35 -2 -10
35 -2 -14
35 -2 -24
35 -3 -6
35 -4 -2
35 -4 -11
35 -4 -16
35 -4 -26
35 -5 -31
35 -6 -4
35 -6 -6
35 -6 -13
35 -6 -17
35 -6 -18
35 -7 -22
35 -7 -24
35 -7 -29
35 -8 -8
35 -8 -28
35 -9 -10
35 -9 -12
35 -9 -21
35 -10 -1
35 -10 -27
35 -11 -16
35 -11 -18
35 -11 -28
35 -12 -31
35 -13 -4
35 -13 -7
35 -13 -8
35 -13 -23
35 -13 -25
35 -13 -30
35 -13 -31
35 -14 -1
35 -14 -14
35 -14 -17
35 -14 -19
35 -14 -29
35 -15 -7
35 -17 -2
35 -17 -9
35 -17 -18
35 -17 -20
35 -17 -25
35 -20 -13
35 -20 -16
35 -20 -25
35 -20 -26
35 -21 -7
35 -21 -8
35 -21 -10
35 -22 0
35 -22 -1
35 -22 -15
35 -23 0
35 -23 -5
35 -23 -16
35 -24 -9
35 -24 -16
35 -24 -17
35 -24 -24
35 -24 -26
35 -25 -1
35 -25 -8
35 -25 -13
35 -25 -15
35 -25 -18
35 -25 -19
35 -25 -23
35 -26 -28
35 -27 -7
35 -27 -18
35 -27 -23
35 -27 -28
35 -28 -3
35 -28 -14
35 -29 -12
35 -29 -20
35 -29 -25
35 -29 -28
35 -30 -6
35 -31 0
35 -31 -2
35 -31 -19
35 -31 -21
35 -31 -24
36 0 -14
36 0 -29
36 -1 -2
36 -1 -5
36 -1 -10
36 -1 -22
36 -2 -10
36 -2 -14
36 -2 -24
36 -3 -6
36 -4 -2
36 -4 -11
36 -4 -16
36 -4 -26
36 -5 -31
36 -6 -4
36 -6 -6
36 -6 -13
36 -6 -17
36 -6 -18
36 -7 -22
36 -7 -24
36 -7 -29
36 -8 -8
36 -8 -28
36 -9 -10
36 -9 -12
36 -9 -21
36 -10 -1
36 -10 -27
36 -11 -16
36 -11 -18
36 -11 -28
36 -12 -31
36 -13 -4
36 -13 -7
36 -13 -8
36 -13 -23
36 -13 -25
36 -13 -30
36 -13 -31
36 -14 -1
36 -14 -14
36 -14 -17
36 -14 -19
36 -14 -29
36 -15 -7
36 -17 -2
36 -17 -9
36 -17 -18
36 -17 -20
36 -17 -25
36 -20 -13
36 -20 -16
36 -20 -25
36 -20 -26
36 -21 -7
36 -21 -8
36 -21 -10
36 -22 0
36 -22 -1
36 -22 -15
36 -23 0
36 -23 -5
36 -23 -16
36 -24 -9
36 -24 -16
36 -24 -17
36 -24 -24
36 -24 -26
36 -25 -1
36 -25 -8
36 -25 -13
36 -25 -15
36 -25 -18
36 -25 -19
36 -25 -23
36 -26 -28
36 -27 -7
36 -27 -18
36 -27 -23
36 -27 -28
36 -28 -3
36 -28 -14
36 -29 -12
36 -29 -20
36 -29 -25
36 -29 -28
36 -30 -6
36 -31 0
36 -31 -2
36 -31 -19
36 -31 -21
36 -31 -24
37 0 -14
37 0 -29
37 -1 -2
37 -1 -5
37 -1 -10
37 -1 -22
37 -2 -10
37 -2 -14
37 -2 -24
37 -3 -6
37 -4 -2
37 -4 -11
37 -4 -16
37 -4 -26
37 -5 -31
37 -6 -4
37 -6 -6
37 -6 -13
37 -6 -17
37 -6 -18
37 -7 -22
37 -7 -24
37 -7 -29
37 -8 -8
37 -8 -28
37 -9 -10
37 -9 -12
37 -9 -21
37 -10 -1
37 -10 -27
37 -11 -16
37 -11 -18
37 -11 -28
37 -12 -31
37 -13 -4
37 -13 -7
37 -13 -8
37 -13 -23
37 -13 -25
37 -13 -30
37 -13 -31
37 -14 -1
37 -14 -14
37 -14 -17
37 -14 -19
37 -14 -29
37 -15 -7
37 -17 -2
37 -17 -9
37 -17 -18
37 -17 -20
37 -17 -25
37 -20 -13
37 -20 -16
37 -20 -25
37 -20 -26
37 -21 -7
37 -21 -8
37 -21 -10
37 -22 0
37 -22 -1
37 -22 -15
37 -23 0
37 -23 -5
37 -23 -16
37 -24 -9
37 -24 -16
37 -24 -17
37 -24 -24
37 -24 -26
37 -25 -1
37 -25 -8
37 -25 -13
37 -25 -15
37 -25 -18
37 -25 -19
37 -25 -23
37 -26 -28
37 -27 -7
37 -27 -18
37 -27 -23
37 -27 -28
37 -28 -3
37 -28 -14
37 -29 -12
37 -29 -20
37 -29 -25
37 -29 -28
37 -30 -6
37 -31 0
37 -31 -2
37 -31 -19
37 -31 -21
37 -31 -24
38 0 -14
38 0 -29
38 -1 -2
38 -1 -5
38 -1 -10
38 -1 -22
38 -2 -10
38 -2 -14
38 -2 -24
38 -3 -6
38 -4 -2
38 -4 -11
38 -4 -16
38 -4 -26
38 -5 -31
38 -6 -4
38 -6 -6
38 -6 -13
38 -6 -17
38 -6 -18
38 -7 -22
38 -7 -24
38 -7 -29
38 -8 -8
38 -8 -28
38 -9 -10
38 -9 -12
38 -9 -21
38 -10 -1
38 -10 -27
38 -11 -16
38 -11 -18
38 -11 -28
38 -12 -31
38 -13 -4
38 -13 -7
38 -13 -8
38 -13 -23
38 -13 -25
38 -13 -30
38 -13 -31
38 -14 -1
38 -14 -14
38 -14 -17
38 -14 -19
38 -14 -29
38 -15 -7
38 -17 -2
38 -17 -9
38 -17 -18
38 -17 -20
38 -17 -25
38 -20 -13
38 -20 -16
38 -20 -25
38 -20 -26
38 -21 -7
38 -21 -8
38 -21 -10
38 -22 0
38 -22 -1
38 -22 -15
38 -23 0
38 -23 -5
38 -23 -16
38 -24 -9
38 -24 -16
38 -24 -17
38 -24 -24
38 -24 -26
38 -25 -1
38 -25 -8
38 -25 -13
38 -25 -15
38 -25 -18
38 -25 -19
38 -25 -23
38 -26 -28
38 -27 -7
38 -27 -18
38 -27 -23
38 -27 -28
38 -28 -3
38 -28 -14
38 -29 -12
38 -29 -20
38 -29 -25
38 -29 -28
38 -30 -6
38 -31 0
38 -31 -2
38 -31 -19
38 -31 -21
38 -31 -24
39 0 -14
39 0 -29
39 -1 -2
39 -1 -5
39 -1 -10
39 -1 -22
39 -2 -10
39 -2 -14
39 -2 -24
39 -3 -6
39 -4 -2
39 -4 -11
39 -4 -16
39 -4 -26
39 -5 -31
39 -6 -4
39 -6 -6
39 -6 -13
39 -6 -17
39 -6 -18
39 -7 -22
39 -7 -24
39 -7 -29
39 -8 -8
39 -8 -28
39 -9 -10
39 -9 -12
39 -9 -21
39 -10 -1
39 -10 -27
39 -11 -16
39 -11 -18
39 -11 -28
39 -12 -31
39 -13 -4
39 -13 -7
39 -13 -8
39 -13 -23
39 -13 -25
39 -13 -30
39 -13 -31
39 -14 -1
39 -14 -14
39 -14 -17
39 -14 -19
39 -14 -29
39 -15 -7
39 -17 -2
39 -17 -9
39 -17 -18
39 -17 -20
39 -17 -25
39 -20 -13
39 -20 -16
39 -20 -25
39 -20 -26
39 -21 -7
39 -21 -8
39 -21 -10
39 -22 0
39 -22 -1
39 -22 -15
39 -23 0
39 -23 -5
39 -23 -16
39 -24 -9
39 -24 -16
39 -24 -17
39 -24 -24
39 -24 -26
39 -25 -1
39 -25 -8
39 -25 -13
39 -25 -15
39 -25 -18
39 -25 -19
39 -25 -23
39 -26 -28
39 -27 -7
39 -27 -18
39 -27 -23
39 -27 -28
39 -28 -3
39 -28 -14
39 -29 -12
39 -29 -20
39 -29 -25
39 -29 -28
39 -30 -6
39 -31 0
39 -31 -2
39 -31 -19
39 -31 -21
39 -31 -24
40 0 -14
40 0 -29
40 -1 -2
40 -1 -5
40 -1 -10
40 -1 -22
40 -2 -10
40 -2 -14
40 -2 -24
40 -3 -6
40 -4 -2
40 -4 -11
40 -4 -16
40 -4 -26
40 -5 -31
40 -6 -4
40 -6 -6
40 -6 -13
40 -6 -17
40 -6 -18
40 -7 -22
40 -7 -24
40 -7 -29
40 -8 -8
40 -8 -28
40 -9 -10
40 -9 -12
40 -9 -21
40 -10 -1
40 -10 -27
40 -11 -16
40 -11 -18
40 -11 -28
40 -12 -31
40 -13 -4
40 -13 -7
40 -13 -8
40 -13 -23
40 -13 -25
40 -13 -30
40 -13 -31
40 -14 -1
40 -14 -14
40 -14 -17
40 -14 -19
40 -14 -29
40 -15 -7
40 -17 -2
40 -17 -9
40 -17 -18
40 -17 -20
40 -17 -25
40 -20 -13
40 -20 -16
40 -20 -25
40 -20 -26
40 -21 -7
40 -21 -8
40 -21 -10
40 -22 0
40 -22 -1
40 -22 -15
40 -23 0
40 -23 -5
40 -23 -16
40 -24 -9
40 -24 -16
40 -24 -17
40 -24 -24
40 -24 -26
40 -25 -1
40 -25 -8
40 -25 -13
40 -25 -15
40 -25 -18
40 -25 -19
40 -25 -23
40 -26 -28
40 -27 -7
40 -27 -18
40 -27 -23
40 -27 -28
40 -28 -3
40 -28 -14
40 -29 -12
40 -29 -20
40 -29 -25
40 -29 -28
40 -30 -6
40 -31 0
40 -31 -2
40 -31 -19
40 -31 -21
40 -31 -24
41 0 -14
41 0 -29
41 -1 -2
41 -1 -5
41 -1 -10
41 -1 -22
41 -2 -10
41 -2 -14
41 -2 -24
41 -3 -6
41 -4 -2
41 -4 -11
41 -4 -16
41 -4 -26
41 -5 -31
41 -6 -4
41 -6 -6
41 -6 -13
41 -6 -17
41 -6 -18
41 -7 -22
41 -7 -24
41 -7 -29
41 -8 -8
41 -8 -28
41 -9 -10
41 -9 -12
41 -9 -21
41 -10 -1
41 -10 -27
41 -11 -16
41 -11 -18
41 -11 -28
41 -12 -31
41 -13 -4
41 -13 -7
41 -13 -8
41 -13 -23
41 -13 -25
41 -13 -30
41 -13 -31
41 -14 -1
41 -14 -14
41 -14 -17
41 -14 -19
41 -14 -29
41 -15 -7
41 -17 -2
41 -17 -9
41 -17 -18
41 -17 -20
41 -17 -25
41 -20 -13
41 -20 -16
41 -20 -25
41 -20 -26
41 -21 -7
41 -21 -8
41 -21 -10
41 -22 0
41 -22 -1
41 -22 -15
41 -23 0
41 -23 -5
41 -23 -16
41 -24 -9
41 -24 -16
41 -24 -17
41 -24 -24
41 -24 -26
41 -25 -1
41 -25 -8
41 -25 -13
41 -25 -15
41 -25 -18
41 -25 -19
41 -25 -23
41 -26 -28
41 -27 -7
41 -27 -18
41 -27 -23
41 -27 -28
41 -28 -3
41 -28 -14
41 -29 -12
41 -29 -20
41 -29 -25
41 -29 -28
41 -30 -6
41 -31 0
41 -31 -2
41 -31 -19
41 -31 -21
41 -31 -24
42 0 -14
42 0 -29
42 -1 -2
42 -1 -5
42 -1 -10
42 -1 -22
42 -2 -10
42 -2 -14
42 -2 -24
42 -3 -6
42 -4 -2
42 -4 -11
42 -4 -16
42 -4 -26
42 -5 -31
42 -6 -4
42 -6 -6
42 -6 -13
42 -6 -17
42 -6 -18
42 -7 -22
42 -7 -24
42 -7 -29
42 -8 -8
42 -8 -28
42 -9 -10
42 -9 -12
42 -9 -21
42 -10 -1
42 -10 -27
42 -11 -16
42 -11 -18
42 -11 -28
42 -12 -31
42 -13 -4
42 -13 -7
42 -13 -8
42 -13 -23
42 -13 -25
42 -13 -30
42 -13 -31
42 -14 -1
42 -14 -14
42 -14 -17
42 -14 -19
42 -14 -29
42 -15 -7
42 -17 -2
42 -17 -9
42 -17 -18
42 -17 -20
42 -17 -25
42 -20 -13
42 -20 -16
42 -20 -25
42 -20 -26
42 -21 -7
42 -21 -8
42 -21 -10
42 -22 0
42 -22 -1
42 -22 -15
42 -23 0
42 -23 -5
42 -23 -16
42 -24 -9
42 -24 -16
42 -24 -17
42 -24 -24
42 -24 -26
42 -25 -1
42 -25 -8
42 -25 -13
42 -25 -15
42 -25 -18
42 -25 -19
42 -25 -23
42 -26 -28
42 -27 -7
42 -27 -18
42 -27 -23
42 -27 -28
42 -28 -3
42 -28 -14
42 -29 -12
42 -29 -20
42 -29 -25
42 -29 -28
42 -30 -6
42 -31 0
42 -31 -2
42 -31 -19
42 -31 -21
42 -31 -24
43 0 -14
43 0 -29
43 -1 -2
43 -1 -5
43 -1 -10
43 -1 -22
43 -2 -10
43 -2 -14
43 -2 -24
43 -3 -6
43 -4 -2
43 -4 -11
43 -4 -16
43 -4 -26
43 -5 -31
43 -6 -4
43 -6 -6
43 -6 -13
43 -6 -17
43 -6 -18
43 -7 -22
43 -7 -24
43 -7 -29
43 -8 -8
43 -8 -28
43 -9 -10
43 -9 -12
43 -9 -21
43 -10 -1
43 -10 -27
43 -11 -16
43 -11 -18
43 -11 -28
43 -12 -31
43 -13 -4
43 -13 -7
43 -13 -8
43 -13 -23
43 -13 -25
43 -13 -30
43 -13 -31
43 -14 -1
43 -14 -14
43 -14 -17
43 -14 -19
43 -14 -29
43 -15 -7
43 -17 -2
43 -17 -9
43 -17 -18
43 -17 -20
43 -17 -25
43 -20 -13
43 -20 -16
43 -20 -25
43 -20 -26
43 -21 -7
43 -21 -8
43 -21 -10
43 -22 0
43 -22 -1
43 -22 -15
43 -23 0
43 -23 -5
43 -23 -16
43 -24 -9
43 -24 -16
43 -24 -17
43 -24 -24
43 -24 -26
43 -25 -1
43 -25 -8
43 -25 -13
43 -25 -15
43 -25 -18
43 -25 -19
43 -25 -23
43 -26 -28
43 -27 -7
43 -27 -18
43 -27 -23
43 -27 -28
43 -28 -3
43 -28 -14
43 -29 -12
43 -29 -20
43 -29 -25
43 -29 -28
43 -30 -6
43 -31 0
43 -31 -2
43 -31 -19
43 -31 -21
43 -31 -24
44 0 -14
44 0 -29
44 -1 -2
44 -1 -5
44 -1 -10
44 -1 -22
44 -2 -10
44 -2 -14
44 -2 -24
44 -3 -6
44 -4 -2
44 -4 -11
44 -4 -16
44 -4 -26
44 -5 -31
44 -6 -4
44 -6 -6
44 -6 -13
44 -6 -17
44 -6 -18
44 -7 -22
44 -7 -24
44 -7 -29
44 -8 -8
44 -8 -28
44 -9 -10
44 -9 -12
44 -9 -21
44 -10 -1
44 -10 -27
44 -11 -16
44 -11 -18
44 -11 -28
44 -12 -31
44 -13 -4
44 -13 -7
44 -13 -8
44 -13 -23
44 -13 -25
44 -13 -30
44 -13 -31
44 -14 -1
44 -14 -14
44 -14 -17
44 -14 -19
44 -14 -29
44 -15 -7
44 -17 -2
44 -17 -9
44 -17 -18
44 -17 -20
44 -17 -25
44 -20 -13
44 -20 -16
44 -20 -25
44 -20 -26
44 -21 -7
44 -21 -8
44 -21 -10
44 -22 0
44 -22 -1
44 -22 -15
44 -23 0
44 -23 -5
44 -23 -16
44 -24 -9
44 -24 -16
44 -24 -17
44 -24 -24
44 -24 -26
44 -25 -1
44 -25 -8
44 -25 -13
44 -25 -15
44 -25 -18
44 -25 -19
44 -25 -23
44 -26 -28
44 -27 -7
44 -27 -18
44 -27 -23
44 -27 -28
44 -28 -3
44 -28 -14
44 -29 -12
44 -29 -20
44 -29 -25
44 -29 -28
44 -30 -6
44 -31 0
44 -31 -2
44 -31 -19
44 -31 -21
44 -31 -24
45 0 -14
45 0 -29
45 -1 -2
45 -1 -5
45 -1 -10
45 -1 -22
45 -2 -10
45 -2 -14
45 -2 -24
45 -3 -6
45 -4 -2
45 -4 -11
45 -4 -16
45 -4 -26
45 -5 -31
45 -6 -4
45 -6 -6
45 -6 -13
45 -6 -17
45 -6 -18
45 -7 -22
45 -7 -24
45 -7 -29
45 -8 -8
45 -8 -28
45 -9 -10
45 -9 -12
45 -9 -21
45 -10 -1
45 -10 -27
45 -11 -16
45 -11 -18
45 -11 -28
45 -12 -31
45 -13 -4
45 -13 -7
45 -13 -8
45 -13 -23
45 -13 -25
45 -13 -30
45 -13 -31
45 -14 -1
45 -14 -14
45 -14 -17
45 -14 -19
45 -14 -29
45 -15 -7
45 -17 -2
45 -17 -9
45 -17 -18
45 -17 -20
45 -17 -25
45 -20 -13
45 -20 -16
45 -20 -25
45 -20 -26
45 -21 -7
45 -21 -8
45 -21 -10
45 -22 0
45 -22 -1
45 -22 -15
45 -23 0
45 -23 -5
45 -23 -16
45 -24 -9
45 -24 -16
45 -24 -17
45 -24 -24
45 -24 -26
45 -25 -1
45 -25 -8
45 -25 -13
45 -25 -15
45 -25 -18
45 -25 -19
45 -25 -23
45 -26 -28
45 -27 -7
45 -27 -18
45 -27 -23
45 -27 -28
45 -28 -3
45 -28 -14
45 -29 -12
45 -29 -20
45 -29 -25
45 -29 -28
45 -30 -6
45 -31 0
45 -31 -2
45 -31 -19
45 -31 -21
45 -31 -24
46 0 -14
46 0 -29
46 -1 -2
46 -1 -5
46 -1 -10
46 -1 -22
46 -2 -10
46 -2 -14
46 -2 -24
46 -3 -6
46 -4 -2
46 -4 -11
46 -4 -16
46 -4 -26
46 -5 -31
46 -6 -4
46 -6 -6
46 -6 -13
46 -6 -17
46 -6 -18
46 -7 -22
46 -7 -24
46 -7 -29
46 -8 -8
46 -8 -28
46 -9 -10
46 -9 -12
46 -9 -21
46 -10 -1
46 -10 -27
46 -11 -16
46 -11 -18
46 -11 -28
46 -12 -31
46 -13 -4
46 -13 -7
46 -13 -8
46 -13 -23
46 -13 -25
46 -13 -30
46 -13 -31
46 -14 -1
46 -14 -14
46 -14 -17
46 -14 -19
46 -14 -29
46 -15 -7
46 -17 -2
46 -17 -9
46 -17 -18
46 -17 -20
46 -17 -25
46 -20 -13
46 -20 -16
46 -20 -25
46 -20 -26
46 -21 -7
46 -21 -8
46 -21 -10
46 -22 0
46 -22 -1
46 -22 -15
46 -23 0
46 -23 -5
46 -23 -16
46 -24 -9
46 -24 -16
46 -24 -17
46 -24 -24
46 -24 -26
46 -25 -1
46 -25 -8
46 -25 -13
46 -25 -15
46 -25 -18
46 -25 -19
46 -25 -23
46 -26 -28
46 -27 -7
46 -27 -18
46 -27 -23
46 -27 -28
46 -28 -3
46 -28 -14
46 -29 -12
46 -29 -20
46 -29 -25
46 -29 -28
46 -30 -6
46 -31 0
46 -31 -2
46 -31 -19
46 -31 -21
46 -31 -24
47 0 -14
47 0 -29
47 -1 -2
47 -1 -5
47 -1 -10
47 -1 -22
47 -2 -10
47 -2 -14
47 -2 -24
47 -3 -6
47 -4 -2
47 -4 -11
47 -4 -16
47 -4 -26
47 -5 -31
47 -6 -4
47 -6 -6
47 -6 -13
47 -6 -17
47 -6 -18
47 -7 -22
47 -7 -24
47 -7 -29
47 -8 -8
47 -8 -28
47 -9 -10
47 -9 -12
47 -9 -21
47 -10 -1
47 -10 -27
47 -11 -16
47 -11 -18
47 -11 -28
47 -12 -31
47 -13 -4
47 -13 -7
47 -13 -8
47 -13 -23
47 -13 -25
47 -13 -30
47 -13 -31
47 -14 -1
47 -14 -14
47 -14 -17
47 -14 -19
47 -14 -29
47 -15 -7
47 -17 -2
47 -17 -9
47 -17 -18
47 -17 -20
47 -17 -25
47 -20 -13
47 -20 -16
47 -20 -25
47 -20 -26
47 -21 -7
47 -21 -8
47 -21 -10
47 -22 0
47 -22 -1
47 -22 -15
47 -23 0
47 -23 -5
47 -23 -16
47 -24 -9
47 -24 -16
47 -24 -17
47 -24 -24
47 -24 -26
47 -25 -1
47 -25 -8
47 -25 -13
47 -25 -15
47 -25 -18
47 -25 -19
47 -25 -23
47 -26 -28
47 -27 -7
47 -27 -18
47 -27 -23
47 -27 -28
47 -28 -3
47 -28 -14
47 -29 -12
47 -29 -20
47 -29 -25
47 -29 -28
47 -30 -6
47 -31 0
47 -31 -2
47 -31 -19
47 -31 -21
47 -31 -24
48 0 -14
48 0 -29
48 -1 -2
48 -1 -5
48 -1 -10
48 -1 -22
48 -2 -10
48 -2 -14
48 -2 -24
48 -3 -6
48 -4 -2
48 -4 -11
48 -4 -16
48 -4 -26
48 -5 -31
48 -6 -4
48 -6 -6
48 -6 -13
48 -6 -17
48 -6 -18
48 -7 -22
48 -7 -24
48 -7 -29
48 -8 -8
48 -8 -28
48 -9 -10
48 -9 -12
48 -9 -21
48 -10 -1
48 -10 -27
48 -11 -16
48 -11 -18
48 -11 -28
48 -12 -31
48 -13 -4
48 -13 -7
48 -13 -8
48 -13 -23
48 -13 -25
48 -13 -30
48 -13 -31
48 -14 -1
48 -14 -14
48 -14 -17
48 -14 -19
48 -14 -29
48 -15 -7
48 -17 -2
48 -17 -9
48 -17 -18
48 -17 -20
48 -17 -25
48 -20 -13
48 -20 -16
48 -20 -25
48 -20 -26
48 -21 -7
48 -21 -8
48 -21 -10
48 -22 0
48 -22 -1
48 -22 -15
48 -23 0
48 -23 -5
48 -23 -16
48 -24 -9
48 -24 -16
48 -24 -17
48 -24 -24
48 -24 -26
48 -25 -1
48 -25 -8
48 -25 -13
48 -25 -15
48 -25 -18
48 -25 -19
48 -25 -23
48 -26 -28
48 -27 -7
48 -27 -18
48 -27 -23
48 -27 -28
48 -28 -3
48 -28 -14
48 -29 -12
48 -29 -20
48 -29 -25
48 -29 -28
48 -30 -6
48 -31 0
48 -31 -2
48 -31 -19
48 -31 -21
48 -31 -24
49 0 -14
49 0 -29
49 -1 -2
49 -1 -5
49 -1 -10
49 -1 -22
49 -2 -10
49 -2 -14
49 -2 -24
49 -3 -6
49 -4 -2
49 -4 -11
49 -4 -16
49 -4 -26
49 -5 -31
49 -6 -4
49 -6 -6
49 -6 -13
49 -6 -17
49 -6 -18
49 -7 -22
49 -7 -24
49 -7 -29
49 -8 -8
49 -8 -28
49 -9 -10
49 -9 -12
49 -9 -21
49 -10 -1
49 -10 -27
49 -11 -16
49 -11 -18
49 -11 -28
49 -12 -31
49 -13 -4
49 -13 -7
49 -13 -8
49 -13 -23
49 -13 -25
49 -13 -30
49 -13 -31
49 -14 -1
49 -14 -14
49 -14 -17
49 -14 -19
49 -14 -29
49 -15 -7
49 -17 -2
49 -17 -9
49 -17 -18
49 -17 -20
49 -17 -25
49 -20 -13
49 -20 -16
49 -20 -25
49 -20 -26
49 -21 -7
49 -21 -8
49 -21 -10
49 -22 0
49 -22 -1
49 -22 -15
49 -23 0
49 -23 -5
49 -23 -16
49 -24 -9
49 -24 -16
49 -24 -17
49 -24 -24
49 -24 -26
49 -25 -1
49 -25 -8
49 -25 -13
49 -25 -15
49 -25 -18
49 -25 -19
49 -25 -23
49 -26 -28
49 -27 -7
49 -27 -18
49 -27 -23
49 -27 -28
49 -28 -3
49 -28 -14
49 -29 -12
49 -29 -20
49 -29 -25
49 -29 -28
49 -30 -6
49 -31 0
49 -31 -2
49 -31 -19
49 -31 -21
49 -31 -24
50 0 -14
50 0 -29
50 -1 -2
50 -1 -5
50 -1 -10
50 -1 -22
50 -2 -10
50 -2 -14
50 -2 -24
50 -3 -6
50 -4 -2
50 -4 -11
50 -4 -16
50 -4 -26
50 -5 -31
50 -6 -4
50 -6 -6
50 -6 -13
50 -6 -17
50 -6 -18
50 -7 -22
50 -7 -24
50 -7 -29
50 -8 -8
50 -8 -28
50 -9 -10
50 -9 -12
50 -9 -21
50 -10 -1
50 -10 -27
50 -11 -16
50 -11 -18
50 -11 -28
50 -12 -31
50 -13 -4
50 -13 -7
50 -13 -8
50 -13 -23
50 -13 -25
50 -13 -30
50 -13 -31
50 -14 -1
50 -14 -14
50 -14 -17
50 -14 -19
50 -14 -29
50 -15 -7
50 -17 -2
50 -17 -9
50 -17 -18
50 -17 -20
50 -17 -25
50 -20 -13
50 -20 -16
50 -20 -25
50 -20 -26
50 -21 -7
50 -21 -8
50 -21 -10
50 -22 0
50 -22 -1
50 -22 -15
50 -23 0
50 -23 -5
50 -23 -16
50 -24 -9
50 -24 -16
50 -24 -17
50 -24 -24
50 -24 -26
50 -25 -1
50 -25 -8
50 -25 -13
50 -25 -15
50 -25 -18
50 -25 -19
50 -25 -23
50 -26 -28
50 -27 -7
50 -27 -18
50 -27 -23
50 -27 -28
50 -28 -3
50 -28 -14
50 -29 -12
50 -29 -20
50 -29 -25
50 -29 -28
50 -30 -6
50 -31 0
50 -31 -2
50 -31 -19
50 -31 -21
50 -31 -24
51 0 -14
51 0 -29
51 -1 -2
51 -1 -5
51 -1 -10
51 -1 -22
51 -2 -10
51 -2 -14
51 -2 -24
51 -3 -6
51 -4 -2
51 -4 -11
51 -4 -16
51 -4 -26
51 -5 -31
51 -6 -4
51 -6 -6
51 -6 -13
51 -6 -17
51 -6 -18
51 -7 -22
51 -7 -24
51 -7 -29
51 -8 -8
51 -8 -28
51 -9 -10
51 -9 -12
51 -9 -21
51 -10 -1
51 -10 -27
51 -11 -16
51 -11 -18
51 -11 -28
51 -12 -31
51 -13 -4
51 -13 -7
51 -13 -8
51 -13 -23
51 -13 -25
51 -13 -30
51 -13 -31
51 -14 -1
51 -14 -14
51 -14 -17
51 -14 -19
51 -14 -29
51 -15 -7
51 -17 -2
51 -17 -9
51 -17 -18
51 -17 -20
51 -17 -25
51 -20 -13
51 -20 -16
51 -20 -25
51 -20 -26
51 -21 -7
51 -21 -8
51 -21 -10
51 -22 0
51 -22 -1
51 -22 -15
51 -23 0
51 -23 -5
51 -23 -16
51 -24 -9
51 -24 -16
51 -24 -17
51 -24 -24
51 -24 -26
51 -25 -1
51 -25 -8
51 -25 -13
51 -25 -15
51 -25 -18
51 -25 -19
51 -25 -23
51 -26 -28
51 -27 -7
51 -27 -18
51 -27 -23
51 -27 -28
51 -28 -3
51 -28 -14
51 -29 -12
51 -29 -20
51 -29 -25
51 -29 -28
51 -30 -6
51 -31 0
51 -31 -2
51 -31 -19
51 -31 -21
51 -31 -24
52 0 -14
52 0 -29
52 -1 -2
52 -1 -5
52 -1 -10
52 -1 -22
52 -2 -10
52 -2 -14
52 -2 -24
52 -3 -6
52 -4 -2
52 -4 -11
52 -4 -16
52 -4 -26
52 -5 -31
52 -6 -4
52 -6 -6
52 -6 -13
52 -6 -17
52 -6 -18
52 -7 -22
52 -7 -24
52 -7 -29
52 -8 -8
52 -8 -28
52 -9 -10
52 -9 -12
52 -9 -21
52 -10 -1
52 -10 -27
52 -11 -16
52 -11 -18
52 -11 -28
52 -12 -31
52 -13 -4
52 -13 -7
52 -13 -8
52 -13 -23
52 -13 -25
52 -13 -30
52 -13 -31
52 -14 -1
52 -14 -14
52 -14 -17
52 -14 -19
52 -14 -29
52 -15 -7
52 -17 -2
52 -17 -9
52 -17 -18
52 -17 -20
52 -17 -25
52 -20 -13
52 -20 -16
52 -20 -25
52 -20 -26
52 -21 -7
52 -21 -8
52 -21 -10
52 -22 0
52 -22 -1
52 -22 -15
52 -23 0
52 -23 -5
52 -23 -16
52 -24 -9
52 -24 -16
52 -24 -17
52 -24 -24
52 -24 -26
52 -25 -1
52 -25 -8
52 -25 -13
52 -25 -15
52 -25 -18
52 -25 -19
52 -25 -23
52 -26 -28
52 -27 -7
52 -27 -18
52 -27 -23
52 -27 -28
52 -28 -3
52 -28 -14
52 -29 -12
52 -29 -20
52 -29 -25
52 -29 -28
52 -30 -6
52 -31 0
52 -31 -2
52 -31 -19
52 -31 -21
52 -31 -24
53 0 -14
53 0 -29
53 -1 -2
53 -1 -5
53 -1 -10
53 -1 -22
53 -2 -10
53 -2 -14
53 -2 -24
53 -3 -6
53 -4 -2
53 -4 -11
53 -4 -16
53 -4 -26
53 -5 -31
53 -6 -4
53 -6 -6
53 -6 -13
53 -6 -17
53 -6 -18
53 -7 -22
53 -7 -24
53 -7 -29
53 -8 -8
53 -8 -28
53 -9 -10
53 -9 -12
53 -9 -21
53 -10 -1
53 -10 -27
53 -11 -16
53 -11 -18
53 -11 -28
53 -12 -31
53 -13 -4
53 -13 -7
53 -13 -8
53 -13 -23
53 -13 -25
53 -13 -30
53 -13 -31
53 -14 -1
53 -14 -14
53 -14 -17
53 -14 -19
53 -14 -29
53 -15 -7
53 -17 -2
53 -17 -9
53 -17 -18
53 -17 -20
53 -17 -25
53 -20 -13
53 -20 -16
53 -20 -25
53 -20 -26
53 -21 -7
53 -21 -8
53 -21 -10
53 -22 0
53 -22 -1
53 -22 -15
53 -23 0
53 -23 -5
53 -23 -16
53 -24 -9
53 -24 -16
53 -24 -17
53 -24 -24
53 -24 -26
53 -25 -1
53 -25 -8
53 -25 -13
53 -25 -15
53 -25 -18
53 -25 -19
53 -25 -23
53 -26 -28
53 -27 -7
53 -27 -18
53 -27 -23
53 -27 -28
53 -28 -3
53 -28 -14
53 -29 -12
53 -29 -20
53 -29 -25
53 -29 -28
53 -30 -6
53 -31 0
53 -31 -2
53 -31 -19
53 -31 -21
53 -31 -24
54 0 -14
54 0 -29
54 -1 -2
54 -1 -5
54 -1 -10
54 -1 -22
54 -2 -10
54 -2 -14
54 -2 -24
54 -3 -6
54 -4 -2
54 -4 -11
54 -4 -16
54 -4 -26
54 -5 -31
54 -6 -4
54 -6 -6
54 -6 -13
54 -6 -17
54 -6 -18
54 -7 -22
54 -7 -24
54 -7 -29
54 -8 -8
54 -8 -28
54 -9 -10
54 -9 -12
54 -9 -21
54 -10 -1
54 -10 -27
54 -11 -16
54 -11 -18
54 -11 -28
54 -12 -31
54 -13 -4
54 -13 -7
54 -13 -8
54 -13 -23
54 -13 -25
54 -13 -30
54 -13 -31
54 -14 -1
54 -14 -14
54 -14 -17
54 -14 -19
54 -14 -29
54 -15 -7
54 -17 -2
54 -17 -9
54 -17 -18
54 -17 -20
54 -17 -25
54 -20 -13
54 -20 -16
54 -20 -25
54 -20 -26
54 -21 -7
54 -21 -8
54 -21 -10
54 -22 0
54 -22 -1
54 -22 -15
54 -23 0
54 -23 -5
54 -23 -16
54 -24 -9
54 -24 -16
54 -24 -17
54 -24 -24
54 -24 -26
54 -25 -1
54 -25 -8
54 -25 -13
54 -25 -15
54 -25 -18
54 -25 -19
54 -25 -23
54 -26 -28
54 -27 -7
54 -27 -18
54 -27 -23
54 -27 -28
54 -28 -3
54 -28 -14
54 -29 -12
54 -29 -20
54 -29 -25
54 -29 -28
54 -30 -6
54 -31 0
54 -31 -2
54 -31 -19
54 -31 -21
54 -31 -24
55 0 -14
55 0 -29
55 -1 -2
55 -1 -5
55 -1 -10
55 -1 -22
55 -2 -10
55 -2 -14
55 -2 -24
55 -3 -6
55 -4 -2
55 -4 -11
55 -4 -16
55 -4 -26
55 -5 -31
55 -6 -4
55 -6 -6
55 -6 -13
55 -6 -17
55 -6 -18
55 -7 -22
55 -7 -24
55 -7 -29
55 -8 -8
55 -8 -28
55 -9 -10
55 -9 -12
55 -9 -21
55 -10 -1
55 -10 -27
55 -11 -16
55 -11 -18
55 -11 -28
55 -12 -31
55 -13 -4
55 -13 -7
55 -13 -8
55 -13 -23
55 -13 -25
55 -13 -30
55 -13 -31
55 -14 -1
55 -14 -14
55 -14 -17
55 -14 -19
55 -14 -29
55 -15 -7
55 -17 -2
55 -17 -9
55 -17 -18
55 -17 -20
55 -17 -25
55 -20 -13
55 -20 -16
55 -20 -25
55 -20 -26
55 -21 -7
55 -21 -8
55 -21 -10
55 -22 0
55 -22 -1
55 -22 -15
55 -23 0
55 -23 -5
55 -23 -16
55 -24 -9
55 -24 -16
55 -24 -17
55 -24 -24
55 -24 -26
55 -25 -1
55 -25 -8
55 -25 -13
55 -25 -15
55 -25 -18
55 -25 -19
55 -25 -23
55 -26 -28
55 -27 -7
55 -27 -18
55 -27 -23
55 -27 -28
55 -28 -3
55 -28 -14
55 -29 -12
55 -29 -20
55 -29 -25
55 -29 -28
55 -30 -6
55 -31 0
55 -31 -2
55 -31 -19
55 -31 -21
55 -31 -24
56 0 -14
56 0 -29
56 -1 -2
56 -1 -5
56 -1 -10
56 -1 -22
56 -2 -10
56 -2 -14
56 -2 -24
56 -3 -6
56 -4 -2
56 -4 -11
56 -4 -16
56 -4 -26
56 -5 -31
56 -6 -4
56 -6 -6
56 -6 -13
56 -6 -17
56 -6 -18
56 -7 -22
56 -7 -24
56 -7 -29
56 -8 -8
56 -8 -28
56 -9 -10
56 -9 -12
56 -9 -21
56 -10 -1
56 -10 -27
56 -11 -16
56 -11 -18
56 -11 -28
56 -12 -31
56 -13 -4
56 -13 -7
56 -13 -8
56 -13 -23
56 -13 -25
56 -13 -30
56 -13 -31
56 -14 -1
56 -14 -14
56 -14 -17
56 -14 -19
56 -14 -29
56 -15 -7
56 -17 -2
56 -17 -9
56 -17 -18
56 -17 -20
56 -17 -25
56 -20 -13
56 -20 -16
56 -20 -25
56 -20 -26
56 -21 -7
56 -21 -8
56 -21 -10
56 -22 0
56 -22 -1
56 -22 -15
56 -23 0
56 -23 -5
56 -23 -16
56 -24 -9
56 -24 -16
56 -24 -17
56 -24 -24
56 -24 -26
56 -25 -1
56 -25 -8
56 -25 -13
56 -25 -15
56 -25 -18
56 -25 -19
56 -25 -23
56 -26 -28
56 -27 -7
56 -27 -18
56 -27 -23
56 -27 -28
56 -28 -3
56 -28 -14
56 -29 -12
56 -29 -20
56 -29 -25
56 -29 -28
56 -30 -6
56 -31 0
56 -31 -2
56 -31 -19
56 -31 -21
56 -31 -24
57 0 -14
57 0 -29
57 -1 -2
57 -1 -5
57 -1 -10
57 -1 -22
57 -2 -10
57 -2 -14
57 -2 -24
57 -3 -6
57 -4 -2
57 -4 -11
57 -4 -16
57 -4 -26
57 -5 -31
57 -6 -4
57 -6 -6
57 -6 -13
57 -6 -17
57 -6 -18
57 -7 -22
57 -7 -24
57 -7 -29
57 -8 -8
57 -8 -28
57 -9 -10
57 -9 -12
57 -9 -21
57 -10 -1
57 -10 -27
57 -11 -16
57 -11 -18
57 -11 -28
57 -12 -31
57 -13 -4
57 -13 -7
57 -13 -8
57 -13 -23
57 -13 -25
57 -13 -30
57 -13 -31
57 -14 -1
57 -14 -14
57 -14 -17
57 -14 -19
57 -14 -29
57 -15 -7
57 -17 -2
57 -17 -9
57 -17 -18
57 -17 -20
57 -17 -25
57 -20 -13
57 -20 -16
57 -20 -25
57 -20 -26
57 -21 -7
57 -21 -8
57 -21 -10
57 -22 0
57 -22 -1
57 -22 -15
57 -23 0
57 -23 -5
57 -23 -16
57 -24 -9
57 -24 -16
57 -24 -17
57 -24 -24
57 -24 -26
57 -25 -1
57 -25 -8
57 -25 -13
57 -25 -15
57 -25 -18
57 -25 -19
57 -25 -23
57 -26 -28
57 -27 -7
57 -27 -18
57 -27 -23
57 -27 -28
57 -28 -3
57 -28 -14
57 -29 -12
57 -29 -20
57 -29 -25
57 -29 -28
57 -30 -6
57 -31 0
57 -31 -2
57 -31 -19
57 -31 -21
57 -31 -24
58 0 -14
58 0 -29
58 -1 -2
58 -1 -5
58 -1 -10
58 -1 -22
58 -2 -10
58 -2 -14
58 -2 -24
58 -3 -6
58 -4 -2
58 -4 -11
58 -4 -16
58 -4 -26
58 -5 -31
58 -6 -4
58 -6 -6
58 -6 -13
58 -6 -17
58 -6 -18
58 -7 -22
58 -7 -24
58 -7 -29
58 -8 -8
58 -8 -28
58 -9 -10
58 -9 -12
58 -9 -21
58 -10 -1
58 -10 -27
58 -11 -16
58 -11 -18
58 -11 -28
58 -12 -31
58 -13 -4
58 -13 -7
58 -13 -8
58 -13 -23
58 -13 -25
58 -13 -30
58 -13 -31
58 -14 -1
58 -14 -14
58 -14 -17
58 -14 -19
58 -14 -29
58 -15 -7
58 -17 -2
58 -17 -9
58 -17 -18
58 -17 -20
58 -17 -25
58 -20 -13
58 -20 -16
58 -20 -25
58 -20 -26
58 -21 -7
58 -21 -8
58 -21 -10
58 -22 0
58 -22 -1
58 -22 -15
58 -23 0
58 -23 -5
58 -23 -16
58 -24 -9
58 -24 -16
58 -24 -17
58 -24 -24
58 -24 -26
58 -25 -1
58 -25 -8
58 -25 -13
58 -25 -15
58 -25 -18
58 -25 -19
58 -25 -23
58 -26 -28
58 -27 -7
58 -27 -18
58 -27 -23
58 -27 -28
58 -28 -3
58 -28 -14
58 -29 -12
58 -29 -20
58 -29 -25
58 -29 -28
58 -30 -6
58 -31 0
58 -31 -2
58 -31 -19
58 -31 -21
58 -31 -24
59 0 -14
59 0 -29
59 -1 -2
59 -1 -5
59 -1 -10
59 -1 -22
59 -2 -10
59 -2 -14
59 -2 -24
59 -3 -6
59 -4 -2
59 -4 -11
59 -4 -16
59 -4 -26
59 -5 -31
59 -6 -4
59 -6 -6
59 -6 -13
59 -6 -17
59 -6 -18
59 -7 -22
59 -7 -24
59 -7 -29
59 -8 -8
59 -8 -28
59 -9 -10
59 -9 -12
59 -9 -21
59 -10 -1
59 -10 -27
59 -11 -16
59 -11 -18
59 -11 -28
59 -12 -31
59 -13 -4
59 -13 -7
59 -13 -8
59 -13 -23
59 -13 -25
59 -13 -30
59 -13 -31
59 -14 -1
59 -14 -14
59 -14 -17
59 -14 -19
59 -14 -29
59 -15 -7
59 -17 -2
59 -17 -9
59 -17 -18
59 -17 -20
59 -17 -25
59 -20 -13
59 -20 -16
59 -20 -25
59 -20 -26
59 -21 -7
59 -21 -8
59 -21 -10
59 -22 0
59 -22 -1
59 -22 -15
59 -23 0
59 -23 -5
59 -23 -16
59 -24 -9
59 -24 -16
59 -24 -17
59 -24 -24
59 -24 -26
59 -25 -1
59 -25 -8
59 -25 -13
59 -25 -15
59 -25 -18
59 -25 -19
59 -25 -23
59 -26 -28
59 -27 -7
59 -27 -18
59 -27 -23
59 -27 -28
59 -28 -3
59 -28 -14
59 -29 -12
59 -29 -20
59 -29 -25
59 -29 -28
59 -30 -6
59 -31 0
59 -31 -2
59 -31 -19
59 -31 -21
59 -31 -24
60 0 -14
60 0 -29
60 -1 -2
60 -1 -5
60 -1 -10
60 -1 -22
60 -2 -10
60 -2 -14
60 -2 -24
60 -3 -6
60 -4 -2
60 -4 -11
60 -4 -16
60 -4 -26
60 -5 -31
60 -6 -4
60 -6 -6
60 -6 -13
60 -6 -17
60 -6 -18
60 -7 -22
60 -7 -24
60 -7 -29
60 -8 -8
60 -8 -28
60 -9 -10
60 -9 -12
60 -9 -21
60 -10 -1
60 -10 -27
60 -11 -16
60 -11 -18
60 -11 -28
60 -12 -31
60 -13 -4
60 -13 -7
60 -13 -8
60 -13 -23
60 -13 -25
60 -13 -30
60 -13 -31
60 -14 -1
60 -14 -14
60 -14 -17
60 -14 -19
60 -14 -29
60 -15 -7
60 -17 -2
60 -17 -9
60 -17 -18
60 -17 -20
60 -17 -25
60 -20 -13
60 -20 -16
60 -20 -25
60 -20 -26
60 -21 -7
60 -21 -8
60 -21 -10
60 -22 0
60 -22 -1
60 -22 -15
60 -23 0
60 -23 -5
60 -23 -16
60 -24 -9
60 -24 -16
60 -24 -17
60 -24 -24
60 -24 -26
60 -25 -1
60 -25 -8
60 -25 -13
60 -25 -15
60 -25 -18
60 -25 -19
60 -25 -23
60 -26 -28
60 -27 -7
60 -27 -18
60 -27 -23
60 -27 -28
60 -28 -3
60 -28 -14
60 -29 -12
60 -29 -20
60 -29 -25
60 -29 -28
60 -30 -6
60 -31 0
60 -31 -2
60 -31 -19
60 -31 -21
60 -31 -24
61 0 -14
61 0 -29
61 -1 -2
61 -1 -5
61 -1 -10
61 -1 -22
61 -2 -10
61 -2 -14
61 -2 -24
61 -3 -6
61 -4 -2
61 -4 -11
61 -4 -16
61 -4 -26
61 -5 -31
61 -6 -4
61 -6 -6
61 -6 -13
61 -6 -17
61 -6 -18
61 -7 -22
61 -7 -24
61 -7 -29
61 -8 -8
61 -8 -28
61 -9 -10
61 -9 -12
61 -9 -21
61 -10 -1
61 -10 -27
61 -11 -16
61 -11 -18
61 -11 -28
61 -12 -31
61 -13 -4
61 -13 -7
61 -13 -8
61 -13 -23
61 -13 -25
61 -13 -30
61 -13 -31
61 -14 -1
61 -14 -14
61 -14 -17
61 -14 -19
61 -14 -29
61 -15 -7
61 -17 -2
61 -17 -9
61 -17 -18
61 -17 -20
61 -17 -25
61 -20 -13
61 -20 -16
61 -20 -25
61 -20 -26
61 -21 -7
61 -21 -8
61 -21 -10
61 -22 0
61 -22 -1
61 -22 -15
61 -23 0
61 -23 -5
61 -23 -16
61 -24 -9
61 -24 -16
61 -24 -17
61 -24 -24
61 -24 -26
61 -25 -1
61 -25 -8
61 -25 -13
61 -25 -15
61 -25 -18
61 -25 -19
61 -25 -23
61 -26 -28
61 -27 -7
61 -27 -18
61 -27 -23
61 -27 -28
61 -28 -3
61 -28 -14
61 -29 -12
61 -29 -20
61 -29 -25
61 -29 -28
61 -30 -6
61 -31 0
61 -31 -2
61 -31 -19
61 -31 -21
61 -31 -24
62 0 -14
62 0 -29
62 -1 -2
62 -1 -5
62 -1 -10
62 -1 -22
62 -2 -10
62 -2 -14
62 -2 -24
62 -3 -6
62 -4 -2
62 -4 -11
62 -4 -16
62 -4 -26
62 -5 -31
62 -6 -4
62 -6 -6
62 -6 -13
62 -6 -17
62 -6 -18
62 -7 -22
62 -7 -24
62 -7 -29
62 -8 -8
62 -8 -28
62 -9 -10
62 -9 -12
62 -9 -21
62 -10 -1
62 -10 -27
62 -11 -16
62 -11 -18
62 -11 -28
62 -12 -31
62 -13 -4
62 -13 -7
62 -13 -8
62 -13 -23
62 -13 -25
62 -13 -30
62 -13 -31
62 -14 -1
62 -14 -14
62 -14 -17
62 -14 -19
62 -14 -29
62 -15 -7
62 -17 -2
62 -17 -9
62 -17 -18
62 -17 -20
62 -17 -25
62 -20 -13
62 -20 -16
62 -20 -25
62 -20 -26
62 -21 -7
62 -21 -8
62 -21 -10
62 -22 0
62 -22 -1
62 -22 -15
62 -23 0
62 -23 -5
62 -23 -16
62 -24 -9
62 -24 -16
62 -24 -17
62 -24 -24
62 -24 -26
62 -25 -1
62 -25 -8
62 -25 -13
62 -25 -15
62 -25 -18
62 -25 -19
62 -25 -23
62 -26 -28
62 -27 -7
62 -27 -18
62 -27 -23
62 -27 -28
62 -28 -3
62 -28 -14
62 -29 -12
62 -29 -20
62 -29 -25
62 -29 -28
62 -30 -6
62 -31 0
62 -31 -2
62 -31 -19
62 -31 -21
62 -31 -24
63 0 -14
63 0 -29
63 -1 -2
63 -1 -5
63 -1 -10
63 -1 -22
63 -2 -10
63 -2 -14
63 -2 -24
63 -3 -6
63 -4 -2
63 -4 -11
63 -4 -16
63 -4 -26
63 -5 -31
63 -6 -4
63 -6 -6
63 -6 -13
63 -6 -17
63 -6 -18
63 -7 -22
63 -7 -24
63 -7 -29
63 -8 -8
63 -8 -28
63 -9 -10
63 -9 -12
63 -9 -21
63 -10 -1
63 -10 -27
63 -11 -16
63 -11 -18
63 -11 -28
63 -12 -31
63 -13 -4
63 -13 -7
63 -13 -8
63 -13 -23
63 -13 -25
63 -13 -30
63 -13 -31
63 -14 -1
63 -14 -14
63 -14 -17
63 -14 -19
63 -14 -29
63 -15 -7
63 -17 -2
63 -17 -9
63 -17 -18
63 -17 -20
63 -17 -25
63 -20 -13
63 -20 -16
63 -20 -25
63 -20 -26
63 -21 -7
63 -21 -8
63 -21 -10
63 -22 0
63 -22 -1
63 -22 -15
63 -23 0
63 -23 -5
63 -23 -16
63 -24 -9
63 -24 -16
63 -24 -17
63 -24 -24
63 -24 -26
63 -25 -1
63 -25 -8
63 -25 -13
63 -25 -15
63 -25 -18
63 -25 -19
63 -25 -23
63 -26 -28
63 -27 -7
63 -27 -18
63 -27 -23
63 -27 -28
63 -28 -3
63 -28 -14
63 -29 -12
63 -29 -20
63 -29 -25
63 -29 -28
63 -30 -6
63 -31 0
63 -31 -2
63 -31 -19
63 -31 -21
63 -31 -24
64 0 -14
64 0 -29
64 -1 -2
64 -1 -5
64 -1 -10
64 -1 -22
64 -2 -10
64 -2 -14
64 -2 -24
64 -3 -6
64 -4 -2
64 -4 -11
64 -4 -16
64 -4 -26
64 -5 -31
64 -6 -4
64 -6 -6
64 -6 -13
64 -6 -17
64 -6 -18
64 -7 -22
64 -7 -24
64 -7 -29
64 -8 -8
64 -8 -28
64 -9 -10
64 -9 -12
64 -9 -21
64 -10 -1
64 -10 -27
64 -11 -16
64 -11 -18
64 -11 -28
64 -12 -31
64 -13 -4
64 -13 -7
64 -13 -8
64 -13 -23
64 -13 -25
64 -13 -30
64 -13 -31
64 -14 -1
64 -14 -14
64 -14 -17
64 -14 -19
64 -14 -29
64 -15 -7
64 -17 -2
64 -17 -9
64 -17 -18
64 -17 -20
64 -17 -25
64 -20 -13
64 -20 -16
64 -20 -25
64 -20 -26
64 -21 -7
64 -21 -8
64 -21 -10
64 -22 0
64 -22 -1
64 -22 -15
64 -23 0
64 -23 -5
64 -23 -16
64 -24 -9
64 -24 -16
64 -24 -17
64 -24 -24
64 -24 -26
64 -25 -1
64 -25 -8
64 -25 -13
64 -25 -15
64 -25 -18
64 -25 -19
64 -25 -23
64 -26 -28
64 -27 -7
64 -27 -18
64 -27 -23
64 -27 -28
64 -28 -3
64 -28 -14
64 -29 -12
64 -29 -20
64 -29 -25
64 -29 -28
64 -30 -6
64 -31 0
64 -31 -2
64 -31 -19
64 -31 -21
64 -31 -24
65 0 -14
65 0 -29
65 -1 -2
65 -1 -5
65 -1 -10
65 -1 -22
65 -2 -10
65 -2 -14
65 -2 -24
65 -3 -6
65 -4 -2
65 -4 -11
65 -4 -16
65 -4 -26
65 -5 -31
65 -6 -4
65 -6 -6
65 -6 -13
65 -6 -17
65 -6 -18
65 -7 -22
65 -7 -24
65 -7 -29
65 -8 -8
65 -8 -28
65 -9 -10
65 -9 -12
65 -9 -21
65 -10 -1
65 -10 -27
65 -11 -16
65 -11 -18
65 -11 -28
65 -12 -31
65 -13 -4
65 -13 -7
65 -13 -8
65 -13 -23
65 -13 -25
65 -13 -30
65 -13 -31
65 -14 -1
65 -14 -14
65 -14 -17
65 -14 -19
65 -14 -29
65 -15 -7
65 -17 -2
65 -17 -9
65 -17 -18
65 -17 -20
65 -17 -25
65 -20 -13
65 -20 -16
65 -20 -25
65 -20 -26
65 -21 -7
65 -21 -8
65 -21 -10
65 -22 0
65 -22 -1
65 -22 -15
65 -23 0
65 -23 -5
65 -23 -16
65 -24 -9
65 -24 -16
65 -24 -17
65 -24 -24
65 -24 -26
65 -25 -1
65 -25 -8
65 -25 -13
65 -25 -15
65 -25 -18
65 -25 -19
65 -25 -23
65 -26 -28
65 -27 -7
65 -27 -18
65 -27 -23
65 -27 -28
65 -28 -3
65 -28 -14
65 -29 -12
65 -29 -20
65 -29 -25
65 -29 -28
65 -30 -6
65 -31 0
65 -31 -2
65 -31 -19
65 -31 -21
65 -31 -24
66 0 -14
66 0 -29
66 -1 -2
66 -1 -5
66 -1 -10
66 -1 -22
66 -2 -10
66 -2 -14
66 -2 -24
66 -3 -6
66 -4 -2
66 -4 -11
66 -4 -16
66 -4 -26
66 -5 -31
66 -6 -4
66 -6 -6
66 -6 -13
66 -6 -17
66 -6 -18
66 -7 -22
66 -7 -24
66 -7 -29
66 -8 -8
66 -8 -28
66 -9 -10
66 -9 -12
66 -9 -21
66 -10 -1
66 -10 -27
66 -11 -16
66 -11 -18
66 -11 -28
66 -12 -31
66 -13 -4
66 -13 -7
66 -13 -8
66 -13 -23
66 -13 -25
66 -13 -30
66 -13 -31
66 -14 -1
66 -14 -14
66 -14 -17
66 -14 -19
66 -14 -29
66 -15 -7
66 -17 -2
66 -17 -9
66 -17 -18
66 -17 -20
66 -17 -25
66 -20 -13
66 -20 -16
66 -20 -25
66 -20 -26
66 -21 -7
66 -21 -8
66 -21 -10
66 -22 0
66 -22 -1
66 -22 -15
66 -23 0
66 -23 -5
66 -23 -16
66 -24 -9
66 -24 -16
66 -24 -17
66 -24 -24
66 -24 -26
66 -25 -1
66 -25 -8
66 -25 -13
66 -25 -15
66 -25 -18
66 -25 -19
66 -25 -23
66 -26 -28
66 -27 -7
66 -27 -18
66 -27 -23
66 -27 -28
66 -28 -3
66 -28 -14
66 -29 -12
66 -29 -20
66 -29 -25
66 -29 -28
66 -30 -6
66 -31 0
66 -31 -2
66 -31 -19
66 -31 -21
66 -31 -24
67 0 -14
67 0 -29
67 -1 -2
67 -1 -5
67 -1 -10
67 -1 -22
67 -2 -10
67 -2 -14
67 -2 -24
67 -3 -6
67 -4 -2
67 -4 -11
67 -4 -16
67 -4 -26
67 -5 -31
67 -6 -4
67 -6 -6
67 -6 -13
67 -6 -17
67 -6 -18
67 -7 -22
67 -7 -24
67 -7 -29
67 -8 -8
67 -8 -28
67 -9 -10
67 -9 -12
67 -9 -21
67 -10 -1
67 -10 -27
67 -11 -16
67 -11 -18
67 -11 -28
67 -12 -31
67 -13 -4
67 -13 -7
67 -13 -8
67 -13 -23
67 -13 -25
67 -13 -30
67 -13 -31
67 -14 -1
67 -14 -14
67 -14 -17
67 -14 -19
67 -14 -29
67 -15 -7
67 -17 -2
67 -17 -9
67 -17 -18
67 -17 -20
67 -17 -25
67 -20 -13
67 -20 -16
67 -20 -25
67 -20 -26
67 -21 -7
67 -21 -8
67 -21 -10
67 -22 0
67 -22 -1
67 -22 -15
67 -23 0
67 -23 -5
67 -23 -16
67 -24 -9
67 -24 -16
67 -24 -17
67 -24 -24
67 -24 -26
67 -25 -1
67 -25 -8
67 -25 -13
67 -25 -15
67 -25 -18
67 -25 -19
67 -25 -23
67 -26 -28
67 -27 -7
67 -27 -18
67 -27 -23
67 -27 -28
67 -28 -3
67 -28 -14
67 -29 -12
67 -29 -20
67 -29 -25
67 -29 -28
67 -30 -6
67 -31 0
67 -31 -2
67 -31 -19
67 -31 -21
67 -31 -24
68 0 -14
68 0 -29
68 -1 -2
68 -1 -5
68 -1 -10
68 -1 -22
68 -2 -10
68 -2 -14
68 -2 -24
68 -3 -6
68 -4 -2
68 -4 -11
68 -4 -16
68 -4 -26
68 -5 -31
68 -6 -4
68 -6 -6
68 -6 -13
68 -6 -17
68 -6 -18
68 -7 -22
68 -7 -24
68 -7 -29
68 -8 -8
68 -8 -28
68 -9 -10
68 -9 -12
68 -9 -21
68 -10 -1
68 -10 -27
68 -11 -16
68 -11 -18
68 -11 -28
68 -12 -31
68 -13 -4
68 -13 -7
68 -13 -8
68 -13 -23
68 -13 -25
68 -13 -30
68 -13 -31
68 -14 -1
68 -14 -14
68 -14 -17
68 -14 -19
68 -14 -29
68 -15 -7
68 -17 -2
68 -17 -9
68 -17 -18
68 -17 -20
68 -17 -25
68 -20 -13
68 -20 -16
68 -20 -25
68 -20 -26
68 -21 -7
68 -21 -8
68 -21 -10
68 -22 0
68 -22 -1
68 -22 -15
68 -23 0
68 -23 -5
68 -23 -16
68 -24 -9
68 -24 -16
68 -24 -17
68 -24 -24
68 -24 -26
68 -25 -1
68 -25 -8
68 -25 -13
68 -25 -15
68 -25 -18
68 -25 -19
68 -25 -23
68 -26 -28
68 -27 -7
68 -27 -18
68 -27 -23
68 -27 -28
68 -28 -3
68 -28 -14
68 -29 -12
68 -29 -20
68 -29 -25
68 -29 -28
68 -30 -6
68 -31 0
68 -31 -2
68 -31 -19
68 -31 -21
68 -31 -24
69 0 -14
69 0 -29
69 -1 -2
69 -1 -5
69 -1 -10
69 -1 -22
69 -2 -10
69 -2 -14
69 -2 -24
69 -3 -6
69 -4 -2
69 -4 -11
69 -4 -16
69 -4 -26
69 -5 -31
69 -6 -4
69 -6 -6
69 -6 -13
69 -6 -17
69 -6 -18
69 -7 -22
69 -7 -24
69 -7 -29
69 -8 -8
69 -8 -28
69 -9 -10
69 -9 -12
69 -9 -21
69 -10 -1
69 -10 -27
69 -11 -16
69 -11 -18
69 -11 -28
69 -12 -31
69 -13 -4
69 -13 -7
69 -13 -8
69 -13 -23
69 -13 -25
69 -13 -30
69 -13 -31
69 -14 -1
69 -14 -14
69 -14 -17
69 -14 -19
69 -14 -29
69 -15 -7
69 -17 -2
69 -17 -9
69 -17 -18
69 -17 -20
69 -17 -25
69 -20 -13
69 -20 -16
69 -20 -25
69 -20 -26
69 -21 -7
69 -21 -8
69 -21 -10
69 -22 0
69 -22 -1
69 -22 -15
69 -23 0
69 -23 -5
69 -23 -16
69 -24 -9
69 -24 -16
69 -24 -17
69 -24 -24
69 -24 -26
69 -25 -1
69 -25 -8
69 -25 -13
69 -25 -15
69 -25 -18
69 -25 -19
69 -25 -23
69 -26 -28
69 -27 -7
69 -27 -18
69 -27 -23
69 -27 -28
69 -28 -3
69 -28 -14
69 -29 -12
69 -29 -20
69 -29 -25
69 -29 -28
69 -30 -6
69 -31 0
69 -31 -2
69 -31 -19
69 -31 -21
69 -31 -24
70 0 -14
70 0 -29
70 -1 -2
70 -1 -5
70 -1 -10
70 -1 -22
70 -2 -10
70 -2 -14
70 -2 -24
70 -3 -6
70 -4 -2
70 -4 -11
70 -4 -16
70 -4 -26
70 -5 -31
70 -6 -4
70 -6 -6
70 -6 -13
70 -6 -17
70 -6 -18
70 -7 -22
70 -7 -24
70 -7 -29
70 -8 -8
70 -8 -28
70 -9 -10
70 -9 -12
70 -9 -21
70 -10 -1
70 -10 -27
70 -11 -16
70 -11 -18
70 -11 -28
70 -12 -31
70 -13 -4
70 -13 -7
70 -13 -8
70 -13 -23
70 -13 -25
70 -13 -30
70 -13 -31
70 -14 -1
70 -14 -14
70 -14 -17
70 -14 -19
70 -14 -29
70 -15 -7
70 -17 -2
70 -17 -9
70 -17 -18
70 -17 -20
70 -17 -25
70 -20 -13
70 -20 -16
70 -20 -25
70 -20 -26
70 -21 -7
70 -21 -8
70 -21 -10
70 -22 0
70 -22 -1
70 -22 -15
70 -23 0
70 -23 -5
70 -23 -16
70 -24 -9
70 -24 -16
70 -24 -17
70 -24 -24
70 -24 -26
70 -25 -1
70 -25 -8
70 -25 -13
70 -25 -15
70 -25 -18
70 -25 -19
70 -25 -23
70 -26 -28
70 -27 -7
70 -27 -18
70 -27 -23
70 -27 -28
70 -28 -3
70 -28 -14
70 -29 -12
70 -29 -20
70 -29 -25
70 -29 -28
70 -30 -6
70 -31 0
70 -31 -2
70 -31 -19
70 -31 -21
70 -31 -24
71 0 -14
71 0 -29
71 -1 -2
71 -1 -5
71 -1 -10
71 -1 -22
71 -2 -10
71 -2 -14
71 -2 -24
71 -3 -6
71 -4 -2
71 -4 -11
71 -4 -16
71 -4 -26
71 -5 -31
71 -6 -4
71 -6 -6
71 -6 -13
71 -6 -17
71 -6 -18
71 -7 -22
71 -7 -24
71 -7 -29
71 -8 -8
71 -8 -28
71 -9 -10
71 -9 -12
71 -9 -21
71 -10 -1
71 -10 -27
71 -11 -16
71 -11 -18
71 -11 -28
71 -12 -31
71 -13 -4
71 -13 -7
71 -13 -8
71 -13 -23
71 -13 -25
71 -13 -30
71 -13 -31
71 -14 -1
71 -14 -14
71 -14 -17
71 -14 -19
71 -14 -29
71 -15 -7
71 -17 -2
71 -17 -9
71 -17 -18
71 -17 -20
71 -17 -25
71 -20 -13
71 -20 -16
71 -20 -25
71 -20 -26
71 -21 -7
71 -21 -8
71 -21 -10
71 -22 0
71 -22 -1
71 -22 -15
71 -23 0
71 -23 -5
71 -23 -16
71 -24 -9
71 -24 -16
71 -24 -17
71 -24 -24
71 -24 -26
71 -25 -1
71 -25 -8
71 -25 -13
71 -25 -15
71 -25 -18
71 -25 -19
71 -25 -23
71 -26 -28
71 -27 -7
71 -27 -18
71 -27 -23
71 -27 -28
71 -28 -3
71 -28 -14
71 -29 -12
71 -29 -20
71 -29 -25
71 -29 -28
71 -30 -6
71 -31 0
71 -31 -2
71 -31 -19
71 -31 -21
71 -31 -24
72 0 -14
72 0 -29
72 -1 -2
72 -1 -5
72 -1 -10
72 -1 -22
72 -2 -10
72 -2 -14
72 -2 -24
72 -3 -6
72 -4 -2
72 -4 -11
72 -4 -16
72 -4 -26
72 -5 -31
72 -6 -4
72 -6 -6
72 -6 -13
72 -6 -17
72 -6 -18
72 -7 -22
72 -7 -24
72 -7 -29
72 -8 -8
72 -8 -28
72 -9 -10
72 -9 -12
72 -9 -21
72 -10 -1
72 -10 -27
72 -11 -16
72 -11 -18
72 -11 -28
72 -12 -31
72 -13 -4
72 -13 -7
72 -13 -8
72 -13 -23
72 -13 -25
72 -13 -30
72 -13 -31
72 -14 -1
72 -14 -14
72 -14 -17
72 -14 -19
72 -14 -29
72 -15 -7
72 -17 -2
72 -17 -9
72 -17 -18
72 -17 -20
72 -17 -25
72 -20 -13
72 -20 -16
72 -20 -25
72 -20 -26
72 -21 -7
72 -21 -8
72 -21 -10
72 -22 0
72 -22 -1
72 -22 -15
72 -23 0
72 -23 -5
72 -23 -16
72 -24 -9
72 -24 -16
72 -24 -17
72 -24 -24
72 -24 -26
72 -25 -1
72 -25 -8
72 -25 -13
72 -25 -15
72 -25 -18
72 -25 -19
72 -25 -23
72 -26 -28
72 -27 -7
72 -27 -18
72 -27 -23
72 -27 -28
72 -28 -3
72 -28 -14
72 -29 -12
72 -29 -20
72 -29 -25
72 -29 -28
72 -30 -6
72 -31 0
72 -31 -2
72 -31 -19
72 -31 -21
72 -31 -24
73 0 -14
73 0 -29
73 -1 -2
73 -1 -5
73 -1 -10
73 -1 -22
73 -2 -10
73 -2 -14
73 -2 -24
73 -3 -6
73 -4 -2
73 -4 -11
73 -4 -16
73 -4 -26
73 -5 -31
73 -6 -4
73 -6 -6
73 -6 -13
73 -6 -17
73 -6 -18
73 -7 -22
73 -7 -24
73 -7 -29
73 -8 -8
73 -8 -28
73 -9 -10
73 -9 -12
73 -9 -21
73 -10 -1
73 -10 -27
73 -11 -16
73 -11 -18
73 -11 -28
73 -12 -31
73 -13 -4
73 -13 -7
73 -13 -8
73 -13 -23
73 -13 -25
73 -13 -30
73 -13 -31
73 -14 -1
73 -14 -14
73 -14 -17
73 -14 -19
73 -14 -29
73 -15 -7
73 -17 -2
73 -17 -9
73 -17 -18
73 -17 -20
73 -17 -25
73 -20 -13
73 -20 -16
73 -20 -25
73 -20 -26
73 -21 -7
73 -21 -8
73 -21 -10
73 -22 0
73 -22 -1
73 -22 -15
73 -23 0
73 -23 -5
73 -23 -16
73 -24 -9
73 -24 -16
73 -24 -17
73 -24 -24
73 -24 -26
73 -25 -1
73 -25 -8
73 -25 -13
73 -25 -15
73 -25 -18
73 -25 -19
73 -25 -23
73 -26 -28
73 -27 -7
73 -27 -18
73 -27 -23
73 -27 -28
73 -28 -3
73 -28 -14
73 -29 -12
73 -29 -20
73 -29 -25
73 -29 -28
73 -30 -6
73 -31 0
73 -31 -2
73 -31 -19
73 -31 -21
73 -31 -24
74 0 -14
74 0 -29
74 -1 -2
74 -1 -5
74 -1 -10
74 -1 -22
74 -2 -10
74 -2 -14
74 -2 -24
74 -3 -6
74 -4 -2
74 -4 -11
74 -4 -16
74 -4 -26
74 -5 -31
74 -6 -4
74 -6 -6
74 -6 -13
74 -6 -17
74 -6 -18
74 -7 -22
74 -7 -24
74 -7 -29
74 -8 -8
74 -8 -28
74 -9 -10
74 -9 -12
74 -9 -21
74 -10 -1
74 -10 -27
74 -11 -16
74 -11 -18
74 -11 -28
74 -12 -31
74 -13 -4
74 -13 -7
74 -13 -8
74 -13 -23
74 -13 -25
74 -13 -30
74 -13 -31
74 -14 -1
74 -14 -14
74 -14 -17
74 -14 -19
74 -14 -29
74 -15 -7
74 -17 -2
74 -17 -9
74 -17 -18
74 -17 -20
74 -17 -25
74 -20 -13
74 -20 -16
74 -20 -25
74 -20 -26
74 -21 -7
74 -21 -8
74 -21 -10
74 -22 0
74 -22 -1
74 -22 -15
74 -23 0
74 -23 -5
74 -23 -16
74 -24 -9
74 -24 -16
74 -24 -17
74 -24 -24
74 -24 -26
74 -25 -1
74 -25 -8
74 -25 -13
74 -25 -15
74 -25 -18
74 -25 -19
74 -25 -23
74 -26 -28
74 -27 -7
74 -27 -18
74 -27 -23
74 -27 -28
74 -28 -3
74 -28 -14
74 -29 -12
74 -29 -20
74 -29 -25
74 -29 -28
74 -30 -6
74 -31 0
74 -31 -2
74 -31 -19
74 -31 -21
74 -31 -24
75 0 -14
75 0 -29
75 -1 -2
75 -1 -5
75 -1 -10
75 -1 -22
75 -2 -10
75 -2 -14
75 -2 -24
75 -3 -6
75 -4 -2
75 -4 -11
75 -4 -16
75 -4 -26
75 -5 -31
75 -6 -4
75 -6 -6
75 -6 -13
75 -6 -17
75 -6 -18
75 -7 -22
75 -7 -24
75 -7 -29
75 -8 -8
75 -8 -28
75 -9 -10
75 -9 -12
75 -9 -21
75 -10 -1
75 -10 -27
75 -11 -16
75 -11 -18
75 -11 -28
75 -12 -31
75 -13 -4
75 -13 -7
75 -13 -8
75 -13 -23
75 -13 -25
75 -13 -30
75 -13 -31
75 -14 -1
75 -14 -14
75 -14 -17
75 -14 -19
75 -14 -29
75 -15 -7
75 -17 -2
75 -17 -9
75 -17 -18
75 -17 -20
75 -17 -25
75 -20 -13
75 -20 -16
75 -20 -25
75 -20 -26
75 -21 -7
75 -21 -8
75 -21 -10
75 -22 0
75 -22 -1
75 -22 -15
75 -23 0
75 -23 -5
75 -23 -16
75 -24 -9
75 -24 -16
75 -24 -17
75 -24 -24
75 -24 -26
75 -25 -1
75 -25 -8
75 -25 -13
75 -25 -15
75 -25 -18
75 -25 -19
75 -25 -23
75 -26 -28
75 -27 -7
75 -27 -18
75 -27 -23
75 -27 -28
75 -28 -3
75 -28 -14
75 -29 -12
75 -29 -20
75 -29 -25
75 -29 -28
75 -30 -6
75 -31 0
75 -31 -2
75 -31 -19
75 -31 -21
75 -31 -24
76 0 -14
76 0 -29
76 -1 -2
76 -1 -5
76 -1 -10
76 -1 -22
76 -2 -10
76 -2 -14
76 -2 -24
76 -3 -6
76 -4 -2
76 -4 -11
76 -4 -16
76 -4 -26
76 -5 -31
76 -6 -4
76 -6 -6
76 -6 -13
76 -6 -17
76 -6 -18
76 -7 -22
76 -7 -24
76 -7 -29
76 -8 -8
76 -8 -28
76 -9 -10
76 -9 -12
76 -9 -21
76 -10 -1
76 -10 -27
76 -11 -16
76 -11 -18
76 -11 -28
76 -12 -31
76 -13 -4
76 -13 -7
76 -13 -8
76 -13 -23
76 -13 -25
76 -13 -30
76 -13 -31
76 -14 -1
76 -14 -14
76 -14 -17
76 -14 -19
76 -14 -29
76 -15 -7
76 -17 -2
76 -17 -9
76 -17 -18
76 -17 -20
76 -17 -25
76 -20 -13
76 -20 -16
76 -20 -25
76 -20 -26
76 -21 -7
76 -21 -8
76 -21 -10
76 -22 0
76 -22 -1
76 -22 -15
76 -23 0
76 -23 -5
76 -23 -16
76 -24 -9
76 -24 -16
76 -24 -17
76 -24 -24
76 -24 -26
76 -25 -1
76 -25 -8
76 -25 -13
76 -25 -15
76 -25 -18
76 -25 -19
76 -25 -23
76 -26 -28
76 -27 -7
76 -27 -18
76 -27 -23
76 -27 -28
76 -28 -3
76 -28 -14
76 -29 -12
76 -29 -20
76 -29 -25
76 -29 -28
76 -30 -6
76 -31 0
76 -31 -2
76 -31 -19
76 -31 -21
76 -31 -24
77 0 -14
77 0 -29
77 -1 -2
77 -1 -5
77 -1 -10
77 -1 -22
77 -2 -10
77 -2 -14
77 -2 -24
77 -3 -6
77 -4 -2
77 -4 -11
77 -4 -16
77 -4 -26
77 -5 -31
77 -6 -4
77 -6 -6
77 -6 -13
77 -6 -17
77 -6 -18
77 -7 -22
77 -7 -24
77 -7 -29
77 -8 -8
77 -8 -28
77 -9 -10
77 -9 -12
77 -9 -21
77 -10 -1
77 -10 -27
77 -11 -16
77 -11 -18
77 -11 -28
77 -12 -31
77 -13 -4
77 -13 -7
77 -13 -8
77 -13 -23
77 -13 -25
77 -13 -30
77 -13 -31
77 -14 -1
77 -14 -14
77 -14 -17
77 -14 -19
77 -14 -29
77 -15 -7
77 -17 -2
77 -17 -9
77 -17 -18
77 -17 -20
77 -17 -25
77 -20 -13
77 -20 -16
77 -20 -25
77 -20 -26
77 -21 -7
77 -21 -8
77 -21 -10
77 -22 0
77 -22 -1
77 -22 -15
77 -23 0
77 -23 -5
77 -23 -16
77 -24 -9
77 -24 -16
77 -24 -17
77 -24 -24
77 -24 -26
77 -25 -1
77 -25 -8
77 -25 -13
77 -25 -15
77 -25 -18
77 -25 -19
77 -25 -23
77 -26 -28
77 -27 -7
77 -27 -18
77 -27 -23
77 -27 -28
77 -28 -3
77 -28 -14
77 -29 -12
77 -29 -20
77 -29 -25
77 -29 -28
77 -30 -6
77 -31 0
77 -31 -2
77 -31 -19
77 -31 -21
77 -31 -24
78 0 -14
78 0 -29
78 -1 -2
78 -1 -5
78 -1 -10
78 -1 -22
78 -2 -10
78 -2 -14
78 -2 -24
78 -3 -6
78 -4 -2
78 -4 -11
78 -4 -16
78 -4 -26
78 -5 -31
78 -6 -4
78 -6 -6
78 -6 -13
78 -6 -17
78 -6 -18
78 -7 -22
78 -7 -24
78 -7 -29
78 -8 -8
78 -8 -28
78 -9 -10
78 -9 -12
78 -9 -21
78 -10 -1
78 -10 -27
78 -11 -16
78 -11 -18
78 -11 -28
78 -12 -31
78 -13 -4
78 -13 -7
78 -13 -8
78 -13 -23
78 -13 -25
78 -13 -30
78 -13 -31
78 -14 -1
78 -14 -14
78 -14 -17
78 -14 -19
78 -14 -29
78 -15 -7
78 -17 -2
78 -17 -9
78 -17 -18
78 -17 -20
78 -17 -25
78 -20 -13
78 -20 -16
78 -20 -25
78 -20 -26
78 -21 -7
78 -21 -8
78 -21 -10
78 -22 0
78 -22 -1
78 -22 -15
78 -23 0
78 -23 -5
78 -23 -16
78 -24 -9
78 -24 -16
78 -24 -17
78 -24 -24
78 -24 -26
78 -25 -1
78 -25 -8
78 -25 -13
78 -25 -15
78 -25 -18
78 -25 -19
78 -25 -23
78 -26 -28
78 -27 -7
78 -27 -18
78 -27 -23
78 -27 -28
78 -28 -3
78 -28 -14
78 -29 -12
78 -29 -20
78 -29 -25
78 -29 -28
78 -30 -6
78 -31 0
78 -31 -2
78 -31 -19
78 -31 -21
78 -31 -24
79 0 -14
79 0 -29
79 -1 -2
79 -1 -5
79 -1 -10
79 -1 -22
79 -2 -10
79 -2 -14
79 -2 -24
79 -3 -6
79 -4 -2
79 -4 -11
79 -4 -16
79 -4 -26
79 -5 -31
79 -6 -4
79 -6 -6
79 -6 -13
79 -6 -17
79 -6 -18
79 -7 -22
79 -7 -24
79 -7 -29
79 -8 -8
79 -8 -28
79 -9 -10
79 -9 -12
79 -9 -21
79 -10 -1
79 -10 -27
79 -11 -16
79 -11 -18
79 -11 -28
79 -12 -31
79 -13 -4
79 -13 -7
79 -13 -8
79 -13 -23
79 -13 -25
79 -13 -30
79 -13 -31
79 -14 -1
79 -14 -14
79 -14 -17
79 -14 -19
79 -14 -29
79 -15 -7
79 -17 -2
79 -17 -9
79 -17 -18
79 -17 -20
79 -17 -25
79 -20 -13
79 -20 -16
79 -20 -25
79 -20 -26
79 -21 -7
79 -21 -8
79 -21 -10
79 -22 0
79 -22 -1
79 -22 -15
79 -23 0
79 -23 -5
79 -23 -16
79 -24 -9
79 -24 -16
79 -24 -17
79 -24 -24
79 -24 -26
79 -25 -1
79 -25 -8
79 -25 -13
79 -25 -15
79 -25 -18
79 -25 -19
79 -25 -23
79 -26 -28
79 -27 -7
79 -27 -18
79 -27 -23
79 -27 -28
79 -28 -3
79 -28 -14
79 -29 -12
79 -29 -20
79 -29 -25
79 -29 -28
79 -30 -6
79 -31 0
79 -31 -2
79 -31 -19
79 -31 -21
79 -31 -24
80 0 -14
80 0 -29
80 -1 -2
80 -1 -5
80 -1 -10
80 -1 -22
80 -2 -10
80 -2 -14
80 -2 -24
80 -3 -6
80 -4 -2
80 -4 -11
80 -4 -16
80 -4 -26
80 -5 -31
80 -6 -4
80 -6 -6
80 -6 -13
80 -6 -17
80 -6 -18
80 -7 -22
80 -7 -24
80 -7 -29
80 -8 -8
80 -8 -28
80 -9 -10
80 -9 -12
80 -9 -21
80 -10 -1
80 -10 -27
80 -11 -16
80 -11 -18
80 -11 -28
80 -12 -31
80 -13 -4
80 -13 -7
80 -13 -8
80 -13 -23
80 -13 -25
80 -13 -30
80 -13 -31
80 -14 -1
80 -14 -14
80 -14 -17
80 -14 -19
80 -14 -29
80 -15 -7
80 -17 -2
80 -17 -9
80 -17 -18
80 -17 -20
80 -17 -25
80 -20 -13
80 -20 -16
80 -20 -25
80 -20 -26
80 -21 -7
80 -21 -8
80 -21 -10
80 -22 0
80 -22 -1
80 -22 -15
80 -23 0
80 -23 -5
80 -23 -16
80 -24 -9
80 -24 -16
80 -24 -17
80 -24 -24
80 -24 -26
80 -25 -1
80 -25 -8
80 -25 -13
80 -25 -15
80 -25 -18
80 -25 -19
80 -25 -23
80 -26 -28
80 -27 -7
80 -27 -18
80 -27 -23
80 -27 -28
80 -28 -3
80 -28 -14
80 -29 -12
80 -29 -20
80 -29 -25
80 -29 -28
80 -30 -6
80 -31 0
80 -31 -2
80 -31 -19
80 -31 -21
80 -31 -24
81 0 -14
81 0 -29
81 -1 -2
81 -1 -5
81 -1 -10
81 -1 -22
81 -2 -10
81 -2 -14
81 -2 -24
81 -3 -6
81 -4 -2
81 -4 -11
81 -4 -16
81 -4 -26
81 -5 -31
81 -6 -4
81 -6 -6
81 -6 -13
81 -6 -17
81 -6 -18
81 -7 -22
81 -7 -24
81 -7 -29
81 -8 -8
81 -8 -28
81 -9 -10
81 -9 -12
81 -9 -21
81 -10 -1
81 -10 -27
81 -11 -16
81 -11 -18
81 -11 -28
81 -12 -31
81 -13 -4
81 -13 -7
81 -13 -8
81 -13 -23
81 -13 -25
81 -13 -30
81 -13 -31
81 -14 -1
81 -14 -14
81 -14 -17
81 -14 -19
81 -14 -29
81 -15 -7
81 -17 -2
81 -17 -9
81 -17 -18
81 -17 -20
81 -17 -25
81 -20 -13
81 -20 -16
81 -20 -25
81 -20 -26
81 -21 -7
81 -21 -8
81 -21 -10
81 -22 0
81 -22 -1
81 -22 -15
81 -23 0
81 -23 -5
81 -23 -16
81 -24 -9
81 -24 -16
81 -24 -17
81 -24 -24
81 -24 -26
81 -25 -1
81 -25 -8
81 -25 -13
81 -25 -15
81 -25 -18
81 -25 -19
81 -25 -23
81 -26 -28
81 -27 -7
81 -27 -18
81 -27 -23
81 -27 -28
81 -28 -3
81 -28 -14
81 -29 -12
81 -29 -20
81 -29 -25
81 -29 -28
81 -30 -6
81 -31 0
81 -31 -2
81 -31 -19
81 -31 -21
81 -31 -24
82 0 -14
82 0 -29
82 -1 -2
82 -1 -5
82 -1 -10
82 -1 -22
82 -2 -10
82 -2 -14
82 -2 -24
82 -3 -6
82 -4 -2
82 -4 -11
82 -4 -16
82 -4 -26
82 -5 -31
82 -6 -4
82 -6 -6
82 -6 -13
82 -6 -17
82 -6 -18
82 -7 -22
82 -7 -24
82 -7 -29
82 -8 -8
82 -8 -28
82 -9 -10
82 -9 -12
82 -9 -21
82 -10 -1
82 -10 -27
82 -11 -16
82 -11 -18
82 -11 -28
82 -12 -31
82 -13 -4
82 -13 -7
82 -13 -8
82 -13 -23
82 -13 -25
82 -13 -30
82 -13 -31
82 -14 -1
82 -14 -14
82 -14 -17
82 -14 -19
82 -14 -29
82 -15 -7
82 -17 -2
82 -17 -9
82 -17 -18
82 -17 -20
82 -17 -25
82 -20 -13
82 -20 -16
82 -20 -25
82 -20 -26
82 -21 -7
82 -21 -8
82 -21 -10
82 -22 0
82 -22 -1
82 -22 -15
82 -23 0
82 -23 -5
82 -23 -16
82 -24 -9
82 -24 -16
82 -24 -17
82 -24 -24
82 -24 -26
82 -25 -1
82 -25 -8
82 -25 -13
82 -25 -15
82 -25 -18
82 -25 -19
82 -25 -23
82 -26 -28
82 -27 -7
82 -27 -18
82 -27 -23
82 -27 -28
82 -28 -3
82 -28 -14
82 -29 -12
82 -29 -20
82 -29 -25
82 -29 -28
82 -30 -6
82 -31 0
82 -31 -2
82 -31 -19
82 -31 -21
82 -31 -24
83 0 -14
83 0 -29
83 -1 -2
83 -1 -5
83 -1 -10
83 -1 -22
83 -2 -10
83 -2 -14
83 -2 -24
83 -3 -6
83 -4 -2
83 -4 -11
83 -4 -16
83 -4 -26
83 -5 -31
83 -6 -4
83 -6 -6
83 -6 -13
83 -6 -17
83 -6 -18
83 -7 -22
83 -7 -24
83 -7 -29
83 -8 -8
83 -8 -28
83 -9 -10
83 -9 -12
83 -9 -21
83 -10 -1
83 -10 -27
83 -11 -16
83 -11 -18
83 -11 -28
83 -12 -31
83 -13 -4
83 -13 -7
83 -13 -8
83 -13 -23
83 -13 -25
83 -13 -30
83 -13 -31
83 -14 -1
83 -14 -14
83 -14 -17
83 -14 -19
83 -14 -29
83 -15 -7
83 -17 -2
83 -17 -9
83 -17 -18
83 -17 -20
83 -17 -25
83 -20 -13
83 -20 -16
83 -20 -25
83 -20 -26
83 -21 -7
83 -21 -8
83 -21 -10
83 -22 0
83 -22 -1
83 -22 -15
83 -23 0
83 -23 -5
83 -23 -16
83 -24 -9
83 -24 -16
83 -24 -17
83 -24 -24
83 -24 -26
83 -25 -1
83 -25 -8
83 -25 -13
83 -25 -15
83 -25 -18
83 -25 -19
83 -25 -23
83 -26 -28
83 -27 -7
83 -27 -18
83 -27 -23
83 -27 -28
83 -28 -3
83 -28 -14
83 -29 -12
83 -29 -20
83 -29 -25
83 -29 -28
83 -30 -6
83 -31 0
83 -31 -2
83 -31 -19
83 -31 -21
83 -31 -24
84 0 -14
84 0 -29
84 -1 -2
84 -1 -5
84 -1 -10
84 -1 -22
84 -2 -10
84 -2 -14
84 -2 -24
84 -3 -6
84 -4 -2
84 -4 -11
84 -4 -16
84 -4 -26
84 -5 -31
84 -6 -4
84 -6 -6
84 -6 -13
84 -6 -17
84 -6 -18
84 -7 -22
84 -7 -24
84 -7 -29
84 -8 -8
84 -8 -28
84 -9 -10
84 -9 -12
84 -9 -21
84 -10 -1
84 -10 -27
84 -11 -16
84 -11 -18
84 -11 -28
84 -12 -31
84 -13 -4
84 -13 -7
84 -13 -8
84 -13 -23
84 -13 -25
84 -13 -30
84 -13 -31
84 -14 -1
84 -14 -14
84 -14 -17
84 -14 -19
84 -14 -29
84 -15 -7
84 -17 -2
84 -17 -9
84 -17 -18
84 -17 -20
84 -17 -25
84 -20 -13
84 -20 -16
84 -20 -25
84 -20 -26
84 -21 -7
84 -21 -8
84 -21 -10
84 -22 0
84 -22 -1
84 -22 -15
84 -23 0
84 -23 -5
84 -23 -16
84 -24 -9
84 -24 -16
84 -24 -17
84 -24 -24
84 -24 -26
84 -25 -1
84 -25 -8
84 -25 -13
84 -25 -15
84 -25 -18
84 -25 -19
84 -25 -23
84 -26 -28
84 -27 -7
84 -27 -18
84 -27 -23
84 -27 -28
84 -28 -3
84 -28 -14
84 -29 -12
84 -29 -20
84 -29 -25
84 -29 -28
84 -30 -6
84 -31 0
84 -31 -2
84 -31 -19
84 -31 -21
84 -31 -24
85 0 -14
85 0 -29
85 -1 -2
85 -1 -5
85 -1 -10
85 -1 -22
85 -2 -10
85 -2 -14
85 -2 -24
85 -3 -6
85 -4 -2
85 -4 -11
85 -4 -16
85 -4 -26
85 -5 -31
85 -6 -4
85 -6 -6
85 -6 -13
85 -6 -17
85 -6 -18
85 -7 -22
85 -7 -24
85 -7 -29
85 -8 -8
85 -8 -28
85 -9 -10
85 -9 -12
85 -9 -21
85 -10 -1
85 -10 -27
85 -11 -16
85 -11 -18
85 -11 -28
85 -12 -31
85 -13 -4
85 -13 -7
85 -13 -8
85 -13 -23
85 -13 -25
85 -13 -30
85 -13 -31
85 -14 -1
85 -14 -14
85 -14 -17
85 -14 -19
85 -14 -29
85 -15 -7
85 -17 -2
85 -17 -9
85 -17 -18
85 -17 -20
85 -17 -25
85 -20 -13
85 -20 -16
85 -20 -25
85 -20 -26
85 -21 -7
85 -21 -8
85 -21 -10
85 -22 0
85 -22 -1
85 -22 -15
85 -23 0
85 -23 -5
85 -23 -16
85 -24 -9
85 -24 -16
85 -24 -17
85 -24 -24
85 -24 -26
85 -25 -1
85 -25 -8
85 -25 -13
85 -25 -15
85 -25 -18
85 -25 -19
85 -25 -23
85 -26 -28
85 -27 -7
85 -27 -18
85 -27 -23
85 -27 -28
85 -28 -3
85 -28 -14
85 -29 -12
85 -29 -20
85 -29 -25
85 -29 -28
85 -30 -6
85 -31 0
85 -31 -2
85 -31 -19
85 -31 -21
85 -31 -24
86 0 -14
86 0 -29
86 -1 -2
86 -1 -5
86 -1 -10
86 -1 -22
86 -2 -10
86 -2 -14
86 -2 -24
86 -3 -6
86 -4 -2
86 -4 -11
86 -4 -16
86 -4 -26
86 -5 -31
86 -6 -4
86 -6 -6
86 -6 -13
86 -6 -17
86 -6 -18
86 -7 -22
86 -7 -24
86 -7 -29
86 -8 -8
86 -8 -28
86 -9 -10
86 -9 -12
86 -9 -21
86 -10 -1
86 -10 -27
86 -11 -16
86 -11 -18
86 -11 -28
86 -12 -31
86 -13 -4
86 -13 -7
86 -13 -8
86 -13 -23
86 -13 -25
86 -13 -30
86 -13 -31
86 -14 -1
86 -14 -14
86 -14 -17
86 -14 -19
86 -14 -29
86 -15 -7
86 -17 -2
86 -17 -9
86 -17 -18
86 -17 -20
86 -17 -25
86 -20 -13
86 -20 -16
86 -20 -25
86 -20 -26
86 -21 -7
86 -21 -8
86 -21 -10
86 -22 0
86 -22 -1
86 -22 -15
86 -23 0
86 -23 -5
86 -23 -16
86 -24 -9
86 -24 -16
86 -24 -17
86 -24 -24
86 -24 -26
86 -25 -1
86 -25 -8
86 -25 -13
86 -25 -15
86 -25 -18
86 -25 -19
86 -25 -23
86 -26 -28
86 -27 -7
86 -27 -18
86 -27 -23
86 -27 -28
86 -28 -3
86 -28 -14
86 -29 -12
86 -29 -20
86 -29 -25
86 -29 -28
86 -30 -6
86 -31 0
86 -31 -2
86 -31 -19
86 -31 -21
86 -31 -24
87 0 -14
87 0 -29
87 -1 -2
87 -1 -5
87 -1 -10
87 -1 -22
87 -2 -10
87 -2 -14
87 -2 -24
87 -3 -6
87 -4 -2
87 -4 -11
87 -4 -16
87 -4 -26
87 -5 -31
87 -6 -4
87 -6 -6
87 -6 -13
87 -6 -17
87 -6 -18
87 -7 -22
87 -7 -24
87 -7 -29
87 -8 -8
87 -8 -28
87 -9 -10
87 -9 -12
87 -9 -21
87 -10 -1
87 -10 -27
87 -11 -16
87 -11 -18
87 -11 -28
87 -12 -31
87 -13 -4
87 -13 -7
87 -13 -8
87 -13 -23
87 -13 -25
87 -13 -30
87 -13 -31
87 -14 -1
87 -14 -14
87 -14 -17
87 -14 -19
87 -14 -29
87 -15 -7
87 -17 -2
87 -17 -9
87 -17 -18
87 -17 -20
87 -17 -25
87 -20 -13
87 -20 -16
87 -20 -25
87 -20 -26
87 -21 -7
87 -21 -8
87 -21 -10
87 -22 0
87 -22 -1
87 -22 -15
87 -23 0
87 -23 -5
87 -23 -16
87 -24 -9
87 -24 -16
87 -24 -17
87 -24 -24
87 -24 -26
87 -25 -1
87 -25 -8
87 -25 -13
87 -25 -15
87 -25 -18
87 -25 -19
87 -25 -23
87 -26 -28
87 -27 -7
87 -27 -18
87 -27 -23
87 -27 -28
87 -28 -3
87 -28 -14
87 -29 -12
87 -29 -20
87 -29 -25
87 -29 -28
87 -30 -6
87 -31 0
87 -31 -2
87 -31 -19
87 -31 -21
87 -31 -24
88 0 -14
88 0 -29
88 -1 -2
88 -1 -5
88 -1 -10
88 -1 -22
88 -2 -10
88 -2 -14
88 -2 -24
88 -3 -6
88 -4 -2
88 -4 -11
88 -4 -16
88 -4 -26
88 -5 -31
88 -6 -4
88 -6 -6
88 -6 -13
88 -6 -17
88 -6 -18
88 -7 -22
88 -7 -24
88 -7 -29
88 -8 -8
88 -8 -28
88 -9 -10
88 -9 -12
88 -9 -21
88 -10 -1
88 -10 -27
88 -11 -16
88 -11 -18
88 -11 -28
88 -12 -31
88 -13 -4
88 -13 -7
88 -13 -8
88 -13 -23
88 -13 -25
88 -13 -30
88 -13 -31
88 -14 -1
88 -14 -14
88 -14 -17
88 -14 -19
88 -14 -29
88 -15 -7
88 -17 -2
88 -17 -9
88 -17 -18
88 -17 -20
88 -17 -25
88 -20 -13
88 -20 -16
88 -20 -25
88 -20 -26
88 -21 -7
88 -21 -8
88 -21 -10
88 -22 0
88 -22 -1
88 -22 -15
88 -23 0
88 -23 -5
88 -23 -16
88 -24 -9
88 -24 -16
88 -24 -17
88 -24 -24
88 -24 -26
88 -25 -1
88 -25 -8
88 -25 -13
88 -25 -15
88 -25 -18
88 -25 -19
88 -25 -23
88 -26 -28
88 -27 -7
88 -27 -18
88 -27 -23
88 -27 -28
88 -28 -3
88 -28 -14
88 -29 -12
88 -29 -20
88 -29 -25
88 -29 -28
88 -30 -6
88 -31 0
88 -31 -2
88 -31 -19
88 -31 -21
88 -31 -24
89 0 -14
89 0 -29
89 -1 -2
89 -1 -5
89 -1 -10
89 -1 -22
89 -2 -10
89 -2 -14
89 -2 -24
89 -3 -6
89 -4 -2
89 -4 -11
89 -4 -16
89 -4 -26
89 -5 -31
89 -6 -4
89 -6 -6
89 -6 -13
89 -6 -17
89 -6 -18
89 -7 -22
89 -7 -24
89 -7 -29
89 -8 -8
89 -8 -28
89 -9 -10
89 -9 -12
89 -9 -21
89 -10 -1
89 -10 -27
89 -11 -16
89 -11 -18
89 -11 -28
89 -12 -31
89 -13 -4
89 -13 -7
89 -13 -8
89 -13 -23
89 -13 -25
89 -13 -30
89 -13 -31
89 -14 -1
89 -14 -14
89 -14 -17
89 -14 -19
89 -14 -29
89 -15 -7
89 -17 -2
89 -17 -9
89 -17 -18
89 -17 -20
89 -17 -25
89 -20 -13
89 -20 -16
89 -20 -25
89 -20 -26
89 -21 -7
89 -21 -8
89 -21 -10
89 -22 0
89 -22 -1
89 -22 -15
89 -23 0
89 -23 -5
89 -23 -16
89 -24 -9
89 -24 -16
89 -24 -17
89 -24 -24
89 -24 -26
89 -25 -1
89 -25 -8
89 -25 -13
89 -25 -15
89 -25 -18
89 -25 -19
89 -25 -23
89 -26 -28
89 -27 -7
89 -27 -18
89 -27 -23
89 -27 -28
89 -28 -3
89 -28 -14
89 -29 -12
89 -29 -20
89 -29 -25
89 -29 -28
89 -30 -6
89 -31 0
89 -31 -2
89 -31 -19
89 -31 -21
89 -31 -24
90 0 -14
90 0 -29
90 -1 -2
90 -1 -5
90 -1 -10
90 -1 -22
90 -2 -10
90 -2 -14
90 -2 -24
90 -3 -6
90 -4 -2
90 -4 -11
90 -4 -16
90 -4 -26
90 -5 -31
90 -6 -4
90 -6 -6
90 -6 -13
90 -6 -17
90 -6 -18
90 -7 -22
90 -7 -24
90 -7 -29
90 -8 -8
90 -8 -28
90 -9 -10
90 -9 -12
90 -9 -21
90 -10 -1
90 -10 -27
90 -11 -16
90 -11 -18
90 -11 -28
90 -12 -31
90 -13 -4
90 -13 -7
90 -13 -8
90 -13 -23
90 -13 -25
90 -13 -30
90 -13 -31
90 -14 -1
90 -14 -14
90 -14 -17
90 -14 -19
90 -14 -29
90 -15 -7
90 -17 -2
90 -17 -9
90 -17 -18
90 -17 -20
90 -17 -25
90 -20 -13
90 -20 -16
90 -20 -25
90 -20 -26
90 -21 -7
90 -21 -8
90 -21 -10
90 -22 0
90 -22 -1
90 -22 -15
90 -23 0
90 -23 -5
90 -23 -16
90 -24 -9
90 -24 -16
90 -24 -17
90 -24 -24
90 -24 -26
90 -25 -1
90 -25 -8
90 -25 -13
90 -25 -15
90 -25 -18
90 -25 -19
90 -25 -23
90 -26 -28
90 -27 -7
90 -27 -18
90 -27 -23
90 -27 -28
90 -28 -3
90 -28 -14
90 -29 -12
90 -29 -20
90 -29 -25
90 -29 -28
90 -30 -6
90 -31 0
90 -31 -2
90 -31 -19
90 -31 -21
90 -31 -24
91 0 -14
91 0 -29
91 -1 -2
91 -1 -5
91 -1 -10
91 -1 -22
91 -2 -10
91 -2 -14
91 -2 -24
91 -3 -6
91 -4 -2
91 -4 -11
91 -4 -16
91 -4 -26
91 -5 -31
91 -6 -4
91 -6 -6
91 -6 -13
91 -6 -17
91 -6 -18
91 -7 -22
91 -7 -24
91 -7 -29
91 -8 -8
91 -8 -28
91 -9 -10
91 -9 -12
91 -9 -21
91 -10 -1
91 -10 -27
91 -11 -16
91 -11 -18
91 -11 -28
91 -12 -31
91 -13 -4
91 -13 -7
91 -13 -8
91 -13 -23
91 -13 -25
91 -13 -30
91 -13 -31
91 -14 -1
91 -14 -14
91 -14 -17
91 -14 -19
91 -14 -29
91 -15 -7
91 -17 -2
91 -17 -9
91 -17 -18
91 -17 -20
91 -17 -25
91 -20 -13
91 -20 -16
91 -20 -25
91 -20 -26
91 -21 -7
91 -21 -8
91 -21 -10
91 -22 0
91 -22 -1
91 -22 -15
91 -23 0
91 -23 -5
91 -23 -16
91 -24 -9
91 -24 -16
91 -24 -17
91 -24 -24
91 -24 -26
91 -25 -1
91 -25 -8
91 -25 -13
91 -25 -15
91 -25 -18
91 -25 -19
91 -25 -23
91 -26 -28
91 -27 -7
91 -27 -18
91 -27 -23
91 -27 -28
91 -28 -3
91 -28 -14
91 -29 -12
91 -29 -20
91 -29 -25
91 -29 -28
91 -30 -6
91 -31 0
91 -31 -2
91 -31 -19
91 -31 -21
91 -31 -24
92 0 -14
92 0 -29
92 -1 -2
92 -1 -5
92 -1 -10
92 -1 -22
92 -2 -10
92 -2 -14
92 -2 -24
92 -3 -6
92 -4 -2
92 -4 -11
92 -4 -16
92 -4 -26
92 -5 -31
92 -6 -4
92 -6 -6
92 -6 -13
92 -6 -17
92 -6 -18
92 -7 -22
92 -7 -24
92 -7 -29
92 -8 -8
92 -8 -28
92 -9 -10
92 -9 -12
92 -9 -21
92 -10 -1
92 -10 -27
92 -11 -16
92 -11 -18
92 -11 -28
92 -12 -31
92 -13 -4
92 -13 -7
92 -13 -8
92 -13 -23
92 -13 -25
92 -13 -30
92 -13 -31
92 -14 -1
92 -14 -14
92 -14 -17
92 -14 -19
92 -14 -29
92 -15 -7
92 -17 -2
92 -17 -9
92 -17 -18
92 -17 -20
92 -17 -25
92 -20 -13
92 -20 -16
92 -20 -25
92 -20 -26
92 -21 -7
92 -21 -8
92 -21 -10
92 -22 0
92 -22 -1
92 -22 -15
92 -23 0
92 -23 -5
92 -23 -16
92 -24 -9
92 -24 -16
92 -24 -17
92 -24 -24
92 -24 -26
92 -25 -1
92 -25 -8
92 -25 -13
92 -25 -15
92 -25 -18
92 -25 -19
92 -25 -23
92 -26 -28
92 -27 -7
92 -27 -18
92 -27 -23
92 -27 -28
92 -28 -3
92 -28 -14
92 -29 -12
92 -29 -20
92 -29 -25
92 -29 -28
92 -30 -6
92 -31 0
92 -31 -2
92 -31 -19
92 -31 -21
92 -31 -24
93 0 -14
93 0 -29
93 -1 -2
93 -1 -5
93 -1 -10
93 -1 -22
93 -2 -10
93 -2 -14
93 -2 -24
93 -3 -6
93 -4 -2
93 -4 -11
93 -4 -16
93 -4 -26
93 -5 -31
93 -6 -4
93 -6 -6
93 -6 -13
93 -6 -17
93 -6 -18
93 -7 -22
93 -7 -24
93 -7 -29
93 -8 -8
93 -8 -28
93 -9 -10
93 -9 -12
93 -9 -21
93 -10 -1
93 -10 -27
93 -11 -16
93 -11 -18
93 -11 -28
93 -12 -31
93 -13 -4
93 -13 -7
93 -13 -8
93 -13 -23
93 -13 -25
93 -13 -30
93 -13 -31
93 -14 -1
93 -14 -14
93 -14 -17
93 -14 -19
93 -14 -29
93 -15 -7
93 -17 -2
93 -17 -9
93 -17 -18
93 -17 -20
93 -17 -25
93 -20 -13
93 -20 -16
93 -20 -25
93 -20 -26
93 -21 -7
93 -21 -8
93 -21 -10
93 -22 0
93 -22 -1
93 -22 -15
93 -23 0
93 -23 -5
93 -23 -16
93 -24 -9
93 -24 -16
93 -24 -17
93 -24 -24
93 -24 -26
93 -25 -1
93 -25 -8
93 -25 -13
93 -25 -15
93 -25 -18
93 -25 -19
93 -25 -23
93 -26 -28
93 -27 -7
93 -27 -18
93 -27 -23
93 -27 -28
93 -28 -3
93 -28 -14
93 -29 -12
93 -29 -20
93 -29 -25
93 -29 -28
93 -30 -6
93 -31 0
93 -31 -2
93 -31 -19
93 -31 -21
93 -31 -24
-1 -1 -1
91
59
25
44
20
50
11
14
12
17
8
82
60
52
76
28
61
36
93
42
56
78
51
1
81
85
71
10
79
39
67
37
87
57
62
33
4
43
3
75
5
41
66
70
45
38
74
49
47
31
64
18
6
73
22
23
0
34
48
86
26
69
21
13
58
29
27
19
55
30
7
90
83
46
24
88
35
40
80
89
16
63
77
54
68
92
72
15
84
32
9
65
2
53
  0.142681 seconds (215.81 k allocations: 7.413 MiB)
