950 0 0 0 0 0 0 0 0 0 0 0 0
0 0 0 0 0 0 0 0 0 0 0 0 0
0 0 0 0 0 0 0 0 0 0 0 0 0
0 0 0 0 0 0 0 0 0 0 0 0 0
0 0 0 0 0 0 0 0 0 0 0 0 0
0 0 0 0 0 0 0 0 0 0 0 0 0
0 0 0 0 0 0 0 0 0 0 0 0 0
0 0 0 0 0 0 0 0 0 0 0 0 0
0 0 0 0 0 0 0 0 0 0 0 0 0
0 0 0 0 0 0 0 0 0 0 0 0 0
0 0 0 0 0 0 0 0 0 0 0 0 0
0 0 0 0 0 0 0 0 0 0 0 0 0
0 0 0 0 0 0 0 0 0 0 0 0 0
0 0 -1
0 0 -2
0 0 -5
0 0 -6
0 0 -9
0 0 -12
0 -1 0
0 -1 -1
0 -1 -5
0 -1 -7
0 -1 -9
0 -1 -10
0 -1 -12
0 -2 -4
0 -2 -6
0 -2 -10
0 -2 -12
0 -3 0
0 -3 -2
0 -3 -3
0 -3 -4
0 -3 -5
0 -3 -7
0 -3 -11
0 -3 -12
0 -4 0
0 -4 -1
0 -4 -4
0 -4 -5
0 -4 -6
0 -4 -7
0 -4 -11
0 -5 -1
0 -5 -2
0 -5 -5
0 -5 -7
0 -5 -8
0 -5 -9
0 -5 -12
0 -6 0
0 -6 -3
0 -6 -5
0 -6 -6
0 -6 -10
0 -6 -11
0 -7 -10
0 -7 -11
0 -8 -3
0 -8 -6
0 -8 -7
0 -8 -8
0 -8 -9
0 -8 -11
0 -9 -1
0 -9 -8
0 -9 -10
0 -9 -11
0 -10 -1
0 -10 -4
0 -10 -5
0 -10 -6
0 -10 -8
0 -10 -11
0 -10 -12
0 -11 -2
0 -11 -3
0 -11 -10
0 -11 -11
0 -12 0
0 -12 -1
0 -12 -2
0 -12 -4
0 -12 -5
0 -12 -7
0 -12 -12
1 0 -1
1 0 -2
1 0 -5
1 0 -6
1 0 -9
1 0 -12
1 -1 0
1 -1 -1
1 -1 -5
1 -1 -7
1 -1 -9
1 -1 -10
1 -1 -12
1 -2 -4
1 -2 -6
1 -2 -10
1 -2 -12
1 -3 0
1 -3 -2
1 -3 -3
1 -3 -4
1 -3 -5
1 -3 -7
1 -3 -11
1 -3 -12
1 -4 0
1 -4 -1
1 -4 -4
1 -4 -5
1 -4 -6
1 -4 -7
1 -4 -11
1 -5 -1
1 -5 -2
1 -5 -5
1 -5 -7
1 -5 -8
1 -5 -9
1 -5 -12
1 -6 0
1 -6 -3
1 -6 -5
1 -6 -6
1 -6 -10
1 -6 -11
1 -7 -10
1 -7 -11
1 -8 -3
1 -8 -6
1 -8 -7
1 -8 -8
1 -8 -9
1 -8 -11
1 -9 -1
1 -9 -8
1 -9 -10
1 -9 -11
1 -10 -1
1 -10 -4
1 -10 -5
1 -10 -6
1 -10 -8
1 -10 -11
1 -10 -12
1 -11 -2
1 -11 -3
1 -11 -10
1 -11 -11
1 -12 0
1 -12 -1
1 -12 -2
1 -12 -4
1 -12 -5
1 -12 -7
1 -12 -12
2 0 -1
2 0 -2
2 0 -5
2 0 -6
2 0 -9
2 0 -12
2 -1 0
2 -1 -1
2 -1 -5
2 -1 -7
2 -1 -9
2 -1 -10
2 -1 -12
2 -2 -4
2 -2 -6
2 -2 -10
2 -2 -12
2 -3 0
2 -3 -2
2 -3 -3
2 -3 -4
2 -3 -5
2 -3 -7
2 -3 -11
2 -3 -12
2 -4 0
2 -4 -1
2 -4 -4
2 -4 -5
2 -4 -6
2 -4 -7
2 -4 -11
2 -5 -1
2 -5 -2
2 -5 -5
2 -5 -7
2 -5 -8
2 -5 -9
2 -5 -12
2 -6 0
2 -6 -3
2 -6 -5
2 -6 -6
2 -6 -10
2 -6 -11
2 -7 -10
2 -7 -11
2 -8 -3
2 -8 -6
2 -8 -7
2 -8 -8
2 -8 -9
2 -8 -11
2 -9 -1
2 -9 -8
2 -9 -10
2 -9 -11
2 -10 -1
2 -10 -4
2 -10 -5
2 -10 -6
2 -10 -8
2 -10 -11
2 -10 -12
2 -11 -2
2 -11 -3
2 -11 -10
2 -11 -11
2 -12 0
2 -12 -1
2 -12 -2
2 -12 -4
2 -12 -5
2 -12 -7
2 -12 -12
3 0 -1
3 0 -2
3 0 -5
3 0 -6
3 0 -9
3 0 -12
3 -1 0
3 -1 -1
3 -1 -5
3 -1 -7
3 -1 -9
3 -1 -10
3 -1 -12
3 -2 -4
3 -2 -6
3 -2 -10
3 -2 -12
3 -3 0
3 -3 -2
3 -3 -3
3 -3 -4
3 -3 -5
3 -3 -7
3 -3 -11
3 -3 -12
3 -4 0
3 -4 -1
3 -4 -4
3 -4 -5
3 -4 -6
3 -4 -7
3 -4 -11
3 -5 -1
3 -5 -2
3 -5 -5
3 -5 -7
3 -5 -8
3 -5 -9
3 -5 -12
3 -6 0
3 -6 -3
3 -6 -5
3 -6 -6
3 -6 -10
3 -6 -11
3 -7 -10
3 -7 -11
3 -8 -3
3 -8 -6
3 -8 -7
3 -8 -8
3 -8 -9
3 -8 -11
3 -9 -1
3 -9 -8
3 -9 -10
3 -9 -11
3 -10 -1
3 -10 -4
3 -10 -5
3 -10 -6
3 -10 -8
3 -10 -11
3 -10 -12
3 -11 -2
3 -11 -3
3 -11 -10
3 -11 -11
3 -12 0
3 -12 -1
3 -12 -2
3 -12 -4
3 -12 -5
3 -12 -7
3 -12 -12
4 0 -1
4 0 -2
4 0 -5
4 0 -6
4 0 -9
4 0 -12
4 -1 0
4 -1 -1
4 -1 -5
4 -1 -7
4 -1 -9
4 -1 -10
4 -1 -12
4 -2 -4
4 -2 -6
4 -2 -10
4 -2 -12
4 -3 0
4 -3 -2
4 -3 -3
4 -3 -4
4 -3 -5
4 -3 -7
4 -3 -11
4 -3 -12
4 -4 0
4 -4 -1
4 -4 -4
4 -4 -5
4 -4 -6
4 -4 -7
4 -4 -11
4 -5 -1
4 -5 -2
4 -5 -5
4 -5 -7
4 -5 -8
4 -5 -9
4 -5 -12
4 -6 0
4 -6 -3
4 -6 -5
4 -6 -6
4 -6 -10
4 -6 -11
4 -7 -10
4 -7 -11
4 -8 -3
4 -8 -6
4 -8 -7
4 -8 -8
4 -8 -9
4 -8 -11
4 -9 -1
4 -9 -8
4 -9 -10
4 -9 -11
4 -10 -1
4 -10 -4
4 -10 -5
4 -10 -6
4 -10 -8
4 -10 -11
4 -10 -12
4 -11 -2
4 -11 -3
4 -11 -10
4 -11 -11
4 -12 0
4 -12 -1
4 -12 -2
4 -12 -4
4 -12 -5
4 -12 -7
4 -12 -12
5 0 -1
5 0 -2
5 0 -5
5 0 -6
5 0 -9
5 0 -12
5 -1 0
5 -1 -1
5 -1 -5
5 -1 -7
5 -1 -9
5 -1 -10
5 -1 -12
5 -2 -4
5 -2 -6
5 -2 -10
5 -2 -12
5 -3 0
5 -3 -2
5 -3 -3
5 -3 -4
5 -3 -5
5 -3 -7
5 -3 -11
5 -3 -12
5 -4 0
5 -4 -1
5 -4 -4
5 -4 -5
5 -4 -6
5 -4 -7
5 -4 -11
5 -5 -1
5 -5 -2
5 -5 -5
5 -5 -7
5 -5 -8
5 -5 -9
5 -5 -12
5 -6 0
5 -6 -3
5 -6 -5
5 -6 -6
5 -6 -10
5 -6 -11
5 -7 -10
5 -7 -11
5 -8 -3
5 -8 -6
5 -8 -7
5 -8 -8
5 -8 -9
5 -8 -11
5 -9 -1
5 -9 -8
5 -9 -10
5 -9 -11
5 -10 -1
5 -10 -4
5 -10 -5
5 -10 -6
5 -10 -8
5 -10 -11
5 -10 -12
5 -11 -2
5 -11 -3
5 -11 -10
5 -11 -11
5 -12 0
5 -12 -1
5 -12 -2
5 -12 -4
5 -12 -5
5 -12 -7
5 -12 -12
6 0 -1
6 0 -2
6 0 -5
6 0 -6
6 0 -9
6 0 -12
6 -1 0
6 -1 -1
6 -1 -5
6 -1 -7
6 -1 -9
6 -1 -10
6 -1 -12
6 -2 -4
6 -2 -6
6 -2 -10
6 -2 -12
6 -3 0
6 -3 -2
6 -3 -3
6 -3 -4
6 -3 -5
6 -3 -7
6 -3 -11
6 -3 -12
6 -4 0
6 -4 -1
6 -4 -4
6 -4 -5
6 -4 -6
6 -4 -7
6 -4 -11
6 -5 -1
6 -5 -2
6 -5 -5
6 -5 -7
6 -5 -8
6 -5 -9
6 -5 -12
6 -6 0
6 -6 -3
6 -6 -5
6 -6 -6
6 -6 -10
6 -6 -11
6 -7 -10
6 -7 -11
6 -8 -3
6 -8 -6
6 -8 -7
6 -8 -8
6 -8 -9
6 -8 -11
6 -9 -1
6 -9 -8
6 -9 -10
6 -9 -11
6 -10 -1
6 -10 -4
6 -10 -5
6 -10 -6
6 -10 -8
6 -10 -11
6 -10 -12
6 -11 -2
6 -11 -3
6 -11 -10
6 -11 -11
6 -12 0
6 -12 -1
6 -12 -2
6 -12 -4
6 -12 -5
6 -12 -7
6 -12 -12
7 0 -1
7 0 -2
7 0 -5
7 0 -6
7 0 -9
7 0 -12
7 -1 0
7 -1 -1
7 -1 -5
7 -1 -7
7 -1 -9
7 -1 -10
7 -1 -12
7 -2 -4
7 -2 -6
7 -2 -10
7 -2 -12
7 -3 0
7 -3 -2
7 -3 -3
7 -3 -4
7 -3 -5
7 -3 -7
7 -3 -11
7 -3 -12
7 -4 0
7 -4 -1
7 -4 -4
7 -4 -5
7 -4 -6
7 -4 -7
7 -4 -11
7 -5 -1
7 -5 -2
7 -5 -5
7 -5 -7
7 -5 -8
7 -5 -9
7 -5 -12
7 -6 0
7 -6 -3
7 -6 -5
7 -6 -6
7 -6 -10
7 -6 -11
7 -7 -10
7 -7 -11
7 -8 -3
7 -8 -6
7 -8 -7
7 -8 -8
7 -8 -9
7 -8 -11
7 -9 -1
7 -9 -8
7 -9 -10
7 -9 -11
7 -10 -1
7 -10 -4
7 -10 -5
7 -10 -6
7 -10 -8
7 -10 -11
7 -10 -12
7 -11 -2
7 -11 -3
7 -11 -10
7 -11 -11
7 -12 0
7 -12 -1
7 -12 -2
7 -12 -4
7 -12 -5
7 -12 -7
7 -12 -12
8 0 -1
8 0 -2
8 0 -5
8 0 -6
8 0 -9
8 0 -12
8 -1 0
8 -1 -1
8 -1 -5
8 -1 -7
8 -1 -9
8 -1 -10
8 -1 -12
8 -2 -4
8 -2 -6
8 -2 -10
8 -2 -12
8 -3 0
8 -3 -2
8 -3 -3
8 -3 -4
8 -3 -5
8 -3 -7
8 -3 -11
8 -3 -12
8 -4 0
8 -4 -1
8 -4 -4
8 -4 -5
8 -4 -6
8 -4 -7
8 -4 -11
8 -5 -1
8 -5 -2
8 -5 -5
8 -5 -7
8 -5 -8
8 -5 -9
8 -5 -12
8 -6 0
8 -6 -3
8 -6 -5
8 -6 -6
8 -6 -10
8 -6 -11
8 -7 -10
8 -7 -11
8 -8 -3
8 -8 -6
8 -8 -7
8 -8 -8
8 -8 -9
8 -8 -11
8 -9 -1
8 -9 -8
8 -9 -10
8 -9 -11
8 -10 -1
8 -10 -4
8 -10 -5
8 -10 -6
8 -10 -8
8 -10 -11
8 -10 -12
8 -11 -2
8 -11 -3
8 -11 -10
8 -11 -11
8 -12 0
8 -12 -1
8 -12 -2
8 -12 -4
8 -12 -5
8 -12 -7
8 -12 -12
9 0 -1
9 0 -2
9 0 -5
9 0 -6
9 0 -9
9 0 -12
9 -1 0
9 -1 -1
9 -1 -5
9 -1 -7
9 -1 -9
9 -1 -10
9 -1 -12
9 -2 -4
9 -2 -6
9 -2 -10
9 -2 -12
9 -3 0
9 -3 -2
9 -3 -3
9 -3 -4
9 -3 -5
9 -3 -7
9 -3 -11
9 -3 -12
9 -4 0
9 -4 -1
9 -4 -4
9 -4 -5
9 -4 -6
9 -4 -7
9 -4 -11
9 -5 -1
9 -5 -2
9 -5 -5
9 -5 -7
9 -5 -8
9 -5 -9
9 -5 -12
9 -6 0
9 -6 -3
9 -6 -5
9 -6 -6
9 -6 -10
9 -6 -11
9 -7 -10
9 -7 -11
9 -8 -3
9 -8 -6
9 -8 -7
9 -8 -8
9 -8 -9
9 -8 -11
9 -9 -1
9 -9 -8
9 -9 -10
9 -9 -11
9 -10 -1
9 -10 -4
9 -10 -5
9 -10 -6
9 -10 -8
9 -10 -11
9 -10 -12
9 -11 -2
9 -11 -3
9 -11 -10
9 -11 -11
9 -12 0
9 -12 -1
9 -12 -2
9 -12 -4
9 -12 -5
9 -12 -7
9 -12 -12
10 0 -1
10 0 -2
10 0 -5
10 0 -6
10 0 -9
10 0 -12
10 -1 0
10 -1 -1
10 -1 -5
10 -1 -7
10 -1 -9
10 -1 -10
10 -1 -12
10 -2 -4
10 -2 -6
10 -2 -10
10 -2 -12
10 -3 0
10 -3 -2
10 -3 -3
10 -3 -4
10 -3 -5
10 -3 -7
10 -3 -11
10 -3 -12
10 -4 0
10 -4 -1
10 -4 -4
10 -4 -5
10 -4 -6
10 -4 -7
10 -4 -11
10 -5 -1
10 -5 -2
10 -5 -5
10 -5 -7
10 -5 -8
10 -5 -9
10 -5 -12
10 -6 0
10 -6 -3
10 -6 -5
10 -6 -6
10 -6 -10
10 -6 -11
10 -7 -10
10 -7 -11
10 -8 -3
10 -8 -6
10 -8 -7
10 -8 -8
10 -8 -9
10 -8 -11
10 -9 -1
10 -9 -8
10 -9 -10
10 -9 -11
10 -10 -1
10 -10 -4
10 -10 -5
10 -10 -6
10 -10 -8
10 -10 -11
10 -10 -12
10 -11 -2
10 -11 -3
10 -11 -10
10 -11 -11
10 -12 0
10 -12 -1
10 -12 -2
10 -12 -4
10 -12 -5
10 -12 -7
10 -12 -12
11 0 -1
11 0 -2
11 0 -5
11 0 -6
11 0 -9
11 0 -12
11 -1 0
11 -1 -1
11 -1 -5
11 -1 -7
11 -1 -9
11 -1 -10
11 -1 -12
11 -2 -4
11 -2 -6
11 -2 -10
11 -2 -12
11 -3 0
11 -3 -2
11 -3 -3
11 -3 -4
11 -3 -5
11 -3 -7
11 -3 -11
11 -3 -12
11 -4 0
11 -4 -1
11 -4 -4
11 -4 -5
11 -4 -6
11 -4 -7
11 -4 -11
11 -5 -1
11 -5 -2
11 -5 -5
11 -5 -7
11 -5 -8
11 -5 -9
11 -5 -12
11 -6 0
11 -6 -3
11 -6 -5
11 -6 -6
11 -6 -10
11 -6 -11
11 -7 -10
11 -7 -11
11 -8 -3
11 -8 -6
11 -8 -7
11 -8 -8
11 -8 -9
11 -8 -11
11 -9 -1
11 -9 -8
11 -9 -10
11 -9 -11
11 -10 -1
11 -10 -4
11 -10 -5
11 -10 -6
11 -10 -8
11 -10 -11
11 -10 -12
11 -11 -2
11 -11 -3
11 -11 -10
11 -11 -11
11 -12 0
11 -12 -1
11 -12 -2
11 -12 -4
11 -12 -5
11 -12 -7
11 -12 -12
12 0 -1
12 0 -2
12 0 -5
12 0 -6
12 0 -9
12 0 -12
12 -1 0
12 -1 -1
12 -1 -5
12 -1 -7
12 -1 -9
12 -1 -10
12 -1 -12
12 -2 -4
12 -2 -6
12 -2 -10
12 -2 -12
12 -3 0
12 -3 -2
12 -3 -3
12 -3 -4
12 -3 -5
12 -3 -7
12 -3 -11
12 -3 -12
12 -4 0
12 -4 -1
12 -4 -4
12 -4 -5
12 -4 -6
12 -4 -7
12 -4 -11
12 -5 -1
12 -5 -2
12 -5 -5
12 -5 -7
12 -5 -8
12 -5 -9
12 -5 -12
12 -6 0
12 -6 -3
12 -6 -5
12 -6 -6
12 -6 -10
12 -6 -11
12 -7 -10
12 -7 -11
12 -8 -3
12 -8 -6
12 -8 -7
12 -8 -8
12 -8 -9
12 -8 -11
12 -9 -1
12 -9 -8
12 -9 -10
12 -9 -11
12 -10 -1
12 -10 -4
12 -10 -5
12 -10 -6
12 -10 -8
12 -10 -11
12 -10 -12
12 -11 -2
12 -11 -3
12 -11 -10
12 -11 -11
12 -12 0
12 -12 -1
12 -12 -2
12 -12 -4
12 -12 -5
12 -12 -7
12 -12 -12
13 0 -1
13 0 -2
13 0 -5
13 0 -6
13 0 -9
13 0 -12
13 -1 0
13 -1 -1
13 -1 -5
13 -1 -7
13 -1 -9
13 -1 -10
13 -1 -12
13 -2 -4
13 -2 -6
13 -2 -10
13 -2 -12
13 -3 0
13 -3 -2
13 -3 -3
13 -3 -4
13 -3 -5
13 -3 -7
13 -3 -11
13 -3 -12
13 -4 0
13 -4 -1
13 -4 -4
13 -4 -5
13 -4 -6
13 -4 -7
13 -4 -11
13 -5 -1
13 -5 -2
13 -5 -5
13 -5 -7
13 -5 -8
13 -5 -9
13 -5 -12
13 -6 0
13 -6 -3
13 -6 -5
13 -6 -6
13 -6 -10
13 -6 -11
13 -7 -10
13 -7 -11
13 -8 -3
13 -8 -6
13 -8 -7
13 -8 -8
13 -8 -9
13 -8 -11
13 -9 -1
13 -9 -8
13 -9 -10
13 -9 -11
13 -10 -1
13 -10 -4
13 -10 -5
13 -10 -6
13 -10 -8
13 -10 -11
13 -10 -12
13 -11 -2
13 -11 -3
13 -11 -10
13 -11 -11
13 -12 0
13 -12 -1
13 -12 -2
13 -12 -4
13 -12 -5
13 -12 -7
13 -12 -12
14 0 -1
14 0 -2
14 0 -5
14 0 -6
14 0 -9
14 0 -12
14 -1 0
14 -1 -1
14 -1 -5
14 -1 -7
14 -1 -9
14 -1 -10
14 -1 -12
14 -2 -4
14 -2 -6
14 -2 -10
14 -2 -12
14 -3 0
14 -3 -2
14 -3 -3
14 -3 -4
14 -3 -5
14 -3 -7
14 -3 -11
14 -3 -12
14 -4 0
14 -4 -1
14 -4 -4
14 -4 -5
14 -4 -6
14 -4 -7
14 -4 -11
14 -5 -1
14 -5 -2
14 -5 -5
14 -5 -7
14 -5 -8
14 -5 -9
14 -5 -12
14 -6 0
14 -6 -3
14 -6 -5
14 -6 -6
14 -6 -10
14 -6 -11
14 -7 -10
14 -7 -11
14 -8 -3
14 -8 -6
14 -8 -7
14 -8 -8
14 -8 -9
14 -8 -11
14 -9 -1
14 -9 -8
14 -9 -10
14 -9 -11
14 -10 -1
14 -10 -4
14 -10 -5
14 -10 -6
14 -10 -8
14 -10 -11
14 -10 -12
14 -11 -2
14 -11 -3
14 -11 -10
14 -11 -11
14 -12 0
14 -12 -1
14 -12 -2
14 -12 -4
14 -12 -5
14 -12 -7
14 -12 -12
15 0 -1
15 0 -2
15 0 -5
15 0 -6
15 0 -9
15 0 -12
15 -1 0
15 -1 -1
15 -1 -5
15 -1 -7
15 -1 -9
15 -1 -10
15 -1 -12
15 -2 -4
15 -2 -6
15 -2 -10
15 -2 -12
15 -3 0
15 -3 -2
15 -3 -3
15 -3 -4
15 -3 -5
15 -3 -7
15 -3 -11
15 -3 -12
15 -4 0
15 -4 -1
15 -4 -4
15 -4 -5
15 -4 -6
15 -4 -7
15 -4 -11
15 -5 -1
15 -5 -2
15 -5 -5
15 -5 -7
15 -5 -8
15 -5 -9
15 -5 -12
15 -6 0
15 -6 -3
15 -6 -5
15 -6 -6
15 -6 -10
15 -6 -11
15 -7 -10
15 -7 -11
15 -8 -3
15 -8 -6
15 -8 -7
15 -8 -8
15 -8 -9
15 -8 -11
15 -9 -1
15 -9 -8
15 -9 -10
15 -9 -11
15 -10 -1
15 -10 -4
15 -10 -5
15 -10 -6
15 -10 -8
15 -10 -11
15 -10 -12
15 -11 -2
15 -11 -3
15 -11 -10
15 -11 -11
15 -12 0
15 -12 -1
15 -12 -2
15 -12 -4
15 -12 -5
15 -12 -7
15 -12 -12
16 0 -1
16 0 -2
16 0 -5
16 0 -6
16 0 -9
16 0 -12
16 -1 0
16 -1 -1
16 -1 -5
16 -1 -7
16 -1 -9
16 -1 -10
16 -1 -12
16 -2 -4
16 -2 -6
16 -2 -10
16 -2 -12
16 -3 0
16 -3 -2
16 -3 -3
16 -3 -4
16 -3 -5
16 -3 -7
16 -3 -11
16 -3 -12
16 -4 0
16 -4 -1
16 -4 -4
16 -4 -5
16 -4 -6
16 -4 -7
16 -4 -11
16 -5 -1
16 -5 -2
16 -5 -5
16 -5 -7
16 -5 -8
16 -5 -9
16 -5 -12
16 -6 0
16 -6 -3
16 -6 -5
16 -6 -6
16 -6 -10
16 -6 -11
16 -7 -10
16 -7 -11
16 -8 -3
16 -8 -6
16 -8 -7
16 -8 -8
16 -8 -9
16 -8 -11
16 -9 -1
16 -9 -8
16 -9 -10
16 -9 -11
16 -10 -1
16 -10 -4
16 -10 -5
16 -10 -6
16 -10 -8
16 -10 -11
16 -10 -12
16 -11 -2
16 -11 -3
16 -11 -10
16 -11 -11
16 -12 0
16 -12 -1
16 -12 -2
16 -12 -4
16 -12 -5
16 -12 -7
16 -12 -12
17 0 -1
17 0 -2
17 0 -5
17 0 -6
17 0 -9
17 0 -12
17 -1 0
17 -1 -1
17 -1 -5
17 -1 -7
17 -1 -9
17 -1 -10
17 -1 -12
17 -2 -4
17 -2 -6
17 -2 -10
17 -2 -12
17 -3 0
17 -3 -2
17 -3 -3
17 -3 -4
17 -3 -5
17 -3 -7
17 -3 -11
17 -3 -12
17 -4 0
17 -4 -1
17 -4 -4
17 -4 -5
17 -4 -6
17 -4 -7
17 -4 -11
17 -5 -1
17 -5 -2
17 -5 -5
17 -5 -7
17 -5 -8
17 -5 -9
17 -5 -12
17 -6 0
17 -6 -3
17 -6 -5
17 -6 -6
17 -6 -10
17 -6 -11
17 -7 -10
17 -7 -11
17 -8 -3
17 -8 -6
17 -8 -7
17 -8 -8
17 -8 -9
17 -8 -11
17 -9 -1
17 -9 -8
17 -9 -10
17 -9 -11
17 -10 -1
17 -10 -4
17 -10 -5
17 -10 -6
17 -10 -8
17 -10 -11
17 -10 -12
17 -11 -2
17 -11 -3
17 -11 -10
17 -11 -11
17 -12 0
17 -12 -1
17 -12 -2
17 -12 -4
17 -12 -5
17 -12 -7
17 -12 -12
18 0 -1
18 0 -2
18 0 -5
18 0 -6
18 0 -9
18 0 -12
18 -1 0
18 -1 -1
18 -1 -5
18 -1 -7
18 -1 -9
18 -1 -10
18 -1 -12
18 -2 -4
18 -2 -6
18 -2 -10
18 -2 -12
18 -3 0
18 -3 -2
18 -3 -3
18 -3 -4
18 -3 -5
18 -3 -7
18 -3 -11
18 -3 -12
18 -4 0
18 -4 -1
18 -4 -4
18 -4 -5
18 -4 -6
18 -4 -7
18 -4 -11
18 -5 -1
18 -5 -2
18 -5 -5
18 -5 -7
18 -5 -8
18 -5 -9
18 -5 -12
18 -6 0
18 -6 -3
18 -6 -5
18 -6 -6
18 -6 -10
18 -6 -11
18 -7 -10
18 -7 -11
18 -8 -3
18 -8 -6
18 -8 -7
18 -8 -8
18 -8 -9
18 -8 -11
18 -9 -1
18 -9 -8
18 -9 -10
18 -9 -11
18 -10 -1
18 -10 -4
18 -10 -5
18 -10 -6
18 -10 -8
18 -10 -11
18 -10 -12
18 -11 -2
18 -11 -3
18 -11 -10
18 -11 -11
18 -12 0
18 -12 -1
18 -12 -2
18 -12 -4
18 -12 -5
18 -12 -7
18 -12 -12
19 0 -1
19 0 -2
19 0 -5
19 0 -6
19 0 -9
19 0 -12
19 -1 0
19 -1 -1
19 -1 -5
19 -1 -7
19 -1 -9
19 -1 -10
19 -1 -12
19 -2 -4
19 -2 -6
19 -2 -10
19 -2 -12
19 -3 0
19 -3 -2
19 -3 -3
19 -3 -4
19 -3 -5
19 -3 -7
19 -3 -11
19 -3 -12
19 -4 0
19 -4 -1
19 -4 -4
19 -4 -5
19 -4 -6
19 -4 -7
19 -4 -11
19 -5 -1
19 -5 -2
19 -5 -5
19 -5 -7
19 -5 -8
19 -5 -9
19 -5 -12
19 -6 0
19 -6 -3
19 -6 -5
19 -6 -6
19 -6 -10
19 -6 -11
19 -7 -10
19 -7 -11
19 -8 -3
19 -8 -6
19 -8 -7
19 -8 -8
19 -8 -9
19 -8 -11
19 -9 -1
19 -9 -8
19 -9 -10
19 -9 -11
19 -10 -1
19 -10 -4
19 -10 -5
19 -10 -6
19 -10 -8
19 -10 -11
19 -10 -12
19 -11 -2
19 -11 -3
19 -11 -10
19 -11 -11
19 -12 0
19 -12 -1
19 -12 -2
19 -12 -4
19 -12 -5
19 -12 -7
19 -12 -12
20 0 -1
20 0 -2
20 0 -5
20 0 -6
20 0 -9
20 0 -12
20 -1 0
20 -1 -1
20 -1 -5
20 -1 -7
20 -1 -9
20 -1 -10
20 -1 -12
20 -2 -4
20 -2 -6
20 -2 -10
20 -2 -12
20 -3 0
20 -3 -2
20 -3 -3
20 -3 -4
20 -3 -5
20 -3 -7
20 -3 -11
20 -3 -12
20 -4 0
20 -4 -1
20 -4 -4
20 -4 -5
20 -4 -6
20 -4 -7
20 -4 -11
20 -5 -1
20 -5 -2
20 -5 -5
20 -5 -7
20 -5 -8
20 -5 -9
20 -5 -12
20 -6 0
20 -6 -3
20 -6 -5
20 -6 -6
20 -6 -10
20 -6 -11
20 -7 -10
20 -7 -11
20 -8 -3
20 -8 -6
20 -8 -7
20 -8 -8
20 -8 -9
20 -8 -11
20 -9 -1
20 -9 -8
20 -9 -10
20 -9 -11
20 -10 -1
20 -10 -4
20 -10 -5
20 -10 -6
20 -10 -8
20 -10 -11
20 -10 -12
20 -11 -2
20 -11 -3
20 -11 -10
20 -11 -11
20 -12 0
20 -12 -1
20 -12 -2
20 -12 -4
20 -12 -5
20 -12 -7
20 -12 -12
21 0 -1
21 0 -2
21 0 -5
21 0 -6
21 0 -9
21 0 -12
21 -1 0
21 -1 -1
21 -1 -5
21 -1 -7
21 -1 -9
21 -1 -10
21 -1 -12
21 -2 -4
21 -2 -6
21 -2 -10
21 -2 -12
21 -3 0
21 -3 -2
21 -3 -3
21 -3 -4
21 -3 -5
21 -3 -7
21 -3 -11
21 -3 -12
21 -4 0
21 -4 -1
21 -4 -4
21 -4 -5
21 -4 -6
21 -4 -7
21 -4 -11
21 -5 -1
21 -5 -2
21 -5 -5
21 -5 -7
21 -5 -8
21 -5 -9
21 -5 -12
21 -6 0
21 -6 -3
21 -6 -5
21 -6 -6
21 -6 -10
21 -6 -11
21 -7 -10
21 -7 -11
21 -8 -3
21 -8 -6
21 -8 -7
21 -8 -8
21 -8 -9
21 -8 -11
21 -9 -1
21 -9 -8
21 -9 -10
21 -9 -11
21 -10 -1
21 -10 -4
21 -10 -5
21 -10 -6
21 -10 -8
21 -10 -11
21 -10 -12
21 -11 -2
21 -11 -3
21 -11 -10
21 -11 -11
21 -12 0
21 -12 -1
21 -12 -2
21 -12 -4
21 -12 -5
21 -12 -7
21 -12 -12
22 0 -1
22 0 -2
22 0 -5
22 0 -6
22 0 -9
22 0 -12
22 -1 0
22 -1 -1
22 -1 -5
22 -1 -7
22 -1 -9
22 -1 -10
22 -1 -12
22 -2 -4
22 -2 -6
22 -2 -10
22 -2 -12
22 -3 0
22 -3 -2
22 -3 -3
22 -3 -4
22 -3 -5
22 -3 -7
22 -3 -11
22 -3 -12
22 -4 0
22 -4 -1
22 -4 -4
22 -4 -5
22 -4 -6
22 -4 -7
22 -4 -11
22 -5 -1
22 -5 -2
22 -5 -5
22 -5 -7
22 -5 -8
22 -5 -9
22 -5 -12
22 -6 0
22 -6 -3
22 -6 -5
22 -6 -6
22 -6 -10
22 -6 -11
22 -7 -10
22 -7 -11
22 -8 -3
22 -8 -6
22 -8 -7
22 -8 -8
22 -8 -9
22 -8 -11
22 -9 -1
22 -9 -8
22 -9 -10
22 -9 -11
22 -10 -1
22 -10 -4
22 -10 -5
22 -10 -6
22 -10 -8
22 -10 -11
22 -10 -12
22 -11 -2
22 -11 -3
22 -11 -10
22 -11 -11
22 -12 0
22 -12 -1
22 -12 -2
22 -12 -4
22 -12 -5
22 -12 -7
22 -12 -12
23 0 -1
23 0 -2
23 0 -5
23 0 -6
23 0 -9
23 0 -12
23 -1 0
23 -1 -1
23 -1 -5
23 -1 -7
23 -1 -9
23 -1 -10
23 -1 -12
23 -2 -4
23 -2 -6
23 -2 -10
23 -2 -12
23 -3 0
23 -3 -2
23 -3 -3
23 -3 -4
23 -3 -5
23 -3 -7
23 -3 -11
23 -3 -12
23 -4 0
23 -4 -1
23 -4 -4
23 -4 -5
23 -4 -6
23 -4 -7
23 -4 -11
23 -5 -1
23 -5 -2
23 -5 -5
23 -5 -7
23 -5 -8
23 -5 -9
23 -5 -12
23 -6 0
23 -6 -3
23 -6 -5
23 -6 -6
23 -6 -10
23 -6 -11
23 -7 -10
23 -7 -11
23 -8 -3
23 -8 -6
23 -8 -7
23 -8 -8
23 -8 -9
23 -8 -11
23 -9 -1
23 -9 -8
23 -9 -10
23 -9 -11
23 -10 -1
23 -10 -4
23 -10 -5
23 -10 -6
23 -10 -8
23 -10 -11
23 -10 -12
23 -11 -2
23 -11 -3
23 -11 -10
23 -11 -11
23 -12 0
23 -12 -1
23 -12 -2
23 -12 -4
23 -12 -5
23 -12 -7
23 -12 -12
24 0 -1
24 0 -2
24 0 -5
24 0 -6
24 0 -9
24 0 -12
24 -1 0
24 -1 -1
24 -1 -5
24 -1 -7
24 -1 -9
24 -1 -10
24 -1 -12
24 -2 -4
24 -2 -6
24 -2 -10
24 -2 -12
24 -3 0
24 -3 -2
24 -3 -3
24 -3 -4
24 -3 -5
24 -3 -7
24 -3 -11
24 -3 -12
24 -4 0
24 -4 -1
24 -4 -4
24 -4 -5
24 -4 -6
24 -4 -7
24 -4 -11
24 -5 -1
24 -5 -2
24 -5 -5
24 -5 -7
24 -5 -8
24 -5 -9
24 -5 -12
24 -6 0
24 -6 -3
24 -6 -5
24 -6 -6
24 -6 -10
24 -6 -11
24 -7 -10
24 -7 -11
24 -8 -3
24 -8 -6
24 -8 -7
24 -8 -8
24 -8 -9
24 -8 -11
24 -9 -1
24 -9 -8
24 -9 -10
24 -9 -11
24 -10 -1
24 -10 -4
24 -10 -5
24 -10 -6
24 -10 -8
24 -10 -11
24 -10 -12
24 -11 -2
24 -11 -3
24 -11 -10
24 -11 -11
24 -12 0
24 -12 -1
24 -12 -2
24 -12 -4
24 -12 -5
24 -12 -7
24 -12 -12
25 0 -1
25 0 -2
25 0 -5
25 0 -6
25 0 -9
25 0 -12
25 -1 0
25 -1 -1
25 -1 -5
25 -1 -7
25 -1 -9
25 -1 -10
25 -1 -12
25 -2 -4
25 -2 -6
25 -2 -10
25 -2 -12
25 -3 0
25 -3 -2
25 -3 -3
25 -3 -4
25 -3 -5
25 -3 -7
25 -3 -11
25 -3 -12
25 -4 0
25 -4 -1
25 -4 -4
25 -4 -5
25 -4 -6
25 -4 -7
25 -4 -11
25 -5 -1
25 -5 -2
25 -5 -5
25 -5 -7
25 -5 -8
25 -5 -9
25 -5 -12
25 -6 0
25 -6 -3
25 -6 -5
25 -6 -6
25 -6 -10
25 -6 -11
25 -7 -10
25 -7 -11
25 -8 -3
25 -8 -6
25 -8 -7
25 -8 -8
25 -8 -9
25 -8 -11
25 -9 -1
25 -9 -8
25 -9 -10
25 -9 -11
25 -10 -1
25 -10 -4
25 -10 -5
25 -10 -6
25 -10 -8
25 -10 -11
25 -10 -12
25 -11 -2
25 -11 -3
25 -11 -10
25 -11 -11
25 -12 0
25 -12 -1
25 -12 -2
25 -12 -4
25 -12 -5
25 -12 -7
25 -12 -12
26 0 -1
26 0 -2
26 0 -5
26 0 -6
26 0 -9
26 0 -12
26 -1 0
26 -1 -1
26 -1 -5
26 -1 -7
26 -1 -9
26 -1 -10
26 -1 -12
26 -2 -4
26 -2 -6
26 -2 -10
26 -2 -12
26 -3 0
26 -3 -2
26 -3 -3
26 -3 -4
26 -3 -5
26 -3 -7
26 -3 -11
26 -3 -12
26 -4 0
26 -4 -1
26 -4 -4
26 -4 -5
26 -4 -6
26 -4 -7
26 -4 -11
26 -5 -1
26 -5 -2
26 -5 -5
26 -5 -7
26 -5 -8
26 -5 -9
26 -5 -12
26 -6 0
26 -6 -3
26 -6 -5
26 -6 -6
26 -6 -10
26 -6 -11
26 -7 -10
26 -7 -11
26 -8 -3
26 -8 -6
26 -8 -7
26 -8 -8
26 -8 -9
26 -8 -11
26 -9 -1
26 -9 -8
26 -9 -10
26 -9 -11
26 -10 -1
26 -10 -4
26 -10 -5
26 -10 -6
26 -10 -8
26 -10 -11
26 -10 -12
26 -11 -2
26 -11 -3
26 -11 -10
26 -11 -11
26 -12 0
26 -12 -1
26 -12 -2
26 -12 -4
26 -12 -5
26 -12 -7
26 -12 -12
27 0 -1
27 0 -2
27 0 -5
27 0 -6
27 0 -9
27 0 -12
27 -1 0
27 -1 -1
27 -1 -5
27 -1 -7
27 -1 -9
27 -1 -10
27 -1 -12
27 -2 -4
27 -2 -6
27 -2 -10
27 -2 -12
27 -3 0
27 -3 -2
27 -3 -3
27 -3 -4
27 -3 -5
27 -3 -7
27 -3 -11
27 -3 -12
27 -4 0
27 -4 -1
27 -4 -4
27 -4 -5
27 -4 -6
27 -4 -7
27 -4 -11
27 -5 -1
27 -5 -2
27 -5 -5
27 -5 -7
27 -5 -8
27 -5 -9
27 -5 -12
27 -6 0
27 -6 -3
27 -6 -5
27 -6 -6
27 -6 -10
27 -6 -11
27 -7 -10
27 -7 -11
27 -8 -3
27 -8 -6
27 -8 -7
27 -8 -8
27 -8 -9
27 -8 -11
27 -9 -1
27 -9 -8
27 -9 -10
27 -9 -11
27 -10 -1
27 -10 -4
27 -10 -5
27 -10 -6
27 -10 -8
27 -10 -11
27 -10 -12
27 -11 -2
27 -11 -3
27 -11 -10
27 -11 -11
27 -12 0
27 -12 -1
27 -12 -2
27 -12 -4
27 -12 -5
27 -12 -7
27 -12 -12
28 0 -1
28 0 -2
28 0 -5
28 0 -6
28 0 -9
28 0 -12
28 -1 0
28 -1 -1
28 -1 -5
28 -1 -7
28 -1 -9
28 -1 -10
28 -1 -12
28 -2 -4
28 -2 -6
28 -2 -10
28 -2 -12
28 -3 0
28 -3 -2
28 -3 -3
28 -3 -4
28 -3 -5
28 -3 -7
28 -3 -11
28 -3 -12
28 -4 0
28 -4 -1
28 -4 -4
28 -4 -5
28 -4 -6
28 -4 -7
28 -4 -11
28 -5 -1
28 -5 -2
28 -5 -5
28 -5 -7
28 -5 -8
28 -5 -9
28 -5 -12
28 -6 0
28 -6 -3
28 -6 -5
28 -6 -6
28 -6 -10
28 -6 -11
28 -7 -10
28 -7 -11
28 -8 -3
28 -8 -6
28 -8 -7
28 -8 -8
28 -8 -9
28 -8 -11
28 -9 -1
28 -9 -8
28 -9 -10
28 -9 -11
28 -10 -1
28 -10 -4
28 -10 -5
28 -10 -6
28 -10 -8
28 -10 -11
28 -10 -12
28 -11 -2
28 -11 -3
28 -11 -10
28 -11 -11
28 -12 0
28 -12 -1
28 -12 -2
28 -12 -4
28 -12 -5
28 -12 -7
28 -12 -12
29 0 -1
29 0 -2
29 0 -5
29 0 -6
29 0 -9
29 0 -12
29 -1 0
29 -1 -1
29 -1 -5
29 -1 -7
29 -1 -9
29 -1 -10
29 -1 -12
29 -2 -4
29 -2 -6
29 -2 -10
29 -2 -12
29 -3 0
29 -3 -2
29 -3 -3
29 -3 -4
29 -3 -5
29 -3 -7
29 -3 -11
29 -3 -12
29 -4 0
29 -4 -1
29 -4 -4
29 -4 -5
29 -4 -6
29 -4 -7
29 -4 -11
29 -5 -1
29 -5 -2
29 -5 -5
29 -5 -7
29 -5 -8
29 -5 -9
29 -5 -12
29 -6 0
29 -6 -3
29 -6 -5
29 -6 -6
29 -6 -10
29 -6 -11
29 -7 -10
29 -7 -11
29 -8 -3
29 -8 -6
29 -8 -7
29 -8 -8
29 -8 -9
29 -8 -11
29 -9 -1
29 -9 -8
29 -9 -10
29 -9 -11
29 -10 -1
29 -10 -4
29 -10 -5
29 -10 -6
29 -10 -8
29 -10 -11
29 -10 -12
29 -11 -2
29 -11 -3
29 -11 -10
29 -11 -11
29 -12 0
29 -12 -1
29 -12 -2
29 -12 -4
29 -12 -5
29 -12 -7
29 -12 -12
30 0 -1
30 0 -2
30 0 -5
30 0 -6
30 0 -9
30 0 -12
30 -1 0
30 -1 -1
30 -1 -5
30 -1 -7
30 -1 -9
30 -1 -10
30 -1 -12
30 -2 -4
30 -2 -6
30 -2 -10
30 -2 -12
30 -3 0
30 -3 -2
30 -3 -3
30 -3 -4
30 -3 -5
30 -3 -7
30 -3 -11
30 -3 -12
30 -4 0
30 -4 -1
30 -4 -4
30 -4 -5
30 -4 -6
30 -4 -7
30 -4 -11
30 -5 -1
30 -5 -2
30 -5 -5
30 -5 -7
30 -5 -8
30 -5 -9
30 -5 -12
30 -6 0
30 -6 -3
30 -6 -5
30 -6 -6
30 -6 -10
30 -6 -11
30 -7 -10
30 -7 -11
30 -8 -3
30 -8 -6
30 -8 -7
30 -8 -8
30 -8 -9
30 -8 -11
30 -9 -1
30 -9 -8
30 -9 -10
30 -9 -11
30 -10 -1
30 -10 -4
30 -10 -5
30 -10 -6
30 -10 -8
30 -10 -11
30 -10 -12
30 -11 -2
30 -11 -3
30 -11 -10
30 -11 -11
30 -12 0
30 -12 -1
30 -12 -2
30 -12 -4
30 -12 -5
30 -12 -7
30 -12 -12
31 0 -1
31 0 -2
31 0 -5
31 0 -6
31 0 -9
31 0 -12
31 -1 0
31 -1 -1
31 -1 -5
31 -1 -7
31 -1 -9
31 -1 -10
31 -1 -12
31 -2 -4
31 -2 -6
31 -2 -10
31 -2 -12
31 -3 0
31 -3 -2
31 -3 -3
31 -3 -4
31 -3 -5
31 -3 -7
31 -3 -11
31 -3 -12
31 -4 0
31 -4 -1
31 -4 -4
31 -4 -5
31 -4 -6
31 -4 -7
31 -4 -11
31 -5 -1
31 -5 -2
31 -5 -5
31 -5 -7
31 -5 -8
31 -5 -9
31 -5 -12
31 -6 0
31 -6 -3
31 -6 -5
31 -6 -6
31 -6 -10
31 -6 -11
31 -7 -10
31 -7 -11
31 -8 -3
31 -8 -6
31 -8 -7
31 -8 -8
31 -8 -9
31 -8 -11
31 -9 -1
31 -9 -8
31 -9 -10
31 -9 -11
31 -10 -1
31 -10 -4
31 -10 -5
31 -10 -6
31 -10 -8
31 -10 -11
31 -10 -12
31 -11 -2
31 -11 -3
31 -11 -10
31 -11 -11
31 -12 0
31 -12 -1
31 -12 -2
31 -12 -4
31 -12 -5
31 -12 -7
31 -12 -12
32 0 -1
32 0 -2
32 0 -5
32 0 -6
32 0 -9
32 0 -12
32 -1 0
32 -1 -1
32 -1 -5
32 -1 -7
32 -1 -9
32 -1 -10
32 -1 -12
32 -2 -4
32 -2 -6
32 -2 -10
32 -2 -12
32 -3 0
32 -3 -2
32 -3 -3
32 -3 -4
32 -3 -5
32 -3 -7
32 -3 -11
32 -3 -12
32 -4 0
32 -4 -1
32 -4 -4
32 -4 -5
32 -4 -6
32 -4 -7
32 -4 -11
32 -5 -1
32 -5 -2
32 -5 -5
32 -5 -7
32 -5 -8
32 -5 -9
32 -5 -12
32 -6 0
32 -6 -3
32 -6 -5
32 -6 -6
32 -6 -10
32 -6 -11
32 -7 -10
32 -7 -11
32 -8 -3
32 -8 -6
32 -8 -7
32 -8 -8
32 -8 -9
32 -8 -11
32 -9 -1
32 -9 -8
32 -9 -10
32 -9 -11
32 -10 -1
32 -10 -4
32 -10 -5
32 -10 -6
32 -10 -8
32 -10 -11
32 -10 -12
32 -11 -2
32 -11 -3
32 -11 -10
32 -11 -11
32 -12 0
32 -12 -1
32 -12 -2
32 -12 -4
32 -12 -5
32 -12 -7
32 -12 -12
33 0 -1
33 0 -2
33 0 -5
33 0 -6
33 0 -9
33 0 -12
33 -1 0
33 -1 -1
33 -1 -5
33 -1 -7
33 -1 -9
33 -1 -10
33 -1 -12
33 -2 -4
33 -2 -6
33 -2 -10
33 -2 -12
33 -3 0
33 -3 -2
33 -3 -3
33 -3 -4
33 -3 -5
33 -3 -7
33 -3 -11
33 -3 -12
33 -4 0
33 -4 -1
33 -4 -4
33 -4 -5
33 -4 -6
33 -4 -7
33 -4 -11
33 -5 -1
33 -5 -2
33 -5 -5
33 -5 -7
33 -5 -8
33 -5 -9
33 -5 -12
33 -6 0
33 -6 -3
33 -6 -5
33 -6 -6
33 -6 -10
33 -6 -11
33 -7 -10
33 -7 -11
33 -8 -3
33 -8 -6
33 -8 -7
33 -8 -8
33 -8 -9
33 -8 -11
33 -9 -1
33 -9 -8
33 -9 -10
33 -9 -11
33 -10 -1
33 -10 -4
33 -10 -5
33 -10 -6
33 -10 -8
33 -10 -11
33 -10 -12
33 -11 -2
33 -11 -3
33 -11 -10
33 -11 -11
33 -12 0
33 -12 -1
33 -12 -2
33 -12 -4
33 -12 -5
33 -12 -7
33 -12 -12
34 0 -1
34 0 -2
34 0 -5
34 0 -6
34 0 -9
34 0 -12
34 -1 0
34 -1 -1
34 -1 -5
34 -1 -7
34 -1 -9
34 -1 -10
34 -1 -12
34 -2 -4
34 -2 -6
34 -2 -10
34 -2 -12
34 -3 0
34 -3 -2
34 -3 -3
34 -3 -4
34 -3 -5
34 -3 -7
34 -3 -11
34 -3 -12
34 -4 0
34 -4 -1
34 -4 -4
34 -4 -5
34 -4 -6
34 -4 -7
34 -4 -11
34 -5 -1
34 -5 -2
34 -5 -5
34 -5 -7
34 -5 -8
34 -5 -9
34 -5 -12
34 -6 0
34 -6 -3
34 -6 -5
34 -6 -6
34 -6 -10
34 -6 -11
34 -7 -10
34 -7 -11
34 -8 -3
34 -8 -6
34 -8 -7
34 -8 -8
34 -8 -9
34 -8 -11
34 -9 -1
34 -9 -8
34 -9 -10
34 -9 -11
34 -10 -1
34 -10 -4
34 -10 -5
34 -10 -6
34 -10 -8
34 -10 -11
34 -10 -12
34 -11 -2
34 -11 -3
34 -11 -10
34 -11 -11
34 -12 0
34 -12 -1
34 -12 -2
34 -12 -4
34 -12 -5
34 -12 -7
34 -12 -12
35 0 -1
35 0 -2
35 0 -5
35 0 -6
35 0 -9
35 0 -12
35 -1 0
35 -1 -1
35 -1 -5
35 -1 -7
35 -1 -9
35 -1 -10
35 -1 -12
35 -2 -4
35 -2 -6
35 -2 -10
35 -2 -12
35 -3 0
35 -3 -2
35 -3 -3
35 -3 -4
35 -3 -5
35 -3 -7
35 -3 -11
35 -3 -12
35 -4 0
35 -4 -1
35 -4 -4
35 -4 -5
35 -4 -6
35 -4 -7
35 -4 -11
35 -5 -1
35 -5 -2
35 -5 -5
35 -5 -7
35 -5 -8
35 -5 -9
35 -5 -12
35 -6 0
35 -6 -3
35 -6 -5
35 -6 -6
35 -6 -10
35 -6 -11
35 -7 -10
35 -7 -11
35 -8 -3
35 -8 -6
35 -8 -7
35 -8 -8
35 -8 -9
35 -8 -11
35 -9 -1
35 -9 -8
35 -9 -10
35 -9 -11
35 -10 -1
35 -10 -4
35 -10 -5
35 -10 -6
35 -10 -8
35 -10 -11
35 -10 -12
35 -11 -2
35 -11 -3
35 -11 -10
35 -11 -11
35 -12 0
35 -12 -1
35 -12 -2
35 -12 -4
35 -12 -5
35 -12 -7
35 -12 -12
36 0 -1
36 0 -2
36 0 -5
36 0 -6
36 0 -9
36 0 -12
36 -1 0
36 -1 -1
36 -1 -5
36 -1 -7
36 -1 -9
36 -1 -10
36 -1 -12
36 -2 -4
36 -2 -6
36 -2 -10
36 -2 -12
36 -3 0
36 -3 -2
36 -3 -3
36 -3 -4
36 -3 -5
36 -3 -7
36 -3 -11
36 -3 -12
36 -4 0
36 -4 -1
36 -4 -4
36 -4 -5
36 -4 -6
36 -4 -7
36 -4 -11
36 -5 -1
36 -5 -2
36 -5 -5
36 -5 -7
36 -5 -8
36 -5 -9
36 -5 -12
36 -6 0
36 -6 -3
36 -6 -5
36 -6 -6
36 -6 -10
36 -6 -11
36 -7 -10
36 -7 -11
36 -8 -3
36 -8 -6
36 -8 -7
36 -8 -8
36 -8 -9
36 -8 -11
36 -9 -1
36 -9 -8
36 -9 -10
36 -9 -11
36 -10 -1
36 -10 -4
36 -10 -5
36 -10 -6
36 -10 -8
36 -10 -11
36 -10 -12
36 -11 -2
36 -11 -3
36 -11 -10
36 -11 -11
36 -12 0
36 -12 -1
36 -12 -2
36 -12 -4
36 -12 -5
36 -12 -7
36 -12 -12
37 0 -1
37 0 -2
37 0 -5
37 0 -6
37 0 -9
37 0 -12
37 -1 0
37 -1 -1
37 -1 -5
37 -1 -7
37 -1 -9
37 -1 -10
37 -1 -12
37 -2 -4
37 -2 -6
37 -2 -10
37 -2 -12
37 -3 0
37 -3 -2
37 -3 -3
37 -3 -4
37 -3 -5
37 -3 -7
37 -3 -11
37 -3 -12
37 -4 0
37 -4 -1
37 -4 -4
37 -4 -5
37 -4 -6
37 -4 -7
37 -4 -11
37 -5 -1
37 -5 -2
37 -5 -5
37 -5 -7
37 -5 -8
37 -5 -9
37 -5 -12
37 -6 0
37 -6 -3
37 -6 -5
37 -6 -6
37 -6 -10
37 -6 -11
37 -7 -10
37 -7 -11
37 -8 -3
37 -8 -6
37 -8 -7
37 -8 -8
37 -8 -9
37 -8 -11
37 -9 -1
37 -9 -8
37 -9 -10
37 -9 -11
37 -10 -1
37 -10 -4
37 -10 -5
37 -10 -6
37 -10 -8
37 -10 -11
37 -10 -12
37 -11 -2
37 -11 -3
37 -11 -10
37 -11 -11
37 -12 0
37 -12 -1
37 -12 -2
37 -12 -4
37 -12 -5
37 -12 -7
37 -12 -12
38 0 -1
38 0 -2
38 0 -5
38 0 -6
38 0 -9
38 0 -12
38 -1 0
38 -1 -1
38 -1 -5
38 -1 -7
38 -1 -9
38 -1 -10
38 -1 -12
38 -2 -4
38 -2 -6
38 -2 -10
38 -2 -12
38 -3 0
38 -3 -2
38 -3 -3
38 -3 -4
38 -3 -5
38 -3 -7
38 -3 -11
38 -3 -12
38 -4 0
38 -4 -1
38 -4 -4
38 -4 -5
38 -4 -6
38 -4 -7
38 -4 -11
38 -5 -1
38 -5 -2
38 -5 -5
38 -5 -7
38 -5 -8
38 -5 -9
38 -5 -12
38 -6 0
38 -6 -3
38 -6 -5
38 -6 -6
38 -6 -10
38 -6 -11
38 -7 -10
38 -7 -11
38 -8 -3
38 -8 -6
38 -8 -7
38 -8 -8
38 -8 -9
38 -8 -11
38 -9 -1
38 -9 -8
38 -9 -10
38 -9 -11
38 -10 -1
38 -10 -4
38 -10 -5
38 -10 -6
38 -10 -8
38 -10 -11
38 -10 -12
38 -11 -2
38 -11 -3
38 -11 -10
38 -11 -11
38 -12 0
38 -12 -1
38 -12 -2
38 -12 -4
38 -12 -5
38 -12 -7
38 -12 -12
39 0 -1
39 0 -2
39 0 -5
39 0 -6
39 0 -9
39 0 -12
39 -1 0
39 -1 -1
39 -1 -5
39 -1 -7
39 -1 -9
39 -1 -10
39 -1 -12
39 -2 -4
39 -2 -6
39 -2 -10
39 -2 -12
39 -3 0
39 -3 -2
39 -3 -3
39 -3 -4
39 -3 -5
39 -3 -7
39 -3 -11
39 -3 -12
39 -4 0
39 -4 -1
39 -4 -4
39 -4 -5
39 -4 -6
39 -4 -7
39 -4 -11
39 -5 -1
39 -5 -2
39 -5 -5
39 -5 -7
39 -5 -8
39 -5 -9
39 -5 -12
39 -6 0
39 -6 -3
39 -6 -5
39 -6 -6
39 -6 -10
39 -6 -11
39 -7 -10
39 -7 -11
39 -8 -3
39 -8 -6
39 -8 -7
39 -8 -8
39 -8 -9
39 -8 -11
39 -9 -1
39 -9 -8
39 -9 -10
39 -9 -11
39 -10 -1
39 -10 -4
39 -10 -5
39 -10 -6
39 -10 -8
39 -10 -11
39 -10 -12
39 -11 -2
39 -11 -3
39 -11 -10
39 -11 -11
39 -12 0
39 -12 -1
39 -12 -2
39 -12 -4
39 -12 -5
39 -12 -7
39 -12 -12
40 0 -1
40 0 -2
40 0 -5
40 0 -6
40 0 -9
40 0 -12
40 -1 0
40 -1 -1
40 -1 -5
40 -1 -7
40 -1 -9
40 -1 -10
40 -1 -12
40 -2 -4
40 -2 -6
40 -2 -10
40 -2 -12
40 -3 0
40 -3 -2
40 -3 -3
40 -3 -4
40 -3 -5
40 -3 -7
40 -3 -11
40 -3 -12
40 -4 0
40 -4 -1
40 -4 -4
40 -4 -5
40 -4 -6
40 -4 -7
40 -4 -11
40 -5 -1
40 -5 -2
40 -5 -5
40 -5 -7
40 -5 -8
40 -5 -9
40 -5 -12
40 -6 0
40 -6 -3
40 -6 -5
40 -6 -6
40 -6 -10
40 -6 -11
40 -7 -10
40 -7 -11
40 -8 -3
40 -8 -6
40 -8 -7
40 -8 -8
40 -8 -9
40 -8 -11
40 -9 -1
40 -9 -8
40 -9 -10
40 -9 -11
40 -10 -1
40 -10 -4
40 -10 -5
40 -10 -6
40 -10 -8
40 -10 -11
40 -10 -12
40 -11 -2
40 -11 -3
40 -11 -10
40 -11 -11
40 -12 0
40 -12 -1
40 -12 -2
40 -12 -4
40 -12 -5
40 -12 -7
40 -12 -12
41 0 -1
41 0 -2
41 0 -5
41 0 -6
41 0 -9
41 0 -12
41 -1 0
41 -1 -1
41 -1 -5
41 -1 -7
41 -1 -9
41 -1 -10
41 -1 -12
41 -2 -4
41 -2 -6
41 -2 -10
41 -2 -12
41 -3 0
41 -3 -2
41 -3 -3
41 -3 -4
41 -3 -5
41 -3 -7
41 -3 -11
41 -3 -12
41 -4 0
41 -4 -1
41 -4 -4
41 -4 -5
41 -4 -6
41 -4 -7
41 -4 -11
41 -5 -1
41 -5 -2
41 -5 -5
41 -5 -7
41 -5 -8
41 -5 -9
41 -5 -12
41 -6 0
41 -6 -3
41 -6 -5
41 -6 -6
41 -6 -10
41 -6 -11
41 -7 -10
41 -7 -11
41 -8 -3
41 -8 -6
41 -8 -7
41 -8 -8
41 -8 -9
41 -8 -11
41 -9 -1
41 -9 -8
41 -9 -10
41 -9 -11
41 -10 -1
41 -10 -4
41 -10 -5
41 -10 -6
41 -10 -8
41 -10 -11
41 -10 -12
41 -11 -2
41 -11 -3
41 -11 -10
41 -11 -11
41 -12 0
41 -12 -1
41 -12 -2
41 -12 -4
41 -12 -5
41 -12 -7
41 -12 -12
42 0 -1
42 0 -2
42 0 -5
42 0 -6
42 0 -9
42 0 -12
42 -1 0
42 -1 -1
42 -1 -5
42 -1 -7
42 -1 -9
42 -1 -10
42 -1 -12
42 -2 -4
42 -2 -6
42 -2 -10
42 -2 -12
42 -3 0
42 -3 -2
42 -3 -3
42 -3 -4
42 -3 -5
42 -3 -7
42 -3 -11
42 -3 -12
42 -4 0
42 -4 -1
42 -4 -4
42 -4 -5
42 -4 -6
42 -4 -7
42 -4 -11
42 -5 -1
42 -5 -2
42 -5 -5
42 -5 -7
42 -5 -8
42 -5 -9
42 -5 -12
42 -6 0
42 -6 -3
42 -6 -5
42 -6 -6
42 -6 -10
42 -6 -11
42 -7 -10
42 -7 -11
42 -8 -3
42 -8 -6
42 -8 -7
42 -8 -8
42 -8 -9
42 -8 -11
42 -9 -1
42 -9 -8
42 -9 -10
42 -9 -11
42 -10 -1
42 -10 -4
42 -10 -5
42 -10 -6
42 -10 -8
42 -10 -11
42 -10 -12
42 -11 -2
42 -11 -3
42 -11 -10
42 -11 -11
42 -12 0
42 -12 -1
42 -12 -2
42 -12 -4
42 -12 -5
42 -12 -7
42 -12 -12
43 0 -1
43 0 -2
43 0 -5
43 0 -6
43 0 -9
43 0 -12
43 -1 0
43 -1 -1
43 -1 -5
43 -1 -7
43 -1 -9
43 -1 -10
43 -1 -12
43 -2 -4
43 -2 -6
43 -2 -10
43 -2 -12
43 -3 0
43 -3 -2
43 -3 -3
43 -3 -4
43 -3 -5
43 -3 -7
43 -3 -11
43 -3 -12
43 -4 0
43 -4 -1
43 -4 -4
43 -4 -5
43 -4 -6
43 -4 -7
43 -4 -11
43 -5 -1
43 -5 -2
43 -5 -5
43 -5 -7
43 -5 -8
43 -5 -9
43 -5 -12
43 -6 0
43 -6 -3
43 -6 -5
43 -6 -6
43 -6 -10
43 -6 -11
43 -7 -10
43 -7 -11
43 -8 -3
43 -8 -6
43 -8 -7
43 -8 -8
43 -8 -9
43 -8 -11
43 -9 -1
43 -9 -8
43 -9 -10
43 -9 -11
43 -10 -1
43 -10 -4
43 -10 -5
43 -10 -6
43 -10 -8
43 -10 -11
43 -10 -12
43 -11 -2
43 -11 -3
43 -11 -10
43 -11 -11
43 -12 0
43 -12 -1
43 -12 -2
43 -12 -4
43 -12 -5
43 -12 -7
43 -12 -12
44 0 -1
44 0 -2
44 0 -5
44 0 -6
44 0 -9
44 0 -12
44 -1 0
44 -1 -1
44 -1 -5
44 -1 -7
44 -1 -9
44 -1 -10
44 -1 -12
44 -2 -4
44 -2 -6
44 -2 -10
44 -2 -12
44 -3 0
44 -3 -2
44 -3 -3
44 -3 -4
44 -3 -5
44 -3 -7
44 -3 -11
44 -3 -12
44 -4 0
44 -4 -1
44 -4 -4
44 -4 -5
44 -4 -6
44 -4 -7
44 -4 -11
44 -5 -1
44 -5 -2
44 -5 -5
44 -5 -7
44 -5 -8
44 -5 -9
44 -5 -12
44 -6 0
44 -6 -3
44 -6 -5
44 -6 -6
44 -6 -10
44 -6 -11
44 -7 -10
44 -7 -11
44 -8 -3
44 -8 -6
44 -8 -7
44 -8 -8
44 -8 -9
44 -8 -11
44 -9 -1
44 -9 -8
44 -9 -10
44 -9 -11
44 -10 -1
44 -10 -4
44 -10 -5
44 -10 -6
44 -10 -8
44 -10 -11
44 -10 -12
44 -11 -2
44 -11 -3
44 -11 -10
44 -11 -11
44 -12 0
44 -12 -1
44 -12 -2
44 -12 -4
44 -12 -5
44 -12 -7
44 -12 -12
45 0 -1
45 0 -2
45 0 -5
45 0 -6
45 0 -9
45 0 -12
45 -1 0
45 -1 -1
45 -1 -5
45 -1 -7
45 -1 -9
45 -1 -10
45 -1 -12
45 -2 -4
45 -2 -6
45 -2 -10
45 -2 -12
45 -3 0
45 -3 -2
45 -3 -3
45 -3 -4
45 -3 -5
45 -3 -7
45 -3 -11
45 -3 -12
45 -4 0
45 -4 -1
45 -4 -4
45 -4 -5
45 -4 -6
45 -4 -7
45 -4 -11
45 -5 -1
45 -5 -2
45 -5 -5
45 -5 -7
45 -5 -8
45 -5 -9
45 -5 -12
45 -6 0
45 -6 -3
45 -6 -5
45 -6 -6
45 -6 -10
45 -6 -11
45 -7 -10
45 -7 -11
45 -8 -3
45 -8 -6
45 -8 -7
45 -8 -8
45 -8 -9
45 -8 -11
45 -9 -1
45 -9 -8
45 -9 -10
45 -9 -11
45 -10 -1
45 -10 -4
45 -10 -5
45 -10 -6
45 -10 -8
45 -10 -11
45 -10 -12
45 -11 -2
45 -11 -3
45 -11 -10
45 -11 -11
45 -12 0
45 -12 -1
45 -12 -2
45 -12 -4
45 -12 -5
45 -12 -7
45 -12 -12
46 0 -1
46 0 -2
46 0 -5
46 0 -6
46 0 -9
46 0 -12
46 -1 0
46 -1 -1
46 -1 -5
46 -1 -7
46 -1 -9
46 -1 -10
46 -1 -12
46 -2 -4
46 -2 -6
46 -2 -10
46 -2 -12
46 -3 0
46 -3 -2
46 -3 -3
46 -3 -4
46 -3 -5
46 -3 -7
46 -3 -11
46 -3 -12
46 -4 0
46 -4 -1
46 -4 -4
46 -4 -5
46 -4 -6
46 -4 -7
46 -4 -11
46 -5 -1
46 -5 -2
46 -5 -5
46 -5 -7
46 -5 -8
46 -5 -9
46 -5 -12
46 -6 0
46 -6 -3
46 -6 -5
46 -6 -6
46 -6 -10
46 -6 -11
46 -7 -10
46 -7 -11
46 -8 -3
46 -8 -6
46 -8 -7
46 -8 -8
46 -8 -9
46 -8 -11
46 -9 -1
46 -9 -8
46 -9 -10
46 -9 -11
46 -10 -1
46 -10 -4
46 -10 -5
46 -10 -6
46 -10 -8
46 -10 -11
46 -10 -12
46 -11 -2
46 -11 -3
46 -11 -10
46 -11 -11
46 -12 0
46 -12 -1
46 -12 -2
46 -12 -4
46 -12 -5
46 -12 -7
46 -12 -12
47 0 -1
47 0 -2
47 0 -5
47 0 -6
47 0 -9
47 0 -12
47 -1 0
47 -1 -1
47 -1 -5
47 -1 -7
47 -1 -9
47 -1 -10
47 -1 -12
47 -2 -4
47 -2 -6
47 -2 -10
47 -2 -12
47 -3 0
47 -3 -2
47 -3 -3
47 -3 -4
47 -3 -5
47 -3 -7
47 -3 -11
47 -3 -12
47 -4 0
47 -4 -1
47 -4 -4
47 -4 -5
47 -4 -6
47 -4 -7
47 -4 -11
47 -5 -1
47 -5 -2
47 -5 -5
47 -5 -7
47 -5 -8
47 -5 -9
47 -5 -12
47 -6 0
47 -6 -3
47 -6 -5
47 -6 -6
47 -6 -10
47 -6 -11
47 -7 -10
47 -7 -11
47 -8 -3
47 -8 -6
47 -8 -7
47 -8 -8
47 -8 -9
47 -8 -11
47 -9 -1
47 -9 -8
47 -9 -10
47 -9 -11
47 -10 -1
47 -10 -4
47 -10 -5
47 -10 -6
47 -10 -8
47 -10 -11
47 -10 -12
47 -11 -2
47 -11 -3
47 -11 -10
47 -11 -11
47 -12 0
47 -12 -1
47 -12 -2
47 -12 -4
47 -12 -5
47 -12 -7
47 -12 -12
48 0 -1
48 0 -2
48 0 -5
48 0 -6
48 0 -9
48 0 -12
48 -1 0
48 -1 -1
48 -1 -5
48 -1 -7
48 -1 -9
48 -1 -10
48 -1 -12
48 -2 -4
48 -2 -6
48 -2 -10
48 -2 -12
48 -3 0
48 -3 -2
48 -3 -3
48 -3 -4
48 -3 -5
48 -3 -7
48 -3 -11
48 -3 -12
48 -4 0
48 -4 -1
48 -4 -4
48 -4 -5
48 -4 -6
48 -4 -7
48 -4 -11
48 -5 -1
48 -5 -2
48 -5 -5
48 -5 -7
48 -5 -8
48 -5 -9
48 -5 -12
48 -6 0
48 -6 -3
48 -6 -5
48 -6 -6
48 -6 -10
48 -6 -11
48 -7 -10
48 -7 -11
48 -8 -3
48 -8 -6
48 -8 -7
48 -8 -8
48 -8 -9
48 -8 -11
48 -9 -1
48 -9 -8
48 -9 -10
48 -9 -11
48 -10 -1
48 -10 -4
48 -10 -5
48 -10 -6
48 -10 -8
48 -10 -11
48 -10 -12
48 -11 -2
48 -11 -3
48 -11 -10
48 -11 -11
48 -12 0
48 -12 -1
48 -12 -2
48 -12 -4
48 -12 -5
48 -12 -7
48 -12 -12
49 0 -1
49 0 -2
49 0 -5
49 0 -6
49 0 -9
49 0 -12
49 -1 0
49 -1 -1
49 -1 -5
49 -1 -7
49 -1 -9
49 -1 -10
49 -1 -12
49 -2 -4
49 -2 -6
49 -2 -10
49 -2 -12
49 -3 0
49 -3 -2
49 -3 -3
49 -3 -4
49 -3 -5
49 -3 -7
49 -3 -11
49 -3 -12
49 -4 0
49 -4 -1
49 -4 -4
49 -4 -5
49 -4 -6
49 -4 -7
49 -4 -11
49 -5 -1
49 -5 -2
49 -5 -5
49 -5 -7
49 -5 -8
49 -5 -9
49 -5 -12
49 -6 0
49 -6 -3
49 -6 -5
49 -6 -6
49 -6 -10
49 -6 -11
49 -7 -10
49 -7 -11
49 -8 -3
49 -8 -6
49 -8 -7
49 -8 -8
49 -8 -9
49 -8 -11
49 -9 -1
49 -9 -8
49 -9 -10
49 -9 -11
49 -10 -1
49 -10 -4
49 -10 -5
49 -10 -6
49 -10 -8
49 -10 -11
49 -10 -12
49 -11 -2
49 -11 -3
49 -11 -10
49 -11 -11
49 -12 0
49 -12 -1
49 -12 -2
49 -12 -4
49 -12 -5
49 -12 -7
49 -12 -12
50 0 -1
50 0 -2
50 0 -5
50 0 -6
50 0 -9
50 0 -12
50 -1 0
50 -1 -1
50 -1 -5
50 -1 -7
50 -1 -9
50 -1 -10
50 -1 -12
50 -2 -4
50 -2 -6
50 -2 -10
50 -2 -12
50 -3 0
50 -3 -2
50 -3 -3
50 -3 -4
50 -3 -5
50 -3 -7
50 -3 -11
50 -3 -12
50 -4 0
50 -4 -1
50 -4 -4
50 -4 -5
50 -4 -6
50 -4 -7
50 -4 -11
50 -5 -1
50 -5 -2
50 -5 -5
50 -5 -7
50 -5 -8
50 -5 -9
50 -5 -12
50 -6 0
50 -6 -3
50 -6 -5
50 -6 -6
50 -6 -10
50 -6 -11
50 -7 -10
50 -7 -11
50 -8 -3
50 -8 -6
50 -8 -7
50 -8 -8
50 -8 -9
50 -8 -11
50 -9 -1
50 -9 -8
50 -9 -10
50 -9 -11
50 -10 -1
50 -10 -4
50 -10 -5
50 -10 -6
50 -10 -8
50 -10 -11
50 -10 -12
50 -11 -2
50 -11 -3
50 -11 -10
50 -11 -11
50 -12 0
50 -12 -1
50 -12 -2
50 -12 -4
50 -12 -5
50 -12 -7
50 -12 -12
51 0 -1
51 0 -2
51 0 -5
51 0 -6
51 0 -9
51 0 -12
51 -1 0
51 -1 -1
51 -1 -5
51 -1 -7
51 -1 -9
51 -1 -10
51 -1 -12
51 -2 -4
51 -2 -6
51 -2 -10
51 -2 -12
51 -3 0
51 -3 -2
51 -3 -3
51 -3 -4
51 -3 -5
51 -3 -7
51 -3 -11
51 -3 -12
51 -4 0
51 -4 -1
51 -4 -4
51 -4 -5
51 -4 -6
51 -4 -7
51 -4 -11
51 -5 -1
51 -5 -2
51 -5 -5
51 -5 -7
51 -5 -8
51 -5 -9
51 -5 -12
51 -6 0
51 -6 -3
51 -6 -5
51 -6 -6
51 -6 -10
51 -6 -11
51 -7 -10
51 -7 -11
51 -8 -3
51 -8 -6
51 -8 -7
51 -8 -8
51 -8 -9
51 -8 -11
51 -9 -1
51 -9 -8
51 -9 -10
51 -9 -11
51 -10 -1
51 -10 -4
51 -10 -5
51 -10 -6
51 -10 -8
51 -10 -11
51 -10 -12
51 -11 -2
51 -11 -3
51 -11 -10
51 -11 -11
51 -12 0
51 -12 -1
51 -12 -2
51 -12 -4
51 -12 -5
51 -12 -7
51 -12 -12
52 0 -1
52 0 -2
52 0 -5
52 0 -6
52 0 -9
52 0 -12
52 -1 0
52 -1 -1
52 -1 -5
52 -1 -7
52 -1 -9
52 -1 -10
52 -1 -12
52 -2 -4
52 -2 -6
52 -2 -10
52 -2 -12
52 -3 0
52 -3 -2
52 -3 -3
52 -3 -4
52 -3 -5
52 -3 -7
52 -3 -11
52 -3 -12
52 -4 0
52 -4 -1
52 -4 -4
52 -4 -5
52 -4 -6
52 -4 -7
52 -4 -11
52 -5 -1
52 -5 -2
52 -5 -5
52 -5 -7
52 -5 -8
52 -5 -9
52 -5 -12
52 -6 0
52 -6 -3
52 -6 -5
52 -6 -6
52 -6 -10
52 -6 -11
52 -7 -10
52 -7 -11
52 -8 -3
52 -8 -6
52 -8 -7
52 -8 -8
52 -8 -9
52 -8 -11
52 -9 -1
52 -9 -8
52 -9 -10
52 -9 -11
52 -10 -1
52 -10 -4
52 -10 -5
52 -10 -6
52 -10 -8
52 -10 -11
52 -10 -12
52 -11 -2
52 -11 -3
52 -11 -10
52 -11 -11
52 -12 0
52 -12 -1
52 -12 -2
52 -12 -4
52 -12 -5
52 -12 -7
52 -12 -12
53 0 -1
53 0 -2
53 0 -5
53 0 -6
53 0 -9
53 0 -12
53 -1 0
53 -1 -1
53 -1 -5
53 -1 -7
53 -1 -9
53 -1 -10
53 -1 -12
53 -2 -4
53 -2 -6
53 -2 -10
53 -2 -12
53 -3 0
53 -3 -2
53 -3 -3
53 -3 -4
53 -3 -5
53 -3 -7
53 -3 -11
53 -3 -12
53 -4 0
53 -4 -1
53 -4 -4
53 -4 -5
53 -4 -6
53 -4 -7
53 -4 -11
53 -5 -1
53 -5 -2
53 -5 -5
53 -5 -7
53 -5 -8
53 -5 -9
53 -5 -12
53 -6 0
53 -6 -3
53 -6 -5
53 -6 -6
53 -6 -10
53 -6 -11
53 -7 -10
53 -7 -11
53 -8 -3
53 -8 -6
53 -8 -7
53 -8 -8
53 -8 -9
53 -8 -11
53 -9 -1
53 -9 -8
53 -9 -10
53 -9 -11
53 -10 -1
53 -10 -4
53 -10 -5
53 -10 -6
53 -10 -8
53 -10 -11
53 -10 -12
53 -11 -2
53 -11 -3
53 -11 -10
53 -11 -11
53 -12 0
53 -12 -1
53 -12 -2
53 -12 -4
53 -12 -5
53 -12 -7
53 -12 -12
54 0 -1
54 0 -2
54 0 -5
54 0 -6
54 0 -9
54 0 -12
54 -1 0
54 -1 -1
54 -1 -5
54 -1 -7
54 -1 -9
54 -1 -10
54 -1 -12
54 -2 -4
54 -2 -6
54 -2 -10
54 -2 -12
54 -3 0
54 -3 -2
54 -3 -3
54 -3 -4
54 -3 -5
54 -3 -7
54 -3 -11
54 -3 -12
54 -4 0
54 -4 -1
54 -4 -4
54 -4 -5
54 -4 -6
54 -4 -7
54 -4 -11
54 -5 -1
54 -5 -2
54 -5 -5
54 -5 -7
54 -5 -8
54 -5 -9
54 -5 -12
54 -6 0
54 -6 -3
54 -6 -5
54 -6 -6
54 -6 -10
54 -6 -11
54 -7 -10
54 -7 -11
54 -8 -3
54 -8 -6
54 -8 -7
54 -8 -8
54 -8 -9
54 -8 -11
54 -9 -1
54 -9 -8
54 -9 -10
54 -9 -11
54 -10 -1
54 -10 -4
54 -10 -5
54 -10 -6
54 -10 -8
54 -10 -11
54 -10 -12
54 -11 -2
54 -11 -3
54 -11 -10
54 -11 -11
54 -12 0
54 -12 -1
54 -12 -2
54 -12 -4
54 -12 -5
54 -12 -7
54 -12 -12
55 0 -1
55 0 -2
55 0 -5
55 0 -6
55 0 -9
55 0 -12
55 -1 0
55 -1 -1
55 -1 -5
55 -1 -7
55 -1 -9
55 -1 -10
55 -1 -12
55 -2 -4
55 -2 -6
55 -2 -10
55 -2 -12
55 -3 0
55 -3 -2
55 -3 -3
55 -3 -4
55 -3 -5
55 -3 -7
55 -3 -11
55 -3 -12
55 -4 0
55 -4 -1
55 -4 -4
55 -4 -5
55 -4 -6
55 -4 -7
55 -4 -11
55 -5 -1
55 -5 -2
55 -5 -5
55 -5 -7
55 -5 -8
55 -5 -9
55 -5 -12
55 -6 0
55 -6 -3
55 -6 -5
55 -6 -6
55 -6 -10
55 -6 -11
55 -7 -10
55 -7 -11
55 -8 -3
55 -8 -6
55 -8 -7
55 -8 -8
55 -8 -9
55 -8 -11
55 -9 -1
55 -9 -8
55 -9 -10
55 -9 -11
55 -10 -1
55 -10 -4
55 -10 -5
55 -10 -6
55 -10 -8
55 -10 -11
55 -10 -12
55 -11 -2
55 -11 -3
55 -11 -10
55 -11 -11
55 -12 0
55 -12 -1
55 -12 -2
55 -12 -4
55 -12 -5
55 -12 -7
55 -12 -12
56 0 -1
56 0 -2
56 0 -5
56 0 -6
56 0 -9
56 0 -12
56 -1 0
56 -1 -1
56 -1 -5
56 -1 -7
56 -1 -9
56 -1 -10
56 -1 -12
56 -2 -4
56 -2 -6
56 -2 -10
56 -2 -12
56 -3 0
56 -3 -2
56 -3 -3
56 -3 -4
56 -3 -5
56 -3 -7
56 -3 -11
56 -3 -12
56 -4 0
56 -4 -1
56 -4 -4
56 -4 -5
56 -4 -6
56 -4 -7
56 -4 -11
56 -5 -1
56 -5 -2
56 -5 -5
56 -5 -7
56 -5 -8
56 -5 -9
56 -5 -12
56 -6 0
56 -6 -3
56 -6 -5
56 -6 -6
56 -6 -10
56 -6 -11
56 -7 -10
56 -7 -11
56 -8 -3
56 -8 -6
56 -8 -7
56 -8 -8
56 -8 -9
56 -8 -11
56 -9 -1
56 -9 -8
56 -9 -10
56 -9 -11
56 -10 -1
56 -10 -4
56 -10 -5
56 -10 -6
56 -10 -8
56 -10 -11
56 -10 -12
56 -11 -2
56 -11 -3
56 -11 -10
56 -11 -11
56 -12 0
56 -12 -1
56 -12 -2
56 -12 -4
56 -12 -5
56 -12 -7
56 -12 -12
57 0 -1
57 0 -2
57 0 -5
57 0 -6
57 0 -9
57 0 -12
57 -1 0
57 -1 -1
57 -1 -5
57 -1 -7
57 -1 -9
57 -1 -10
57 -1 -12
57 -2 -4
57 -2 -6
57 -2 -10
57 -2 -12
57 -3 0
57 -3 -2
57 -3 -3
57 -3 -4
57 -3 -5
57 -3 -7
57 -3 -11
57 -3 -12
57 -4 0
57 -4 -1
57 -4 -4
57 -4 -5
57 -4 -6
57 -4 -7
57 -4 -11
57 -5 -1
57 -5 -2
57 -5 -5
57 -5 -7
57 -5 -8
57 -5 -9
57 -5 -12
57 -6 0
57 -6 -3
57 -6 -5
57 -6 -6
57 -6 -10
57 -6 -11
57 -7 -10
57 -7 -11
57 -8 -3
57 -8 -6
57 -8 -7
57 -8 -8
57 -8 -9
57 -8 -11
57 -9 -1
57 -9 -8
57 -9 -10
57 -9 -11
57 -10 -1
57 -10 -4
57 -10 -5
57 -10 -6
57 -10 -8
57 -10 -11
57 -10 -12
57 -11 -2
57 -11 -3
57 -11 -10
57 -11 -11
57 -12 0
57 -12 -1
57 -12 -2
57 -12 -4
57 -12 -5
57 -12 -7
57 -12 -12
58 0 -1
58 0 -2
58 0 -5
58 0 -6
58 0 -9
58 0 -12
58 -1 0
58 -1 -1
58 -1 -5
58 -1 -7
58 -1 -9
58 -1 -10
58 -1 -12
58 -2 -4
58 -2 -6
58 -2 -10
58 -2 -12
58 -3 0
58 -3 -2
58 -3 -3
58 -3 -4
58 -3 -5
58 -3 -7
58 -3 -11
58 -3 -12
58 -4 0
58 -4 -1
58 -4 -4
58 -4 -5
58 -4 -6
58 -4 -7
58 -4 -11
58 -5 -1
58 -5 -2
58 -5 -5
58 -5 -7
58 -5 -8
58 -5 -9
58 -5 -12
58 -6 0
58 -6 -3
58 -6 -5
58 -6 -6
58 -6 -10
58 -6 -11
58 -7 -10
58 -7 -11
58 -8 -3
58 -8 -6
58 -8 -7
58 -8 -8
58 -8 -9
58 -8 -11
58 -9 -1
58 -9 -8
58 -9 -10
58 -9 -11
58 -10 -1
58 -10 -4
58 -10 -5
58 -10 -6
58 -10 -8
58 -10 -11
58 -10 -12
58 -11 -2
58 -11 -3
58 -11 -10
58 -11 -11
58 -12 0
58 -12 -1
58 -12 -2
58 -12 -4
58 -12 -5
58 -12 -7
58 -12 -12
59 0 -1
59 0 -2
59 0 -5
59 0 -6
59 0 -9
59 0 -12
59 -1 0
59 -1 -1
59 -1 -5
59 -1 -7
59 -1 -9
59 -1 -10
59 -1 -12
59 -2 -4
59 -2 -6
59 -2 -10
59 -2 -12
59 -3 0
59 -3 -2
59 -3 -3
59 -3 -4
59 -3 -5
59 -3 -7
59 -3 -11
59 -3 -12
59 -4 0
59 -4 -1
59 -4 -4
59 -4 -5
59 -4 -6
59 -4 -7
59 -4 -11
59 -5 -1
59 -5 -2
59 -5 -5
59 -5 -7
59 -5 -8
59 -5 -9
59 -5 -12
59 -6 0
59 -6 -3
59 -6 -5
59 -6 -6
59 -6 -10
59 -6 -11
59 -7 -10
59 -7 -11
59 -8 -3
59 -8 -6
59 -8 -7
59 -8 -8
59 -8 -9
59 -8 -11
59 -9 -1
59 -9 -8
59 -9 -10
59 -9 -11
59 -10 -1
59 -10 -4
59 -10 -5
59 -10 -6
59 -10 -8
59 -10 -11
59 -10 -12
59 -11 -2
59 -11 -3
59 -11 -10
59 -11 -11
59 -12 0
59 -12 -1
59 -12 -2
59 -12 -4
59 -12 -5
59 -12 -7
59 -12 -12
60 0 -1
60 0 -2
60 0 -5
60 0 -6
60 0 -9
60 0 -12
60 -1 0
60 -1 -1
60 -1 -5
60 -1 -7
60 -1 -9
60 -1 -10
60 -1 -12
60 -2 -4
60 -2 -6
60 -2 -10
60 -2 -12
60 -3 0
60 -3 -2
60 -3 -3
60 -3 -4
60 -3 -5
60 -3 -7
60 -3 -11
60 -3 -12
60 -4 0
60 -4 -1
60 -4 -4
60 -4 -5
60 -4 -6
60 -4 -7
60 -4 -11
60 -5 -1
60 -5 -2
60 -5 -5
60 -5 -7
60 -5 -8
60 -5 -9
60 -5 -12
60 -6 0
60 -6 -3
60 -6 -5
60 -6 -6
60 -6 -10
60 -6 -11
60 -7 -10
60 -7 -11
60 -8 -3
60 -8 -6
60 -8 -7
60 -8 -8
60 -8 -9
60 -8 -11
60 -9 -1
60 -9 -8
60 -9 -10
60 -9 -11
60 -10 -1
60 -10 -4
60 -10 -5
60 -10 -6
60 -10 -8
60 -10 -11
60 -10 -12
60 -11 -2
60 -11 -3
60 -11 -10
60 -11 -11
60 -12 0
60 -12 -1
60 -12 -2
60 -12 -4
60 -12 -5
60 -12 -7
60 -12 -12
61 0 -1
61 0 -2
61 0 -5
61 0 -6
61 0 -9
61 0 -12
61 -1 0
61 -1 -1
61 -1 -5
61 -1 -7
61 -1 -9
61 -1 -10
61 -1 -12
61 -2 -4
61 -2 -6
61 -2 -10
61 -2 -12
61 -3 0
61 -3 -2
61 -3 -3
61 -3 -4
61 -3 -5
61 -3 -7
61 -3 -11
61 -3 -12
61 -4 0
61 -4 -1
61 -4 -4
61 -4 -5
61 -4 -6
61 -4 -7
61 -4 -11
61 -5 -1
61 -5 -2
61 -5 -5
61 -5 -7
61 -5 -8
61 -5 -9
61 -5 -12
61 -6 0
61 -6 -3
61 -6 -5
61 -6 -6
61 -6 -10
61 -6 -11
61 -7 -10
61 -7 -11
61 -8 -3
61 -8 -6
61 -8 -7
61 -8 -8
61 -8 -9
61 -8 -11
61 -9 -1
61 -9 -8
61 -9 -10
61 -9 -11
61 -10 -1
61 -10 -4
61 -10 -5
61 -10 -6
61 -10 -8
61 -10 -11
61 -10 -12
61 -11 -2
61 -11 -3
61 -11 -10
61 -11 -11
61 -12 0
61 -12 -1
61 -12 -2
61 -12 -4
61 -12 -5
61 -12 -7
61 -12 -12
62 0 -1
62 0 -2
62 0 -5
62 0 -6
62 0 -9
62 0 -12
62 -1 0
62 -1 -1
62 -1 -5
62 -1 -7
62 -1 -9
62 -1 -10
62 -1 -12
62 -2 -4
62 -2 -6
62 -2 -10
62 -2 -12
62 -3 0
62 -3 -2
62 -3 -3
62 -3 -4
62 -3 -5
62 -3 -7
62 -3 -11
62 -3 -12
62 -4 0
62 -4 -1
62 -4 -4
62 -4 -5
62 -4 -6
62 -4 -7
62 -4 -11
62 -5 -1
62 -5 -2
62 -5 -5
62 -5 -7
62 -5 -8
62 -5 -9
62 -5 -12
62 -6 0
62 -6 -3
62 -6 -5
62 -6 -6
62 -6 -10
62 -6 -11
62 -7 -10
62 -7 -11
62 -8 -3
62 -8 -6
62 -8 -7
62 -8 -8
62 -8 -9
62 -8 -11
62 -9 -1
62 -9 -8
62 -9 -10
62 -9 -11
62 -10 -1
62 -10 -4
62 -10 -5
62 -10 -6
62 -10 -8
62 -10 -11
62 -10 -12
62 -11 -2
62 -11 -3
62 -11 -10
62 -11 -11
62 -12 0
62 -12 -1
62 -12 -2
62 -12 -4
62 -12 -5
62 -12 -7
62 -12 -12
63 0 -1
63 0 -2
63 0 -5
63 0 -6
63 0 -9
63 0 -12
63 -1 0
63 -1 -1
63 -1 -5
63 -1 -7
63 -1 -9
63 -1 -10
63 -1 -12
63 -2 -4
63 -2 -6
63 -2 -10
63 -2 -12
63 -3 0
63 -3 -2
63 -3 -3
63 -3 -4
63 -3 -5
63 -3 -7
63 -3 -11
63 -3 -12
63 -4 0
63 -4 -1
63 -4 -4
63 -4 -5
63 -4 -6
63 -4 -7
63 -4 -11
63 -5 -1
63 -5 -2
63 -5 -5
63 -5 -7
63 -5 -8
63 -5 -9
63 -5 -12
63 -6 0
63 -6 -3
63 -6 -5
63 -6 -6
63 -6 -10
63 -6 -11
63 -7 -10
63 -7 -11
63 -8 -3
63 -8 -6
63 -8 -7
63 -8 -8
63 -8 -9
63 -8 -11
63 -9 -1
63 -9 -8
63 -9 -10
63 -9 -11
63 -10 -1
63 -10 -4
63 -10 -5
63 -10 -6
63 -10 -8
63 -10 -11
63 -10 -12
63 -11 -2
63 -11 -3
63 -11 -10
63 -11 -11
63 -12 0
63 -12 -1
63 -12 -2
63 -12 -4
63 -12 -5
63 -12 -7
63 -12 -12
64 0 -1
64 0 -2
64 0 -5
64 0 -6
64 0 -9
64 0 -12
64 -1 0
64 -1 -1
64 -1 -5
64 -1 -7
64 -1 -9
64 -1 -10
64 -1 -12
64 -2 -4
64 -2 -6
64 -2 -10
64 -2 -12
64 -3 0
64 -3 -2
64 -3 -3
64 -3 -4
64 -3 -5
64 -3 -7
64 -3 -11
64 -3 -12
64 -4 0
64 -4 -1
64 -4 -4
64 -4 -5
64 -4 -6
64 -4 -7
64 -4 -11
64 -5 -1
64 -5 -2
64 -5 -5
64 -5 -7
64 -5 -8
64 -5 -9
64 -5 -12
64 -6 0
64 -6 -3
64 -6 -5
64 -6 -6
64 -6 -10
64 -6 -11
64 -7 -10
64 -7 -11
64 -8 -3
64 -8 -6
64 -8 -7
64 -8 -8
64 -8 -9
64 -8 -11
64 -9 -1
64 -9 -8
64 -9 -10
64 -9 -11
64 -10 -1
64 -10 -4
64 -10 -5
64 -10 -6
64 -10 -8
64 -10 -11
64 -10 -12
64 -11 -2
64 -11 -3
64 -11 -10
64 -11 -11
64 -12 0
64 -12 -1
64 -12 -2
64 -12 -4
64 -12 -5
64 -12 -7
64 -12 -12
65 0 -1
65 0 -2
65 0 -5
65 0 -6
65 0 -9
65 0 -12
65 -1 0
65 -1 -1
65 -1 -5
65 -1 -7
65 -1 -9
65 -1 -10
65 -1 -12
65 -2 -4
65 -2 -6
65 -2 -10
65 -2 -12
65 -3 0
65 -3 -2
65 -3 -3
65 -3 -4
65 -3 -5
65 -3 -7
65 -3 -11
65 -3 -12
65 -4 0
65 -4 -1
65 -4 -4
65 -4 -5
65 -4 -6
65 -4 -7
65 -4 -11
65 -5 -1
65 -5 -2
65 -5 -5
65 -5 -7
65 -5 -8
65 -5 -9
65 -5 -12
65 -6 0
65 -6 -3
65 -6 -5
65 -6 -6
65 -6 -10
65 -6 -11
65 -7 -10
65 -7 -11
65 -8 -3
65 -8 -6
65 -8 -7
65 -8 -8
65 -8 -9
65 -8 -11
65 -9 -1
65 -9 -8
65 -9 -10
65 -9 -11
65 -10 -1
65 -10 -4
65 -10 -5
65 -10 -6
65 -10 -8
65 -10 -11
65 -10 -12
65 -11 -2
65 -11 -3
65 -11 -10
65 -11 -11
65 -12 0
65 -12 -1
65 -12 -2
65 -12 -4
65 -12 -5
65 -12 -7
65 -12 -12
66 0 -1
66 0 -2
66 0 -5
66 0 -6
66 0 -9
66 0 -12
66 -1 0
66 -1 -1
66 -1 -5
66 -1 -7
66 -1 -9
66 -1 -10
66 -1 -12
66 -2 -4
66 -2 -6
66 -2 -10
66 -2 -12
66 -3 0
66 -3 -2
66 -3 -3
66 -3 -4
66 -3 -5
66 -3 -7
66 -3 -11
66 -3 -12
66 -4 0
66 -4 -1
66 -4 -4
66 -4 -5
66 -4 -6
66 -4 -7
66 -4 -11
66 -5 -1
66 -5 -2
66 -5 -5
66 -5 -7
66 -5 -8
66 -5 -9
66 -5 -12
66 -6 0
66 -6 -3
66 -6 -5
66 -6 -6
66 -6 -10
66 -6 -11
66 -7 -10
66 -7 -11
66 -8 -3
66 -8 -6
66 -8 -7
66 -8 -8
66 -8 -9
66 -8 -11
66 -9 -1
66 -9 -8
66 -9 -10
66 -9 -11
66 -10 -1
66 -10 -4
66 -10 -5
66 -10 -6
66 -10 -8
66 -10 -11
66 -10 -12
66 -11 -2
66 -11 -3
66 -11 -10
66 -11 -11
66 -12 0
66 -12 -1
66 -12 -2
66 -12 -4
66 -12 -5
66 -12 -7
66 -12 -12
67 0 -1
67 0 -2
67 0 -5
67 0 -6
67 0 -9
67 0 -12
67 -1 0
67 -1 -1
67 -1 -5
67 -1 -7
67 -1 -9
67 -1 -10
67 -1 -12
67 -2 -4
67 -2 -6
67 -2 -10
67 -2 -12
67 -3 0
67 -3 -2
67 -3 -3
67 -3 -4
67 -3 -5
67 -3 -7
67 -3 -11
67 -3 -12
67 -4 0
67 -4 -1
67 -4 -4
67 -4 -5
67 -4 -6
67 -4 -7
67 -4 -11
67 -5 -1
67 -5 -2
67 -5 -5
67 -5 -7
67 -5 -8
67 -5 -9
67 -5 -12
67 -6 0
67 -6 -3
67 -6 -5
67 -6 -6
67 -6 -10
67 -6 -11
67 -7 -10
67 -7 -11
67 -8 -3
67 -8 -6
67 -8 -7
67 -8 -8
67 -8 -9
67 -8 -11
67 -9 -1
67 -9 -8
67 -9 -10
67 -9 -11
67 -10 -1
67 -10 -4
67 -10 -5
67 -10 -6
67 -10 -8
67 -10 -11
67 -10 -12
67 -11 -2
67 -11 -3
67 -11 -10
67 -11 -11
67 -12 0
67 -12 -1
67 -12 -2
67 -12 -4
67 -12 -5
67 -12 -7
67 -12 -12
68 0 -1
68 0 -2
68 0 -5
68 0 -6
68 0 -9
68 0 -12
68 -1 0
68 -1 -1
68 -1 -5
68 -1 -7
68 -1 -9
68 -1 -10
68 -1 -12
68 -2 -4
68 -2 -6
68 -2 -10
68 -2 -12
68 -3 0
68 -3 -2
68 -3 -3
68 -3 -4
68 -3 -5
68 -3 -7
68 -3 -11
68 -3 -12
68 -4 0
68 -4 -1
68 -4 -4
68 -4 -5
68 -4 -6
68 -4 -7
68 -4 -11
68 -5 -1
68 -5 -2
68 -5 -5
68 -5 -7
68 -5 -8
68 -5 -9
68 -5 -12
68 -6 0
68 -6 -3
68 -6 -5
68 -6 -6
68 -6 -10
68 -6 -11
68 -7 -10
68 -7 -11
68 -8 -3
68 -8 -6
68 -8 -7
68 -8 -8
68 -8 -9
68 -8 -11
68 -9 -1
68 -9 -8
68 -9 -10
68 -9 -11
68 -10 -1
68 -10 -4
68 -10 -5
68 -10 -6
68 -10 -8
68 -10 -11
68 -10 -12
68 -11 -2
68 -11 -3
68 -11 -10
68 -11 -11
68 -12 0
68 -12 -1
68 -12 -2
68 -12 -4
68 -12 -5
68 -12 -7
68 -12 -12
69 0 -1
69 0 -2
69 0 -5
69 0 -6
69 0 -9
69 0 -12
69 -1 0
69 -1 -1
69 -1 -5
69 -1 -7
69 -1 -9
69 -1 -10
69 -1 -12
69 -2 -4
69 -2 -6
69 -2 -10
69 -2 -12
69 -3 0
69 -3 -2
69 -3 -3
69 -3 -4
69 -3 -5
69 -3 -7
69 -3 -11
69 -3 -12
69 -4 0
69 -4 -1
69 -4 -4
69 -4 -5
69 -4 -6
69 -4 -7
69 -4 -11
69 -5 -1
69 -5 -2
69 -5 -5
69 -5 -7
69 -5 -8
69 -5 -9
69 -5 -12
69 -6 0
69 -6 -3
69 -6 -5
69 -6 -6
69 -6 -10
69 -6 -11
69 -7 -10
69 -7 -11
69 -8 -3
69 -8 -6
69 -8 -7
69 -8 -8
69 -8 -9
69 -8 -11
69 -9 -1
69 -9 -8
69 -9 -10
69 -9 -11
69 -10 -1
69 -10 -4
69 -10 -5
69 -10 -6
69 -10 -8
69 -10 -11
69 -10 -12
69 -11 -2
69 -11 -3
69 -11 -10
69 -11 -11
69 -12 0
69 -12 -1
69 -12 -2
69 -12 -4
69 -12 -5
69 -12 -7
69 -12 -12
70 0 -1
70 0 -2
70 0 -5
70 0 -6
70 0 -9
70 0 -12
70 -1 0
70 -1 -1
70 -1 -5
70 -1 -7
70 -1 -9
70 -1 -10
70 -1 -12
70 -2 -4
70 -2 -6
70 -2 -10
70 -2 -12
70 -3 0
70 -3 -2
70 -3 -3
70 -3 -4
70 -3 -5
70 -3 -7
70 -3 -11
70 -3 -12
70 -4 0
70 -4 -1
70 -4 -4
70 -4 -5
70 -4 -6
70 -4 -7
70 -4 -11
70 -5 -1
70 -5 -2
70 -5 -5
70 -5 -7
70 -5 -8
70 -5 -9
70 -5 -12
70 -6 0
70 -6 -3
70 -6 -5
70 -6 -6
70 -6 -10
70 -6 -11
70 -7 -10
70 -7 -11
70 -8 -3
70 -8 -6
70 -8 -7
70 -8 -8
70 -8 -9
70 -8 -11
70 -9 -1
70 -9 -8
70 -9 -10
70 -9 -11
70 -10 -1
70 -10 -4
70 -10 -5
70 -10 -6
70 -10 -8
70 -10 -11
70 -10 -12
70 -11 -2
70 -11 -3
70 -11 -10
70 -11 -11
70 -12 0
70 -12 -1
70 -12 -2
70 -12 -4
70 -12 -5
70 -12 -7
70 -12 -12
71 0 -1
71 0 -2
71 0 -5
71 0 -6
71 0 -9
71 0 -12
71 -1 0
71 -1 -1
71 -1 -5
71 -1 -7
71 -1 -9
71 -1 -10
71 -1 -12
71 -2 -4
71 -2 -6
71 -2 -10
71 -2 -12
71 -3 0
71 -3 -2
71 -3 -3
71 -3 -4
71 -3 -5
71 -3 -7
71 -3 -11
71 -3 -12
71 -4 0
71 -4 -1
71 -4 -4
71 -4 -5
71 -4 -6
71 -4 -7
71 -4 -11
71 -5 -1
71 -5 -2
71 -5 -5
71 -5 -7
71 -5 -8
71 -5 -9
71 -5 -12
71 -6 0
71 -6 -3
71 -6 -5
71 -6 -6
71 -6 -10
71 -6 -11
71 -7 -10
71 -7 -11
71 -8 -3
71 -8 -6
71 -8 -7
71 -8 -8
71 -8 -9
71 -8 -11
71 -9 -1
71 -9 -8
71 -9 -10
71 -9 -11
71 -10 -1
71 -10 -4
71 -10 -5
71 -10 -6
71 -10 -8
71 -10 -11
71 -10 -12
71 -11 -2
71 -11 -3
71 -11 -10
71 -11 -11
71 -12 0
71 -12 -1
71 -12 -2
71 -12 -4
71 -12 -5
71 -12 -7
71 -12 -12
72 0 -1
72 0 -2
72 0 -5
72 0 -6
72 0 -9
72 0 -12
72 -1 0
72 -1 -1
72 -1 -5
72 -1 -7
72 -1 -9
72 -1 -10
72 -1 -12
72 -2 -4
72 -2 -6
72 -2 -10
72 -2 -12
72 -3 0
72 -3 -2
72 -3 -3
72 -3 -4
72 -3 -5
72 -3 -7
72 -3 -11
72 -3 -12
72 -4 0
72 -4 -1
72 -4 -4
72 -4 -5
72 -4 -6
72 -4 -7
72 -4 -11
72 -5 -1
72 -5 -2
72 -5 -5
72 -5 -7
72 -5 -8
72 -5 -9
72 -5 -12
72 -6 0
72 -6 -3
72 -6 -5
72 -6 -6
72 -6 -10
72 -6 -11
72 -7 -10
72 -7 -11
72 -8 -3
72 -8 -6
72 -8 -7
72 -8 -8
72 -8 -9
72 -8 -11
72 -9 -1
72 -9 -8
72 -9 -10
72 -9 -11
72 -10 -1
72 -10 -4
72 -10 -5
72 -10 -6
72 -10 -8
72 -10 -11
72 -10 -12
72 -11 -2
72 -11 -3
72 -11 -10
72 -11 -11
72 -12 0
72 -12 -1
72 -12 -2
72 -12 -4
72 -12 -5
72 -12 -7
72 -12 -12
73 0 -1
73 0 -2
73 0 -5
73 0 -6
73 0 -9
73 0 -12
73 -1 0
73 -1 -1
73 -1 -5
73 -1 -7
73 -1 -9
73 -1 -10
73 -1 -12
73 -2 -4
73 -2 -6
73 -2 -10
73 -2 -12
73 -3 0
73 -3 -2
73 -3 -3
73 -3 -4
73 -3 -5
73 -3 -7
73 -3 -11
73 -3 -12
73 -4 0
73 -4 -1
73 -4 -4
73 -4 -5
73 -4 -6
73 -4 -7
73 -4 -11
73 -5 -1
73 -5 -2
73 -5 -5
73 -5 -7
73 -5 -8
73 -5 -9
73 -5 -12
73 -6 0
73 -6 -3
73 -6 -5
73 -6 -6
73 -6 -10
73 -6 -11
73 -7 -10
73 -7 -11
73 -8 -3
73 -8 -6
73 -8 -7
73 -8 -8
73 -8 -9
73 -8 -11
73 -9 -1
73 -9 -8
73 -9 -10
73 -9 -11
73 -10 -1
73 -10 -4
73 -10 -5
73 -10 -6
73 -10 -8
73 -10 -11
73 -10 -12
73 -11 -2
73 -11 -3
73 -11 -10
73 -11 -11
73 -12 0
73 -12 -1
73 -12 -2
73 -12 -4
73 -12 -5
73 -12 -7
73 -12 -12
74 0 -1
74 0 -2
74 0 -5
74 0 -6
74 0 -9
74 0 -12
74 -1 0
74 -1 -1
74 -1 -5
74 -1 -7
74 -1 -9
74 -1 -10
74 -1 -12
74 -2 -4
74 -2 -6
74 -2 -10
74 -2 -12
74 -3 0
74 -3 -2
74 -3 -3
74 -3 -4
74 -3 -5
74 -3 -7
74 -3 -11
74 -3 -12
74 -4 0
74 -4 -1
74 -4 -4
74 -4 -5
74 -4 -6
74 -4 -7
74 -4 -11
74 -5 -1
74 -5 -2
74 -5 -5
74 -5 -7
74 -5 -8
74 -5 -9
74 -5 -12
74 -6 0
74 -6 -3
74 -6 -5
74 -6 -6
74 -6 -10
74 -6 -11
74 -7 -10
74 -7 -11
74 -8 -3
74 -8 -6
74 -8 -7
74 -8 -8
74 -8 -9
74 -8 -11
74 -9 -1
74 -9 -8
74 -9 -10
74 -9 -11
74 -10 -1
74 -10 -4
74 -10 -5
74 -10 -6
74 -10 -8
74 -10 -11
74 -10 -12
74 -11 -2
74 -11 -3
74 -11 -10
74 -11 -11
74 -12 0
74 -12 -1
74 -12 -2
74 -12 -4
74 -12 -5
74 -12 -7
74 -12 -12
-1 -1 -1
6
0
15
4
24
1
13
2
53
64
29
14
57
3
18
10
12
58
17
19
27
30
31
52
8
51
7
28
20
11
16
49
33
65
21
66
48
44
69
39
35
56
26
54
5
46
25
70
59
45
38
32
23
41
36
9
61
60
47
73
50
62
68
55
34
71
72
74
43
42
67
40
63
37
22
  0.050091 seconds (145.00 k allocations: 4.721 MiB)
