950 0 0 0 0 0 0 0 0 0 0 0 0 0 0 0 0 0 0 0 0 0 0 0 0 0 0 0 0 0 0 0 0 0 0 0 0 0 0 0 0 0 0 0 0 0 0 0
0 0 0 0 0 0 0 0 0 0 0 0 0 0 0 0 0 0 0 0 0 0 0 0 0 0 0 0 0 0 0 0 0 0 0 0 0 0 0 0 0 0 0 0 0 0 0 0
0 0 0 0 0 0 0 0 0 0 0 0 0 0 0 0 0 0 0 0 0 0 0 0 0 0 0 0 0 0 0 0 0 0 0 0 0 0 0 0 0 0 0 0 0 0 0 0
0 0 0 0 0 0 0 0 0 0 0 0 0 0 0 0 0 0 0 0 0 0 0 0 0 0 0 0 0 0 0 0 0 0 0 0 0 0 0 0 0 0 0 0 0 0 0 0
0 0 0 0 0 0 0 0 0 0 0 0 0 0 0 0 0 0 0 0 0 0 0 0 0 0 0 0 0 0 0 0 0 0 0 0 0 0 0 0 0 0 0 0 0 0 0 0
0 0 0 0 0 0 0 0 0 0 0 0 0 0 0 0 0 0 0 0 0 0 0 0 0 0 0 0 0 0 0 0 0 0 0 0 0 0 0 0 0 0 0 0 0 0 0 0
0 0 0 0 0 0 0 0 0 0 0 0 0 0 0 0 0 0 0 0 0 0 0 0 0 0 0 0 0 0 0 0 0 0 0 0 0 0 0 0 0 0 0 0 0 0 0 0
0 0 0 0 0 0 0 0 0 0 0 0 0 0 0 0 0 0 0 0 0 0 0 0 0 0 0 0 0 0 0 0 0 0 0 0 0 0 0 0 0 0 0 0 0 0 0 0
0 0 0 0 0 0 0 0 0 0 0 0 0 0 0 0 0 0 0 0 0 0 0 0 0 0 0 0 0 0 0 0 0 0 0 0 0 0 0 0 0 0 0 0 0 0 0 0
0 0 0 0 0 0 0 0 0 0 0 0 0 0 0 0 0 0 0 0 0 0 0 0 0 0 0 0 0 0 0 0 0 0 0 0 0 0 0 0 0 0 0 0 0 0 0 0
0 0 0 0 0 0 0 0 0 0 0 0 0 0 0 0 0 0 0 0 0 0 0 0 0 0 0 0 0 0 0 0 0 0 0 0 0 0 0 0 0 0 0 0 0 0 0 0
0 0 0 0 0 0 0 0 0 0 0 0 0 0 0 0 0 0 0 0 0 0 0 0 0 0 0 0 0 0 0 0 0 0 0 0 0 0 0 0 0 0 0 0 0 0 0 0
0 0 0 0 0 0 0 0 0 0 0 0 0 0 0 0 0 0 0 0 0 0 0 0 0 0 0 0 0 0 0 0 0 0 0 0 0 0 0 0 0 0 0 0 0 0 0 0
0 0 0 0 0 0 0 0 0 0 0 0 0 0 0 0 0 0 0 0 0 0 0 0 0 0 0 0 0 0 0 0 0 0 0 0 0 0 0 0 0 0 0 0 0 0 0 0
0 0 0 0 0 0 0 0 0 0 0 0 0 0 0 0 0 0 0 0 0 0 0 0 0 0 0 0 0 0 0 0 0 0 0 0 0 0 0 0 0 0 0 0 0 0 0 0
0 0 0 0 0 0 0 0 0 0 0 0 0 0 0 0 0 0 0 0 0 0 0 0 0 0 0 0 0 0 0 0 0 0 0 0 0 0 0 0 0 0 0 0 0 0 0 0
0 0 0 0 0 0 0 0 0 0 0 0 0 0 0 0 0 0 0 0 0 0 0 0 0 0 0 0 0 0 0 0 0 0 0 0 0 0 0 0 0 0 0 0 0 0 0 0
0 0 0 0 0 0 0 0 0 0 0 0 0 0 0 0 0 0 0 0 0 0 0 0 0 0 0 0 0 0 0 0 0 0 0 0 0 0 0 0 0 0 0 0 0 0 0 0
0 0 0 0 0 0 0 0 0 0 0 0 0 0 0 0 0 0 0 0 0 0 0 0 0 0 0 0 0 0 0 0 0 0 0 0 0 0 0 0 0 0 0 0 0 0 0 0
0 0 0 0 0 0 0 0 0 0 0 0 0 0 0 0 0 0 0 0 0 0 0 0 0 0 0 0 0 0 0 0 0 0 0 0 0 0 0 0 0 0 0 0 0 0 0 0
0 0 0 0 0 0 0 0 0 0 0 0 0 0 0 0 0 0 0 0 0 0 0 0 0 0 0 0 0 0 0 0 0 0 0 0 0 0 0 0 0 0 0 0 0 0 0 0
0 0 0 0 0 0 0 0 0 0 0 0 0 0 0 0 0 0 0 0 0 0 0 0 0 0 0 0 0 0 0 0 0 0 0 0 0 0 0 0 0 0 0 0 0 0 0 0
0 0 0 0 0 0 0 0 0 0 0 0 0 0 0 0 0 0 0 0 0 0 0 0 0 0 0 0 0 0 0 0 0 0 0 0 0 0 0 0 0 0 0 0 0 0 0 0
0 0 0 0 0 0 0 0 0 0 0 0 0 0 0 0 0 0 0 0 0 0 0 0 0 0 0 0 0 0 0 0 0 0 0 0 0 0 0 0 0 0 0 0 0 0 0 0
0 0 0 0 0 0 0 0 0 0 0 0 0 0 0 0 0 0 0 0 0 0 0 0 0 0 0 0 0 0 0 0 0 0 0 0 0 0 0 0 0 0 0 0 0 0 0 0
0 0 0 0 0 0 0 0 0 0 0 0 0 0 0 0 0 0 0 0 0 0 0 0 0 0 0 0 0 0 0 0 0 0 0 0 0 0 0 0 0 0 0 0 0 0 0 0
0 0 0 0 0 0 0 0 0 0 0 0 0 0 0 0 0 0 0 0 0 0 0 0 0 0 0 0 0 0 0 0 0 0 0 0 0 0 0 0 0 0 0 0 0 0 0 0
0 0 0 0 0 0 0 0 0 0 0 0 0 0 0 0 0 0 0 0 0 0 0 0 0 0 0 0 0 0 0 0 0 0 0 0 0 0 0 0 0 0 0 0 0 0 0 0
0 0 0 0 0 0 0 0 0 0 0 0 0 0 0 0 0 0 0 0 0 0 0 0 0 0 0 0 0 0 0 0 0 0 0 0 0 0 0 0 0 0 0 0 0 0 0 0
0 0 0 0 0 0 0 0 0 0 0 0 0 0 0 0 0 0 0 0 0 0 0 0 0 0 0 0 0 0 0 0 0 0 0 0 0 0 0 0 0 0 0 0 0 0 0 0
0 0 0 0 0 0 0 0 0 0 0 0 0 0 0 0 0 0 0 0 0 0 0 0 0 0 0 0 0 0 0 0 0 0 0 0 0 0 0 0 0 0 0 0 0 0 0 0
0 0 0 0 0 0 0 0 0 0 0 0 0 0 0 0 0 0 0 0 0 0 0 0 0 0 0 0 0 0 0 0 0 0 0 0 0 0 0 0 0 0 0 0 0 0 0 0
0 0 0 0 0 0 0 0 0 0 0 0 0 0 0 0 0 0 0 0 0 0 0 0 0 0 0 0 0 0 0 0 0 0 0 0 0 0 0 0 0 0 0 0 0 0 0 0
0 0 0 0 0 0 0 0 0 0 0 0 0 0 0 0 0 0 0 0 0 0 0 0 0 0 0 0 0 0 0 0 0 0 0 0 0 0 0 0 0 0 0 0 0 0 0 0
0 0 0 0 0 0 0 0 0 0 0 0 0 0 0 0 0 0 0 0 0 0 0 0 0 0 0 0 0 0 0 0 0 0 0 0 0 0 0 0 0 0 0 0 0 0 0 0
0 0 0 0 0 0 0 0 0 0 0 0 0 0 0 0 0 0 0 0 0 0 0 0 0 0 0 0 0 0 0 0 0 0 0 0 0 0 0 0 0 0 0 0 0 0 0 0
0 0 0 0 0 0 0 0 0 0 0 0 0 0 0 0 0 0 0 0 0 0 0 0 0 0 0 0 0 0 0 0 0 0 0 0 0 0 0 0 0 0 0 0 0 0 0 0
0 0 0 0 0 0 0 0 0 0 0 0 0 0 0 0 0 0 0 0 0 0 0 0 0 0 0 0 0 0 0 0 0 0 0 0 0 0 0 0 0 0 0 0 0 0 0 0
0 0 0 0 0 0 0 0 0 0 0 0 0 0 0 0 0 0 0 0 0 0 0 0 0 0 0 0 0 0 0 0 0 0 0 0 0 0 0 0 0 0 0 0 0 0 0 0
0 0 0 0 0 0 0 0 0 0 0 0 0 0 0 0 0 0 0 0 0 0 0 0 0 0 0 0 0 0 0 0 0 0 0 0 0 0 0 0 0 0 0 0 0 0 0 0
0 0 0 0 0 0 0 0 0 0 0 0 0 0 0 0 0 0 0 0 0 0 0 0 0 0 0 0 0 0 0 0 0 0 0 0 0 0 0 0 0 0 0 0 0 0 0 0
0 0 0 0 0 0 0 0 0 0 0 0 0 0 0 0 0 0 0 0 0 0 0 0 0 0 0 0 0 0 0 0 0 0 0 0 0 0 0 0 0 0 0 0 0 0 0 0
0 0 0 0 0 0 0 0 0 0 0 0 0 0 0 0 0 0 0 0 0 0 0 0 0 0 0 0 0 0 0 0 0 0 0 0 0 0 0 0 0 0 0 0 0 0 0 0
0 0 0 0 0 0 0 0 0 0 0 0 0 0 0 0 0 0 0 0 0 0 0 0 0 0 0 0 0 0 0 0 0 0 0 0 0 0 0 0 0 0 0 0 0 0 0 0
0 0 0 0 0 0 0 0 0 0 0 0 0 0 0 0 0 0 0 0 0 0 0 0 0 0 0 0 0 0 0 0 0 0 0 0 0 0 0 0 0 0 0 0 0 0 0 0
0 0 0 0 0 0 0 0 0 0 0 0 0 0 0 0 0 0 0 0 0 0 0 0 0 0 0 0 0 0 0 0 0 0 0 0 0 0 0 0 0 0 0 0 0 0 0 0
0 0 0 0 0 0 0 0 0 0 0 0 0 0 0 0 0 0 0 0 0 0 0 0 0 0 0 0 0 0 0 0 0 0 0 0 0 0 0 0 0 0 0 0 0 0 0 0
0 0 0 0 0 0 0 0 0 0 0 0 0 0 0 0 0 0 0 0 0 0 0 0 0 0 0 0 0 0 0 0 0 0 0 0 0 0 0 0 0 0 0 0 0 0 0 0
0 0 -14
0 0 -22
0 -1 -4
0 -1 -46
0 -2 0
0 -3 -5
0 -3 -28
0 -3 -35
0 -4 -33
0 -4 -43
0 -5 -17
0 -5 -36
0 -5 -40
0 -6 -6
0 -6 -32
0 -7 -11
0 -7 -12
0 -7 -20
0 -7 -35
0 -7 -39
0 -8 -1
0 -8 -6
0 -8 -28
0 -9 -17
0 -9 -22
0 -9 -25
0 -9 -37
0 -11 -19
0 -11 -33
0 -12 -39
0 -13 0
0 -13 -2
0 -13 -31
0 -14 -39
0 -16 -28
0 -16 -46
0 -17 -9
0 -17 -14
0 -18 -9
0 -18 -15
0 -18 -19
0 -19 -36
0 -20 -15
0 -20 -22
0 -21 -2
0 -21 -35
0 -22 -45
0 -23 -29
0 -23 -30
0 -24 -5
0 -24 -8
0 -24 -21
0 -24 -34
0 -27 -5
0 -27 -15
0 -28 -12
0 -28 -23
0 -29 -38
0 -30 -8
0 -30 -24
0 -30 -41
0 -32 -4
0 -32 -8
0 -34 -6
0 -34 -17
0 -35 -24
0 -35 -43
0 -37 0
0 -37 -1
0 -37 -3
0 -37 -7
0 -37 -43
0 -38 -4
0 -38 -11
0 -38 -24
0 -39 -7
0 -39 -22
0 -39 -37
0 -40 -4
0 -41 -15
0 -42 -29
0 -42 -31
0 -43 -26
0 -44 -16
0 -44 -23
0 -44 -27
0 -44 -29
0 -45 -11
0 -46 -9
0 -46 -10
0 -47 -19
1 0 -14
1 0 -22
1 -1 -4
1 -1 -46
1 -2 0
1 -3 -5
1 -3 -28
1 -3 -35
1 -4 -33
1 -4 -43
1 -5 -17
1 -5 -36
1 -5 -40
1 -6 -6
1 -6 -32
1 -7 -11
1 -7 -12
1 -7 -20
1 -7 -35
1 -7 -39
1 -8 -1
1 -8 -6
1 -8 -28
1 -9 -17
1 -9 -22
1 -9 -25
1 -9 -37
1 -11 -19
1 -11 -33
1 -12 -39
1 -13 0
1 -13 -2
1 -13 -31
1 -14 -39
1 -16 -28
1 -16 -46
1 -17 -9
1 -17 -14
1 -18 -9
1 -18 -15
1 -18 -19
1 -19 -36
1 -20 -15
1 -20 -22
1 -21 -2
1 -21 -35
1 -22 -45
1 -23 -29
1 -23 -30
1 -24 -5
1 -24 -8
1 -24 -21
1 -24 -34
1 -27 -5
1 -27 -15
1 -28 -12
1 -28 -23
1 -29 -38
1 -30 -8
1 -30 -24
1 -30 -41
1 -32 -4
1 -32 -8
1 -34 -6
1 -34 -17
1 -35 -24
1 -35 -43
1 -37 0
1 -37 -1
1 -37 -3
1 -37 -7
1 -37 -43
1 -38 -4
1 -38 -11
1 -38 -24
1 -39 -7
1 -39 -22
1 -39 -37
1 -40 -4
1 -41 -15
1 -42 -29
1 -42 -31
1 -43 -26
1 -44 -16
1 -44 -23
1 -44 -27
1 -44 -29
1 -45 -11
1 -46 -9
1 -46 -10
1 -47 -19
2 0 -14
2 0 -22
2 -1 -4
2 -1 -46
2 -2 0
2 -3 -5
2 -3 -28
2 -3 -35
2 -4 -33
2 -4 -43
2 -5 -17
2 -5 -36
2 -5 -40
2 -6 -6
2 -6 -32
2 -7 -11
2 -7 -12
2 -7 -20
2 -7 -35
2 -7 -39
2 -8 -1
2 -8 -6
2 -8 -28
2 -9 -17
2 -9 -22
2 -9 -25
2 -9 -37
2 -11 -19
2 -11 -33
2 -12 -39
2 -13 0
2 -13 -2
2 -13 -31
2 -14 -39
2 -16 -28
2 -16 -46
2 -17 -9
2 -17 -14
2 -18 -9
2 -18 -15
2 -18 -19
2 -19 -36
2 -20 -15
2 -20 -22
2 -21 -2
2 -21 -35
2 -22 -45
2 -23 -29
2 -23 -30
2 -24 -5
2 -24 -8
2 -24 -21
2 -24 -34
2 -27 -5
2 -27 -15
2 -28 -12
2 -28 -23
2 -29 -38
2 -30 -8
2 -30 -24
2 -30 -41
2 -32 -4
2 -32 -8
2 -34 -6
2 -34 -17
2 -35 -24
2 -35 -43
2 -37 0
2 -37 -1
2 -37 -3
2 -37 -7
2 -37 -43
2 -38 -4
2 -38 -11
2 -38 -24
2 -39 -7
2 -39 -22
2 -39 -37
2 -40 -4
2 -41 -15
2 -42 -29
2 -42 -31
2 -43 -26
2 -44 -16
2 -44 -23
2 -44 -27
2 -44 -29
2 -45 -11
2 -46 -9
2 -46 -10
2 -47 -19
3 0 -14
3 0 -22
3 -1 -4
3 -1 -46
3 -2 0
3 -3 -5
3 -3 -28
3 -3 -35
3 -4 -33
3 -4 -43
3 -5 -17
3 -5 -36
3 -5 -40
3 -6 -6
3 -6 -32
3 -7 -11
3 -7 -12
3 -7 -20
3 -7 -35
3 -7 -39
3 -8 -1
3 -8 -6
3 -8 -28
3 -9 -17
3 -9 -22
3 -9 -25
3 -9 -37
3 -11 -19
3 -11 -33
3 -12 -39
3 -13 0
3 -13 -2
3 -13 -31
3 -14 -39
3 -16 -28
3 -16 -46
3 -17 -9
3 -17 -14
3 -18 -9
3 -18 -15
3 -18 -19
3 -19 -36
3 -20 -15
3 -20 -22
3 -21 -2
3 -21 -35
3 -22 -45
3 -23 -29
3 -23 -30
3 -24 -5
3 -24 -8
3 -24 -21
3 -24 -34
3 -27 -5
3 -27 -15
3 -28 -12
3 -28 -23
3 -29 -38
3 -30 -8
3 -30 -24
3 -30 -41
3 -32 -4
3 -32 -8
3 -34 -6
3 -34 -17
3 -35 -24
3 -35 -43
3 -37 0
3 -37 -1
3 -37 -3
3 -37 -7
3 -37 -43
3 -38 -4
3 -38 -11
3 -38 -24
3 -39 -7
3 -39 -22
3 -39 -37
3 -40 -4
3 -41 -15
3 -42 -29
3 -42 -31
3 -43 -26
3 -44 -16
3 -44 -23
3 -44 -27
3 -44 -29
3 -45 -11
3 -46 -9
3 -46 -10
3 -47 -19
4 0 -14
4 0 -22
4 -1 -4
4 -1 -46
4 -2 0
4 -3 -5
4 -3 -28
4 -3 -35
4 -4 -33
4 -4 -43
4 -5 -17
4 -5 -36
4 -5 -40
4 -6 -6
4 -6 -32
4 -7 -11
4 -7 -12
4 -7 -20
4 -7 -35
4 -7 -39
4 -8 -1
4 -8 -6
4 -8 -28
4 -9 -17
4 -9 -22
4 -9 -25
4 -9 -37
4 -11 -19
4 -11 -33
4 -12 -39
4 -13 0
4 -13 -2
4 -13 -31
4 -14 -39
4 -16 -28
4 -16 -46
4 -17 -9
4 -17 -14
4 -18 -9
4 -18 -15
4 -18 -19
4 -19 -36
4 -20 -15
4 -20 -22
4 -21 -2
4 -21 -35
4 -22 -45
4 -23 -29
4 -23 -30
4 -24 -5
4 -24 -8
4 -24 -21
4 -24 -34
4 -27 -5
4 -27 -15
4 -28 -12
4 -28 -23
4 -29 -38
4 -30 -8
4 -30 -24
4 -30 -41
4 -32 -4
4 -32 -8
4 -34 -6
4 -34 -17
4 -35 -24
4 -35 -43
4 -37 0
4 -37 -1
4 -37 -3
4 -37 -7
4 -37 -43
4 -38 -4
4 -38 -11
4 -38 -24
4 -39 -7
4 -39 -22
4 -39 -37
4 -40 -4
4 -41 -15
4 -42 -29
4 -42 -31
4 -43 -26
4 -44 -16
4 -44 -23
4 -44 -27
4 -44 -29
4 -45 -11
4 -46 -9
4 -46 -10
4 -47 -19
5 0 -14
5 0 -22
5 -1 -4
5 -1 -46
5 -2 0
5 -3 -5
5 -3 -28
5 -3 -35
5 -4 -33
5 -4 -43
5 -5 -17
5 -5 -36
5 -5 -40
5 -6 -6
5 -6 -32
5 -7 -11
5 -7 -12
5 -7 -20
5 -7 -35
5 -7 -39
5 -8 -1
5 -8 -6
5 -8 -28
5 -9 -17
5 -9 -22
5 -9 -25
5 -9 -37
5 -11 -19
5 -11 -33
5 -12 -39
5 -13 0
5 -13 -2
5 -13 -31
5 -14 -39
5 -16 -28
5 -16 -46
5 -17 -9
5 -17 -14
5 -18 -9
5 -18 -15
5 -18 -19
5 -19 -36
5 -20 -15
5 -20 -22
5 -21 -2
5 -21 -35
5 -22 -45
5 -23 -29
5 -23 -30
5 -24 -5
5 -24 -8
5 -24 -21
5 -24 -34
5 -27 -5
5 -27 -15
5 -28 -12
5 -28 -23
5 -29 -38
5 -30 -8
5 -30 -24
5 -30 -41
5 -32 -4
5 -32 -8
5 -34 -6
5 -34 -17
5 -35 -24
5 -35 -43
5 -37 0
5 -37 -1
5 -37 -3
5 -37 -7
5 -37 -43
5 -38 -4
5 -38 -11
5 -38 -24
5 -39 -7
5 -39 -22
5 -39 -37
5 -40 -4
5 -41 -15
5 -42 -29
5 -42 -31
5 -43 -26
5 -44 -16
5 -44 -23
5 -44 -27
5 -44 -29
5 -45 -11
5 -46 -9
5 -46 -10
5 -47 -19
6 0 -14
6 0 -22
6 -1 -4
6 -1 -46
6 -2 0
6 -3 -5
6 -3 -28
6 -3 -35
6 -4 -33
6 -4 -43
6 -5 -17
6 -5 -36
6 -5 -40
6 -6 -6
6 -6 -32
6 -7 -11
6 -7 -12
6 -7 -20
6 -7 -35
6 -7 -39
6 -8 -1
6 -8 -6
6 -8 -28
6 -9 -17
6 -9 -22
6 -9 -25
6 -9 -37
6 -11 -19
6 -11 -33
6 -12 -39
6 -13 0
6 -13 -2
6 -13 -31
6 -14 -39
6 -16 -28
6 -16 -46
6 -17 -9
6 -17 -14
6 -18 -9
6 -18 -15
6 -18 -19
6 -19 -36
6 -20 -15
6 -20 -22
6 -21 -2
6 -21 -35
6 -22 -45
6 -23 -29
6 -23 -30
6 -24 -5
6 -24 -8
6 -24 -21
6 -24 -34
6 -27 -5
6 -27 -15
6 -28 -12
6 -28 -23
6 -29 -38
6 -30 -8
6 -30 -24
6 -30 -41
6 -32 -4
6 -32 -8
6 -34 -6
6 -34 -17
6 -35 -24
6 -35 -43
6 -37 0
6 -37 -1
6 -37 -3
6 -37 -7
6 -37 -43
6 -38 -4
6 -38 -11
6 -38 -24
6 -39 -7
6 -39 -22
6 -39 -37
6 -40 -4
6 -41 -15
6 -42 -29
6 -42 -31
6 -43 -26
6 -44 -16
6 -44 -23
6 -44 -27
6 -44 -29
6 -45 -11
6 -46 -9
6 -46 -10
6 -47 -19
7 0 -14
7 0 -22
7 -1 -4
7 -1 -46
7 -2 0
7 -3 -5
7 -3 -28
7 -3 -35
7 -4 -33
7 -4 -43
7 -5 -17
7 -5 -36
7 -5 -40
7 -6 -6
7 -6 -32
7 -7 -11
7 -7 -12
7 -7 -20
7 -7 -35
7 -7 -39
7 -8 -1
7 -8 -6
7 -8 -28
7 -9 -17
7 -9 -22
7 -9 -25
7 -9 -37
7 -11 -19
7 -11 -33
7 -12 -39
7 -13 0
7 -13 -2
7 -13 -31
7 -14 -39
7 -16 -28
7 -16 -46
7 -17 -9
7 -17 -14
7 -18 -9
7 -18 -15
7 -18 -19
7 -19 -36
7 -20 -15
7 -20 -22
7 -21 -2
7 -21 -35
7 -22 -45
7 -23 -29
7 -23 -30
7 -24 -5
7 -24 -8
7 -24 -21
7 -24 -34
7 -27 -5
7 -27 -15
7 -28 -12
7 -28 -23
7 -29 -38
7 -30 -8
7 -30 -24
7 -30 -41
7 -32 -4
7 -32 -8
7 -34 -6
7 -34 -17
7 -35 -24
7 -35 -43
7 -37 0
7 -37 -1
7 -37 -3
7 -37 -7
7 -37 -43
7 -38 -4
7 -38 -11
7 -38 -24
7 -39 -7
7 -39 -22
7 -39 -37
7 -40 -4
7 -41 -15
7 -42 -29
7 -42 -31
7 -43 -26
7 -44 -16
7 -44 -23
7 -44 -27
7 -44 -29
7 -45 -11
7 -46 -9
7 -46 -10
7 -47 -19
8 0 -14
8 0 -22
8 -1 -4
8 -1 -46
8 -2 0
8 -3 -5
8 -3 -28
8 -3 -35
8 -4 -33
8 -4 -43
8 -5 -17
8 -5 -36
8 -5 -40
8 -6 -6
8 -6 -32
8 -7 -11
8 -7 -12
8 -7 -20
8 -7 -35
8 -7 -39
8 -8 -1
8 -8 -6
8 -8 -28
8 -9 -17
8 -9 -22
8 -9 -25
8 -9 -37
8 -11 -19
8 -11 -33
8 -12 -39
8 -13 0
8 -13 -2
8 -13 -31
8 -14 -39
8 -16 -28
8 -16 -46
8 -17 -9
8 -17 -14
8 -18 -9
8 -18 -15
8 -18 -19
8 -19 -36
8 -20 -15
8 -20 -22
8 -21 -2
8 -21 -35
8 -22 -45
8 -23 -29
8 -23 -30
8 -24 -5
8 -24 -8
8 -24 -21
8 -24 -34
8 -27 -5
8 -27 -15
8 -28 -12
8 -28 -23
8 -29 -38
8 -30 -8
8 -30 -24
8 -30 -41
8 -32 -4
8 -32 -8
8 -34 -6
8 -34 -17
8 -35 -24
8 -35 -43
8 -37 0
8 -37 -1
8 -37 -3
8 -37 -7
8 -37 -43
8 -38 -4
8 -38 -11
8 -38 -24
8 -39 -7
8 -39 -22
8 -39 -37
8 -40 -4
8 -41 -15
8 -42 -29
8 -42 -31
8 -43 -26
8 -44 -16
8 -44 -23
8 -44 -27
8 -44 -29
8 -45 -11
8 -46 -9
8 -46 -10
8 -47 -19
9 0 -14
9 0 -22
9 -1 -4
9 -1 -46
9 -2 0
9 -3 -5
9 -3 -28
9 -3 -35
9 -4 -33
9 -4 -43
9 -5 -17
9 -5 -36
9 -5 -40
9 -6 -6
9 -6 -32
9 -7 -11
9 -7 -12
9 -7 -20
9 -7 -35
9 -7 -39
9 -8 -1
9 -8 -6
9 -8 -28
9 -9 -17
9 -9 -22
9 -9 -25
9 -9 -37
9 -11 -19
9 -11 -33
9 -12 -39
9 -13 0
9 -13 -2
9 -13 -31
9 -14 -39
9 -16 -28
9 -16 -46
9 -17 -9
9 -17 -14
9 -18 -9
9 -18 -15
9 -18 -19
9 -19 -36
9 -20 -15
9 -20 -22
9 -21 -2
9 -21 -35
9 -22 -45
9 -23 -29
9 -23 -30
9 -24 -5
9 -24 -8
9 -24 -21
9 -24 -34
9 -27 -5
9 -27 -15
9 -28 -12
9 -28 -23
9 -29 -38
9 -30 -8
9 -30 -24
9 -30 -41
9 -32 -4
9 -32 -8
9 -34 -6
9 -34 -17
9 -35 -24
9 -35 -43
9 -37 0
9 -37 -1
9 -37 -3
9 -37 -7
9 -37 -43
9 -38 -4
9 -38 -11
9 -38 -24
9 -39 -7
9 -39 -22
9 -39 -37
9 -40 -4
9 -41 -15
9 -42 -29
9 -42 -31
9 -43 -26
9 -44 -16
9 -44 -23
9 -44 -27
9 -44 -29
9 -45 -11
9 -46 -9
9 -46 -10
9 -47 -19
10 0 -14
10 0 -22
10 -1 -4
10 -1 -46
10 -2 0
10 -3 -5
10 -3 -28
10 -3 -35
10 -4 -33
10 -4 -43
10 -5 -17
10 -5 -36
10 -5 -40
10 -6 -6
10 -6 -32
10 -7 -11
10 -7 -12
10 -7 -20
10 -7 -35
10 -7 -39
10 -8 -1
10 -8 -6
10 -8 -28
10 -9 -17
10 -9 -22
10 -9 -25
10 -9 -37
10 -11 -19
10 -11 -33
10 -12 -39
10 -13 0
10 -13 -2
10 -13 -31
10 -14 -39
10 -16 -28
10 -16 -46
10 -17 -9
10 -17 -14
10 -18 -9
10 -18 -15
10 -18 -19
10 -19 -36
10 -20 -15
10 -20 -22
10 -21 -2
10 -21 -35
10 -22 -45
10 -23 -29
10 -23 -30
10 -24 -5
10 -24 -8
10 -24 -21
10 -24 -34
10 -27 -5
10 -27 -15
10 -28 -12
10 -28 -23
10 -29 -38
10 -30 -8
10 -30 -24
10 -30 -41
10 -32 -4
10 -32 -8
10 -34 -6
10 -34 -17
10 -35 -24
10 -35 -43
10 -37 0
10 -37 -1
10 -37 -3
10 -37 -7
10 -37 -43
10 -38 -4
10 -38 -11
10 -38 -24
10 -39 -7
10 -39 -22
10 -39 -37
10 -40 -4
10 -41 -15
10 -42 -29
10 -42 -31
10 -43 -26
10 -44 -16
10 -44 -23
10 -44 -27
10 -44 -29
10 -45 -11
10 -46 -9
10 -46 -10
10 -47 -19
11 0 -14
11 0 -22
11 -1 -4
11 -1 -46
11 -2 0
11 -3 -5
11 -3 -28
11 -3 -35
11 -4 -33
11 -4 -43
11 -5 -17
11 -5 -36
11 -5 -40
11 -6 -6
11 -6 -32
11 -7 -11
11 -7 -12
11 -7 -20
11 -7 -35
11 -7 -39
11 -8 -1
11 -8 -6
11 -8 -28
11 -9 -17
11 -9 -22
11 -9 -25
11 -9 -37
11 -11 -19
11 -11 -33
11 -12 -39
11 -13 0
11 -13 -2
11 -13 -31
11 -14 -39
11 -16 -28
11 -16 -46
11 -17 -9
11 -17 -14
11 -18 -9
11 -18 -15
11 -18 -19
11 -19 -36
11 -20 -15
11 -20 -22
11 -21 -2
11 -21 -35
11 -22 -45
11 -23 -29
11 -23 -30
11 -24 -5
11 -24 -8
11 -24 -21
11 -24 -34
11 -27 -5
11 -27 -15
11 -28 -12
11 -28 -23
11 -29 -38
11 -30 -8
11 -30 -24
11 -30 -41
11 -32 -4
11 -32 -8
11 -34 -6
11 -34 -17
11 -35 -24
11 -35 -43
11 -37 0
11 -37 -1
11 -37 -3
11 -37 -7
11 -37 -43
11 -38 -4
11 -38 -11
11 -38 -24
11 -39 -7
11 -39 -22
11 -39 -37
11 -40 -4
11 -41 -15
11 -42 -29
11 -42 -31
11 -43 -26
11 -44 -16
11 -44 -23
11 -44 -27
11 -44 -29
11 -45 -11
11 -46 -9
11 -46 -10
11 -47 -19
12 0 -14
12 0 -22
12 -1 -4
12 -1 -46
12 -2 0
12 -3 -5
12 -3 -28
12 -3 -35
12 -4 -33
12 -4 -43
12 -5 -17
12 -5 -36
12 -5 -40
12 -6 -6
12 -6 -32
12 -7 -11
12 -7 -12
12 -7 -20
12 -7 -35
12 -7 -39
12 -8 -1
12 -8 -6
12 -8 -28
12 -9 -17
12 -9 -22
12 -9 -25
12 -9 -37
12 -11 -19
12 -11 -33
12 -12 -39
12 -13 0
12 -13 -2
12 -13 -31
12 -14 -39
12 -16 -28
12 -16 -46
12 -17 -9
12 -17 -14
12 -18 -9
12 -18 -15
12 -18 -19
12 -19 -36
12 -20 -15
12 -20 -22
12 -21 -2
12 -21 -35
12 -22 -45
12 -23 -29
12 -23 -30
12 -24 -5
12 -24 -8
12 -24 -21
12 -24 -34
12 -27 -5
12 -27 -15
12 -28 -12
12 -28 -23
12 -29 -38
12 -30 -8
12 -30 -24
12 -30 -41
12 -32 -4
12 -32 -8
12 -34 -6
12 -34 -17
12 -35 -24
12 -35 -43
12 -37 0
12 -37 -1
12 -37 -3
12 -37 -7
12 -37 -43
12 -38 -4
12 -38 -11
12 -38 -24
12 -39 -7
12 -39 -22
12 -39 -37
12 -40 -4
12 -41 -15
12 -42 -29
12 -42 -31
12 -43 -26
12 -44 -16
12 -44 -23
12 -44 -27
12 -44 -29
12 -45 -11
12 -46 -9
12 -46 -10
12 -47 -19
13 0 -14
13 0 -22
13 -1 -4
13 -1 -46
13 -2 0
13 -3 -5
13 -3 -28
13 -3 -35
13 -4 -33
13 -4 -43
13 -5 -17
13 -5 -36
13 -5 -40
13 -6 -6
13 -6 -32
13 -7 -11
13 -7 -12
13 -7 -20
13 -7 -35
13 -7 -39
13 -8 -1
13 -8 -6
13 -8 -28
13 -9 -17
13 -9 -22
13 -9 -25
13 -9 -37
13 -11 -19
13 -11 -33
13 -12 -39
13 -13 0
13 -13 -2
13 -13 -31
13 -14 -39
13 -16 -28
13 -16 -46
13 -17 -9
13 -17 -14
13 -18 -9
13 -18 -15
13 -18 -19
13 -19 -36
13 -20 -15
13 -20 -22
13 -21 -2
13 -21 -35
13 -22 -45
13 -23 -29
13 -23 -30
13 -24 -5
13 -24 -8
13 -24 -21
13 -24 -34
13 -27 -5
13 -27 -15
13 -28 -12
13 -28 -23
13 -29 -38
13 -30 -8
13 -30 -24
13 -30 -41
13 -32 -4
13 -32 -8
13 -34 -6
13 -34 -17
13 -35 -24
13 -35 -43
13 -37 0
13 -37 -1
13 -37 -3
13 -37 -7
13 -37 -43
13 -38 -4
13 -38 -11
13 -38 -24
13 -39 -7
13 -39 -22
13 -39 -37
13 -40 -4
13 -41 -15
13 -42 -29
13 -42 -31
13 -43 -26
13 -44 -16
13 -44 -23
13 -44 -27
13 -44 -29
13 -45 -11
13 -46 -9
13 -46 -10
13 -47 -19
14 0 -14
14 0 -22
14 -1 -4
14 -1 -46
14 -2 0
14 -3 -5
14 -3 -28
14 -3 -35
14 -4 -33
14 -4 -43
14 -5 -17
14 -5 -36
14 -5 -40
14 -6 -6
14 -6 -32
14 -7 -11
14 -7 -12
14 -7 -20
14 -7 -35
14 -7 -39
14 -8 -1
14 -8 -6
14 -8 -28
14 -9 -17
14 -9 -22
14 -9 -25
14 -9 -37
14 -11 -19
14 -11 -33
14 -12 -39
14 -13 0
14 -13 -2
14 -13 -31
14 -14 -39
14 -16 -28
14 -16 -46
14 -17 -9
14 -17 -14
14 -18 -9
14 -18 -15
14 -18 -19
14 -19 -36
14 -20 -15
14 -20 -22
14 -21 -2
14 -21 -35
14 -22 -45
14 -23 -29
14 -23 -30
14 -24 -5
14 -24 -8
14 -24 -21
14 -24 -34
14 -27 -5
14 -27 -15
14 -28 -12
14 -28 -23
14 -29 -38
14 -30 -8
14 -30 -24
14 -30 -41
14 -32 -4
14 -32 -8
14 -34 -6
14 -34 -17
14 -35 -24
14 -35 -43
14 -37 0
14 -37 -1
14 -37 -3
14 -37 -7
14 -37 -43
14 -38 -4
14 -38 -11
14 -38 -24
14 -39 -7
14 -39 -22
14 -39 -37
14 -40 -4
14 -41 -15
14 -42 -29
14 -42 -31
14 -43 -26
14 -44 -16
14 -44 -23
14 -44 -27
14 -44 -29
14 -45 -11
14 -46 -9
14 -46 -10
14 -47 -19
15 0 -14
15 0 -22
15 -1 -4
15 -1 -46
15 -2 0
15 -3 -5
15 -3 -28
15 -3 -35
15 -4 -33
15 -4 -43
15 -5 -17
15 -5 -36
15 -5 -40
15 -6 -6
15 -6 -32
15 -7 -11
15 -7 -12
15 -7 -20
15 -7 -35
15 -7 -39
15 -8 -1
15 -8 -6
15 -8 -28
15 -9 -17
15 -9 -22
15 -9 -25
15 -9 -37
15 -11 -19
15 -11 -33
15 -12 -39
15 -13 0
15 -13 -2
15 -13 -31
15 -14 -39
15 -16 -28
15 -16 -46
15 -17 -9
15 -17 -14
15 -18 -9
15 -18 -15
15 -18 -19
15 -19 -36
15 -20 -15
15 -20 -22
15 -21 -2
15 -21 -35
15 -22 -45
15 -23 -29
15 -23 -30
15 -24 -5
15 -24 -8
15 -24 -21
15 -24 -34
15 -27 -5
15 -27 -15
15 -28 -12
15 -28 -23
15 -29 -38
15 -30 -8
15 -30 -24
15 -30 -41
15 -32 -4
15 -32 -8
15 -34 -6
15 -34 -17
15 -35 -24
15 -35 -43
15 -37 0
15 -37 -1
15 -37 -3
15 -37 -7
15 -37 -43
15 -38 -4
15 -38 -11
15 -38 -24
15 -39 -7
15 -39 -22
15 -39 -37
15 -40 -4
15 -41 -15
15 -42 -29
15 -42 -31
15 -43 -26
15 -44 -16
15 -44 -23
15 -44 -27
15 -44 -29
15 -45 -11
15 -46 -9
15 -46 -10
15 -47 -19
16 0 -14
16 0 -22
16 -1 -4
16 -1 -46
16 -2 0
16 -3 -5
16 -3 -28
16 -3 -35
16 -4 -33
16 -4 -43
16 -5 -17
16 -5 -36
16 -5 -40
16 -6 -6
16 -6 -32
16 -7 -11
16 -7 -12
16 -7 -20
16 -7 -35
16 -7 -39
16 -8 -1
16 -8 -6
16 -8 -28
16 -9 -17
16 -9 -22
16 -9 -25
16 -9 -37
16 -11 -19
16 -11 -33
16 -12 -39
16 -13 0
16 -13 -2
16 -13 -31
16 -14 -39
16 -16 -28
16 -16 -46
16 -17 -9
16 -17 -14
16 -18 -9
16 -18 -15
16 -18 -19
16 -19 -36
16 -20 -15
16 -20 -22
16 -21 -2
16 -21 -35
16 -22 -45
16 -23 -29
16 -23 -30
16 -24 -5
16 -24 -8
16 -24 -21
16 -24 -34
16 -27 -5
16 -27 -15
16 -28 -12
16 -28 -23
16 -29 -38
16 -30 -8
16 -30 -24
16 -30 -41
16 -32 -4
16 -32 -8
16 -34 -6
16 -34 -17
16 -35 -24
16 -35 -43
16 -37 0
16 -37 -1
16 -37 -3
16 -37 -7
16 -37 -43
16 -38 -4
16 -38 -11
16 -38 -24
16 -39 -7
16 -39 -22
16 -39 -37
16 -40 -4
16 -41 -15
16 -42 -29
16 -42 -31
16 -43 -26
16 -44 -16
16 -44 -23
16 -44 -27
16 -44 -29
16 -45 -11
16 -46 -9
16 -46 -10
16 -47 -19
17 0 -14
17 0 -22
17 -1 -4
17 -1 -46
17 -2 0
17 -3 -5
17 -3 -28
17 -3 -35
17 -4 -33
17 -4 -43
17 -5 -17
17 -5 -36
17 -5 -40
17 -6 -6
17 -6 -32
17 -7 -11
17 -7 -12
17 -7 -20
17 -7 -35
17 -7 -39
17 -8 -1
17 -8 -6
17 -8 -28
17 -9 -17
17 -9 -22
17 -9 -25
17 -9 -37
17 -11 -19
17 -11 -33
17 -12 -39
17 -13 0
17 -13 -2
17 -13 -31
17 -14 -39
17 -16 -28
17 -16 -46
17 -17 -9
17 -17 -14
17 -18 -9
17 -18 -15
17 -18 -19
17 -19 -36
17 -20 -15
17 -20 -22
17 -21 -2
17 -21 -35
17 -22 -45
17 -23 -29
17 -23 -30
17 -24 -5
17 -24 -8
17 -24 -21
17 -24 -34
17 -27 -5
17 -27 -15
17 -28 -12
17 -28 -23
17 -29 -38
17 -30 -8
17 -30 -24
17 -30 -41
17 -32 -4
17 -32 -8
17 -34 -6
17 -34 -17
17 -35 -24
17 -35 -43
17 -37 0
17 -37 -1
17 -37 -3
17 -37 -7
17 -37 -43
17 -38 -4
17 -38 -11
17 -38 -24
17 -39 -7
17 -39 -22
17 -39 -37
17 -40 -4
17 -41 -15
17 -42 -29
17 -42 -31
17 -43 -26
17 -44 -16
17 -44 -23
17 -44 -27
17 -44 -29
17 -45 -11
17 -46 -9
17 -46 -10
17 -47 -19
18 0 -14
18 0 -22
18 -1 -4
18 -1 -46
18 -2 0
18 -3 -5
18 -3 -28
18 -3 -35
18 -4 -33
18 -4 -43
18 -5 -17
18 -5 -36
18 -5 -40
18 -6 -6
18 -6 -32
18 -7 -11
18 -7 -12
18 -7 -20
18 -7 -35
18 -7 -39
18 -8 -1
18 -8 -6
18 -8 -28
18 -9 -17
18 -9 -22
18 -9 -25
18 -9 -37
18 -11 -19
18 -11 -33
18 -12 -39
18 -13 0
18 -13 -2
18 -13 -31
18 -14 -39
18 -16 -28
18 -16 -46
18 -17 -9
18 -17 -14
18 -18 -9
18 -18 -15
18 -18 -19
18 -19 -36
18 -20 -15
18 -20 -22
18 -21 -2
18 -21 -35
18 -22 -45
18 -23 -29
18 -23 -30
18 -24 -5
18 -24 -8
18 -24 -21
18 -24 -34
18 -27 -5
18 -27 -15
18 -28 -12
18 -28 -23
18 -29 -38
18 -30 -8
18 -30 -24
18 -30 -41
18 -32 -4
18 -32 -8
18 -34 -6
18 -34 -17
18 -35 -24
18 -35 -43
18 -37 0
18 -37 -1
18 -37 -3
18 -37 -7
18 -37 -43
18 -38 -4
18 -38 -11
18 -38 -24
18 -39 -7
18 -39 -22
18 -39 -37
18 -40 -4
18 -41 -15
18 -42 -29
18 -42 -31
18 -43 -26
18 -44 -16
18 -44 -23
18 -44 -27
18 -44 -29
18 -45 -11
18 -46 -9
18 -46 -10
18 -47 -19
19 0 -14
19 0 -22
19 -1 -4
19 -1 -46
19 -2 0
19 -3 -5
19 -3 -28
19 -3 -35
19 -4 -33
19 -4 -43
19 -5 -17
19 -5 -36
19 -5 -40
19 -6 -6
19 -6 -32
19 -7 -11
19 -7 -12
19 -7 -20
19 -7 -35
19 -7 -39
19 -8 -1
19 -8 -6
19 -8 -28
19 -9 -17
19 -9 -22
19 -9 -25
19 -9 -37
19 -11 -19
19 -11 -33
19 -12 -39
19 -13 0
19 -13 -2
19 -13 -31
19 -14 -39
19 -16 -28
19 -16 -46
19 -17 -9
19 -17 -14
19 -18 -9
19 -18 -15
19 -18 -19
19 -19 -36
19 -20 -15
19 -20 -22
19 -21 -2
19 -21 -35
19 -22 -45
19 -23 -29
19 -23 -30
19 -24 -5
19 -24 -8
19 -24 -21
19 -24 -34
19 -27 -5
19 -27 -15
19 -28 -12
19 -28 -23
19 -29 -38
19 -30 -8
19 -30 -24
19 -30 -41
19 -32 -4
19 -32 -8
19 -34 -6
19 -34 -17
19 -35 -24
19 -35 -43
19 -37 0
19 -37 -1
19 -37 -3
19 -37 -7
19 -37 -43
19 -38 -4
19 -38 -11
19 -38 -24
19 -39 -7
19 -39 -22
19 -39 -37
19 -40 -4
19 -41 -15
19 -42 -29
19 -42 -31
19 -43 -26
19 -44 -16
19 -44 -23
19 -44 -27
19 -44 -29
19 -45 -11
19 -46 -9
19 -46 -10
19 -47 -19
20 0 -14
20 0 -22
20 -1 -4
20 -1 -46
20 -2 0
20 -3 -5
20 -3 -28
20 -3 -35
20 -4 -33
20 -4 -43
20 -5 -17
20 -5 -36
20 -5 -40
20 -6 -6
20 -6 -32
20 -7 -11
20 -7 -12
20 -7 -20
20 -7 -35
20 -7 -39
20 -8 -1
20 -8 -6
20 -8 -28
20 -9 -17
20 -9 -22
20 -9 -25
20 -9 -37
20 -11 -19
20 -11 -33
20 -12 -39
20 -13 0
20 -13 -2
20 -13 -31
20 -14 -39
20 -16 -28
20 -16 -46
20 -17 -9
20 -17 -14
20 -18 -9
20 -18 -15
20 -18 -19
20 -19 -36
20 -20 -15
20 -20 -22
20 -21 -2
20 -21 -35
20 -22 -45
20 -23 -29
20 -23 -30
20 -24 -5
20 -24 -8
20 -24 -21
20 -24 -34
20 -27 -5
20 -27 -15
20 -28 -12
20 -28 -23
20 -29 -38
20 -30 -8
20 -30 -24
20 -30 -41
20 -32 -4
20 -32 -8
20 -34 -6
20 -34 -17
20 -35 -24
20 -35 -43
20 -37 0
20 -37 -1
20 -37 -3
20 -37 -7
20 -37 -43
20 -38 -4
20 -38 -11
20 -38 -24
20 -39 -7
20 -39 -22
20 -39 -37
20 -40 -4
20 -41 -15
20 -42 -29
20 -42 -31
20 -43 -26
20 -44 -16
20 -44 -23
20 -44 -27
20 -44 -29
20 -45 -11
20 -46 -9
20 -46 -10
20 -47 -19
21 0 -14
21 0 -22
21 -1 -4
21 -1 -46
21 -2 0
21 -3 -5
21 -3 -28
21 -3 -35
21 -4 -33
21 -4 -43
21 -5 -17
21 -5 -36
21 -5 -40
21 -6 -6
21 -6 -32
21 -7 -11
21 -7 -12
21 -7 -20
21 -7 -35
21 -7 -39
21 -8 -1
21 -8 -6
21 -8 -28
21 -9 -17
21 -9 -22
21 -9 -25
21 -9 -37
21 -11 -19
21 -11 -33
21 -12 -39
21 -13 0
21 -13 -2
21 -13 -31
21 -14 -39
21 -16 -28
21 -16 -46
21 -17 -9
21 -17 -14
21 -18 -9
21 -18 -15
21 -18 -19
21 -19 -36
21 -20 -15
21 -20 -22
21 -21 -2
21 -21 -35
21 -22 -45
21 -23 -29
21 -23 -30
21 -24 -5
21 -24 -8
21 -24 -21
21 -24 -34
21 -27 -5
21 -27 -15
21 -28 -12
21 -28 -23
21 -29 -38
21 -30 -8
21 -30 -24
21 -30 -41
21 -32 -4
21 -32 -8
21 -34 -6
21 -34 -17
21 -35 -24
21 -35 -43
21 -37 0
21 -37 -1
21 -37 -3
21 -37 -7
21 -37 -43
21 -38 -4
21 -38 -11
21 -38 -24
21 -39 -7
21 -39 -22
21 -39 -37
21 -40 -4
21 -41 -15
21 -42 -29
21 -42 -31
21 -43 -26
21 -44 -16
21 -44 -23
21 -44 -27
21 -44 -29
21 -45 -11
21 -46 -9
21 -46 -10
21 -47 -19
22 0 -14
22 0 -22
22 -1 -4
22 -1 -46
22 -2 0
22 -3 -5
22 -3 -28
22 -3 -35
22 -4 -33
22 -4 -43
22 -5 -17
22 -5 -36
22 -5 -40
22 -6 -6
22 -6 -32
22 -7 -11
22 -7 -12
22 -7 -20
22 -7 -35
22 -7 -39
22 -8 -1
22 -8 -6
22 -8 -28
22 -9 -17
22 -9 -22
22 -9 -25
22 -9 -37
22 -11 -19
22 -11 -33
22 -12 -39
22 -13 0
22 -13 -2
22 -13 -31
22 -14 -39
22 -16 -28
22 -16 -46
22 -17 -9
22 -17 -14
22 -18 -9
22 -18 -15
22 -18 -19
22 -19 -36
22 -20 -15
22 -20 -22
22 -21 -2
22 -21 -35
22 -22 -45
22 -23 -29
22 -23 -30
22 -24 -5
22 -24 -8
22 -24 -21
22 -24 -34
22 -27 -5
22 -27 -15
22 -28 -12
22 -28 -23
22 -29 -38
22 -30 -8
22 -30 -24
22 -30 -41
22 -32 -4
22 -32 -8
22 -34 -6
22 -34 -17
22 -35 -24
22 -35 -43
22 -37 0
22 -37 -1
22 -37 -3
22 -37 -7
22 -37 -43
22 -38 -4
22 -38 -11
22 -38 -24
22 -39 -7
22 -39 -22
22 -39 -37
22 -40 -4
22 -41 -15
22 -42 -29
22 -42 -31
22 -43 -26
22 -44 -16
22 -44 -23
22 -44 -27
22 -44 -29
22 -45 -11
22 -46 -9
22 -46 -10
22 -47 -19
23 0 -14
23 0 -22
23 -1 -4
23 -1 -46
23 -2 0
23 -3 -5
23 -3 -28
23 -3 -35
23 -4 -33
23 -4 -43
23 -5 -17
23 -5 -36
23 -5 -40
23 -6 -6
23 -6 -32
23 -7 -11
23 -7 -12
23 -7 -20
23 -7 -35
23 -7 -39
23 -8 -1
23 -8 -6
23 -8 -28
23 -9 -17
23 -9 -22
23 -9 -25
23 -9 -37
23 -11 -19
23 -11 -33
23 -12 -39
23 -13 0
23 -13 -2
23 -13 -31
23 -14 -39
23 -16 -28
23 -16 -46
23 -17 -9
23 -17 -14
23 -18 -9
23 -18 -15
23 -18 -19
23 -19 -36
23 -20 -15
23 -20 -22
23 -21 -2
23 -21 -35
23 -22 -45
23 -23 -29
23 -23 -30
23 -24 -5
23 -24 -8
23 -24 -21
23 -24 -34
23 -27 -5
23 -27 -15
23 -28 -12
23 -28 -23
23 -29 -38
23 -30 -8
23 -30 -24
23 -30 -41
23 -32 -4
23 -32 -8
23 -34 -6
23 -34 -17
23 -35 -24
23 -35 -43
23 -37 0
23 -37 -1
23 -37 -3
23 -37 -7
23 -37 -43
23 -38 -4
23 -38 -11
23 -38 -24
23 -39 -7
23 -39 -22
23 -39 -37
23 -40 -4
23 -41 -15
23 -42 -29
23 -42 -31
23 -43 -26
23 -44 -16
23 -44 -23
23 -44 -27
23 -44 -29
23 -45 -11
23 -46 -9
23 -46 -10
23 -47 -19
24 0 -14
24 0 -22
24 -1 -4
24 -1 -46
24 -2 0
24 -3 -5
24 -3 -28
24 -3 -35
24 -4 -33
24 -4 -43
24 -5 -17
24 -5 -36
24 -5 -40
24 -6 -6
24 -6 -32
24 -7 -11
24 -7 -12
24 -7 -20
24 -7 -35
24 -7 -39
24 -8 -1
24 -8 -6
24 -8 -28
24 -9 -17
24 -9 -22
24 -9 -25
24 -9 -37
24 -11 -19
24 -11 -33
24 -12 -39
24 -13 0
24 -13 -2
24 -13 -31
24 -14 -39
24 -16 -28
24 -16 -46
24 -17 -9
24 -17 -14
24 -18 -9
24 -18 -15
24 -18 -19
24 -19 -36
24 -20 -15
24 -20 -22
24 -21 -2
24 -21 -35
24 -22 -45
24 -23 -29
24 -23 -30
24 -24 -5
24 -24 -8
24 -24 -21
24 -24 -34
24 -27 -5
24 -27 -15
24 -28 -12
24 -28 -23
24 -29 -38
24 -30 -8
24 -30 -24
24 -30 -41
24 -32 -4
24 -32 -8
24 -34 -6
24 -34 -17
24 -35 -24
24 -35 -43
24 -37 0
24 -37 -1
24 -37 -3
24 -37 -7
24 -37 -43
24 -38 -4
24 -38 -11
24 -38 -24
24 -39 -7
24 -39 -22
24 -39 -37
24 -40 -4
24 -41 -15
24 -42 -29
24 -42 -31
24 -43 -26
24 -44 -16
24 -44 -23
24 -44 -27
24 -44 -29
24 -45 -11
24 -46 -9
24 -46 -10
24 -47 -19
25 0 -14
25 0 -22
25 -1 -4
25 -1 -46
25 -2 0
25 -3 -5
25 -3 -28
25 -3 -35
25 -4 -33
25 -4 -43
25 -5 -17
25 -5 -36
25 -5 -40
25 -6 -6
25 -6 -32
25 -7 -11
25 -7 -12
25 -7 -20
25 -7 -35
25 -7 -39
25 -8 -1
25 -8 -6
25 -8 -28
25 -9 -17
25 -9 -22
25 -9 -25
25 -9 -37
25 -11 -19
25 -11 -33
25 -12 -39
25 -13 0
25 -13 -2
25 -13 -31
25 -14 -39
25 -16 -28
25 -16 -46
25 -17 -9
25 -17 -14
25 -18 -9
25 -18 -15
25 -18 -19
25 -19 -36
25 -20 -15
25 -20 -22
25 -21 -2
25 -21 -35
25 -22 -45
25 -23 -29
25 -23 -30
25 -24 -5
25 -24 -8
25 -24 -21
25 -24 -34
25 -27 -5
25 -27 -15
25 -28 -12
25 -28 -23
25 -29 -38
25 -30 -8
25 -30 -24
25 -30 -41
25 -32 -4
25 -32 -8
25 -34 -6
25 -34 -17
25 -35 -24
25 -35 -43
25 -37 0
25 -37 -1
25 -37 -3
25 -37 -7
25 -37 -43
25 -38 -4
25 -38 -11
25 -38 -24
25 -39 -7
25 -39 -22
25 -39 -37
25 -40 -4
25 -41 -15
25 -42 -29
25 -42 -31
25 -43 -26
25 -44 -16
25 -44 -23
25 -44 -27
25 -44 -29
25 -45 -11
25 -46 -9
25 -46 -10
25 -47 -19
26 0 -14
26 0 -22
26 -1 -4
26 -1 -46
26 -2 0
26 -3 -5
26 -3 -28
26 -3 -35
26 -4 -33
26 -4 -43
26 -5 -17
26 -5 -36
26 -5 -40
26 -6 -6
26 -6 -32
26 -7 -11
26 -7 -12
26 -7 -20
26 -7 -35
26 -7 -39
26 -8 -1
26 -8 -6
26 -8 -28
26 -9 -17
26 -9 -22
26 -9 -25
26 -9 -37
26 -11 -19
26 -11 -33
26 -12 -39
26 -13 0
26 -13 -2
26 -13 -31
26 -14 -39
26 -16 -28
26 -16 -46
26 -17 -9
26 -17 -14
26 -18 -9
26 -18 -15
26 -18 -19
26 -19 -36
26 -20 -15
26 -20 -22
26 -21 -2
26 -21 -35
26 -22 -45
26 -23 -29
26 -23 -30
26 -24 -5
26 -24 -8
26 -24 -21
26 -24 -34
26 -27 -5
26 -27 -15
26 -28 -12
26 -28 -23
26 -29 -38
26 -30 -8
26 -30 -24
26 -30 -41
26 -32 -4
26 -32 -8
26 -34 -6
26 -34 -17
26 -35 -24
26 -35 -43
26 -37 0
26 -37 -1
26 -37 -3
26 -37 -7
26 -37 -43
26 -38 -4
26 -38 -11
26 -38 -24
26 -39 -7
26 -39 -22
26 -39 -37
26 -40 -4
26 -41 -15
26 -42 -29
26 -42 -31
26 -43 -26
26 -44 -16
26 -44 -23
26 -44 -27
26 -44 -29
26 -45 -11
26 -46 -9
26 -46 -10
26 -47 -19
27 0 -14
27 0 -22
27 -1 -4
27 -1 -46
27 -2 0
27 -3 -5
27 -3 -28
27 -3 -35
27 -4 -33
27 -4 -43
27 -5 -17
27 -5 -36
27 -5 -40
27 -6 -6
27 -6 -32
27 -7 -11
27 -7 -12
27 -7 -20
27 -7 -35
27 -7 -39
27 -8 -1
27 -8 -6
27 -8 -28
27 -9 -17
27 -9 -22
27 -9 -25
27 -9 -37
27 -11 -19
27 -11 -33
27 -12 -39
27 -13 0
27 -13 -2
27 -13 -31
27 -14 -39
27 -16 -28
27 -16 -46
27 -17 -9
27 -17 -14
27 -18 -9
27 -18 -15
27 -18 -19
27 -19 -36
27 -20 -15
27 -20 -22
27 -21 -2
27 -21 -35
27 -22 -45
27 -23 -29
27 -23 -30
27 -24 -5
27 -24 -8
27 -24 -21
27 -24 -34
27 -27 -5
27 -27 -15
27 -28 -12
27 -28 -23
27 -29 -38
27 -30 -8
27 -30 -24
27 -30 -41
27 -32 -4
27 -32 -8
27 -34 -6
27 -34 -17
27 -35 -24
27 -35 -43
27 -37 0
27 -37 -1
27 -37 -3
27 -37 -7
27 -37 -43
27 -38 -4
27 -38 -11
27 -38 -24
27 -39 -7
27 -39 -22
27 -39 -37
27 -40 -4
27 -41 -15
27 -42 -29
27 -42 -31
27 -43 -26
27 -44 -16
27 -44 -23
27 -44 -27
27 -44 -29
27 -45 -11
27 -46 -9
27 -46 -10
27 -47 -19
28 0 -14
28 0 -22
28 -1 -4
28 -1 -46
28 -2 0
28 -3 -5
28 -3 -28
28 -3 -35
28 -4 -33
28 -4 -43
28 -5 -17
28 -5 -36
28 -5 -40
28 -6 -6
28 -6 -32
28 -7 -11
28 -7 -12
28 -7 -20
28 -7 -35
28 -7 -39
28 -8 -1
28 -8 -6
28 -8 -28
28 -9 -17
28 -9 -22
28 -9 -25
28 -9 -37
28 -11 -19
28 -11 -33
28 -12 -39
28 -13 0
28 -13 -2
28 -13 -31
28 -14 -39
28 -16 -28
28 -16 -46
28 -17 -9
28 -17 -14
28 -18 -9
28 -18 -15
28 -18 -19
28 -19 -36
28 -20 -15
28 -20 -22
28 -21 -2
28 -21 -35
28 -22 -45
28 -23 -29
28 -23 -30
28 -24 -5
28 -24 -8
28 -24 -21
28 -24 -34
28 -27 -5
28 -27 -15
28 -28 -12
28 -28 -23
28 -29 -38
28 -30 -8
28 -30 -24
28 -30 -41
28 -32 -4
28 -32 -8
28 -34 -6
28 -34 -17
28 -35 -24
28 -35 -43
28 -37 0
28 -37 -1
28 -37 -3
28 -37 -7
28 -37 -43
28 -38 -4
28 -38 -11
28 -38 -24
28 -39 -7
28 -39 -22
28 -39 -37
28 -40 -4
28 -41 -15
28 -42 -29
28 -42 -31
28 -43 -26
28 -44 -16
28 -44 -23
28 -44 -27
28 -44 -29
28 -45 -11
28 -46 -9
28 -46 -10
28 -47 -19
29 0 -14
29 0 -22
29 -1 -4
29 -1 -46
29 -2 0
29 -3 -5
29 -3 -28
29 -3 -35
29 -4 -33
29 -4 -43
29 -5 -17
29 -5 -36
29 -5 -40
29 -6 -6
29 -6 -32
29 -7 -11
29 -7 -12
29 -7 -20
29 -7 -35
29 -7 -39
29 -8 -1
29 -8 -6
29 -8 -28
29 -9 -17
29 -9 -22
29 -9 -25
29 -9 -37
29 -11 -19
29 -11 -33
29 -12 -39
29 -13 0
29 -13 -2
29 -13 -31
29 -14 -39
29 -16 -28
29 -16 -46
29 -17 -9
29 -17 -14
29 -18 -9
29 -18 -15
29 -18 -19
29 -19 -36
29 -20 -15
29 -20 -22
29 -21 -2
29 -21 -35
29 -22 -45
29 -23 -29
29 -23 -30
29 -24 -5
29 -24 -8
29 -24 -21
29 -24 -34
29 -27 -5
29 -27 -15
29 -28 -12
29 -28 -23
29 -29 -38
29 -30 -8
29 -30 -24
29 -30 -41
29 -32 -4
29 -32 -8
29 -34 -6
29 -34 -17
29 -35 -24
29 -35 -43
29 -37 0
29 -37 -1
29 -37 -3
29 -37 -7
29 -37 -43
29 -38 -4
29 -38 -11
29 -38 -24
29 -39 -7
29 -39 -22
29 -39 -37
29 -40 -4
29 -41 -15
29 -42 -29
29 -42 -31
29 -43 -26
29 -44 -16
29 -44 -23
29 -44 -27
29 -44 -29
29 -45 -11
29 -46 -9
29 -46 -10
29 -47 -19
30 0 -14
30 0 -22
30 -1 -4
30 -1 -46
30 -2 0
30 -3 -5
30 -3 -28
30 -3 -35
30 -4 -33
30 -4 -43
30 -5 -17
30 -5 -36
30 -5 -40
30 -6 -6
30 -6 -32
30 -7 -11
30 -7 -12
30 -7 -20
30 -7 -35
30 -7 -39
30 -8 -1
30 -8 -6
30 -8 -28
30 -9 -17
30 -9 -22
30 -9 -25
30 -9 -37
30 -11 -19
30 -11 -33
30 -12 -39
30 -13 0
30 -13 -2
30 -13 -31
30 -14 -39
30 -16 -28
30 -16 -46
30 -17 -9
30 -17 -14
30 -18 -9
30 -18 -15
30 -18 -19
30 -19 -36
30 -20 -15
30 -20 -22
30 -21 -2
30 -21 -35
30 -22 -45
30 -23 -29
30 -23 -30
30 -24 -5
30 -24 -8
30 -24 -21
30 -24 -34
30 -27 -5
30 -27 -15
30 -28 -12
30 -28 -23
30 -29 -38
30 -30 -8
30 -30 -24
30 -30 -41
30 -32 -4
30 -32 -8
30 -34 -6
30 -34 -17
30 -35 -24
30 -35 -43
30 -37 0
30 -37 -1
30 -37 -3
30 -37 -7
30 -37 -43
30 -38 -4
30 -38 -11
30 -38 -24
30 -39 -7
30 -39 -22
30 -39 -37
30 -40 -4
30 -41 -15
30 -42 -29
30 -42 -31
30 -43 -26
30 -44 -16
30 -44 -23
30 -44 -27
30 -44 -29
30 -45 -11
30 -46 -9
30 -46 -10
30 -47 -19
31 0 -14
31 0 -22
31 -1 -4
31 -1 -46
31 -2 0
31 -3 -5
31 -3 -28
31 -3 -35
31 -4 -33
31 -4 -43
31 -5 -17
31 -5 -36
31 -5 -40
31 -6 -6
31 -6 -32
31 -7 -11
31 -7 -12
31 -7 -20
31 -7 -35
31 -7 -39
31 -8 -1
31 -8 -6
31 -8 -28
31 -9 -17
31 -9 -22
31 -9 -25
31 -9 -37
31 -11 -19
31 -11 -33
31 -12 -39
31 -13 0
31 -13 -2
31 -13 -31
31 -14 -39
31 -16 -28
31 -16 -46
31 -17 -9
31 -17 -14
31 -18 -9
31 -18 -15
31 -18 -19
31 -19 -36
31 -20 -15
31 -20 -22
31 -21 -2
31 -21 -35
31 -22 -45
31 -23 -29
31 -23 -30
31 -24 -5
31 -24 -8
31 -24 -21
31 -24 -34
31 -27 -5
31 -27 -15
31 -28 -12
31 -28 -23
31 -29 -38
31 -30 -8
31 -30 -24
31 -30 -41
31 -32 -4
31 -32 -8
31 -34 -6
31 -34 -17
31 -35 -24
31 -35 -43
31 -37 0
31 -37 -1
31 -37 -3
31 -37 -7
31 -37 -43
31 -38 -4
31 -38 -11
31 -38 -24
31 -39 -7
31 -39 -22
31 -39 -37
31 -40 -4
31 -41 -15
31 -42 -29
31 -42 -31
31 -43 -26
31 -44 -16
31 -44 -23
31 -44 -27
31 -44 -29
31 -45 -11
31 -46 -9
31 -46 -10
31 -47 -19
32 0 -14
32 0 -22
32 -1 -4
32 -1 -46
32 -2 0
32 -3 -5
32 -3 -28
32 -3 -35
32 -4 -33
32 -4 -43
32 -5 -17
32 -5 -36
32 -5 -40
32 -6 -6
32 -6 -32
32 -7 -11
32 -7 -12
32 -7 -20
32 -7 -35
32 -7 -39
32 -8 -1
32 -8 -6
32 -8 -28
32 -9 -17
32 -9 -22
32 -9 -25
32 -9 -37
32 -11 -19
32 -11 -33
32 -12 -39
32 -13 0
32 -13 -2
32 -13 -31
32 -14 -39
32 -16 -28
32 -16 -46
32 -17 -9
32 -17 -14
32 -18 -9
32 -18 -15
32 -18 -19
32 -19 -36
32 -20 -15
32 -20 -22
32 -21 -2
32 -21 -35
32 -22 -45
32 -23 -29
32 -23 -30
32 -24 -5
32 -24 -8
32 -24 -21
32 -24 -34
32 -27 -5
32 -27 -15
32 -28 -12
32 -28 -23
32 -29 -38
32 -30 -8
32 -30 -24
32 -30 -41
32 -32 -4
32 -32 -8
32 -34 -6
32 -34 -17
32 -35 -24
32 -35 -43
32 -37 0
32 -37 -1
32 -37 -3
32 -37 -7
32 -37 -43
32 -38 -4
32 -38 -11
32 -38 -24
32 -39 -7
32 -39 -22
32 -39 -37
32 -40 -4
32 -41 -15
32 -42 -29
32 -42 -31
32 -43 -26
32 -44 -16
32 -44 -23
32 -44 -27
32 -44 -29
32 -45 -11
32 -46 -9
32 -46 -10
32 -47 -19
33 0 -14
33 0 -22
33 -1 -4
33 -1 -46
33 -2 0
33 -3 -5
33 -3 -28
33 -3 -35
33 -4 -33
33 -4 -43
33 -5 -17
33 -5 -36
33 -5 -40
33 -6 -6
33 -6 -32
33 -7 -11
33 -7 -12
33 -7 -20
33 -7 -35
33 -7 -39
33 -8 -1
33 -8 -6
33 -8 -28
33 -9 -17
33 -9 -22
33 -9 -25
33 -9 -37
33 -11 -19
33 -11 -33
33 -12 -39
33 -13 0
33 -13 -2
33 -13 -31
33 -14 -39
33 -16 -28
33 -16 -46
33 -17 -9
33 -17 -14
33 -18 -9
33 -18 -15
33 -18 -19
33 -19 -36
33 -20 -15
33 -20 -22
33 -21 -2
33 -21 -35
33 -22 -45
33 -23 -29
33 -23 -30
33 -24 -5
33 -24 -8
33 -24 -21
33 -24 -34
33 -27 -5
33 -27 -15
33 -28 -12
33 -28 -23
33 -29 -38
33 -30 -8
33 -30 -24
33 -30 -41
33 -32 -4
33 -32 -8
33 -34 -6
33 -34 -17
33 -35 -24
33 -35 -43
33 -37 0
33 -37 -1
33 -37 -3
33 -37 -7
33 -37 -43
33 -38 -4
33 -38 -11
33 -38 -24
33 -39 -7
33 -39 -22
33 -39 -37
33 -40 -4
33 -41 -15
33 -42 -29
33 -42 -31
33 -43 -26
33 -44 -16
33 -44 -23
33 -44 -27
33 -44 -29
33 -45 -11
33 -46 -9
33 -46 -10
33 -47 -19
34 0 -14
34 0 -22
34 -1 -4
34 -1 -46
34 -2 0
34 -3 -5
34 -3 -28
34 -3 -35
34 -4 -33
34 -4 -43
34 -5 -17
34 -5 -36
34 -5 -40
34 -6 -6
34 -6 -32
34 -7 -11
34 -7 -12
34 -7 -20
34 -7 -35
34 -7 -39
34 -8 -1
34 -8 -6
34 -8 -28
34 -9 -17
34 -9 -22
34 -9 -25
34 -9 -37
34 -11 -19
34 -11 -33
34 -12 -39
34 -13 0
34 -13 -2
34 -13 -31
34 -14 -39
34 -16 -28
34 -16 -46
34 -17 -9
34 -17 -14
34 -18 -9
34 -18 -15
34 -18 -19
34 -19 -36
34 -20 -15
34 -20 -22
34 -21 -2
34 -21 -35
34 -22 -45
34 -23 -29
34 -23 -30
34 -24 -5
34 -24 -8
34 -24 -21
34 -24 -34
34 -27 -5
34 -27 -15
34 -28 -12
34 -28 -23
34 -29 -38
34 -30 -8
34 -30 -24
34 -30 -41
34 -32 -4
34 -32 -8
34 -34 -6
34 -34 -17
34 -35 -24
34 -35 -43
34 -37 0
34 -37 -1
34 -37 -3
34 -37 -7
34 -37 -43
34 -38 -4
34 -38 -11
34 -38 -24
34 -39 -7
34 -39 -22
34 -39 -37
34 -40 -4
34 -41 -15
34 -42 -29
34 -42 -31
34 -43 -26
34 -44 -16
34 -44 -23
34 -44 -27
34 -44 -29
34 -45 -11
34 -46 -9
34 -46 -10
34 -47 -19
35 0 -14
35 0 -22
35 -1 -4
35 -1 -46
35 -2 0
35 -3 -5
35 -3 -28
35 -3 -35
35 -4 -33
35 -4 -43
35 -5 -17
35 -5 -36
35 -5 -40
35 -6 -6
35 -6 -32
35 -7 -11
35 -7 -12
35 -7 -20
35 -7 -35
35 -7 -39
35 -8 -1
35 -8 -6
35 -8 -28
35 -9 -17
35 -9 -22
35 -9 -25
35 -9 -37
35 -11 -19
35 -11 -33
35 -12 -39
35 -13 0
35 -13 -2
35 -13 -31
35 -14 -39
35 -16 -28
35 -16 -46
35 -17 -9
35 -17 -14
35 -18 -9
35 -18 -15
35 -18 -19
35 -19 -36
35 -20 -15
35 -20 -22
35 -21 -2
35 -21 -35
35 -22 -45
35 -23 -29
35 -23 -30
35 -24 -5
35 -24 -8
35 -24 -21
35 -24 -34
35 -27 -5
35 -27 -15
35 -28 -12
35 -28 -23
35 -29 -38
35 -30 -8
35 -30 -24
35 -30 -41
35 -32 -4
35 -32 -8
35 -34 -6
35 -34 -17
35 -35 -24
35 -35 -43
35 -37 0
35 -37 -1
35 -37 -3
35 -37 -7
35 -37 -43
35 -38 -4
35 -38 -11
35 -38 -24
35 -39 -7
35 -39 -22
35 -39 -37
35 -40 -4
35 -41 -15
35 -42 -29
35 -42 -31
35 -43 -26
35 -44 -16
35 -44 -23
35 -44 -27
35 -44 -29
35 -45 -11
35 -46 -9
35 -46 -10
35 -47 -19
36 0 -14
36 0 -22
36 -1 -4
36 -1 -46
36 -2 0
36 -3 -5
36 -3 -28
36 -3 -35
36 -4 -33
36 -4 -43
36 -5 -17
36 -5 -36
36 -5 -40
36 -6 -6
36 -6 -32
36 -7 -11
36 -7 -12
36 -7 -20
36 -7 -35
36 -7 -39
36 -8 -1
36 -8 -6
36 -8 -28
36 -9 -17
36 -9 -22
36 -9 -25
36 -9 -37
36 -11 -19
36 -11 -33
36 -12 -39
36 -13 0
36 -13 -2
36 -13 -31
36 -14 -39
36 -16 -28
36 -16 -46
36 -17 -9
36 -17 -14
36 -18 -9
36 -18 -15
36 -18 -19
36 -19 -36
36 -20 -15
36 -20 -22
36 -21 -2
36 -21 -35
36 -22 -45
36 -23 -29
36 -23 -30
36 -24 -5
36 -24 -8
36 -24 -21
36 -24 -34
36 -27 -5
36 -27 -15
36 -28 -12
36 -28 -23
36 -29 -38
36 -30 -8
36 -30 -24
36 -30 -41
36 -32 -4
36 -32 -8
36 -34 -6
36 -34 -17
36 -35 -24
36 -35 -43
36 -37 0
36 -37 -1
36 -37 -3
36 -37 -7
36 -37 -43
36 -38 -4
36 -38 -11
36 -38 -24
36 -39 -7
36 -39 -22
36 -39 -37
36 -40 -4
36 -41 -15
36 -42 -29
36 -42 -31
36 -43 -26
36 -44 -16
36 -44 -23
36 -44 -27
36 -44 -29
36 -45 -11
36 -46 -9
36 -46 -10
36 -47 -19
37 0 -14
37 0 -22
37 -1 -4
37 -1 -46
37 -2 0
37 -3 -5
37 -3 -28
37 -3 -35
37 -4 -33
37 -4 -43
37 -5 -17
37 -5 -36
37 -5 -40
37 -6 -6
37 -6 -32
37 -7 -11
37 -7 -12
37 -7 -20
37 -7 -35
37 -7 -39
37 -8 -1
37 -8 -6
37 -8 -28
37 -9 -17
37 -9 -22
37 -9 -25
37 -9 -37
37 -11 -19
37 -11 -33
37 -12 -39
37 -13 0
37 -13 -2
37 -13 -31
37 -14 -39
37 -16 -28
37 -16 -46
37 -17 -9
37 -17 -14
37 -18 -9
37 -18 -15
37 -18 -19
37 -19 -36
37 -20 -15
37 -20 -22
37 -21 -2
37 -21 -35
37 -22 -45
37 -23 -29
37 -23 -30
37 -24 -5
37 -24 -8
37 -24 -21
37 -24 -34
37 -27 -5
37 -27 -15
37 -28 -12
37 -28 -23
37 -29 -38
37 -30 -8
37 -30 -24
37 -30 -41
37 -32 -4
37 -32 -8
37 -34 -6
37 -34 -17
37 -35 -24
37 -35 -43
37 -37 0
37 -37 -1
37 -37 -3
37 -37 -7
37 -37 -43
37 -38 -4
37 -38 -11
37 -38 -24
37 -39 -7
37 -39 -22
37 -39 -37
37 -40 -4
37 -41 -15
37 -42 -29
37 -42 -31
37 -43 -26
37 -44 -16
37 -44 -23
37 -44 -27
37 -44 -29
37 -45 -11
37 -46 -9
37 -46 -10
37 -47 -19
38 0 -14
38 0 -22
38 -1 -4
38 -1 -46
38 -2 0
38 -3 -5
38 -3 -28
38 -3 -35
38 -4 -33
38 -4 -43
38 -5 -17
38 -5 -36
38 -5 -40
38 -6 -6
38 -6 -32
38 -7 -11
38 -7 -12
38 -7 -20
38 -7 -35
38 -7 -39
38 -8 -1
38 -8 -6
38 -8 -28
38 -9 -17
38 -9 -22
38 -9 -25
38 -9 -37
38 -11 -19
38 -11 -33
38 -12 -39
38 -13 0
38 -13 -2
38 -13 -31
38 -14 -39
38 -16 -28
38 -16 -46
38 -17 -9
38 -17 -14
38 -18 -9
38 -18 -15
38 -18 -19
38 -19 -36
38 -20 -15
38 -20 -22
38 -21 -2
38 -21 -35
38 -22 -45
38 -23 -29
38 -23 -30
38 -24 -5
38 -24 -8
38 -24 -21
38 -24 -34
38 -27 -5
38 -27 -15
38 -28 -12
38 -28 -23
38 -29 -38
38 -30 -8
38 -30 -24
38 -30 -41
38 -32 -4
38 -32 -8
38 -34 -6
38 -34 -17
38 -35 -24
38 -35 -43
38 -37 0
38 -37 -1
38 -37 -3
38 -37 -7
38 -37 -43
38 -38 -4
38 -38 -11
38 -38 -24
38 -39 -7
38 -39 -22
38 -39 -37
38 -40 -4
38 -41 -15
38 -42 -29
38 -42 -31
38 -43 -26
38 -44 -16
38 -44 -23
38 -44 -27
38 -44 -29
38 -45 -11
38 -46 -9
38 -46 -10
38 -47 -19
39 0 -14
39 0 -22
39 -1 -4
39 -1 -46
39 -2 0
39 -3 -5
39 -3 -28
39 -3 -35
39 -4 -33
39 -4 -43
39 -5 -17
39 -5 -36
39 -5 -40
39 -6 -6
39 -6 -32
39 -7 -11
39 -7 -12
39 -7 -20
39 -7 -35
39 -7 -39
39 -8 -1
39 -8 -6
39 -8 -28
39 -9 -17
39 -9 -22
39 -9 -25
39 -9 -37
39 -11 -19
39 -11 -33
39 -12 -39
39 -13 0
39 -13 -2
39 -13 -31
39 -14 -39
39 -16 -28
39 -16 -46
39 -17 -9
39 -17 -14
39 -18 -9
39 -18 -15
39 -18 -19
39 -19 -36
39 -20 -15
39 -20 -22
39 -21 -2
39 -21 -35
39 -22 -45
39 -23 -29
39 -23 -30
39 -24 -5
39 -24 -8
39 -24 -21
39 -24 -34
39 -27 -5
39 -27 -15
39 -28 -12
39 -28 -23
39 -29 -38
39 -30 -8
39 -30 -24
39 -30 -41
39 -32 -4
39 -32 -8
39 -34 -6
39 -34 -17
39 -35 -24
39 -35 -43
39 -37 0
39 -37 -1
39 -37 -3
39 -37 -7
39 -37 -43
39 -38 -4
39 -38 -11
39 -38 -24
39 -39 -7
39 -39 -22
39 -39 -37
39 -40 -4
39 -41 -15
39 -42 -29
39 -42 -31
39 -43 -26
39 -44 -16
39 -44 -23
39 -44 -27
39 -44 -29
39 -45 -11
39 -46 -9
39 -46 -10
39 -47 -19
40 0 -14
40 0 -22
40 -1 -4
40 -1 -46
40 -2 0
40 -3 -5
40 -3 -28
40 -3 -35
40 -4 -33
40 -4 -43
40 -5 -17
40 -5 -36
40 -5 -40
40 -6 -6
40 -6 -32
40 -7 -11
40 -7 -12
40 -7 -20
40 -7 -35
40 -7 -39
40 -8 -1
40 -8 -6
40 -8 -28
40 -9 -17
40 -9 -22
40 -9 -25
40 -9 -37
40 -11 -19
40 -11 -33
40 -12 -39
40 -13 0
40 -13 -2
40 -13 -31
40 -14 -39
40 -16 -28
40 -16 -46
40 -17 -9
40 -17 -14
40 -18 -9
40 -18 -15
40 -18 -19
40 -19 -36
40 -20 -15
40 -20 -22
40 -21 -2
40 -21 -35
40 -22 -45
40 -23 -29
40 -23 -30
40 -24 -5
40 -24 -8
40 -24 -21
40 -24 -34
40 -27 -5
40 -27 -15
40 -28 -12
40 -28 -23
40 -29 -38
40 -30 -8
40 -30 -24
40 -30 -41
40 -32 -4
40 -32 -8
40 -34 -6
40 -34 -17
40 -35 -24
40 -35 -43
40 -37 0
40 -37 -1
40 -37 -3
40 -37 -7
40 -37 -43
40 -38 -4
40 -38 -11
40 -38 -24
40 -39 -7
40 -39 -22
40 -39 -37
40 -40 -4
40 -41 -15
40 -42 -29
40 -42 -31
40 -43 -26
40 -44 -16
40 -44 -23
40 -44 -27
40 -44 -29
40 -45 -11
40 -46 -9
40 -46 -10
40 -47 -19
41 0 -14
41 0 -22
41 -1 -4
41 -1 -46
41 -2 0
41 -3 -5
41 -3 -28
41 -3 -35
41 -4 -33
41 -4 -43
41 -5 -17
41 -5 -36
41 -5 -40
41 -6 -6
41 -6 -32
41 -7 -11
41 -7 -12
41 -7 -20
41 -7 -35
41 -7 -39
41 -8 -1
41 -8 -6
41 -8 -28
41 -9 -17
41 -9 -22
41 -9 -25
41 -9 -37
41 -11 -19
41 -11 -33
41 -12 -39
41 -13 0
41 -13 -2
41 -13 -31
41 -14 -39
41 -16 -28
41 -16 -46
41 -17 -9
41 -17 -14
41 -18 -9
41 -18 -15
41 -18 -19
41 -19 -36
41 -20 -15
41 -20 -22
41 -21 -2
41 -21 -35
41 -22 -45
41 -23 -29
41 -23 -30
41 -24 -5
41 -24 -8
41 -24 -21
41 -24 -34
41 -27 -5
41 -27 -15
41 -28 -12
41 -28 -23
41 -29 -38
41 -30 -8
41 -30 -24
41 -30 -41
41 -32 -4
41 -32 -8
41 -34 -6
41 -34 -17
41 -35 -24
41 -35 -43
41 -37 0
41 -37 -1
41 -37 -3
41 -37 -7
41 -37 -43
41 -38 -4
41 -38 -11
41 -38 -24
41 -39 -7
41 -39 -22
41 -39 -37
41 -40 -4
41 -41 -15
41 -42 -29
41 -42 -31
41 -43 -26
41 -44 -16
41 -44 -23
41 -44 -27
41 -44 -29
41 -45 -11
41 -46 -9
41 -46 -10
41 -47 -19
42 0 -14
42 0 -22
42 -1 -4
42 -1 -46
42 -2 0
42 -3 -5
42 -3 -28
42 -3 -35
42 -4 -33
42 -4 -43
42 -5 -17
42 -5 -36
42 -5 -40
42 -6 -6
42 -6 -32
42 -7 -11
42 -7 -12
42 -7 -20
42 -7 -35
42 -7 -39
42 -8 -1
42 -8 -6
42 -8 -28
42 -9 -17
42 -9 -22
42 -9 -25
42 -9 -37
42 -11 -19
42 -11 -33
42 -12 -39
42 -13 0
42 -13 -2
42 -13 -31
42 -14 -39
42 -16 -28
42 -16 -46
42 -17 -9
42 -17 -14
42 -18 -9
42 -18 -15
42 -18 -19
42 -19 -36
42 -20 -15
42 -20 -22
42 -21 -2
42 -21 -35
42 -22 -45
42 -23 -29
42 -23 -30
42 -24 -5
42 -24 -8
42 -24 -21
42 -24 -34
42 -27 -5
42 -27 -15
42 -28 -12
42 -28 -23
42 -29 -38
42 -30 -8
42 -30 -24
42 -30 -41
42 -32 -4
42 -32 -8
42 -34 -6
42 -34 -17
42 -35 -24
42 -35 -43
42 -37 0
42 -37 -1
42 -37 -3
42 -37 -7
42 -37 -43
42 -38 -4
42 -38 -11
42 -38 -24
42 -39 -7
42 -39 -22
42 -39 -37
42 -40 -4
42 -41 -15
42 -42 -29
42 -42 -31
42 -43 -26
42 -44 -16
42 -44 -23
42 -44 -27
42 -44 -29
42 -45 -11
42 -46 -9
42 -46 -10
42 -47 -19
43 0 -14
43 0 -22
43 -1 -4
43 -1 -46
43 -2 0
43 -3 -5
43 -3 -28
43 -3 -35
43 -4 -33
43 -4 -43
43 -5 -17
43 -5 -36
43 -5 -40
43 -6 -6
43 -6 -32
43 -7 -11
43 -7 -12
43 -7 -20
43 -7 -35
43 -7 -39
43 -8 -1
43 -8 -6
43 -8 -28
43 -9 -17
43 -9 -22
43 -9 -25
43 -9 -37
43 -11 -19
43 -11 -33
43 -12 -39
43 -13 0
43 -13 -2
43 -13 -31
43 -14 -39
43 -16 -28
43 -16 -46
43 -17 -9
43 -17 -14
43 -18 -9
43 -18 -15
43 -18 -19
43 -19 -36
43 -20 -15
43 -20 -22
43 -21 -2
43 -21 -35
43 -22 -45
43 -23 -29
43 -23 -30
43 -24 -5
43 -24 -8
43 -24 -21
43 -24 -34
43 -27 -5
43 -27 -15
43 -28 -12
43 -28 -23
43 -29 -38
43 -30 -8
43 -30 -24
43 -30 -41
43 -32 -4
43 -32 -8
43 -34 -6
43 -34 -17
43 -35 -24
43 -35 -43
43 -37 0
43 -37 -1
43 -37 -3
43 -37 -7
43 -37 -43
43 -38 -4
43 -38 -11
43 -38 -24
43 -39 -7
43 -39 -22
43 -39 -37
43 -40 -4
43 -41 -15
43 -42 -29
43 -42 -31
43 -43 -26
43 -44 -16
43 -44 -23
43 -44 -27
43 -44 -29
43 -45 -11
43 -46 -9
43 -46 -10
43 -47 -19
44 0 -14
44 0 -22
44 -1 -4
44 -1 -46
44 -2 0
44 -3 -5
44 -3 -28
44 -3 -35
44 -4 -33
44 -4 -43
44 -5 -17
44 -5 -36
44 -5 -40
44 -6 -6
44 -6 -32
44 -7 -11
44 -7 -12
44 -7 -20
44 -7 -35
44 -7 -39
44 -8 -1
44 -8 -6
44 -8 -28
44 -9 -17
44 -9 -22
44 -9 -25
44 -9 -37
44 -11 -19
44 -11 -33
44 -12 -39
44 -13 0
44 -13 -2
44 -13 -31
44 -14 -39
44 -16 -28
44 -16 -46
44 -17 -9
44 -17 -14
44 -18 -9
44 -18 -15
44 -18 -19
44 -19 -36
44 -20 -15
44 -20 -22
44 -21 -2
44 -21 -35
44 -22 -45
44 -23 -29
44 -23 -30
44 -24 -5
44 -24 -8
44 -24 -21
44 -24 -34
44 -27 -5
44 -27 -15
44 -28 -12
44 -28 -23
44 -29 -38
44 -30 -8
44 -30 -24
44 -30 -41
44 -32 -4
44 -32 -8
44 -34 -6
44 -34 -17
44 -35 -24
44 -35 -43
44 -37 0
44 -37 -1
44 -37 -3
44 -37 -7
44 -37 -43
44 -38 -4
44 -38 -11
44 -38 -24
44 -39 -7
44 -39 -22
44 -39 -37
44 -40 -4
44 -41 -15
44 -42 -29
44 -42 -31
44 -43 -26
44 -44 -16
44 -44 -23
44 -44 -27
44 -44 -29
44 -45 -11
44 -46 -9
44 -46 -10
44 -47 -19
45 0 -14
45 0 -22
45 -1 -4
45 -1 -46
45 -2 0
45 -3 -5
45 -3 -28
45 -3 -35
45 -4 -33
45 -4 -43
45 -5 -17
45 -5 -36
45 -5 -40
45 -6 -6
45 -6 -32
45 -7 -11
45 -7 -12
45 -7 -20
45 -7 -35
45 -7 -39
45 -8 -1
45 -8 -6
45 -8 -28
45 -9 -17
45 -9 -22
45 -9 -25
45 -9 -37
45 -11 -19
45 -11 -33
45 -12 -39
45 -13 0
45 -13 -2
45 -13 -31
45 -14 -39
45 -16 -28
45 -16 -46
45 -17 -9
45 -17 -14
45 -18 -9
45 -18 -15
45 -18 -19
45 -19 -36
45 -20 -15
45 -20 -22
45 -21 -2
45 -21 -35
45 -22 -45
45 -23 -29
45 -23 -30
45 -24 -5
45 -24 -8
45 -24 -21
45 -24 -34
45 -27 -5
45 -27 -15
45 -28 -12
45 -28 -23
45 -29 -38
45 -30 -8
45 -30 -24
45 -30 -41
45 -32 -4
45 -32 -8
45 -34 -6
45 -34 -17
45 -35 -24
45 -35 -43
45 -37 0
45 -37 -1
45 -37 -3
45 -37 -7
45 -37 -43
45 -38 -4
45 -38 -11
45 -38 -24
45 -39 -7
45 -39 -22
45 -39 -37
45 -40 -4
45 -41 -15
45 -42 -29
45 -42 -31
45 -43 -26
45 -44 -16
45 -44 -23
45 -44 -27
45 -44 -29
45 -45 -11
45 -46 -9
45 -46 -10
45 -47 -19
46 0 -14
46 0 -22
46 -1 -4
46 -1 -46
46 -2 0
46 -3 -5
46 -3 -28
46 -3 -35
46 -4 -33
46 -4 -43
46 -5 -17
46 -5 -36
46 -5 -40
46 -6 -6
46 -6 -32
46 -7 -11
46 -7 -12
46 -7 -20
46 -7 -35
46 -7 -39
46 -8 -1
46 -8 -6
46 -8 -28
46 -9 -17
46 -9 -22
46 -9 -25
46 -9 -37
46 -11 -19
46 -11 -33
46 -12 -39
46 -13 0
46 -13 -2
46 -13 -31
46 -14 -39
46 -16 -28
46 -16 -46
46 -17 -9
46 -17 -14
46 -18 -9
46 -18 -15
46 -18 -19
46 -19 -36
46 -20 -15
46 -20 -22
46 -21 -2
46 -21 -35
46 -22 -45
46 -23 -29
46 -23 -30
46 -24 -5
46 -24 -8
46 -24 -21
46 -24 -34
46 -27 -5
46 -27 -15
46 -28 -12
46 -28 -23
46 -29 -38
46 -30 -8
46 -30 -24
46 -30 -41
46 -32 -4
46 -32 -8
46 -34 -6
46 -34 -17
46 -35 -24
46 -35 -43
46 -37 0
46 -37 -1
46 -37 -3
46 -37 -7
46 -37 -43
46 -38 -4
46 -38 -11
46 -38 -24
46 -39 -7
46 -39 -22
46 -39 -37
46 -40 -4
46 -41 -15
46 -42 -29
46 -42 -31
46 -43 -26
46 -44 -16
46 -44 -23
46 -44 -27
46 -44 -29
46 -45 -11
46 -46 -9
46 -46 -10
46 -47 -19
47 0 -14
47 0 -22
47 -1 -4
47 -1 -46
47 -2 0
47 -3 -5
47 -3 -28
47 -3 -35
47 -4 -33
47 -4 -43
47 -5 -17
47 -5 -36
47 -5 -40
47 -6 -6
47 -6 -32
47 -7 -11
47 -7 -12
47 -7 -20
47 -7 -35
47 -7 -39
47 -8 -1
47 -8 -6
47 -8 -28
47 -9 -17
47 -9 -22
47 -9 -25
47 -9 -37
47 -11 -19
47 -11 -33
47 -12 -39
47 -13 0
47 -13 -2
47 -13 -31
47 -14 -39
47 -16 -28
47 -16 -46
47 -17 -9
47 -17 -14
47 -18 -9
47 -18 -15
47 -18 -19
47 -19 -36
47 -20 -15
47 -20 -22
47 -21 -2
47 -21 -35
47 -22 -45
47 -23 -29
47 -23 -30
47 -24 -5
47 -24 -8
47 -24 -21
47 -24 -34
47 -27 -5
47 -27 -15
47 -28 -12
47 -28 -23
47 -29 -38
47 -30 -8
47 -30 -24
47 -30 -41
47 -32 -4
47 -32 -8
47 -34 -6
47 -34 -17
47 -35 -24
47 -35 -43
47 -37 0
47 -37 -1
47 -37 -3
47 -37 -7
47 -37 -43
47 -38 -4
47 -38 -11
47 -38 -24
47 -39 -7
47 -39 -22
47 -39 -37
47 -40 -4
47 -41 -15
47 -42 -29
47 -42 -31
47 -43 -26
47 -44 -16
47 -44 -23
47 -44 -27
47 -44 -29
47 -45 -11
47 -46 -9
47 -46 -10
47 -47 -19
48 0 -14
48 0 -22
48 -1 -4
48 -1 -46
48 -2 0
48 -3 -5
48 -3 -28
48 -3 -35
48 -4 -33
48 -4 -43
48 -5 -17
48 -5 -36
48 -5 -40
48 -6 -6
48 -6 -32
48 -7 -11
48 -7 -12
48 -7 -20
48 -7 -35
48 -7 -39
48 -8 -1
48 -8 -6
48 -8 -28
48 -9 -17
48 -9 -22
48 -9 -25
48 -9 -37
48 -11 -19
48 -11 -33
48 -12 -39
48 -13 0
48 -13 -2
48 -13 -31
48 -14 -39
48 -16 -28
48 -16 -46
48 -17 -9
48 -17 -14
48 -18 -9
48 -18 -15
48 -18 -19
48 -19 -36
48 -20 -15
48 -20 -22
48 -21 -2
48 -21 -35
48 -22 -45
48 -23 -29
48 -23 -30
48 -24 -5
48 -24 -8
48 -24 -21
48 -24 -34
48 -27 -5
48 -27 -15
48 -28 -12
48 -28 -23
48 -29 -38
48 -30 -8
48 -30 -24
48 -30 -41
48 -32 -4
48 -32 -8
48 -34 -6
48 -34 -17
48 -35 -24
48 -35 -43
48 -37 0
48 -37 -1
48 -37 -3
48 -37 -7
48 -37 -43
48 -38 -4
48 -38 -11
48 -38 -24
48 -39 -7
48 -39 -22
48 -39 -37
48 -40 -4
48 -41 -15
48 -42 -29
48 -42 -31
48 -43 -26
48 -44 -16
48 -44 -23
48 -44 -27
48 -44 -29
48 -45 -11
48 -46 -9
48 -46 -10
48 -47 -19
49 0 -14
49 0 -22
49 -1 -4
49 -1 -46
49 -2 0
49 -3 -5
49 -3 -28
49 -3 -35
49 -4 -33
49 -4 -43
49 -5 -17
49 -5 -36
49 -5 -40
49 -6 -6
49 -6 -32
49 -7 -11
49 -7 -12
49 -7 -20
49 -7 -35
49 -7 -39
49 -8 -1
49 -8 -6
49 -8 -28
49 -9 -17
49 -9 -22
49 -9 -25
49 -9 -37
49 -11 -19
49 -11 -33
49 -12 -39
49 -13 0
49 -13 -2
49 -13 -31
49 -14 -39
49 -16 -28
49 -16 -46
49 -17 -9
49 -17 -14
49 -18 -9
49 -18 -15
49 -18 -19
49 -19 -36
49 -20 -15
49 -20 -22
49 -21 -2
49 -21 -35
49 -22 -45
49 -23 -29
49 -23 -30
49 -24 -5
49 -24 -8
49 -24 -21
49 -24 -34
49 -27 -5
49 -27 -15
49 -28 -12
49 -28 -23
49 -29 -38
49 -30 -8
49 -30 -24
49 -30 -41
49 -32 -4
49 -32 -8
49 -34 -6
49 -34 -17
49 -35 -24
49 -35 -43
49 -37 0
49 -37 -1
49 -37 -3
49 -37 -7
49 -37 -43
49 -38 -4
49 -38 -11
49 -38 -24
49 -39 -7
49 -39 -22
49 -39 -37
49 -40 -4
49 -41 -15
49 -42 -29
49 -42 -31
49 -43 -26
49 -44 -16
49 -44 -23
49 -44 -27
49 -44 -29
49 -45 -11
49 -46 -9
49 -46 -10
49 -47 -19
50 0 -14
50 0 -22
50 -1 -4
50 -1 -46
50 -2 0
50 -3 -5
50 -3 -28
50 -3 -35
50 -4 -33
50 -4 -43
50 -5 -17
50 -5 -36
50 -5 -40
50 -6 -6
50 -6 -32
50 -7 -11
50 -7 -12
50 -7 -20
50 -7 -35
50 -7 -39
50 -8 -1
50 -8 -6
50 -8 -28
50 -9 -17
50 -9 -22
50 -9 -25
50 -9 -37
50 -11 -19
50 -11 -33
50 -12 -39
50 -13 0
50 -13 -2
50 -13 -31
50 -14 -39
50 -16 -28
50 -16 -46
50 -17 -9
50 -17 -14
50 -18 -9
50 -18 -15
50 -18 -19
50 -19 -36
50 -20 -15
50 -20 -22
50 -21 -2
50 -21 -35
50 -22 -45
50 -23 -29
50 -23 -30
50 -24 -5
50 -24 -8
50 -24 -21
50 -24 -34
50 -27 -5
50 -27 -15
50 -28 -12
50 -28 -23
50 -29 -38
50 -30 -8
50 -30 -24
50 -30 -41
50 -32 -4
50 -32 -8
50 -34 -6
50 -34 -17
50 -35 -24
50 -35 -43
50 -37 0
50 -37 -1
50 -37 -3
50 -37 -7
50 -37 -43
50 -38 -4
50 -38 -11
50 -38 -24
50 -39 -7
50 -39 -22
50 -39 -37
50 -40 -4
50 -41 -15
50 -42 -29
50 -42 -31
50 -43 -26
50 -44 -16
50 -44 -23
50 -44 -27
50 -44 -29
50 -45 -11
50 -46 -9
50 -46 -10
50 -47 -19
51 0 -14
51 0 -22
51 -1 -4
51 -1 -46
51 -2 0
51 -3 -5
51 -3 -28
51 -3 -35
51 -4 -33
51 -4 -43
51 -5 -17
51 -5 -36
51 -5 -40
51 -6 -6
51 -6 -32
51 -7 -11
51 -7 -12
51 -7 -20
51 -7 -35
51 -7 -39
51 -8 -1
51 -8 -6
51 -8 -28
51 -9 -17
51 -9 -22
51 -9 -25
51 -9 -37
51 -11 -19
51 -11 -33
51 -12 -39
51 -13 0
51 -13 -2
51 -13 -31
51 -14 -39
51 -16 -28
51 -16 -46
51 -17 -9
51 -17 -14
51 -18 -9
51 -18 -15
51 -18 -19
51 -19 -36
51 -20 -15
51 -20 -22
51 -21 -2
51 -21 -35
51 -22 -45
51 -23 -29
51 -23 -30
51 -24 -5
51 -24 -8
51 -24 -21
51 -24 -34
51 -27 -5
51 -27 -15
51 -28 -12
51 -28 -23
51 -29 -38
51 -30 -8
51 -30 -24
51 -30 -41
51 -32 -4
51 -32 -8
51 -34 -6
51 -34 -17
51 -35 -24
51 -35 -43
51 -37 0
51 -37 -1
51 -37 -3
51 -37 -7
51 -37 -43
51 -38 -4
51 -38 -11
51 -38 -24
51 -39 -7
51 -39 -22
51 -39 -37
51 -40 -4
51 -41 -15
51 -42 -29
51 -42 -31
51 -43 -26
51 -44 -16
51 -44 -23
51 -44 -27
51 -44 -29
51 -45 -11
51 -46 -9
51 -46 -10
51 -47 -19
52 0 -14
52 0 -22
52 -1 -4
52 -1 -46
52 -2 0
52 -3 -5
52 -3 -28
52 -3 -35
52 -4 -33
52 -4 -43
52 -5 -17
52 -5 -36
52 -5 -40
52 -6 -6
52 -6 -32
52 -7 -11
52 -7 -12
52 -7 -20
52 -7 -35
52 -7 -39
52 -8 -1
52 -8 -6
52 -8 -28
52 -9 -17
52 -9 -22
52 -9 -25
52 -9 -37
52 -11 -19
52 -11 -33
52 -12 -39
52 -13 0
52 -13 -2
52 -13 -31
52 -14 -39
52 -16 -28
52 -16 -46
52 -17 -9
52 -17 -14
52 -18 -9
52 -18 -15
52 -18 -19
52 -19 -36
52 -20 -15
52 -20 -22
52 -21 -2
52 -21 -35
52 -22 -45
52 -23 -29
52 -23 -30
52 -24 -5
52 -24 -8
52 -24 -21
52 -24 -34
52 -27 -5
52 -27 -15
52 -28 -12
52 -28 -23
52 -29 -38
52 -30 -8
52 -30 -24
52 -30 -41
52 -32 -4
52 -32 -8
52 -34 -6
52 -34 -17
52 -35 -24
52 -35 -43
52 -37 0
52 -37 -1
52 -37 -3
52 -37 -7
52 -37 -43
52 -38 -4
52 -38 -11
52 -38 -24
52 -39 -7
52 -39 -22
52 -39 -37
52 -40 -4
52 -41 -15
52 -42 -29
52 -42 -31
52 -43 -26
52 -44 -16
52 -44 -23
52 -44 -27
52 -44 -29
52 -45 -11
52 -46 -9
52 -46 -10
52 -47 -19
53 0 -14
53 0 -22
53 -1 -4
53 -1 -46
53 -2 0
53 -3 -5
53 -3 -28
53 -3 -35
53 -4 -33
53 -4 -43
53 -5 -17
53 -5 -36
53 -5 -40
53 -6 -6
53 -6 -32
53 -7 -11
53 -7 -12
53 -7 -20
53 -7 -35
53 -7 -39
53 -8 -1
53 -8 -6
53 -8 -28
53 -9 -17
53 -9 -22
53 -9 -25
53 -9 -37
53 -11 -19
53 -11 -33
53 -12 -39
53 -13 0
53 -13 -2
53 -13 -31
53 -14 -39
53 -16 -28
53 -16 -46
53 -17 -9
53 -17 -14
53 -18 -9
53 -18 -15
53 -18 -19
53 -19 -36
53 -20 -15
53 -20 -22
53 -21 -2
53 -21 -35
53 -22 -45
53 -23 -29
53 -23 -30
53 -24 -5
53 -24 -8
53 -24 -21
53 -24 -34
53 -27 -5
53 -27 -15
53 -28 -12
53 -28 -23
53 -29 -38
53 -30 -8
53 -30 -24
53 -30 -41
53 -32 -4
53 -32 -8
53 -34 -6
53 -34 -17
53 -35 -24
53 -35 -43
53 -37 0
53 -37 -1
53 -37 -3
53 -37 -7
53 -37 -43
53 -38 -4
53 -38 -11
53 -38 -24
53 -39 -7
53 -39 -22
53 -39 -37
53 -40 -4
53 -41 -15
53 -42 -29
53 -42 -31
53 -43 -26
53 -44 -16
53 -44 -23
53 -44 -27
53 -44 -29
53 -45 -11
53 -46 -9
53 -46 -10
53 -47 -19
54 0 -14
54 0 -22
54 -1 -4
54 -1 -46
54 -2 0
54 -3 -5
54 -3 -28
54 -3 -35
54 -4 -33
54 -4 -43
54 -5 -17
54 -5 -36
54 -5 -40
54 -6 -6
54 -6 -32
54 -7 -11
54 -7 -12
54 -7 -20
54 -7 -35
54 -7 -39
54 -8 -1
54 -8 -6
54 -8 -28
54 -9 -17
54 -9 -22
54 -9 -25
54 -9 -37
54 -11 -19
54 -11 -33
54 -12 -39
54 -13 0
54 -13 -2
54 -13 -31
54 -14 -39
54 -16 -28
54 -16 -46
54 -17 -9
54 -17 -14
54 -18 -9
54 -18 -15
54 -18 -19
54 -19 -36
54 -20 -15
54 -20 -22
54 -21 -2
54 -21 -35
54 -22 -45
54 -23 -29
54 -23 -30
54 -24 -5
54 -24 -8
54 -24 -21
54 -24 -34
54 -27 -5
54 -27 -15
54 -28 -12
54 -28 -23
54 -29 -38
54 -30 -8
54 -30 -24
54 -30 -41
54 -32 -4
54 -32 -8
54 -34 -6
54 -34 -17
54 -35 -24
54 -35 -43
54 -37 0
54 -37 -1
54 -37 -3
54 -37 -7
54 -37 -43
54 -38 -4
54 -38 -11
54 -38 -24
54 -39 -7
54 -39 -22
54 -39 -37
54 -40 -4
54 -41 -15
54 -42 -29
54 -42 -31
54 -43 -26
54 -44 -16
54 -44 -23
54 -44 -27
54 -44 -29
54 -45 -11
54 -46 -9
54 -46 -10
54 -47 -19
55 0 -14
55 0 -22
55 -1 -4
55 -1 -46
55 -2 0
55 -3 -5
55 -3 -28
55 -3 -35
55 -4 -33
55 -4 -43
55 -5 -17
55 -5 -36
55 -5 -40
55 -6 -6
55 -6 -32
55 -7 -11
55 -7 -12
55 -7 -20
55 -7 -35
55 -7 -39
55 -8 -1
55 -8 -6
55 -8 -28
55 -9 -17
55 -9 -22
55 -9 -25
55 -9 -37
55 -11 -19
55 -11 -33
55 -12 -39
55 -13 0
55 -13 -2
55 -13 -31
55 -14 -39
55 -16 -28
55 -16 -46
55 -17 -9
55 -17 -14
55 -18 -9
55 -18 -15
55 -18 -19
55 -19 -36
55 -20 -15
55 -20 -22
55 -21 -2
55 -21 -35
55 -22 -45
55 -23 -29
55 -23 -30
55 -24 -5
55 -24 -8
55 -24 -21
55 -24 -34
55 -27 -5
55 -27 -15
55 -28 -12
55 -28 -23
55 -29 -38
55 -30 -8
55 -30 -24
55 -30 -41
55 -32 -4
55 -32 -8
55 -34 -6
55 -34 -17
55 -35 -24
55 -35 -43
55 -37 0
55 -37 -1
55 -37 -3
55 -37 -7
55 -37 -43
55 -38 -4
55 -38 -11
55 -38 -24
55 -39 -7
55 -39 -22
55 -39 -37
55 -40 -4
55 -41 -15
55 -42 -29
55 -42 -31
55 -43 -26
55 -44 -16
55 -44 -23
55 -44 -27
55 -44 -29
55 -45 -11
55 -46 -9
55 -46 -10
55 -47 -19
56 0 -14
56 0 -22
56 -1 -4
56 -1 -46
56 -2 0
56 -3 -5
56 -3 -28
56 -3 -35
56 -4 -33
56 -4 -43
56 -5 -17
56 -5 -36
56 -5 -40
56 -6 -6
56 -6 -32
56 -7 -11
56 -7 -12
56 -7 -20
56 -7 -35
56 -7 -39
56 -8 -1
56 -8 -6
56 -8 -28
56 -9 -17
56 -9 -22
56 -9 -25
56 -9 -37
56 -11 -19
56 -11 -33
56 -12 -39
56 -13 0
56 -13 -2
56 -13 -31
56 -14 -39
56 -16 -28
56 -16 -46
56 -17 -9
56 -17 -14
56 -18 -9
56 -18 -15
56 -18 -19
56 -19 -36
56 -20 -15
56 -20 -22
56 -21 -2
56 -21 -35
56 -22 -45
56 -23 -29
56 -23 -30
56 -24 -5
56 -24 -8
56 -24 -21
56 -24 -34
56 -27 -5
56 -27 -15
56 -28 -12
56 -28 -23
56 -29 -38
56 -30 -8
56 -30 -24
56 -30 -41
56 -32 -4
56 -32 -8
56 -34 -6
56 -34 -17
56 -35 -24
56 -35 -43
56 -37 0
56 -37 -1
56 -37 -3
56 -37 -7
56 -37 -43
56 -38 -4
56 -38 -11
56 -38 -24
56 -39 -7
56 -39 -22
56 -39 -37
56 -40 -4
56 -41 -15
56 -42 -29
56 -42 -31
56 -43 -26
56 -44 -16
56 -44 -23
56 -44 -27
56 -44 -29
56 -45 -11
56 -46 -9
56 -46 -10
56 -47 -19
57 0 -14
57 0 -22
57 -1 -4
57 -1 -46
57 -2 0
57 -3 -5
57 -3 -28
57 -3 -35
57 -4 -33
57 -4 -43
57 -5 -17
57 -5 -36
57 -5 -40
57 -6 -6
57 -6 -32
57 -7 -11
57 -7 -12
57 -7 -20
57 -7 -35
57 -7 -39
57 -8 -1
57 -8 -6
57 -8 -28
57 -9 -17
57 -9 -22
57 -9 -25
57 -9 -37
57 -11 -19
57 -11 -33
57 -12 -39
57 -13 0
57 -13 -2
57 -13 -31
57 -14 -39
57 -16 -28
57 -16 -46
57 -17 -9
57 -17 -14
57 -18 -9
57 -18 -15
57 -18 -19
57 -19 -36
57 -20 -15
57 -20 -22
57 -21 -2
57 -21 -35
57 -22 -45
57 -23 -29
57 -23 -30
57 -24 -5
57 -24 -8
57 -24 -21
57 -24 -34
57 -27 -5
57 -27 -15
57 -28 -12
57 -28 -23
57 -29 -38
57 -30 -8
57 -30 -24
57 -30 -41
57 -32 -4
57 -32 -8
57 -34 -6
57 -34 -17
57 -35 -24
57 -35 -43
57 -37 0
57 -37 -1
57 -37 -3
57 -37 -7
57 -37 -43
57 -38 -4
57 -38 -11
57 -38 -24
57 -39 -7
57 -39 -22
57 -39 -37
57 -40 -4
57 -41 -15
57 -42 -29
57 -42 -31
57 -43 -26
57 -44 -16
57 -44 -23
57 -44 -27
57 -44 -29
57 -45 -11
57 -46 -9
57 -46 -10
57 -47 -19
58 0 -14
58 0 -22
58 -1 -4
58 -1 -46
58 -2 0
58 -3 -5
58 -3 -28
58 -3 -35
58 -4 -33
58 -4 -43
58 -5 -17
58 -5 -36
58 -5 -40
58 -6 -6
58 -6 -32
58 -7 -11
58 -7 -12
58 -7 -20
58 -7 -35
58 -7 -39
58 -8 -1
58 -8 -6
58 -8 -28
58 -9 -17
58 -9 -22
58 -9 -25
58 -9 -37
58 -11 -19
58 -11 -33
58 -12 -39
58 -13 0
58 -13 -2
58 -13 -31
58 -14 -39
58 -16 -28
58 -16 -46
58 -17 -9
58 -17 -14
58 -18 -9
58 -18 -15
58 -18 -19
58 -19 -36
58 -20 -15
58 -20 -22
58 -21 -2
58 -21 -35
58 -22 -45
58 -23 -29
58 -23 -30
58 -24 -5
58 -24 -8
58 -24 -21
58 -24 -34
58 -27 -5
58 -27 -15
58 -28 -12
58 -28 -23
58 -29 -38
58 -30 -8
58 -30 -24
58 -30 -41
58 -32 -4
58 -32 -8
58 -34 -6
58 -34 -17
58 -35 -24
58 -35 -43
58 -37 0
58 -37 -1
58 -37 -3
58 -37 -7
58 -37 -43
58 -38 -4
58 -38 -11
58 -38 -24
58 -39 -7
58 -39 -22
58 -39 -37
58 -40 -4
58 -41 -15
58 -42 -29
58 -42 -31
58 -43 -26
58 -44 -16
58 -44 -23
58 -44 -27
58 -44 -29
58 -45 -11
58 -46 -9
58 -46 -10
58 -47 -19
59 0 -14
59 0 -22
59 -1 -4
59 -1 -46
59 -2 0
59 -3 -5
59 -3 -28
59 -3 -35
59 -4 -33
59 -4 -43
59 -5 -17
59 -5 -36
59 -5 -40
59 -6 -6
59 -6 -32
59 -7 -11
59 -7 -12
59 -7 -20
59 -7 -35
59 -7 -39
59 -8 -1
59 -8 -6
59 -8 -28
59 -9 -17
59 -9 -22
59 -9 -25
59 -9 -37
59 -11 -19
59 -11 -33
59 -12 -39
59 -13 0
59 -13 -2
59 -13 -31
59 -14 -39
59 -16 -28
59 -16 -46
59 -17 -9
59 -17 -14
59 -18 -9
59 -18 -15
59 -18 -19
59 -19 -36
59 -20 -15
59 -20 -22
59 -21 -2
59 -21 -35
59 -22 -45
59 -23 -29
59 -23 -30
59 -24 -5
59 -24 -8
59 -24 -21
59 -24 -34
59 -27 -5
59 -27 -15
59 -28 -12
59 -28 -23
59 -29 -38
59 -30 -8
59 -30 -24
59 -30 -41
59 -32 -4
59 -32 -8
59 -34 -6
59 -34 -17
59 -35 -24
59 -35 -43
59 -37 0
59 -37 -1
59 -37 -3
59 -37 -7
59 -37 -43
59 -38 -4
59 -38 -11
59 -38 -24
59 -39 -7
59 -39 -22
59 -39 -37
59 -40 -4
59 -41 -15
59 -42 -29
59 -42 -31
59 -43 -26
59 -44 -16
59 -44 -23
59 -44 -27
59 -44 -29
59 -45 -11
59 -46 -9
59 -46 -10
59 -47 -19
60 0 -14
60 0 -22
60 -1 -4
60 -1 -46
60 -2 0
60 -3 -5
60 -3 -28
60 -3 -35
60 -4 -33
60 -4 -43
60 -5 -17
60 -5 -36
60 -5 -40
60 -6 -6
60 -6 -32
60 -7 -11
60 -7 -12
60 -7 -20
60 -7 -35
60 -7 -39
60 -8 -1
60 -8 -6
60 -8 -28
60 -9 -17
60 -9 -22
60 -9 -25
60 -9 -37
60 -11 -19
60 -11 -33
60 -12 -39
60 -13 0
60 -13 -2
60 -13 -31
60 -14 -39
60 -16 -28
60 -16 -46
60 -17 -9
60 -17 -14
60 -18 -9
60 -18 -15
60 -18 -19
60 -19 -36
60 -20 -15
60 -20 -22
60 -21 -2
60 -21 -35
60 -22 -45
60 -23 -29
60 -23 -30
60 -24 -5
60 -24 -8
60 -24 -21
60 -24 -34
60 -27 -5
60 -27 -15
60 -28 -12
60 -28 -23
60 -29 -38
60 -30 -8
60 -30 -24
60 -30 -41
60 -32 -4
60 -32 -8
60 -34 -6
60 -34 -17
60 -35 -24
60 -35 -43
60 -37 0
60 -37 -1
60 -37 -3
60 -37 -7
60 -37 -43
60 -38 -4
60 -38 -11
60 -38 -24
60 -39 -7
60 -39 -22
60 -39 -37
60 -40 -4
60 -41 -15
60 -42 -29
60 -42 -31
60 -43 -26
60 -44 -16
60 -44 -23
60 -44 -27
60 -44 -29
60 -45 -11
60 -46 -9
60 -46 -10
60 -47 -19
61 0 -14
61 0 -22
61 -1 -4
61 -1 -46
61 -2 0
61 -3 -5
61 -3 -28
61 -3 -35
61 -4 -33
61 -4 -43
61 -5 -17
61 -5 -36
61 -5 -40
61 -6 -6
61 -6 -32
61 -7 -11
61 -7 -12
61 -7 -20
61 -7 -35
61 -7 -39
61 -8 -1
61 -8 -6
61 -8 -28
61 -9 -17
61 -9 -22
61 -9 -25
61 -9 -37
61 -11 -19
61 -11 -33
61 -12 -39
61 -13 0
61 -13 -2
61 -13 -31
61 -14 -39
61 -16 -28
61 -16 -46
61 -17 -9
61 -17 -14
61 -18 -9
61 -18 -15
61 -18 -19
61 -19 -36
61 -20 -15
61 -20 -22
61 -21 -2
61 -21 -35
61 -22 -45
61 -23 -29
61 -23 -30
61 -24 -5
61 -24 -8
61 -24 -21
61 -24 -34
61 -27 -5
61 -27 -15
61 -28 -12
61 -28 -23
61 -29 -38
61 -30 -8
61 -30 -24
61 -30 -41
61 -32 -4
61 -32 -8
61 -34 -6
61 -34 -17
61 -35 -24
61 -35 -43
61 -37 0
61 -37 -1
61 -37 -3
61 -37 -7
61 -37 -43
61 -38 -4
61 -38 -11
61 -38 -24
61 -39 -7
61 -39 -22
61 -39 -37
61 -40 -4
61 -41 -15
61 -42 -29
61 -42 -31
61 -43 -26
61 -44 -16
61 -44 -23
61 -44 -27
61 -44 -29
61 -45 -11
61 -46 -9
61 -46 -10
61 -47 -19
62 0 -14
62 0 -22
62 -1 -4
62 -1 -46
62 -2 0
62 -3 -5
62 -3 -28
62 -3 -35
62 -4 -33
62 -4 -43
62 -5 -17
62 -5 -36
62 -5 -40
62 -6 -6
62 -6 -32
62 -7 -11
62 -7 -12
62 -7 -20
62 -7 -35
62 -7 -39
62 -8 -1
62 -8 -6
62 -8 -28
62 -9 -17
62 -9 -22
62 -9 -25
62 -9 -37
62 -11 -19
62 -11 -33
62 -12 -39
62 -13 0
62 -13 -2
62 -13 -31
62 -14 -39
62 -16 -28
62 -16 -46
62 -17 -9
62 -17 -14
62 -18 -9
62 -18 -15
62 -18 -19
62 -19 -36
62 -20 -15
62 -20 -22
62 -21 -2
62 -21 -35
62 -22 -45
62 -23 -29
62 -23 -30
62 -24 -5
62 -24 -8
62 -24 -21
62 -24 -34
62 -27 -5
62 -27 -15
62 -28 -12
62 -28 -23
62 -29 -38
62 -30 -8
62 -30 -24
62 -30 -41
62 -32 -4
62 -32 -8
62 -34 -6
62 -34 -17
62 -35 -24
62 -35 -43
62 -37 0
62 -37 -1
62 -37 -3
62 -37 -7
62 -37 -43
62 -38 -4
62 -38 -11
62 -38 -24
62 -39 -7
62 -39 -22
62 -39 -37
62 -40 -4
62 -41 -15
62 -42 -29
62 -42 -31
62 -43 -26
62 -44 -16
62 -44 -23
62 -44 -27
62 -44 -29
62 -45 -11
62 -46 -9
62 -46 -10
62 -47 -19
63 0 -14
63 0 -22
63 -1 -4
63 -1 -46
63 -2 0
63 -3 -5
63 -3 -28
63 -3 -35
63 -4 -33
63 -4 -43
63 -5 -17
63 -5 -36
63 -5 -40
63 -6 -6
63 -6 -32
63 -7 -11
63 -7 -12
63 -7 -20
63 -7 -35
63 -7 -39
63 -8 -1
63 -8 -6
63 -8 -28
63 -9 -17
63 -9 -22
63 -9 -25
63 -9 -37
63 -11 -19
63 -11 -33
63 -12 -39
63 -13 0
63 -13 -2
63 -13 -31
63 -14 -39
63 -16 -28
63 -16 -46
63 -17 -9
63 -17 -14
63 -18 -9
63 -18 -15
63 -18 -19
63 -19 -36
63 -20 -15
63 -20 -22
63 -21 -2
63 -21 -35
63 -22 -45
63 -23 -29
63 -23 -30
63 -24 -5
63 -24 -8
63 -24 -21
63 -24 -34
63 -27 -5
63 -27 -15
63 -28 -12
63 -28 -23
63 -29 -38
63 -30 -8
63 -30 -24
63 -30 -41
63 -32 -4
63 -32 -8
63 -34 -6
63 -34 -17
63 -35 -24
63 -35 -43
63 -37 0
63 -37 -1
63 -37 -3
63 -37 -7
63 -37 -43
63 -38 -4
63 -38 -11
63 -38 -24
63 -39 -7
63 -39 -22
63 -39 -37
63 -40 -4
63 -41 -15
63 -42 -29
63 -42 -31
63 -43 -26
63 -44 -16
63 -44 -23
63 -44 -27
63 -44 -29
63 -45 -11
63 -46 -9
63 -46 -10
63 -47 -19
64 0 -14
64 0 -22
64 -1 -4
64 -1 -46
64 -2 0
64 -3 -5
64 -3 -28
64 -3 -35
64 -4 -33
64 -4 -43
64 -5 -17
64 -5 -36
64 -5 -40
64 -6 -6
64 -6 -32
64 -7 -11
64 -7 -12
64 -7 -20
64 -7 -35
64 -7 -39
64 -8 -1
64 -8 -6
64 -8 -28
64 -9 -17
64 -9 -22
64 -9 -25
64 -9 -37
64 -11 -19
64 -11 -33
64 -12 -39
64 -13 0
64 -13 -2
64 -13 -31
64 -14 -39
64 -16 -28
64 -16 -46
64 -17 -9
64 -17 -14
64 -18 -9
64 -18 -15
64 -18 -19
64 -19 -36
64 -20 -15
64 -20 -22
64 -21 -2
64 -21 -35
64 -22 -45
64 -23 -29
64 -23 -30
64 -24 -5
64 -24 -8
64 -24 -21
64 -24 -34
64 -27 -5
64 -27 -15
64 -28 -12
64 -28 -23
64 -29 -38
64 -30 -8
64 -30 -24
64 -30 -41
64 -32 -4
64 -32 -8
64 -34 -6
64 -34 -17
64 -35 -24
64 -35 -43
64 -37 0
64 -37 -1
64 -37 -3
64 -37 -7
64 -37 -43
64 -38 -4
64 -38 -11
64 -38 -24
64 -39 -7
64 -39 -22
64 -39 -37
64 -40 -4
64 -41 -15
64 -42 -29
64 -42 -31
64 -43 -26
64 -44 -16
64 -44 -23
64 -44 -27
64 -44 -29
64 -45 -11
64 -46 -9
64 -46 -10
64 -47 -19
65 0 -14
65 0 -22
65 -1 -4
65 -1 -46
65 -2 0
65 -3 -5
65 -3 -28
65 -3 -35
65 -4 -33
65 -4 -43
65 -5 -17
65 -5 -36
65 -5 -40
65 -6 -6
65 -6 -32
65 -7 -11
65 -7 -12
65 -7 -20
65 -7 -35
65 -7 -39
65 -8 -1
65 -8 -6
65 -8 -28
65 -9 -17
65 -9 -22
65 -9 -25
65 -9 -37
65 -11 -19
65 -11 -33
65 -12 -39
65 -13 0
65 -13 -2
65 -13 -31
65 -14 -39
65 -16 -28
65 -16 -46
65 -17 -9
65 -17 -14
65 -18 -9
65 -18 -15
65 -18 -19
65 -19 -36
65 -20 -15
65 -20 -22
65 -21 -2
65 -21 -35
65 -22 -45
65 -23 -29
65 -23 -30
65 -24 -5
65 -24 -8
65 -24 -21
65 -24 -34
65 -27 -5
65 -27 -15
65 -28 -12
65 -28 -23
65 -29 -38
65 -30 -8
65 -30 -24
65 -30 -41
65 -32 -4
65 -32 -8
65 -34 -6
65 -34 -17
65 -35 -24
65 -35 -43
65 -37 0
65 -37 -1
65 -37 -3
65 -37 -7
65 -37 -43
65 -38 -4
65 -38 -11
65 -38 -24
65 -39 -7
65 -39 -22
65 -39 -37
65 -40 -4
65 -41 -15
65 -42 -29
65 -42 -31
65 -43 -26
65 -44 -16
65 -44 -23
65 -44 -27
65 -44 -29
65 -45 -11
65 -46 -9
65 -46 -10
65 -47 -19
66 0 -14
66 0 -22
66 -1 -4
66 -1 -46
66 -2 0
66 -3 -5
66 -3 -28
66 -3 -35
66 -4 -33
66 -4 -43
66 -5 -17
66 -5 -36
66 -5 -40
66 -6 -6
66 -6 -32
66 -7 -11
66 -7 -12
66 -7 -20
66 -7 -35
66 -7 -39
66 -8 -1
66 -8 -6
66 -8 -28
66 -9 -17
66 -9 -22
66 -9 -25
66 -9 -37
66 -11 -19
66 -11 -33
66 -12 -39
66 -13 0
66 -13 -2
66 -13 -31
66 -14 -39
66 -16 -28
66 -16 -46
66 -17 -9
66 -17 -14
66 -18 -9
66 -18 -15
66 -18 -19
66 -19 -36
66 -20 -15
66 -20 -22
66 -21 -2
66 -21 -35
66 -22 -45
66 -23 -29
66 -23 -30
66 -24 -5
66 -24 -8
66 -24 -21
66 -24 -34
66 -27 -5
66 -27 -15
66 -28 -12
66 -28 -23
66 -29 -38
66 -30 -8
66 -30 -24
66 -30 -41
66 -32 -4
66 -32 -8
66 -34 -6
66 -34 -17
66 -35 -24
66 -35 -43
66 -37 0
66 -37 -1
66 -37 -3
66 -37 -7
66 -37 -43
66 -38 -4
66 -38 -11
66 -38 -24
66 -39 -7
66 -39 -22
66 -39 -37
66 -40 -4
66 -41 -15
66 -42 -29
66 -42 -31
66 -43 -26
66 -44 -16
66 -44 -23
66 -44 -27
66 -44 -29
66 -45 -11
66 -46 -9
66 -46 -10
66 -47 -19
67 0 -14
67 0 -22
67 -1 -4
67 -1 -46
67 -2 0
67 -3 -5
67 -3 -28
67 -3 -35
67 -4 -33
67 -4 -43
67 -5 -17
67 -5 -36
67 -5 -40
67 -6 -6
67 -6 -32
67 -7 -11
67 -7 -12
67 -7 -20
67 -7 -35
67 -7 -39
67 -8 -1
67 -8 -6
67 -8 -28
67 -9 -17
67 -9 -22
67 -9 -25
67 -9 -37
67 -11 -19
67 -11 -33
67 -12 -39
67 -13 0
67 -13 -2
67 -13 -31
67 -14 -39
67 -16 -28
67 -16 -46
67 -17 -9
67 -17 -14
67 -18 -9
67 -18 -15
67 -18 -19
67 -19 -36
67 -20 -15
67 -20 -22
67 -21 -2
67 -21 -35
67 -22 -45
67 -23 -29
67 -23 -30
67 -24 -5
67 -24 -8
67 -24 -21
67 -24 -34
67 -27 -5
67 -27 -15
67 -28 -12
67 -28 -23
67 -29 -38
67 -30 -8
67 -30 -24
67 -30 -41
67 -32 -4
67 -32 -8
67 -34 -6
67 -34 -17
67 -35 -24
67 -35 -43
67 -37 0
67 -37 -1
67 -37 -3
67 -37 -7
67 -37 -43
67 -38 -4
67 -38 -11
67 -38 -24
67 -39 -7
67 -39 -22
67 -39 -37
67 -40 -4
67 -41 -15
67 -42 -29
67 -42 -31
67 -43 -26
67 -44 -16
67 -44 -23
67 -44 -27
67 -44 -29
67 -45 -11
67 -46 -9
67 -46 -10
67 -47 -19
68 0 -14
68 0 -22
68 -1 -4
68 -1 -46
68 -2 0
68 -3 -5
68 -3 -28
68 -3 -35
68 -4 -33
68 -4 -43
68 -5 -17
68 -5 -36
68 -5 -40
68 -6 -6
68 -6 -32
68 -7 -11
68 -7 -12
68 -7 -20
68 -7 -35
68 -7 -39
68 -8 -1
68 -8 -6
68 -8 -28
68 -9 -17
68 -9 -22
68 -9 -25
68 -9 -37
68 -11 -19
68 -11 -33
68 -12 -39
68 -13 0
68 -13 -2
68 -13 -31
68 -14 -39
68 -16 -28
68 -16 -46
68 -17 -9
68 -17 -14
68 -18 -9
68 -18 -15
68 -18 -19
68 -19 -36
68 -20 -15
68 -20 -22
68 -21 -2
68 -21 -35
68 -22 -45
68 -23 -29
68 -23 -30
68 -24 -5
68 -24 -8
68 -24 -21
68 -24 -34
68 -27 -5
68 -27 -15
68 -28 -12
68 -28 -23
68 -29 -38
68 -30 -8
68 -30 -24
68 -30 -41
68 -32 -4
68 -32 -8
68 -34 -6
68 -34 -17
68 -35 -24
68 -35 -43
68 -37 0
68 -37 -1
68 -37 -3
68 -37 -7
68 -37 -43
68 -38 -4
68 -38 -11
68 -38 -24
68 -39 -7
68 -39 -22
68 -39 -37
68 -40 -4
68 -41 -15
68 -42 -29
68 -42 -31
68 -43 -26
68 -44 -16
68 -44 -23
68 -44 -27
68 -44 -29
68 -45 -11
68 -46 -9
68 -46 -10
68 -47 -19
69 0 -14
69 0 -22
69 -1 -4
69 -1 -46
69 -2 0
69 -3 -5
69 -3 -28
69 -3 -35
69 -4 -33
69 -4 -43
69 -5 -17
69 -5 -36
69 -5 -40
69 -6 -6
69 -6 -32
69 -7 -11
69 -7 -12
69 -7 -20
69 -7 -35
69 -7 -39
69 -8 -1
69 -8 -6
69 -8 -28
69 -9 -17
69 -9 -22
69 -9 -25
69 -9 -37
69 -11 -19
69 -11 -33
69 -12 -39
69 -13 0
69 -13 -2
69 -13 -31
69 -14 -39
69 -16 -28
69 -16 -46
69 -17 -9
69 -17 -14
69 -18 -9
69 -18 -15
69 -18 -19
69 -19 -36
69 -20 -15
69 -20 -22
69 -21 -2
69 -21 -35
69 -22 -45
69 -23 -29
69 -23 -30
69 -24 -5
69 -24 -8
69 -24 -21
69 -24 -34
69 -27 -5
69 -27 -15
69 -28 -12
69 -28 -23
69 -29 -38
69 -30 -8
69 -30 -24
69 -30 -41
69 -32 -4
69 -32 -8
69 -34 -6
69 -34 -17
69 -35 -24
69 -35 -43
69 -37 0
69 -37 -1
69 -37 -3
69 -37 -7
69 -37 -43
69 -38 -4
69 -38 -11
69 -38 -24
69 -39 -7
69 -39 -22
69 -39 -37
69 -40 -4
69 -41 -15
69 -42 -29
69 -42 -31
69 -43 -26
69 -44 -16
69 -44 -23
69 -44 -27
69 -44 -29
69 -45 -11
69 -46 -9
69 -46 -10
69 -47 -19
70 0 -14
70 0 -22
70 -1 -4
70 -1 -46
70 -2 0
70 -3 -5
70 -3 -28
70 -3 -35
70 -4 -33
70 -4 -43
70 -5 -17
70 -5 -36
70 -5 -40
70 -6 -6
70 -6 -32
70 -7 -11
70 -7 -12
70 -7 -20
70 -7 -35
70 -7 -39
70 -8 -1
70 -8 -6
70 -8 -28
70 -9 -17
70 -9 -22
70 -9 -25
70 -9 -37
70 -11 -19
70 -11 -33
70 -12 -39
70 -13 0
70 -13 -2
70 -13 -31
70 -14 -39
70 -16 -28
70 -16 -46
70 -17 -9
70 -17 -14
70 -18 -9
70 -18 -15
70 -18 -19
70 -19 -36
70 -20 -15
70 -20 -22
70 -21 -2
70 -21 -35
70 -22 -45
70 -23 -29
70 -23 -30
70 -24 -5
70 -24 -8
70 -24 -21
70 -24 -34
70 -27 -5
70 -27 -15
70 -28 -12
70 -28 -23
70 -29 -38
70 -30 -8
70 -30 -24
70 -30 -41
70 -32 -4
70 -32 -8
70 -34 -6
70 -34 -17
70 -35 -24
70 -35 -43
70 -37 0
70 -37 -1
70 -37 -3
70 -37 -7
70 -37 -43
70 -38 -4
70 -38 -11
70 -38 -24
70 -39 -7
70 -39 -22
70 -39 -37
70 -40 -4
70 -41 -15
70 -42 -29
70 -42 -31
70 -43 -26
70 -44 -16
70 -44 -23
70 -44 -27
70 -44 -29
70 -45 -11
70 -46 -9
70 -46 -10
70 -47 -19
71 0 -14
71 0 -22
71 -1 -4
71 -1 -46
71 -2 0
71 -3 -5
71 -3 -28
71 -3 -35
71 -4 -33
71 -4 -43
71 -5 -17
71 -5 -36
71 -5 -40
71 -6 -6
71 -6 -32
71 -7 -11
71 -7 -12
71 -7 -20
71 -7 -35
71 -7 -39
71 -8 -1
71 -8 -6
71 -8 -28
71 -9 -17
71 -9 -22
71 -9 -25
71 -9 -37
71 -11 -19
71 -11 -33
71 -12 -39
71 -13 0
71 -13 -2
71 -13 -31
71 -14 -39
71 -16 -28
71 -16 -46
71 -17 -9
71 -17 -14
71 -18 -9
71 -18 -15
71 -18 -19
71 -19 -36
71 -20 -15
71 -20 -22
71 -21 -2
71 -21 -35
71 -22 -45
71 -23 -29
71 -23 -30
71 -24 -5
71 -24 -8
71 -24 -21
71 -24 -34
71 -27 -5
71 -27 -15
71 -28 -12
71 -28 -23
71 -29 -38
71 -30 -8
71 -30 -24
71 -30 -41
71 -32 -4
71 -32 -8
71 -34 -6
71 -34 -17
71 -35 -24
71 -35 -43
71 -37 0
71 -37 -1
71 -37 -3
71 -37 -7
71 -37 -43
71 -38 -4
71 -38 -11
71 -38 -24
71 -39 -7
71 -39 -22
71 -39 -37
71 -40 -4
71 -41 -15
71 -42 -29
71 -42 -31
71 -43 -26
71 -44 -16
71 -44 -23
71 -44 -27
71 -44 -29
71 -45 -11
71 -46 -9
71 -46 -10
71 -47 -19
72 0 -14
72 0 -22
72 -1 -4
72 -1 -46
72 -2 0
72 -3 -5
72 -3 -28
72 -3 -35
72 -4 -33
72 -4 -43
72 -5 -17
72 -5 -36
72 -5 -40
72 -6 -6
72 -6 -32
72 -7 -11
72 -7 -12
72 -7 -20
72 -7 -35
72 -7 -39
72 -8 -1
72 -8 -6
72 -8 -28
72 -9 -17
72 -9 -22
72 -9 -25
72 -9 -37
72 -11 -19
72 -11 -33
72 -12 -39
72 -13 0
72 -13 -2
72 -13 -31
72 -14 -39
72 -16 -28
72 -16 -46
72 -17 -9
72 -17 -14
72 -18 -9
72 -18 -15
72 -18 -19
72 -19 -36
72 -20 -15
72 -20 -22
72 -21 -2
72 -21 -35
72 -22 -45
72 -23 -29
72 -23 -30
72 -24 -5
72 -24 -8
72 -24 -21
72 -24 -34
72 -27 -5
72 -27 -15
72 -28 -12
72 -28 -23
72 -29 -38
72 -30 -8
72 -30 -24
72 -30 -41
72 -32 -4
72 -32 -8
72 -34 -6
72 -34 -17
72 -35 -24
72 -35 -43
72 -37 0
72 -37 -1
72 -37 -3
72 -37 -7
72 -37 -43
72 -38 -4
72 -38 -11
72 -38 -24
72 -39 -7
72 -39 -22
72 -39 -37
72 -40 -4
72 -41 -15
72 -42 -29
72 -42 -31
72 -43 -26
72 -44 -16
72 -44 -23
72 -44 -27
72 -44 -29
72 -45 -11
72 -46 -9
72 -46 -10
72 -47 -19
73 0 -14
73 0 -22
73 -1 -4
73 -1 -46
73 -2 0
73 -3 -5
73 -3 -28
73 -3 -35
73 -4 -33
73 -4 -43
73 -5 -17
73 -5 -36
73 -5 -40
73 -6 -6
73 -6 -32
73 -7 -11
73 -7 -12
73 -7 -20
73 -7 -35
73 -7 -39
73 -8 -1
73 -8 -6
73 -8 -28
73 -9 -17
73 -9 -22
73 -9 -25
73 -9 -37
73 -11 -19
73 -11 -33
73 -12 -39
73 -13 0
73 -13 -2
73 -13 -31
73 -14 -39
73 -16 -28
73 -16 -46
73 -17 -9
73 -17 -14
73 -18 -9
73 -18 -15
73 -18 -19
73 -19 -36
73 -20 -15
73 -20 -22
73 -21 -2
73 -21 -35
73 -22 -45
73 -23 -29
73 -23 -30
73 -24 -5
73 -24 -8
73 -24 -21
73 -24 -34
73 -27 -5
73 -27 -15
73 -28 -12
73 -28 -23
73 -29 -38
73 -30 -8
73 -30 -24
73 -30 -41
73 -32 -4
73 -32 -8
73 -34 -6
73 -34 -17
73 -35 -24
73 -35 -43
73 -37 0
73 -37 -1
73 -37 -3
73 -37 -7
73 -37 -43
73 -38 -4
73 -38 -11
73 -38 -24
73 -39 -7
73 -39 -22
73 -39 -37
73 -40 -4
73 -41 -15
73 -42 -29
73 -42 -31
73 -43 -26
73 -44 -16
73 -44 -23
73 -44 -27
73 -44 -29
73 -45 -11
73 -46 -9
73 -46 -10
73 -47 -19
74 0 -14
74 0 -22
74 -1 -4
74 -1 -46
74 -2 0
74 -3 -5
74 -3 -28
74 -3 -35
74 -4 -33
74 -4 -43
74 -5 -17
74 -5 -36
74 -5 -40
74 -6 -6
74 -6 -32
74 -7 -11
74 -7 -12
74 -7 -20
74 -7 -35
74 -7 -39
74 -8 -1
74 -8 -6
74 -8 -28
74 -9 -17
74 -9 -22
74 -9 -25
74 -9 -37
74 -11 -19
74 -11 -33
74 -12 -39
74 -13 0
74 -13 -2
74 -13 -31
74 -14 -39
74 -16 -28
74 -16 -46
74 -17 -9
74 -17 -14
74 -18 -9
74 -18 -15
74 -18 -19
74 -19 -36
74 -20 -15
74 -20 -22
74 -21 -2
74 -21 -35
74 -22 -45
74 -23 -29
74 -23 -30
74 -24 -5
74 -24 -8
74 -24 -21
74 -24 -34
74 -27 -5
74 -27 -15
74 -28 -12
74 -28 -23
74 -29 -38
74 -30 -8
74 -30 -24
74 -30 -41
74 -32 -4
74 -32 -8
74 -34 -6
74 -34 -17
74 -35 -24
74 -35 -43
74 -37 0
74 -37 -1
74 -37 -3
74 -37 -7
74 -37 -43
74 -38 -4
74 -38 -11
74 -38 -24
74 -39 -7
74 -39 -22
74 -39 -37
74 -40 -4
74 -41 -15
74 -42 -29
74 -42 -31
74 -43 -26
74 -44 -16
74 -44 -23
74 -44 -27
74 -44 -29
74 -45 -11
74 -46 -9
74 -46 -10
74 -47 -19
75 0 -14
75 0 -22
75 -1 -4
75 -1 -46
75 -2 0
75 -3 -5
75 -3 -28
75 -3 -35
75 -4 -33
75 -4 -43
75 -5 -17
75 -5 -36
75 -5 -40
75 -6 -6
75 -6 -32
75 -7 -11
75 -7 -12
75 -7 -20
75 -7 -35
75 -7 -39
75 -8 -1
75 -8 -6
75 -8 -28
75 -9 -17
75 -9 -22
75 -9 -25
75 -9 -37
75 -11 -19
75 -11 -33
75 -12 -39
75 -13 0
75 -13 -2
75 -13 -31
75 -14 -39
75 -16 -28
75 -16 -46
75 -17 -9
75 -17 -14
75 -18 -9
75 -18 -15
75 -18 -19
75 -19 -36
75 -20 -15
75 -20 -22
75 -21 -2
75 -21 -35
75 -22 -45
75 -23 -29
75 -23 -30
75 -24 -5
75 -24 -8
75 -24 -21
75 -24 -34
75 -27 -5
75 -27 -15
75 -28 -12
75 -28 -23
75 -29 -38
75 -30 -8
75 -30 -24
75 -30 -41
75 -32 -4
75 -32 -8
75 -34 -6
75 -34 -17
75 -35 -24
75 -35 -43
75 -37 0
75 -37 -1
75 -37 -3
75 -37 -7
75 -37 -43
75 -38 -4
75 -38 -11
75 -38 -24
75 -39 -7
75 -39 -22
75 -39 -37
75 -40 -4
75 -41 -15
75 -42 -29
75 -42 -31
75 -43 -26
75 -44 -16
75 -44 -23
75 -44 -27
75 -44 -29
75 -45 -11
75 -46 -9
75 -46 -10
75 -47 -19
76 0 -14
76 0 -22
76 -1 -4
76 -1 -46
76 -2 0
76 -3 -5
76 -3 -28
76 -3 -35
76 -4 -33
76 -4 -43
76 -5 -17
76 -5 -36
76 -5 -40
76 -6 -6
76 -6 -32
76 -7 -11
76 -7 -12
76 -7 -20
76 -7 -35
76 -7 -39
76 -8 -1
76 -8 -6
76 -8 -28
76 -9 -17
76 -9 -22
76 -9 -25
76 -9 -37
76 -11 -19
76 -11 -33
76 -12 -39
76 -13 0
76 -13 -2
76 -13 -31
76 -14 -39
76 -16 -28
76 -16 -46
76 -17 -9
76 -17 -14
76 -18 -9
76 -18 -15
76 -18 -19
76 -19 -36
76 -20 -15
76 -20 -22
76 -21 -2
76 -21 -35
76 -22 -45
76 -23 -29
76 -23 -30
76 -24 -5
76 -24 -8
76 -24 -21
76 -24 -34
76 -27 -5
76 -27 -15
76 -28 -12
76 -28 -23
76 -29 -38
76 -30 -8
76 -30 -24
76 -30 -41
76 -32 -4
76 -32 -8
76 -34 -6
76 -34 -17
76 -35 -24
76 -35 -43
76 -37 0
76 -37 -1
76 -37 -3
76 -37 -7
76 -37 -43
76 -38 -4
76 -38 -11
76 -38 -24
76 -39 -7
76 -39 -22
76 -39 -37
76 -40 -4
76 -41 -15
76 -42 -29
76 -42 -31
76 -43 -26
76 -44 -16
76 -44 -23
76 -44 -27
76 -44 -29
76 -45 -11
76 -46 -9
76 -46 -10
76 -47 -19
77 0 -14
77 0 -22
77 -1 -4
77 -1 -46
77 -2 0
77 -3 -5
77 -3 -28
77 -3 -35
77 -4 -33
77 -4 -43
77 -5 -17
77 -5 -36
77 -5 -40
77 -6 -6
77 -6 -32
77 -7 -11
77 -7 -12
77 -7 -20
77 -7 -35
77 -7 -39
77 -8 -1
77 -8 -6
77 -8 -28
77 -9 -17
77 -9 -22
77 -9 -25
77 -9 -37
77 -11 -19
77 -11 -33
77 -12 -39
77 -13 0
77 -13 -2
77 -13 -31
77 -14 -39
77 -16 -28
77 -16 -46
77 -17 -9
77 -17 -14
77 -18 -9
77 -18 -15
77 -18 -19
77 -19 -36
77 -20 -15
77 -20 -22
77 -21 -2
77 -21 -35
77 -22 -45
77 -23 -29
77 -23 -30
77 -24 -5
77 -24 -8
77 -24 -21
77 -24 -34
77 -27 -5
77 -27 -15
77 -28 -12
77 -28 -23
77 -29 -38
77 -30 -8
77 -30 -24
77 -30 -41
77 -32 -4
77 -32 -8
77 -34 -6
77 -34 -17
77 -35 -24
77 -35 -43
77 -37 0
77 -37 -1
77 -37 -3
77 -37 -7
77 -37 -43
77 -38 -4
77 -38 -11
77 -38 -24
77 -39 -7
77 -39 -22
77 -39 -37
77 -40 -4
77 -41 -15
77 -42 -29
77 -42 -31
77 -43 -26
77 -44 -16
77 -44 -23
77 -44 -27
77 -44 -29
77 -45 -11
77 -46 -9
77 -46 -10
77 -47 -19
78 0 -14
78 0 -22
78 -1 -4
78 -1 -46
78 -2 0
78 -3 -5
78 -3 -28
78 -3 -35
78 -4 -33
78 -4 -43
78 -5 -17
78 -5 -36
78 -5 -40
78 -6 -6
78 -6 -32
78 -7 -11
78 -7 -12
78 -7 -20
78 -7 -35
78 -7 -39
78 -8 -1
78 -8 -6
78 -8 -28
78 -9 -17
78 -9 -22
78 -9 -25
78 -9 -37
78 -11 -19
78 -11 -33
78 -12 -39
78 -13 0
78 -13 -2
78 -13 -31
78 -14 -39
78 -16 -28
78 -16 -46
78 -17 -9
78 -17 -14
78 -18 -9
78 -18 -15
78 -18 -19
78 -19 -36
78 -20 -15
78 -20 -22
78 -21 -2
78 -21 -35
78 -22 -45
78 -23 -29
78 -23 -30
78 -24 -5
78 -24 -8
78 -24 -21
78 -24 -34
78 -27 -5
78 -27 -15
78 -28 -12
78 -28 -23
78 -29 -38
78 -30 -8
78 -30 -24
78 -30 -41
78 -32 -4
78 -32 -8
78 -34 -6
78 -34 -17
78 -35 -24
78 -35 -43
78 -37 0
78 -37 -1
78 -37 -3
78 -37 -7
78 -37 -43
78 -38 -4
78 -38 -11
78 -38 -24
78 -39 -7
78 -39 -22
78 -39 -37
78 -40 -4
78 -41 -15
78 -42 -29
78 -42 -31
78 -43 -26
78 -44 -16
78 -44 -23
78 -44 -27
78 -44 -29
78 -45 -11
78 -46 -9
78 -46 -10
78 -47 -19
79 0 -14
79 0 -22
79 -1 -4
79 -1 -46
79 -2 0
79 -3 -5
79 -3 -28
79 -3 -35
79 -4 -33
79 -4 -43
79 -5 -17
79 -5 -36
79 -5 -40
79 -6 -6
79 -6 -32
79 -7 -11
79 -7 -12
79 -7 -20
79 -7 -35
79 -7 -39
79 -8 -1
79 -8 -6
79 -8 -28
79 -9 -17
79 -9 -22
79 -9 -25
79 -9 -37
79 -11 -19
79 -11 -33
79 -12 -39
79 -13 0
79 -13 -2
79 -13 -31
79 -14 -39
79 -16 -28
79 -16 -46
79 -17 -9
79 -17 -14
79 -18 -9
79 -18 -15
79 -18 -19
79 -19 -36
79 -20 -15
79 -20 -22
79 -21 -2
79 -21 -35
79 -22 -45
79 -23 -29
79 -23 -30
79 -24 -5
79 -24 -8
79 -24 -21
79 -24 -34
79 -27 -5
79 -27 -15
79 -28 -12
79 -28 -23
79 -29 -38
79 -30 -8
79 -30 -24
79 -30 -41
79 -32 -4
79 -32 -8
79 -34 -6
79 -34 -17
79 -35 -24
79 -35 -43
79 -37 0
79 -37 -1
79 -37 -3
79 -37 -7
79 -37 -43
79 -38 -4
79 -38 -11
79 -38 -24
79 -39 -7
79 -39 -22
79 -39 -37
79 -40 -4
79 -41 -15
79 -42 -29
79 -42 -31
79 -43 -26
79 -44 -16
79 -44 -23
79 -44 -27
79 -44 -29
79 -45 -11
79 -46 -9
79 -46 -10
79 -47 -19
80 0 -14
80 0 -22
80 -1 -4
80 -1 -46
80 -2 0
80 -3 -5
80 -3 -28
80 -3 -35
80 -4 -33
80 -4 -43
80 -5 -17
80 -5 -36
80 -5 -40
80 -6 -6
80 -6 -32
80 -7 -11
80 -7 -12
80 -7 -20
80 -7 -35
80 -7 -39
80 -8 -1
80 -8 -6
80 -8 -28
80 -9 -17
80 -9 -22
80 -9 -25
80 -9 -37
80 -11 -19
80 -11 -33
80 -12 -39
80 -13 0
80 -13 -2
80 -13 -31
80 -14 -39
80 -16 -28
80 -16 -46
80 -17 -9
80 -17 -14
80 -18 -9
80 -18 -15
80 -18 -19
80 -19 -36
80 -20 -15
80 -20 -22
80 -21 -2
80 -21 -35
80 -22 -45
80 -23 -29
80 -23 -30
80 -24 -5
80 -24 -8
80 -24 -21
80 -24 -34
80 -27 -5
80 -27 -15
80 -28 -12
80 -28 -23
80 -29 -38
80 -30 -8
80 -30 -24
80 -30 -41
80 -32 -4
80 -32 -8
80 -34 -6
80 -34 -17
80 -35 -24
80 -35 -43
80 -37 0
80 -37 -1
80 -37 -3
80 -37 -7
80 -37 -43
80 -38 -4
80 -38 -11
80 -38 -24
80 -39 -7
80 -39 -22
80 -39 -37
80 -40 -4
80 -41 -15
80 -42 -29
80 -42 -31
80 -43 -26
80 -44 -16
80 -44 -23
80 -44 -27
80 -44 -29
80 -45 -11
80 -46 -9
80 -46 -10
80 -47 -19
81 0 -14
81 0 -22
81 -1 -4
81 -1 -46
81 -2 0
81 -3 -5
81 -3 -28
81 -3 -35
81 -4 -33
81 -4 -43
81 -5 -17
81 -5 -36
81 -5 -40
81 -6 -6
81 -6 -32
81 -7 -11
81 -7 -12
81 -7 -20
81 -7 -35
81 -7 -39
81 -8 -1
81 -8 -6
81 -8 -28
81 -9 -17
81 -9 -22
81 -9 -25
81 -9 -37
81 -11 -19
81 -11 -33
81 -12 -39
81 -13 0
81 -13 -2
81 -13 -31
81 -14 -39
81 -16 -28
81 -16 -46
81 -17 -9
81 -17 -14
81 -18 -9
81 -18 -15
81 -18 -19
81 -19 -36
81 -20 -15
81 -20 -22
81 -21 -2
81 -21 -35
81 -22 -45
81 -23 -29
81 -23 -30
81 -24 -5
81 -24 -8
81 -24 -21
81 -24 -34
81 -27 -5
81 -27 -15
81 -28 -12
81 -28 -23
81 -29 -38
81 -30 -8
81 -30 -24
81 -30 -41
81 -32 -4
81 -32 -8
81 -34 -6
81 -34 -17
81 -35 -24
81 -35 -43
81 -37 0
81 -37 -1
81 -37 -3
81 -37 -7
81 -37 -43
81 -38 -4
81 -38 -11
81 -38 -24
81 -39 -7
81 -39 -22
81 -39 -37
81 -40 -4
81 -41 -15
81 -42 -29
81 -42 -31
81 -43 -26
81 -44 -16
81 -44 -23
81 -44 -27
81 -44 -29
81 -45 -11
81 -46 -9
81 -46 -10
81 -47 -19
82 0 -14
82 0 -22
82 -1 -4
82 -1 -46
82 -2 0
82 -3 -5
82 -3 -28
82 -3 -35
82 -4 -33
82 -4 -43
82 -5 -17
82 -5 -36
82 -5 -40
82 -6 -6
82 -6 -32
82 -7 -11
82 -7 -12
82 -7 -20
82 -7 -35
82 -7 -39
82 -8 -1
82 -8 -6
82 -8 -28
82 -9 -17
82 -9 -22
82 -9 -25
82 -9 -37
82 -11 -19
82 -11 -33
82 -12 -39
82 -13 0
82 -13 -2
82 -13 -31
82 -14 -39
82 -16 -28
82 -16 -46
82 -17 -9
82 -17 -14
82 -18 -9
82 -18 -15
82 -18 -19
82 -19 -36
82 -20 -15
82 -20 -22
82 -21 -2
82 -21 -35
82 -22 -45
82 -23 -29
82 -23 -30
82 -24 -5
82 -24 -8
82 -24 -21
82 -24 -34
82 -27 -5
82 -27 -15
82 -28 -12
82 -28 -23
82 -29 -38
82 -30 -8
82 -30 -24
82 -30 -41
82 -32 -4
82 -32 -8
82 -34 -6
82 -34 -17
82 -35 -24
82 -35 -43
82 -37 0
82 -37 -1
82 -37 -3
82 -37 -7
82 -37 -43
82 -38 -4
82 -38 -11
82 -38 -24
82 -39 -7
82 -39 -22
82 -39 -37
82 -40 -4
82 -41 -15
82 -42 -29
82 -42 -31
82 -43 -26
82 -44 -16
82 -44 -23
82 -44 -27
82 -44 -29
82 -45 -11
82 -46 -9
82 -46 -10
82 -47 -19
83 0 -14
83 0 -22
83 -1 -4
83 -1 -46
83 -2 0
83 -3 -5
83 -3 -28
83 -3 -35
83 -4 -33
83 -4 -43
83 -5 -17
83 -5 -36
83 -5 -40
83 -6 -6
83 -6 -32
83 -7 -11
83 -7 -12
83 -7 -20
83 -7 -35
83 -7 -39
83 -8 -1
83 -8 -6
83 -8 -28
83 -9 -17
83 -9 -22
83 -9 -25
83 -9 -37
83 -11 -19
83 -11 -33
83 -12 -39
83 -13 0
83 -13 -2
83 -13 -31
83 -14 -39
83 -16 -28
83 -16 -46
83 -17 -9
83 -17 -14
83 -18 -9
83 -18 -15
83 -18 -19
83 -19 -36
83 -20 -15
83 -20 -22
83 -21 -2
83 -21 -35
83 -22 -45
83 -23 -29
83 -23 -30
83 -24 -5
83 -24 -8
83 -24 -21
83 -24 -34
83 -27 -5
83 -27 -15
83 -28 -12
83 -28 -23
83 -29 -38
83 -30 -8
83 -30 -24
83 -30 -41
83 -32 -4
83 -32 -8
83 -34 -6
83 -34 -17
83 -35 -24
83 -35 -43
83 -37 0
83 -37 -1
83 -37 -3
83 -37 -7
83 -37 -43
83 -38 -4
83 -38 -11
83 -38 -24
83 -39 -7
83 -39 -22
83 -39 -37
83 -40 -4
83 -41 -15
83 -42 -29
83 -42 -31
83 -43 -26
83 -44 -16
83 -44 -23
83 -44 -27
83 -44 -29
83 -45 -11
83 -46 -9
83 -46 -10
83 -47 -19
84 0 -14
84 0 -22
84 -1 -4
84 -1 -46
84 -2 0
84 -3 -5
84 -3 -28
84 -3 -35
84 -4 -33
84 -4 -43
84 -5 -17
84 -5 -36
84 -5 -40
84 -6 -6
84 -6 -32
84 -7 -11
84 -7 -12
84 -7 -20
84 -7 -35
84 -7 -39
84 -8 -1
84 -8 -6
84 -8 -28
84 -9 -17
84 -9 -22
84 -9 -25
84 -9 -37
84 -11 -19
84 -11 -33
84 -12 -39
84 -13 0
84 -13 -2
84 -13 -31
84 -14 -39
84 -16 -28
84 -16 -46
84 -17 -9
84 -17 -14
84 -18 -9
84 -18 -15
84 -18 -19
84 -19 -36
84 -20 -15
84 -20 -22
84 -21 -2
84 -21 -35
84 -22 -45
84 -23 -29
84 -23 -30
84 -24 -5
84 -24 -8
84 -24 -21
84 -24 -34
84 -27 -5
84 -27 -15
84 -28 -12
84 -28 -23
84 -29 -38
84 -30 -8
84 -30 -24
84 -30 -41
84 -32 -4
84 -32 -8
84 -34 -6
84 -34 -17
84 -35 -24
84 -35 -43
84 -37 0
84 -37 -1
84 -37 -3
84 -37 -7
84 -37 -43
84 -38 -4
84 -38 -11
84 -38 -24
84 -39 -7
84 -39 -22
84 -39 -37
84 -40 -4
84 -41 -15
84 -42 -29
84 -42 -31
84 -43 -26
84 -44 -16
84 -44 -23
84 -44 -27
84 -44 -29
84 -45 -11
84 -46 -9
84 -46 -10
84 -47 -19
85 0 -14
85 0 -22
85 -1 -4
85 -1 -46
85 -2 0
85 -3 -5
85 -3 -28
85 -3 -35
85 -4 -33
85 -4 -43
85 -5 -17
85 -5 -36
85 -5 -40
85 -6 -6
85 -6 -32
85 -7 -11
85 -7 -12
85 -7 -20
85 -7 -35
85 -7 -39
85 -8 -1
85 -8 -6
85 -8 -28
85 -9 -17
85 -9 -22
85 -9 -25
85 -9 -37
85 -11 -19
85 -11 -33
85 -12 -39
85 -13 0
85 -13 -2
85 -13 -31
85 -14 -39
85 -16 -28
85 -16 -46
85 -17 -9
85 -17 -14
85 -18 -9
85 -18 -15
85 -18 -19
85 -19 -36
85 -20 -15
85 -20 -22
85 -21 -2
85 -21 -35
85 -22 -45
85 -23 -29
85 -23 -30
85 -24 -5
85 -24 -8
85 -24 -21
85 -24 -34
85 -27 -5
85 -27 -15
85 -28 -12
85 -28 -23
85 -29 -38
85 -30 -8
85 -30 -24
85 -30 -41
85 -32 -4
85 -32 -8
85 -34 -6
85 -34 -17
85 -35 -24
85 -35 -43
85 -37 0
85 -37 -1
85 -37 -3
85 -37 -7
85 -37 -43
85 -38 -4
85 -38 -11
85 -38 -24
85 -39 -7
85 -39 -22
85 -39 -37
85 -40 -4
85 -41 -15
85 -42 -29
85 -42 -31
85 -43 -26
85 -44 -16
85 -44 -23
85 -44 -27
85 -44 -29
85 -45 -11
85 -46 -9
85 -46 -10
85 -47 -19
86 0 -14
86 0 -22
86 -1 -4
86 -1 -46
86 -2 0
86 -3 -5
86 -3 -28
86 -3 -35
86 -4 -33
86 -4 -43
86 -5 -17
86 -5 -36
86 -5 -40
86 -6 -6
86 -6 -32
86 -7 -11
86 -7 -12
86 -7 -20
86 -7 -35
86 -7 -39
86 -8 -1
86 -8 -6
86 -8 -28
86 -9 -17
86 -9 -22
86 -9 -25
86 -9 -37
86 -11 -19
86 -11 -33
86 -12 -39
86 -13 0
86 -13 -2
86 -13 -31
86 -14 -39
86 -16 -28
86 -16 -46
86 -17 -9
86 -17 -14
86 -18 -9
86 -18 -15
86 -18 -19
86 -19 -36
86 -20 -15
86 -20 -22
86 -21 -2
86 -21 -35
86 -22 -45
86 -23 -29
86 -23 -30
86 -24 -5
86 -24 -8
86 -24 -21
86 -24 -34
86 -27 -5
86 -27 -15
86 -28 -12
86 -28 -23
86 -29 -38
86 -30 -8
86 -30 -24
86 -30 -41
86 -32 -4
86 -32 -8
86 -34 -6
86 -34 -17
86 -35 -24
86 -35 -43
86 -37 0
86 -37 -1
86 -37 -3
86 -37 -7
86 -37 -43
86 -38 -4
86 -38 -11
86 -38 -24
86 -39 -7
86 -39 -22
86 -39 -37
86 -40 -4
86 -41 -15
86 -42 -29
86 -42 -31
86 -43 -26
86 -44 -16
86 -44 -23
86 -44 -27
86 -44 -29
86 -45 -11
86 -46 -9
86 -46 -10
86 -47 -19
87 0 -14
87 0 -22
87 -1 -4
87 -1 -46
87 -2 0
87 -3 -5
87 -3 -28
87 -3 -35
87 -4 -33
87 -4 -43
87 -5 -17
87 -5 -36
87 -5 -40
87 -6 -6
87 -6 -32
87 -7 -11
87 -7 -12
87 -7 -20
87 -7 -35
87 -7 -39
87 -8 -1
87 -8 -6
87 -8 -28
87 -9 -17
87 -9 -22
87 -9 -25
87 -9 -37
87 -11 -19
87 -11 -33
87 -12 -39
87 -13 0
87 -13 -2
87 -13 -31
87 -14 -39
87 -16 -28
87 -16 -46
87 -17 -9
87 -17 -14
87 -18 -9
87 -18 -15
87 -18 -19
87 -19 -36
87 -20 -15
87 -20 -22
87 -21 -2
87 -21 -35
87 -22 -45
87 -23 -29
87 -23 -30
87 -24 -5
87 -24 -8
87 -24 -21
87 -24 -34
87 -27 -5
87 -27 -15
87 -28 -12
87 -28 -23
87 -29 -38
87 -30 -8
87 -30 -24
87 -30 -41
87 -32 -4
87 -32 -8
87 -34 -6
87 -34 -17
87 -35 -24
87 -35 -43
87 -37 0
87 -37 -1
87 -37 -3
87 -37 -7
87 -37 -43
87 -38 -4
87 -38 -11
87 -38 -24
87 -39 -7
87 -39 -22
87 -39 -37
87 -40 -4
87 -41 -15
87 -42 -29
87 -42 -31
87 -43 -26
87 -44 -16
87 -44 -23
87 -44 -27
87 -44 -29
87 -45 -11
87 -46 -9
87 -46 -10
87 -47 -19
88 0 -14
88 0 -22
88 -1 -4
88 -1 -46
88 -2 0
88 -3 -5
88 -3 -28
88 -3 -35
88 -4 -33
88 -4 -43
88 -5 -17
88 -5 -36
88 -5 -40
88 -6 -6
88 -6 -32
88 -7 -11
88 -7 -12
88 -7 -20
88 -7 -35
88 -7 -39
88 -8 -1
88 -8 -6
88 -8 -28
88 -9 -17
88 -9 -22
88 -9 -25
88 -9 -37
88 -11 -19
88 -11 -33
88 -12 -39
88 -13 0
88 -13 -2
88 -13 -31
88 -14 -39
88 -16 -28
88 -16 -46
88 -17 -9
88 -17 -14
88 -18 -9
88 -18 -15
88 -18 -19
88 -19 -36
88 -20 -15
88 -20 -22
88 -21 -2
88 -21 -35
88 -22 -45
88 -23 -29
88 -23 -30
88 -24 -5
88 -24 -8
88 -24 -21
88 -24 -34
88 -27 -5
88 -27 -15
88 -28 -12
88 -28 -23
88 -29 -38
88 -30 -8
88 -30 -24
88 -30 -41
88 -32 -4
88 -32 -8
88 -34 -6
88 -34 -17
88 -35 -24
88 -35 -43
88 -37 0
88 -37 -1
88 -37 -3
88 -37 -7
88 -37 -43
88 -38 -4
88 -38 -11
88 -38 -24
88 -39 -7
88 -39 -22
88 -39 -37
88 -40 -4
88 -41 -15
88 -42 -29
88 -42 -31
88 -43 -26
88 -44 -16
88 -44 -23
88 -44 -27
88 -44 -29
88 -45 -11
88 -46 -9
88 -46 -10
88 -47 -19
89 0 -14
89 0 -22
89 -1 -4
89 -1 -46
89 -2 0
89 -3 -5
89 -3 -28
89 -3 -35
89 -4 -33
89 -4 -43
89 -5 -17
89 -5 -36
89 -5 -40
89 -6 -6
89 -6 -32
89 -7 -11
89 -7 -12
89 -7 -20
89 -7 -35
89 -7 -39
89 -8 -1
89 -8 -6
89 -8 -28
89 -9 -17
89 -9 -22
89 -9 -25
89 -9 -37
89 -11 -19
89 -11 -33
89 -12 -39
89 -13 0
89 -13 -2
89 -13 -31
89 -14 -39
89 -16 -28
89 -16 -46
89 -17 -9
89 -17 -14
89 -18 -9
89 -18 -15
89 -18 -19
89 -19 -36
89 -20 -15
89 -20 -22
89 -21 -2
89 -21 -35
89 -22 -45
89 -23 -29
89 -23 -30
89 -24 -5
89 -24 -8
89 -24 -21
89 -24 -34
89 -27 -5
89 -27 -15
89 -28 -12
89 -28 -23
89 -29 -38
89 -30 -8
89 -30 -24
89 -30 -41
89 -32 -4
89 -32 -8
89 -34 -6
89 -34 -17
89 -35 -24
89 -35 -43
89 -37 0
89 -37 -1
89 -37 -3
89 -37 -7
89 -37 -43
89 -38 -4
89 -38 -11
89 -38 -24
89 -39 -7
89 -39 -22
89 -39 -37
89 -40 -4
89 -41 -15
89 -42 -29
89 -42 -31
89 -43 -26
89 -44 -16
89 -44 -23
89 -44 -27
89 -44 -29
89 -45 -11
89 -46 -9
89 -46 -10
89 -47 -19
90 0 -14
90 0 -22
90 -1 -4
90 -1 -46
90 -2 0
90 -3 -5
90 -3 -28
90 -3 -35
90 -4 -33
90 -4 -43
90 -5 -17
90 -5 -36
90 -5 -40
90 -6 -6
90 -6 -32
90 -7 -11
90 -7 -12
90 -7 -20
90 -7 -35
90 -7 -39
90 -8 -1
90 -8 -6
90 -8 -28
90 -9 -17
90 -9 -22
90 -9 -25
90 -9 -37
90 -11 -19
90 -11 -33
90 -12 -39
90 -13 0
90 -13 -2
90 -13 -31
90 -14 -39
90 -16 -28
90 -16 -46
90 -17 -9
90 -17 -14
90 -18 -9
90 -18 -15
90 -18 -19
90 -19 -36
90 -20 -15
90 -20 -22
90 -21 -2
90 -21 -35
90 -22 -45
90 -23 -29
90 -23 -30
90 -24 -5
90 -24 -8
90 -24 -21
90 -24 -34
90 -27 -5
90 -27 -15
90 -28 -12
90 -28 -23
90 -29 -38
90 -30 -8
90 -30 -24
90 -30 -41
90 -32 -4
90 -32 -8
90 -34 -6
90 -34 -17
90 -35 -24
90 -35 -43
90 -37 0
90 -37 -1
90 -37 -3
90 -37 -7
90 -37 -43
90 -38 -4
90 -38 -11
90 -38 -24
90 -39 -7
90 -39 -22
90 -39 -37
90 -40 -4
90 -41 -15
90 -42 -29
90 -42 -31
90 -43 -26
90 -44 -16
90 -44 -23
90 -44 -27
90 -44 -29
90 -45 -11
90 -46 -9
90 -46 -10
90 -47 -19
-1 -1 -1
87
27
85
33
34
46
0
36
62
29
21
15
48
84
7
1
78
14
90
75
11
69
32
35
18
60
89
19
61
74
52
82
66
6
56
31
40
5
9
28
2
41
16
65
77
63
81
23
39
58
57
42
72
88
59
49
79
53
70
8
24
22
67
37
20
26
47
17
64
68
13
50
86
80
30
38
83
43
45
54
71
25
73
3
51
4
10
12
76
55
44
  0.082874 seconds (205.18 k allocations: 6.906 MiB)
