950 0 0 0 0 0 0 0 0 0 0 0 0 0 0 0 0 0 0 0 0 0 0 0 0 0 0 0
0 0 0 0 0 0 0 0 0 0 0 0 0 0 0 0 0 0 0 0 0 0 0 0 0 0 0 0
0 0 0 0 0 0 0 0 0 0 0 0 0 0 0 0 0 0 0 0 0 0 0 0 0 0 0 0
0 0 0 0 0 0 0 0 0 0 0 0 0 0 0 0 0 0 0 0 0 0 0 0 0 0 0 0
0 0 0 0 0 0 0 0 0 0 0 0 0 0 0 0 0 0 0 0 0 0 0 0 0 0 0 0
0 0 0 0 0 0 0 0 0 0 0 0 0 0 0 0 0 0 0 0 0 0 0 0 0 0 0 0
0 0 0 0 0 0 0 0 0 0 0 0 0 0 0 0 0 0 0 0 0 0 0 0 0 0 0 0
0 0 0 0 0 0 0 0 0 0 0 0 0 0 0 0 0 0 0 0 0 0 0 0 0 0 0 0
0 0 0 0 0 0 0 0 0 0 0 0 0 0 0 0 0 0 0 0 0 0 0 0 0 0 0 0
0 0 0 0 0 0 0 0 0 0 0 0 0 0 0 0 0 0 0 0 0 0 0 0 0 0 0 0
0 0 0 0 0 0 0 0 0 0 0 0 0 0 0 0 0 0 0 0 0 0 0 0 0 0 0 0
0 0 0 0 0 0 0 0 0 0 0 0 0 0 0 0 0 0 0 0 0 0 0 0 0 0 0 0
0 0 0 0 0 0 0 0 0 0 0 0 0 0 0 0 0 0 0 0 0 0 0 0 0 0 0 0
0 0 0 0 0 0 0 0 0 0 0 0 0 0 0 0 0 0 0 0 0 0 0 0 0 0 0 0
0 0 0 0 0 0 0 0 0 0 0 0 0 0 0 0 0 0 0 0 0 0 0 0 0 0 0 0
0 0 0 0 0 0 0 0 0 0 0 0 0 0 0 0 0 0 0 0 0 0 0 0 0 0 0 0
0 0 0 0 0 0 0 0 0 0 0 0 0 0 0 0 0 0 0 0 0 0 0 0 0 0 0 0
0 0 0 0 0 0 0 0 0 0 0 0 0 0 0 0 0 0 0 0 0 0 0 0 0 0 0 0
0 0 0 0 0 0 0 0 0 0 0 0 0 0 0 0 0 0 0 0 0 0 0 0 0 0 0 0
0 0 0 0 0 0 0 0 0 0 0 0 0 0 0 0 0 0 0 0 0 0 0 0 0 0 0 0
0 0 0 0 0 0 0 0 0 0 0 0 0 0 0 0 0 0 0 0 0 0 0 0 0 0 0 0
0 0 0 0 0 0 0 0 0 0 0 0 0 0 0 0 0 0 0 0 0 0 0 0 0 0 0 0
0 0 0 0 0 0 0 0 0 0 0 0 0 0 0 0 0 0 0 0 0 0 0 0 0 0 0 0
0 0 0 0 0 0 0 0 0 0 0 0 0 0 0 0 0 0 0 0 0 0 0 0 0 0 0 0
0 0 0 0 0 0 0 0 0 0 0 0 0 0 0 0 0 0 0 0 0 0 0 0 0 0 0 0
0 0 0 0 0 0 0 0 0 0 0 0 0 0 0 0 0 0 0 0 0 0 0 0 0 0 0 0
0 0 0 0 0 0 0 0 0 0 0 0 0 0 0 0 0 0 0 0 0 0 0 0 0 0 0 0
0 0 0 0 0 0 0 0 0 0 0 0 0 0 0 0 0 0 0 0 0 0 0 0 0 0 0 0
0 0 -12
0 -1 -1
0 -1 -5
0 -1 -9
0 -1 -14
0 -1 -21
0 -1 -25
0 -2 -7
0 -2 -10
0 -3 0
0 -3 -9
0 -3 -11
0 -3 -19
0 -4 -6
0 -4 -25
0 -5 -3
0 -5 -4
0 -5 -5
0 -5 -15
0 -5 -24
0 -6 -2
0 -6 -16
0 -6 -19
0 -6 -23
0 -7 -13
0 -7 -25
0 -7 -26
0 -8 -21
0 -8 -25
0 -9 0
0 -9 -3
0 -10 -22
0 -11 -6
0 -11 -7
0 -11 -11
0 -11 -14
0 -11 -15
0 -11 -18
0 -11 -21
0 -12 -1
0 -12 -27
0 -13 -4
0 -13 -6
0 -13 -7
0 -13 -20
0 -14 -2
0 -14 -9
0 -14 -13
0 -15 -19
0 -15 -22
0 -15 -27
0 -16 -21
0 -17 0
0 -17 -2
0 -17 -14
0 -17 -26
0 -17 -27
0 -18 -13
0 -19 -1
0 -19 -12
0 -20 -2
0 -20 -14
0 -20 -22
0 -20 -25
0 -20 -26
0 -21 -23
0 -21 -24
0 -22 -5
0 -22 -7
0 -22 -25
0 -23 -1
0 -23 -8
0 -23 -15
0 -23 -24
0 -24 -1
0 -24 -7
0 -24 -9
0 -24 -12
0 -25 -3
0 -25 -21
0 -26 -12
0 -26 -20
0 -27 -4
0 -27 -6
0 -27 -14
0 -27 -16
1 0 -12
1 -1 -1
1 -1 -5
1 -1 -9
1 -1 -14
1 -1 -21
1 -1 -25
1 -2 -7
1 -2 -10
1 -3 0
1 -3 -9
1 -3 -11
1 -3 -19
1 -4 -6
1 -4 -25
1 -5 -3
1 -5 -4
1 -5 -5
1 -5 -15
1 -5 -24
1 -6 -2
1 -6 -16
1 -6 -19
1 -6 -23
1 -7 -13
1 -7 -25
1 -7 -26
1 -8 -21
1 -8 -25
1 -9 0
1 -9 -3
1 -10 -22
1 -11 -6
1 -11 -7
1 -11 -11
1 -11 -14
1 -11 -15
1 -11 -18
1 -11 -21
1 -12 -1
1 -12 -27
1 -13 -4
1 -13 -6
1 -13 -7
1 -13 -20
1 -14 -2
1 -14 -9
1 -14 -13
1 -15 -19
1 -15 -22
1 -15 -27
1 -16 -21
1 -17 0
1 -17 -2
1 -17 -14
1 -17 -26
1 -17 -27
1 -18 -13
1 -19 -1
1 -19 -12
1 -20 -2
1 -20 -14
1 -20 -22
1 -20 -25
1 -20 -26
1 -21 -23
1 -21 -24
1 -22 -5
1 -22 -7
1 -22 -25
1 -23 -1
1 -23 -8
1 -23 -15
1 -23 -24
1 -24 -1
1 -24 -7
1 -24 -9
1 -24 -12
1 -25 -3
1 -25 -21
1 -26 -12
1 -26 -20
1 -27 -4
1 -27 -6
1 -27 -14
1 -27 -16
2 0 -12
2 -1 -1
2 -1 -5
2 -1 -9
2 -1 -14
2 -1 -21
2 -1 -25
2 -2 -7
2 -2 -10
2 -3 0
2 -3 -9
2 -3 -11
2 -3 -19
2 -4 -6
2 -4 -25
2 -5 -3
2 -5 -4
2 -5 -5
2 -5 -15
2 -5 -24
2 -6 -2
2 -6 -16
2 -6 -19
2 -6 -23
2 -7 -13
2 -7 -25
2 -7 -26
2 -8 -21
2 -8 -25
2 -9 0
2 -9 -3
2 -10 -22
2 -11 -6
2 -11 -7
2 -11 -11
2 -11 -14
2 -11 -15
2 -11 -18
2 -11 -21
2 -12 -1
2 -12 -27
2 -13 -4
2 -13 -6
2 -13 -7
2 -13 -20
2 -14 -2
2 -14 -9
2 -14 -13
2 -15 -19
2 -15 -22
2 -15 -27
2 -16 -21
2 -17 0
2 -17 -2
2 -17 -14
2 -17 -26
2 -17 -27
2 -18 -13
2 -19 -1
2 -19 -12
2 -20 -2
2 -20 -14
2 -20 -22
2 -20 -25
2 -20 -26
2 -21 -23
2 -21 -24
2 -22 -5
2 -22 -7
2 -22 -25
2 -23 -1
2 -23 -8
2 -23 -15
2 -23 -24
2 -24 -1
2 -24 -7
2 -24 -9
2 -24 -12
2 -25 -3
2 -25 -21
2 -26 -12
2 -26 -20
2 -27 -4
2 -27 -6
2 -27 -14
2 -27 -16
3 0 -12
3 -1 -1
3 -1 -5
3 -1 -9
3 -1 -14
3 -1 -21
3 -1 -25
3 -2 -7
3 -2 -10
3 -3 0
3 -3 -9
3 -3 -11
3 -3 -19
3 -4 -6
3 -4 -25
3 -5 -3
3 -5 -4
3 -5 -5
3 -5 -15
3 -5 -24
3 -6 -2
3 -6 -16
3 -6 -19
3 -6 -23
3 -7 -13
3 -7 -25
3 -7 -26
3 -8 -21
3 -8 -25
3 -9 0
3 -9 -3
3 -10 -22
3 -11 -6
3 -11 -7
3 -11 -11
3 -11 -14
3 -11 -15
3 -11 -18
3 -11 -21
3 -12 -1
3 -12 -27
3 -13 -4
3 -13 -6
3 -13 -7
3 -13 -20
3 -14 -2
3 -14 -9
3 -14 -13
3 -15 -19
3 -15 -22
3 -15 -27
3 -16 -21
3 -17 0
3 -17 -2
3 -17 -14
3 -17 -26
3 -17 -27
3 -18 -13
3 -19 -1
3 -19 -12
3 -20 -2
3 -20 -14
3 -20 -22
3 -20 -25
3 -20 -26
3 -21 -23
3 -21 -24
3 -22 -5
3 -22 -7
3 -22 -25
3 -23 -1
3 -23 -8
3 -23 -15
3 -23 -24
3 -24 -1
3 -24 -7
3 -24 -9
3 -24 -12
3 -25 -3
3 -25 -21
3 -26 -12
3 -26 -20
3 -27 -4
3 -27 -6
3 -27 -14
3 -27 -16
4 0 -12
4 -1 -1
4 -1 -5
4 -1 -9
4 -1 -14
4 -1 -21
4 -1 -25
4 -2 -7
4 -2 -10
4 -3 0
4 -3 -9
4 -3 -11
4 -3 -19
4 -4 -6
4 -4 -25
4 -5 -3
4 -5 -4
4 -5 -5
4 -5 -15
4 -5 -24
4 -6 -2
4 -6 -16
4 -6 -19
4 -6 -23
4 -7 -13
4 -7 -25
4 -7 -26
4 -8 -21
4 -8 -25
4 -9 0
4 -9 -3
4 -10 -22
4 -11 -6
4 -11 -7
4 -11 -11
4 -11 -14
4 -11 -15
4 -11 -18
4 -11 -21
4 -12 -1
4 -12 -27
4 -13 -4
4 -13 -6
4 -13 -7
4 -13 -20
4 -14 -2
4 -14 -9
4 -14 -13
4 -15 -19
4 -15 -22
4 -15 -27
4 -16 -21
4 -17 0
4 -17 -2
4 -17 -14
4 -17 -26
4 -17 -27
4 -18 -13
4 -19 -1
4 -19 -12
4 -20 -2
4 -20 -14
4 -20 -22
4 -20 -25
4 -20 -26
4 -21 -23
4 -21 -24
4 -22 -5
4 -22 -7
4 -22 -25
4 -23 -1
4 -23 -8
4 -23 -15
4 -23 -24
4 -24 -1
4 -24 -7
4 -24 -9
4 -24 -12
4 -25 -3
4 -25 -21
4 -26 -12
4 -26 -20
4 -27 -4
4 -27 -6
4 -27 -14
4 -27 -16
5 0 -12
5 -1 -1
5 -1 -5
5 -1 -9
5 -1 -14
5 -1 -21
5 -1 -25
5 -2 -7
5 -2 -10
5 -3 0
5 -3 -9
5 -3 -11
5 -3 -19
5 -4 -6
5 -4 -25
5 -5 -3
5 -5 -4
5 -5 -5
5 -5 -15
5 -5 -24
5 -6 -2
5 -6 -16
5 -6 -19
5 -6 -23
5 -7 -13
5 -7 -25
5 -7 -26
5 -8 -21
5 -8 -25
5 -9 0
5 -9 -3
5 -10 -22
5 -11 -6
5 -11 -7
5 -11 -11
5 -11 -14
5 -11 -15
5 -11 -18
5 -11 -21
5 -12 -1
5 -12 -27
5 -13 -4
5 -13 -6
5 -13 -7
5 -13 -20
5 -14 -2
5 -14 -9
5 -14 -13
5 -15 -19
5 -15 -22
5 -15 -27
5 -16 -21
5 -17 0
5 -17 -2
5 -17 -14
5 -17 -26
5 -17 -27
5 -18 -13
5 -19 -1
5 -19 -12
5 -20 -2
5 -20 -14
5 -20 -22
5 -20 -25
5 -20 -26
5 -21 -23
5 -21 -24
5 -22 -5
5 -22 -7
5 -22 -25
5 -23 -1
5 -23 -8
5 -23 -15
5 -23 -24
5 -24 -1
5 -24 -7
5 -24 -9
5 -24 -12
5 -25 -3
5 -25 -21
5 -26 -12
5 -26 -20
5 -27 -4
5 -27 -6
5 -27 -14
5 -27 -16
6 0 -12
6 -1 -1
6 -1 -5
6 -1 -9
6 -1 -14
6 -1 -21
6 -1 -25
6 -2 -7
6 -2 -10
6 -3 0
6 -3 -9
6 -3 -11
6 -3 -19
6 -4 -6
6 -4 -25
6 -5 -3
6 -5 -4
6 -5 -5
6 -5 -15
6 -5 -24
6 -6 -2
6 -6 -16
6 -6 -19
6 -6 -23
6 -7 -13
6 -7 -25
6 -7 -26
6 -8 -21
6 -8 -25
6 -9 0
6 -9 -3
6 -10 -22
6 -11 -6
6 -11 -7
6 -11 -11
6 -11 -14
6 -11 -15
6 -11 -18
6 -11 -21
6 -12 -1
6 -12 -27
6 -13 -4
6 -13 -6
6 -13 -7
6 -13 -20
6 -14 -2
6 -14 -9
6 -14 -13
6 -15 -19
6 -15 -22
6 -15 -27
6 -16 -21
6 -17 0
6 -17 -2
6 -17 -14
6 -17 -26
6 -17 -27
6 -18 -13
6 -19 -1
6 -19 -12
6 -20 -2
6 -20 -14
6 -20 -22
6 -20 -25
6 -20 -26
6 -21 -23
6 -21 -24
6 -22 -5
6 -22 -7
6 -22 -25
6 -23 -1
6 -23 -8
6 -23 -15
6 -23 -24
6 -24 -1
6 -24 -7
6 -24 -9
6 -24 -12
6 -25 -3
6 -25 -21
6 -26 -12
6 -26 -20
6 -27 -4
6 -27 -6
6 -27 -14
6 -27 -16
7 0 -12
7 -1 -1
7 -1 -5
7 -1 -9
7 -1 -14
7 -1 -21
7 -1 -25
7 -2 -7
7 -2 -10
7 -3 0
7 -3 -9
7 -3 -11
7 -3 -19
7 -4 -6
7 -4 -25
7 -5 -3
7 -5 -4
7 -5 -5
7 -5 -15
7 -5 -24
7 -6 -2
7 -6 -16
7 -6 -19
7 -6 -23
7 -7 -13
7 -7 -25
7 -7 -26
7 -8 -21
7 -8 -25
7 -9 0
7 -9 -3
7 -10 -22
7 -11 -6
7 -11 -7
7 -11 -11
7 -11 -14
7 -11 -15
7 -11 -18
7 -11 -21
7 -12 -1
7 -12 -27
7 -13 -4
7 -13 -6
7 -13 -7
7 -13 -20
7 -14 -2
7 -14 -9
7 -14 -13
7 -15 -19
7 -15 -22
7 -15 -27
7 -16 -21
7 -17 0
7 -17 -2
7 -17 -14
7 -17 -26
7 -17 -27
7 -18 -13
7 -19 -1
7 -19 -12
7 -20 -2
7 -20 -14
7 -20 -22
7 -20 -25
7 -20 -26
7 -21 -23
7 -21 -24
7 -22 -5
7 -22 -7
7 -22 -25
7 -23 -1
7 -23 -8
7 -23 -15
7 -23 -24
7 -24 -1
7 -24 -7
7 -24 -9
7 -24 -12
7 -25 -3
7 -25 -21
7 -26 -12
7 -26 -20
7 -27 -4
7 -27 -6
7 -27 -14
7 -27 -16
8 0 -12
8 -1 -1
8 -1 -5
8 -1 -9
8 -1 -14
8 -1 -21
8 -1 -25
8 -2 -7
8 -2 -10
8 -3 0
8 -3 -9
8 -3 -11
8 -3 -19
8 -4 -6
8 -4 -25
8 -5 -3
8 -5 -4
8 -5 -5
8 -5 -15
8 -5 -24
8 -6 -2
8 -6 -16
8 -6 -19
8 -6 -23
8 -7 -13
8 -7 -25
8 -7 -26
8 -8 -21
8 -8 -25
8 -9 0
8 -9 -3
8 -10 -22
8 -11 -6
8 -11 -7
8 -11 -11
8 -11 -14
8 -11 -15
8 -11 -18
8 -11 -21
8 -12 -1
8 -12 -27
8 -13 -4
8 -13 -6
8 -13 -7
8 -13 -20
8 -14 -2
8 -14 -9
8 -14 -13
8 -15 -19
8 -15 -22
8 -15 -27
8 -16 -21
8 -17 0
8 -17 -2
8 -17 -14
8 -17 -26
8 -17 -27
8 -18 -13
8 -19 -1
8 -19 -12
8 -20 -2
8 -20 -14
8 -20 -22
8 -20 -25
8 -20 -26
8 -21 -23
8 -21 -24
8 -22 -5
8 -22 -7
8 -22 -25
8 -23 -1
8 -23 -8
8 -23 -15
8 -23 -24
8 -24 -1
8 -24 -7
8 -24 -9
8 -24 -12
8 -25 -3
8 -25 -21
8 -26 -12
8 -26 -20
8 -27 -4
8 -27 -6
8 -27 -14
8 -27 -16
9 0 -12
9 -1 -1
9 -1 -5
9 -1 -9
9 -1 -14
9 -1 -21
9 -1 -25
9 -2 -7
9 -2 -10
9 -3 0
9 -3 -9
9 -3 -11
9 -3 -19
9 -4 -6
9 -4 -25
9 -5 -3
9 -5 -4
9 -5 -5
9 -5 -15
9 -5 -24
9 -6 -2
9 -6 -16
9 -6 -19
9 -6 -23
9 -7 -13
9 -7 -25
9 -7 -26
9 -8 -21
9 -8 -25
9 -9 0
9 -9 -3
9 -10 -22
9 -11 -6
9 -11 -7
9 -11 -11
9 -11 -14
9 -11 -15
9 -11 -18
9 -11 -21
9 -12 -1
9 -12 -27
9 -13 -4
9 -13 -6
9 -13 -7
9 -13 -20
9 -14 -2
9 -14 -9
9 -14 -13
9 -15 -19
9 -15 -22
9 -15 -27
9 -16 -21
9 -17 0
9 -17 -2
9 -17 -14
9 -17 -26
9 -17 -27
9 -18 -13
9 -19 -1
9 -19 -12
9 -20 -2
9 -20 -14
9 -20 -22
9 -20 -25
9 -20 -26
9 -21 -23
9 -21 -24
9 -22 -5
9 -22 -7
9 -22 -25
9 -23 -1
9 -23 -8
9 -23 -15
9 -23 -24
9 -24 -1
9 -24 -7
9 -24 -9
9 -24 -12
9 -25 -3
9 -25 -21
9 -26 -12
9 -26 -20
9 -27 -4
9 -27 -6
9 -27 -14
9 -27 -16
10 0 -12
10 -1 -1
10 -1 -5
10 -1 -9
10 -1 -14
10 -1 -21
10 -1 -25
10 -2 -7
10 -2 -10
10 -3 0
10 -3 -9
10 -3 -11
10 -3 -19
10 -4 -6
10 -4 -25
10 -5 -3
10 -5 -4
10 -5 -5
10 -5 -15
10 -5 -24
10 -6 -2
10 -6 -16
10 -6 -19
10 -6 -23
10 -7 -13
10 -7 -25
10 -7 -26
10 -8 -21
10 -8 -25
10 -9 0
10 -9 -3
10 -10 -22
10 -11 -6
10 -11 -7
10 -11 -11
10 -11 -14
10 -11 -15
10 -11 -18
10 -11 -21
10 -12 -1
10 -12 -27
10 -13 -4
10 -13 -6
10 -13 -7
10 -13 -20
10 -14 -2
10 -14 -9
10 -14 -13
10 -15 -19
10 -15 -22
10 -15 -27
10 -16 -21
10 -17 0
10 -17 -2
10 -17 -14
10 -17 -26
10 -17 -27
10 -18 -13
10 -19 -1
10 -19 -12
10 -20 -2
10 -20 -14
10 -20 -22
10 -20 -25
10 -20 -26
10 -21 -23
10 -21 -24
10 -22 -5
10 -22 -7
10 -22 -25
10 -23 -1
10 -23 -8
10 -23 -15
10 -23 -24
10 -24 -1
10 -24 -7
10 -24 -9
10 -24 -12
10 -25 -3
10 -25 -21
10 -26 -12
10 -26 -20
10 -27 -4
10 -27 -6
10 -27 -14
10 -27 -16
11 0 -12
11 -1 -1
11 -1 -5
11 -1 -9
11 -1 -14
11 -1 -21
11 -1 -25
11 -2 -7
11 -2 -10
11 -3 0
11 -3 -9
11 -3 -11
11 -3 -19
11 -4 -6
11 -4 -25
11 -5 -3
11 -5 -4
11 -5 -5
11 -5 -15
11 -5 -24
11 -6 -2
11 -6 -16
11 -6 -19
11 -6 -23
11 -7 -13
11 -7 -25
11 -7 -26
11 -8 -21
11 -8 -25
11 -9 0
11 -9 -3
11 -10 -22
11 -11 -6
11 -11 -7
11 -11 -11
11 -11 -14
11 -11 -15
11 -11 -18
11 -11 -21
11 -12 -1
11 -12 -27
11 -13 -4
11 -13 -6
11 -13 -7
11 -13 -20
11 -14 -2
11 -14 -9
11 -14 -13
11 -15 -19
11 -15 -22
11 -15 -27
11 -16 -21
11 -17 0
11 -17 -2
11 -17 -14
11 -17 -26
11 -17 -27
11 -18 -13
11 -19 -1
11 -19 -12
11 -20 -2
11 -20 -14
11 -20 -22
11 -20 -25
11 -20 -26
11 -21 -23
11 -21 -24
11 -22 -5
11 -22 -7
11 -22 -25
11 -23 -1
11 -23 -8
11 -23 -15
11 -23 -24
11 -24 -1
11 -24 -7
11 -24 -9
11 -24 -12
11 -25 -3
11 -25 -21
11 -26 -12
11 -26 -20
11 -27 -4
11 -27 -6
11 -27 -14
11 -27 -16
12 0 -12
12 -1 -1
12 -1 -5
12 -1 -9
12 -1 -14
12 -1 -21
12 -1 -25
12 -2 -7
12 -2 -10
12 -3 0
12 -3 -9
12 -3 -11
12 -3 -19
12 -4 -6
12 -4 -25
12 -5 -3
12 -5 -4
12 -5 -5
12 -5 -15
12 -5 -24
12 -6 -2
12 -6 -16
12 -6 -19
12 -6 -23
12 -7 -13
12 -7 -25
12 -7 -26
12 -8 -21
12 -8 -25
12 -9 0
12 -9 -3
12 -10 -22
12 -11 -6
12 -11 -7
12 -11 -11
12 -11 -14
12 -11 -15
12 -11 -18
12 -11 -21
12 -12 -1
12 -12 -27
12 -13 -4
12 -13 -6
12 -13 -7
12 -13 -20
12 -14 -2
12 -14 -9
12 -14 -13
12 -15 -19
12 -15 -22
12 -15 -27
12 -16 -21
12 -17 0
12 -17 -2
12 -17 -14
12 -17 -26
12 -17 -27
12 -18 -13
12 -19 -1
12 -19 -12
12 -20 -2
12 -20 -14
12 -20 -22
12 -20 -25
12 -20 -26
12 -21 -23
12 -21 -24
12 -22 -5
12 -22 -7
12 -22 -25
12 -23 -1
12 -23 -8
12 -23 -15
12 -23 -24
12 -24 -1
12 -24 -7
12 -24 -9
12 -24 -12
12 -25 -3
12 -25 -21
12 -26 -12
12 -26 -20
12 -27 -4
12 -27 -6
12 -27 -14
12 -27 -16
13 0 -12
13 -1 -1
13 -1 -5
13 -1 -9
13 -1 -14
13 -1 -21
13 -1 -25
13 -2 -7
13 -2 -10
13 -3 0
13 -3 -9
13 -3 -11
13 -3 -19
13 -4 -6
13 -4 -25
13 -5 -3
13 -5 -4
13 -5 -5
13 -5 -15
13 -5 -24
13 -6 -2
13 -6 -16
13 -6 -19
13 -6 -23
13 -7 -13
13 -7 -25
13 -7 -26
13 -8 -21
13 -8 -25
13 -9 0
13 -9 -3
13 -10 -22
13 -11 -6
13 -11 -7
13 -11 -11
13 -11 -14
13 -11 -15
13 -11 -18
13 -11 -21
13 -12 -1
13 -12 -27
13 -13 -4
13 -13 -6
13 -13 -7
13 -13 -20
13 -14 -2
13 -14 -9
13 -14 -13
13 -15 -19
13 -15 -22
13 -15 -27
13 -16 -21
13 -17 0
13 -17 -2
13 -17 -14
13 -17 -26
13 -17 -27
13 -18 -13
13 -19 -1
13 -19 -12
13 -20 -2
13 -20 -14
13 -20 -22
13 -20 -25
13 -20 -26
13 -21 -23
13 -21 -24
13 -22 -5
13 -22 -7
13 -22 -25
13 -23 -1
13 -23 -8
13 -23 -15
13 -23 -24
13 -24 -1
13 -24 -7
13 -24 -9
13 -24 -12
13 -25 -3
13 -25 -21
13 -26 -12
13 -26 -20
13 -27 -4
13 -27 -6
13 -27 -14
13 -27 -16
14 0 -12
14 -1 -1
14 -1 -5
14 -1 -9
14 -1 -14
14 -1 -21
14 -1 -25
14 -2 -7
14 -2 -10
14 -3 0
14 -3 -9
14 -3 -11
14 -3 -19
14 -4 -6
14 -4 -25
14 -5 -3
14 -5 -4
14 -5 -5
14 -5 -15
14 -5 -24
14 -6 -2
14 -6 -16
14 -6 -19
14 -6 -23
14 -7 -13
14 -7 -25
14 -7 -26
14 -8 -21
14 -8 -25
14 -9 0
14 -9 -3
14 -10 -22
14 -11 -6
14 -11 -7
14 -11 -11
14 -11 -14
14 -11 -15
14 -11 -18
14 -11 -21
14 -12 -1
14 -12 -27
14 -13 -4
14 -13 -6
14 -13 -7
14 -13 -20
14 -14 -2
14 -14 -9
14 -14 -13
14 -15 -19
14 -15 -22
14 -15 -27
14 -16 -21
14 -17 0
14 -17 -2
14 -17 -14
14 -17 -26
14 -17 -27
14 -18 -13
14 -19 -1
14 -19 -12
14 -20 -2
14 -20 -14
14 -20 -22
14 -20 -25
14 -20 -26
14 -21 -23
14 -21 -24
14 -22 -5
14 -22 -7
14 -22 -25
14 -23 -1
14 -23 -8
14 -23 -15
14 -23 -24
14 -24 -1
14 -24 -7
14 -24 -9
14 -24 -12
14 -25 -3
14 -25 -21
14 -26 -12
14 -26 -20
14 -27 -4
14 -27 -6
14 -27 -14
14 -27 -16
15 0 -12
15 -1 -1
15 -1 -5
15 -1 -9
15 -1 -14
15 -1 -21
15 -1 -25
15 -2 -7
15 -2 -10
15 -3 0
15 -3 -9
15 -3 -11
15 -3 -19
15 -4 -6
15 -4 -25
15 -5 -3
15 -5 -4
15 -5 -5
15 -5 -15
15 -5 -24
15 -6 -2
15 -6 -16
15 -6 -19
15 -6 -23
15 -7 -13
15 -7 -25
15 -7 -26
15 -8 -21
15 -8 -25
15 -9 0
15 -9 -3
15 -10 -22
15 -11 -6
15 -11 -7
15 -11 -11
15 -11 -14
15 -11 -15
15 -11 -18
15 -11 -21
15 -12 -1
15 -12 -27
15 -13 -4
15 -13 -6
15 -13 -7
15 -13 -20
15 -14 -2
15 -14 -9
15 -14 -13
15 -15 -19
15 -15 -22
15 -15 -27
15 -16 -21
15 -17 0
15 -17 -2
15 -17 -14
15 -17 -26
15 -17 -27
15 -18 -13
15 -19 -1
15 -19 -12
15 -20 -2
15 -20 -14
15 -20 -22
15 -20 -25
15 -20 -26
15 -21 -23
15 -21 -24
15 -22 -5
15 -22 -7
15 -22 -25
15 -23 -1
15 -23 -8
15 -23 -15
15 -23 -24
15 -24 -1
15 -24 -7
15 -24 -9
15 -24 -12
15 -25 -3
15 -25 -21
15 -26 -12
15 -26 -20
15 -27 -4
15 -27 -6
15 -27 -14
15 -27 -16
16 0 -12
16 -1 -1
16 -1 -5
16 -1 -9
16 -1 -14
16 -1 -21
16 -1 -25
16 -2 -7
16 -2 -10
16 -3 0
16 -3 -9
16 -3 -11
16 -3 -19
16 -4 -6
16 -4 -25
16 -5 -3
16 -5 -4
16 -5 -5
16 -5 -15
16 -5 -24
16 -6 -2
16 -6 -16
16 -6 -19
16 -6 -23
16 -7 -13
16 -7 -25
16 -7 -26
16 -8 -21
16 -8 -25
16 -9 0
16 -9 -3
16 -10 -22
16 -11 -6
16 -11 -7
16 -11 -11
16 -11 -14
16 -11 -15
16 -11 -18
16 -11 -21
16 -12 -1
16 -12 -27
16 -13 -4
16 -13 -6
16 -13 -7
16 -13 -20
16 -14 -2
16 -14 -9
16 -14 -13
16 -15 -19
16 -15 -22
16 -15 -27
16 -16 -21
16 -17 0
16 -17 -2
16 -17 -14
16 -17 -26
16 -17 -27
16 -18 -13
16 -19 -1
16 -19 -12
16 -20 -2
16 -20 -14
16 -20 -22
16 -20 -25
16 -20 -26
16 -21 -23
16 -21 -24
16 -22 -5
16 -22 -7
16 -22 -25
16 -23 -1
16 -23 -8
16 -23 -15
16 -23 -24
16 -24 -1
16 -24 -7
16 -24 -9
16 -24 -12
16 -25 -3
16 -25 -21
16 -26 -12
16 -26 -20
16 -27 -4
16 -27 -6
16 -27 -14
16 -27 -16
17 0 -12
17 -1 -1
17 -1 -5
17 -1 -9
17 -1 -14
17 -1 -21
17 -1 -25
17 -2 -7
17 -2 -10
17 -3 0
17 -3 -9
17 -3 -11
17 -3 -19
17 -4 -6
17 -4 -25
17 -5 -3
17 -5 -4
17 -5 -5
17 -5 -15
17 -5 -24
17 -6 -2
17 -6 -16
17 -6 -19
17 -6 -23
17 -7 -13
17 -7 -25
17 -7 -26
17 -8 -21
17 -8 -25
17 -9 0
17 -9 -3
17 -10 -22
17 -11 -6
17 -11 -7
17 -11 -11
17 -11 -14
17 -11 -15
17 -11 -18
17 -11 -21
17 -12 -1
17 -12 -27
17 -13 -4
17 -13 -6
17 -13 -7
17 -13 -20
17 -14 -2
17 -14 -9
17 -14 -13
17 -15 -19
17 -15 -22
17 -15 -27
17 -16 -21
17 -17 0
17 -17 -2
17 -17 -14
17 -17 -26
17 -17 -27
17 -18 -13
17 -19 -1
17 -19 -12
17 -20 -2
17 -20 -14
17 -20 -22
17 -20 -25
17 -20 -26
17 -21 -23
17 -21 -24
17 -22 -5
17 -22 -7
17 -22 -25
17 -23 -1
17 -23 -8
17 -23 -15
17 -23 -24
17 -24 -1
17 -24 -7
17 -24 -9
17 -24 -12
17 -25 -3
17 -25 -21
17 -26 -12
17 -26 -20
17 -27 -4
17 -27 -6
17 -27 -14
17 -27 -16
18 0 -12
18 -1 -1
18 -1 -5
18 -1 -9
18 -1 -14
18 -1 -21
18 -1 -25
18 -2 -7
18 -2 -10
18 -3 0
18 -3 -9
18 -3 -11
18 -3 -19
18 -4 -6
18 -4 -25
18 -5 -3
18 -5 -4
18 -5 -5
18 -5 -15
18 -5 -24
18 -6 -2
18 -6 -16
18 -6 -19
18 -6 -23
18 -7 -13
18 -7 -25
18 -7 -26
18 -8 -21
18 -8 -25
18 -9 0
18 -9 -3
18 -10 -22
18 -11 -6
18 -11 -7
18 -11 -11
18 -11 -14
18 -11 -15
18 -11 -18
18 -11 -21
18 -12 -1
18 -12 -27
18 -13 -4
18 -13 -6
18 -13 -7
18 -13 -20
18 -14 -2
18 -14 -9
18 -14 -13
18 -15 -19
18 -15 -22
18 -15 -27
18 -16 -21
18 -17 0
18 -17 -2
18 -17 -14
18 -17 -26
18 -17 -27
18 -18 -13
18 -19 -1
18 -19 -12
18 -20 -2
18 -20 -14
18 -20 -22
18 -20 -25
18 -20 -26
18 -21 -23
18 -21 -24
18 -22 -5
18 -22 -7
18 -22 -25
18 -23 -1
18 -23 -8
18 -23 -15
18 -23 -24
18 -24 -1
18 -24 -7
18 -24 -9
18 -24 -12
18 -25 -3
18 -25 -21
18 -26 -12
18 -26 -20
18 -27 -4
18 -27 -6
18 -27 -14
18 -27 -16
19 0 -12
19 -1 -1
19 -1 -5
19 -1 -9
19 -1 -14
19 -1 -21
19 -1 -25
19 -2 -7
19 -2 -10
19 -3 0
19 -3 -9
19 -3 -11
19 -3 -19
19 -4 -6
19 -4 -25
19 -5 -3
19 -5 -4
19 -5 -5
19 -5 -15
19 -5 -24
19 -6 -2
19 -6 -16
19 -6 -19
19 -6 -23
19 -7 -13
19 -7 -25
19 -7 -26
19 -8 -21
19 -8 -25
19 -9 0
19 -9 -3
19 -10 -22
19 -11 -6
19 -11 -7
19 -11 -11
19 -11 -14
19 -11 -15
19 -11 -18
19 -11 -21
19 -12 -1
19 -12 -27
19 -13 -4
19 -13 -6
19 -13 -7
19 -13 -20
19 -14 -2
19 -14 -9
19 -14 -13
19 -15 -19
19 -15 -22
19 -15 -27
19 -16 -21
19 -17 0
19 -17 -2
19 -17 -14
19 -17 -26
19 -17 -27
19 -18 -13
19 -19 -1
19 -19 -12
19 -20 -2
19 -20 -14
19 -20 -22
19 -20 -25
19 -20 -26
19 -21 -23
19 -21 -24
19 -22 -5
19 -22 -7
19 -22 -25
19 -23 -1
19 -23 -8
19 -23 -15
19 -23 -24
19 -24 -1
19 -24 -7
19 -24 -9
19 -24 -12
19 -25 -3
19 -25 -21
19 -26 -12
19 -26 -20
19 -27 -4
19 -27 -6
19 -27 -14
19 -27 -16
20 0 -12
20 -1 -1
20 -1 -5
20 -1 -9
20 -1 -14
20 -1 -21
20 -1 -25
20 -2 -7
20 -2 -10
20 -3 0
20 -3 -9
20 -3 -11
20 -3 -19
20 -4 -6
20 -4 -25
20 -5 -3
20 -5 -4
20 -5 -5
20 -5 -15
20 -5 -24
20 -6 -2
20 -6 -16
20 -6 -19
20 -6 -23
20 -7 -13
20 -7 -25
20 -7 -26
20 -8 -21
20 -8 -25
20 -9 0
20 -9 -3
20 -10 -22
20 -11 -6
20 -11 -7
20 -11 -11
20 -11 -14
20 -11 -15
20 -11 -18
20 -11 -21
20 -12 -1
20 -12 -27
20 -13 -4
20 -13 -6
20 -13 -7
20 -13 -20
20 -14 -2
20 -14 -9
20 -14 -13
20 -15 -19
20 -15 -22
20 -15 -27
20 -16 -21
20 -17 0
20 -17 -2
20 -17 -14
20 -17 -26
20 -17 -27
20 -18 -13
20 -19 -1
20 -19 -12
20 -20 -2
20 -20 -14
20 -20 -22
20 -20 -25
20 -20 -26
20 -21 -23
20 -21 -24
20 -22 -5
20 -22 -7
20 -22 -25
20 -23 -1
20 -23 -8
20 -23 -15
20 -23 -24
20 -24 -1
20 -24 -7
20 -24 -9
20 -24 -12
20 -25 -3
20 -25 -21
20 -26 -12
20 -26 -20
20 -27 -4
20 -27 -6
20 -27 -14
20 -27 -16
21 0 -12
21 -1 -1
21 -1 -5
21 -1 -9
21 -1 -14
21 -1 -21
21 -1 -25
21 -2 -7
21 -2 -10
21 -3 0
21 -3 -9
21 -3 -11
21 -3 -19
21 -4 -6
21 -4 -25
21 -5 -3
21 -5 -4
21 -5 -5
21 -5 -15
21 -5 -24
21 -6 -2
21 -6 -16
21 -6 -19
21 -6 -23
21 -7 -13
21 -7 -25
21 -7 -26
21 -8 -21
21 -8 -25
21 -9 0
21 -9 -3
21 -10 -22
21 -11 -6
21 -11 -7
21 -11 -11
21 -11 -14
21 -11 -15
21 -11 -18
21 -11 -21
21 -12 -1
21 -12 -27
21 -13 -4
21 -13 -6
21 -13 -7
21 -13 -20
21 -14 -2
21 -14 -9
21 -14 -13
21 -15 -19
21 -15 -22
21 -15 -27
21 -16 -21
21 -17 0
21 -17 -2
21 -17 -14
21 -17 -26
21 -17 -27
21 -18 -13
21 -19 -1
21 -19 -12
21 -20 -2
21 -20 -14
21 -20 -22
21 -20 -25
21 -20 -26
21 -21 -23
21 -21 -24
21 -22 -5
21 -22 -7
21 -22 -25
21 -23 -1
21 -23 -8
21 -23 -15
21 -23 -24
21 -24 -1
21 -24 -7
21 -24 -9
21 -24 -12
21 -25 -3
21 -25 -21
21 -26 -12
21 -26 -20
21 -27 -4
21 -27 -6
21 -27 -14
21 -27 -16
22 0 -12
22 -1 -1
22 -1 -5
22 -1 -9
22 -1 -14
22 -1 -21
22 -1 -25
22 -2 -7
22 -2 -10
22 -3 0
22 -3 -9
22 -3 -11
22 -3 -19
22 -4 -6
22 -4 -25
22 -5 -3
22 -5 -4
22 -5 -5
22 -5 -15
22 -5 -24
22 -6 -2
22 -6 -16
22 -6 -19
22 -6 -23
22 -7 -13
22 -7 -25
22 -7 -26
22 -8 -21
22 -8 -25
22 -9 0
22 -9 -3
22 -10 -22
22 -11 -6
22 -11 -7
22 -11 -11
22 -11 -14
22 -11 -15
22 -11 -18
22 -11 -21
22 -12 -1
22 -12 -27
22 -13 -4
22 -13 -6
22 -13 -7
22 -13 -20
22 -14 -2
22 -14 -9
22 -14 -13
22 -15 -19
22 -15 -22
22 -15 -27
22 -16 -21
22 -17 0
22 -17 -2
22 -17 -14
22 -17 -26
22 -17 -27
22 -18 -13
22 -19 -1
22 -19 -12
22 -20 -2
22 -20 -14
22 -20 -22
22 -20 -25
22 -20 -26
22 -21 -23
22 -21 -24
22 -22 -5
22 -22 -7
22 -22 -25
22 -23 -1
22 -23 -8
22 -23 -15
22 -23 -24
22 -24 -1
22 -24 -7
22 -24 -9
22 -24 -12
22 -25 -3
22 -25 -21
22 -26 -12
22 -26 -20
22 -27 -4
22 -27 -6
22 -27 -14
22 -27 -16
23 0 -12
23 -1 -1
23 -1 -5
23 -1 -9
23 -1 -14
23 -1 -21
23 -1 -25
23 -2 -7
23 -2 -10
23 -3 0
23 -3 -9
23 -3 -11
23 -3 -19
23 -4 -6
23 -4 -25
23 -5 -3
23 -5 -4
23 -5 -5
23 -5 -15
23 -5 -24
23 -6 -2
23 -6 -16
23 -6 -19
23 -6 -23
23 -7 -13
23 -7 -25
23 -7 -26
23 -8 -21
23 -8 -25
23 -9 0
23 -9 -3
23 -10 -22
23 -11 -6
23 -11 -7
23 -11 -11
23 -11 -14
23 -11 -15
23 -11 -18
23 -11 -21
23 -12 -1
23 -12 -27
23 -13 -4
23 -13 -6
23 -13 -7
23 -13 -20
23 -14 -2
23 -14 -9
23 -14 -13
23 -15 -19
23 -15 -22
23 -15 -27
23 -16 -21
23 -17 0
23 -17 -2
23 -17 -14
23 -17 -26
23 -17 -27
23 -18 -13
23 -19 -1
23 -19 -12
23 -20 -2
23 -20 -14
23 -20 -22
23 -20 -25
23 -20 -26
23 -21 -23
23 -21 -24
23 -22 -5
23 -22 -7
23 -22 -25
23 -23 -1
23 -23 -8
23 -23 -15
23 -23 -24
23 -24 -1
23 -24 -7
23 -24 -9
23 -24 -12
23 -25 -3
23 -25 -21
23 -26 -12
23 -26 -20
23 -27 -4
23 -27 -6
23 -27 -14
23 -27 -16
24 0 -12
24 -1 -1
24 -1 -5
24 -1 -9
24 -1 -14
24 -1 -21
24 -1 -25
24 -2 -7
24 -2 -10
24 -3 0
24 -3 -9
24 -3 -11
24 -3 -19
24 -4 -6
24 -4 -25
24 -5 -3
24 -5 -4
24 -5 -5
24 -5 -15
24 -5 -24
24 -6 -2
24 -6 -16
24 -6 -19
24 -6 -23
24 -7 -13
24 -7 -25
24 -7 -26
24 -8 -21
24 -8 -25
24 -9 0
24 -9 -3
24 -10 -22
24 -11 -6
24 -11 -7
24 -11 -11
24 -11 -14
24 -11 -15
24 -11 -18
24 -11 -21
24 -12 -1
24 -12 -27
24 -13 -4
24 -13 -6
24 -13 -7
24 -13 -20
24 -14 -2
24 -14 -9
24 -14 -13
24 -15 -19
24 -15 -22
24 -15 -27
24 -16 -21
24 -17 0
24 -17 -2
24 -17 -14
24 -17 -26
24 -17 -27
24 -18 -13
24 -19 -1
24 -19 -12
24 -20 -2
24 -20 -14
24 -20 -22
24 -20 -25
24 -20 -26
24 -21 -23
24 -21 -24
24 -22 -5
24 -22 -7
24 -22 -25
24 -23 -1
24 -23 -8
24 -23 -15
24 -23 -24
24 -24 -1
24 -24 -7
24 -24 -9
24 -24 -12
24 -25 -3
24 -25 -21
24 -26 -12
24 -26 -20
24 -27 -4
24 -27 -6
24 -27 -14
24 -27 -16
25 0 -12
25 -1 -1
25 -1 -5
25 -1 -9
25 -1 -14
25 -1 -21
25 -1 -25
25 -2 -7
25 -2 -10
25 -3 0
25 -3 -9
25 -3 -11
25 -3 -19
25 -4 -6
25 -4 -25
25 -5 -3
25 -5 -4
25 -5 -5
25 -5 -15
25 -5 -24
25 -6 -2
25 -6 -16
25 -6 -19
25 -6 -23
25 -7 -13
25 -7 -25
25 -7 -26
25 -8 -21
25 -8 -25
25 -9 0
25 -9 -3
25 -10 -22
25 -11 -6
25 -11 -7
25 -11 -11
25 -11 -14
25 -11 -15
25 -11 -18
25 -11 -21
25 -12 -1
25 -12 -27
25 -13 -4
25 -13 -6
25 -13 -7
25 -13 -20
25 -14 -2
25 -14 -9
25 -14 -13
25 -15 -19
25 -15 -22
25 -15 -27
25 -16 -21
25 -17 0
25 -17 -2
25 -17 -14
25 -17 -26
25 -17 -27
25 -18 -13
25 -19 -1
25 -19 -12
25 -20 -2
25 -20 -14
25 -20 -22
25 -20 -25
25 -20 -26
25 -21 -23
25 -21 -24
25 -22 -5
25 -22 -7
25 -22 -25
25 -23 -1
25 -23 -8
25 -23 -15
25 -23 -24
25 -24 -1
25 -24 -7
25 -24 -9
25 -24 -12
25 -25 -3
25 -25 -21
25 -26 -12
25 -26 -20
25 -27 -4
25 -27 -6
25 -27 -14
25 -27 -16
26 0 -12
26 -1 -1
26 -1 -5
26 -1 -9
26 -1 -14
26 -1 -21
26 -1 -25
26 -2 -7
26 -2 -10
26 -3 0
26 -3 -9
26 -3 -11
26 -3 -19
26 -4 -6
26 -4 -25
26 -5 -3
26 -5 -4
26 -5 -5
26 -5 -15
26 -5 -24
26 -6 -2
26 -6 -16
26 -6 -19
26 -6 -23
26 -7 -13
26 -7 -25
26 -7 -26
26 -8 -21
26 -8 -25
26 -9 0
26 -9 -3
26 -10 -22
26 -11 -6
26 -11 -7
26 -11 -11
26 -11 -14
26 -11 -15
26 -11 -18
26 -11 -21
26 -12 -1
26 -12 -27
26 -13 -4
26 -13 -6
26 -13 -7
26 -13 -20
26 -14 -2
26 -14 -9
26 -14 -13
26 -15 -19
26 -15 -22
26 -15 -27
26 -16 -21
26 -17 0
26 -17 -2
26 -17 -14
26 -17 -26
26 -17 -27
26 -18 -13
26 -19 -1
26 -19 -12
26 -20 -2
26 -20 -14
26 -20 -22
26 -20 -25
26 -20 -26
26 -21 -23
26 -21 -24
26 -22 -5
26 -22 -7
26 -22 -25
26 -23 -1
26 -23 -8
26 -23 -15
26 -23 -24
26 -24 -1
26 -24 -7
26 -24 -9
26 -24 -12
26 -25 -3
26 -25 -21
26 -26 -12
26 -26 -20
26 -27 -4
26 -27 -6
26 -27 -14
26 -27 -16
27 0 -12
27 -1 -1
27 -1 -5
27 -1 -9
27 -1 -14
27 -1 -21
27 -1 -25
27 -2 -7
27 -2 -10
27 -3 0
27 -3 -9
27 -3 -11
27 -3 -19
27 -4 -6
27 -4 -25
27 -5 -3
27 -5 -4
27 -5 -5
27 -5 -15
27 -5 -24
27 -6 -2
27 -6 -16
27 -6 -19
27 -6 -23
27 -7 -13
27 -7 -25
27 -7 -26
27 -8 -21
27 -8 -25
27 -9 0
27 -9 -3
27 -10 -22
27 -11 -6
27 -11 -7
27 -11 -11
27 -11 -14
27 -11 -15
27 -11 -18
27 -11 -21
27 -12 -1
27 -12 -27
27 -13 -4
27 -13 -6
27 -13 -7
27 -13 -20
27 -14 -2
27 -14 -9
27 -14 -13
27 -15 -19
27 -15 -22
27 -15 -27
27 -16 -21
27 -17 0
27 -17 -2
27 -17 -14
27 -17 -26
27 -17 -27
27 -18 -13
27 -19 -1
27 -19 -12
27 -20 -2
27 -20 -14
27 -20 -22
27 -20 -25
27 -20 -26
27 -21 -23
27 -21 -24
27 -22 -5
27 -22 -7
27 -22 -25
27 -23 -1
27 -23 -8
27 -23 -15
27 -23 -24
27 -24 -1
27 -24 -7
27 -24 -9
27 -24 -12
27 -25 -3
27 -25 -21
27 -26 -12
27 -26 -20
27 -27 -4
27 -27 -6
27 -27 -14
27 -27 -16
28 0 -12
28 -1 -1
28 -1 -5
28 -1 -9
28 -1 -14
28 -1 -21
28 -1 -25
28 -2 -7
28 -2 -10
28 -3 0
28 -3 -9
28 -3 -11
28 -3 -19
28 -4 -6
28 -4 -25
28 -5 -3
28 -5 -4
28 -5 -5
28 -5 -15
28 -5 -24
28 -6 -2
28 -6 -16
28 -6 -19
28 -6 -23
28 -7 -13
28 -7 -25
28 -7 -26
28 -8 -21
28 -8 -25
28 -9 0
28 -9 -3
28 -10 -22
28 -11 -6
28 -11 -7
28 -11 -11
28 -11 -14
28 -11 -15
28 -11 -18
28 -11 -21
28 -12 -1
28 -12 -27
28 -13 -4
28 -13 -6
28 -13 -7
28 -13 -20
28 -14 -2
28 -14 -9
28 -14 -13
28 -15 -19
28 -15 -22
28 -15 -27
28 -16 -21
28 -17 0
28 -17 -2
28 -17 -14
28 -17 -26
28 -17 -27
28 -18 -13
28 -19 -1
28 -19 -12
28 -20 -2
28 -20 -14
28 -20 -22
28 -20 -25
28 -20 -26
28 -21 -23
28 -21 -24
28 -22 -5
28 -22 -7
28 -22 -25
28 -23 -1
28 -23 -8
28 -23 -15
28 -23 -24
28 -24 -1
28 -24 -7
28 -24 -9
28 -24 -12
28 -25 -3
28 -25 -21
28 -26 -12
28 -26 -20
28 -27 -4
28 -27 -6
28 -27 -14
28 -27 -16
29 0 -12
29 -1 -1
29 -1 -5
29 -1 -9
29 -1 -14
29 -1 -21
29 -1 -25
29 -2 -7
29 -2 -10
29 -3 0
29 -3 -9
29 -3 -11
29 -3 -19
29 -4 -6
29 -4 -25
29 -5 -3
29 -5 -4
29 -5 -5
29 -5 -15
29 -5 -24
29 -6 -2
29 -6 -16
29 -6 -19
29 -6 -23
29 -7 -13
29 -7 -25
29 -7 -26
29 -8 -21
29 -8 -25
29 -9 0
29 -9 -3
29 -10 -22
29 -11 -6
29 -11 -7
29 -11 -11
29 -11 -14
29 -11 -15
29 -11 -18
29 -11 -21
29 -12 -1
29 -12 -27
29 -13 -4
29 -13 -6
29 -13 -7
29 -13 -20
29 -14 -2
29 -14 -9
29 -14 -13
29 -15 -19
29 -15 -22
29 -15 -27
29 -16 -21
29 -17 0
29 -17 -2
29 -17 -14
29 -17 -26
29 -17 -27
29 -18 -13
29 -19 -1
29 -19 -12
29 -20 -2
29 -20 -14
29 -20 -22
29 -20 -25
29 -20 -26
29 -21 -23
29 -21 -24
29 -22 -5
29 -22 -7
29 -22 -25
29 -23 -1
29 -23 -8
29 -23 -15
29 -23 -24
29 -24 -1
29 -24 -7
29 -24 -9
29 -24 -12
29 -25 -3
29 -25 -21
29 -26 -12
29 -26 -20
29 -27 -4
29 -27 -6
29 -27 -14
29 -27 -16
30 0 -12
30 -1 -1
30 -1 -5
30 -1 -9
30 -1 -14
30 -1 -21
30 -1 -25
30 -2 -7
30 -2 -10
30 -3 0
30 -3 -9
30 -3 -11
30 -3 -19
30 -4 -6
30 -4 -25
30 -5 -3
30 -5 -4
30 -5 -5
30 -5 -15
30 -5 -24
30 -6 -2
30 -6 -16
30 -6 -19
30 -6 -23
30 -7 -13
30 -7 -25
30 -7 -26
30 -8 -21
30 -8 -25
30 -9 0
30 -9 -3
30 -10 -22
30 -11 -6
30 -11 -7
30 -11 -11
30 -11 -14
30 -11 -15
30 -11 -18
30 -11 -21
30 -12 -1
30 -12 -27
30 -13 -4
30 -13 -6
30 -13 -7
30 -13 -20
30 -14 -2
30 -14 -9
30 -14 -13
30 -15 -19
30 -15 -22
30 -15 -27
30 -16 -21
30 -17 0
30 -17 -2
30 -17 -14
30 -17 -26
30 -17 -27
30 -18 -13
30 -19 -1
30 -19 -12
30 -20 -2
30 -20 -14
30 -20 -22
30 -20 -25
30 -20 -26
30 -21 -23
30 -21 -24
30 -22 -5
30 -22 -7
30 -22 -25
30 -23 -1
30 -23 -8
30 -23 -15
30 -23 -24
30 -24 -1
30 -24 -7
30 -24 -9
30 -24 -12
30 -25 -3
30 -25 -21
30 -26 -12
30 -26 -20
30 -27 -4
30 -27 -6
30 -27 -14
30 -27 -16
31 0 -12
31 -1 -1
31 -1 -5
31 -1 -9
31 -1 -14
31 -1 -21
31 -1 -25
31 -2 -7
31 -2 -10
31 -3 0
31 -3 -9
31 -3 -11
31 -3 -19
31 -4 -6
31 -4 -25
31 -5 -3
31 -5 -4
31 -5 -5
31 -5 -15
31 -5 -24
31 -6 -2
31 -6 -16
31 -6 -19
31 -6 -23
31 -7 -13
31 -7 -25
31 -7 -26
31 -8 -21
31 -8 -25
31 -9 0
31 -9 -3
31 -10 -22
31 -11 -6
31 -11 -7
31 -11 -11
31 -11 -14
31 -11 -15
31 -11 -18
31 -11 -21
31 -12 -1
31 -12 -27
31 -13 -4
31 -13 -6
31 -13 -7
31 -13 -20
31 -14 -2
31 -14 -9
31 -14 -13
31 -15 -19
31 -15 -22
31 -15 -27
31 -16 -21
31 -17 0
31 -17 -2
31 -17 -14
31 -17 -26
31 -17 -27
31 -18 -13
31 -19 -1
31 -19 -12
31 -20 -2
31 -20 -14
31 -20 -22
31 -20 -25
31 -20 -26
31 -21 -23
31 -21 -24
31 -22 -5
31 -22 -7
31 -22 -25
31 -23 -1
31 -23 -8
31 -23 -15
31 -23 -24
31 -24 -1
31 -24 -7
31 -24 -9
31 -24 -12
31 -25 -3
31 -25 -21
31 -26 -12
31 -26 -20
31 -27 -4
31 -27 -6
31 -27 -14
31 -27 -16
32 0 -12
32 -1 -1
32 -1 -5
32 -1 -9
32 -1 -14
32 -1 -21
32 -1 -25
32 -2 -7
32 -2 -10
32 -3 0
32 -3 -9
32 -3 -11
32 -3 -19
32 -4 -6
32 -4 -25
32 -5 -3
32 -5 -4
32 -5 -5
32 -5 -15
32 -5 -24
32 -6 -2
32 -6 -16
32 -6 -19
32 -6 -23
32 -7 -13
32 -7 -25
32 -7 -26
32 -8 -21
32 -8 -25
32 -9 0
32 -9 -3
32 -10 -22
32 -11 -6
32 -11 -7
32 -11 -11
32 -11 -14
32 -11 -15
32 -11 -18
32 -11 -21
32 -12 -1
32 -12 -27
32 -13 -4
32 -13 -6
32 -13 -7
32 -13 -20
32 -14 -2
32 -14 -9
32 -14 -13
32 -15 -19
32 -15 -22
32 -15 -27
32 -16 -21
32 -17 0
32 -17 -2
32 -17 -14
32 -17 -26
32 -17 -27
32 -18 -13
32 -19 -1
32 -19 -12
32 -20 -2
32 -20 -14
32 -20 -22
32 -20 -25
32 -20 -26
32 -21 -23
32 -21 -24
32 -22 -5
32 -22 -7
32 -22 -25
32 -23 -1
32 -23 -8
32 -23 -15
32 -23 -24
32 -24 -1
32 -24 -7
32 -24 -9
32 -24 -12
32 -25 -3
32 -25 -21
32 -26 -12
32 -26 -20
32 -27 -4
32 -27 -6
32 -27 -14
32 -27 -16
33 0 -12
33 -1 -1
33 -1 -5
33 -1 -9
33 -1 -14
33 -1 -21
33 -1 -25
33 -2 -7
33 -2 -10
33 -3 0
33 -3 -9
33 -3 -11
33 -3 -19
33 -4 -6
33 -4 -25
33 -5 -3
33 -5 -4
33 -5 -5
33 -5 -15
33 -5 -24
33 -6 -2
33 -6 -16
33 -6 -19
33 -6 -23
33 -7 -13
33 -7 -25
33 -7 -26
33 -8 -21
33 -8 -25
33 -9 0
33 -9 -3
33 -10 -22
33 -11 -6
33 -11 -7
33 -11 -11
33 -11 -14
33 -11 -15
33 -11 -18
33 -11 -21
33 -12 -1
33 -12 -27
33 -13 -4
33 -13 -6
33 -13 -7
33 -13 -20
33 -14 -2
33 -14 -9
33 -14 -13
33 -15 -19
33 -15 -22
33 -15 -27
33 -16 -21
33 -17 0
33 -17 -2
33 -17 -14
33 -17 -26
33 -17 -27
33 -18 -13
33 -19 -1
33 -19 -12
33 -20 -2
33 -20 -14
33 -20 -22
33 -20 -25
33 -20 -26
33 -21 -23
33 -21 -24
33 -22 -5
33 -22 -7
33 -22 -25
33 -23 -1
33 -23 -8
33 -23 -15
33 -23 -24
33 -24 -1
33 -24 -7
33 -24 -9
33 -24 -12
33 -25 -3
33 -25 -21
33 -26 -12
33 -26 -20
33 -27 -4
33 -27 -6
33 -27 -14
33 -27 -16
34 0 -12
34 -1 -1
34 -1 -5
34 -1 -9
34 -1 -14
34 -1 -21
34 -1 -25
34 -2 -7
34 -2 -10
34 -3 0
34 -3 -9
34 -3 -11
34 -3 -19
34 -4 -6
34 -4 -25
34 -5 -3
34 -5 -4
34 -5 -5
34 -5 -15
34 -5 -24
34 -6 -2
34 -6 -16
34 -6 -19
34 -6 -23
34 -7 -13
34 -7 -25
34 -7 -26
34 -8 -21
34 -8 -25
34 -9 0
34 -9 -3
34 -10 -22
34 -11 -6
34 -11 -7
34 -11 -11
34 -11 -14
34 -11 -15
34 -11 -18
34 -11 -21
34 -12 -1
34 -12 -27
34 -13 -4
34 -13 -6
34 -13 -7
34 -13 -20
34 -14 -2
34 -14 -9
34 -14 -13
34 -15 -19
34 -15 -22
34 -15 -27
34 -16 -21
34 -17 0
34 -17 -2
34 -17 -14
34 -17 -26
34 -17 -27
34 -18 -13
34 -19 -1
34 -19 -12
34 -20 -2
34 -20 -14
34 -20 -22
34 -20 -25
34 -20 -26
34 -21 -23
34 -21 -24
34 -22 -5
34 -22 -7
34 -22 -25
34 -23 -1
34 -23 -8
34 -23 -15
34 -23 -24
34 -24 -1
34 -24 -7
34 -24 -9
34 -24 -12
34 -25 -3
34 -25 -21
34 -26 -12
34 -26 -20
34 -27 -4
34 -27 -6
34 -27 -14
34 -27 -16
35 0 -12
35 -1 -1
35 -1 -5
35 -1 -9
35 -1 -14
35 -1 -21
35 -1 -25
35 -2 -7
35 -2 -10
35 -3 0
35 -3 -9
35 -3 -11
35 -3 -19
35 -4 -6
35 -4 -25
35 -5 -3
35 -5 -4
35 -5 -5
35 -5 -15
35 -5 -24
35 -6 -2
35 -6 -16
35 -6 -19
35 -6 -23
35 -7 -13
35 -7 -25
35 -7 -26
35 -8 -21
35 -8 -25
35 -9 0
35 -9 -3
35 -10 -22
35 -11 -6
35 -11 -7
35 -11 -11
35 -11 -14
35 -11 -15
35 -11 -18
35 -11 -21
35 -12 -1
35 -12 -27
35 -13 -4
35 -13 -6
35 -13 -7
35 -13 -20
35 -14 -2
35 -14 -9
35 -14 -13
35 -15 -19
35 -15 -22
35 -15 -27
35 -16 -21
35 -17 0
35 -17 -2
35 -17 -14
35 -17 -26
35 -17 -27
35 -18 -13
35 -19 -1
35 -19 -12
35 -20 -2
35 -20 -14
35 -20 -22
35 -20 -25
35 -20 -26
35 -21 -23
35 -21 -24
35 -22 -5
35 -22 -7
35 -22 -25
35 -23 -1
35 -23 -8
35 -23 -15
35 -23 -24
35 -24 -1
35 -24 -7
35 -24 -9
35 -24 -12
35 -25 -3
35 -25 -21
35 -26 -12
35 -26 -20
35 -27 -4
35 -27 -6
35 -27 -14
35 -27 -16
36 0 -12
36 -1 -1
36 -1 -5
36 -1 -9
36 -1 -14
36 -1 -21
36 -1 -25
36 -2 -7
36 -2 -10
36 -3 0
36 -3 -9
36 -3 -11
36 -3 -19
36 -4 -6
36 -4 -25
36 -5 -3
36 -5 -4
36 -5 -5
36 -5 -15
36 -5 -24
36 -6 -2
36 -6 -16
36 -6 -19
36 -6 -23
36 -7 -13
36 -7 -25
36 -7 -26
36 -8 -21
36 -8 -25
36 -9 0
36 -9 -3
36 -10 -22
36 -11 -6
36 -11 -7
36 -11 -11
36 -11 -14
36 -11 -15
36 -11 -18
36 -11 -21
36 -12 -1
36 -12 -27
36 -13 -4
36 -13 -6
36 -13 -7
36 -13 -20
36 -14 -2
36 -14 -9
36 -14 -13
36 -15 -19
36 -15 -22
36 -15 -27
36 -16 -21
36 -17 0
36 -17 -2
36 -17 -14
36 -17 -26
36 -17 -27
36 -18 -13
36 -19 -1
36 -19 -12
36 -20 -2
36 -20 -14
36 -20 -22
36 -20 -25
36 -20 -26
36 -21 -23
36 -21 -24
36 -22 -5
36 -22 -7
36 -22 -25
36 -23 -1
36 -23 -8
36 -23 -15
36 -23 -24
36 -24 -1
36 -24 -7
36 -24 -9
36 -24 -12
36 -25 -3
36 -25 -21
36 -26 -12
36 -26 -20
36 -27 -4
36 -27 -6
36 -27 -14
36 -27 -16
37 0 -12
37 -1 -1
37 -1 -5
37 -1 -9
37 -1 -14
37 -1 -21
37 -1 -25
37 -2 -7
37 -2 -10
37 -3 0
37 -3 -9
37 -3 -11
37 -3 -19
37 -4 -6
37 -4 -25
37 -5 -3
37 -5 -4
37 -5 -5
37 -5 -15
37 -5 -24
37 -6 -2
37 -6 -16
37 -6 -19
37 -6 -23
37 -7 -13
37 -7 -25
37 -7 -26
37 -8 -21
37 -8 -25
37 -9 0
37 -9 -3
37 -10 -22
37 -11 -6
37 -11 -7
37 -11 -11
37 -11 -14
37 -11 -15
37 -11 -18
37 -11 -21
37 -12 -1
37 -12 -27
37 -13 -4
37 -13 -6
37 -13 -7
37 -13 -20
37 -14 -2
37 -14 -9
37 -14 -13
37 -15 -19
37 -15 -22
37 -15 -27
37 -16 -21
37 -17 0
37 -17 -2
37 -17 -14
37 -17 -26
37 -17 -27
37 -18 -13
37 -19 -1
37 -19 -12
37 -20 -2
37 -20 -14
37 -20 -22
37 -20 -25
37 -20 -26
37 -21 -23
37 -21 -24
37 -22 -5
37 -22 -7
37 -22 -25
37 -23 -1
37 -23 -8
37 -23 -15
37 -23 -24
37 -24 -1
37 -24 -7
37 -24 -9
37 -24 -12
37 -25 -3
37 -25 -21
37 -26 -12
37 -26 -20
37 -27 -4
37 -27 -6
37 -27 -14
37 -27 -16
38 0 -12
38 -1 -1
38 -1 -5
38 -1 -9
38 -1 -14
38 -1 -21
38 -1 -25
38 -2 -7
38 -2 -10
38 -3 0
38 -3 -9
38 -3 -11
38 -3 -19
38 -4 -6
38 -4 -25
38 -5 -3
38 -5 -4
38 -5 -5
38 -5 -15
38 -5 -24
38 -6 -2
38 -6 -16
38 -6 -19
38 -6 -23
38 -7 -13
38 -7 -25
38 -7 -26
38 -8 -21
38 -8 -25
38 -9 0
38 -9 -3
38 -10 -22
38 -11 -6
38 -11 -7
38 -11 -11
38 -11 -14
38 -11 -15
38 -11 -18
38 -11 -21
38 -12 -1
38 -12 -27
38 -13 -4
38 -13 -6
38 -13 -7
38 -13 -20
38 -14 -2
38 -14 -9
38 -14 -13
38 -15 -19
38 -15 -22
38 -15 -27
38 -16 -21
38 -17 0
38 -17 -2
38 -17 -14
38 -17 -26
38 -17 -27
38 -18 -13
38 -19 -1
38 -19 -12
38 -20 -2
38 -20 -14
38 -20 -22
38 -20 -25
38 -20 -26
38 -21 -23
38 -21 -24
38 -22 -5
38 -22 -7
38 -22 -25
38 -23 -1
38 -23 -8
38 -23 -15
38 -23 -24
38 -24 -1
38 -24 -7
38 -24 -9
38 -24 -12
38 -25 -3
38 -25 -21
38 -26 -12
38 -26 -20
38 -27 -4
38 -27 -6
38 -27 -14
38 -27 -16
39 0 -12
39 -1 -1
39 -1 -5
39 -1 -9
39 -1 -14
39 -1 -21
39 -1 -25
39 -2 -7
39 -2 -10
39 -3 0
39 -3 -9
39 -3 -11
39 -3 -19
39 -4 -6
39 -4 -25
39 -5 -3
39 -5 -4
39 -5 -5
39 -5 -15
39 -5 -24
39 -6 -2
39 -6 -16
39 -6 -19
39 -6 -23
39 -7 -13
39 -7 -25
39 -7 -26
39 -8 -21
39 -8 -25
39 -9 0
39 -9 -3
39 -10 -22
39 -11 -6
39 -11 -7
39 -11 -11
39 -11 -14
39 -11 -15
39 -11 -18
39 -11 -21
39 -12 -1
39 -12 -27
39 -13 -4
39 -13 -6
39 -13 -7
39 -13 -20
39 -14 -2
39 -14 -9
39 -14 -13
39 -15 -19
39 -15 -22
39 -15 -27
39 -16 -21
39 -17 0
39 -17 -2
39 -17 -14
39 -17 -26
39 -17 -27
39 -18 -13
39 -19 -1
39 -19 -12
39 -20 -2
39 -20 -14
39 -20 -22
39 -20 -25
39 -20 -26
39 -21 -23
39 -21 -24
39 -22 -5
39 -22 -7
39 -22 -25
39 -23 -1
39 -23 -8
39 -23 -15
39 -23 -24
39 -24 -1
39 -24 -7
39 -24 -9
39 -24 -12
39 -25 -3
39 -25 -21
39 -26 -12
39 -26 -20
39 -27 -4
39 -27 -6
39 -27 -14
39 -27 -16
40 0 -12
40 -1 -1
40 -1 -5
40 -1 -9
40 -1 -14
40 -1 -21
40 -1 -25
40 -2 -7
40 -2 -10
40 -3 0
40 -3 -9
40 -3 -11
40 -3 -19
40 -4 -6
40 -4 -25
40 -5 -3
40 -5 -4
40 -5 -5
40 -5 -15
40 -5 -24
40 -6 -2
40 -6 -16
40 -6 -19
40 -6 -23
40 -7 -13
40 -7 -25
40 -7 -26
40 -8 -21
40 -8 -25
40 -9 0
40 -9 -3
40 -10 -22
40 -11 -6
40 -11 -7
40 -11 -11
40 -11 -14
40 -11 -15
40 -11 -18
40 -11 -21
40 -12 -1
40 -12 -27
40 -13 -4
40 -13 -6
40 -13 -7
40 -13 -20
40 -14 -2
40 -14 -9
40 -14 -13
40 -15 -19
40 -15 -22
40 -15 -27
40 -16 -21
40 -17 0
40 -17 -2
40 -17 -14
40 -17 -26
40 -17 -27
40 -18 -13
40 -19 -1
40 -19 -12
40 -20 -2
40 -20 -14
40 -20 -22
40 -20 -25
40 -20 -26
40 -21 -23
40 -21 -24
40 -22 -5
40 -22 -7
40 -22 -25
40 -23 -1
40 -23 -8
40 -23 -15
40 -23 -24
40 -24 -1
40 -24 -7
40 -24 -9
40 -24 -12
40 -25 -3
40 -25 -21
40 -26 -12
40 -26 -20
40 -27 -4
40 -27 -6
40 -27 -14
40 -27 -16
41 0 -12
41 -1 -1
41 -1 -5
41 -1 -9
41 -1 -14
41 -1 -21
41 -1 -25
41 -2 -7
41 -2 -10
41 -3 0
41 -3 -9
41 -3 -11
41 -3 -19
41 -4 -6
41 -4 -25
41 -5 -3
41 -5 -4
41 -5 -5
41 -5 -15
41 -5 -24
41 -6 -2
41 -6 -16
41 -6 -19
41 -6 -23
41 -7 -13
41 -7 -25
41 -7 -26
41 -8 -21
41 -8 -25
41 -9 0
41 -9 -3
41 -10 -22
41 -11 -6
41 -11 -7
41 -11 -11
41 -11 -14
41 -11 -15
41 -11 -18
41 -11 -21
41 -12 -1
41 -12 -27
41 -13 -4
41 -13 -6
41 -13 -7
41 -13 -20
41 -14 -2
41 -14 -9
41 -14 -13
41 -15 -19
41 -15 -22
41 -15 -27
41 -16 -21
41 -17 0
41 -17 -2
41 -17 -14
41 -17 -26
41 -17 -27
41 -18 -13
41 -19 -1
41 -19 -12
41 -20 -2
41 -20 -14
41 -20 -22
41 -20 -25
41 -20 -26
41 -21 -23
41 -21 -24
41 -22 -5
41 -22 -7
41 -22 -25
41 -23 -1
41 -23 -8
41 -23 -15
41 -23 -24
41 -24 -1
41 -24 -7
41 -24 -9
41 -24 -12
41 -25 -3
41 -25 -21
41 -26 -12
41 -26 -20
41 -27 -4
41 -27 -6
41 -27 -14
41 -27 -16
42 0 -12
42 -1 -1
42 -1 -5
42 -1 -9
42 -1 -14
42 -1 -21
42 -1 -25
42 -2 -7
42 -2 -10
42 -3 0
42 -3 -9
42 -3 -11
42 -3 -19
42 -4 -6
42 -4 -25
42 -5 -3
42 -5 -4
42 -5 -5
42 -5 -15
42 -5 -24
42 -6 -2
42 -6 -16
42 -6 -19
42 -6 -23
42 -7 -13
42 -7 -25
42 -7 -26
42 -8 -21
42 -8 -25
42 -9 0
42 -9 -3
42 -10 -22
42 -11 -6
42 -11 -7
42 -11 -11
42 -11 -14
42 -11 -15
42 -11 -18
42 -11 -21
42 -12 -1
42 -12 -27
42 -13 -4
42 -13 -6
42 -13 -7
42 -13 -20
42 -14 -2
42 -14 -9
42 -14 -13
42 -15 -19
42 -15 -22
42 -15 -27
42 -16 -21
42 -17 0
42 -17 -2
42 -17 -14
42 -17 -26
42 -17 -27
42 -18 -13
42 -19 -1
42 -19 -12
42 -20 -2
42 -20 -14
42 -20 -22
42 -20 -25
42 -20 -26
42 -21 -23
42 -21 -24
42 -22 -5
42 -22 -7
42 -22 -25
42 -23 -1
42 -23 -8
42 -23 -15
42 -23 -24
42 -24 -1
42 -24 -7
42 -24 -9
42 -24 -12
42 -25 -3
42 -25 -21
42 -26 -12
42 -26 -20
42 -27 -4
42 -27 -6
42 -27 -14
42 -27 -16
43 0 -12
43 -1 -1
43 -1 -5
43 -1 -9
43 -1 -14
43 -1 -21
43 -1 -25
43 -2 -7
43 -2 -10
43 -3 0
43 -3 -9
43 -3 -11
43 -3 -19
43 -4 -6
43 -4 -25
43 -5 -3
43 -5 -4
43 -5 -5
43 -5 -15
43 -5 -24
43 -6 -2
43 -6 -16
43 -6 -19
43 -6 -23
43 -7 -13
43 -7 -25
43 -7 -26
43 -8 -21
43 -8 -25
43 -9 0
43 -9 -3
43 -10 -22
43 -11 -6
43 -11 -7
43 -11 -11
43 -11 -14
43 -11 -15
43 -11 -18
43 -11 -21
43 -12 -1
43 -12 -27
43 -13 -4
43 -13 -6
43 -13 -7
43 -13 -20
43 -14 -2
43 -14 -9
43 -14 -13
43 -15 -19
43 -15 -22
43 -15 -27
43 -16 -21
43 -17 0
43 -17 -2
43 -17 -14
43 -17 -26
43 -17 -27
43 -18 -13
43 -19 -1
43 -19 -12
43 -20 -2
43 -20 -14
43 -20 -22
43 -20 -25
43 -20 -26
43 -21 -23
43 -21 -24
43 -22 -5
43 -22 -7
43 -22 -25
43 -23 -1
43 -23 -8
43 -23 -15
43 -23 -24
43 -24 -1
43 -24 -7
43 -24 -9
43 -24 -12
43 -25 -3
43 -25 -21
43 -26 -12
43 -26 -20
43 -27 -4
43 -27 -6
43 -27 -14
43 -27 -16
44 0 -12
44 -1 -1
44 -1 -5
44 -1 -9
44 -1 -14
44 -1 -21
44 -1 -25
44 -2 -7
44 -2 -10
44 -3 0
44 -3 -9
44 -3 -11
44 -3 -19
44 -4 -6
44 -4 -25
44 -5 -3
44 -5 -4
44 -5 -5
44 -5 -15
44 -5 -24
44 -6 -2
44 -6 -16
44 -6 -19
44 -6 -23
44 -7 -13
44 -7 -25
44 -7 -26
44 -8 -21
44 -8 -25
44 -9 0
44 -9 -3
44 -10 -22
44 -11 -6
44 -11 -7
44 -11 -11
44 -11 -14
44 -11 -15
44 -11 -18
44 -11 -21
44 -12 -1
44 -12 -27
44 -13 -4
44 -13 -6
44 -13 -7
44 -13 -20
44 -14 -2
44 -14 -9
44 -14 -13
44 -15 -19
44 -15 -22
44 -15 -27
44 -16 -21
44 -17 0
44 -17 -2
44 -17 -14
44 -17 -26
44 -17 -27
44 -18 -13
44 -19 -1
44 -19 -12
44 -20 -2
44 -20 -14
44 -20 -22
44 -20 -25
44 -20 -26
44 -21 -23
44 -21 -24
44 -22 -5
44 -22 -7
44 -22 -25
44 -23 -1
44 -23 -8
44 -23 -15
44 -23 -24
44 -24 -1
44 -24 -7
44 -24 -9
44 -24 -12
44 -25 -3
44 -25 -21
44 -26 -12
44 -26 -20
44 -27 -4
44 -27 -6
44 -27 -14
44 -27 -16
45 0 -12
45 -1 -1
45 -1 -5
45 -1 -9
45 -1 -14
45 -1 -21
45 -1 -25
45 -2 -7
45 -2 -10
45 -3 0
45 -3 -9
45 -3 -11
45 -3 -19
45 -4 -6
45 -4 -25
45 -5 -3
45 -5 -4
45 -5 -5
45 -5 -15
45 -5 -24
45 -6 -2
45 -6 -16
45 -6 -19
45 -6 -23
45 -7 -13
45 -7 -25
45 -7 -26
45 -8 -21
45 -8 -25
45 -9 0
45 -9 -3
45 -10 -22
45 -11 -6
45 -11 -7
45 -11 -11
45 -11 -14
45 -11 -15
45 -11 -18
45 -11 -21
45 -12 -1
45 -12 -27
45 -13 -4
45 -13 -6
45 -13 -7
45 -13 -20
45 -14 -2
45 -14 -9
45 -14 -13
45 -15 -19
45 -15 -22
45 -15 -27
45 -16 -21
45 -17 0
45 -17 -2
45 -17 -14
45 -17 -26
45 -17 -27
45 -18 -13
45 -19 -1
45 -19 -12
45 -20 -2
45 -20 -14
45 -20 -22
45 -20 -25
45 -20 -26
45 -21 -23
45 -21 -24
45 -22 -5
45 -22 -7
45 -22 -25
45 -23 -1
45 -23 -8
45 -23 -15
45 -23 -24
45 -24 -1
45 -24 -7
45 -24 -9
45 -24 -12
45 -25 -3
45 -25 -21
45 -26 -12
45 -26 -20
45 -27 -4
45 -27 -6
45 -27 -14
45 -27 -16
46 0 -12
46 -1 -1
46 -1 -5
46 -1 -9
46 -1 -14
46 -1 -21
46 -1 -25
46 -2 -7
46 -2 -10
46 -3 0
46 -3 -9
46 -3 -11
46 -3 -19
46 -4 -6
46 -4 -25
46 -5 -3
46 -5 -4
46 -5 -5
46 -5 -15
46 -5 -24
46 -6 -2
46 -6 -16
46 -6 -19
46 -6 -23
46 -7 -13
46 -7 -25
46 -7 -26
46 -8 -21
46 -8 -25
46 -9 0
46 -9 -3
46 -10 -22
46 -11 -6
46 -11 -7
46 -11 -11
46 -11 -14
46 -11 -15
46 -11 -18
46 -11 -21
46 -12 -1
46 -12 -27
46 -13 -4
46 -13 -6
46 -13 -7
46 -13 -20
46 -14 -2
46 -14 -9
46 -14 -13
46 -15 -19
46 -15 -22
46 -15 -27
46 -16 -21
46 -17 0
46 -17 -2
46 -17 -14
46 -17 -26
46 -17 -27
46 -18 -13
46 -19 -1
46 -19 -12
46 -20 -2
46 -20 -14
46 -20 -22
46 -20 -25
46 -20 -26
46 -21 -23
46 -21 -24
46 -22 -5
46 -22 -7
46 -22 -25
46 -23 -1
46 -23 -8
46 -23 -15
46 -23 -24
46 -24 -1
46 -24 -7
46 -24 -9
46 -24 -12
46 -25 -3
46 -25 -21
46 -26 -12
46 -26 -20
46 -27 -4
46 -27 -6
46 -27 -14
46 -27 -16
47 0 -12
47 -1 -1
47 -1 -5
47 -1 -9
47 -1 -14
47 -1 -21
47 -1 -25
47 -2 -7
47 -2 -10
47 -3 0
47 -3 -9
47 -3 -11
47 -3 -19
47 -4 -6
47 -4 -25
47 -5 -3
47 -5 -4
47 -5 -5
47 -5 -15
47 -5 -24
47 -6 -2
47 -6 -16
47 -6 -19
47 -6 -23
47 -7 -13
47 -7 -25
47 -7 -26
47 -8 -21
47 -8 -25
47 -9 0
47 -9 -3
47 -10 -22
47 -11 -6
47 -11 -7
47 -11 -11
47 -11 -14
47 -11 -15
47 -11 -18
47 -11 -21
47 -12 -1
47 -12 -27
47 -13 -4
47 -13 -6
47 -13 -7
47 -13 -20
47 -14 -2
47 -14 -9
47 -14 -13
47 -15 -19
47 -15 -22
47 -15 -27
47 -16 -21
47 -17 0
47 -17 -2
47 -17 -14
47 -17 -26
47 -17 -27
47 -18 -13
47 -19 -1
47 -19 -12
47 -20 -2
47 -20 -14
47 -20 -22
47 -20 -25
47 -20 -26
47 -21 -23
47 -21 -24
47 -22 -5
47 -22 -7
47 -22 -25
47 -23 -1
47 -23 -8
47 -23 -15
47 -23 -24
47 -24 -1
47 -24 -7
47 -24 -9
47 -24 -12
47 -25 -3
47 -25 -21
47 -26 -12
47 -26 -20
47 -27 -4
47 -27 -6
47 -27 -14
47 -27 -16
48 0 -12
48 -1 -1
48 -1 -5
48 -1 -9
48 -1 -14
48 -1 -21
48 -1 -25
48 -2 -7
48 -2 -10
48 -3 0
48 -3 -9
48 -3 -11
48 -3 -19
48 -4 -6
48 -4 -25
48 -5 -3
48 -5 -4
48 -5 -5
48 -5 -15
48 -5 -24
48 -6 -2
48 -6 -16
48 -6 -19
48 -6 -23
48 -7 -13
48 -7 -25
48 -7 -26
48 -8 -21
48 -8 -25
48 -9 0
48 -9 -3
48 -10 -22
48 -11 -6
48 -11 -7
48 -11 -11
48 -11 -14
48 -11 -15
48 -11 -18
48 -11 -21
48 -12 -1
48 -12 -27
48 -13 -4
48 -13 -6
48 -13 -7
48 -13 -20
48 -14 -2
48 -14 -9
48 -14 -13
48 -15 -19
48 -15 -22
48 -15 -27
48 -16 -21
48 -17 0
48 -17 -2
48 -17 -14
48 -17 -26
48 -17 -27
48 -18 -13
48 -19 -1
48 -19 -12
48 -20 -2
48 -20 -14
48 -20 -22
48 -20 -25
48 -20 -26
48 -21 -23
48 -21 -24
48 -22 -5
48 -22 -7
48 -22 -25
48 -23 -1
48 -23 -8
48 -23 -15
48 -23 -24
48 -24 -1
48 -24 -7
48 -24 -9
48 -24 -12
48 -25 -3
48 -25 -21
48 -26 -12
48 -26 -20
48 -27 -4
48 -27 -6
48 -27 -14
48 -27 -16
49 0 -12
49 -1 -1
49 -1 -5
49 -1 -9
49 -1 -14
49 -1 -21
49 -1 -25
49 -2 -7
49 -2 -10
49 -3 0
49 -3 -9
49 -3 -11
49 -3 -19
49 -4 -6
49 -4 -25
49 -5 -3
49 -5 -4
49 -5 -5
49 -5 -15
49 -5 -24
49 -6 -2
49 -6 -16
49 -6 -19
49 -6 -23
49 -7 -13
49 -7 -25
49 -7 -26
49 -8 -21
49 -8 -25
49 -9 0
49 -9 -3
49 -10 -22
49 -11 -6
49 -11 -7
49 -11 -11
49 -11 -14
49 -11 -15
49 -11 -18
49 -11 -21
49 -12 -1
49 -12 -27
49 -13 -4
49 -13 -6
49 -13 -7
49 -13 -20
49 -14 -2
49 -14 -9
49 -14 -13
49 -15 -19
49 -15 -22
49 -15 -27
49 -16 -21
49 -17 0
49 -17 -2
49 -17 -14
49 -17 -26
49 -17 -27
49 -18 -13
49 -19 -1
49 -19 -12
49 -20 -2
49 -20 -14
49 -20 -22
49 -20 -25
49 -20 -26
49 -21 -23
49 -21 -24
49 -22 -5
49 -22 -7
49 -22 -25
49 -23 -1
49 -23 -8
49 -23 -15
49 -23 -24
49 -24 -1
49 -24 -7
49 -24 -9
49 -24 -12
49 -25 -3
49 -25 -21
49 -26 -12
49 -26 -20
49 -27 -4
49 -27 -6
49 -27 -14
49 -27 -16
50 0 -12
50 -1 -1
50 -1 -5
50 -1 -9
50 -1 -14
50 -1 -21
50 -1 -25
50 -2 -7
50 -2 -10
50 -3 0
50 -3 -9
50 -3 -11
50 -3 -19
50 -4 -6
50 -4 -25
50 -5 -3
50 -5 -4
50 -5 -5
50 -5 -15
50 -5 -24
50 -6 -2
50 -6 -16
50 -6 -19
50 -6 -23
50 -7 -13
50 -7 -25
50 -7 -26
50 -8 -21
50 -8 -25
50 -9 0
50 -9 -3
50 -10 -22
50 -11 -6
50 -11 -7
50 -11 -11
50 -11 -14
50 -11 -15
50 -11 -18
50 -11 -21
50 -12 -1
50 -12 -27
50 -13 -4
50 -13 -6
50 -13 -7
50 -13 -20
50 -14 -2
50 -14 -9
50 -14 -13
50 -15 -19
50 -15 -22
50 -15 -27
50 -16 -21
50 -17 0
50 -17 -2
50 -17 -14
50 -17 -26
50 -17 -27
50 -18 -13
50 -19 -1
50 -19 -12
50 -20 -2
50 -20 -14
50 -20 -22
50 -20 -25
50 -20 -26
50 -21 -23
50 -21 -24
50 -22 -5
50 -22 -7
50 -22 -25
50 -23 -1
50 -23 -8
50 -23 -15
50 -23 -24
50 -24 -1
50 -24 -7
50 -24 -9
50 -24 -12
50 -25 -3
50 -25 -21
50 -26 -12
50 -26 -20
50 -27 -4
50 -27 -6
50 -27 -14
50 -27 -16
51 0 -12
51 -1 -1
51 -1 -5
51 -1 -9
51 -1 -14
51 -1 -21
51 -1 -25
51 -2 -7
51 -2 -10
51 -3 0
51 -3 -9
51 -3 -11
51 -3 -19
51 -4 -6
51 -4 -25
51 -5 -3
51 -5 -4
51 -5 -5
51 -5 -15
51 -5 -24
51 -6 -2
51 -6 -16
51 -6 -19
51 -6 -23
51 -7 -13
51 -7 -25
51 -7 -26
51 -8 -21
51 -8 -25
51 -9 0
51 -9 -3
51 -10 -22
51 -11 -6
51 -11 -7
51 -11 -11
51 -11 -14
51 -11 -15
51 -11 -18
51 -11 -21
51 -12 -1
51 -12 -27
51 -13 -4
51 -13 -6
51 -13 -7
51 -13 -20
51 -14 -2
51 -14 -9
51 -14 -13
51 -15 -19
51 -15 -22
51 -15 -27
51 -16 -21
51 -17 0
51 -17 -2
51 -17 -14
51 -17 -26
51 -17 -27
51 -18 -13
51 -19 -1
51 -19 -12
51 -20 -2
51 -20 -14
51 -20 -22
51 -20 -25
51 -20 -26
51 -21 -23
51 -21 -24
51 -22 -5
51 -22 -7
51 -22 -25
51 -23 -1
51 -23 -8
51 -23 -15
51 -23 -24
51 -24 -1
51 -24 -7
51 -24 -9
51 -24 -12
51 -25 -3
51 -25 -21
51 -26 -12
51 -26 -20
51 -27 -4
51 -27 -6
51 -27 -14
51 -27 -16
52 0 -12
52 -1 -1
52 -1 -5
52 -1 -9
52 -1 -14
52 -1 -21
52 -1 -25
52 -2 -7
52 -2 -10
52 -3 0
52 -3 -9
52 -3 -11
52 -3 -19
52 -4 -6
52 -4 -25
52 -5 -3
52 -5 -4
52 -5 -5
52 -5 -15
52 -5 -24
52 -6 -2
52 -6 -16
52 -6 -19
52 -6 -23
52 -7 -13
52 -7 -25
52 -7 -26
52 -8 -21
52 -8 -25
52 -9 0
52 -9 -3
52 -10 -22
52 -11 -6
52 -11 -7
52 -11 -11
52 -11 -14
52 -11 -15
52 -11 -18
52 -11 -21
52 -12 -1
52 -12 -27
52 -13 -4
52 -13 -6
52 -13 -7
52 -13 -20
52 -14 -2
52 -14 -9
52 -14 -13
52 -15 -19
52 -15 -22
52 -15 -27
52 -16 -21
52 -17 0
52 -17 -2
52 -17 -14
52 -17 -26
52 -17 -27
52 -18 -13
52 -19 -1
52 -19 -12
52 -20 -2
52 -20 -14
52 -20 -22
52 -20 -25
52 -20 -26
52 -21 -23
52 -21 -24
52 -22 -5
52 -22 -7
52 -22 -25
52 -23 -1
52 -23 -8
52 -23 -15
52 -23 -24
52 -24 -1
52 -24 -7
52 -24 -9
52 -24 -12
52 -25 -3
52 -25 -21
52 -26 -12
52 -26 -20
52 -27 -4
52 -27 -6
52 -27 -14
52 -27 -16
53 0 -12
53 -1 -1
53 -1 -5
53 -1 -9
53 -1 -14
53 -1 -21
53 -1 -25
53 -2 -7
53 -2 -10
53 -3 0
53 -3 -9
53 -3 -11
53 -3 -19
53 -4 -6
53 -4 -25
53 -5 -3
53 -5 -4
53 -5 -5
53 -5 -15
53 -5 -24
53 -6 -2
53 -6 -16
53 -6 -19
53 -6 -23
53 -7 -13
53 -7 -25
53 -7 -26
53 -8 -21
53 -8 -25
53 -9 0
53 -9 -3
53 -10 -22
53 -11 -6
53 -11 -7
53 -11 -11
53 -11 -14
53 -11 -15
53 -11 -18
53 -11 -21
53 -12 -1
53 -12 -27
53 -13 -4
53 -13 -6
53 -13 -7
53 -13 -20
53 -14 -2
53 -14 -9
53 -14 -13
53 -15 -19
53 -15 -22
53 -15 -27
53 -16 -21
53 -17 0
53 -17 -2
53 -17 -14
53 -17 -26
53 -17 -27
53 -18 -13
53 -19 -1
53 -19 -12
53 -20 -2
53 -20 -14
53 -20 -22
53 -20 -25
53 -20 -26
53 -21 -23
53 -21 -24
53 -22 -5
53 -22 -7
53 -22 -25
53 -23 -1
53 -23 -8
53 -23 -15
53 -23 -24
53 -24 -1
53 -24 -7
53 -24 -9
53 -24 -12
53 -25 -3
53 -25 -21
53 -26 -12
53 -26 -20
53 -27 -4
53 -27 -6
53 -27 -14
53 -27 -16
54 0 -12
54 -1 -1
54 -1 -5
54 -1 -9
54 -1 -14
54 -1 -21
54 -1 -25
54 -2 -7
54 -2 -10
54 -3 0
54 -3 -9
54 -3 -11
54 -3 -19
54 -4 -6
54 -4 -25
54 -5 -3
54 -5 -4
54 -5 -5
54 -5 -15
54 -5 -24
54 -6 -2
54 -6 -16
54 -6 -19
54 -6 -23
54 -7 -13
54 -7 -25
54 -7 -26
54 -8 -21
54 -8 -25
54 -9 0
54 -9 -3
54 -10 -22
54 -11 -6
54 -11 -7
54 -11 -11
54 -11 -14
54 -11 -15
54 -11 -18
54 -11 -21
54 -12 -1
54 -12 -27
54 -13 -4
54 -13 -6
54 -13 -7
54 -13 -20
54 -14 -2
54 -14 -9
54 -14 -13
54 -15 -19
54 -15 -22
54 -15 -27
54 -16 -21
54 -17 0
54 -17 -2
54 -17 -14
54 -17 -26
54 -17 -27
54 -18 -13
54 -19 -1
54 -19 -12
54 -20 -2
54 -20 -14
54 -20 -22
54 -20 -25
54 -20 -26
54 -21 -23
54 -21 -24
54 -22 -5
54 -22 -7
54 -22 -25
54 -23 -1
54 -23 -8
54 -23 -15
54 -23 -24
54 -24 -1
54 -24 -7
54 -24 -9
54 -24 -12
54 -25 -3
54 -25 -21
54 -26 -12
54 -26 -20
54 -27 -4
54 -27 -6
54 -27 -14
54 -27 -16
55 0 -12
55 -1 -1
55 -1 -5
55 -1 -9
55 -1 -14
55 -1 -21
55 -1 -25
55 -2 -7
55 -2 -10
55 -3 0
55 -3 -9
55 -3 -11
55 -3 -19
55 -4 -6
55 -4 -25
55 -5 -3
55 -5 -4
55 -5 -5
55 -5 -15
55 -5 -24
55 -6 -2
55 -6 -16
55 -6 -19
55 -6 -23
55 -7 -13
55 -7 -25
55 -7 -26
55 -8 -21
55 -8 -25
55 -9 0
55 -9 -3
55 -10 -22
55 -11 -6
55 -11 -7
55 -11 -11
55 -11 -14
55 -11 -15
55 -11 -18
55 -11 -21
55 -12 -1
55 -12 -27
55 -13 -4
55 -13 -6
55 -13 -7
55 -13 -20
55 -14 -2
55 -14 -9
55 -14 -13
55 -15 -19
55 -15 -22
55 -15 -27
55 -16 -21
55 -17 0
55 -17 -2
55 -17 -14
55 -17 -26
55 -17 -27
55 -18 -13
55 -19 -1
55 -19 -12
55 -20 -2
55 -20 -14
55 -20 -22
55 -20 -25
55 -20 -26
55 -21 -23
55 -21 -24
55 -22 -5
55 -22 -7
55 -22 -25
55 -23 -1
55 -23 -8
55 -23 -15
55 -23 -24
55 -24 -1
55 -24 -7
55 -24 -9
55 -24 -12
55 -25 -3
55 -25 -21
55 -26 -12
55 -26 -20
55 -27 -4
55 -27 -6
55 -27 -14
55 -27 -16
56 0 -12
56 -1 -1
56 -1 -5
56 -1 -9
56 -1 -14
56 -1 -21
56 -1 -25
56 -2 -7
56 -2 -10
56 -3 0
56 -3 -9
56 -3 -11
56 -3 -19
56 -4 -6
56 -4 -25
56 -5 -3
56 -5 -4
56 -5 -5
56 -5 -15
56 -5 -24
56 -6 -2
56 -6 -16
56 -6 -19
56 -6 -23
56 -7 -13
56 -7 -25
56 -7 -26
56 -8 -21
56 -8 -25
56 -9 0
56 -9 -3
56 -10 -22
56 -11 -6
56 -11 -7
56 -11 -11
56 -11 -14
56 -11 -15
56 -11 -18
56 -11 -21
56 -12 -1
56 -12 -27
56 -13 -4
56 -13 -6
56 -13 -7
56 -13 -20
56 -14 -2
56 -14 -9
56 -14 -13
56 -15 -19
56 -15 -22
56 -15 -27
56 -16 -21
56 -17 0
56 -17 -2
56 -17 -14
56 -17 -26
56 -17 -27
56 -18 -13
56 -19 -1
56 -19 -12
56 -20 -2
56 -20 -14
56 -20 -22
56 -20 -25
56 -20 -26
56 -21 -23
56 -21 -24
56 -22 -5
56 -22 -7
56 -22 -25
56 -23 -1
56 -23 -8
56 -23 -15
56 -23 -24
56 -24 -1
56 -24 -7
56 -24 -9
56 -24 -12
56 -25 -3
56 -25 -21
56 -26 -12
56 -26 -20
56 -27 -4
56 -27 -6
56 -27 -14
56 -27 -16
57 0 -12
57 -1 -1
57 -1 -5
57 -1 -9
57 -1 -14
57 -1 -21
57 -1 -25
57 -2 -7
57 -2 -10
57 -3 0
57 -3 -9
57 -3 -11
57 -3 -19
57 -4 -6
57 -4 -25
57 -5 -3
57 -5 -4
57 -5 -5
57 -5 -15
57 -5 -24
57 -6 -2
57 -6 -16
57 -6 -19
57 -6 -23
57 -7 -13
57 -7 -25
57 -7 -26
57 -8 -21
57 -8 -25
57 -9 0
57 -9 -3
57 -10 -22
57 -11 -6
57 -11 -7
57 -11 -11
57 -11 -14
57 -11 -15
57 -11 -18
57 -11 -21
57 -12 -1
57 -12 -27
57 -13 -4
57 -13 -6
57 -13 -7
57 -13 -20
57 -14 -2
57 -14 -9
57 -14 -13
57 -15 -19
57 -15 -22
57 -15 -27
57 -16 -21
57 -17 0
57 -17 -2
57 -17 -14
57 -17 -26
57 -17 -27
57 -18 -13
57 -19 -1
57 -19 -12
57 -20 -2
57 -20 -14
57 -20 -22
57 -20 -25
57 -20 -26
57 -21 -23
57 -21 -24
57 -22 -5
57 -22 -7
57 -22 -25
57 -23 -1
57 -23 -8
57 -23 -15
57 -23 -24
57 -24 -1
57 -24 -7
57 -24 -9
57 -24 -12
57 -25 -3
57 -25 -21
57 -26 -12
57 -26 -20
57 -27 -4
57 -27 -6
57 -27 -14
57 -27 -16
58 0 -12
58 -1 -1
58 -1 -5
58 -1 -9
58 -1 -14
58 -1 -21
58 -1 -25
58 -2 -7
58 -2 -10
58 -3 0
58 -3 -9
58 -3 -11
58 -3 -19
58 -4 -6
58 -4 -25
58 -5 -3
58 -5 -4
58 -5 -5
58 -5 -15
58 -5 -24
58 -6 -2
58 -6 -16
58 -6 -19
58 -6 -23
58 -7 -13
58 -7 -25
58 -7 -26
58 -8 -21
58 -8 -25
58 -9 0
58 -9 -3
58 -10 -22
58 -11 -6
58 -11 -7
58 -11 -11
58 -11 -14
58 -11 -15
58 -11 -18
58 -11 -21
58 -12 -1
58 -12 -27
58 -13 -4
58 -13 -6
58 -13 -7
58 -13 -20
58 -14 -2
58 -14 -9
58 -14 -13
58 -15 -19
58 -15 -22
58 -15 -27
58 -16 -21
58 -17 0
58 -17 -2
58 -17 -14
58 -17 -26
58 -17 -27
58 -18 -13
58 -19 -1
58 -19 -12
58 -20 -2
58 -20 -14
58 -20 -22
58 -20 -25
58 -20 -26
58 -21 -23
58 -21 -24
58 -22 -5
58 -22 -7
58 -22 -25
58 -23 -1
58 -23 -8
58 -23 -15
58 -23 -24
58 -24 -1
58 -24 -7
58 -24 -9
58 -24 -12
58 -25 -3
58 -25 -21
58 -26 -12
58 -26 -20
58 -27 -4
58 -27 -6
58 -27 -14
58 -27 -16
59 0 -12
59 -1 -1
59 -1 -5
59 -1 -9
59 -1 -14
59 -1 -21
59 -1 -25
59 -2 -7
59 -2 -10
59 -3 0
59 -3 -9
59 -3 -11
59 -3 -19
59 -4 -6
59 -4 -25
59 -5 -3
59 -5 -4
59 -5 -5
59 -5 -15
59 -5 -24
59 -6 -2
59 -6 -16
59 -6 -19
59 -6 -23
59 -7 -13
59 -7 -25
59 -7 -26
59 -8 -21
59 -8 -25
59 -9 0
59 -9 -3
59 -10 -22
59 -11 -6
59 -11 -7
59 -11 -11
59 -11 -14
59 -11 -15
59 -11 -18
59 -11 -21
59 -12 -1
59 -12 -27
59 -13 -4
59 -13 -6
59 -13 -7
59 -13 -20
59 -14 -2
59 -14 -9
59 -14 -13
59 -15 -19
59 -15 -22
59 -15 -27
59 -16 -21
59 -17 0
59 -17 -2
59 -17 -14
59 -17 -26
59 -17 -27
59 -18 -13
59 -19 -1
59 -19 -12
59 -20 -2
59 -20 -14
59 -20 -22
59 -20 -25
59 -20 -26
59 -21 -23
59 -21 -24
59 -22 -5
59 -22 -7
59 -22 -25
59 -23 -1
59 -23 -8
59 -23 -15
59 -23 -24
59 -24 -1
59 -24 -7
59 -24 -9
59 -24 -12
59 -25 -3
59 -25 -21
59 -26 -12
59 -26 -20
59 -27 -4
59 -27 -6
59 -27 -14
59 -27 -16
60 0 -12
60 -1 -1
60 -1 -5
60 -1 -9
60 -1 -14
60 -1 -21
60 -1 -25
60 -2 -7
60 -2 -10
60 -3 0
60 -3 -9
60 -3 -11
60 -3 -19
60 -4 -6
60 -4 -25
60 -5 -3
60 -5 -4
60 -5 -5
60 -5 -15
60 -5 -24
60 -6 -2
60 -6 -16
60 -6 -19
60 -6 -23
60 -7 -13
60 -7 -25
60 -7 -26
60 -8 -21
60 -8 -25
60 -9 0
60 -9 -3
60 -10 -22
60 -11 -6
60 -11 -7
60 -11 -11
60 -11 -14
60 -11 -15
60 -11 -18
60 -11 -21
60 -12 -1
60 -12 -27
60 -13 -4
60 -13 -6
60 -13 -7
60 -13 -20
60 -14 -2
60 -14 -9
60 -14 -13
60 -15 -19
60 -15 -22
60 -15 -27
60 -16 -21
60 -17 0
60 -17 -2
60 -17 -14
60 -17 -26
60 -17 -27
60 -18 -13
60 -19 -1
60 -19 -12
60 -20 -2
60 -20 -14
60 -20 -22
60 -20 -25
60 -20 -26
60 -21 -23
60 -21 -24
60 -22 -5
60 -22 -7
60 -22 -25
60 -23 -1
60 -23 -8
60 -23 -15
60 -23 -24
60 -24 -1
60 -24 -7
60 -24 -9
60 -24 -12
60 -25 -3
60 -25 -21
60 -26 -12
60 -26 -20
60 -27 -4
60 -27 -6
60 -27 -14
60 -27 -16
61 0 -12
61 -1 -1
61 -1 -5
61 -1 -9
61 -1 -14
61 -1 -21
61 -1 -25
61 -2 -7
61 -2 -10
61 -3 0
61 -3 -9
61 -3 -11
61 -3 -19
61 -4 -6
61 -4 -25
61 -5 -3
61 -5 -4
61 -5 -5
61 -5 -15
61 -5 -24
61 -6 -2
61 -6 -16
61 -6 -19
61 -6 -23
61 -7 -13
61 -7 -25
61 -7 -26
61 -8 -21
61 -8 -25
61 -9 0
61 -9 -3
61 -10 -22
61 -11 -6
61 -11 -7
61 -11 -11
61 -11 -14
61 -11 -15
61 -11 -18
61 -11 -21
61 -12 -1
61 -12 -27
61 -13 -4
61 -13 -6
61 -13 -7
61 -13 -20
61 -14 -2
61 -14 -9
61 -14 -13
61 -15 -19
61 -15 -22
61 -15 -27
61 -16 -21
61 -17 0
61 -17 -2
61 -17 -14
61 -17 -26
61 -17 -27
61 -18 -13
61 -19 -1
61 -19 -12
61 -20 -2
61 -20 -14
61 -20 -22
61 -20 -25
61 -20 -26
61 -21 -23
61 -21 -24
61 -22 -5
61 -22 -7
61 -22 -25
61 -23 -1
61 -23 -8
61 -23 -15
61 -23 -24
61 -24 -1
61 -24 -7
61 -24 -9
61 -24 -12
61 -25 -3
61 -25 -21
61 -26 -12
61 -26 -20
61 -27 -4
61 -27 -6
61 -27 -14
61 -27 -16
62 0 -12
62 -1 -1
62 -1 -5
62 -1 -9
62 -1 -14
62 -1 -21
62 -1 -25
62 -2 -7
62 -2 -10
62 -3 0
62 -3 -9
62 -3 -11
62 -3 -19
62 -4 -6
62 -4 -25
62 -5 -3
62 -5 -4
62 -5 -5
62 -5 -15
62 -5 -24
62 -6 -2
62 -6 -16
62 -6 -19
62 -6 -23
62 -7 -13
62 -7 -25
62 -7 -26
62 -8 -21
62 -8 -25
62 -9 0
62 -9 -3
62 -10 -22
62 -11 -6
62 -11 -7
62 -11 -11
62 -11 -14
62 -11 -15
62 -11 -18
62 -11 -21
62 -12 -1
62 -12 -27
62 -13 -4
62 -13 -6
62 -13 -7
62 -13 -20
62 -14 -2
62 -14 -9
62 -14 -13
62 -15 -19
62 -15 -22
62 -15 -27
62 -16 -21
62 -17 0
62 -17 -2
62 -17 -14
62 -17 -26
62 -17 -27
62 -18 -13
62 -19 -1
62 -19 -12
62 -20 -2
62 -20 -14
62 -20 -22
62 -20 -25
62 -20 -26
62 -21 -23
62 -21 -24
62 -22 -5
62 -22 -7
62 -22 -25
62 -23 -1
62 -23 -8
62 -23 -15
62 -23 -24
62 -24 -1
62 -24 -7
62 -24 -9
62 -24 -12
62 -25 -3
62 -25 -21
62 -26 -12
62 -26 -20
62 -27 -4
62 -27 -6
62 -27 -14
62 -27 -16
63 0 -12
63 -1 -1
63 -1 -5
63 -1 -9
63 -1 -14
63 -1 -21
63 -1 -25
63 -2 -7
63 -2 -10
63 -3 0
63 -3 -9
63 -3 -11
63 -3 -19
63 -4 -6
63 -4 -25
63 -5 -3
63 -5 -4
63 -5 -5
63 -5 -15
63 -5 -24
63 -6 -2
63 -6 -16
63 -6 -19
63 -6 -23
63 -7 -13
63 -7 -25
63 -7 -26
63 -8 -21
63 -8 -25
63 -9 0
63 -9 -3
63 -10 -22
63 -11 -6
63 -11 -7
63 -11 -11
63 -11 -14
63 -11 -15
63 -11 -18
63 -11 -21
63 -12 -1
63 -12 -27
63 -13 -4
63 -13 -6
63 -13 -7
63 -13 -20
63 -14 -2
63 -14 -9
63 -14 -13
63 -15 -19
63 -15 -22
63 -15 -27
63 -16 -21
63 -17 0
63 -17 -2
63 -17 -14
63 -17 -26
63 -17 -27
63 -18 -13
63 -19 -1
63 -19 -12
63 -20 -2
63 -20 -14
63 -20 -22
63 -20 -25
63 -20 -26
63 -21 -23
63 -21 -24
63 -22 -5
63 -22 -7
63 -22 -25
63 -23 -1
63 -23 -8
63 -23 -15
63 -23 -24
63 -24 -1
63 -24 -7
63 -24 -9
63 -24 -12
63 -25 -3
63 -25 -21
63 -26 -12
63 -26 -20
63 -27 -4
63 -27 -6
63 -27 -14
63 -27 -16
64 0 -12
64 -1 -1
64 -1 -5
64 -1 -9
64 -1 -14
64 -1 -21
64 -1 -25
64 -2 -7
64 -2 -10
64 -3 0
64 -3 -9
64 -3 -11
64 -3 -19
64 -4 -6
64 -4 -25
64 -5 -3
64 -5 -4
64 -5 -5
64 -5 -15
64 -5 -24
64 -6 -2
64 -6 -16
64 -6 -19
64 -6 -23
64 -7 -13
64 -7 -25
64 -7 -26
64 -8 -21
64 -8 -25
64 -9 0
64 -9 -3
64 -10 -22
64 -11 -6
64 -11 -7
64 -11 -11
64 -11 -14
64 -11 -15
64 -11 -18
64 -11 -21
64 -12 -1
64 -12 -27
64 -13 -4
64 -13 -6
64 -13 -7
64 -13 -20
64 -14 -2
64 -14 -9
64 -14 -13
64 -15 -19
64 -15 -22
64 -15 -27
64 -16 -21
64 -17 0
64 -17 -2
64 -17 -14
64 -17 -26
64 -17 -27
64 -18 -13
64 -19 -1
64 -19 -12
64 -20 -2
64 -20 -14
64 -20 -22
64 -20 -25
64 -20 -26
64 -21 -23
64 -21 -24
64 -22 -5
64 -22 -7
64 -22 -25
64 -23 -1
64 -23 -8
64 -23 -15
64 -23 -24
64 -24 -1
64 -24 -7
64 -24 -9
64 -24 -12
64 -25 -3
64 -25 -21
64 -26 -12
64 -26 -20
64 -27 -4
64 -27 -6
64 -27 -14
64 -27 -16
65 0 -12
65 -1 -1
65 -1 -5
65 -1 -9
65 -1 -14
65 -1 -21
65 -1 -25
65 -2 -7
65 -2 -10
65 -3 0
65 -3 -9
65 -3 -11
65 -3 -19
65 -4 -6
65 -4 -25
65 -5 -3
65 -5 -4
65 -5 -5
65 -5 -15
65 -5 -24
65 -6 -2
65 -6 -16
65 -6 -19
65 -6 -23
65 -7 -13
65 -7 -25
65 -7 -26
65 -8 -21
65 -8 -25
65 -9 0
65 -9 -3
65 -10 -22
65 -11 -6
65 -11 -7
65 -11 -11
65 -11 -14
65 -11 -15
65 -11 -18
65 -11 -21
65 -12 -1
65 -12 -27
65 -13 -4
65 -13 -6
65 -13 -7
65 -13 -20
65 -14 -2
65 -14 -9
65 -14 -13
65 -15 -19
65 -15 -22
65 -15 -27
65 -16 -21
65 -17 0
65 -17 -2
65 -17 -14
65 -17 -26
65 -17 -27
65 -18 -13
65 -19 -1
65 -19 -12
65 -20 -2
65 -20 -14
65 -20 -22
65 -20 -25
65 -20 -26
65 -21 -23
65 -21 -24
65 -22 -5
65 -22 -7
65 -22 -25
65 -23 -1
65 -23 -8
65 -23 -15
65 -23 -24
65 -24 -1
65 -24 -7
65 -24 -9
65 -24 -12
65 -25 -3
65 -25 -21
65 -26 -12
65 -26 -20
65 -27 -4
65 -27 -6
65 -27 -14
65 -27 -16
66 0 -12
66 -1 -1
66 -1 -5
66 -1 -9
66 -1 -14
66 -1 -21
66 -1 -25
66 -2 -7
66 -2 -10
66 -3 0
66 -3 -9
66 -3 -11
66 -3 -19
66 -4 -6
66 -4 -25
66 -5 -3
66 -5 -4
66 -5 -5
66 -5 -15
66 -5 -24
66 -6 -2
66 -6 -16
66 -6 -19
66 -6 -23
66 -7 -13
66 -7 -25
66 -7 -26
66 -8 -21
66 -8 -25
66 -9 0
66 -9 -3
66 -10 -22
66 -11 -6
66 -11 -7
66 -11 -11
66 -11 -14
66 -11 -15
66 -11 -18
66 -11 -21
66 -12 -1
66 -12 -27
66 -13 -4
66 -13 -6
66 -13 -7
66 -13 -20
66 -14 -2
66 -14 -9
66 -14 -13
66 -15 -19
66 -15 -22
66 -15 -27
66 -16 -21
66 -17 0
66 -17 -2
66 -17 -14
66 -17 -26
66 -17 -27
66 -18 -13
66 -19 -1
66 -19 -12
66 -20 -2
66 -20 -14
66 -20 -22
66 -20 -25
66 -20 -26
66 -21 -23
66 -21 -24
66 -22 -5
66 -22 -7
66 -22 -25
66 -23 -1
66 -23 -8
66 -23 -15
66 -23 -24
66 -24 -1
66 -24 -7
66 -24 -9
66 -24 -12
66 -25 -3
66 -25 -21
66 -26 -12
66 -26 -20
66 -27 -4
66 -27 -6
66 -27 -14
66 -27 -16
67 0 -12
67 -1 -1
67 -1 -5
67 -1 -9
67 -1 -14
67 -1 -21
67 -1 -25
67 -2 -7
67 -2 -10
67 -3 0
67 -3 -9
67 -3 -11
67 -3 -19
67 -4 -6
67 -4 -25
67 -5 -3
67 -5 -4
67 -5 -5
67 -5 -15
67 -5 -24
67 -6 -2
67 -6 -16
67 -6 -19
67 -6 -23
67 -7 -13
67 -7 -25
67 -7 -26
67 -8 -21
67 -8 -25
67 -9 0
67 -9 -3
67 -10 -22
67 -11 -6
67 -11 -7
67 -11 -11
67 -11 -14
67 -11 -15
67 -11 -18
67 -11 -21
67 -12 -1
67 -12 -27
67 -13 -4
67 -13 -6
67 -13 -7
67 -13 -20
67 -14 -2
67 -14 -9
67 -14 -13
67 -15 -19
67 -15 -22
67 -15 -27
67 -16 -21
67 -17 0
67 -17 -2
67 -17 -14
67 -17 -26
67 -17 -27
67 -18 -13
67 -19 -1
67 -19 -12
67 -20 -2
67 -20 -14
67 -20 -22
67 -20 -25
67 -20 -26
67 -21 -23
67 -21 -24
67 -22 -5
67 -22 -7
67 -22 -25
67 -23 -1
67 -23 -8
67 -23 -15
67 -23 -24
67 -24 -1
67 -24 -7
67 -24 -9
67 -24 -12
67 -25 -3
67 -25 -21
67 -26 -12
67 -26 -20
67 -27 -4
67 -27 -6
67 -27 -14
67 -27 -16
68 0 -12
68 -1 -1
68 -1 -5
68 -1 -9
68 -1 -14
68 -1 -21
68 -1 -25
68 -2 -7
68 -2 -10
68 -3 0
68 -3 -9
68 -3 -11
68 -3 -19
68 -4 -6
68 -4 -25
68 -5 -3
68 -5 -4
68 -5 -5
68 -5 -15
68 -5 -24
68 -6 -2
68 -6 -16
68 -6 -19
68 -6 -23
68 -7 -13
68 -7 -25
68 -7 -26
68 -8 -21
68 -8 -25
68 -9 0
68 -9 -3
68 -10 -22
68 -11 -6
68 -11 -7
68 -11 -11
68 -11 -14
68 -11 -15
68 -11 -18
68 -11 -21
68 -12 -1
68 -12 -27
68 -13 -4
68 -13 -6
68 -13 -7
68 -13 -20
68 -14 -2
68 -14 -9
68 -14 -13
68 -15 -19
68 -15 -22
68 -15 -27
68 -16 -21
68 -17 0
68 -17 -2
68 -17 -14
68 -17 -26
68 -17 -27
68 -18 -13
68 -19 -1
68 -19 -12
68 -20 -2
68 -20 -14
68 -20 -22
68 -20 -25
68 -20 -26
68 -21 -23
68 -21 -24
68 -22 -5
68 -22 -7
68 -22 -25
68 -23 -1
68 -23 -8
68 -23 -15
68 -23 -24
68 -24 -1
68 -24 -7
68 -24 -9
68 -24 -12
68 -25 -3
68 -25 -21
68 -26 -12
68 -26 -20
68 -27 -4
68 -27 -6
68 -27 -14
68 -27 -16
69 0 -12
69 -1 -1
69 -1 -5
69 -1 -9
69 -1 -14
69 -1 -21
69 -1 -25
69 -2 -7
69 -2 -10
69 -3 0
69 -3 -9
69 -3 -11
69 -3 -19
69 -4 -6
69 -4 -25
69 -5 -3
69 -5 -4
69 -5 -5
69 -5 -15
69 -5 -24
69 -6 -2
69 -6 -16
69 -6 -19
69 -6 -23
69 -7 -13
69 -7 -25
69 -7 -26
69 -8 -21
69 -8 -25
69 -9 0
69 -9 -3
69 -10 -22
69 -11 -6
69 -11 -7
69 -11 -11
69 -11 -14
69 -11 -15
69 -11 -18
69 -11 -21
69 -12 -1
69 -12 -27
69 -13 -4
69 -13 -6
69 -13 -7
69 -13 -20
69 -14 -2
69 -14 -9
69 -14 -13
69 -15 -19
69 -15 -22
69 -15 -27
69 -16 -21
69 -17 0
69 -17 -2
69 -17 -14
69 -17 -26
69 -17 -27
69 -18 -13
69 -19 -1
69 -19 -12
69 -20 -2
69 -20 -14
69 -20 -22
69 -20 -25
69 -20 -26
69 -21 -23
69 -21 -24
69 -22 -5
69 -22 -7
69 -22 -25
69 -23 -1
69 -23 -8
69 -23 -15
69 -23 -24
69 -24 -1
69 -24 -7
69 -24 -9
69 -24 -12
69 -25 -3
69 -25 -21
69 -26 -12
69 -26 -20
69 -27 -4
69 -27 -6
69 -27 -14
69 -27 -16
70 0 -12
70 -1 -1
70 -1 -5
70 -1 -9
70 -1 -14
70 -1 -21
70 -1 -25
70 -2 -7
70 -2 -10
70 -3 0
70 -3 -9
70 -3 -11
70 -3 -19
70 -4 -6
70 -4 -25
70 -5 -3
70 -5 -4
70 -5 -5
70 -5 -15
70 -5 -24
70 -6 -2
70 -6 -16
70 -6 -19
70 -6 -23
70 -7 -13
70 -7 -25
70 -7 -26
70 -8 -21
70 -8 -25
70 -9 0
70 -9 -3
70 -10 -22
70 -11 -6
70 -11 -7
70 -11 -11
70 -11 -14
70 -11 -15
70 -11 -18
70 -11 -21
70 -12 -1
70 -12 -27
70 -13 -4
70 -13 -6
70 -13 -7
70 -13 -20
70 -14 -2
70 -14 -9
70 -14 -13
70 -15 -19
70 -15 -22
70 -15 -27
70 -16 -21
70 -17 0
70 -17 -2
70 -17 -14
70 -17 -26
70 -17 -27
70 -18 -13
70 -19 -1
70 -19 -12
70 -20 -2
70 -20 -14
70 -20 -22
70 -20 -25
70 -20 -26
70 -21 -23
70 -21 -24
70 -22 -5
70 -22 -7
70 -22 -25
70 -23 -1
70 -23 -8
70 -23 -15
70 -23 -24
70 -24 -1
70 -24 -7
70 -24 -9
70 -24 -12
70 -25 -3
70 -25 -21
70 -26 -12
70 -26 -20
70 -27 -4
70 -27 -6
70 -27 -14
70 -27 -16
71 0 -12
71 -1 -1
71 -1 -5
71 -1 -9
71 -1 -14
71 -1 -21
71 -1 -25
71 -2 -7
71 -2 -10
71 -3 0
71 -3 -9
71 -3 -11
71 -3 -19
71 -4 -6
71 -4 -25
71 -5 -3
71 -5 -4
71 -5 -5
71 -5 -15
71 -5 -24
71 -6 -2
71 -6 -16
71 -6 -19
71 -6 -23
71 -7 -13
71 -7 -25
71 -7 -26
71 -8 -21
71 -8 -25
71 -9 0
71 -9 -3
71 -10 -22
71 -11 -6
71 -11 -7
71 -11 -11
71 -11 -14
71 -11 -15
71 -11 -18
71 -11 -21
71 -12 -1
71 -12 -27
71 -13 -4
71 -13 -6
71 -13 -7
71 -13 -20
71 -14 -2
71 -14 -9
71 -14 -13
71 -15 -19
71 -15 -22
71 -15 -27
71 -16 -21
71 -17 0
71 -17 -2
71 -17 -14
71 -17 -26
71 -17 -27
71 -18 -13
71 -19 -1
71 -19 -12
71 -20 -2
71 -20 -14
71 -20 -22
71 -20 -25
71 -20 -26
71 -21 -23
71 -21 -24
71 -22 -5
71 -22 -7
71 -22 -25
71 -23 -1
71 -23 -8
71 -23 -15
71 -23 -24
71 -24 -1
71 -24 -7
71 -24 -9
71 -24 -12
71 -25 -3
71 -25 -21
71 -26 -12
71 -26 -20
71 -27 -4
71 -27 -6
71 -27 -14
71 -27 -16
72 0 -12
72 -1 -1
72 -1 -5
72 -1 -9
72 -1 -14
72 -1 -21
72 -1 -25
72 -2 -7
72 -2 -10
72 -3 0
72 -3 -9
72 -3 -11
72 -3 -19
72 -4 -6
72 -4 -25
72 -5 -3
72 -5 -4
72 -5 -5
72 -5 -15
72 -5 -24
72 -6 -2
72 -6 -16
72 -6 -19
72 -6 -23
72 -7 -13
72 -7 -25
72 -7 -26
72 -8 -21
72 -8 -25
72 -9 0
72 -9 -3
72 -10 -22
72 -11 -6
72 -11 -7
72 -11 -11
72 -11 -14
72 -11 -15
72 -11 -18
72 -11 -21
72 -12 -1
72 -12 -27
72 -13 -4
72 -13 -6
72 -13 -7
72 -13 -20
72 -14 -2
72 -14 -9
72 -14 -13
72 -15 -19
72 -15 -22
72 -15 -27
72 -16 -21
72 -17 0
72 -17 -2
72 -17 -14
72 -17 -26
72 -17 -27
72 -18 -13
72 -19 -1
72 -19 -12
72 -20 -2
72 -20 -14
72 -20 -22
72 -20 -25
72 -20 -26
72 -21 -23
72 -21 -24
72 -22 -5
72 -22 -7
72 -22 -25
72 -23 -1
72 -23 -8
72 -23 -15
72 -23 -24
72 -24 -1
72 -24 -7
72 -24 -9
72 -24 -12
72 -25 -3
72 -25 -21
72 -26 -12
72 -26 -20
72 -27 -4
72 -27 -6
72 -27 -14
72 -27 -16
73 0 -12
73 -1 -1
73 -1 -5
73 -1 -9
73 -1 -14
73 -1 -21
73 -1 -25
73 -2 -7
73 -2 -10
73 -3 0
73 -3 -9
73 -3 -11
73 -3 -19
73 -4 -6
73 -4 -25
73 -5 -3
73 -5 -4
73 -5 -5
73 -5 -15
73 -5 -24
73 -6 -2
73 -6 -16
73 -6 -19
73 -6 -23
73 -7 -13
73 -7 -25
73 -7 -26
73 -8 -21
73 -8 -25
73 -9 0
73 -9 -3
73 -10 -22
73 -11 -6
73 -11 -7
73 -11 -11
73 -11 -14
73 -11 -15
73 -11 -18
73 -11 -21
73 -12 -1
73 -12 -27
73 -13 -4
73 -13 -6
73 -13 -7
73 -13 -20
73 -14 -2
73 -14 -9
73 -14 -13
73 -15 -19
73 -15 -22
73 -15 -27
73 -16 -21
73 -17 0
73 -17 -2
73 -17 -14
73 -17 -26
73 -17 -27
73 -18 -13
73 -19 -1
73 -19 -12
73 -20 -2
73 -20 -14
73 -20 -22
73 -20 -25
73 -20 -26
73 -21 -23
73 -21 -24
73 -22 -5
73 -22 -7
73 -22 -25
73 -23 -1
73 -23 -8
73 -23 -15
73 -23 -24
73 -24 -1
73 -24 -7
73 -24 -9
73 -24 -12
73 -25 -3
73 -25 -21
73 -26 -12
73 -26 -20
73 -27 -4
73 -27 -6
73 -27 -14
73 -27 -16
74 0 -12
74 -1 -1
74 -1 -5
74 -1 -9
74 -1 -14
74 -1 -21
74 -1 -25
74 -2 -7
74 -2 -10
74 -3 0
74 -3 -9
74 -3 -11
74 -3 -19
74 -4 -6
74 -4 -25
74 -5 -3
74 -5 -4
74 -5 -5
74 -5 -15
74 -5 -24
74 -6 -2
74 -6 -16
74 -6 -19
74 -6 -23
74 -7 -13
74 -7 -25
74 -7 -26
74 -8 -21
74 -8 -25
74 -9 0
74 -9 -3
74 -10 -22
74 -11 -6
74 -11 -7
74 -11 -11
74 -11 -14
74 -11 -15
74 -11 -18
74 -11 -21
74 -12 -1
74 -12 -27
74 -13 -4
74 -13 -6
74 -13 -7
74 -13 -20
74 -14 -2
74 -14 -9
74 -14 -13
74 -15 -19
74 -15 -22
74 -15 -27
74 -16 -21
74 -17 0
74 -17 -2
74 -17 -14
74 -17 -26
74 -17 -27
74 -18 -13
74 -19 -1
74 -19 -12
74 -20 -2
74 -20 -14
74 -20 -22
74 -20 -25
74 -20 -26
74 -21 -23
74 -21 -24
74 -22 -5
74 -22 -7
74 -22 -25
74 -23 -1
74 -23 -8
74 -23 -15
74 -23 -24
74 -24 -1
74 -24 -7
74 -24 -9
74 -24 -12
74 -25 -3
74 -25 -21
74 -26 -12
74 -26 -20
74 -27 -4
74 -27 -6
74 -27 -14
74 -27 -16
75 0 -12
75 -1 -1
75 -1 -5
75 -1 -9
75 -1 -14
75 -1 -21
75 -1 -25
75 -2 -7
75 -2 -10
75 -3 0
75 -3 -9
75 -3 -11
75 -3 -19
75 -4 -6
75 -4 -25
75 -5 -3
75 -5 -4
75 -5 -5
75 -5 -15
75 -5 -24
75 -6 -2
75 -6 -16
75 -6 -19
75 -6 -23
75 -7 -13
75 -7 -25
75 -7 -26
75 -8 -21
75 -8 -25
75 -9 0
75 -9 -3
75 -10 -22
75 -11 -6
75 -11 -7
75 -11 -11
75 -11 -14
75 -11 -15
75 -11 -18
75 -11 -21
75 -12 -1
75 -12 -27
75 -13 -4
75 -13 -6
75 -13 -7
75 -13 -20
75 -14 -2
75 -14 -9
75 -14 -13
75 -15 -19
75 -15 -22
75 -15 -27
75 -16 -21
75 -17 0
75 -17 -2
75 -17 -14
75 -17 -26
75 -17 -27
75 -18 -13
75 -19 -1
75 -19 -12
75 -20 -2
75 -20 -14
75 -20 -22
75 -20 -25
75 -20 -26
75 -21 -23
75 -21 -24
75 -22 -5
75 -22 -7
75 -22 -25
75 -23 -1
75 -23 -8
75 -23 -15
75 -23 -24
75 -24 -1
75 -24 -7
75 -24 -9
75 -24 -12
75 -25 -3
75 -25 -21
75 -26 -12
75 -26 -20
75 -27 -4
75 -27 -6
75 -27 -14
75 -27 -16
76 0 -12
76 -1 -1
76 -1 -5
76 -1 -9
76 -1 -14
76 -1 -21
76 -1 -25
76 -2 -7
76 -2 -10
76 -3 0
76 -3 -9
76 -3 -11
76 -3 -19
76 -4 -6
76 -4 -25
76 -5 -3
76 -5 -4
76 -5 -5
76 -5 -15
76 -5 -24
76 -6 -2
76 -6 -16
76 -6 -19
76 -6 -23
76 -7 -13
76 -7 -25
76 -7 -26
76 -8 -21
76 -8 -25
76 -9 0
76 -9 -3
76 -10 -22
76 -11 -6
76 -11 -7
76 -11 -11
76 -11 -14
76 -11 -15
76 -11 -18
76 -11 -21
76 -12 -1
76 -12 -27
76 -13 -4
76 -13 -6
76 -13 -7
76 -13 -20
76 -14 -2
76 -14 -9
76 -14 -13
76 -15 -19
76 -15 -22
76 -15 -27
76 -16 -21
76 -17 0
76 -17 -2
76 -17 -14
76 -17 -26
76 -17 -27
76 -18 -13
76 -19 -1
76 -19 -12
76 -20 -2
76 -20 -14
76 -20 -22
76 -20 -25
76 -20 -26
76 -21 -23
76 -21 -24
76 -22 -5
76 -22 -7
76 -22 -25
76 -23 -1
76 -23 -8
76 -23 -15
76 -23 -24
76 -24 -1
76 -24 -7
76 -24 -9
76 -24 -12
76 -25 -3
76 -25 -21
76 -26 -12
76 -26 -20
76 -27 -4
76 -27 -6
76 -27 -14
76 -27 -16
77 0 -12
77 -1 -1
77 -1 -5
77 -1 -9
77 -1 -14
77 -1 -21
77 -1 -25
77 -2 -7
77 -2 -10
77 -3 0
77 -3 -9
77 -3 -11
77 -3 -19
77 -4 -6
77 -4 -25
77 -5 -3
77 -5 -4
77 -5 -5
77 -5 -15
77 -5 -24
77 -6 -2
77 -6 -16
77 -6 -19
77 -6 -23
77 -7 -13
77 -7 -25
77 -7 -26
77 -8 -21
77 -8 -25
77 -9 0
77 -9 -3
77 -10 -22
77 -11 -6
77 -11 -7
77 -11 -11
77 -11 -14
77 -11 -15
77 -11 -18
77 -11 -21
77 -12 -1
77 -12 -27
77 -13 -4
77 -13 -6
77 -13 -7
77 -13 -20
77 -14 -2
77 -14 -9
77 -14 -13
77 -15 -19
77 -15 -22
77 -15 -27
77 -16 -21
77 -17 0
77 -17 -2
77 -17 -14
77 -17 -26
77 -17 -27
77 -18 -13
77 -19 -1
77 -19 -12
77 -20 -2
77 -20 -14
77 -20 -22
77 -20 -25
77 -20 -26
77 -21 -23
77 -21 -24
77 -22 -5
77 -22 -7
77 -22 -25
77 -23 -1
77 -23 -8
77 -23 -15
77 -23 -24
77 -24 -1
77 -24 -7
77 -24 -9
77 -24 -12
77 -25 -3
77 -25 -21
77 -26 -12
77 -26 -20
77 -27 -4
77 -27 -6
77 -27 -14
77 -27 -16
78 0 -12
78 -1 -1
78 -1 -5
78 -1 -9
78 -1 -14
78 -1 -21
78 -1 -25
78 -2 -7
78 -2 -10
78 -3 0
78 -3 -9
78 -3 -11
78 -3 -19
78 -4 -6
78 -4 -25
78 -5 -3
78 -5 -4
78 -5 -5
78 -5 -15
78 -5 -24
78 -6 -2
78 -6 -16
78 -6 -19
78 -6 -23
78 -7 -13
78 -7 -25
78 -7 -26
78 -8 -21
78 -8 -25
78 -9 0
78 -9 -3
78 -10 -22
78 -11 -6
78 -11 -7
78 -11 -11
78 -11 -14
78 -11 -15
78 -11 -18
78 -11 -21
78 -12 -1
78 -12 -27
78 -13 -4
78 -13 -6
78 -13 -7
78 -13 -20
78 -14 -2
78 -14 -9
78 -14 -13
78 -15 -19
78 -15 -22
78 -15 -27
78 -16 -21
78 -17 0
78 -17 -2
78 -17 -14
78 -17 -26
78 -17 -27
78 -18 -13
78 -19 -1
78 -19 -12
78 -20 -2
78 -20 -14
78 -20 -22
78 -20 -25
78 -20 -26
78 -21 -23
78 -21 -24
78 -22 -5
78 -22 -7
78 -22 -25
78 -23 -1
78 -23 -8
78 -23 -15
78 -23 -24
78 -24 -1
78 -24 -7
78 -24 -9
78 -24 -12
78 -25 -3
78 -25 -21
78 -26 -12
78 -26 -20
78 -27 -4
78 -27 -6
78 -27 -14
78 -27 -16
79 0 -12
79 -1 -1
79 -1 -5
79 -1 -9
79 -1 -14
79 -1 -21
79 -1 -25
79 -2 -7
79 -2 -10
79 -3 0
79 -3 -9
79 -3 -11
79 -3 -19
79 -4 -6
79 -4 -25
79 -5 -3
79 -5 -4
79 -5 -5
79 -5 -15
79 -5 -24
79 -6 -2
79 -6 -16
79 -6 -19
79 -6 -23
79 -7 -13
79 -7 -25
79 -7 -26
79 -8 -21
79 -8 -25
79 -9 0
79 -9 -3
79 -10 -22
79 -11 -6
79 -11 -7
79 -11 -11
79 -11 -14
79 -11 -15
79 -11 -18
79 -11 -21
79 -12 -1
79 -12 -27
79 -13 -4
79 -13 -6
79 -13 -7
79 -13 -20
79 -14 -2
79 -14 -9
79 -14 -13
79 -15 -19
79 -15 -22
79 -15 -27
79 -16 -21
79 -17 0
79 -17 -2
79 -17 -14
79 -17 -26
79 -17 -27
79 -18 -13
79 -19 -1
79 -19 -12
79 -20 -2
79 -20 -14
79 -20 -22
79 -20 -25
79 -20 -26
79 -21 -23
79 -21 -24
79 -22 -5
79 -22 -7
79 -22 -25
79 -23 -1
79 -23 -8
79 -23 -15
79 -23 -24
79 -24 -1
79 -24 -7
79 -24 -9
79 -24 -12
79 -25 -3
79 -25 -21
79 -26 -12
79 -26 -20
79 -27 -4
79 -27 -6
79 -27 -14
79 -27 -16
80 0 -12
80 -1 -1
80 -1 -5
80 -1 -9
80 -1 -14
80 -1 -21
80 -1 -25
80 -2 -7
80 -2 -10
80 -3 0
80 -3 -9
80 -3 -11
80 -3 -19
80 -4 -6
80 -4 -25
80 -5 -3
80 -5 -4
80 -5 -5
80 -5 -15
80 -5 -24
80 -6 -2
80 -6 -16
80 -6 -19
80 -6 -23
80 -7 -13
80 -7 -25
80 -7 -26
80 -8 -21
80 -8 -25
80 -9 0
80 -9 -3
80 -10 -22
80 -11 -6
80 -11 -7
80 -11 -11
80 -11 -14
80 -11 -15
80 -11 -18
80 -11 -21
80 -12 -1
80 -12 -27
80 -13 -4
80 -13 -6
80 -13 -7
80 -13 -20
80 -14 -2
80 -14 -9
80 -14 -13
80 -15 -19
80 -15 -22
80 -15 -27
80 -16 -21
80 -17 0
80 -17 -2
80 -17 -14
80 -17 -26
80 -17 -27
80 -18 -13
80 -19 -1
80 -19 -12
80 -20 -2
80 -20 -14
80 -20 -22
80 -20 -25
80 -20 -26
80 -21 -23
80 -21 -24
80 -22 -5
80 -22 -7
80 -22 -25
80 -23 -1
80 -23 -8
80 -23 -15
80 -23 -24
80 -24 -1
80 -24 -7
80 -24 -9
80 -24 -12
80 -25 -3
80 -25 -21
80 -26 -12
80 -26 -20
80 -27 -4
80 -27 -6
80 -27 -14
80 -27 -16
81 0 -12
81 -1 -1
81 -1 -5
81 -1 -9
81 -1 -14
81 -1 -21
81 -1 -25
81 -2 -7
81 -2 -10
81 -3 0
81 -3 -9
81 -3 -11
81 -3 -19
81 -4 -6
81 -4 -25
81 -5 -3
81 -5 -4
81 -5 -5
81 -5 -15
81 -5 -24
81 -6 -2
81 -6 -16
81 -6 -19
81 -6 -23
81 -7 -13
81 -7 -25
81 -7 -26
81 -8 -21
81 -8 -25
81 -9 0
81 -9 -3
81 -10 -22
81 -11 -6
81 -11 -7
81 -11 -11
81 -11 -14
81 -11 -15
81 -11 -18
81 -11 -21
81 -12 -1
81 -12 -27
81 -13 -4
81 -13 -6
81 -13 -7
81 -13 -20
81 -14 -2
81 -14 -9
81 -14 -13
81 -15 -19
81 -15 -22
81 -15 -27
81 -16 -21
81 -17 0
81 -17 -2
81 -17 -14
81 -17 -26
81 -17 -27
81 -18 -13
81 -19 -1
81 -19 -12
81 -20 -2
81 -20 -14
81 -20 -22
81 -20 -25
81 -20 -26
81 -21 -23
81 -21 -24
81 -22 -5
81 -22 -7
81 -22 -25
81 -23 -1
81 -23 -8
81 -23 -15
81 -23 -24
81 -24 -1
81 -24 -7
81 -24 -9
81 -24 -12
81 -25 -3
81 -25 -21
81 -26 -12
81 -26 -20
81 -27 -4
81 -27 -6
81 -27 -14
81 -27 -16
82 0 -12
82 -1 -1
82 -1 -5
82 -1 -9
82 -1 -14
82 -1 -21
82 -1 -25
82 -2 -7
82 -2 -10
82 -3 0
82 -3 -9
82 -3 -11
82 -3 -19
82 -4 -6
82 -4 -25
82 -5 -3
82 -5 -4
82 -5 -5
82 -5 -15
82 -5 -24
82 -6 -2
82 -6 -16
82 -6 -19
82 -6 -23
82 -7 -13
82 -7 -25
82 -7 -26
82 -8 -21
82 -8 -25
82 -9 0
82 -9 -3
82 -10 -22
82 -11 -6
82 -11 -7
82 -11 -11
82 -11 -14
82 -11 -15
82 -11 -18
82 -11 -21
82 -12 -1
82 -12 -27
82 -13 -4
82 -13 -6
82 -13 -7
82 -13 -20
82 -14 -2
82 -14 -9
82 -14 -13
82 -15 -19
82 -15 -22
82 -15 -27
82 -16 -21
82 -17 0
82 -17 -2
82 -17 -14
82 -17 -26
82 -17 -27
82 -18 -13
82 -19 -1
82 -19 -12
82 -20 -2
82 -20 -14
82 -20 -22
82 -20 -25
82 -20 -26
82 -21 -23
82 -21 -24
82 -22 -5
82 -22 -7
82 -22 -25
82 -23 -1
82 -23 -8
82 -23 -15
82 -23 -24
82 -24 -1
82 -24 -7
82 -24 -9
82 -24 -12
82 -25 -3
82 -25 -21
82 -26 -12
82 -26 -20
82 -27 -4
82 -27 -6
82 -27 -14
82 -27 -16
83 0 -12
83 -1 -1
83 -1 -5
83 -1 -9
83 -1 -14
83 -1 -21
83 -1 -25
83 -2 -7
83 -2 -10
83 -3 0
83 -3 -9
83 -3 -11
83 -3 -19
83 -4 -6
83 -4 -25
83 -5 -3
83 -5 -4
83 -5 -5
83 -5 -15
83 -5 -24
83 -6 -2
83 -6 -16
83 -6 -19
83 -6 -23
83 -7 -13
83 -7 -25
83 -7 -26
83 -8 -21
83 -8 -25
83 -9 0
83 -9 -3
83 -10 -22
83 -11 -6
83 -11 -7
83 -11 -11
83 -11 -14
83 -11 -15
83 -11 -18
83 -11 -21
83 -12 -1
83 -12 -27
83 -13 -4
83 -13 -6
83 -13 -7
83 -13 -20
83 -14 -2
83 -14 -9
83 -14 -13
83 -15 -19
83 -15 -22
83 -15 -27
83 -16 -21
83 -17 0
83 -17 -2
83 -17 -14
83 -17 -26
83 -17 -27
83 -18 -13
83 -19 -1
83 -19 -12
83 -20 -2
83 -20 -14
83 -20 -22
83 -20 -25
83 -20 -26
83 -21 -23
83 -21 -24
83 -22 -5
83 -22 -7
83 -22 -25
83 -23 -1
83 -23 -8
83 -23 -15
83 -23 -24
83 -24 -1
83 -24 -7
83 -24 -9
83 -24 -12
83 -25 -3
83 -25 -21
83 -26 -12
83 -26 -20
83 -27 -4
83 -27 -6
83 -27 -14
83 -27 -16
84 0 -12
84 -1 -1
84 -1 -5
84 -1 -9
84 -1 -14
84 -1 -21
84 -1 -25
84 -2 -7
84 -2 -10
84 -3 0
84 -3 -9
84 -3 -11
84 -3 -19
84 -4 -6
84 -4 -25
84 -5 -3
84 -5 -4
84 -5 -5
84 -5 -15
84 -5 -24
84 -6 -2
84 -6 -16
84 -6 -19
84 -6 -23
84 -7 -13
84 -7 -25
84 -7 -26
84 -8 -21
84 -8 -25
84 -9 0
84 -9 -3
84 -10 -22
84 -11 -6
84 -11 -7
84 -11 -11
84 -11 -14
84 -11 -15
84 -11 -18
84 -11 -21
84 -12 -1
84 -12 -27
84 -13 -4
84 -13 -6
84 -13 -7
84 -13 -20
84 -14 -2
84 -14 -9
84 -14 -13
84 -15 -19
84 -15 -22
84 -15 -27
84 -16 -21
84 -17 0
84 -17 -2
84 -17 -14
84 -17 -26
84 -17 -27
84 -18 -13
84 -19 -1
84 -19 -12
84 -20 -2
84 -20 -14
84 -20 -22
84 -20 -25
84 -20 -26
84 -21 -23
84 -21 -24
84 -22 -5
84 -22 -7
84 -22 -25
84 -23 -1
84 -23 -8
84 -23 -15
84 -23 -24
84 -24 -1
84 -24 -7
84 -24 -9
84 -24 -12
84 -25 -3
84 -25 -21
84 -26 -12
84 -26 -20
84 -27 -4
84 -27 -6
84 -27 -14
84 -27 -16
85 0 -12
85 -1 -1
85 -1 -5
85 -1 -9
85 -1 -14
85 -1 -21
85 -1 -25
85 -2 -7
85 -2 -10
85 -3 0
85 -3 -9
85 -3 -11
85 -3 -19
85 -4 -6
85 -4 -25
85 -5 -3
85 -5 -4
85 -5 -5
85 -5 -15
85 -5 -24
85 -6 -2
85 -6 -16
85 -6 -19
85 -6 -23
85 -7 -13
85 -7 -25
85 -7 -26
85 -8 -21
85 -8 -25
85 -9 0
85 -9 -3
85 -10 -22
85 -11 -6
85 -11 -7
85 -11 -11
85 -11 -14
85 -11 -15
85 -11 -18
85 -11 -21
85 -12 -1
85 -12 -27
85 -13 -4
85 -13 -6
85 -13 -7
85 -13 -20
85 -14 -2
85 -14 -9
85 -14 -13
85 -15 -19
85 -15 -22
85 -15 -27
85 -16 -21
85 -17 0
85 -17 -2
85 -17 -14
85 -17 -26
85 -17 -27
85 -18 -13
85 -19 -1
85 -19 -12
85 -20 -2
85 -20 -14
85 -20 -22
85 -20 -25
85 -20 -26
85 -21 -23
85 -21 -24
85 -22 -5
85 -22 -7
85 -22 -25
85 -23 -1
85 -23 -8
85 -23 -15
85 -23 -24
85 -24 -1
85 -24 -7
85 -24 -9
85 -24 -12
85 -25 -3
85 -25 -21
85 -26 -12
85 -26 -20
85 -27 -4
85 -27 -6
85 -27 -14
85 -27 -16
-1 -1 -1
60
2
16
82
65
23
75
78
19
6
49
25
30
46
47
20
67
33
84
51
45
85
40
68
26
58
79
0
76
64
17
42
32
81
39
31
21
28
1
15
48
9
12
8
7
38
54
27
18
62
37
24
50
66
4
83
80
70
34
22
41
36
69
63
61
53
52
11
35
5
29
56
59
13
77
72
71
57
74
3
43
14
44
10
73
55
  0.071113 seconds (180.61 k allocations: 6.064 MiB)
