950 0 0 0 0 0 0 0 0 0 0 0 0 0 0 0 0 0 0 0 0 0 0 0 0 0 0 0 0 0 0 0 0 0 0 0 0 0 0 0 0 0 0 0 0 0 0 0 0 0
0 0 0 0 0 0 0 0 0 0 0 0 0 0 0 0 0 0 0 0 0 0 0 0 0 0 0 0 0 0 0 0 0 0 0 0 0 0 0 0 0 0 0 0 0 0 0 0 0 0
0 0 0 0 0 0 0 0 0 0 0 0 0 0 0 0 0 0 0 0 0 0 0 0 0 0 0 0 0 0 0 0 0 0 0 0 0 0 0 0 0 0 0 0 0 0 0 0 0 0
0 0 0 0 0 0 0 0 0 0 0 0 0 0 0 0 0 0 0 0 0 0 0 0 0 0 0 0 0 0 0 0 0 0 0 0 0 0 0 0 0 0 0 0 0 0 0 0 0 0
0 0 0 0 0 0 0 0 0 0 0 0 0 0 0 0 0 0 0 0 0 0 0 0 0 0 0 0 0 0 0 0 0 0 0 0 0 0 0 0 0 0 0 0 0 0 0 0 0 0
0 0 0 0 0 0 0 0 0 0 0 0 0 0 0 0 0 0 0 0 0 0 0 0 0 0 0 0 0 0 0 0 0 0 0 0 0 0 0 0 0 0 0 0 0 0 0 0 0 0
0 0 0 0 0 0 0 0 0 0 0 0 0 0 0 0 0 0 0 0 0 0 0 0 0 0 0 0 0 0 0 0 0 0 0 0 0 0 0 0 0 0 0 0 0 0 0 0 0 0
0 0 0 0 0 0 0 0 0 0 0 0 0 0 0 0 0 0 0 0 0 0 0 0 0 0 0 0 0 0 0 0 0 0 0 0 0 0 0 0 0 0 0 0 0 0 0 0 0 0
0 0 0 0 0 0 0 0 0 0 0 0 0 0 0 0 0 0 0 0 0 0 0 0 0 0 0 0 0 0 0 0 0 0 0 0 0 0 0 0 0 0 0 0 0 0 0 0 0 0
0 0 0 0 0 0 0 0 0 0 0 0 0 0 0 0 0 0 0 0 0 0 0 0 0 0 0 0 0 0 0 0 0 0 0 0 0 0 0 0 0 0 0 0 0 0 0 0 0 0
0 0 0 0 0 0 0 0 0 0 0 0 0 0 0 0 0 0 0 0 0 0 0 0 0 0 0 0 0 0 0 0 0 0 0 0 0 0 0 0 0 0 0 0 0 0 0 0 0 0
0 0 0 0 0 0 0 0 0 0 0 0 0 0 0 0 0 0 0 0 0 0 0 0 0 0 0 0 0 0 0 0 0 0 0 0 0 0 0 0 0 0 0 0 0 0 0 0 0 0
0 0 0 0 0 0 0 0 0 0 0 0 0 0 0 0 0 0 0 0 0 0 0 0 0 0 0 0 0 0 0 0 0 0 0 0 0 0 0 0 0 0 0 0 0 0 0 0 0 0
0 0 0 0 0 0 0 0 0 0 0 0 0 0 0 0 0 0 0 0 0 0 0 0 0 0 0 0 0 0 0 0 0 0 0 0 0 0 0 0 0 0 0 0 0 0 0 0 0 0
0 0 0 0 0 0 0 0 0 0 0 0 0 0 0 0 0 0 0 0 0 0 0 0 0 0 0 0 0 0 0 0 0 0 0 0 0 0 0 0 0 0 0 0 0 0 0 0 0 0
0 0 0 0 0 0 0 0 0 0 0 0 0 0 0 0 0 0 0 0 0 0 0 0 0 0 0 0 0 0 0 0 0 0 0 0 0 0 0 0 0 0 0 0 0 0 0 0 0 0
0 0 0 0 0 0 0 0 0 0 0 0 0 0 0 0 0 0 0 0 0 0 0 0 0 0 0 0 0 0 0 0 0 0 0 0 0 0 0 0 0 0 0 0 0 0 0 0 0 0
0 0 0 0 0 0 0 0 0 0 0 0 0 0 0 0 0 0 0 0 0 0 0 0 0 0 0 0 0 0 0 0 0 0 0 0 0 0 0 0 0 0 0 0 0 0 0 0 0 0
0 0 0 0 0 0 0 0 0 0 0 0 0 0 0 0 0 0 0 0 0 0 0 0 0 0 0 0 0 0 0 0 0 0 0 0 0 0 0 0 0 0 0 0 0 0 0 0 0 0
0 0 0 0 0 0 0 0 0 0 0 0 0 0 0 0 0 0 0 0 0 0 0 0 0 0 0 0 0 0 0 0 0 0 0 0 0 0 0 0 0 0 0 0 0 0 0 0 0 0
0 0 0 0 0 0 0 0 0 0 0 0 0 0 0 0 0 0 0 0 0 0 0 0 0 0 0 0 0 0 0 0 0 0 0 0 0 0 0 0 0 0 0 0 0 0 0 0 0 0
0 0 0 0 0 0 0 0 0 0 0 0 0 0 0 0 0 0 0 0 0 0 0 0 0 0 0 0 0 0 0 0 0 0 0 0 0 0 0 0 0 0 0 0 0 0 0 0 0 0
0 0 0 0 0 0 0 0 0 0 0 0 0 0 0 0 0 0 0 0 0 0 0 0 0 0 0 0 0 0 0 0 0 0 0 0 0 0 0 0 0 0 0 0 0 0 0 0 0 0
0 0 0 0 0 0 0 0 0 0 0 0 0 0 0 0 0 0 0 0 0 0 0 0 0 0 0 0 0 0 0 0 0 0 0 0 0 0 0 0 0 0 0 0 0 0 0 0 0 0
0 0 0 0 0 0 0 0 0 0 0 0 0 0 0 0 0 0 0 0 0 0 0 0 0 0 0 0 0 0 0 0 0 0 0 0 0 0 0 0 0 0 0 0 0 0 0 0 0 0
0 0 0 0 0 0 0 0 0 0 0 0 0 0 0 0 0 0 0 0 0 0 0 0 0 0 0 0 0 0 0 0 0 0 0 0 0 0 0 0 0 0 0 0 0 0 0 0 0 0
0 0 0 0 0 0 0 0 0 0 0 0 0 0 0 0 0 0 0 0 0 0 0 0 0 0 0 0 0 0 0 0 0 0 0 0 0 0 0 0 0 0 0 0 0 0 0 0 0 0
0 0 0 0 0 0 0 0 0 0 0 0 0 0 0 0 0 0 0 0 0 0 0 0 0 0 0 0 0 0 0 0 0 0 0 0 0 0 0 0 0 0 0 0 0 0 0 0 0 0
0 0 0 0 0 0 0 0 0 0 0 0 0 0 0 0 0 0 0 0 0 0 0 0 0 0 0 0 0 0 0 0 0 0 0 0 0 0 0 0 0 0 0 0 0 0 0 0 0 0
0 0 0 0 0 0 0 0 0 0 0 0 0 0 0 0 0 0 0 0 0 0 0 0 0 0 0 0 0 0 0 0 0 0 0 0 0 0 0 0 0 0 0 0 0 0 0 0 0 0
0 0 0 0 0 0 0 0 0 0 0 0 0 0 0 0 0 0 0 0 0 0 0 0 0 0 0 0 0 0 0 0 0 0 0 0 0 0 0 0 0 0 0 0 0 0 0 0 0 0
0 0 0 0 0 0 0 0 0 0 0 0 0 0 0 0 0 0 0 0 0 0 0 0 0 0 0 0 0 0 0 0 0 0 0 0 0 0 0 0 0 0 0 0 0 0 0 0 0 0
0 0 0 0 0 0 0 0 0 0 0 0 0 0 0 0 0 0 0 0 0 0 0 0 0 0 0 0 0 0 0 0 0 0 0 0 0 0 0 0 0 0 0 0 0 0 0 0 0 0
0 0 0 0 0 0 0 0 0 0 0 0 0 0 0 0 0 0 0 0 0 0 0 0 0 0 0 0 0 0 0 0 0 0 0 0 0 0 0 0 0 0 0 0 0 0 0 0 0 0
0 0 0 0 0 0 0 0 0 0 0 0 0 0 0 0 0 0 0 0 0 0 0 0 0 0 0 0 0 0 0 0 0 0 0 0 0 0 0 0 0 0 0 0 0 0 0 0 0 0
0 0 0 0 0 0 0 0 0 0 0 0 0 0 0 0 0 0 0 0 0 0 0 0 0 0 0 0 0 0 0 0 0 0 0 0 0 0 0 0 0 0 0 0 0 0 0 0 0 0
0 0 0 0 0 0 0 0 0 0 0 0 0 0 0 0 0 0 0 0 0 0 0 0 0 0 0 0 0 0 0 0 0 0 0 0 0 0 0 0 0 0 0 0 0 0 0 0 0 0
0 0 0 0 0 0 0 0 0 0 0 0 0 0 0 0 0 0 0 0 0 0 0 0 0 0 0 0 0 0 0 0 0 0 0 0 0 0 0 0 0 0 0 0 0 0 0 0 0 0
0 0 0 0 0 0 0 0 0 0 0 0 0 0 0 0 0 0 0 0 0 0 0 0 0 0 0 0 0 0 0 0 0 0 0 0 0 0 0 0 0 0 0 0 0 0 0 0 0 0
0 0 0 0 0 0 0 0 0 0 0 0 0 0 0 0 0 0 0 0 0 0 0 0 0 0 0 0 0 0 0 0 0 0 0 0 0 0 0 0 0 0 0 0 0 0 0 0 0 0
0 0 0 0 0 0 0 0 0 0 0 0 0 0 0 0 0 0 0 0 0 0 0 0 0 0 0 0 0 0 0 0 0 0 0 0 0 0 0 0 0 0 0 0 0 0 0 0 0 0
0 0 0 0 0 0 0 0 0 0 0 0 0 0 0 0 0 0 0 0 0 0 0 0 0 0 0 0 0 0 0 0 0 0 0 0 0 0 0 0 0 0 0 0 0 0 0 0 0 0
0 0 0 0 0 0 0 0 0 0 0 0 0 0 0 0 0 0 0 0 0 0 0 0 0 0 0 0 0 0 0 0 0 0 0 0 0 0 0 0 0 0 0 0 0 0 0 0 0 0
0 0 0 0 0 0 0 0 0 0 0 0 0 0 0 0 0 0 0 0 0 0 0 0 0 0 0 0 0 0 0 0 0 0 0 0 0 0 0 0 0 0 0 0 0 0 0 0 0 0
0 0 0 0 0 0 0 0 0 0 0 0 0 0 0 0 0 0 0 0 0 0 0 0 0 0 0 0 0 0 0 0 0 0 0 0 0 0 0 0 0 0 0 0 0 0 0 0 0 0
0 0 0 0 0 0 0 0 0 0 0 0 0 0 0 0 0 0 0 0 0 0 0 0 0 0 0 0 0 0 0 0 0 0 0 0 0 0 0 0 0 0 0 0 0 0 0 0 0 0
0 0 0 0 0 0 0 0 0 0 0 0 0 0 0 0 0 0 0 0 0 0 0 0 0 0 0 0 0 0 0 0 0 0 0 0 0 0 0 0 0 0 0 0 0 0 0 0 0 0
0 0 0 0 0 0 0 0 0 0 0 0 0 0 0 0 0 0 0 0 0 0 0 0 0 0 0 0 0 0 0 0 0 0 0 0 0 0 0 0 0 0 0 0 0 0 0 0 0 0
0 0 0 0 0 0 0 0 0 0 0 0 0 0 0 0 0 0 0 0 0 0 0 0 0 0 0 0 0 0 0 0 0 0 0 0 0 0 0 0 0 0 0 0 0 0 0 0 0 0
0 0 0 0 0 0 0 0 0 0 0 0 0 0 0 0 0 0 0 0 0 0 0 0 0 0 0 0 0 0 0 0 0 0 0 0 0 0 0 0 0 0 0 0 0 0 0 0 0 0
0 -1 -27
0 -1 -37
0 -2 -5
0 -2 -42
0 -2 -45
0 -3 -14
0 -4 -6
0 -4 -28
0 -4 -39
0 -4 -40
0 -6 -1
0 -6 -13
0 -6 -31
0 -7 -46
0 -8 -37
0 -9 -43
0 -9 -46
0 -10 -9
0 -11 -34
0 -12 -25
0 -12 -28
0 -12 -49
0 -13 -6
0 -14 -14
0 -15 -42
0 -15 -46
0 -18 -10
0 -19 -16
0 -19 -19
0 -20 -37
0 -20 -48
0 -21 -42
0 -22 -49
0 -23 0
0 -23 -40
0 -23 -44
0 -26 -43
0 -27 -30
0 -28 -43
0 -29 -34
0 -31 -1
0 -31 -2
0 -31 -9
0 -31 -18
0 -31 -19
0 -33 -35
0 -33 -41
0 -34 -31
0 -35 -3
0 -35 -34
0 -36 -8
0 -36 -40
0 -37 -14
0 -38 -22
0 -39 -15
0 -39 -39
0 -40 -28
0 -40 -33
0 -40 -47
0 -41 -30
0 -42 -46
0 -44 -4
0 -44 -30
0 -45 -25
0 -45 -32
0 -46 -38
0 -48 -17
0 -48 -31
0 -49 -32
1 -1 -27
1 -1 -37
1 -2 -5
1 -2 -42
1 -2 -45
1 -3 -14
1 -4 -6
1 -4 -28
1 -4 -39
1 -4 -40
1 -6 -1
1 -6 -13
1 -6 -31
1 -7 -46
1 -8 -37
1 -9 -43
1 -9 -46
1 -10 -9
1 -11 -34
1 -12 -25
1 -12 -28
1 -12 -49
1 -13 -6
1 -14 -14
1 -15 -42
1 -15 -46
1 -18 -10
1 -19 -16
1 -19 -19
1 -20 -37
1 -20 -48
1 -21 -42
1 -22 -49
1 -23 0
1 -23 -40
1 -23 -44
1 -26 -43
1 -27 -30
1 -28 -43
1 -29 -34
1 -31 -1
1 -31 -2
1 -31 -9
1 -31 -18
1 -31 -19
1 -33 -35
1 -33 -41
1 -34 -31
1 -35 -3
1 -35 -34
1 -36 -8
1 -36 -40
1 -37 -14
1 -38 -22
1 -39 -15
1 -39 -39
1 -40 -28
1 -40 -33
1 -40 -47
1 -41 -30
1 -42 -46
1 -44 -4
1 -44 -30
1 -45 -25
1 -45 -32
1 -46 -38
1 -48 -17
1 -48 -31
1 -49 -32
2 -1 -27
2 -1 -37
2 -2 -5
2 -2 -42
2 -2 -45
2 -3 -14
2 -4 -6
2 -4 -28
2 -4 -39
2 -4 -40
2 -6 -1
2 -6 -13
2 -6 -31
2 -7 -46
2 -8 -37
2 -9 -43
2 -9 -46
2 -10 -9
2 -11 -34
2 -12 -25
2 -12 -28
2 -12 -49
2 -13 -6
2 -14 -14
2 -15 -42
2 -15 -46
2 -18 -10
2 -19 -16
2 -19 -19
2 -20 -37
2 -20 -48
2 -21 -42
2 -22 -49
2 -23 0
2 -23 -40
2 -23 -44
2 -26 -43
2 -27 -30
2 -28 -43
2 -29 -34
2 -31 -1
2 -31 -2
2 -31 -9
2 -31 -18
2 -31 -19
2 -33 -35
2 -33 -41
2 -34 -31
2 -35 -3
2 -35 -34
2 -36 -8
2 -36 -40
2 -37 -14
2 -38 -22
2 -39 -15
2 -39 -39
2 -40 -28
2 -40 -33
2 -40 -47
2 -41 -30
2 -42 -46
2 -44 -4
2 -44 -30
2 -45 -25
2 -45 -32
2 -46 -38
2 -48 -17
2 -48 -31
2 -49 -32
3 -1 -27
3 -1 -37
3 -2 -5
3 -2 -42
3 -2 -45
3 -3 -14
3 -4 -6
3 -4 -28
3 -4 -39
3 -4 -40
3 -6 -1
3 -6 -13
3 -6 -31
3 -7 -46
3 -8 -37
3 -9 -43
3 -9 -46
3 -10 -9
3 -11 -34
3 -12 -25
3 -12 -28
3 -12 -49
3 -13 -6
3 -14 -14
3 -15 -42
3 -15 -46
3 -18 -10
3 -19 -16
3 -19 -19
3 -20 -37
3 -20 -48
3 -21 -42
3 -22 -49
3 -23 0
3 -23 -40
3 -23 -44
3 -26 -43
3 -27 -30
3 -28 -43
3 -29 -34
3 -31 -1
3 -31 -2
3 -31 -9
3 -31 -18
3 -31 -19
3 -33 -35
3 -33 -41
3 -34 -31
3 -35 -3
3 -35 -34
3 -36 -8
3 -36 -40
3 -37 -14
3 -38 -22
3 -39 -15
3 -39 -39
3 -40 -28
3 -40 -33
3 -40 -47
3 -41 -30
3 -42 -46
3 -44 -4
3 -44 -30
3 -45 -25
3 -45 -32
3 -46 -38
3 -48 -17
3 -48 -31
3 -49 -32
4 -1 -27
4 -1 -37
4 -2 -5
4 -2 -42
4 -2 -45
4 -3 -14
4 -4 -6
4 -4 -28
4 -4 -39
4 -4 -40
4 -6 -1
4 -6 -13
4 -6 -31
4 -7 -46
4 -8 -37
4 -9 -43
4 -9 -46
4 -10 -9
4 -11 -34
4 -12 -25
4 -12 -28
4 -12 -49
4 -13 -6
4 -14 -14
4 -15 -42
4 -15 -46
4 -18 -10
4 -19 -16
4 -19 -19
4 -20 -37
4 -20 -48
4 -21 -42
4 -22 -49
4 -23 0
4 -23 -40
4 -23 -44
4 -26 -43
4 -27 -30
4 -28 -43
4 -29 -34
4 -31 -1
4 -31 -2
4 -31 -9
4 -31 -18
4 -31 -19
4 -33 -35
4 -33 -41
4 -34 -31
4 -35 -3
4 -35 -34
4 -36 -8
4 -36 -40
4 -37 -14
4 -38 -22
4 -39 -15
4 -39 -39
4 -40 -28
4 -40 -33
4 -40 -47
4 -41 -30
4 -42 -46
4 -44 -4
4 -44 -30
4 -45 -25
4 -45 -32
4 -46 -38
4 -48 -17
4 -48 -31
4 -49 -32
5 -1 -27
5 -1 -37
5 -2 -5
5 -2 -42
5 -2 -45
5 -3 -14
5 -4 -6
5 -4 -28
5 -4 -39
5 -4 -40
5 -6 -1
5 -6 -13
5 -6 -31
5 -7 -46
5 -8 -37
5 -9 -43
5 -9 -46
5 -10 -9
5 -11 -34
5 -12 -25
5 -12 -28
5 -12 -49
5 -13 -6
5 -14 -14
5 -15 -42
5 -15 -46
5 -18 -10
5 -19 -16
5 -19 -19
5 -20 -37
5 -20 -48
5 -21 -42
5 -22 -49
5 -23 0
5 -23 -40
5 -23 -44
5 -26 -43
5 -27 -30
5 -28 -43
5 -29 -34
5 -31 -1
5 -31 -2
5 -31 -9
5 -31 -18
5 -31 -19
5 -33 -35
5 -33 -41
5 -34 -31
5 -35 -3
5 -35 -34
5 -36 -8
5 -36 -40
5 -37 -14
5 -38 -22
5 -39 -15
5 -39 -39
5 -40 -28
5 -40 -33
5 -40 -47
5 -41 -30
5 -42 -46
5 -44 -4
5 -44 -30
5 -45 -25
5 -45 -32
5 -46 -38
5 -48 -17
5 -48 -31
5 -49 -32
6 -1 -27
6 -1 -37
6 -2 -5
6 -2 -42
6 -2 -45
6 -3 -14
6 -4 -6
6 -4 -28
6 -4 -39
6 -4 -40
6 -6 -1
6 -6 -13
6 -6 -31
6 -7 -46
6 -8 -37
6 -9 -43
6 -9 -46
6 -10 -9
6 -11 -34
6 -12 -25
6 -12 -28
6 -12 -49
6 -13 -6
6 -14 -14
6 -15 -42
6 -15 -46
6 -18 -10
6 -19 -16
6 -19 -19
6 -20 -37
6 -20 -48
6 -21 -42
6 -22 -49
6 -23 0
6 -23 -40
6 -23 -44
6 -26 -43
6 -27 -30
6 -28 -43
6 -29 -34
6 -31 -1
6 -31 -2
6 -31 -9
6 -31 -18
6 -31 -19
6 -33 -35
6 -33 -41
6 -34 -31
6 -35 -3
6 -35 -34
6 -36 -8
6 -36 -40
6 -37 -14
6 -38 -22
6 -39 -15
6 -39 -39
6 -40 -28
6 -40 -33
6 -40 -47
6 -41 -30
6 -42 -46
6 -44 -4
6 -44 -30
6 -45 -25
6 -45 -32
6 -46 -38
6 -48 -17
6 -48 -31
6 -49 -32
7 -1 -27
7 -1 -37
7 -2 -5
7 -2 -42
7 -2 -45
7 -3 -14
7 -4 -6
7 -4 -28
7 -4 -39
7 -4 -40
7 -6 -1
7 -6 -13
7 -6 -31
7 -7 -46
7 -8 -37
7 -9 -43
7 -9 -46
7 -10 -9
7 -11 -34
7 -12 -25
7 -12 -28
7 -12 -49
7 -13 -6
7 -14 -14
7 -15 -42
7 -15 -46
7 -18 -10
7 -19 -16
7 -19 -19
7 -20 -37
7 -20 -48
7 -21 -42
7 -22 -49
7 -23 0
7 -23 -40
7 -23 -44
7 -26 -43
7 -27 -30
7 -28 -43
7 -29 -34
7 -31 -1
7 -31 -2
7 -31 -9
7 -31 -18
7 -31 -19
7 -33 -35
7 -33 -41
7 -34 -31
7 -35 -3
7 -35 -34
7 -36 -8
7 -36 -40
7 -37 -14
7 -38 -22
7 -39 -15
7 -39 -39
7 -40 -28
7 -40 -33
7 -40 -47
7 -41 -30
7 -42 -46
7 -44 -4
7 -44 -30
7 -45 -25
7 -45 -32
7 -46 -38
7 -48 -17
7 -48 -31
7 -49 -32
8 -1 -27
8 -1 -37
8 -2 -5
8 -2 -42
8 -2 -45
8 -3 -14
8 -4 -6
8 -4 -28
8 -4 -39
8 -4 -40
8 -6 -1
8 -6 -13
8 -6 -31
8 -7 -46
8 -8 -37
8 -9 -43
8 -9 -46
8 -10 -9
8 -11 -34
8 -12 -25
8 -12 -28
8 -12 -49
8 -13 -6
8 -14 -14
8 -15 -42
8 -15 -46
8 -18 -10
8 -19 -16
8 -19 -19
8 -20 -37
8 -20 -48
8 -21 -42
8 -22 -49
8 -23 0
8 -23 -40
8 -23 -44
8 -26 -43
8 -27 -30
8 -28 -43
8 -29 -34
8 -31 -1
8 -31 -2
8 -31 -9
8 -31 -18
8 -31 -19
8 -33 -35
8 -33 -41
8 -34 -31
8 -35 -3
8 -35 -34
8 -36 -8
8 -36 -40
8 -37 -14
8 -38 -22
8 -39 -15
8 -39 -39
8 -40 -28
8 -40 -33
8 -40 -47
8 -41 -30
8 -42 -46
8 -44 -4
8 -44 -30
8 -45 -25
8 -45 -32
8 -46 -38
8 -48 -17
8 -48 -31
8 -49 -32
9 -1 -27
9 -1 -37
9 -2 -5
9 -2 -42
9 -2 -45
9 -3 -14
9 -4 -6
9 -4 -28
9 -4 -39
9 -4 -40
9 -6 -1
9 -6 -13
9 -6 -31
9 -7 -46
9 -8 -37
9 -9 -43
9 -9 -46
9 -10 -9
9 -11 -34
9 -12 -25
9 -12 -28
9 -12 -49
9 -13 -6
9 -14 -14
9 -15 -42
9 -15 -46
9 -18 -10
9 -19 -16
9 -19 -19
9 -20 -37
9 -20 -48
9 -21 -42
9 -22 -49
9 -23 0
9 -23 -40
9 -23 -44
9 -26 -43
9 -27 -30
9 -28 -43
9 -29 -34
9 -31 -1
9 -31 -2
9 -31 -9
9 -31 -18
9 -31 -19
9 -33 -35
9 -33 -41
9 -34 -31
9 -35 -3
9 -35 -34
9 -36 -8
9 -36 -40
9 -37 -14
9 -38 -22
9 -39 -15
9 -39 -39
9 -40 -28
9 -40 -33
9 -40 -47
9 -41 -30
9 -42 -46
9 -44 -4
9 -44 -30
9 -45 -25
9 -45 -32
9 -46 -38
9 -48 -17
9 -48 -31
9 -49 -32
10 -1 -27
10 -1 -37
10 -2 -5
10 -2 -42
10 -2 -45
10 -3 -14
10 -4 -6
10 -4 -28
10 -4 -39
10 -4 -40
10 -6 -1
10 -6 -13
10 -6 -31
10 -7 -46
10 -8 -37
10 -9 -43
10 -9 -46
10 -10 -9
10 -11 -34
10 -12 -25
10 -12 -28
10 -12 -49
10 -13 -6
10 -14 -14
10 -15 -42
10 -15 -46
10 -18 -10
10 -19 -16
10 -19 -19
10 -20 -37
10 -20 -48
10 -21 -42
10 -22 -49
10 -23 0
10 -23 -40
10 -23 -44
10 -26 -43
10 -27 -30
10 -28 -43
10 -29 -34
10 -31 -1
10 -31 -2
10 -31 -9
10 -31 -18
10 -31 -19
10 -33 -35
10 -33 -41
10 -34 -31
10 -35 -3
10 -35 -34
10 -36 -8
10 -36 -40
10 -37 -14
10 -38 -22
10 -39 -15
10 -39 -39
10 -40 -28
10 -40 -33
10 -40 -47
10 -41 -30
10 -42 -46
10 -44 -4
10 -44 -30
10 -45 -25
10 -45 -32
10 -46 -38
10 -48 -17
10 -48 -31
10 -49 -32
11 -1 -27
11 -1 -37
11 -2 -5
11 -2 -42
11 -2 -45
11 -3 -14
11 -4 -6
11 -4 -28
11 -4 -39
11 -4 -40
11 -6 -1
11 -6 -13
11 -6 -31
11 -7 -46
11 -8 -37
11 -9 -43
11 -9 -46
11 -10 -9
11 -11 -34
11 -12 -25
11 -12 -28
11 -12 -49
11 -13 -6
11 -14 -14
11 -15 -42
11 -15 -46
11 -18 -10
11 -19 -16
11 -19 -19
11 -20 -37
11 -20 -48
11 -21 -42
11 -22 -49
11 -23 0
11 -23 -40
11 -23 -44
11 -26 -43
11 -27 -30
11 -28 -43
11 -29 -34
11 -31 -1
11 -31 -2
11 -31 -9
11 -31 -18
11 -31 -19
11 -33 -35
11 -33 -41
11 -34 -31
11 -35 -3
11 -35 -34
11 -36 -8
11 -36 -40
11 -37 -14
11 -38 -22
11 -39 -15
11 -39 -39
11 -40 -28
11 -40 -33
11 -40 -47
11 -41 -30
11 -42 -46
11 -44 -4
11 -44 -30
11 -45 -25
11 -45 -32
11 -46 -38
11 -48 -17
11 -48 -31
11 -49 -32
12 -1 -27
12 -1 -37
12 -2 -5
12 -2 -42
12 -2 -45
12 -3 -14
12 -4 -6
12 -4 -28
12 -4 -39
12 -4 -40
12 -6 -1
12 -6 -13
12 -6 -31
12 -7 -46
12 -8 -37
12 -9 -43
12 -9 -46
12 -10 -9
12 -11 -34
12 -12 -25
12 -12 -28
12 -12 -49
12 -13 -6
12 -14 -14
12 -15 -42
12 -15 -46
12 -18 -10
12 -19 -16
12 -19 -19
12 -20 -37
12 -20 -48
12 -21 -42
12 -22 -49
12 -23 0
12 -23 -40
12 -23 -44
12 -26 -43
12 -27 -30
12 -28 -43
12 -29 -34
12 -31 -1
12 -31 -2
12 -31 -9
12 -31 -18
12 -31 -19
12 -33 -35
12 -33 -41
12 -34 -31
12 -35 -3
12 -35 -34
12 -36 -8
12 -36 -40
12 -37 -14
12 -38 -22
12 -39 -15
12 -39 -39
12 -40 -28
12 -40 -33
12 -40 -47
12 -41 -30
12 -42 -46
12 -44 -4
12 -44 -30
12 -45 -25
12 -45 -32
12 -46 -38
12 -48 -17
12 -48 -31
12 -49 -32
13 -1 -27
13 -1 -37
13 -2 -5
13 -2 -42
13 -2 -45
13 -3 -14
13 -4 -6
13 -4 -28
13 -4 -39
13 -4 -40
13 -6 -1
13 -6 -13
13 -6 -31
13 -7 -46
13 -8 -37
13 -9 -43
13 -9 -46
13 -10 -9
13 -11 -34
13 -12 -25
13 -12 -28
13 -12 -49
13 -13 -6
13 -14 -14
13 -15 -42
13 -15 -46
13 -18 -10
13 -19 -16
13 -19 -19
13 -20 -37
13 -20 -48
13 -21 -42
13 -22 -49
13 -23 0
13 -23 -40
13 -23 -44
13 -26 -43
13 -27 -30
13 -28 -43
13 -29 -34
13 -31 -1
13 -31 -2
13 -31 -9
13 -31 -18
13 -31 -19
13 -33 -35
13 -33 -41
13 -34 -31
13 -35 -3
13 -35 -34
13 -36 -8
13 -36 -40
13 -37 -14
13 -38 -22
13 -39 -15
13 -39 -39
13 -40 -28
13 -40 -33
13 -40 -47
13 -41 -30
13 -42 -46
13 -44 -4
13 -44 -30
13 -45 -25
13 -45 -32
13 -46 -38
13 -48 -17
13 -48 -31
13 -49 -32
14 -1 -27
14 -1 -37
14 -2 -5
14 -2 -42
14 -2 -45
14 -3 -14
14 -4 -6
14 -4 -28
14 -4 -39
14 -4 -40
14 -6 -1
14 -6 -13
14 -6 -31
14 -7 -46
14 -8 -37
14 -9 -43
14 -9 -46
14 -10 -9
14 -11 -34
14 -12 -25
14 -12 -28
14 -12 -49
14 -13 -6
14 -14 -14
14 -15 -42
14 -15 -46
14 -18 -10
14 -19 -16
14 -19 -19
14 -20 -37
14 -20 -48
14 -21 -42
14 -22 -49
14 -23 0
14 -23 -40
14 -23 -44
14 -26 -43
14 -27 -30
14 -28 -43
14 -29 -34
14 -31 -1
14 -31 -2
14 -31 -9
14 -31 -18
14 -31 -19
14 -33 -35
14 -33 -41
14 -34 -31
14 -35 -3
14 -35 -34
14 -36 -8
14 -36 -40
14 -37 -14
14 -38 -22
14 -39 -15
14 -39 -39
14 -40 -28
14 -40 -33
14 -40 -47
14 -41 -30
14 -42 -46
14 -44 -4
14 -44 -30
14 -45 -25
14 -45 -32
14 -46 -38
14 -48 -17
14 -48 -31
14 -49 -32
15 -1 -27
15 -1 -37
15 -2 -5
15 -2 -42
15 -2 -45
15 -3 -14
15 -4 -6
15 -4 -28
15 -4 -39
15 -4 -40
15 -6 -1
15 -6 -13
15 -6 -31
15 -7 -46
15 -8 -37
15 -9 -43
15 -9 -46
15 -10 -9
15 -11 -34
15 -12 -25
15 -12 -28
15 -12 -49
15 -13 -6
15 -14 -14
15 -15 -42
15 -15 -46
15 -18 -10
15 -19 -16
15 -19 -19
15 -20 -37
15 -20 -48
15 -21 -42
15 -22 -49
15 -23 0
15 -23 -40
15 -23 -44
15 -26 -43
15 -27 -30
15 -28 -43
15 -29 -34
15 -31 -1
15 -31 -2
15 -31 -9
15 -31 -18
15 -31 -19
15 -33 -35
15 -33 -41
15 -34 -31
15 -35 -3
15 -35 -34
15 -36 -8
15 -36 -40
15 -37 -14
15 -38 -22
15 -39 -15
15 -39 -39
15 -40 -28
15 -40 -33
15 -40 -47
15 -41 -30
15 -42 -46
15 -44 -4
15 -44 -30
15 -45 -25
15 -45 -32
15 -46 -38
15 -48 -17
15 -48 -31
15 -49 -32
16 -1 -27
16 -1 -37
16 -2 -5
16 -2 -42
16 -2 -45
16 -3 -14
16 -4 -6
16 -4 -28
16 -4 -39
16 -4 -40
16 -6 -1
16 -6 -13
16 -6 -31
16 -7 -46
16 -8 -37
16 -9 -43
16 -9 -46
16 -10 -9
16 -11 -34
16 -12 -25
16 -12 -28
16 -12 -49
16 -13 -6
16 -14 -14
16 -15 -42
16 -15 -46
16 -18 -10
16 -19 -16
16 -19 -19
16 -20 -37
16 -20 -48
16 -21 -42
16 -22 -49
16 -23 0
16 -23 -40
16 -23 -44
16 -26 -43
16 -27 -30
16 -28 -43
16 -29 -34
16 -31 -1
16 -31 -2
16 -31 -9
16 -31 -18
16 -31 -19
16 -33 -35
16 -33 -41
16 -34 -31
16 -35 -3
16 -35 -34
16 -36 -8
16 -36 -40
16 -37 -14
16 -38 -22
16 -39 -15
16 -39 -39
16 -40 -28
16 -40 -33
16 -40 -47
16 -41 -30
16 -42 -46
16 -44 -4
16 -44 -30
16 -45 -25
16 -45 -32
16 -46 -38
16 -48 -17
16 -48 -31
16 -49 -32
17 -1 -27
17 -1 -37
17 -2 -5
17 -2 -42
17 -2 -45
17 -3 -14
17 -4 -6
17 -4 -28
17 -4 -39
17 -4 -40
17 -6 -1
17 -6 -13
17 -6 -31
17 -7 -46
17 -8 -37
17 -9 -43
17 -9 -46
17 -10 -9
17 -11 -34
17 -12 -25
17 -12 -28
17 -12 -49
17 -13 -6
17 -14 -14
17 -15 -42
17 -15 -46
17 -18 -10
17 -19 -16
17 -19 -19
17 -20 -37
17 -20 -48
17 -21 -42
17 -22 -49
17 -23 0
17 -23 -40
17 -23 -44
17 -26 -43
17 -27 -30
17 -28 -43
17 -29 -34
17 -31 -1
17 -31 -2
17 -31 -9
17 -31 -18
17 -31 -19
17 -33 -35
17 -33 -41
17 -34 -31
17 -35 -3
17 -35 -34
17 -36 -8
17 -36 -40
17 -37 -14
17 -38 -22
17 -39 -15
17 -39 -39
17 -40 -28
17 -40 -33
17 -40 -47
17 -41 -30
17 -42 -46
17 -44 -4
17 -44 -30
17 -45 -25
17 -45 -32
17 -46 -38
17 -48 -17
17 -48 -31
17 -49 -32
18 -1 -27
18 -1 -37
18 -2 -5
18 -2 -42
18 -2 -45
18 -3 -14
18 -4 -6
18 -4 -28
18 -4 -39
18 -4 -40
18 -6 -1
18 -6 -13
18 -6 -31
18 -7 -46
18 -8 -37
18 -9 -43
18 -9 -46
18 -10 -9
18 -11 -34
18 -12 -25
18 -12 -28
18 -12 -49
18 -13 -6
18 -14 -14
18 -15 -42
18 -15 -46
18 -18 -10
18 -19 -16
18 -19 -19
18 -20 -37
18 -20 -48
18 -21 -42
18 -22 -49
18 -23 0
18 -23 -40
18 -23 -44
18 -26 -43
18 -27 -30
18 -28 -43
18 -29 -34
18 -31 -1
18 -31 -2
18 -31 -9
18 -31 -18
18 -31 -19
18 -33 -35
18 -33 -41
18 -34 -31
18 -35 -3
18 -35 -34
18 -36 -8
18 -36 -40
18 -37 -14
18 -38 -22
18 -39 -15
18 -39 -39
18 -40 -28
18 -40 -33
18 -40 -47
18 -41 -30
18 -42 -46
18 -44 -4
18 -44 -30
18 -45 -25
18 -45 -32
18 -46 -38
18 -48 -17
18 -48 -31
18 -49 -32
19 -1 -27
19 -1 -37
19 -2 -5
19 -2 -42
19 -2 -45
19 -3 -14
19 -4 -6
19 -4 -28
19 -4 -39
19 -4 -40
19 -6 -1
19 -6 -13
19 -6 -31
19 -7 -46
19 -8 -37
19 -9 -43
19 -9 -46
19 -10 -9
19 -11 -34
19 -12 -25
19 -12 -28
19 -12 -49
19 -13 -6
19 -14 -14
19 -15 -42
19 -15 -46
19 -18 -10
19 -19 -16
19 -19 -19
19 -20 -37
19 -20 -48
19 -21 -42
19 -22 -49
19 -23 0
19 -23 -40
19 -23 -44
19 -26 -43
19 -27 -30
19 -28 -43
19 -29 -34
19 -31 -1
19 -31 -2
19 -31 -9
19 -31 -18
19 -31 -19
19 -33 -35
19 -33 -41
19 -34 -31
19 -35 -3
19 -35 -34
19 -36 -8
19 -36 -40
19 -37 -14
19 -38 -22
19 -39 -15
19 -39 -39
19 -40 -28
19 -40 -33
19 -40 -47
19 -41 -30
19 -42 -46
19 -44 -4
19 -44 -30
19 -45 -25
19 -45 -32
19 -46 -38
19 -48 -17
19 -48 -31
19 -49 -32
20 -1 -27
20 -1 -37
20 -2 -5
20 -2 -42
20 -2 -45
20 -3 -14
20 -4 -6
20 -4 -28
20 -4 -39
20 -4 -40
20 -6 -1
20 -6 -13
20 -6 -31
20 -7 -46
20 -8 -37
20 -9 -43
20 -9 -46
20 -10 -9
20 -11 -34
20 -12 -25
20 -12 -28
20 -12 -49
20 -13 -6
20 -14 -14
20 -15 -42
20 -15 -46
20 -18 -10
20 -19 -16
20 -19 -19
20 -20 -37
20 -20 -48
20 -21 -42
20 -22 -49
20 -23 0
20 -23 -40
20 -23 -44
20 -26 -43
20 -27 -30
20 -28 -43
20 -29 -34
20 -31 -1
20 -31 -2
20 -31 -9
20 -31 -18
20 -31 -19
20 -33 -35
20 -33 -41
20 -34 -31
20 -35 -3
20 -35 -34
20 -36 -8
20 -36 -40
20 -37 -14
20 -38 -22
20 -39 -15
20 -39 -39
20 -40 -28
20 -40 -33
20 -40 -47
20 -41 -30
20 -42 -46
20 -44 -4
20 -44 -30
20 -45 -25
20 -45 -32
20 -46 -38
20 -48 -17
20 -48 -31
20 -49 -32
21 -1 -27
21 -1 -37
21 -2 -5
21 -2 -42
21 -2 -45
21 -3 -14
21 -4 -6
21 -4 -28
21 -4 -39
21 -4 -40
21 -6 -1
21 -6 -13
21 -6 -31
21 -7 -46
21 -8 -37
21 -9 -43
21 -9 -46
21 -10 -9
21 -11 -34
21 -12 -25
21 -12 -28
21 -12 -49
21 -13 -6
21 -14 -14
21 -15 -42
21 -15 -46
21 -18 -10
21 -19 -16
21 -19 -19
21 -20 -37
21 -20 -48
21 -21 -42
21 -22 -49
21 -23 0
21 -23 -40
21 -23 -44
21 -26 -43
21 -27 -30
21 -28 -43
21 -29 -34
21 -31 -1
21 -31 -2
21 -31 -9
21 -31 -18
21 -31 -19
21 -33 -35
21 -33 -41
21 -34 -31
21 -35 -3
21 -35 -34
21 -36 -8
21 -36 -40
21 -37 -14
21 -38 -22
21 -39 -15
21 -39 -39
21 -40 -28
21 -40 -33
21 -40 -47
21 -41 -30
21 -42 -46
21 -44 -4
21 -44 -30
21 -45 -25
21 -45 -32
21 -46 -38
21 -48 -17
21 -48 -31
21 -49 -32
22 -1 -27
22 -1 -37
22 -2 -5
22 -2 -42
22 -2 -45
22 -3 -14
22 -4 -6
22 -4 -28
22 -4 -39
22 -4 -40
22 -6 -1
22 -6 -13
22 -6 -31
22 -7 -46
22 -8 -37
22 -9 -43
22 -9 -46
22 -10 -9
22 -11 -34
22 -12 -25
22 -12 -28
22 -12 -49
22 -13 -6
22 -14 -14
22 -15 -42
22 -15 -46
22 -18 -10
22 -19 -16
22 -19 -19
22 -20 -37
22 -20 -48
22 -21 -42
22 -22 -49
22 -23 0
22 -23 -40
22 -23 -44
22 -26 -43
22 -27 -30
22 -28 -43
22 -29 -34
22 -31 -1
22 -31 -2
22 -31 -9
22 -31 -18
22 -31 -19
22 -33 -35
22 -33 -41
22 -34 -31
22 -35 -3
22 -35 -34
22 -36 -8
22 -36 -40
22 -37 -14
22 -38 -22
22 -39 -15
22 -39 -39
22 -40 -28
22 -40 -33
22 -40 -47
22 -41 -30
22 -42 -46
22 -44 -4
22 -44 -30
22 -45 -25
22 -45 -32
22 -46 -38
22 -48 -17
22 -48 -31
22 -49 -32
23 -1 -27
23 -1 -37
23 -2 -5
23 -2 -42
23 -2 -45
23 -3 -14
23 -4 -6
23 -4 -28
23 -4 -39
23 -4 -40
23 -6 -1
23 -6 -13
23 -6 -31
23 -7 -46
23 -8 -37
23 -9 -43
23 -9 -46
23 -10 -9
23 -11 -34
23 -12 -25
23 -12 -28
23 -12 -49
23 -13 -6
23 -14 -14
23 -15 -42
23 -15 -46
23 -18 -10
23 -19 -16
23 -19 -19
23 -20 -37
23 -20 -48
23 -21 -42
23 -22 -49
23 -23 0
23 -23 -40
23 -23 -44
23 -26 -43
23 -27 -30
23 -28 -43
23 -29 -34
23 -31 -1
23 -31 -2
23 -31 -9
23 -31 -18
23 -31 -19
23 -33 -35
23 -33 -41
23 -34 -31
23 -35 -3
23 -35 -34
23 -36 -8
23 -36 -40
23 -37 -14
23 -38 -22
23 -39 -15
23 -39 -39
23 -40 -28
23 -40 -33
23 -40 -47
23 -41 -30
23 -42 -46
23 -44 -4
23 -44 -30
23 -45 -25
23 -45 -32
23 -46 -38
23 -48 -17
23 -48 -31
23 -49 -32
24 -1 -27
24 -1 -37
24 -2 -5
24 -2 -42
24 -2 -45
24 -3 -14
24 -4 -6
24 -4 -28
24 -4 -39
24 -4 -40
24 -6 -1
24 -6 -13
24 -6 -31
24 -7 -46
24 -8 -37
24 -9 -43
24 -9 -46
24 -10 -9
24 -11 -34
24 -12 -25
24 -12 -28
24 -12 -49
24 -13 -6
24 -14 -14
24 -15 -42
24 -15 -46
24 -18 -10
24 -19 -16
24 -19 -19
24 -20 -37
24 -20 -48
24 -21 -42
24 -22 -49
24 -23 0
24 -23 -40
24 -23 -44
24 -26 -43
24 -27 -30
24 -28 -43
24 -29 -34
24 -31 -1
24 -31 -2
24 -31 -9
24 -31 -18
24 -31 -19
24 -33 -35
24 -33 -41
24 -34 -31
24 -35 -3
24 -35 -34
24 -36 -8
24 -36 -40
24 -37 -14
24 -38 -22
24 -39 -15
24 -39 -39
24 -40 -28
24 -40 -33
24 -40 -47
24 -41 -30
24 -42 -46
24 -44 -4
24 -44 -30
24 -45 -25
24 -45 -32
24 -46 -38
24 -48 -17
24 -48 -31
24 -49 -32
25 -1 -27
25 -1 -37
25 -2 -5
25 -2 -42
25 -2 -45
25 -3 -14
25 -4 -6
25 -4 -28
25 -4 -39
25 -4 -40
25 -6 -1
25 -6 -13
25 -6 -31
25 -7 -46
25 -8 -37
25 -9 -43
25 -9 -46
25 -10 -9
25 -11 -34
25 -12 -25
25 -12 -28
25 -12 -49
25 -13 -6
25 -14 -14
25 -15 -42
25 -15 -46
25 -18 -10
25 -19 -16
25 -19 -19
25 -20 -37
25 -20 -48
25 -21 -42
25 -22 -49
25 -23 0
25 -23 -40
25 -23 -44
25 -26 -43
25 -27 -30
25 -28 -43
25 -29 -34
25 -31 -1
25 -31 -2
25 -31 -9
25 -31 -18
25 -31 -19
25 -33 -35
25 -33 -41
25 -34 -31
25 -35 -3
25 -35 -34
25 -36 -8
25 -36 -40
25 -37 -14
25 -38 -22
25 -39 -15
25 -39 -39
25 -40 -28
25 -40 -33
25 -40 -47
25 -41 -30
25 -42 -46
25 -44 -4
25 -44 -30
25 -45 -25
25 -45 -32
25 -46 -38
25 -48 -17
25 -48 -31
25 -49 -32
26 -1 -27
26 -1 -37
26 -2 -5
26 -2 -42
26 -2 -45
26 -3 -14
26 -4 -6
26 -4 -28
26 -4 -39
26 -4 -40
26 -6 -1
26 -6 -13
26 -6 -31
26 -7 -46
26 -8 -37
26 -9 -43
26 -9 -46
26 -10 -9
26 -11 -34
26 -12 -25
26 -12 -28
26 -12 -49
26 -13 -6
26 -14 -14
26 -15 -42
26 -15 -46
26 -18 -10
26 -19 -16
26 -19 -19
26 -20 -37
26 -20 -48
26 -21 -42
26 -22 -49
26 -23 0
26 -23 -40
26 -23 -44
26 -26 -43
26 -27 -30
26 -28 -43
26 -29 -34
26 -31 -1
26 -31 -2
26 -31 -9
26 -31 -18
26 -31 -19
26 -33 -35
26 -33 -41
26 -34 -31
26 -35 -3
26 -35 -34
26 -36 -8
26 -36 -40
26 -37 -14
26 -38 -22
26 -39 -15
26 -39 -39
26 -40 -28
26 -40 -33
26 -40 -47
26 -41 -30
26 -42 -46
26 -44 -4
26 -44 -30
26 -45 -25
26 -45 -32
26 -46 -38
26 -48 -17
26 -48 -31
26 -49 -32
27 -1 -27
27 -1 -37
27 -2 -5
27 -2 -42
27 -2 -45
27 -3 -14
27 -4 -6
27 -4 -28
27 -4 -39
27 -4 -40
27 -6 -1
27 -6 -13
27 -6 -31
27 -7 -46
27 -8 -37
27 -9 -43
27 -9 -46
27 -10 -9
27 -11 -34
27 -12 -25
27 -12 -28
27 -12 -49
27 -13 -6
27 -14 -14
27 -15 -42
27 -15 -46
27 -18 -10
27 -19 -16
27 -19 -19
27 -20 -37
27 -20 -48
27 -21 -42
27 -22 -49
27 -23 0
27 -23 -40
27 -23 -44
27 -26 -43
27 -27 -30
27 -28 -43
27 -29 -34
27 -31 -1
27 -31 -2
27 -31 -9
27 -31 -18
27 -31 -19
27 -33 -35
27 -33 -41
27 -34 -31
27 -35 -3
27 -35 -34
27 -36 -8
27 -36 -40
27 -37 -14
27 -38 -22
27 -39 -15
27 -39 -39
27 -40 -28
27 -40 -33
27 -40 -47
27 -41 -30
27 -42 -46
27 -44 -4
27 -44 -30
27 -45 -25
27 -45 -32
27 -46 -38
27 -48 -17
27 -48 -31
27 -49 -32
28 -1 -27
28 -1 -37
28 -2 -5
28 -2 -42
28 -2 -45
28 -3 -14
28 -4 -6
28 -4 -28
28 -4 -39
28 -4 -40
28 -6 -1
28 -6 -13
28 -6 -31
28 -7 -46
28 -8 -37
28 -9 -43
28 -9 -46
28 -10 -9
28 -11 -34
28 -12 -25
28 -12 -28
28 -12 -49
28 -13 -6
28 -14 -14
28 -15 -42
28 -15 -46
28 -18 -10
28 -19 -16
28 -19 -19
28 -20 -37
28 -20 -48
28 -21 -42
28 -22 -49
28 -23 0
28 -23 -40
28 -23 -44
28 -26 -43
28 -27 -30
28 -28 -43
28 -29 -34
28 -31 -1
28 -31 -2
28 -31 -9
28 -31 -18
28 -31 -19
28 -33 -35
28 -33 -41
28 -34 -31
28 -35 -3
28 -35 -34
28 -36 -8
28 -36 -40
28 -37 -14
28 -38 -22
28 -39 -15
28 -39 -39
28 -40 -28
28 -40 -33
28 -40 -47
28 -41 -30
28 -42 -46
28 -44 -4
28 -44 -30
28 -45 -25
28 -45 -32
28 -46 -38
28 -48 -17
28 -48 -31
28 -49 -32
29 -1 -27
29 -1 -37
29 -2 -5
29 -2 -42
29 -2 -45
29 -3 -14
29 -4 -6
29 -4 -28
29 -4 -39
29 -4 -40
29 -6 -1
29 -6 -13
29 -6 -31
29 -7 -46
29 -8 -37
29 -9 -43
29 -9 -46
29 -10 -9
29 -11 -34
29 -12 -25
29 -12 -28
29 -12 -49
29 -13 -6
29 -14 -14
29 -15 -42
29 -15 -46
29 -18 -10
29 -19 -16
29 -19 -19
29 -20 -37
29 -20 -48
29 -21 -42
29 -22 -49
29 -23 0
29 -23 -40
29 -23 -44
29 -26 -43
29 -27 -30
29 -28 -43
29 -29 -34
29 -31 -1
29 -31 -2
29 -31 -9
29 -31 -18
29 -31 -19
29 -33 -35
29 -33 -41
29 -34 -31
29 -35 -3
29 -35 -34
29 -36 -8
29 -36 -40
29 -37 -14
29 -38 -22
29 -39 -15
29 -39 -39
29 -40 -28
29 -40 -33
29 -40 -47
29 -41 -30
29 -42 -46
29 -44 -4
29 -44 -30
29 -45 -25
29 -45 -32
29 -46 -38
29 -48 -17
29 -48 -31
29 -49 -32
30 -1 -27
30 -1 -37
30 -2 -5
30 -2 -42
30 -2 -45
30 -3 -14
30 -4 -6
30 -4 -28
30 -4 -39
30 -4 -40
30 -6 -1
30 -6 -13
30 -6 -31
30 -7 -46
30 -8 -37
30 -9 -43
30 -9 -46
30 -10 -9
30 -11 -34
30 -12 -25
30 -12 -28
30 -12 -49
30 -13 -6
30 -14 -14
30 -15 -42
30 -15 -46
30 -18 -10
30 -19 -16
30 -19 -19
30 -20 -37
30 -20 -48
30 -21 -42
30 -22 -49
30 -23 0
30 -23 -40
30 -23 -44
30 -26 -43
30 -27 -30
30 -28 -43
30 -29 -34
30 -31 -1
30 -31 -2
30 -31 -9
30 -31 -18
30 -31 -19
30 -33 -35
30 -33 -41
30 -34 -31
30 -35 -3
30 -35 -34
30 -36 -8
30 -36 -40
30 -37 -14
30 -38 -22
30 -39 -15
30 -39 -39
30 -40 -28
30 -40 -33
30 -40 -47
30 -41 -30
30 -42 -46
30 -44 -4
30 -44 -30
30 -45 -25
30 -45 -32
30 -46 -38
30 -48 -17
30 -48 -31
30 -49 -32
31 -1 -27
31 -1 -37
31 -2 -5
31 -2 -42
31 -2 -45
31 -3 -14
31 -4 -6
31 -4 -28
31 -4 -39
31 -4 -40
31 -6 -1
31 -6 -13
31 -6 -31
31 -7 -46
31 -8 -37
31 -9 -43
31 -9 -46
31 -10 -9
31 -11 -34
31 -12 -25
31 -12 -28
31 -12 -49
31 -13 -6
31 -14 -14
31 -15 -42
31 -15 -46
31 -18 -10
31 -19 -16
31 -19 -19
31 -20 -37
31 -20 -48
31 -21 -42
31 -22 -49
31 -23 0
31 -23 -40
31 -23 -44
31 -26 -43
31 -27 -30
31 -28 -43
31 -29 -34
31 -31 -1
31 -31 -2
31 -31 -9
31 -31 -18
31 -31 -19
31 -33 -35
31 -33 -41
31 -34 -31
31 -35 -3
31 -35 -34
31 -36 -8
31 -36 -40
31 -37 -14
31 -38 -22
31 -39 -15
31 -39 -39
31 -40 -28
31 -40 -33
31 -40 -47
31 -41 -30
31 -42 -46
31 -44 -4
31 -44 -30
31 -45 -25
31 -45 -32
31 -46 -38
31 -48 -17
31 -48 -31
31 -49 -32
32 -1 -27
32 -1 -37
32 -2 -5
32 -2 -42
32 -2 -45
32 -3 -14
32 -4 -6
32 -4 -28
32 -4 -39
32 -4 -40
32 -6 -1
32 -6 -13
32 -6 -31
32 -7 -46
32 -8 -37
32 -9 -43
32 -9 -46
32 -10 -9
32 -11 -34
32 -12 -25
32 -12 -28
32 -12 -49
32 -13 -6
32 -14 -14
32 -15 -42
32 -15 -46
32 -18 -10
32 -19 -16
32 -19 -19
32 -20 -37
32 -20 -48
32 -21 -42
32 -22 -49
32 -23 0
32 -23 -40
32 -23 -44
32 -26 -43
32 -27 -30
32 -28 -43
32 -29 -34
32 -31 -1
32 -31 -2
32 -31 -9
32 -31 -18
32 -31 -19
32 -33 -35
32 -33 -41
32 -34 -31
32 -35 -3
32 -35 -34
32 -36 -8
32 -36 -40
32 -37 -14
32 -38 -22
32 -39 -15
32 -39 -39
32 -40 -28
32 -40 -33
32 -40 -47
32 -41 -30
32 -42 -46
32 -44 -4
32 -44 -30
32 -45 -25
32 -45 -32
32 -46 -38
32 -48 -17
32 -48 -31
32 -49 -32
33 -1 -27
33 -1 -37
33 -2 -5
33 -2 -42
33 -2 -45
33 -3 -14
33 -4 -6
33 -4 -28
33 -4 -39
33 -4 -40
33 -6 -1
33 -6 -13
33 -6 -31
33 -7 -46
33 -8 -37
33 -9 -43
33 -9 -46
33 -10 -9
33 -11 -34
33 -12 -25
33 -12 -28
33 -12 -49
33 -13 -6
33 -14 -14
33 -15 -42
33 -15 -46
33 -18 -10
33 -19 -16
33 -19 -19
33 -20 -37
33 -20 -48
33 -21 -42
33 -22 -49
33 -23 0
33 -23 -40
33 -23 -44
33 -26 -43
33 -27 -30
33 -28 -43
33 -29 -34
33 -31 -1
33 -31 -2
33 -31 -9
33 -31 -18
33 -31 -19
33 -33 -35
33 -33 -41
33 -34 -31
33 -35 -3
33 -35 -34
33 -36 -8
33 -36 -40
33 -37 -14
33 -38 -22
33 -39 -15
33 -39 -39
33 -40 -28
33 -40 -33
33 -40 -47
33 -41 -30
33 -42 -46
33 -44 -4
33 -44 -30
33 -45 -25
33 -45 -32
33 -46 -38
33 -48 -17
33 -48 -31
33 -49 -32
34 -1 -27
34 -1 -37
34 -2 -5
34 -2 -42
34 -2 -45
34 -3 -14
34 -4 -6
34 -4 -28
34 -4 -39
34 -4 -40
34 -6 -1
34 -6 -13
34 -6 -31
34 -7 -46
34 -8 -37
34 -9 -43
34 -9 -46
34 -10 -9
34 -11 -34
34 -12 -25
34 -12 -28
34 -12 -49
34 -13 -6
34 -14 -14
34 -15 -42
34 -15 -46
34 -18 -10
34 -19 -16
34 -19 -19
34 -20 -37
34 -20 -48
34 -21 -42
34 -22 -49
34 -23 0
34 -23 -40
34 -23 -44
34 -26 -43
34 -27 -30
34 -28 -43
34 -29 -34
34 -31 -1
34 -31 -2
34 -31 -9
34 -31 -18
34 -31 -19
34 -33 -35
34 -33 -41
34 -34 -31
34 -35 -3
34 -35 -34
34 -36 -8
34 -36 -40
34 -37 -14
34 -38 -22
34 -39 -15
34 -39 -39
34 -40 -28
34 -40 -33
34 -40 -47
34 -41 -30
34 -42 -46
34 -44 -4
34 -44 -30
34 -45 -25
34 -45 -32
34 -46 -38
34 -48 -17
34 -48 -31
34 -49 -32
35 -1 -27
35 -1 -37
35 -2 -5
35 -2 -42
35 -2 -45
35 -3 -14
35 -4 -6
35 -4 -28
35 -4 -39
35 -4 -40
35 -6 -1
35 -6 -13
35 -6 -31
35 -7 -46
35 -8 -37
35 -9 -43
35 -9 -46
35 -10 -9
35 -11 -34
35 -12 -25
35 -12 -28
35 -12 -49
35 -13 -6
35 -14 -14
35 -15 -42
35 -15 -46
35 -18 -10
35 -19 -16
35 -19 -19
35 -20 -37
35 -20 -48
35 -21 -42
35 -22 -49
35 -23 0
35 -23 -40
35 -23 -44
35 -26 -43
35 -27 -30
35 -28 -43
35 -29 -34
35 -31 -1
35 -31 -2
35 -31 -9
35 -31 -18
35 -31 -19
35 -33 -35
35 -33 -41
35 -34 -31
35 -35 -3
35 -35 -34
35 -36 -8
35 -36 -40
35 -37 -14
35 -38 -22
35 -39 -15
35 -39 -39
35 -40 -28
35 -40 -33
35 -40 -47
35 -41 -30
35 -42 -46
35 -44 -4
35 -44 -30
35 -45 -25
35 -45 -32
35 -46 -38
35 -48 -17
35 -48 -31
35 -49 -32
36 -1 -27
36 -1 -37
36 -2 -5
36 -2 -42
36 -2 -45
36 -3 -14
36 -4 -6
36 -4 -28
36 -4 -39
36 -4 -40
36 -6 -1
36 -6 -13
36 -6 -31
36 -7 -46
36 -8 -37
36 -9 -43
36 -9 -46
36 -10 -9
36 -11 -34
36 -12 -25
36 -12 -28
36 -12 -49
36 -13 -6
36 -14 -14
36 -15 -42
36 -15 -46
36 -18 -10
36 -19 -16
36 -19 -19
36 -20 -37
36 -20 -48
36 -21 -42
36 -22 -49
36 -23 0
36 -23 -40
36 -23 -44
36 -26 -43
36 -27 -30
36 -28 -43
36 -29 -34
36 -31 -1
36 -31 -2
36 -31 -9
36 -31 -18
36 -31 -19
36 -33 -35
36 -33 -41
36 -34 -31
36 -35 -3
36 -35 -34
36 -36 -8
36 -36 -40
36 -37 -14
36 -38 -22
36 -39 -15
36 -39 -39
36 -40 -28
36 -40 -33
36 -40 -47
36 -41 -30
36 -42 -46
36 -44 -4
36 -44 -30
36 -45 -25
36 -45 -32
36 -46 -38
36 -48 -17
36 -48 -31
36 -49 -32
37 -1 -27
37 -1 -37
37 -2 -5
37 -2 -42
37 -2 -45
37 -3 -14
37 -4 -6
37 -4 -28
37 -4 -39
37 -4 -40
37 -6 -1
37 -6 -13
37 -6 -31
37 -7 -46
37 -8 -37
37 -9 -43
37 -9 -46
37 -10 -9
37 -11 -34
37 -12 -25
37 -12 -28
37 -12 -49
37 -13 -6
37 -14 -14
37 -15 -42
37 -15 -46
37 -18 -10
37 -19 -16
37 -19 -19
37 -20 -37
37 -20 -48
37 -21 -42
37 -22 -49
37 -23 0
37 -23 -40
37 -23 -44
37 -26 -43
37 -27 -30
37 -28 -43
37 -29 -34
37 -31 -1
37 -31 -2
37 -31 -9
37 -31 -18
37 -31 -19
37 -33 -35
37 -33 -41
37 -34 -31
37 -35 -3
37 -35 -34
37 -36 -8
37 -36 -40
37 -37 -14
37 -38 -22
37 -39 -15
37 -39 -39
37 -40 -28
37 -40 -33
37 -40 -47
37 -41 -30
37 -42 -46
37 -44 -4
37 -44 -30
37 -45 -25
37 -45 -32
37 -46 -38
37 -48 -17
37 -48 -31
37 -49 -32
38 -1 -27
38 -1 -37
38 -2 -5
38 -2 -42
38 -2 -45
38 -3 -14
38 -4 -6
38 -4 -28
38 -4 -39
38 -4 -40
38 -6 -1
38 -6 -13
38 -6 -31
38 -7 -46
38 -8 -37
38 -9 -43
38 -9 -46
38 -10 -9
38 -11 -34
38 -12 -25
38 -12 -28
38 -12 -49
38 -13 -6
38 -14 -14
38 -15 -42
38 -15 -46
38 -18 -10
38 -19 -16
38 -19 -19
38 -20 -37
38 -20 -48
38 -21 -42
38 -22 -49
38 -23 0
38 -23 -40
38 -23 -44
38 -26 -43
38 -27 -30
38 -28 -43
38 -29 -34
38 -31 -1
38 -31 -2
38 -31 -9
38 -31 -18
38 -31 -19
38 -33 -35
38 -33 -41
38 -34 -31
38 -35 -3
38 -35 -34
38 -36 -8
38 -36 -40
38 -37 -14
38 -38 -22
38 -39 -15
38 -39 -39
38 -40 -28
38 -40 -33
38 -40 -47
38 -41 -30
38 -42 -46
38 -44 -4
38 -44 -30
38 -45 -25
38 -45 -32
38 -46 -38
38 -48 -17
38 -48 -31
38 -49 -32
39 -1 -27
39 -1 -37
39 -2 -5
39 -2 -42
39 -2 -45
39 -3 -14
39 -4 -6
39 -4 -28
39 -4 -39
39 -4 -40
39 -6 -1
39 -6 -13
39 -6 -31
39 -7 -46
39 -8 -37
39 -9 -43
39 -9 -46
39 -10 -9
39 -11 -34
39 -12 -25
39 -12 -28
39 -12 -49
39 -13 -6
39 -14 -14
39 -15 -42
39 -15 -46
39 -18 -10
39 -19 -16
39 -19 -19
39 -20 -37
39 -20 -48
39 -21 -42
39 -22 -49
39 -23 0
39 -23 -40
39 -23 -44
39 -26 -43
39 -27 -30
39 -28 -43
39 -29 -34
39 -31 -1
39 -31 -2
39 -31 -9
39 -31 -18
39 -31 -19
39 -33 -35
39 -33 -41
39 -34 -31
39 -35 -3
39 -35 -34
39 -36 -8
39 -36 -40
39 -37 -14
39 -38 -22
39 -39 -15
39 -39 -39
39 -40 -28
39 -40 -33
39 -40 -47
39 -41 -30
39 -42 -46
39 -44 -4
39 -44 -30
39 -45 -25
39 -45 -32
39 -46 -38
39 -48 -17
39 -48 -31
39 -49 -32
40 -1 -27
40 -1 -37
40 -2 -5
40 -2 -42
40 -2 -45
40 -3 -14
40 -4 -6
40 -4 -28
40 -4 -39
40 -4 -40
40 -6 -1
40 -6 -13
40 -6 -31
40 -7 -46
40 -8 -37
40 -9 -43
40 -9 -46
40 -10 -9
40 -11 -34
40 -12 -25
40 -12 -28
40 -12 -49
40 -13 -6
40 -14 -14
40 -15 -42
40 -15 -46
40 -18 -10
40 -19 -16
40 -19 -19
40 -20 -37
40 -20 -48
40 -21 -42
40 -22 -49
40 -23 0
40 -23 -40
40 -23 -44
40 -26 -43
40 -27 -30
40 -28 -43
40 -29 -34
40 -31 -1
40 -31 -2
40 -31 -9
40 -31 -18
40 -31 -19
40 -33 -35
40 -33 -41
40 -34 -31
40 -35 -3
40 -35 -34
40 -36 -8
40 -36 -40
40 -37 -14
40 -38 -22
40 -39 -15
40 -39 -39
40 -40 -28
40 -40 -33
40 -40 -47
40 -41 -30
40 -42 -46
40 -44 -4
40 -44 -30
40 -45 -25
40 -45 -32
40 -46 -38
40 -48 -17
40 -48 -31
40 -49 -32
41 -1 -27
41 -1 -37
41 -2 -5
41 -2 -42
41 -2 -45
41 -3 -14
41 -4 -6
41 -4 -28
41 -4 -39
41 -4 -40
41 -6 -1
41 -6 -13
41 -6 -31
41 -7 -46
41 -8 -37
41 -9 -43
41 -9 -46
41 -10 -9
41 -11 -34
41 -12 -25
41 -12 -28
41 -12 -49
41 -13 -6
41 -14 -14
41 -15 -42
41 -15 -46
41 -18 -10
41 -19 -16
41 -19 -19
41 -20 -37
41 -20 -48
41 -21 -42
41 -22 -49
41 -23 0
41 -23 -40
41 -23 -44
41 -26 -43
41 -27 -30
41 -28 -43
41 -29 -34
41 -31 -1
41 -31 -2
41 -31 -9
41 -31 -18
41 -31 -19
41 -33 -35
41 -33 -41
41 -34 -31
41 -35 -3
41 -35 -34
41 -36 -8
41 -36 -40
41 -37 -14
41 -38 -22
41 -39 -15
41 -39 -39
41 -40 -28
41 -40 -33
41 -40 -47
41 -41 -30
41 -42 -46
41 -44 -4
41 -44 -30
41 -45 -25
41 -45 -32
41 -46 -38
41 -48 -17
41 -48 -31
41 -49 -32
42 -1 -27
42 -1 -37
42 -2 -5
42 -2 -42
42 -2 -45
42 -3 -14
42 -4 -6
42 -4 -28
42 -4 -39
42 -4 -40
42 -6 -1
42 -6 -13
42 -6 -31
42 -7 -46
42 -8 -37
42 -9 -43
42 -9 -46
42 -10 -9
42 -11 -34
42 -12 -25
42 -12 -28
42 -12 -49
42 -13 -6
42 -14 -14
42 -15 -42
42 -15 -46
42 -18 -10
42 -19 -16
42 -19 -19
42 -20 -37
42 -20 -48
42 -21 -42
42 -22 -49
42 -23 0
42 -23 -40
42 -23 -44
42 -26 -43
42 -27 -30
42 -28 -43
42 -29 -34
42 -31 -1
42 -31 -2
42 -31 -9
42 -31 -18
42 -31 -19
42 -33 -35
42 -33 -41
42 -34 -31
42 -35 -3
42 -35 -34
42 -36 -8
42 -36 -40
42 -37 -14
42 -38 -22
42 -39 -15
42 -39 -39
42 -40 -28
42 -40 -33
42 -40 -47
42 -41 -30
42 -42 -46
42 -44 -4
42 -44 -30
42 -45 -25
42 -45 -32
42 -46 -38
42 -48 -17
42 -48 -31
42 -49 -32
43 -1 -27
43 -1 -37
43 -2 -5
43 -2 -42
43 -2 -45
43 -3 -14
43 -4 -6
43 -4 -28
43 -4 -39
43 -4 -40
43 -6 -1
43 -6 -13
43 -6 -31
43 -7 -46
43 -8 -37
43 -9 -43
43 -9 -46
43 -10 -9
43 -11 -34
43 -12 -25
43 -12 -28
43 -12 -49
43 -13 -6
43 -14 -14
43 -15 -42
43 -15 -46
43 -18 -10
43 -19 -16
43 -19 -19
43 -20 -37
43 -20 -48
43 -21 -42
43 -22 -49
43 -23 0
43 -23 -40
43 -23 -44
43 -26 -43
43 -27 -30
43 -28 -43
43 -29 -34
43 -31 -1
43 -31 -2
43 -31 -9
43 -31 -18
43 -31 -19
43 -33 -35
43 -33 -41
43 -34 -31
43 -35 -3
43 -35 -34
43 -36 -8
43 -36 -40
43 -37 -14
43 -38 -22
43 -39 -15
43 -39 -39
43 -40 -28
43 -40 -33
43 -40 -47
43 -41 -30
43 -42 -46
43 -44 -4
43 -44 -30
43 -45 -25
43 -45 -32
43 -46 -38
43 -48 -17
43 -48 -31
43 -49 -32
44 -1 -27
44 -1 -37
44 -2 -5
44 -2 -42
44 -2 -45
44 -3 -14
44 -4 -6
44 -4 -28
44 -4 -39
44 -4 -40
44 -6 -1
44 -6 -13
44 -6 -31
44 -7 -46
44 -8 -37
44 -9 -43
44 -9 -46
44 -10 -9
44 -11 -34
44 -12 -25
44 -12 -28
44 -12 -49
44 -13 -6
44 -14 -14
44 -15 -42
44 -15 -46
44 -18 -10
44 -19 -16
44 -19 -19
44 -20 -37
44 -20 -48
44 -21 -42
44 -22 -49
44 -23 0
44 -23 -40
44 -23 -44
44 -26 -43
44 -27 -30
44 -28 -43
44 -29 -34
44 -31 -1
44 -31 -2
44 -31 -9
44 -31 -18
44 -31 -19
44 -33 -35
44 -33 -41
44 -34 -31
44 -35 -3
44 -35 -34
44 -36 -8
44 -36 -40
44 -37 -14
44 -38 -22
44 -39 -15
44 -39 -39
44 -40 -28
44 -40 -33
44 -40 -47
44 -41 -30
44 -42 -46
44 -44 -4
44 -44 -30
44 -45 -25
44 -45 -32
44 -46 -38
44 -48 -17
44 -48 -31
44 -49 -32
45 -1 -27
45 -1 -37
45 -2 -5
45 -2 -42
45 -2 -45
45 -3 -14
45 -4 -6
45 -4 -28
45 -4 -39
45 -4 -40
45 -6 -1
45 -6 -13
45 -6 -31
45 -7 -46
45 -8 -37
45 -9 -43
45 -9 -46
45 -10 -9
45 -11 -34
45 -12 -25
45 -12 -28
45 -12 -49
45 -13 -6
45 -14 -14
45 -15 -42
45 -15 -46
45 -18 -10
45 -19 -16
45 -19 -19
45 -20 -37
45 -20 -48
45 -21 -42
45 -22 -49
45 -23 0
45 -23 -40
45 -23 -44
45 -26 -43
45 -27 -30
45 -28 -43
45 -29 -34
45 -31 -1
45 -31 -2
45 -31 -9
45 -31 -18
45 -31 -19
45 -33 -35
45 -33 -41
45 -34 -31
45 -35 -3
45 -35 -34
45 -36 -8
45 -36 -40
45 -37 -14
45 -38 -22
45 -39 -15
45 -39 -39
45 -40 -28
45 -40 -33
45 -40 -47
45 -41 -30
45 -42 -46
45 -44 -4
45 -44 -30
45 -45 -25
45 -45 -32
45 -46 -38
45 -48 -17
45 -48 -31
45 -49 -32
46 -1 -27
46 -1 -37
46 -2 -5
46 -2 -42
46 -2 -45
46 -3 -14
46 -4 -6
46 -4 -28
46 -4 -39
46 -4 -40
46 -6 -1
46 -6 -13
46 -6 -31
46 -7 -46
46 -8 -37
46 -9 -43
46 -9 -46
46 -10 -9
46 -11 -34
46 -12 -25
46 -12 -28
46 -12 -49
46 -13 -6
46 -14 -14
46 -15 -42
46 -15 -46
46 -18 -10
46 -19 -16
46 -19 -19
46 -20 -37
46 -20 -48
46 -21 -42
46 -22 -49
46 -23 0
46 -23 -40
46 -23 -44
46 -26 -43
46 -27 -30
46 -28 -43
46 -29 -34
46 -31 -1
46 -31 -2
46 -31 -9
46 -31 -18
46 -31 -19
46 -33 -35
46 -33 -41
46 -34 -31
46 -35 -3
46 -35 -34
46 -36 -8
46 -36 -40
46 -37 -14
46 -38 -22
46 -39 -15
46 -39 -39
46 -40 -28
46 -40 -33
46 -40 -47
46 -41 -30
46 -42 -46
46 -44 -4
46 -44 -30
46 -45 -25
46 -45 -32
46 -46 -38
46 -48 -17
46 -48 -31
46 -49 -32
47 -1 -27
47 -1 -37
47 -2 -5
47 -2 -42
47 -2 -45
47 -3 -14
47 -4 -6
47 -4 -28
47 -4 -39
47 -4 -40
47 -6 -1
47 -6 -13
47 -6 -31
47 -7 -46
47 -8 -37
47 -9 -43
47 -9 -46
47 -10 -9
47 -11 -34
47 -12 -25
47 -12 -28
47 -12 -49
47 -13 -6
47 -14 -14
47 -15 -42
47 -15 -46
47 -18 -10
47 -19 -16
47 -19 -19
47 -20 -37
47 -20 -48
47 -21 -42
47 -22 -49
47 -23 0
47 -23 -40
47 -23 -44
47 -26 -43
47 -27 -30
47 -28 -43
47 -29 -34
47 -31 -1
47 -31 -2
47 -31 -9
47 -31 -18
47 -31 -19
47 -33 -35
47 -33 -41
47 -34 -31
47 -35 -3
47 -35 -34
47 -36 -8
47 -36 -40
47 -37 -14
47 -38 -22
47 -39 -15
47 -39 -39
47 -40 -28
47 -40 -33
47 -40 -47
47 -41 -30
47 -42 -46
47 -44 -4
47 -44 -30
47 -45 -25
47 -45 -32
47 -46 -38
47 -48 -17
47 -48 -31
47 -49 -32
48 -1 -27
48 -1 -37
48 -2 -5
48 -2 -42
48 -2 -45
48 -3 -14
48 -4 -6
48 -4 -28
48 -4 -39
48 -4 -40
48 -6 -1
48 -6 -13
48 -6 -31
48 -7 -46
48 -8 -37
48 -9 -43
48 -9 -46
48 -10 -9
48 -11 -34
48 -12 -25
48 -12 -28
48 -12 -49
48 -13 -6
48 -14 -14
48 -15 -42
48 -15 -46
48 -18 -10
48 -19 -16
48 -19 -19
48 -20 -37
48 -20 -48
48 -21 -42
48 -22 -49
48 -23 0
48 -23 -40
48 -23 -44
48 -26 -43
48 -27 -30
48 -28 -43
48 -29 -34
48 -31 -1
48 -31 -2
48 -31 -9
48 -31 -18
48 -31 -19
48 -33 -35
48 -33 -41
48 -34 -31
48 -35 -3
48 -35 -34
48 -36 -8
48 -36 -40
48 -37 -14
48 -38 -22
48 -39 -15
48 -39 -39
48 -40 -28
48 -40 -33
48 -40 -47
48 -41 -30
48 -42 -46
48 -44 -4
48 -44 -30
48 -45 -25
48 -45 -32
48 -46 -38
48 -48 -17
48 -48 -31
48 -49 -32
49 -1 -27
49 -1 -37
49 -2 -5
49 -2 -42
49 -2 -45
49 -3 -14
49 -4 -6
49 -4 -28
49 -4 -39
49 -4 -40
49 -6 -1
49 -6 -13
49 -6 -31
49 -7 -46
49 -8 -37
49 -9 -43
49 -9 -46
49 -10 -9
49 -11 -34
49 -12 -25
49 -12 -28
49 -12 -49
49 -13 -6
49 -14 -14
49 -15 -42
49 -15 -46
49 -18 -10
49 -19 -16
49 -19 -19
49 -20 -37
49 -20 -48
49 -21 -42
49 -22 -49
49 -23 0
49 -23 -40
49 -23 -44
49 -26 -43
49 -27 -30
49 -28 -43
49 -29 -34
49 -31 -1
49 -31 -2
49 -31 -9
49 -31 -18
49 -31 -19
49 -33 -35
49 -33 -41
49 -34 -31
49 -35 -3
49 -35 -34
49 -36 -8
49 -36 -40
49 -37 -14
49 -38 -22
49 -39 -15
49 -39 -39
49 -40 -28
49 -40 -33
49 -40 -47
49 -41 -30
49 -42 -46
49 -44 -4
49 -44 -30
49 -45 -25
49 -45 -32
49 -46 -38
49 -48 -17
49 -48 -31
49 -49 -32
50 -1 -27
50 -1 -37
50 -2 -5
50 -2 -42
50 -2 -45
50 -3 -14
50 -4 -6
50 -4 -28
50 -4 -39
50 -4 -40
50 -6 -1
50 -6 -13
50 -6 -31
50 -7 -46
50 -8 -37
50 -9 -43
50 -9 -46
50 -10 -9
50 -11 -34
50 -12 -25
50 -12 -28
50 -12 -49
50 -13 -6
50 -14 -14
50 -15 -42
50 -15 -46
50 -18 -10
50 -19 -16
50 -19 -19
50 -20 -37
50 -20 -48
50 -21 -42
50 -22 -49
50 -23 0
50 -23 -40
50 -23 -44
50 -26 -43
50 -27 -30
50 -28 -43
50 -29 -34
50 -31 -1
50 -31 -2
50 -31 -9
50 -31 -18
50 -31 -19
50 -33 -35
50 -33 -41
50 -34 -31
50 -35 -3
50 -35 -34
50 -36 -8
50 -36 -40
50 -37 -14
50 -38 -22
50 -39 -15
50 -39 -39
50 -40 -28
50 -40 -33
50 -40 -47
50 -41 -30
50 -42 -46
50 -44 -4
50 -44 -30
50 -45 -25
50 -45 -32
50 -46 -38
50 -48 -17
50 -48 -31
50 -49 -32
51 -1 -27
51 -1 -37
51 -2 -5
51 -2 -42
51 -2 -45
51 -3 -14
51 -4 -6
51 -4 -28
51 -4 -39
51 -4 -40
51 -6 -1
51 -6 -13
51 -6 -31
51 -7 -46
51 -8 -37
51 -9 -43
51 -9 -46
51 -10 -9
51 -11 -34
51 -12 -25
51 -12 -28
51 -12 -49
51 -13 -6
51 -14 -14
51 -15 -42
51 -15 -46
51 -18 -10
51 -19 -16
51 -19 -19
51 -20 -37
51 -20 -48
51 -21 -42
51 -22 -49
51 -23 0
51 -23 -40
51 -23 -44
51 -26 -43
51 -27 -30
51 -28 -43
51 -29 -34
51 -31 -1
51 -31 -2
51 -31 -9
51 -31 -18
51 -31 -19
51 -33 -35
51 -33 -41
51 -34 -31
51 -35 -3
51 -35 -34
51 -36 -8
51 -36 -40
51 -37 -14
51 -38 -22
51 -39 -15
51 -39 -39
51 -40 -28
51 -40 -33
51 -40 -47
51 -41 -30
51 -42 -46
51 -44 -4
51 -44 -30
51 -45 -25
51 -45 -32
51 -46 -38
51 -48 -17
51 -48 -31
51 -49 -32
52 -1 -27
52 -1 -37
52 -2 -5
52 -2 -42
52 -2 -45
52 -3 -14
52 -4 -6
52 -4 -28
52 -4 -39
52 -4 -40
52 -6 -1
52 -6 -13
52 -6 -31
52 -7 -46
52 -8 -37
52 -9 -43
52 -9 -46
52 -10 -9
52 -11 -34
52 -12 -25
52 -12 -28
52 -12 -49
52 -13 -6
52 -14 -14
52 -15 -42
52 -15 -46
52 -18 -10
52 -19 -16
52 -19 -19
52 -20 -37
52 -20 -48
52 -21 -42
52 -22 -49
52 -23 0
52 -23 -40
52 -23 -44
52 -26 -43
52 -27 -30
52 -28 -43
52 -29 -34
52 -31 -1
52 -31 -2
52 -31 -9
52 -31 -18
52 -31 -19
52 -33 -35
52 -33 -41
52 -34 -31
52 -35 -3
52 -35 -34
52 -36 -8
52 -36 -40
52 -37 -14
52 -38 -22
52 -39 -15
52 -39 -39
52 -40 -28
52 -40 -33
52 -40 -47
52 -41 -30
52 -42 -46
52 -44 -4
52 -44 -30
52 -45 -25
52 -45 -32
52 -46 -38
52 -48 -17
52 -48 -31
52 -49 -32
53 -1 -27
53 -1 -37
53 -2 -5
53 -2 -42
53 -2 -45
53 -3 -14
53 -4 -6
53 -4 -28
53 -4 -39
53 -4 -40
53 -6 -1
53 -6 -13
53 -6 -31
53 -7 -46
53 -8 -37
53 -9 -43
53 -9 -46
53 -10 -9
53 -11 -34
53 -12 -25
53 -12 -28
53 -12 -49
53 -13 -6
53 -14 -14
53 -15 -42
53 -15 -46
53 -18 -10
53 -19 -16
53 -19 -19
53 -20 -37
53 -20 -48
53 -21 -42
53 -22 -49
53 -23 0
53 -23 -40
53 -23 -44
53 -26 -43
53 -27 -30
53 -28 -43
53 -29 -34
53 -31 -1
53 -31 -2
53 -31 -9
53 -31 -18
53 -31 -19
53 -33 -35
53 -33 -41
53 -34 -31
53 -35 -3
53 -35 -34
53 -36 -8
53 -36 -40
53 -37 -14
53 -38 -22
53 -39 -15
53 -39 -39
53 -40 -28
53 -40 -33
53 -40 -47
53 -41 -30
53 -42 -46
53 -44 -4
53 -44 -30
53 -45 -25
53 -45 -32
53 -46 -38
53 -48 -17
53 -48 -31
53 -49 -32
54 -1 -27
54 -1 -37
54 -2 -5
54 -2 -42
54 -2 -45
54 -3 -14
54 -4 -6
54 -4 -28
54 -4 -39
54 -4 -40
54 -6 -1
54 -6 -13
54 -6 -31
54 -7 -46
54 -8 -37
54 -9 -43
54 -9 -46
54 -10 -9
54 -11 -34
54 -12 -25
54 -12 -28
54 -12 -49
54 -13 -6
54 -14 -14
54 -15 -42
54 -15 -46
54 -18 -10
54 -19 -16
54 -19 -19
54 -20 -37
54 -20 -48
54 -21 -42
54 -22 -49
54 -23 0
54 -23 -40
54 -23 -44
54 -26 -43
54 -27 -30
54 -28 -43
54 -29 -34
54 -31 -1
54 -31 -2
54 -31 -9
54 -31 -18
54 -31 -19
54 -33 -35
54 -33 -41
54 -34 -31
54 -35 -3
54 -35 -34
54 -36 -8
54 -36 -40
54 -37 -14
54 -38 -22
54 -39 -15
54 -39 -39
54 -40 -28
54 -40 -33
54 -40 -47
54 -41 -30
54 -42 -46
54 -44 -4
54 -44 -30
54 -45 -25
54 -45 -32
54 -46 -38
54 -48 -17
54 -48 -31
54 -49 -32
55 -1 -27
55 -1 -37
55 -2 -5
55 -2 -42
55 -2 -45
55 -3 -14
55 -4 -6
55 -4 -28
55 -4 -39
55 -4 -40
55 -6 -1
55 -6 -13
55 -6 -31
55 -7 -46
55 -8 -37
55 -9 -43
55 -9 -46
55 -10 -9
55 -11 -34
55 -12 -25
55 -12 -28
55 -12 -49
55 -13 -6
55 -14 -14
55 -15 -42
55 -15 -46
55 -18 -10
55 -19 -16
55 -19 -19
55 -20 -37
55 -20 -48
55 -21 -42
55 -22 -49
55 -23 0
55 -23 -40
55 -23 -44
55 -26 -43
55 -27 -30
55 -28 -43
55 -29 -34
55 -31 -1
55 -31 -2
55 -31 -9
55 -31 -18
55 -31 -19
55 -33 -35
55 -33 -41
55 -34 -31
55 -35 -3
55 -35 -34
55 -36 -8
55 -36 -40
55 -37 -14
55 -38 -22
55 -39 -15
55 -39 -39
55 -40 -28
55 -40 -33
55 -40 -47
55 -41 -30
55 -42 -46
55 -44 -4
55 -44 -30
55 -45 -25
55 -45 -32
55 -46 -38
55 -48 -17
55 -48 -31
55 -49 -32
56 -1 -27
56 -1 -37
56 -2 -5
56 -2 -42
56 -2 -45
56 -3 -14
56 -4 -6
56 -4 -28
56 -4 -39
56 -4 -40
56 -6 -1
56 -6 -13
56 -6 -31
56 -7 -46
56 -8 -37
56 -9 -43
56 -9 -46
56 -10 -9
56 -11 -34
56 -12 -25
56 -12 -28
56 -12 -49
56 -13 -6
56 -14 -14
56 -15 -42
56 -15 -46
56 -18 -10
56 -19 -16
56 -19 -19
56 -20 -37
56 -20 -48
56 -21 -42
56 -22 -49
56 -23 0
56 -23 -40
56 -23 -44
56 -26 -43
56 -27 -30
56 -28 -43
56 -29 -34
56 -31 -1
56 -31 -2
56 -31 -9
56 -31 -18
56 -31 -19
56 -33 -35
56 -33 -41
56 -34 -31
56 -35 -3
56 -35 -34
56 -36 -8
56 -36 -40
56 -37 -14
56 -38 -22
56 -39 -15
56 -39 -39
56 -40 -28
56 -40 -33
56 -40 -47
56 -41 -30
56 -42 -46
56 -44 -4
56 -44 -30
56 -45 -25
56 -45 -32
56 -46 -38
56 -48 -17
56 -48 -31
56 -49 -32
57 -1 -27
57 -1 -37
57 -2 -5
57 -2 -42
57 -2 -45
57 -3 -14
57 -4 -6
57 -4 -28
57 -4 -39
57 -4 -40
57 -6 -1
57 -6 -13
57 -6 -31
57 -7 -46
57 -8 -37
57 -9 -43
57 -9 -46
57 -10 -9
57 -11 -34
57 -12 -25
57 -12 -28
57 -12 -49
57 -13 -6
57 -14 -14
57 -15 -42
57 -15 -46
57 -18 -10
57 -19 -16
57 -19 -19
57 -20 -37
57 -20 -48
57 -21 -42
57 -22 -49
57 -23 0
57 -23 -40
57 -23 -44
57 -26 -43
57 -27 -30
57 -28 -43
57 -29 -34
57 -31 -1
57 -31 -2
57 -31 -9
57 -31 -18
57 -31 -19
57 -33 -35
57 -33 -41
57 -34 -31
57 -35 -3
57 -35 -34
57 -36 -8
57 -36 -40
57 -37 -14
57 -38 -22
57 -39 -15
57 -39 -39
57 -40 -28
57 -40 -33
57 -40 -47
57 -41 -30
57 -42 -46
57 -44 -4
57 -44 -30
57 -45 -25
57 -45 -32
57 -46 -38
57 -48 -17
57 -48 -31
57 -49 -32
58 -1 -27
58 -1 -37
58 -2 -5
58 -2 -42
58 -2 -45
58 -3 -14
58 -4 -6
58 -4 -28
58 -4 -39
58 -4 -40
58 -6 -1
58 -6 -13
58 -6 -31
58 -7 -46
58 -8 -37
58 -9 -43
58 -9 -46
58 -10 -9
58 -11 -34
58 -12 -25
58 -12 -28
58 -12 -49
58 -13 -6
58 -14 -14
58 -15 -42
58 -15 -46
58 -18 -10
58 -19 -16
58 -19 -19
58 -20 -37
58 -20 -48
58 -21 -42
58 -22 -49
58 -23 0
58 -23 -40
58 -23 -44
58 -26 -43
58 -27 -30
58 -28 -43
58 -29 -34
58 -31 -1
58 -31 -2
58 -31 -9
58 -31 -18
58 -31 -19
58 -33 -35
58 -33 -41
58 -34 -31
58 -35 -3
58 -35 -34
58 -36 -8
58 -36 -40
58 -37 -14
58 -38 -22
58 -39 -15
58 -39 -39
58 -40 -28
58 -40 -33
58 -40 -47
58 -41 -30
58 -42 -46
58 -44 -4
58 -44 -30
58 -45 -25
58 -45 -32
58 -46 -38
58 -48 -17
58 -48 -31
58 -49 -32
59 -1 -27
59 -1 -37
59 -2 -5
59 -2 -42
59 -2 -45
59 -3 -14
59 -4 -6
59 -4 -28
59 -4 -39
59 -4 -40
59 -6 -1
59 -6 -13
59 -6 -31
59 -7 -46
59 -8 -37
59 -9 -43
59 -9 -46
59 -10 -9
59 -11 -34
59 -12 -25
59 -12 -28
59 -12 -49
59 -13 -6
59 -14 -14
59 -15 -42
59 -15 -46
59 -18 -10
59 -19 -16
59 -19 -19
59 -20 -37
59 -20 -48
59 -21 -42
59 -22 -49
59 -23 0
59 -23 -40
59 -23 -44
59 -26 -43
59 -27 -30
59 -28 -43
59 -29 -34
59 -31 -1
59 -31 -2
59 -31 -9
59 -31 -18
59 -31 -19
59 -33 -35
59 -33 -41
59 -34 -31
59 -35 -3
59 -35 -34
59 -36 -8
59 -36 -40
59 -37 -14
59 -38 -22
59 -39 -15
59 -39 -39
59 -40 -28
59 -40 -33
59 -40 -47
59 -41 -30
59 -42 -46
59 -44 -4
59 -44 -30
59 -45 -25
59 -45 -32
59 -46 -38
59 -48 -17
59 -48 -31
59 -49 -32
60 -1 -27
60 -1 -37
60 -2 -5
60 -2 -42
60 -2 -45
60 -3 -14
60 -4 -6
60 -4 -28
60 -4 -39
60 -4 -40
60 -6 -1
60 -6 -13
60 -6 -31
60 -7 -46
60 -8 -37
60 -9 -43
60 -9 -46
60 -10 -9
60 -11 -34
60 -12 -25
60 -12 -28
60 -12 -49
60 -13 -6
60 -14 -14
60 -15 -42
60 -15 -46
60 -18 -10
60 -19 -16
60 -19 -19
60 -20 -37
60 -20 -48
60 -21 -42
60 -22 -49
60 -23 0
60 -23 -40
60 -23 -44
60 -26 -43
60 -27 -30
60 -28 -43
60 -29 -34
60 -31 -1
60 -31 -2
60 -31 -9
60 -31 -18
60 -31 -19
60 -33 -35
60 -33 -41
60 -34 -31
60 -35 -3
60 -35 -34
60 -36 -8
60 -36 -40
60 -37 -14
60 -38 -22
60 -39 -15
60 -39 -39
60 -40 -28
60 -40 -33
60 -40 -47
60 -41 -30
60 -42 -46
60 -44 -4
60 -44 -30
60 -45 -25
60 -45 -32
60 -46 -38
60 -48 -17
60 -48 -31
60 -49 -32
61 -1 -27
61 -1 -37
61 -2 -5
61 -2 -42
61 -2 -45
61 -3 -14
61 -4 -6
61 -4 -28
61 -4 -39
61 -4 -40
61 -6 -1
61 -6 -13
61 -6 -31
61 -7 -46
61 -8 -37
61 -9 -43
61 -9 -46
61 -10 -9
61 -11 -34
61 -12 -25
61 -12 -28
61 -12 -49
61 -13 -6
61 -14 -14
61 -15 -42
61 -15 -46
61 -18 -10
61 -19 -16
61 -19 -19
61 -20 -37
61 -20 -48
61 -21 -42
61 -22 -49
61 -23 0
61 -23 -40
61 -23 -44
61 -26 -43
61 -27 -30
61 -28 -43
61 -29 -34
61 -31 -1
61 -31 -2
61 -31 -9
61 -31 -18
61 -31 -19
61 -33 -35
61 -33 -41
61 -34 -31
61 -35 -3
61 -35 -34
61 -36 -8
61 -36 -40
61 -37 -14
61 -38 -22
61 -39 -15
61 -39 -39
61 -40 -28
61 -40 -33
61 -40 -47
61 -41 -30
61 -42 -46
61 -44 -4
61 -44 -30
61 -45 -25
61 -45 -32
61 -46 -38
61 -48 -17
61 -48 -31
61 -49 -32
62 -1 -27
62 -1 -37
62 -2 -5
62 -2 -42
62 -2 -45
62 -3 -14
62 -4 -6
62 -4 -28
62 -4 -39
62 -4 -40
62 -6 -1
62 -6 -13
62 -6 -31
62 -7 -46
62 -8 -37
62 -9 -43
62 -9 -46
62 -10 -9
62 -11 -34
62 -12 -25
62 -12 -28
62 -12 -49
62 -13 -6
62 -14 -14
62 -15 -42
62 -15 -46
62 -18 -10
62 -19 -16
62 -19 -19
62 -20 -37
62 -20 -48
62 -21 -42
62 -22 -49
62 -23 0
62 -23 -40
62 -23 -44
62 -26 -43
62 -27 -30
62 -28 -43
62 -29 -34
62 -31 -1
62 -31 -2
62 -31 -9
62 -31 -18
62 -31 -19
62 -33 -35
62 -33 -41
62 -34 -31
62 -35 -3
62 -35 -34
62 -36 -8
62 -36 -40
62 -37 -14
62 -38 -22
62 -39 -15
62 -39 -39
62 -40 -28
62 -40 -33
62 -40 -47
62 -41 -30
62 -42 -46
62 -44 -4
62 -44 -30
62 -45 -25
62 -45 -32
62 -46 -38
62 -48 -17
62 -48 -31
62 -49 -32
63 -1 -27
63 -1 -37
63 -2 -5
63 -2 -42
63 -2 -45
63 -3 -14
63 -4 -6
63 -4 -28
63 -4 -39
63 -4 -40
63 -6 -1
63 -6 -13
63 -6 -31
63 -7 -46
63 -8 -37
63 -9 -43
63 -9 -46
63 -10 -9
63 -11 -34
63 -12 -25
63 -12 -28
63 -12 -49
63 -13 -6
63 -14 -14
63 -15 -42
63 -15 -46
63 -18 -10
63 -19 -16
63 -19 -19
63 -20 -37
63 -20 -48
63 -21 -42
63 -22 -49
63 -23 0
63 -23 -40
63 -23 -44
63 -26 -43
63 -27 -30
63 -28 -43
63 -29 -34
63 -31 -1
63 -31 -2
63 -31 -9
63 -31 -18
63 -31 -19
63 -33 -35
63 -33 -41
63 -34 -31
63 -35 -3
63 -35 -34
63 -36 -8
63 -36 -40
63 -37 -14
63 -38 -22
63 -39 -15
63 -39 -39
63 -40 -28
63 -40 -33
63 -40 -47
63 -41 -30
63 -42 -46
63 -44 -4
63 -44 -30
63 -45 -25
63 -45 -32
63 -46 -38
63 -48 -17
63 -48 -31
63 -49 -32
64 -1 -27
64 -1 -37
64 -2 -5
64 -2 -42
64 -2 -45
64 -3 -14
64 -4 -6
64 -4 -28
64 -4 -39
64 -4 -40
64 -6 -1
64 -6 -13
64 -6 -31
64 -7 -46
64 -8 -37
64 -9 -43
64 -9 -46
64 -10 -9
64 -11 -34
64 -12 -25
64 -12 -28
64 -12 -49
64 -13 -6
64 -14 -14
64 -15 -42
64 -15 -46
64 -18 -10
64 -19 -16
64 -19 -19
64 -20 -37
64 -20 -48
64 -21 -42
64 -22 -49
64 -23 0
64 -23 -40
64 -23 -44
64 -26 -43
64 -27 -30
64 -28 -43
64 -29 -34
64 -31 -1
64 -31 -2
64 -31 -9
64 -31 -18
64 -31 -19
64 -33 -35
64 -33 -41
64 -34 -31
64 -35 -3
64 -35 -34
64 -36 -8
64 -36 -40
64 -37 -14
64 -38 -22
64 -39 -15
64 -39 -39
64 -40 -28
64 -40 -33
64 -40 -47
64 -41 -30
64 -42 -46
64 -44 -4
64 -44 -30
64 -45 -25
64 -45 -32
64 -46 -38
64 -48 -17
64 -48 -31
64 -49 -32
65 -1 -27
65 -1 -37
65 -2 -5
65 -2 -42
65 -2 -45
65 -3 -14
65 -4 -6
65 -4 -28
65 -4 -39
65 -4 -40
65 -6 -1
65 -6 -13
65 -6 -31
65 -7 -46
65 -8 -37
65 -9 -43
65 -9 -46
65 -10 -9
65 -11 -34
65 -12 -25
65 -12 -28
65 -12 -49
65 -13 -6
65 -14 -14
65 -15 -42
65 -15 -46
65 -18 -10
65 -19 -16
65 -19 -19
65 -20 -37
65 -20 -48
65 -21 -42
65 -22 -49
65 -23 0
65 -23 -40
65 -23 -44
65 -26 -43
65 -27 -30
65 -28 -43
65 -29 -34
65 -31 -1
65 -31 -2
65 -31 -9
65 -31 -18
65 -31 -19
65 -33 -35
65 -33 -41
65 -34 -31
65 -35 -3
65 -35 -34
65 -36 -8
65 -36 -40
65 -37 -14
65 -38 -22
65 -39 -15
65 -39 -39
65 -40 -28
65 -40 -33
65 -40 -47
65 -41 -30
65 -42 -46
65 -44 -4
65 -44 -30
65 -45 -25
65 -45 -32
65 -46 -38
65 -48 -17
65 -48 -31
65 -49 -32
66 -1 -27
66 -1 -37
66 -2 -5
66 -2 -42
66 -2 -45
66 -3 -14
66 -4 -6
66 -4 -28
66 -4 -39
66 -4 -40
66 -6 -1
66 -6 -13
66 -6 -31
66 -7 -46
66 -8 -37
66 -9 -43
66 -9 -46
66 -10 -9
66 -11 -34
66 -12 -25
66 -12 -28
66 -12 -49
66 -13 -6
66 -14 -14
66 -15 -42
66 -15 -46
66 -18 -10
66 -19 -16
66 -19 -19
66 -20 -37
66 -20 -48
66 -21 -42
66 -22 -49
66 -23 0
66 -23 -40
66 -23 -44
66 -26 -43
66 -27 -30
66 -28 -43
66 -29 -34
66 -31 -1
66 -31 -2
66 -31 -9
66 -31 -18
66 -31 -19
66 -33 -35
66 -33 -41
66 -34 -31
66 -35 -3
66 -35 -34
66 -36 -8
66 -36 -40
66 -37 -14
66 -38 -22
66 -39 -15
66 -39 -39
66 -40 -28
66 -40 -33
66 -40 -47
66 -41 -30
66 -42 -46
66 -44 -4
66 -44 -30
66 -45 -25
66 -45 -32
66 -46 -38
66 -48 -17
66 -48 -31
66 -49 -32
67 -1 -27
67 -1 -37
67 -2 -5
67 -2 -42
67 -2 -45
67 -3 -14
67 -4 -6
67 -4 -28
67 -4 -39
67 -4 -40
67 -6 -1
67 -6 -13
67 -6 -31
67 -7 -46
67 -8 -37
67 -9 -43
67 -9 -46
67 -10 -9
67 -11 -34
67 -12 -25
67 -12 -28
67 -12 -49
67 -13 -6
67 -14 -14
67 -15 -42
67 -15 -46
67 -18 -10
67 -19 -16
67 -19 -19
67 -20 -37
67 -20 -48
67 -21 -42
67 -22 -49
67 -23 0
67 -23 -40
67 -23 -44
67 -26 -43
67 -27 -30
67 -28 -43
67 -29 -34
67 -31 -1
67 -31 -2
67 -31 -9
67 -31 -18
67 -31 -19
67 -33 -35
67 -33 -41
67 -34 -31
67 -35 -3
67 -35 -34
67 -36 -8
67 -36 -40
67 -37 -14
67 -38 -22
67 -39 -15
67 -39 -39
67 -40 -28
67 -40 -33
67 -40 -47
67 -41 -30
67 -42 -46
67 -44 -4
67 -44 -30
67 -45 -25
67 -45 -32
67 -46 -38
67 -48 -17
67 -48 -31
67 -49 -32
68 -1 -27
68 -1 -37
68 -2 -5
68 -2 -42
68 -2 -45
68 -3 -14
68 -4 -6
68 -4 -28
68 -4 -39
68 -4 -40
68 -6 -1
68 -6 -13
68 -6 -31
68 -7 -46
68 -8 -37
68 -9 -43
68 -9 -46
68 -10 -9
68 -11 -34
68 -12 -25
68 -12 -28
68 -12 -49
68 -13 -6
68 -14 -14
68 -15 -42
68 -15 -46
68 -18 -10
68 -19 -16
68 -19 -19
68 -20 -37
68 -20 -48
68 -21 -42
68 -22 -49
68 -23 0
68 -23 -40
68 -23 -44
68 -26 -43
68 -27 -30
68 -28 -43
68 -29 -34
68 -31 -1
68 -31 -2
68 -31 -9
68 -31 -18
68 -31 -19
68 -33 -35
68 -33 -41
68 -34 -31
68 -35 -3
68 -35 -34
68 -36 -8
68 -36 -40
68 -37 -14
68 -38 -22
68 -39 -15
68 -39 -39
68 -40 -28
68 -40 -33
68 -40 -47
68 -41 -30
68 -42 -46
68 -44 -4
68 -44 -30
68 -45 -25
68 -45 -32
68 -46 -38
68 -48 -17
68 -48 -31
68 -49 -32
-1 -1 -1
36
12
63
4
30
5
61
8
67
9
28
50
53
27
54
35
0
41
66
26
46
38
34
29
55
56
19
68
7
11
31
48
22
14
23
33
43
37
57
51
6
62
64
13
59
60
25
65
45
58
18
40
20
24
1
21
49
2
47
16
17
3
32
10
15
39
52
42
44
  0.054305 seconds (120.84 k allocations: 4.149 MiB, 11.90% gc time)
