950 0 0 0 0 0 0 0 0 0 0 0 0 0 0 0 0 0 0 0 0 0 0 0 0 0 0 0 0 0 0 0 0 0 0 0 0 0 0 0 0 0 0
0 0 0 0 0 0 0 0 0 0 0 0 0 0 0 0 0 0 0 0 0 0 0 0 0 0 0 0 0 0 0 0 0 0 0 0 0 0 0 0 0 0 0
0 0 0 0 0 0 0 0 0 0 0 0 0 0 0 0 0 0 0 0 0 0 0 0 0 0 0 0 0 0 0 0 0 0 0 0 0 0 0 0 0 0 0
0 0 0 0 0 0 0 0 0 0 0 0 0 0 0 0 0 0 0 0 0 0 0 0 0 0 0 0 0 0 0 0 0 0 0 0 0 0 0 0 0 0 0
0 0 0 0 0 0 0 0 0 0 0 0 0 0 0 0 0 0 0 0 0 0 0 0 0 0 0 0 0 0 0 0 0 0 0 0 0 0 0 0 0 0 0
0 0 0 0 0 0 0 0 0 0 0 0 0 0 0 0 0 0 0 0 0 0 0 0 0 0 0 0 0 0 0 0 0 0 0 0 0 0 0 0 0 0 0
0 0 0 0 0 0 0 0 0 0 0 0 0 0 0 0 0 0 0 0 0 0 0 0 0 0 0 0 0 0 0 0 0 0 0 0 0 0 0 0 0 0 0
0 0 0 0 0 0 0 0 0 0 0 0 0 0 0 0 0 0 0 0 0 0 0 0 0 0 0 0 0 0 0 0 0 0 0 0 0 0 0 0 0 0 0
0 0 0 0 0 0 0 0 0 0 0 0 0 0 0 0 0 0 0 0 0 0 0 0 0 0 0 0 0 0 0 0 0 0 0 0 0 0 0 0 0 0 0
0 0 0 0 0 0 0 0 0 0 0 0 0 0 0 0 0 0 0 0 0 0 0 0 0 0 0 0 0 0 0 0 0 0 0 0 0 0 0 0 0 0 0
0 0 0 0 0 0 0 0 0 0 0 0 0 0 0 0 0 0 0 0 0 0 0 0 0 0 0 0 0 0 0 0 0 0 0 0 0 0 0 0 0 0 0
0 0 0 0 0 0 0 0 0 0 0 0 0 0 0 0 0 0 0 0 0 0 0 0 0 0 0 0 0 0 0 0 0 0 0 0 0 0 0 0 0 0 0
0 0 0 0 0 0 0 0 0 0 0 0 0 0 0 0 0 0 0 0 0 0 0 0 0 0 0 0 0 0 0 0 0 0 0 0 0 0 0 0 0 0 0
0 0 0 0 0 0 0 0 0 0 0 0 0 0 0 0 0 0 0 0 0 0 0 0 0 0 0 0 0 0 0 0 0 0 0 0 0 0 0 0 0 0 0
0 0 0 0 0 0 0 0 0 0 0 0 0 0 0 0 0 0 0 0 0 0 0 0 0 0 0 0 0 0 0 0 0 0 0 0 0 0 0 0 0 0 0
0 0 0 0 0 0 0 0 0 0 0 0 0 0 0 0 0 0 0 0 0 0 0 0 0 0 0 0 0 0 0 0 0 0 0 0 0 0 0 0 0 0 0
0 0 0 0 0 0 0 0 0 0 0 0 0 0 0 0 0 0 0 0 0 0 0 0 0 0 0 0 0 0 0 0 0 0 0 0 0 0 0 0 0 0 0
0 0 0 0 0 0 0 0 0 0 0 0 0 0 0 0 0 0 0 0 0 0 0 0 0 0 0 0 0 0 0 0 0 0 0 0 0 0 0 0 0 0 0
0 0 0 0 0 0 0 0 0 0 0 0 0 0 0 0 0 0 0 0 0 0 0 0 0 0 0 0 0 0 0 0 0 0 0 0 0 0 0 0 0 0 0
0 0 0 0 0 0 0 0 0 0 0 0 0 0 0 0 0 0 0 0 0 0 0 0 0 0 0 0 0 0 0 0 0 0 0 0 0 0 0 0 0 0 0
0 0 0 0 0 0 0 0 0 0 0 0 0 0 0 0 0 0 0 0 0 0 0 0 0 0 0 0 0 0 0 0 0 0 0 0 0 0 0 0 0 0 0
0 0 0 0 0 0 0 0 0 0 0 0 0 0 0 0 0 0 0 0 0 0 0 0 0 0 0 0 0 0 0 0 0 0 0 0 0 0 0 0 0 0 0
0 0 0 0 0 0 0 0 0 0 0 0 0 0 0 0 0 0 0 0 0 0 0 0 0 0 0 0 0 0 0 0 0 0 0 0 0 0 0 0 0 0 0
0 0 0 0 0 0 0 0 0 0 0 0 0 0 0 0 0 0 0 0 0 0 0 0 0 0 0 0 0 0 0 0 0 0 0 0 0 0 0 0 0 0 0
0 0 0 0 0 0 0 0 0 0 0 0 0 0 0 0 0 0 0 0 0 0 0 0 0 0 0 0 0 0 0 0 0 0 0 0 0 0 0 0 0 0 0
0 0 0 0 0 0 0 0 0 0 0 0 0 0 0 0 0 0 0 0 0 0 0 0 0 0 0 0 0 0 0 0 0 0 0 0 0 0 0 0 0 0 0
0 0 0 0 0 0 0 0 0 0 0 0 0 0 0 0 0 0 0 0 0 0 0 0 0 0 0 0 0 0 0 0 0 0 0 0 0 0 0 0 0 0 0
0 0 0 0 0 0 0 0 0 0 0 0 0 0 0 0 0 0 0 0 0 0 0 0 0 0 0 0 0 0 0 0 0 0 0 0 0 0 0 0 0 0 0
0 0 0 0 0 0 0 0 0 0 0 0 0 0 0 0 0 0 0 0 0 0 0 0 0 0 0 0 0 0 0 0 0 0 0 0 0 0 0 0 0 0 0
0 0 0 0 0 0 0 0 0 0 0 0 0 0 0 0 0 0 0 0 0 0 0 0 0 0 0 0 0 0 0 0 0 0 0 0 0 0 0 0 0 0 0
0 0 0 0 0 0 0 0 0 0 0 0 0 0 0 0 0 0 0 0 0 0 0 0 0 0 0 0 0 0 0 0 0 0 0 0 0 0 0 0 0 0 0
0 0 0 0 0 0 0 0 0 0 0 0 0 0 0 0 0 0 0 0 0 0 0 0 0 0 0 0 0 0 0 0 0 0 0 0 0 0 0 0 0 0 0
0 0 0 0 0 0 0 0 0 0 0 0 0 0 0 0 0 0 0 0 0 0 0 0 0 0 0 0 0 0 0 0 0 0 0 0 0 0 0 0 0 0 0
0 0 0 0 0 0 0 0 0 0 0 0 0 0 0 0 0 0 0 0 0 0 0 0 0 0 0 0 0 0 0 0 0 0 0 0 0 0 0 0 0 0 0
0 0 0 0 0 0 0 0 0 0 0 0 0 0 0 0 0 0 0 0 0 0 0 0 0 0 0 0 0 0 0 0 0 0 0 0 0 0 0 0 0 0 0
0 0 0 0 0 0 0 0 0 0 0 0 0 0 0 0 0 0 0 0 0 0 0 0 0 0 0 0 0 0 0 0 0 0 0 0 0 0 0 0 0 0 0
0 0 0 0 0 0 0 0 0 0 0 0 0 0 0 0 0 0 0 0 0 0 0 0 0 0 0 0 0 0 0 0 0 0 0 0 0 0 0 0 0 0 0
0 0 0 0 0 0 0 0 0 0 0 0 0 0 0 0 0 0 0 0 0 0 0 0 0 0 0 0 0 0 0 0 0 0 0 0 0 0 0 0 0 0 0
0 0 0 0 0 0 0 0 0 0 0 0 0 0 0 0 0 0 0 0 0 0 0 0 0 0 0 0 0 0 0 0 0 0 0 0 0 0 0 0 0 0 0
0 0 0 0 0 0 0 0 0 0 0 0 0 0 0 0 0 0 0 0 0 0 0 0 0 0 0 0 0 0 0 0 0 0 0 0 0 0 0 0 0 0 0
0 0 0 0 0 0 0 0 0 0 0 0 0 0 0 0 0 0 0 0 0 0 0 0 0 0 0 0 0 0 0 0 0 0 0 0 0 0 0 0 0 0 0
0 0 0 0 0 0 0 0 0 0 0 0 0 0 0 0 0 0 0 0 0 0 0 0 0 0 0 0 0 0 0 0 0 0 0 0 0 0 0 0 0 0 0
0 0 0 0 0 0 0 0 0 0 0 0 0 0 0 0 0 0 0 0 0 0 0 0 0 0 0 0 0 0 0 0 0 0 0 0 0 0 0 0 0 0 0
0 0 -6
0 0 -31
0 -1 -42
0 -2 -13
0 -3 -29
0 -4 -11
0 -4 -12
0 -5 -9
0 -7 -23
0 -7 -32
0 -8 -6
0 -8 -14
0 -8 -17
0 -8 -26
0 -9 -19
0 -9 -29
0 -9 -31
0 -10 -4
0 -11 -37
0 -12 -8
0 -12 -14
0 -12 -37
0 -13 -23
0 -14 -1
0 -14 -15
0 -14 -36
0 -14 -42
0 -15 -30
0 -16 -28
0 -16 -29
0 -17 -18
0 -17 -32
0 -18 0
0 -18 -5
0 -19 -20
0 -20 -33
0 -21 -6
0 -22 -12
0 -22 -25
0 -23 -26
0 -23 -40
0 -25 -22
0 -27 -25
0 -27 -34
0 -28 -26
0 -28 -27
0 -28 -30
0 -29 0
0 -29 -1
0 -29 -16
0 -30 -26
0 -31 -5
0 -31 -15
0 -32 -39
0 -33 -1
0 -33 -7
0 -33 -21
0 -33 -23
0 -33 -27
0 -34 -11
0 -34 -17
0 -36 -7
0 -38 -20
0 -39 -9
0 -39 -13
0 -40 -12
0 -40 -19
0 -40 -35
0 -41 -2
0 -41 -16
0 -42 -15
0 -42 -30
0 -42 -34
0 -42 -40
1 0 -6
1 0 -31
1 -1 -42
1 -2 -13
1 -3 -29
1 -4 -11
1 -4 -12
1 -5 -9
1 -7 -23
1 -7 -32
1 -8 -6
1 -8 -14
1 -8 -17
1 -8 -26
1 -9 -19
1 -9 -29
1 -9 -31
1 -10 -4
1 -11 -37
1 -12 -8
1 -12 -14
1 -12 -37
1 -13 -23
1 -14 -1
1 -14 -15
1 -14 -36
1 -14 -42
1 -15 -30
1 -16 -28
1 -16 -29
1 -17 -18
1 -17 -32
1 -18 0
1 -18 -5
1 -19 -20
1 -20 -33
1 -21 -6
1 -22 -12
1 -22 -25
1 -23 -26
1 -23 -40
1 -25 -22
1 -27 -25
1 -27 -34
1 -28 -26
1 -28 -27
1 -28 -30
1 -29 0
1 -29 -1
1 -29 -16
1 -30 -26
1 -31 -5
1 -31 -15
1 -32 -39
1 -33 -1
1 -33 -7
1 -33 -21
1 -33 -23
1 -33 -27
1 -34 -11
1 -34 -17
1 -36 -7
1 -38 -20
1 -39 -9
1 -39 -13
1 -40 -12
1 -40 -19
1 -40 -35
1 -41 -2
1 -41 -16
1 -42 -15
1 -42 -30
1 -42 -34
1 -42 -40
2 0 -6
2 0 -31
2 -1 -42
2 -2 -13
2 -3 -29
2 -4 -11
2 -4 -12
2 -5 -9
2 -7 -23
2 -7 -32
2 -8 -6
2 -8 -14
2 -8 -17
2 -8 -26
2 -9 -19
2 -9 -29
2 -9 -31
2 -10 -4
2 -11 -37
2 -12 -8
2 -12 -14
2 -12 -37
2 -13 -23
2 -14 -1
2 -14 -15
2 -14 -36
2 -14 -42
2 -15 -30
2 -16 -28
2 -16 -29
2 -17 -18
2 -17 -32
2 -18 0
2 -18 -5
2 -19 -20
2 -20 -33
2 -21 -6
2 -22 -12
2 -22 -25
2 -23 -26
2 -23 -40
2 -25 -22
2 -27 -25
2 -27 -34
2 -28 -26
2 -28 -27
2 -28 -30
2 -29 0
2 -29 -1
2 -29 -16
2 -30 -26
2 -31 -5
2 -31 -15
2 -32 -39
2 -33 -1
2 -33 -7
2 -33 -21
2 -33 -23
2 -33 -27
2 -34 -11
2 -34 -17
2 -36 -7
2 -38 -20
2 -39 -9
2 -39 -13
2 -40 -12
2 -40 -19
2 -40 -35
2 -41 -2
2 -41 -16
2 -42 -15
2 -42 -30
2 -42 -34
2 -42 -40
3 0 -6
3 0 -31
3 -1 -42
3 -2 -13
3 -3 -29
3 -4 -11
3 -4 -12
3 -5 -9
3 -7 -23
3 -7 -32
3 -8 -6
3 -8 -14
3 -8 -17
3 -8 -26
3 -9 -19
3 -9 -29
3 -9 -31
3 -10 -4
3 -11 -37
3 -12 -8
3 -12 -14
3 -12 -37
3 -13 -23
3 -14 -1
3 -14 -15
3 -14 -36
3 -14 -42
3 -15 -30
3 -16 -28
3 -16 -29
3 -17 -18
3 -17 -32
3 -18 0
3 -18 -5
3 -19 -20
3 -20 -33
3 -21 -6
3 -22 -12
3 -22 -25
3 -23 -26
3 -23 -40
3 -25 -22
3 -27 -25
3 -27 -34
3 -28 -26
3 -28 -27
3 -28 -30
3 -29 0
3 -29 -1
3 -29 -16
3 -30 -26
3 -31 -5
3 -31 -15
3 -32 -39
3 -33 -1
3 -33 -7
3 -33 -21
3 -33 -23
3 -33 -27
3 -34 -11
3 -34 -17
3 -36 -7
3 -38 -20
3 -39 -9
3 -39 -13
3 -40 -12
3 -40 -19
3 -40 -35
3 -41 -2
3 -41 -16
3 -42 -15
3 -42 -30
3 -42 -34
3 -42 -40
4 0 -6
4 0 -31
4 -1 -42
4 -2 -13
4 -3 -29
4 -4 -11
4 -4 -12
4 -5 -9
4 -7 -23
4 -7 -32
4 -8 -6
4 -8 -14
4 -8 -17
4 -8 -26
4 -9 -19
4 -9 -29
4 -9 -31
4 -10 -4
4 -11 -37
4 -12 -8
4 -12 -14
4 -12 -37
4 -13 -23
4 -14 -1
4 -14 -15
4 -14 -36
4 -14 -42
4 -15 -30
4 -16 -28
4 -16 -29
4 -17 -18
4 -17 -32
4 -18 0
4 -18 -5
4 -19 -20
4 -20 -33
4 -21 -6
4 -22 -12
4 -22 -25
4 -23 -26
4 -23 -40
4 -25 -22
4 -27 -25
4 -27 -34
4 -28 -26
4 -28 -27
4 -28 -30
4 -29 0
4 -29 -1
4 -29 -16
4 -30 -26
4 -31 -5
4 -31 -15
4 -32 -39
4 -33 -1
4 -33 -7
4 -33 -21
4 -33 -23
4 -33 -27
4 -34 -11
4 -34 -17
4 -36 -7
4 -38 -20
4 -39 -9
4 -39 -13
4 -40 -12
4 -40 -19
4 -40 -35
4 -41 -2
4 -41 -16
4 -42 -15
4 -42 -30
4 -42 -34
4 -42 -40
5 0 -6
5 0 -31
5 -1 -42
5 -2 -13
5 -3 -29
5 -4 -11
5 -4 -12
5 -5 -9
5 -7 -23
5 -7 -32
5 -8 -6
5 -8 -14
5 -8 -17
5 -8 -26
5 -9 -19
5 -9 -29
5 -9 -31
5 -10 -4
5 -11 -37
5 -12 -8
5 -12 -14
5 -12 -37
5 -13 -23
5 -14 -1
5 -14 -15
5 -14 -36
5 -14 -42
5 -15 -30
5 -16 -28
5 -16 -29
5 -17 -18
5 -17 -32
5 -18 0
5 -18 -5
5 -19 -20
5 -20 -33
5 -21 -6
5 -22 -12
5 -22 -25
5 -23 -26
5 -23 -40
5 -25 -22
5 -27 -25
5 -27 -34
5 -28 -26
5 -28 -27
5 -28 -30
5 -29 0
5 -29 -1
5 -29 -16
5 -30 -26
5 -31 -5
5 -31 -15
5 -32 -39
5 -33 -1
5 -33 -7
5 -33 -21
5 -33 -23
5 -33 -27
5 -34 -11
5 -34 -17
5 -36 -7
5 -38 -20
5 -39 -9
5 -39 -13
5 -40 -12
5 -40 -19
5 -40 -35
5 -41 -2
5 -41 -16
5 -42 -15
5 -42 -30
5 -42 -34
5 -42 -40
6 0 -6
6 0 -31
6 -1 -42
6 -2 -13
6 -3 -29
6 -4 -11
6 -4 -12
6 -5 -9
6 -7 -23
6 -7 -32
6 -8 -6
6 -8 -14
6 -8 -17
6 -8 -26
6 -9 -19
6 -9 -29
6 -9 -31
6 -10 -4
6 -11 -37
6 -12 -8
6 -12 -14
6 -12 -37
6 -13 -23
6 -14 -1
6 -14 -15
6 -14 -36
6 -14 -42
6 -15 -30
6 -16 -28
6 -16 -29
6 -17 -18
6 -17 -32
6 -18 0
6 -18 -5
6 -19 -20
6 -20 -33
6 -21 -6
6 -22 -12
6 -22 -25
6 -23 -26
6 -23 -40
6 -25 -22
6 -27 -25
6 -27 -34
6 -28 -26
6 -28 -27
6 -28 -30
6 -29 0
6 -29 -1
6 -29 -16
6 -30 -26
6 -31 -5
6 -31 -15
6 -32 -39
6 -33 -1
6 -33 -7
6 -33 -21
6 -33 -23
6 -33 -27
6 -34 -11
6 -34 -17
6 -36 -7
6 -38 -20
6 -39 -9
6 -39 -13
6 -40 -12
6 -40 -19
6 -40 -35
6 -41 -2
6 -41 -16
6 -42 -15
6 -42 -30
6 -42 -34
6 -42 -40
7 0 -6
7 0 -31
7 -1 -42
7 -2 -13
7 -3 -29
7 -4 -11
7 -4 -12
7 -5 -9
7 -7 -23
7 -7 -32
7 -8 -6
7 -8 -14
7 -8 -17
7 -8 -26
7 -9 -19
7 -9 -29
7 -9 -31
7 -10 -4
7 -11 -37
7 -12 -8
7 -12 -14
7 -12 -37
7 -13 -23
7 -14 -1
7 -14 -15
7 -14 -36
7 -14 -42
7 -15 -30
7 -16 -28
7 -16 -29
7 -17 -18
7 -17 -32
7 -18 0
7 -18 -5
7 -19 -20
7 -20 -33
7 -21 -6
7 -22 -12
7 -22 -25
7 -23 -26
7 -23 -40
7 -25 -22
7 -27 -25
7 -27 -34
7 -28 -26
7 -28 -27
7 -28 -30
7 -29 0
7 -29 -1
7 -29 -16
7 -30 -26
7 -31 -5
7 -31 -15
7 -32 -39
7 -33 -1
7 -33 -7
7 -33 -21
7 -33 -23
7 -33 -27
7 -34 -11
7 -34 -17
7 -36 -7
7 -38 -20
7 -39 -9
7 -39 -13
7 -40 -12
7 -40 -19
7 -40 -35
7 -41 -2
7 -41 -16
7 -42 -15
7 -42 -30
7 -42 -34
7 -42 -40
8 0 -6
8 0 -31
8 -1 -42
8 -2 -13
8 -3 -29
8 -4 -11
8 -4 -12
8 -5 -9
8 -7 -23
8 -7 -32
8 -8 -6
8 -8 -14
8 -8 -17
8 -8 -26
8 -9 -19
8 -9 -29
8 -9 -31
8 -10 -4
8 -11 -37
8 -12 -8
8 -12 -14
8 -12 -37
8 -13 -23
8 -14 -1
8 -14 -15
8 -14 -36
8 -14 -42
8 -15 -30
8 -16 -28
8 -16 -29
8 -17 -18
8 -17 -32
8 -18 0
8 -18 -5
8 -19 -20
8 -20 -33
8 -21 -6
8 -22 -12
8 -22 -25
8 -23 -26
8 -23 -40
8 -25 -22
8 -27 -25
8 -27 -34
8 -28 -26
8 -28 -27
8 -28 -30
8 -29 0
8 -29 -1
8 -29 -16
8 -30 -26
8 -31 -5
8 -31 -15
8 -32 -39
8 -33 -1
8 -33 -7
8 -33 -21
8 -33 -23
8 -33 -27
8 -34 -11
8 -34 -17
8 -36 -7
8 -38 -20
8 -39 -9
8 -39 -13
8 -40 -12
8 -40 -19
8 -40 -35
8 -41 -2
8 -41 -16
8 -42 -15
8 -42 -30
8 -42 -34
8 -42 -40
9 0 -6
9 0 -31
9 -1 -42
9 -2 -13
9 -3 -29
9 -4 -11
9 -4 -12
9 -5 -9
9 -7 -23
9 -7 -32
9 -8 -6
9 -8 -14
9 -8 -17
9 -8 -26
9 -9 -19
9 -9 -29
9 -9 -31
9 -10 -4
9 -11 -37
9 -12 -8
9 -12 -14
9 -12 -37
9 -13 -23
9 -14 -1
9 -14 -15
9 -14 -36
9 -14 -42
9 -15 -30
9 -16 -28
9 -16 -29
9 -17 -18
9 -17 -32
9 -18 0
9 -18 -5
9 -19 -20
9 -20 -33
9 -21 -6
9 -22 -12
9 -22 -25
9 -23 -26
9 -23 -40
9 -25 -22
9 -27 -25
9 -27 -34
9 -28 -26
9 -28 -27
9 -28 -30
9 -29 0
9 -29 -1
9 -29 -16
9 -30 -26
9 -31 -5
9 -31 -15
9 -32 -39
9 -33 -1
9 -33 -7
9 -33 -21
9 -33 -23
9 -33 -27
9 -34 -11
9 -34 -17
9 -36 -7
9 -38 -20
9 -39 -9
9 -39 -13
9 -40 -12
9 -40 -19
9 -40 -35
9 -41 -2
9 -41 -16
9 -42 -15
9 -42 -30
9 -42 -34
9 -42 -40
10 0 -6
10 0 -31
10 -1 -42
10 -2 -13
10 -3 -29
10 -4 -11
10 -4 -12
10 -5 -9
10 -7 -23
10 -7 -32
10 -8 -6
10 -8 -14
10 -8 -17
10 -8 -26
10 -9 -19
10 -9 -29
10 -9 -31
10 -10 -4
10 -11 -37
10 -12 -8
10 -12 -14
10 -12 -37
10 -13 -23
10 -14 -1
10 -14 -15
10 -14 -36
10 -14 -42
10 -15 -30
10 -16 -28
10 -16 -29
10 -17 -18
10 -17 -32
10 -18 0
10 -18 -5
10 -19 -20
10 -20 -33
10 -21 -6
10 -22 -12
10 -22 -25
10 -23 -26
10 -23 -40
10 -25 -22
10 -27 -25
10 -27 -34
10 -28 -26
10 -28 -27
10 -28 -30
10 -29 0
10 -29 -1
10 -29 -16
10 -30 -26
10 -31 -5
10 -31 -15
10 -32 -39
10 -33 -1
10 -33 -7
10 -33 -21
10 -33 -23
10 -33 -27
10 -34 -11
10 -34 -17
10 -36 -7
10 -38 -20
10 -39 -9
10 -39 -13
10 -40 -12
10 -40 -19
10 -40 -35
10 -41 -2
10 -41 -16
10 -42 -15
10 -42 -30
10 -42 -34
10 -42 -40
11 0 -6
11 0 -31
11 -1 -42
11 -2 -13
11 -3 -29
11 -4 -11
11 -4 -12
11 -5 -9
11 -7 -23
11 -7 -32
11 -8 -6
11 -8 -14
11 -8 -17
11 -8 -26
11 -9 -19
11 -9 -29
11 -9 -31
11 -10 -4
11 -11 -37
11 -12 -8
11 -12 -14
11 -12 -37
11 -13 -23
11 -14 -1
11 -14 -15
11 -14 -36
11 -14 -42
11 -15 -30
11 -16 -28
11 -16 -29
11 -17 -18
11 -17 -32
11 -18 0
11 -18 -5
11 -19 -20
11 -20 -33
11 -21 -6
11 -22 -12
11 -22 -25
11 -23 -26
11 -23 -40
11 -25 -22
11 -27 -25
11 -27 -34
11 -28 -26
11 -28 -27
11 -28 -30
11 -29 0
11 -29 -1
11 -29 -16
11 -30 -26
11 -31 -5
11 -31 -15
11 -32 -39
11 -33 -1
11 -33 -7
11 -33 -21
11 -33 -23
11 -33 -27
11 -34 -11
11 -34 -17
11 -36 -7
11 -38 -20
11 -39 -9
11 -39 -13
11 -40 -12
11 -40 -19
11 -40 -35
11 -41 -2
11 -41 -16
11 -42 -15
11 -42 -30
11 -42 -34
11 -42 -40
12 0 -6
12 0 -31
12 -1 -42
12 -2 -13
12 -3 -29
12 -4 -11
12 -4 -12
12 -5 -9
12 -7 -23
12 -7 -32
12 -8 -6
12 -8 -14
12 -8 -17
12 -8 -26
12 -9 -19
12 -9 -29
12 -9 -31
12 -10 -4
12 -11 -37
12 -12 -8
12 -12 -14
12 -12 -37
12 -13 -23
12 -14 -1
12 -14 -15
12 -14 -36
12 -14 -42
12 -15 -30
12 -16 -28
12 -16 -29
12 -17 -18
12 -17 -32
12 -18 0
12 -18 -5
12 -19 -20
12 -20 -33
12 -21 -6
12 -22 -12
12 -22 -25
12 -23 -26
12 -23 -40
12 -25 -22
12 -27 -25
12 -27 -34
12 -28 -26
12 -28 -27
12 -28 -30
12 -29 0
12 -29 -1
12 -29 -16
12 -30 -26
12 -31 -5
12 -31 -15
12 -32 -39
12 -33 -1
12 -33 -7
12 -33 -21
12 -33 -23
12 -33 -27
12 -34 -11
12 -34 -17
12 -36 -7
12 -38 -20
12 -39 -9
12 -39 -13
12 -40 -12
12 -40 -19
12 -40 -35
12 -41 -2
12 -41 -16
12 -42 -15
12 -42 -30
12 -42 -34
12 -42 -40
13 0 -6
13 0 -31
13 -1 -42
13 -2 -13
13 -3 -29
13 -4 -11
13 -4 -12
13 -5 -9
13 -7 -23
13 -7 -32
13 -8 -6
13 -8 -14
13 -8 -17
13 -8 -26
13 -9 -19
13 -9 -29
13 -9 -31
13 -10 -4
13 -11 -37
13 -12 -8
13 -12 -14
13 -12 -37
13 -13 -23
13 -14 -1
13 -14 -15
13 -14 -36
13 -14 -42
13 -15 -30
13 -16 -28
13 -16 -29
13 -17 -18
13 -17 -32
13 -18 0
13 -18 -5
13 -19 -20
13 -20 -33
13 -21 -6
13 -22 -12
13 -22 -25
13 -23 -26
13 -23 -40
13 -25 -22
13 -27 -25
13 -27 -34
13 -28 -26
13 -28 -27
13 -28 -30
13 -29 0
13 -29 -1
13 -29 -16
13 -30 -26
13 -31 -5
13 -31 -15
13 -32 -39
13 -33 -1
13 -33 -7
13 -33 -21
13 -33 -23
13 -33 -27
13 -34 -11
13 -34 -17
13 -36 -7
13 -38 -20
13 -39 -9
13 -39 -13
13 -40 -12
13 -40 -19
13 -40 -35
13 -41 -2
13 -41 -16
13 -42 -15
13 -42 -30
13 -42 -34
13 -42 -40
14 0 -6
14 0 -31
14 -1 -42
14 -2 -13
14 -3 -29
14 -4 -11
14 -4 -12
14 -5 -9
14 -7 -23
14 -7 -32
14 -8 -6
14 -8 -14
14 -8 -17
14 -8 -26
14 -9 -19
14 -9 -29
14 -9 -31
14 -10 -4
14 -11 -37
14 -12 -8
14 -12 -14
14 -12 -37
14 -13 -23
14 -14 -1
14 -14 -15
14 -14 -36
14 -14 -42
14 -15 -30
14 -16 -28
14 -16 -29
14 -17 -18
14 -17 -32
14 -18 0
14 -18 -5
14 -19 -20
14 -20 -33
14 -21 -6
14 -22 -12
14 -22 -25
14 -23 -26
14 -23 -40
14 -25 -22
14 -27 -25
14 -27 -34
14 -28 -26
14 -28 -27
14 -28 -30
14 -29 0
14 -29 -1
14 -29 -16
14 -30 -26
14 -31 -5
14 -31 -15
14 -32 -39
14 -33 -1
14 -33 -7
14 -33 -21
14 -33 -23
14 -33 -27
14 -34 -11
14 -34 -17
14 -36 -7
14 -38 -20
14 -39 -9
14 -39 -13
14 -40 -12
14 -40 -19
14 -40 -35
14 -41 -2
14 -41 -16
14 -42 -15
14 -42 -30
14 -42 -34
14 -42 -40
15 0 -6
15 0 -31
15 -1 -42
15 -2 -13
15 -3 -29
15 -4 -11
15 -4 -12
15 -5 -9
15 -7 -23
15 -7 -32
15 -8 -6
15 -8 -14
15 -8 -17
15 -8 -26
15 -9 -19
15 -9 -29
15 -9 -31
15 -10 -4
15 -11 -37
15 -12 -8
15 -12 -14
15 -12 -37
15 -13 -23
15 -14 -1
15 -14 -15
15 -14 -36
15 -14 -42
15 -15 -30
15 -16 -28
15 -16 -29
15 -17 -18
15 -17 -32
15 -18 0
15 -18 -5
15 -19 -20
15 -20 -33
15 -21 -6
15 -22 -12
15 -22 -25
15 -23 -26
15 -23 -40
15 -25 -22
15 -27 -25
15 -27 -34
15 -28 -26
15 -28 -27
15 -28 -30
15 -29 0
15 -29 -1
15 -29 -16
15 -30 -26
15 -31 -5
15 -31 -15
15 -32 -39
15 -33 -1
15 -33 -7
15 -33 -21
15 -33 -23
15 -33 -27
15 -34 -11
15 -34 -17
15 -36 -7
15 -38 -20
15 -39 -9
15 -39 -13
15 -40 -12
15 -40 -19
15 -40 -35
15 -41 -2
15 -41 -16
15 -42 -15
15 -42 -30
15 -42 -34
15 -42 -40
16 0 -6
16 0 -31
16 -1 -42
16 -2 -13
16 -3 -29
16 -4 -11
16 -4 -12
16 -5 -9
16 -7 -23
16 -7 -32
16 -8 -6
16 -8 -14
16 -8 -17
16 -8 -26
16 -9 -19
16 -9 -29
16 -9 -31
16 -10 -4
16 -11 -37
16 -12 -8
16 -12 -14
16 -12 -37
16 -13 -23
16 -14 -1
16 -14 -15
16 -14 -36
16 -14 -42
16 -15 -30
16 -16 -28
16 -16 -29
16 -17 -18
16 -17 -32
16 -18 0
16 -18 -5
16 -19 -20
16 -20 -33
16 -21 -6
16 -22 -12
16 -22 -25
16 -23 -26
16 -23 -40
16 -25 -22
16 -27 -25
16 -27 -34
16 -28 -26
16 -28 -27
16 -28 -30
16 -29 0
16 -29 -1
16 -29 -16
16 -30 -26
16 -31 -5
16 -31 -15
16 -32 -39
16 -33 -1
16 -33 -7
16 -33 -21
16 -33 -23
16 -33 -27
16 -34 -11
16 -34 -17
16 -36 -7
16 -38 -20
16 -39 -9
16 -39 -13
16 -40 -12
16 -40 -19
16 -40 -35
16 -41 -2
16 -41 -16
16 -42 -15
16 -42 -30
16 -42 -34
16 -42 -40
17 0 -6
17 0 -31
17 -1 -42
17 -2 -13
17 -3 -29
17 -4 -11
17 -4 -12
17 -5 -9
17 -7 -23
17 -7 -32
17 -8 -6
17 -8 -14
17 -8 -17
17 -8 -26
17 -9 -19
17 -9 -29
17 -9 -31
17 -10 -4
17 -11 -37
17 -12 -8
17 -12 -14
17 -12 -37
17 -13 -23
17 -14 -1
17 -14 -15
17 -14 -36
17 -14 -42
17 -15 -30
17 -16 -28
17 -16 -29
17 -17 -18
17 -17 -32
17 -18 0
17 -18 -5
17 -19 -20
17 -20 -33
17 -21 -6
17 -22 -12
17 -22 -25
17 -23 -26
17 -23 -40
17 -25 -22
17 -27 -25
17 -27 -34
17 -28 -26
17 -28 -27
17 -28 -30
17 -29 0
17 -29 -1
17 -29 -16
17 -30 -26
17 -31 -5
17 -31 -15
17 -32 -39
17 -33 -1
17 -33 -7
17 -33 -21
17 -33 -23
17 -33 -27
17 -34 -11
17 -34 -17
17 -36 -7
17 -38 -20
17 -39 -9
17 -39 -13
17 -40 -12
17 -40 -19
17 -40 -35
17 -41 -2
17 -41 -16
17 -42 -15
17 -42 -30
17 -42 -34
17 -42 -40
18 0 -6
18 0 -31
18 -1 -42
18 -2 -13
18 -3 -29
18 -4 -11
18 -4 -12
18 -5 -9
18 -7 -23
18 -7 -32
18 -8 -6
18 -8 -14
18 -8 -17
18 -8 -26
18 -9 -19
18 -9 -29
18 -9 -31
18 -10 -4
18 -11 -37
18 -12 -8
18 -12 -14
18 -12 -37
18 -13 -23
18 -14 -1
18 -14 -15
18 -14 -36
18 -14 -42
18 -15 -30
18 -16 -28
18 -16 -29
18 -17 -18
18 -17 -32
18 -18 0
18 -18 -5
18 -19 -20
18 -20 -33
18 -21 -6
18 -22 -12
18 -22 -25
18 -23 -26
18 -23 -40
18 -25 -22
18 -27 -25
18 -27 -34
18 -28 -26
18 -28 -27
18 -28 -30
18 -29 0
18 -29 -1
18 -29 -16
18 -30 -26
18 -31 -5
18 -31 -15
18 -32 -39
18 -33 -1
18 -33 -7
18 -33 -21
18 -33 -23
18 -33 -27
18 -34 -11
18 -34 -17
18 -36 -7
18 -38 -20
18 -39 -9
18 -39 -13
18 -40 -12
18 -40 -19
18 -40 -35
18 -41 -2
18 -41 -16
18 -42 -15
18 -42 -30
18 -42 -34
18 -42 -40
19 0 -6
19 0 -31
19 -1 -42
19 -2 -13
19 -3 -29
19 -4 -11
19 -4 -12
19 -5 -9
19 -7 -23
19 -7 -32
19 -8 -6
19 -8 -14
19 -8 -17
19 -8 -26
19 -9 -19
19 -9 -29
19 -9 -31
19 -10 -4
19 -11 -37
19 -12 -8
19 -12 -14
19 -12 -37
19 -13 -23
19 -14 -1
19 -14 -15
19 -14 -36
19 -14 -42
19 -15 -30
19 -16 -28
19 -16 -29
19 -17 -18
19 -17 -32
19 -18 0
19 -18 -5
19 -19 -20
19 -20 -33
19 -21 -6
19 -22 -12
19 -22 -25
19 -23 -26
19 -23 -40
19 -25 -22
19 -27 -25
19 -27 -34
19 -28 -26
19 -28 -27
19 -28 -30
19 -29 0
19 -29 -1
19 -29 -16
19 -30 -26
19 -31 -5
19 -31 -15
19 -32 -39
19 -33 -1
19 -33 -7
19 -33 -21
19 -33 -23
19 -33 -27
19 -34 -11
19 -34 -17
19 -36 -7
19 -38 -20
19 -39 -9
19 -39 -13
19 -40 -12
19 -40 -19
19 -40 -35
19 -41 -2
19 -41 -16
19 -42 -15
19 -42 -30
19 -42 -34
19 -42 -40
20 0 -6
20 0 -31
20 -1 -42
20 -2 -13
20 -3 -29
20 -4 -11
20 -4 -12
20 -5 -9
20 -7 -23
20 -7 -32
20 -8 -6
20 -8 -14
20 -8 -17
20 -8 -26
20 -9 -19
20 -9 -29
20 -9 -31
20 -10 -4
20 -11 -37
20 -12 -8
20 -12 -14
20 -12 -37
20 -13 -23
20 -14 -1
20 -14 -15
20 -14 -36
20 -14 -42
20 -15 -30
20 -16 -28
20 -16 -29
20 -17 -18
20 -17 -32
20 -18 0
20 -18 -5
20 -19 -20
20 -20 -33
20 -21 -6
20 -22 -12
20 -22 -25
20 -23 -26
20 -23 -40
20 -25 -22
20 -27 -25
20 -27 -34
20 -28 -26
20 -28 -27
20 -28 -30
20 -29 0
20 -29 -1
20 -29 -16
20 -30 -26
20 -31 -5
20 -31 -15
20 -32 -39
20 -33 -1
20 -33 -7
20 -33 -21
20 -33 -23
20 -33 -27
20 -34 -11
20 -34 -17
20 -36 -7
20 -38 -20
20 -39 -9
20 -39 -13
20 -40 -12
20 -40 -19
20 -40 -35
20 -41 -2
20 -41 -16
20 -42 -15
20 -42 -30
20 -42 -34
20 -42 -40
21 0 -6
21 0 -31
21 -1 -42
21 -2 -13
21 -3 -29
21 -4 -11
21 -4 -12
21 -5 -9
21 -7 -23
21 -7 -32
21 -8 -6
21 -8 -14
21 -8 -17
21 -8 -26
21 -9 -19
21 -9 -29
21 -9 -31
21 -10 -4
21 -11 -37
21 -12 -8
21 -12 -14
21 -12 -37
21 -13 -23
21 -14 -1
21 -14 -15
21 -14 -36
21 -14 -42
21 -15 -30
21 -16 -28
21 -16 -29
21 -17 -18
21 -17 -32
21 -18 0
21 -18 -5
21 -19 -20
21 -20 -33
21 -21 -6
21 -22 -12
21 -22 -25
21 -23 -26
21 -23 -40
21 -25 -22
21 -27 -25
21 -27 -34
21 -28 -26
21 -28 -27
21 -28 -30
21 -29 0
21 -29 -1
21 -29 -16
21 -30 -26
21 -31 -5
21 -31 -15
21 -32 -39
21 -33 -1
21 -33 -7
21 -33 -21
21 -33 -23
21 -33 -27
21 -34 -11
21 -34 -17
21 -36 -7
21 -38 -20
21 -39 -9
21 -39 -13
21 -40 -12
21 -40 -19
21 -40 -35
21 -41 -2
21 -41 -16
21 -42 -15
21 -42 -30
21 -42 -34
21 -42 -40
22 0 -6
22 0 -31
22 -1 -42
22 -2 -13
22 -3 -29
22 -4 -11
22 -4 -12
22 -5 -9
22 -7 -23
22 -7 -32
22 -8 -6
22 -8 -14
22 -8 -17
22 -8 -26
22 -9 -19
22 -9 -29
22 -9 -31
22 -10 -4
22 -11 -37
22 -12 -8
22 -12 -14
22 -12 -37
22 -13 -23
22 -14 -1
22 -14 -15
22 -14 -36
22 -14 -42
22 -15 -30
22 -16 -28
22 -16 -29
22 -17 -18
22 -17 -32
22 -18 0
22 -18 -5
22 -19 -20
22 -20 -33
22 -21 -6
22 -22 -12
22 -22 -25
22 -23 -26
22 -23 -40
22 -25 -22
22 -27 -25
22 -27 -34
22 -28 -26
22 -28 -27
22 -28 -30
22 -29 0
22 -29 -1
22 -29 -16
22 -30 -26
22 -31 -5
22 -31 -15
22 -32 -39
22 -33 -1
22 -33 -7
22 -33 -21
22 -33 -23
22 -33 -27
22 -34 -11
22 -34 -17
22 -36 -7
22 -38 -20
22 -39 -9
22 -39 -13
22 -40 -12
22 -40 -19
22 -40 -35
22 -41 -2
22 -41 -16
22 -42 -15
22 -42 -30
22 -42 -34
22 -42 -40
23 0 -6
23 0 -31
23 -1 -42
23 -2 -13
23 -3 -29
23 -4 -11
23 -4 -12
23 -5 -9
23 -7 -23
23 -7 -32
23 -8 -6
23 -8 -14
23 -8 -17
23 -8 -26
23 -9 -19
23 -9 -29
23 -9 -31
23 -10 -4
23 -11 -37
23 -12 -8
23 -12 -14
23 -12 -37
23 -13 -23
23 -14 -1
23 -14 -15
23 -14 -36
23 -14 -42
23 -15 -30
23 -16 -28
23 -16 -29
23 -17 -18
23 -17 -32
23 -18 0
23 -18 -5
23 -19 -20
23 -20 -33
23 -21 -6
23 -22 -12
23 -22 -25
23 -23 -26
23 -23 -40
23 -25 -22
23 -27 -25
23 -27 -34
23 -28 -26
23 -28 -27
23 -28 -30
23 -29 0
23 -29 -1
23 -29 -16
23 -30 -26
23 -31 -5
23 -31 -15
23 -32 -39
23 -33 -1
23 -33 -7
23 -33 -21
23 -33 -23
23 -33 -27
23 -34 -11
23 -34 -17
23 -36 -7
23 -38 -20
23 -39 -9
23 -39 -13
23 -40 -12
23 -40 -19
23 -40 -35
23 -41 -2
23 -41 -16
23 -42 -15
23 -42 -30
23 -42 -34
23 -42 -40
24 0 -6
24 0 -31
24 -1 -42
24 -2 -13
24 -3 -29
24 -4 -11
24 -4 -12
24 -5 -9
24 -7 -23
24 -7 -32
24 -8 -6
24 -8 -14
24 -8 -17
24 -8 -26
24 -9 -19
24 -9 -29
24 -9 -31
24 -10 -4
24 -11 -37
24 -12 -8
24 -12 -14
24 -12 -37
24 -13 -23
24 -14 -1
24 -14 -15
24 -14 -36
24 -14 -42
24 -15 -30
24 -16 -28
24 -16 -29
24 -17 -18
24 -17 -32
24 -18 0
24 -18 -5
24 -19 -20
24 -20 -33
24 -21 -6
24 -22 -12
24 -22 -25
24 -23 -26
24 -23 -40
24 -25 -22
24 -27 -25
24 -27 -34
24 -28 -26
24 -28 -27
24 -28 -30
24 -29 0
24 -29 -1
24 -29 -16
24 -30 -26
24 -31 -5
24 -31 -15
24 -32 -39
24 -33 -1
24 -33 -7
24 -33 -21
24 -33 -23
24 -33 -27
24 -34 -11
24 -34 -17
24 -36 -7
24 -38 -20
24 -39 -9
24 -39 -13
24 -40 -12
24 -40 -19
24 -40 -35
24 -41 -2
24 -41 -16
24 -42 -15
24 -42 -30
24 -42 -34
24 -42 -40
25 0 -6
25 0 -31
25 -1 -42
25 -2 -13
25 -3 -29
25 -4 -11
25 -4 -12
25 -5 -9
25 -7 -23
25 -7 -32
25 -8 -6
25 -8 -14
25 -8 -17
25 -8 -26
25 -9 -19
25 -9 -29
25 -9 -31
25 -10 -4
25 -11 -37
25 -12 -8
25 -12 -14
25 -12 -37
25 -13 -23
25 -14 -1
25 -14 -15
25 -14 -36
25 -14 -42
25 -15 -30
25 -16 -28
25 -16 -29
25 -17 -18
25 -17 -32
25 -18 0
25 -18 -5
25 -19 -20
25 -20 -33
25 -21 -6
25 -22 -12
25 -22 -25
25 -23 -26
25 -23 -40
25 -25 -22
25 -27 -25
25 -27 -34
25 -28 -26
25 -28 -27
25 -28 -30
25 -29 0
25 -29 -1
25 -29 -16
25 -30 -26
25 -31 -5
25 -31 -15
25 -32 -39
25 -33 -1
25 -33 -7
25 -33 -21
25 -33 -23
25 -33 -27
25 -34 -11
25 -34 -17
25 -36 -7
25 -38 -20
25 -39 -9
25 -39 -13
25 -40 -12
25 -40 -19
25 -40 -35
25 -41 -2
25 -41 -16
25 -42 -15
25 -42 -30
25 -42 -34
25 -42 -40
26 0 -6
26 0 -31
26 -1 -42
26 -2 -13
26 -3 -29
26 -4 -11
26 -4 -12
26 -5 -9
26 -7 -23
26 -7 -32
26 -8 -6
26 -8 -14
26 -8 -17
26 -8 -26
26 -9 -19
26 -9 -29
26 -9 -31
26 -10 -4
26 -11 -37
26 -12 -8
26 -12 -14
26 -12 -37
26 -13 -23
26 -14 -1
26 -14 -15
26 -14 -36
26 -14 -42
26 -15 -30
26 -16 -28
26 -16 -29
26 -17 -18
26 -17 -32
26 -18 0
26 -18 -5
26 -19 -20
26 -20 -33
26 -21 -6
26 -22 -12
26 -22 -25
26 -23 -26
26 -23 -40
26 -25 -22
26 -27 -25
26 -27 -34
26 -28 -26
26 -28 -27
26 -28 -30
26 -29 0
26 -29 -1
26 -29 -16
26 -30 -26
26 -31 -5
26 -31 -15
26 -32 -39
26 -33 -1
26 -33 -7
26 -33 -21
26 -33 -23
26 -33 -27
26 -34 -11
26 -34 -17
26 -36 -7
26 -38 -20
26 -39 -9
26 -39 -13
26 -40 -12
26 -40 -19
26 -40 -35
26 -41 -2
26 -41 -16
26 -42 -15
26 -42 -30
26 -42 -34
26 -42 -40
27 0 -6
27 0 -31
27 -1 -42
27 -2 -13
27 -3 -29
27 -4 -11
27 -4 -12
27 -5 -9
27 -7 -23
27 -7 -32
27 -8 -6
27 -8 -14
27 -8 -17
27 -8 -26
27 -9 -19
27 -9 -29
27 -9 -31
27 -10 -4
27 -11 -37
27 -12 -8
27 -12 -14
27 -12 -37
27 -13 -23
27 -14 -1
27 -14 -15
27 -14 -36
27 -14 -42
27 -15 -30
27 -16 -28
27 -16 -29
27 -17 -18
27 -17 -32
27 -18 0
27 -18 -5
27 -19 -20
27 -20 -33
27 -21 -6
27 -22 -12
27 -22 -25
27 -23 -26
27 -23 -40
27 -25 -22
27 -27 -25
27 -27 -34
27 -28 -26
27 -28 -27
27 -28 -30
27 -29 0
27 -29 -1
27 -29 -16
27 -30 -26
27 -31 -5
27 -31 -15
27 -32 -39
27 -33 -1
27 -33 -7
27 -33 -21
27 -33 -23
27 -33 -27
27 -34 -11
27 -34 -17
27 -36 -7
27 -38 -20
27 -39 -9
27 -39 -13
27 -40 -12
27 -40 -19
27 -40 -35
27 -41 -2
27 -41 -16
27 -42 -15
27 -42 -30
27 -42 -34
27 -42 -40
28 0 -6
28 0 -31
28 -1 -42
28 -2 -13
28 -3 -29
28 -4 -11
28 -4 -12
28 -5 -9
28 -7 -23
28 -7 -32
28 -8 -6
28 -8 -14
28 -8 -17
28 -8 -26
28 -9 -19
28 -9 -29
28 -9 -31
28 -10 -4
28 -11 -37
28 -12 -8
28 -12 -14
28 -12 -37
28 -13 -23
28 -14 -1
28 -14 -15
28 -14 -36
28 -14 -42
28 -15 -30
28 -16 -28
28 -16 -29
28 -17 -18
28 -17 -32
28 -18 0
28 -18 -5
28 -19 -20
28 -20 -33
28 -21 -6
28 -22 -12
28 -22 -25
28 -23 -26
28 -23 -40
28 -25 -22
28 -27 -25
28 -27 -34
28 -28 -26
28 -28 -27
28 -28 -30
28 -29 0
28 -29 -1
28 -29 -16
28 -30 -26
28 -31 -5
28 -31 -15
28 -32 -39
28 -33 -1
28 -33 -7
28 -33 -21
28 -33 -23
28 -33 -27
28 -34 -11
28 -34 -17
28 -36 -7
28 -38 -20
28 -39 -9
28 -39 -13
28 -40 -12
28 -40 -19
28 -40 -35
28 -41 -2
28 -41 -16
28 -42 -15
28 -42 -30
28 -42 -34
28 -42 -40
29 0 -6
29 0 -31
29 -1 -42
29 -2 -13
29 -3 -29
29 -4 -11
29 -4 -12
29 -5 -9
29 -7 -23
29 -7 -32
29 -8 -6
29 -8 -14
29 -8 -17
29 -8 -26
29 -9 -19
29 -9 -29
29 -9 -31
29 -10 -4
29 -11 -37
29 -12 -8
29 -12 -14
29 -12 -37
29 -13 -23
29 -14 -1
29 -14 -15
29 -14 -36
29 -14 -42
29 -15 -30
29 -16 -28
29 -16 -29
29 -17 -18
29 -17 -32
29 -18 0
29 -18 -5
29 -19 -20
29 -20 -33
29 -21 -6
29 -22 -12
29 -22 -25
29 -23 -26
29 -23 -40
29 -25 -22
29 -27 -25
29 -27 -34
29 -28 -26
29 -28 -27
29 -28 -30
29 -29 0
29 -29 -1
29 -29 -16
29 -30 -26
29 -31 -5
29 -31 -15
29 -32 -39
29 -33 -1
29 -33 -7
29 -33 -21
29 -33 -23
29 -33 -27
29 -34 -11
29 -34 -17
29 -36 -7
29 -38 -20
29 -39 -9
29 -39 -13
29 -40 -12
29 -40 -19
29 -40 -35
29 -41 -2
29 -41 -16
29 -42 -15
29 -42 -30
29 -42 -34
29 -42 -40
30 0 -6
30 0 -31
30 -1 -42
30 -2 -13
30 -3 -29
30 -4 -11
30 -4 -12
30 -5 -9
30 -7 -23
30 -7 -32
30 -8 -6
30 -8 -14
30 -8 -17
30 -8 -26
30 -9 -19
30 -9 -29
30 -9 -31
30 -10 -4
30 -11 -37
30 -12 -8
30 -12 -14
30 -12 -37
30 -13 -23
30 -14 -1
30 -14 -15
30 -14 -36
30 -14 -42
30 -15 -30
30 -16 -28
30 -16 -29
30 -17 -18
30 -17 -32
30 -18 0
30 -18 -5
30 -19 -20
30 -20 -33
30 -21 -6
30 -22 -12
30 -22 -25
30 -23 -26
30 -23 -40
30 -25 -22
30 -27 -25
30 -27 -34
30 -28 -26
30 -28 -27
30 -28 -30
30 -29 0
30 -29 -1
30 -29 -16
30 -30 -26
30 -31 -5
30 -31 -15
30 -32 -39
30 -33 -1
30 -33 -7
30 -33 -21
30 -33 -23
30 -33 -27
30 -34 -11
30 -34 -17
30 -36 -7
30 -38 -20
30 -39 -9
30 -39 -13
30 -40 -12
30 -40 -19
30 -40 -35
30 -41 -2
30 -41 -16
30 -42 -15
30 -42 -30
30 -42 -34
30 -42 -40
31 0 -6
31 0 -31
31 -1 -42
31 -2 -13
31 -3 -29
31 -4 -11
31 -4 -12
31 -5 -9
31 -7 -23
31 -7 -32
31 -8 -6
31 -8 -14
31 -8 -17
31 -8 -26
31 -9 -19
31 -9 -29
31 -9 -31
31 -10 -4
31 -11 -37
31 -12 -8
31 -12 -14
31 -12 -37
31 -13 -23
31 -14 -1
31 -14 -15
31 -14 -36
31 -14 -42
31 -15 -30
31 -16 -28
31 -16 -29
31 -17 -18
31 -17 -32
31 -18 0
31 -18 -5
31 -19 -20
31 -20 -33
31 -21 -6
31 -22 -12
31 -22 -25
31 -23 -26
31 -23 -40
31 -25 -22
31 -27 -25
31 -27 -34
31 -28 -26
31 -28 -27
31 -28 -30
31 -29 0
31 -29 -1
31 -29 -16
31 -30 -26
31 -31 -5
31 -31 -15
31 -32 -39
31 -33 -1
31 -33 -7
31 -33 -21
31 -33 -23
31 -33 -27
31 -34 -11
31 -34 -17
31 -36 -7
31 -38 -20
31 -39 -9
31 -39 -13
31 -40 -12
31 -40 -19
31 -40 -35
31 -41 -2
31 -41 -16
31 -42 -15
31 -42 -30
31 -42 -34
31 -42 -40
32 0 -6
32 0 -31
32 -1 -42
32 -2 -13
32 -3 -29
32 -4 -11
32 -4 -12
32 -5 -9
32 -7 -23
32 -7 -32
32 -8 -6
32 -8 -14
32 -8 -17
32 -8 -26
32 -9 -19
32 -9 -29
32 -9 -31
32 -10 -4
32 -11 -37
32 -12 -8
32 -12 -14
32 -12 -37
32 -13 -23
32 -14 -1
32 -14 -15
32 -14 -36
32 -14 -42
32 -15 -30
32 -16 -28
32 -16 -29
32 -17 -18
32 -17 -32
32 -18 0
32 -18 -5
32 -19 -20
32 -20 -33
32 -21 -6
32 -22 -12
32 -22 -25
32 -23 -26
32 -23 -40
32 -25 -22
32 -27 -25
32 -27 -34
32 -28 -26
32 -28 -27
32 -28 -30
32 -29 0
32 -29 -1
32 -29 -16
32 -30 -26
32 -31 -5
32 -31 -15
32 -32 -39
32 -33 -1
32 -33 -7
32 -33 -21
32 -33 -23
32 -33 -27
32 -34 -11
32 -34 -17
32 -36 -7
32 -38 -20
32 -39 -9
32 -39 -13
32 -40 -12
32 -40 -19
32 -40 -35
32 -41 -2
32 -41 -16
32 -42 -15
32 -42 -30
32 -42 -34
32 -42 -40
33 0 -6
33 0 -31
33 -1 -42
33 -2 -13
33 -3 -29
33 -4 -11
33 -4 -12
33 -5 -9
33 -7 -23
33 -7 -32
33 -8 -6
33 -8 -14
33 -8 -17
33 -8 -26
33 -9 -19
33 -9 -29
33 -9 -31
33 -10 -4
33 -11 -37
33 -12 -8
33 -12 -14
33 -12 -37
33 -13 -23
33 -14 -1
33 -14 -15
33 -14 -36
33 -14 -42
33 -15 -30
33 -16 -28
33 -16 -29
33 -17 -18
33 -17 -32
33 -18 0
33 -18 -5
33 -19 -20
33 -20 -33
33 -21 -6
33 -22 -12
33 -22 -25
33 -23 -26
33 -23 -40
33 -25 -22
33 -27 -25
33 -27 -34
33 -28 -26
33 -28 -27
33 -28 -30
33 -29 0
33 -29 -1
33 -29 -16
33 -30 -26
33 -31 -5
33 -31 -15
33 -32 -39
33 -33 -1
33 -33 -7
33 -33 -21
33 -33 -23
33 -33 -27
33 -34 -11
33 -34 -17
33 -36 -7
33 -38 -20
33 -39 -9
33 -39 -13
33 -40 -12
33 -40 -19
33 -40 -35
33 -41 -2
33 -41 -16
33 -42 -15
33 -42 -30
33 -42 -34
33 -42 -40
34 0 -6
34 0 -31
34 -1 -42
34 -2 -13
34 -3 -29
34 -4 -11
34 -4 -12
34 -5 -9
34 -7 -23
34 -7 -32
34 -8 -6
34 -8 -14
34 -8 -17
34 -8 -26
34 -9 -19
34 -9 -29
34 -9 -31
34 -10 -4
34 -11 -37
34 -12 -8
34 -12 -14
34 -12 -37
34 -13 -23
34 -14 -1
34 -14 -15
34 -14 -36
34 -14 -42
34 -15 -30
34 -16 -28
34 -16 -29
34 -17 -18
34 -17 -32
34 -18 0
34 -18 -5
34 -19 -20
34 -20 -33
34 -21 -6
34 -22 -12
34 -22 -25
34 -23 -26
34 -23 -40
34 -25 -22
34 -27 -25
34 -27 -34
34 -28 -26
34 -28 -27
34 -28 -30
34 -29 0
34 -29 -1
34 -29 -16
34 -30 -26
34 -31 -5
34 -31 -15
34 -32 -39
34 -33 -1
34 -33 -7
34 -33 -21
34 -33 -23
34 -33 -27
34 -34 -11
34 -34 -17
34 -36 -7
34 -38 -20
34 -39 -9
34 -39 -13
34 -40 -12
34 -40 -19
34 -40 -35
34 -41 -2
34 -41 -16
34 -42 -15
34 -42 -30
34 -42 -34
34 -42 -40
35 0 -6
35 0 -31
35 -1 -42
35 -2 -13
35 -3 -29
35 -4 -11
35 -4 -12
35 -5 -9
35 -7 -23
35 -7 -32
35 -8 -6
35 -8 -14
35 -8 -17
35 -8 -26
35 -9 -19
35 -9 -29
35 -9 -31
35 -10 -4
35 -11 -37
35 -12 -8
35 -12 -14
35 -12 -37
35 -13 -23
35 -14 -1
35 -14 -15
35 -14 -36
35 -14 -42
35 -15 -30
35 -16 -28
35 -16 -29
35 -17 -18
35 -17 -32
35 -18 0
35 -18 -5
35 -19 -20
35 -20 -33
35 -21 -6
35 -22 -12
35 -22 -25
35 -23 -26
35 -23 -40
35 -25 -22
35 -27 -25
35 -27 -34
35 -28 -26
35 -28 -27
35 -28 -30
35 -29 0
35 -29 -1
35 -29 -16
35 -30 -26
35 -31 -5
35 -31 -15
35 -32 -39
35 -33 -1
35 -33 -7
35 -33 -21
35 -33 -23
35 -33 -27
35 -34 -11
35 -34 -17
35 -36 -7
35 -38 -20
35 -39 -9
35 -39 -13
35 -40 -12
35 -40 -19
35 -40 -35
35 -41 -2
35 -41 -16
35 -42 -15
35 -42 -30
35 -42 -34
35 -42 -40
36 0 -6
36 0 -31
36 -1 -42
36 -2 -13
36 -3 -29
36 -4 -11
36 -4 -12
36 -5 -9
36 -7 -23
36 -7 -32
36 -8 -6
36 -8 -14
36 -8 -17
36 -8 -26
36 -9 -19
36 -9 -29
36 -9 -31
36 -10 -4
36 -11 -37
36 -12 -8
36 -12 -14
36 -12 -37
36 -13 -23
36 -14 -1
36 -14 -15
36 -14 -36
36 -14 -42
36 -15 -30
36 -16 -28
36 -16 -29
36 -17 -18
36 -17 -32
36 -18 0
36 -18 -5
36 -19 -20
36 -20 -33
36 -21 -6
36 -22 -12
36 -22 -25
36 -23 -26
36 -23 -40
36 -25 -22
36 -27 -25
36 -27 -34
36 -28 -26
36 -28 -27
36 -28 -30
36 -29 0
36 -29 -1
36 -29 -16
36 -30 -26
36 -31 -5
36 -31 -15
36 -32 -39
36 -33 -1
36 -33 -7
36 -33 -21
36 -33 -23
36 -33 -27
36 -34 -11
36 -34 -17
36 -36 -7
36 -38 -20
36 -39 -9
36 -39 -13
36 -40 -12
36 -40 -19
36 -40 -35
36 -41 -2
36 -41 -16
36 -42 -15
36 -42 -30
36 -42 -34
36 -42 -40
37 0 -6
37 0 -31
37 -1 -42
37 -2 -13
37 -3 -29
37 -4 -11
37 -4 -12
37 -5 -9
37 -7 -23
37 -7 -32
37 -8 -6
37 -8 -14
37 -8 -17
37 -8 -26
37 -9 -19
37 -9 -29
37 -9 -31
37 -10 -4
37 -11 -37
37 -12 -8
37 -12 -14
37 -12 -37
37 -13 -23
37 -14 -1
37 -14 -15
37 -14 -36
37 -14 -42
37 -15 -30
37 -16 -28
37 -16 -29
37 -17 -18
37 -17 -32
37 -18 0
37 -18 -5
37 -19 -20
37 -20 -33
37 -21 -6
37 -22 -12
37 -22 -25
37 -23 -26
37 -23 -40
37 -25 -22
37 -27 -25
37 -27 -34
37 -28 -26
37 -28 -27
37 -28 -30
37 -29 0
37 -29 -1
37 -29 -16
37 -30 -26
37 -31 -5
37 -31 -15
37 -32 -39
37 -33 -1
37 -33 -7
37 -33 -21
37 -33 -23
37 -33 -27
37 -34 -11
37 -34 -17
37 -36 -7
37 -38 -20
37 -39 -9
37 -39 -13
37 -40 -12
37 -40 -19
37 -40 -35
37 -41 -2
37 -41 -16
37 -42 -15
37 -42 -30
37 -42 -34
37 -42 -40
38 0 -6
38 0 -31
38 -1 -42
38 -2 -13
38 -3 -29
38 -4 -11
38 -4 -12
38 -5 -9
38 -7 -23
38 -7 -32
38 -8 -6
38 -8 -14
38 -8 -17
38 -8 -26
38 -9 -19
38 -9 -29
38 -9 -31
38 -10 -4
38 -11 -37
38 -12 -8
38 -12 -14
38 -12 -37
38 -13 -23
38 -14 -1
38 -14 -15
38 -14 -36
38 -14 -42
38 -15 -30
38 -16 -28
38 -16 -29
38 -17 -18
38 -17 -32
38 -18 0
38 -18 -5
38 -19 -20
38 -20 -33
38 -21 -6
38 -22 -12
38 -22 -25
38 -23 -26
38 -23 -40
38 -25 -22
38 -27 -25
38 -27 -34
38 -28 -26
38 -28 -27
38 -28 -30
38 -29 0
38 -29 -1
38 -29 -16
38 -30 -26
38 -31 -5
38 -31 -15
38 -32 -39
38 -33 -1
38 -33 -7
38 -33 -21
38 -33 -23
38 -33 -27
38 -34 -11
38 -34 -17
38 -36 -7
38 -38 -20
38 -39 -9
38 -39 -13
38 -40 -12
38 -40 -19
38 -40 -35
38 -41 -2
38 -41 -16
38 -42 -15
38 -42 -30
38 -42 -34
38 -42 -40
39 0 -6
39 0 -31
39 -1 -42
39 -2 -13
39 -3 -29
39 -4 -11
39 -4 -12
39 -5 -9
39 -7 -23
39 -7 -32
39 -8 -6
39 -8 -14
39 -8 -17
39 -8 -26
39 -9 -19
39 -9 -29
39 -9 -31
39 -10 -4
39 -11 -37
39 -12 -8
39 -12 -14
39 -12 -37
39 -13 -23
39 -14 -1
39 -14 -15
39 -14 -36
39 -14 -42
39 -15 -30
39 -16 -28
39 -16 -29
39 -17 -18
39 -17 -32
39 -18 0
39 -18 -5
39 -19 -20
39 -20 -33
39 -21 -6
39 -22 -12
39 -22 -25
39 -23 -26
39 -23 -40
39 -25 -22
39 -27 -25
39 -27 -34
39 -28 -26
39 -28 -27
39 -28 -30
39 -29 0
39 -29 -1
39 -29 -16
39 -30 -26
39 -31 -5
39 -31 -15
39 -32 -39
39 -33 -1
39 -33 -7
39 -33 -21
39 -33 -23
39 -33 -27
39 -34 -11
39 -34 -17
39 -36 -7
39 -38 -20
39 -39 -9
39 -39 -13
39 -40 -12
39 -40 -19
39 -40 -35
39 -41 -2
39 -41 -16
39 -42 -15
39 -42 -30
39 -42 -34
39 -42 -40
40 0 -6
40 0 -31
40 -1 -42
40 -2 -13
40 -3 -29
40 -4 -11
40 -4 -12
40 -5 -9
40 -7 -23
40 -7 -32
40 -8 -6
40 -8 -14
40 -8 -17
40 -8 -26
40 -9 -19
40 -9 -29
40 -9 -31
40 -10 -4
40 -11 -37
40 -12 -8
40 -12 -14
40 -12 -37
40 -13 -23
40 -14 -1
40 -14 -15
40 -14 -36
40 -14 -42
40 -15 -30
40 -16 -28
40 -16 -29
40 -17 -18
40 -17 -32
40 -18 0
40 -18 -5
40 -19 -20
40 -20 -33
40 -21 -6
40 -22 -12
40 -22 -25
40 -23 -26
40 -23 -40
40 -25 -22
40 -27 -25
40 -27 -34
40 -28 -26
40 -28 -27
40 -28 -30
40 -29 0
40 -29 -1
40 -29 -16
40 -30 -26
40 -31 -5
40 -31 -15
40 -32 -39
40 -33 -1
40 -33 -7
40 -33 -21
40 -33 -23
40 -33 -27
40 -34 -11
40 -34 -17
40 -36 -7
40 -38 -20
40 -39 -9
40 -39 -13
40 -40 -12
40 -40 -19
40 -40 -35
40 -41 -2
40 -41 -16
40 -42 -15
40 -42 -30
40 -42 -34
40 -42 -40
41 0 -6
41 0 -31
41 -1 -42
41 -2 -13
41 -3 -29
41 -4 -11
41 -4 -12
41 -5 -9
41 -7 -23
41 -7 -32
41 -8 -6
41 -8 -14
41 -8 -17
41 -8 -26
41 -9 -19
41 -9 -29
41 -9 -31
41 -10 -4
41 -11 -37
41 -12 -8
41 -12 -14
41 -12 -37
41 -13 -23
41 -14 -1
41 -14 -15
41 -14 -36
41 -14 -42
41 -15 -30
41 -16 -28
41 -16 -29
41 -17 -18
41 -17 -32
41 -18 0
41 -18 -5
41 -19 -20
41 -20 -33
41 -21 -6
41 -22 -12
41 -22 -25
41 -23 -26
41 -23 -40
41 -25 -22
41 -27 -25
41 -27 -34
41 -28 -26
41 -28 -27
41 -28 -30
41 -29 0
41 -29 -1
41 -29 -16
41 -30 -26
41 -31 -5
41 -31 -15
41 -32 -39
41 -33 -1
41 -33 -7
41 -33 -21
41 -33 -23
41 -33 -27
41 -34 -11
41 -34 -17
41 -36 -7
41 -38 -20
41 -39 -9
41 -39 -13
41 -40 -12
41 -40 -19
41 -40 -35
41 -41 -2
41 -41 -16
41 -42 -15
41 -42 -30
41 -42 -34
41 -42 -40
42 0 -6
42 0 -31
42 -1 -42
42 -2 -13
42 -3 -29
42 -4 -11
42 -4 -12
42 -5 -9
42 -7 -23
42 -7 -32
42 -8 -6
42 -8 -14
42 -8 -17
42 -8 -26
42 -9 -19
42 -9 -29
42 -9 -31
42 -10 -4
42 -11 -37
42 -12 -8
42 -12 -14
42 -12 -37
42 -13 -23
42 -14 -1
42 -14 -15
42 -14 -36
42 -14 -42
42 -15 -30
42 -16 -28
42 -16 -29
42 -17 -18
42 -17 -32
42 -18 0
42 -18 -5
42 -19 -20
42 -20 -33
42 -21 -6
42 -22 -12
42 -22 -25
42 -23 -26
42 -23 -40
42 -25 -22
42 -27 -25
42 -27 -34
42 -28 -26
42 -28 -27
42 -28 -30
42 -29 0
42 -29 -1
42 -29 -16
42 -30 -26
42 -31 -5
42 -31 -15
42 -32 -39
42 -33 -1
42 -33 -7
42 -33 -21
42 -33 -23
42 -33 -27
42 -34 -11
42 -34 -17
42 -36 -7
42 -38 -20
42 -39 -9
42 -39 -13
42 -40 -12
42 -40 -19
42 -40 -35
42 -41 -2
42 -41 -16
42 -42 -15
42 -42 -30
42 -42 -34
42 -42 -40
43 0 -6
43 0 -31
43 -1 -42
43 -2 -13
43 -3 -29
43 -4 -11
43 -4 -12
43 -5 -9
43 -7 -23
43 -7 -32
43 -8 -6
43 -8 -14
43 -8 -17
43 -8 -26
43 -9 -19
43 -9 -29
43 -9 -31
43 -10 -4
43 -11 -37
43 -12 -8
43 -12 -14
43 -12 -37
43 -13 -23
43 -14 -1
43 -14 -15
43 -14 -36
43 -14 -42
43 -15 -30
43 -16 -28
43 -16 -29
43 -17 -18
43 -17 -32
43 -18 0
43 -18 -5
43 -19 -20
43 -20 -33
43 -21 -6
43 -22 -12
43 -22 -25
43 -23 -26
43 -23 -40
43 -25 -22
43 -27 -25
43 -27 -34
43 -28 -26
43 -28 -27
43 -28 -30
43 -29 0
43 -29 -1
43 -29 -16
43 -30 -26
43 -31 -5
43 -31 -15
43 -32 -39
43 -33 -1
43 -33 -7
43 -33 -21
43 -33 -23
43 -33 -27
43 -34 -11
43 -34 -17
43 -36 -7
43 -38 -20
43 -39 -9
43 -39 -13
43 -40 -12
43 -40 -19
43 -40 -35
43 -41 -2
43 -41 -16
43 -42 -15
43 -42 -30
43 -42 -34
43 -42 -40
44 0 -6
44 0 -31
44 -1 -42
44 -2 -13
44 -3 -29
44 -4 -11
44 -4 -12
44 -5 -9
44 -7 -23
44 -7 -32
44 -8 -6
44 -8 -14
44 -8 -17
44 -8 -26
44 -9 -19
44 -9 -29
44 -9 -31
44 -10 -4
44 -11 -37
44 -12 -8
44 -12 -14
44 -12 -37
44 -13 -23
44 -14 -1
44 -14 -15
44 -14 -36
44 -14 -42
44 -15 -30
44 -16 -28
44 -16 -29
44 -17 -18
44 -17 -32
44 -18 0
44 -18 -5
44 -19 -20
44 -20 -33
44 -21 -6
44 -22 -12
44 -22 -25
44 -23 -26
44 -23 -40
44 -25 -22
44 -27 -25
44 -27 -34
44 -28 -26
44 -28 -27
44 -28 -30
44 -29 0
44 -29 -1
44 -29 -16
44 -30 -26
44 -31 -5
44 -31 -15
44 -32 -39
44 -33 -1
44 -33 -7
44 -33 -21
44 -33 -23
44 -33 -27
44 -34 -11
44 -34 -17
44 -36 -7
44 -38 -20
44 -39 -9
44 -39 -13
44 -40 -12
44 -40 -19
44 -40 -35
44 -41 -2
44 -41 -16
44 -42 -15
44 -42 -30
44 -42 -34
44 -42 -40
45 0 -6
45 0 -31
45 -1 -42
45 -2 -13
45 -3 -29
45 -4 -11
45 -4 -12
45 -5 -9
45 -7 -23
45 -7 -32
45 -8 -6
45 -8 -14
45 -8 -17
45 -8 -26
45 -9 -19
45 -9 -29
45 -9 -31
45 -10 -4
45 -11 -37
45 -12 -8
45 -12 -14
45 -12 -37
45 -13 -23
45 -14 -1
45 -14 -15
45 -14 -36
45 -14 -42
45 -15 -30
45 -16 -28
45 -16 -29
45 -17 -18
45 -17 -32
45 -18 0
45 -18 -5
45 -19 -20
45 -20 -33
45 -21 -6
45 -22 -12
45 -22 -25
45 -23 -26
45 -23 -40
45 -25 -22
45 -27 -25
45 -27 -34
45 -28 -26
45 -28 -27
45 -28 -30
45 -29 0
45 -29 -1
45 -29 -16
45 -30 -26
45 -31 -5
45 -31 -15
45 -32 -39
45 -33 -1
45 -33 -7
45 -33 -21
45 -33 -23
45 -33 -27
45 -34 -11
45 -34 -17
45 -36 -7
45 -38 -20
45 -39 -9
45 -39 -13
45 -40 -12
45 -40 -19
45 -40 -35
45 -41 -2
45 -41 -16
45 -42 -15
45 -42 -30
45 -42 -34
45 -42 -40
46 0 -6
46 0 -31
46 -1 -42
46 -2 -13
46 -3 -29
46 -4 -11
46 -4 -12
46 -5 -9
46 -7 -23
46 -7 -32
46 -8 -6
46 -8 -14
46 -8 -17
46 -8 -26
46 -9 -19
46 -9 -29
46 -9 -31
46 -10 -4
46 -11 -37
46 -12 -8
46 -12 -14
46 -12 -37
46 -13 -23
46 -14 -1
46 -14 -15
46 -14 -36
46 -14 -42
46 -15 -30
46 -16 -28
46 -16 -29
46 -17 -18
46 -17 -32
46 -18 0
46 -18 -5
46 -19 -20
46 -20 -33
46 -21 -6
46 -22 -12
46 -22 -25
46 -23 -26
46 -23 -40
46 -25 -22
46 -27 -25
46 -27 -34
46 -28 -26
46 -28 -27
46 -28 -30
46 -29 0
46 -29 -1
46 -29 -16
46 -30 -26
46 -31 -5
46 -31 -15
46 -32 -39
46 -33 -1
46 -33 -7
46 -33 -21
46 -33 -23
46 -33 -27
46 -34 -11
46 -34 -17
46 -36 -7
46 -38 -20
46 -39 -9
46 -39 -13
46 -40 -12
46 -40 -19
46 -40 -35
46 -41 -2
46 -41 -16
46 -42 -15
46 -42 -30
46 -42 -34
46 -42 -40
47 0 -6
47 0 -31
47 -1 -42
47 -2 -13
47 -3 -29
47 -4 -11
47 -4 -12
47 -5 -9
47 -7 -23
47 -7 -32
47 -8 -6
47 -8 -14
47 -8 -17
47 -8 -26
47 -9 -19
47 -9 -29
47 -9 -31
47 -10 -4
47 -11 -37
47 -12 -8
47 -12 -14
47 -12 -37
47 -13 -23
47 -14 -1
47 -14 -15
47 -14 -36
47 -14 -42
47 -15 -30
47 -16 -28
47 -16 -29
47 -17 -18
47 -17 -32
47 -18 0
47 -18 -5
47 -19 -20
47 -20 -33
47 -21 -6
47 -22 -12
47 -22 -25
47 -23 -26
47 -23 -40
47 -25 -22
47 -27 -25
47 -27 -34
47 -28 -26
47 -28 -27
47 -28 -30
47 -29 0
47 -29 -1
47 -29 -16
47 -30 -26
47 -31 -5
47 -31 -15
47 -32 -39
47 -33 -1
47 -33 -7
47 -33 -21
47 -33 -23
47 -33 -27
47 -34 -11
47 -34 -17
47 -36 -7
47 -38 -20
47 -39 -9
47 -39 -13
47 -40 -12
47 -40 -19
47 -40 -35
47 -41 -2
47 -41 -16
47 -42 -15
47 -42 -30
47 -42 -34
47 -42 -40
48 0 -6
48 0 -31
48 -1 -42
48 -2 -13
48 -3 -29
48 -4 -11
48 -4 -12
48 -5 -9
48 -7 -23
48 -7 -32
48 -8 -6
48 -8 -14
48 -8 -17
48 -8 -26
48 -9 -19
48 -9 -29
48 -9 -31
48 -10 -4
48 -11 -37
48 -12 -8
48 -12 -14
48 -12 -37
48 -13 -23
48 -14 -1
48 -14 -15
48 -14 -36
48 -14 -42
48 -15 -30
48 -16 -28
48 -16 -29
48 -17 -18
48 -17 -32
48 -18 0
48 -18 -5
48 -19 -20
48 -20 -33
48 -21 -6
48 -22 -12
48 -22 -25
48 -23 -26
48 -23 -40
48 -25 -22
48 -27 -25
48 -27 -34
48 -28 -26
48 -28 -27
48 -28 -30
48 -29 0
48 -29 -1
48 -29 -16
48 -30 -26
48 -31 -5
48 -31 -15
48 -32 -39
48 -33 -1
48 -33 -7
48 -33 -21
48 -33 -23
48 -33 -27
48 -34 -11
48 -34 -17
48 -36 -7
48 -38 -20
48 -39 -9
48 -39 -13
48 -40 -12
48 -40 -19
48 -40 -35
48 -41 -2
48 -41 -16
48 -42 -15
48 -42 -30
48 -42 -34
48 -42 -40
49 0 -6
49 0 -31
49 -1 -42
49 -2 -13
49 -3 -29
49 -4 -11
49 -4 -12
49 -5 -9
49 -7 -23
49 -7 -32
49 -8 -6
49 -8 -14
49 -8 -17
49 -8 -26
49 -9 -19
49 -9 -29
49 -9 -31
49 -10 -4
49 -11 -37
49 -12 -8
49 -12 -14
49 -12 -37
49 -13 -23
49 -14 -1
49 -14 -15
49 -14 -36
49 -14 -42
49 -15 -30
49 -16 -28
49 -16 -29
49 -17 -18
49 -17 -32
49 -18 0
49 -18 -5
49 -19 -20
49 -20 -33
49 -21 -6
49 -22 -12
49 -22 -25
49 -23 -26
49 -23 -40
49 -25 -22
49 -27 -25
49 -27 -34
49 -28 -26
49 -28 -27
49 -28 -30
49 -29 0
49 -29 -1
49 -29 -16
49 -30 -26
49 -31 -5
49 -31 -15
49 -32 -39
49 -33 -1
49 -33 -7
49 -33 -21
49 -33 -23
49 -33 -27
49 -34 -11
49 -34 -17
49 -36 -7
49 -38 -20
49 -39 -9
49 -39 -13
49 -40 -12
49 -40 -19
49 -40 -35
49 -41 -2
49 -41 -16
49 -42 -15
49 -42 -30
49 -42 -34
49 -42 -40
50 0 -6
50 0 -31
50 -1 -42
50 -2 -13
50 -3 -29
50 -4 -11
50 -4 -12
50 -5 -9
50 -7 -23
50 -7 -32
50 -8 -6
50 -8 -14
50 -8 -17
50 -8 -26
50 -9 -19
50 -9 -29
50 -9 -31
50 -10 -4
50 -11 -37
50 -12 -8
50 -12 -14
50 -12 -37
50 -13 -23
50 -14 -1
50 -14 -15
50 -14 -36
50 -14 -42
50 -15 -30
50 -16 -28
50 -16 -29
50 -17 -18
50 -17 -32
50 -18 0
50 -18 -5
50 -19 -20
50 -20 -33
50 -21 -6
50 -22 -12
50 -22 -25
50 -23 -26
50 -23 -40
50 -25 -22
50 -27 -25
50 -27 -34
50 -28 -26
50 -28 -27
50 -28 -30
50 -29 0
50 -29 -1
50 -29 -16
50 -30 -26
50 -31 -5
50 -31 -15
50 -32 -39
50 -33 -1
50 -33 -7
50 -33 -21
50 -33 -23
50 -33 -27
50 -34 -11
50 -34 -17
50 -36 -7
50 -38 -20
50 -39 -9
50 -39 -13
50 -40 -12
50 -40 -19
50 -40 -35
50 -41 -2
50 -41 -16
50 -42 -15
50 -42 -30
50 -42 -34
50 -42 -40
51 0 -6
51 0 -31
51 -1 -42
51 -2 -13
51 -3 -29
51 -4 -11
51 -4 -12
51 -5 -9
51 -7 -23
51 -7 -32
51 -8 -6
51 -8 -14
51 -8 -17
51 -8 -26
51 -9 -19
51 -9 -29
51 -9 -31
51 -10 -4
51 -11 -37
51 -12 -8
51 -12 -14
51 -12 -37
51 -13 -23
51 -14 -1
51 -14 -15
51 -14 -36
51 -14 -42
51 -15 -30
51 -16 -28
51 -16 -29
51 -17 -18
51 -17 -32
51 -18 0
51 -18 -5
51 -19 -20
51 -20 -33
51 -21 -6
51 -22 -12
51 -22 -25
51 -23 -26
51 -23 -40
51 -25 -22
51 -27 -25
51 -27 -34
51 -28 -26
51 -28 -27
51 -28 -30
51 -29 0
51 -29 -1
51 -29 -16
51 -30 -26
51 -31 -5
51 -31 -15
51 -32 -39
51 -33 -1
51 -33 -7
51 -33 -21
51 -33 -23
51 -33 -27
51 -34 -11
51 -34 -17
51 -36 -7
51 -38 -20
51 -39 -9
51 -39 -13
51 -40 -12
51 -40 -19
51 -40 -35
51 -41 -2
51 -41 -16
51 -42 -15
51 -42 -30
51 -42 -34
51 -42 -40
52 0 -6
52 0 -31
52 -1 -42
52 -2 -13
52 -3 -29
52 -4 -11
52 -4 -12
52 -5 -9
52 -7 -23
52 -7 -32
52 -8 -6
52 -8 -14
52 -8 -17
52 -8 -26
52 -9 -19
52 -9 -29
52 -9 -31
52 -10 -4
52 -11 -37
52 -12 -8
52 -12 -14
52 -12 -37
52 -13 -23
52 -14 -1
52 -14 -15
52 -14 -36
52 -14 -42
52 -15 -30
52 -16 -28
52 -16 -29
52 -17 -18
52 -17 -32
52 -18 0
52 -18 -5
52 -19 -20
52 -20 -33
52 -21 -6
52 -22 -12
52 -22 -25
52 -23 -26
52 -23 -40
52 -25 -22
52 -27 -25
52 -27 -34
52 -28 -26
52 -28 -27
52 -28 -30
52 -29 0
52 -29 -1
52 -29 -16
52 -30 -26
52 -31 -5
52 -31 -15
52 -32 -39
52 -33 -1
52 -33 -7
52 -33 -21
52 -33 -23
52 -33 -27
52 -34 -11
52 -34 -17
52 -36 -7
52 -38 -20
52 -39 -9
52 -39 -13
52 -40 -12
52 -40 -19
52 -40 -35
52 -41 -2
52 -41 -16
52 -42 -15
52 -42 -30
52 -42 -34
52 -42 -40
53 0 -6
53 0 -31
53 -1 -42
53 -2 -13
53 -3 -29
53 -4 -11
53 -4 -12
53 -5 -9
53 -7 -23
53 -7 -32
53 -8 -6
53 -8 -14
53 -8 -17
53 -8 -26
53 -9 -19
53 -9 -29
53 -9 -31
53 -10 -4
53 -11 -37
53 -12 -8
53 -12 -14
53 -12 -37
53 -13 -23
53 -14 -1
53 -14 -15
53 -14 -36
53 -14 -42
53 -15 -30
53 -16 -28
53 -16 -29
53 -17 -18
53 -17 -32
53 -18 0
53 -18 -5
53 -19 -20
53 -20 -33
53 -21 -6
53 -22 -12
53 -22 -25
53 -23 -26
53 -23 -40
53 -25 -22
53 -27 -25
53 -27 -34
53 -28 -26
53 -28 -27
53 -28 -30
53 -29 0
53 -29 -1
53 -29 -16
53 -30 -26
53 -31 -5
53 -31 -15
53 -32 -39
53 -33 -1
53 -33 -7
53 -33 -21
53 -33 -23
53 -33 -27
53 -34 -11
53 -34 -17
53 -36 -7
53 -38 -20
53 -39 -9
53 -39 -13
53 -40 -12
53 -40 -19
53 -40 -35
53 -41 -2
53 -41 -16
53 -42 -15
53 -42 -30
53 -42 -34
53 -42 -40
54 0 -6
54 0 -31
54 -1 -42
54 -2 -13
54 -3 -29
54 -4 -11
54 -4 -12
54 -5 -9
54 -7 -23
54 -7 -32
54 -8 -6
54 -8 -14
54 -8 -17
54 -8 -26
54 -9 -19
54 -9 -29
54 -9 -31
54 -10 -4
54 -11 -37
54 -12 -8
54 -12 -14
54 -12 -37
54 -13 -23
54 -14 -1
54 -14 -15
54 -14 -36
54 -14 -42
54 -15 -30
54 -16 -28
54 -16 -29
54 -17 -18
54 -17 -32
54 -18 0
54 -18 -5
54 -19 -20
54 -20 -33
54 -21 -6
54 -22 -12
54 -22 -25
54 -23 -26
54 -23 -40
54 -25 -22
54 -27 -25
54 -27 -34
54 -28 -26
54 -28 -27
54 -28 -30
54 -29 0
54 -29 -1
54 -29 -16
54 -30 -26
54 -31 -5
54 -31 -15
54 -32 -39
54 -33 -1
54 -33 -7
54 -33 -21
54 -33 -23
54 -33 -27
54 -34 -11
54 -34 -17
54 -36 -7
54 -38 -20
54 -39 -9
54 -39 -13
54 -40 -12
54 -40 -19
54 -40 -35
54 -41 -2
54 -41 -16
54 -42 -15
54 -42 -30
54 -42 -34
54 -42 -40
55 0 -6
55 0 -31
55 -1 -42
55 -2 -13
55 -3 -29
55 -4 -11
55 -4 -12
55 -5 -9
55 -7 -23
55 -7 -32
55 -8 -6
55 -8 -14
55 -8 -17
55 -8 -26
55 -9 -19
55 -9 -29
55 -9 -31
55 -10 -4
55 -11 -37
55 -12 -8
55 -12 -14
55 -12 -37
55 -13 -23
55 -14 -1
55 -14 -15
55 -14 -36
55 -14 -42
55 -15 -30
55 -16 -28
55 -16 -29
55 -17 -18
55 -17 -32
55 -18 0
55 -18 -5
55 -19 -20
55 -20 -33
55 -21 -6
55 -22 -12
55 -22 -25
55 -23 -26
55 -23 -40
55 -25 -22
55 -27 -25
55 -27 -34
55 -28 -26
55 -28 -27
55 -28 -30
55 -29 0
55 -29 -1
55 -29 -16
55 -30 -26
55 -31 -5
55 -31 -15
55 -32 -39
55 -33 -1
55 -33 -7
55 -33 -21
55 -33 -23
55 -33 -27
55 -34 -11
55 -34 -17
55 -36 -7
55 -38 -20
55 -39 -9
55 -39 -13
55 -40 -12
55 -40 -19
55 -40 -35
55 -41 -2
55 -41 -16
55 -42 -15
55 -42 -30
55 -42 -34
55 -42 -40
56 0 -6
56 0 -31
56 -1 -42
56 -2 -13
56 -3 -29
56 -4 -11
56 -4 -12
56 -5 -9
56 -7 -23
56 -7 -32
56 -8 -6
56 -8 -14
56 -8 -17
56 -8 -26
56 -9 -19
56 -9 -29
56 -9 -31
56 -10 -4
56 -11 -37
56 -12 -8
56 -12 -14
56 -12 -37
56 -13 -23
56 -14 -1
56 -14 -15
56 -14 -36
56 -14 -42
56 -15 -30
56 -16 -28
56 -16 -29
56 -17 -18
56 -17 -32
56 -18 0
56 -18 -5
56 -19 -20
56 -20 -33
56 -21 -6
56 -22 -12
56 -22 -25
56 -23 -26
56 -23 -40
56 -25 -22
56 -27 -25
56 -27 -34
56 -28 -26
56 -28 -27
56 -28 -30
56 -29 0
56 -29 -1
56 -29 -16
56 -30 -26
56 -31 -5
56 -31 -15
56 -32 -39
56 -33 -1
56 -33 -7
56 -33 -21
56 -33 -23
56 -33 -27
56 -34 -11
56 -34 -17
56 -36 -7
56 -38 -20
56 -39 -9
56 -39 -13
56 -40 -12
56 -40 -19
56 -40 -35
56 -41 -2
56 -41 -16
56 -42 -15
56 -42 -30
56 -42 -34
56 -42 -40
57 0 -6
57 0 -31
57 -1 -42
57 -2 -13
57 -3 -29
57 -4 -11
57 -4 -12
57 -5 -9
57 -7 -23
57 -7 -32
57 -8 -6
57 -8 -14
57 -8 -17
57 -8 -26
57 -9 -19
57 -9 -29
57 -9 -31
57 -10 -4
57 -11 -37
57 -12 -8
57 -12 -14
57 -12 -37
57 -13 -23
57 -14 -1
57 -14 -15
57 -14 -36
57 -14 -42
57 -15 -30
57 -16 -28
57 -16 -29
57 -17 -18
57 -17 -32
57 -18 0
57 -18 -5
57 -19 -20
57 -20 -33
57 -21 -6
57 -22 -12
57 -22 -25
57 -23 -26
57 -23 -40
57 -25 -22
57 -27 -25
57 -27 -34
57 -28 -26
57 -28 -27
57 -28 -30
57 -29 0
57 -29 -1
57 -29 -16
57 -30 -26
57 -31 -5
57 -31 -15
57 -32 -39
57 -33 -1
57 -33 -7
57 -33 -21
57 -33 -23
57 -33 -27
57 -34 -11
57 -34 -17
57 -36 -7
57 -38 -20
57 -39 -9
57 -39 -13
57 -40 -12
57 -40 -19
57 -40 -35
57 -41 -2
57 -41 -16
57 -42 -15
57 -42 -30
57 -42 -34
57 -42 -40
58 0 -6
58 0 -31
58 -1 -42
58 -2 -13
58 -3 -29
58 -4 -11
58 -4 -12
58 -5 -9
58 -7 -23
58 -7 -32
58 -8 -6
58 -8 -14
58 -8 -17
58 -8 -26
58 -9 -19
58 -9 -29
58 -9 -31
58 -10 -4
58 -11 -37
58 -12 -8
58 -12 -14
58 -12 -37
58 -13 -23
58 -14 -1
58 -14 -15
58 -14 -36
58 -14 -42
58 -15 -30
58 -16 -28
58 -16 -29
58 -17 -18
58 -17 -32
58 -18 0
58 -18 -5
58 -19 -20
58 -20 -33
58 -21 -6
58 -22 -12
58 -22 -25
58 -23 -26
58 -23 -40
58 -25 -22
58 -27 -25
58 -27 -34
58 -28 -26
58 -28 -27
58 -28 -30
58 -29 0
58 -29 -1
58 -29 -16
58 -30 -26
58 -31 -5
58 -31 -15
58 -32 -39
58 -33 -1
58 -33 -7
58 -33 -21
58 -33 -23
58 -33 -27
58 -34 -11
58 -34 -17
58 -36 -7
58 -38 -20
58 -39 -9
58 -39 -13
58 -40 -12
58 -40 -19
58 -40 -35
58 -41 -2
58 -41 -16
58 -42 -15
58 -42 -30
58 -42 -34
58 -42 -40
59 0 -6
59 0 -31
59 -1 -42
59 -2 -13
59 -3 -29
59 -4 -11
59 -4 -12
59 -5 -9
59 -7 -23
59 -7 -32
59 -8 -6
59 -8 -14
59 -8 -17
59 -8 -26
59 -9 -19
59 -9 -29
59 -9 -31
59 -10 -4
59 -11 -37
59 -12 -8
59 -12 -14
59 -12 -37
59 -13 -23
59 -14 -1
59 -14 -15
59 -14 -36
59 -14 -42
59 -15 -30
59 -16 -28
59 -16 -29
59 -17 -18
59 -17 -32
59 -18 0
59 -18 -5
59 -19 -20
59 -20 -33
59 -21 -6
59 -22 -12
59 -22 -25
59 -23 -26
59 -23 -40
59 -25 -22
59 -27 -25
59 -27 -34
59 -28 -26
59 -28 -27
59 -28 -30
59 -29 0
59 -29 -1
59 -29 -16
59 -30 -26
59 -31 -5
59 -31 -15
59 -32 -39
59 -33 -1
59 -33 -7
59 -33 -21
59 -33 -23
59 -33 -27
59 -34 -11
59 -34 -17
59 -36 -7
59 -38 -20
59 -39 -9
59 -39 -13
59 -40 -12
59 -40 -19
59 -40 -35
59 -41 -2
59 -41 -16
59 -42 -15
59 -42 -30
59 -42 -34
59 -42 -40
60 0 -6
60 0 -31
60 -1 -42
60 -2 -13
60 -3 -29
60 -4 -11
60 -4 -12
60 -5 -9
60 -7 -23
60 -7 -32
60 -8 -6
60 -8 -14
60 -8 -17
60 -8 -26
60 -9 -19
60 -9 -29
60 -9 -31
60 -10 -4
60 -11 -37
60 -12 -8
60 -12 -14
60 -12 -37
60 -13 -23
60 -14 -1
60 -14 -15
60 -14 -36
60 -14 -42
60 -15 -30
60 -16 -28
60 -16 -29
60 -17 -18
60 -17 -32
60 -18 0
60 -18 -5
60 -19 -20
60 -20 -33
60 -21 -6
60 -22 -12
60 -22 -25
60 -23 -26
60 -23 -40
60 -25 -22
60 -27 -25
60 -27 -34
60 -28 -26
60 -28 -27
60 -28 -30
60 -29 0
60 -29 -1
60 -29 -16
60 -30 -26
60 -31 -5
60 -31 -15
60 -32 -39
60 -33 -1
60 -33 -7
60 -33 -21
60 -33 -23
60 -33 -27
60 -34 -11
60 -34 -17
60 -36 -7
60 -38 -20
60 -39 -9
60 -39 -13
60 -40 -12
60 -40 -19
60 -40 -35
60 -41 -2
60 -41 -16
60 -42 -15
60 -42 -30
60 -42 -34
60 -42 -40
61 0 -6
61 0 -31
61 -1 -42
61 -2 -13
61 -3 -29
61 -4 -11
61 -4 -12
61 -5 -9
61 -7 -23
61 -7 -32
61 -8 -6
61 -8 -14
61 -8 -17
61 -8 -26
61 -9 -19
61 -9 -29
61 -9 -31
61 -10 -4
61 -11 -37
61 -12 -8
61 -12 -14
61 -12 -37
61 -13 -23
61 -14 -1
61 -14 -15
61 -14 -36
61 -14 -42
61 -15 -30
61 -16 -28
61 -16 -29
61 -17 -18
61 -17 -32
61 -18 0
61 -18 -5
61 -19 -20
61 -20 -33
61 -21 -6
61 -22 -12
61 -22 -25
61 -23 -26
61 -23 -40
61 -25 -22
61 -27 -25
61 -27 -34
61 -28 -26
61 -28 -27
61 -28 -30
61 -29 0
61 -29 -1
61 -29 -16
61 -30 -26
61 -31 -5
61 -31 -15
61 -32 -39
61 -33 -1
61 -33 -7
61 -33 -21
61 -33 -23
61 -33 -27
61 -34 -11
61 -34 -17
61 -36 -7
61 -38 -20
61 -39 -9
61 -39 -13
61 -40 -12
61 -40 -19
61 -40 -35
61 -41 -2
61 -41 -16
61 -42 -15
61 -42 -30
61 -42 -34
61 -42 -40
62 0 -6
62 0 -31
62 -1 -42
62 -2 -13
62 -3 -29
62 -4 -11
62 -4 -12
62 -5 -9
62 -7 -23
62 -7 -32
62 -8 -6
62 -8 -14
62 -8 -17
62 -8 -26
62 -9 -19
62 -9 -29
62 -9 -31
62 -10 -4
62 -11 -37
62 -12 -8
62 -12 -14
62 -12 -37
62 -13 -23
62 -14 -1
62 -14 -15
62 -14 -36
62 -14 -42
62 -15 -30
62 -16 -28
62 -16 -29
62 -17 -18
62 -17 -32
62 -18 0
62 -18 -5
62 -19 -20
62 -20 -33
62 -21 -6
62 -22 -12
62 -22 -25
62 -23 -26
62 -23 -40
62 -25 -22
62 -27 -25
62 -27 -34
62 -28 -26
62 -28 -27
62 -28 -30
62 -29 0
62 -29 -1
62 -29 -16
62 -30 -26
62 -31 -5
62 -31 -15
62 -32 -39
62 -33 -1
62 -33 -7
62 -33 -21
62 -33 -23
62 -33 -27
62 -34 -11
62 -34 -17
62 -36 -7
62 -38 -20
62 -39 -9
62 -39 -13
62 -40 -12
62 -40 -19
62 -40 -35
62 -41 -2
62 -41 -16
62 -42 -15
62 -42 -30
62 -42 -34
62 -42 -40
63 0 -6
63 0 -31
63 -1 -42
63 -2 -13
63 -3 -29
63 -4 -11
63 -4 -12
63 -5 -9
63 -7 -23
63 -7 -32
63 -8 -6
63 -8 -14
63 -8 -17
63 -8 -26
63 -9 -19
63 -9 -29
63 -9 -31
63 -10 -4
63 -11 -37
63 -12 -8
63 -12 -14
63 -12 -37
63 -13 -23
63 -14 -1
63 -14 -15
63 -14 -36
63 -14 -42
63 -15 -30
63 -16 -28
63 -16 -29
63 -17 -18
63 -17 -32
63 -18 0
63 -18 -5
63 -19 -20
63 -20 -33
63 -21 -6
63 -22 -12
63 -22 -25
63 -23 -26
63 -23 -40
63 -25 -22
63 -27 -25
63 -27 -34
63 -28 -26
63 -28 -27
63 -28 -30
63 -29 0
63 -29 -1
63 -29 -16
63 -30 -26
63 -31 -5
63 -31 -15
63 -32 -39
63 -33 -1
63 -33 -7
63 -33 -21
63 -33 -23
63 -33 -27
63 -34 -11
63 -34 -17
63 -36 -7
63 -38 -20
63 -39 -9
63 -39 -13
63 -40 -12
63 -40 -19
63 -40 -35
63 -41 -2
63 -41 -16
63 -42 -15
63 -42 -30
63 -42 -34
63 -42 -40
64 0 -6
64 0 -31
64 -1 -42
64 -2 -13
64 -3 -29
64 -4 -11
64 -4 -12
64 -5 -9
64 -7 -23
64 -7 -32
64 -8 -6
64 -8 -14
64 -8 -17
64 -8 -26
64 -9 -19
64 -9 -29
64 -9 -31
64 -10 -4
64 -11 -37
64 -12 -8
64 -12 -14
64 -12 -37
64 -13 -23
64 -14 -1
64 -14 -15
64 -14 -36
64 -14 -42
64 -15 -30
64 -16 -28
64 -16 -29
64 -17 -18
64 -17 -32
64 -18 0
64 -18 -5
64 -19 -20
64 -20 -33
64 -21 -6
64 -22 -12
64 -22 -25
64 -23 -26
64 -23 -40
64 -25 -22
64 -27 -25
64 -27 -34
64 -28 -26
64 -28 -27
64 -28 -30
64 -29 0
64 -29 -1
64 -29 -16
64 -30 -26
64 -31 -5
64 -31 -15
64 -32 -39
64 -33 -1
64 -33 -7
64 -33 -21
64 -33 -23
64 -33 -27
64 -34 -11
64 -34 -17
64 -36 -7
64 -38 -20
64 -39 -9
64 -39 -13
64 -40 -12
64 -40 -19
64 -40 -35
64 -41 -2
64 -41 -16
64 -42 -15
64 -42 -30
64 -42 -34
64 -42 -40
65 0 -6
65 0 -31
65 -1 -42
65 -2 -13
65 -3 -29
65 -4 -11
65 -4 -12
65 -5 -9
65 -7 -23
65 -7 -32
65 -8 -6
65 -8 -14
65 -8 -17
65 -8 -26
65 -9 -19
65 -9 -29
65 -9 -31
65 -10 -4
65 -11 -37
65 -12 -8
65 -12 -14
65 -12 -37
65 -13 -23
65 -14 -1
65 -14 -15
65 -14 -36
65 -14 -42
65 -15 -30
65 -16 -28
65 -16 -29
65 -17 -18
65 -17 -32
65 -18 0
65 -18 -5
65 -19 -20
65 -20 -33
65 -21 -6
65 -22 -12
65 -22 -25
65 -23 -26
65 -23 -40
65 -25 -22
65 -27 -25
65 -27 -34
65 -28 -26
65 -28 -27
65 -28 -30
65 -29 0
65 -29 -1
65 -29 -16
65 -30 -26
65 -31 -5
65 -31 -15
65 -32 -39
65 -33 -1
65 -33 -7
65 -33 -21
65 -33 -23
65 -33 -27
65 -34 -11
65 -34 -17
65 -36 -7
65 -38 -20
65 -39 -9
65 -39 -13
65 -40 -12
65 -40 -19
65 -40 -35
65 -41 -2
65 -41 -16
65 -42 -15
65 -42 -30
65 -42 -34
65 -42 -40
66 0 -6
66 0 -31
66 -1 -42
66 -2 -13
66 -3 -29
66 -4 -11
66 -4 -12
66 -5 -9
66 -7 -23
66 -7 -32
66 -8 -6
66 -8 -14
66 -8 -17
66 -8 -26
66 -9 -19
66 -9 -29
66 -9 -31
66 -10 -4
66 -11 -37
66 -12 -8
66 -12 -14
66 -12 -37
66 -13 -23
66 -14 -1
66 -14 -15
66 -14 -36
66 -14 -42
66 -15 -30
66 -16 -28
66 -16 -29
66 -17 -18
66 -17 -32
66 -18 0
66 -18 -5
66 -19 -20
66 -20 -33
66 -21 -6
66 -22 -12
66 -22 -25
66 -23 -26
66 -23 -40
66 -25 -22
66 -27 -25
66 -27 -34
66 -28 -26
66 -28 -27
66 -28 -30
66 -29 0
66 -29 -1
66 -29 -16
66 -30 -26
66 -31 -5
66 -31 -15
66 -32 -39
66 -33 -1
66 -33 -7
66 -33 -21
66 -33 -23
66 -33 -27
66 -34 -11
66 -34 -17
66 -36 -7
66 -38 -20
66 -39 -9
66 -39 -13
66 -40 -12
66 -40 -19
66 -40 -35
66 -41 -2
66 -41 -16
66 -42 -15
66 -42 -30
66 -42 -34
66 -42 -40
67 0 -6
67 0 -31
67 -1 -42
67 -2 -13
67 -3 -29
67 -4 -11
67 -4 -12
67 -5 -9
67 -7 -23
67 -7 -32
67 -8 -6
67 -8 -14
67 -8 -17
67 -8 -26
67 -9 -19
67 -9 -29
67 -9 -31
67 -10 -4
67 -11 -37
67 -12 -8
67 -12 -14
67 -12 -37
67 -13 -23
67 -14 -1
67 -14 -15
67 -14 -36
67 -14 -42
67 -15 -30
67 -16 -28
67 -16 -29
67 -17 -18
67 -17 -32
67 -18 0
67 -18 -5
67 -19 -20
67 -20 -33
67 -21 -6
67 -22 -12
67 -22 -25
67 -23 -26
67 -23 -40
67 -25 -22
67 -27 -25
67 -27 -34
67 -28 -26
67 -28 -27
67 -28 -30
67 -29 0
67 -29 -1
67 -29 -16
67 -30 -26
67 -31 -5
67 -31 -15
67 -32 -39
67 -33 -1
67 -33 -7
67 -33 -21
67 -33 -23
67 -33 -27
67 -34 -11
67 -34 -17
67 -36 -7
67 -38 -20
67 -39 -9
67 -39 -13
67 -40 -12
67 -40 -19
67 -40 -35
67 -41 -2
67 -41 -16
67 -42 -15
67 -42 -30
67 -42 -34
67 -42 -40
68 0 -6
68 0 -31
68 -1 -42
68 -2 -13
68 -3 -29
68 -4 -11
68 -4 -12
68 -5 -9
68 -7 -23
68 -7 -32
68 -8 -6
68 -8 -14
68 -8 -17
68 -8 -26
68 -9 -19
68 -9 -29
68 -9 -31
68 -10 -4
68 -11 -37
68 -12 -8
68 -12 -14
68 -12 -37
68 -13 -23
68 -14 -1
68 -14 -15
68 -14 -36
68 -14 -42
68 -15 -30
68 -16 -28
68 -16 -29
68 -17 -18
68 -17 -32
68 -18 0
68 -18 -5
68 -19 -20
68 -20 -33
68 -21 -6
68 -22 -12
68 -22 -25
68 -23 -26
68 -23 -40
68 -25 -22
68 -27 -25
68 -27 -34
68 -28 -26
68 -28 -27
68 -28 -30
68 -29 0
68 -29 -1
68 -29 -16
68 -30 -26
68 -31 -5
68 -31 -15
68 -32 -39
68 -33 -1
68 -33 -7
68 -33 -21
68 -33 -23
68 -33 -27
68 -34 -11
68 -34 -17
68 -36 -7
68 -38 -20
68 -39 -9
68 -39 -13
68 -40 -12
68 -40 -19
68 -40 -35
68 -41 -2
68 -41 -16
68 -42 -15
68 -42 -30
68 -42 -34
68 -42 -40
69 0 -6
69 0 -31
69 -1 -42
69 -2 -13
69 -3 -29
69 -4 -11
69 -4 -12
69 -5 -9
69 -7 -23
69 -7 -32
69 -8 -6
69 -8 -14
69 -8 -17
69 -8 -26
69 -9 -19
69 -9 -29
69 -9 -31
69 -10 -4
69 -11 -37
69 -12 -8
69 -12 -14
69 -12 -37
69 -13 -23
69 -14 -1
69 -14 -15
69 -14 -36
69 -14 -42
69 -15 -30
69 -16 -28
69 -16 -29
69 -17 -18
69 -17 -32
69 -18 0
69 -18 -5
69 -19 -20
69 -20 -33
69 -21 -6
69 -22 -12
69 -22 -25
69 -23 -26
69 -23 -40
69 -25 -22
69 -27 -25
69 -27 -34
69 -28 -26
69 -28 -27
69 -28 -30
69 -29 0
69 -29 -1
69 -29 -16
69 -30 -26
69 -31 -5
69 -31 -15
69 -32 -39
69 -33 -1
69 -33 -7
69 -33 -21
69 -33 -23
69 -33 -27
69 -34 -11
69 -34 -17
69 -36 -7
69 -38 -20
69 -39 -9
69 -39 -13
69 -40 -12
69 -40 -19
69 -40 -35
69 -41 -2
69 -41 -16
69 -42 -15
69 -42 -30
69 -42 -34
69 -42 -40
70 0 -6
70 0 -31
70 -1 -42
70 -2 -13
70 -3 -29
70 -4 -11
70 -4 -12
70 -5 -9
70 -7 -23
70 -7 -32
70 -8 -6
70 -8 -14
70 -8 -17
70 -8 -26
70 -9 -19
70 -9 -29
70 -9 -31
70 -10 -4
70 -11 -37
70 -12 -8
70 -12 -14
70 -12 -37
70 -13 -23
70 -14 -1
70 -14 -15
70 -14 -36
70 -14 -42
70 -15 -30
70 -16 -28
70 -16 -29
70 -17 -18
70 -17 -32
70 -18 0
70 -18 -5
70 -19 -20
70 -20 -33
70 -21 -6
70 -22 -12
70 -22 -25
70 -23 -26
70 -23 -40
70 -25 -22
70 -27 -25
70 -27 -34
70 -28 -26
70 -28 -27
70 -28 -30
70 -29 0
70 -29 -1
70 -29 -16
70 -30 -26
70 -31 -5
70 -31 -15
70 -32 -39
70 -33 -1
70 -33 -7
70 -33 -21
70 -33 -23
70 -33 -27
70 -34 -11
70 -34 -17
70 -36 -7
70 -38 -20
70 -39 -9
70 -39 -13
70 -40 -12
70 -40 -19
70 -40 -35
70 -41 -2
70 -41 -16
70 -42 -15
70 -42 -30
70 -42 -34
70 -42 -40
71 0 -6
71 0 -31
71 -1 -42
71 -2 -13
71 -3 -29
71 -4 -11
71 -4 -12
71 -5 -9
71 -7 -23
71 -7 -32
71 -8 -6
71 -8 -14
71 -8 -17
71 -8 -26
71 -9 -19
71 -9 -29
71 -9 -31
71 -10 -4
71 -11 -37
71 -12 -8
71 -12 -14
71 -12 -37
71 -13 -23
71 -14 -1
71 -14 -15
71 -14 -36
71 -14 -42
71 -15 -30
71 -16 -28
71 -16 -29
71 -17 -18
71 -17 -32
71 -18 0
71 -18 -5
71 -19 -20
71 -20 -33
71 -21 -6
71 -22 -12
71 -22 -25
71 -23 -26
71 -23 -40
71 -25 -22
71 -27 -25
71 -27 -34
71 -28 -26
71 -28 -27
71 -28 -30
71 -29 0
71 -29 -1
71 -29 -16
71 -30 -26
71 -31 -5
71 -31 -15
71 -32 -39
71 -33 -1
71 -33 -7
71 -33 -21
71 -33 -23
71 -33 -27
71 -34 -11
71 -34 -17
71 -36 -7
71 -38 -20
71 -39 -9
71 -39 -13
71 -40 -12
71 -40 -19
71 -40 -35
71 -41 -2
71 -41 -16
71 -42 -15
71 -42 -30
71 -42 -34
71 -42 -40
72 0 -6
72 0 -31
72 -1 -42
72 -2 -13
72 -3 -29
72 -4 -11
72 -4 -12
72 -5 -9
72 -7 -23
72 -7 -32
72 -8 -6
72 -8 -14
72 -8 -17
72 -8 -26
72 -9 -19
72 -9 -29
72 -9 -31
72 -10 -4
72 -11 -37
72 -12 -8
72 -12 -14
72 -12 -37
72 -13 -23
72 -14 -1
72 -14 -15
72 -14 -36
72 -14 -42
72 -15 -30
72 -16 -28
72 -16 -29
72 -17 -18
72 -17 -32
72 -18 0
72 -18 -5
72 -19 -20
72 -20 -33
72 -21 -6
72 -22 -12
72 -22 -25
72 -23 -26
72 -23 -40
72 -25 -22
72 -27 -25
72 -27 -34
72 -28 -26
72 -28 -27
72 -28 -30
72 -29 0
72 -29 -1
72 -29 -16
72 -30 -26
72 -31 -5
72 -31 -15
72 -32 -39
72 -33 -1
72 -33 -7
72 -33 -21
72 -33 -23
72 -33 -27
72 -34 -11
72 -34 -17
72 -36 -7
72 -38 -20
72 -39 -9
72 -39 -13
72 -40 -12
72 -40 -19
72 -40 -35
72 -41 -2
72 -41 -16
72 -42 -15
72 -42 -30
72 -42 -34
72 -42 -40
73 0 -6
73 0 -31
73 -1 -42
73 -2 -13
73 -3 -29
73 -4 -11
73 -4 -12
73 -5 -9
73 -7 -23
73 -7 -32
73 -8 -6
73 -8 -14
73 -8 -17
73 -8 -26
73 -9 -19
73 -9 -29
73 -9 -31
73 -10 -4
73 -11 -37
73 -12 -8
73 -12 -14
73 -12 -37
73 -13 -23
73 -14 -1
73 -14 -15
73 -14 -36
73 -14 -42
73 -15 -30
73 -16 -28
73 -16 -29
73 -17 -18
73 -17 -32
73 -18 0
73 -18 -5
73 -19 -20
73 -20 -33
73 -21 -6
73 -22 -12
73 -22 -25
73 -23 -26
73 -23 -40
73 -25 -22
73 -27 -25
73 -27 -34
73 -28 -26
73 -28 -27
73 -28 -30
73 -29 0
73 -29 -1
73 -29 -16
73 -30 -26
73 -31 -5
73 -31 -15
73 -32 -39
73 -33 -1
73 -33 -7
73 -33 -21
73 -33 -23
73 -33 -27
73 -34 -11
73 -34 -17
73 -36 -7
73 -38 -20
73 -39 -9
73 -39 -13
73 -40 -12
73 -40 -19
73 -40 -35
73 -41 -2
73 -41 -16
73 -42 -15
73 -42 -30
73 -42 -34
73 -42 -40
-1 -1 -1
11
0
6
8
10
17
3
5
4
2
18
34
29
9
19
14
13
1
22
36
15
27
33
21
16
26
20
12
32
47
38
7
37
23
31
35
39
30
24
28
41
43
46
65
61
25
44
52
60
58
69
53
50
42
51
59
57
54
56
49
63
70
40
48
64
71
67
68
73
45
55
62
66
72
  0.050442 seconds (149.08 k allocations: 4.838 MiB)
