950 0 0 0 0 0 0 0 0 0 0 0 0
0 0 0 0 0 0 0 0 0 0 0 0 0
0 0 0 0 0 0 0 0 0 0 0 0 0
0 0 0 0 0 0 0 0 0 0 0 0 0
0 0 0 0 0 0 0 0 0 0 0 0 0
0 0 0 0 0 0 0 0 0 0 0 0 0
0 0 0 0 0 0 0 0 0 0 0 0 0
0 0 0 0 0 0 0 0 0 0 0 0 0
0 0 0 0 0 0 0 0 0 0 0 0 0
0 0 0 0 0 0 0 0 0 0 0 0 0
0 0 0 0 0 0 0 0 0 0 0 0 0
0 0 0 0 0 0 0 0 0 0 0 0 0
0 0 0 0 0 0 0 0 0 0 0 0 0
0 0 0
0 0 -5
0 0 -7
0 0 -9
0 0 -11
0 -1 -3
0 -1 -4
0 -1 -5
0 -1 -12
0 -2 0
0 -2 -1
0 -2 -4
0 -2 -5
0 -2 -12
0 -3 0
0 -3 -1
0 -3 -7
0 -3 -8
0 -3 -11
0 -3 -12
0 -4 -4
0 -4 -6
0 -4 -8
0 -4 -9
0 -4 -10
0 -4 -12
0 -5 0
0 -5 -2
0 -5 -5
0 -6 -1
0 -6 -7
0 -6 -8
0 -6 -10
0 -7 0
0 -7 -3
0 -7 -4
0 -7 -5
0 -7 -8
0 -7 -9
0 -7 -11
0 -8 0
0 -8 -1
0 -8 -2
0 -8 -3
0 -8 -6
0 -8 -7
0 -8 -9
0 -8 -11
0 -9 -2
0 -9 -5
0 -9 -8
0 -9 -12
0 -10 -3
0 -10 -4
0 -10 -11
0 -11 0
0 -11 -1
0 -11 -3
0 -11 -7
0 -11 -8
0 -11 -9
0 -11 -12
0 -12 -1
0 -12 -5
0 -12 -6
0 -12 -7
0 -12 -12
1 0 0
1 0 -5
1 0 -7
1 0 -9
1 0 -11
1 -1 -3
1 -1 -4
1 -1 -5
1 -1 -12
1 -2 0
1 -2 -1
1 -2 -4
1 -2 -5
1 -2 -12
1 -3 0
1 -3 -1
1 -3 -7
1 -3 -8
1 -3 -11
1 -3 -12
1 -4 -4
1 -4 -6
1 -4 -8
1 -4 -9
1 -4 -10
1 -4 -12
1 -5 0
1 -5 -2
1 -5 -5
1 -6 -1
1 -6 -7
1 -6 -8
1 -6 -10
1 -7 0
1 -7 -3
1 -7 -4
1 -7 -5
1 -7 -8
1 -7 -9
1 -7 -11
1 -8 0
1 -8 -1
1 -8 -2
1 -8 -3
1 -8 -6
1 -8 -7
1 -8 -9
1 -8 -11
1 -9 -2
1 -9 -5
1 -9 -8
1 -9 -12
1 -10 -3
1 -10 -4
1 -10 -11
1 -11 0
1 -11 -1
1 -11 -3
1 -11 -7
1 -11 -8
1 -11 -9
1 -11 -12
1 -12 -1
1 -12 -5
1 -12 -6
1 -12 -7
1 -12 -12
2 0 0
2 0 -5
2 0 -7
2 0 -9
2 0 -11
2 -1 -3
2 -1 -4
2 -1 -5
2 -1 -12
2 -2 0
2 -2 -1
2 -2 -4
2 -2 -5
2 -2 -12
2 -3 0
2 -3 -1
2 -3 -7
2 -3 -8
2 -3 -11
2 -3 -12
2 -4 -4
2 -4 -6
2 -4 -8
2 -4 -9
2 -4 -10
2 -4 -12
2 -5 0
2 -5 -2
2 -5 -5
2 -6 -1
2 -6 -7
2 -6 -8
2 -6 -10
2 -7 0
2 -7 -3
2 -7 -4
2 -7 -5
2 -7 -8
2 -7 -9
2 -7 -11
2 -8 0
2 -8 -1
2 -8 -2
2 -8 -3
2 -8 -6
2 -8 -7
2 -8 -9
2 -8 -11
2 -9 -2
2 -9 -5
2 -9 -8
2 -9 -12
2 -10 -3
2 -10 -4
2 -10 -11
2 -11 0
2 -11 -1
2 -11 -3
2 -11 -7
2 -11 -8
2 -11 -9
2 -11 -12
2 -12 -1
2 -12 -5
2 -12 -6
2 -12 -7
2 -12 -12
3 0 0
3 0 -5
3 0 -7
3 0 -9
3 0 -11
3 -1 -3
3 -1 -4
3 -1 -5
3 -1 -12
3 -2 0
3 -2 -1
3 -2 -4
3 -2 -5
3 -2 -12
3 -3 0
3 -3 -1
3 -3 -7
3 -3 -8
3 -3 -11
3 -3 -12
3 -4 -4
3 -4 -6
3 -4 -8
3 -4 -9
3 -4 -10
3 -4 -12
3 -5 0
3 -5 -2
3 -5 -5
3 -6 -1
3 -6 -7
3 -6 -8
3 -6 -10
3 -7 0
3 -7 -3
3 -7 -4
3 -7 -5
3 -7 -8
3 -7 -9
3 -7 -11
3 -8 0
3 -8 -1
3 -8 -2
3 -8 -3
3 -8 -6
3 -8 -7
3 -8 -9
3 -8 -11
3 -9 -2
3 -9 -5
3 -9 -8
3 -9 -12
3 -10 -3
3 -10 -4
3 -10 -11
3 -11 0
3 -11 -1
3 -11 -3
3 -11 -7
3 -11 -8
3 -11 -9
3 -11 -12
3 -12 -1
3 -12 -5
3 -12 -6
3 -12 -7
3 -12 -12
4 0 0
4 0 -5
4 0 -7
4 0 -9
4 0 -11
4 -1 -3
4 -1 -4
4 -1 -5
4 -1 -12
4 -2 0
4 -2 -1
4 -2 -4
4 -2 -5
4 -2 -12
4 -3 0
4 -3 -1
4 -3 -7
4 -3 -8
4 -3 -11
4 -3 -12
4 -4 -4
4 -4 -6
4 -4 -8
4 -4 -9
4 -4 -10
4 -4 -12
4 -5 0
4 -5 -2
4 -5 -5
4 -6 -1
4 -6 -7
4 -6 -8
4 -6 -10
4 -7 0
4 -7 -3
4 -7 -4
4 -7 -5
4 -7 -8
4 -7 -9
4 -7 -11
4 -8 0
4 -8 -1
4 -8 -2
4 -8 -3
4 -8 -6
4 -8 -7
4 -8 -9
4 -8 -11
4 -9 -2
4 -9 -5
4 -9 -8
4 -9 -12
4 -10 -3
4 -10 -4
4 -10 -11
4 -11 0
4 -11 -1
4 -11 -3
4 -11 -7
4 -11 -8
4 -11 -9
4 -11 -12
4 -12 -1
4 -12 -5
4 -12 -6
4 -12 -7
4 -12 -12
5 0 0
5 0 -5
5 0 -7
5 0 -9
5 0 -11
5 -1 -3
5 -1 -4
5 -1 -5
5 -1 -12
5 -2 0
5 -2 -1
5 -2 -4
5 -2 -5
5 -2 -12
5 -3 0
5 -3 -1
5 -3 -7
5 -3 -8
5 -3 -11
5 -3 -12
5 -4 -4
5 -4 -6
5 -4 -8
5 -4 -9
5 -4 -10
5 -4 -12
5 -5 0
5 -5 -2
5 -5 -5
5 -6 -1
5 -6 -7
5 -6 -8
5 -6 -10
5 -7 0
5 -7 -3
5 -7 -4
5 -7 -5
5 -7 -8
5 -7 -9
5 -7 -11
5 -8 0
5 -8 -1
5 -8 -2
5 -8 -3
5 -8 -6
5 -8 -7
5 -8 -9
5 -8 -11
5 -9 -2
5 -9 -5
5 -9 -8
5 -9 -12
5 -10 -3
5 -10 -4
5 -10 -11
5 -11 0
5 -11 -1
5 -11 -3
5 -11 -7
5 -11 -8
5 -11 -9
5 -11 -12
5 -12 -1
5 -12 -5
5 -12 -6
5 -12 -7
5 -12 -12
6 0 0
6 0 -5
6 0 -7
6 0 -9
6 0 -11
6 -1 -3
6 -1 -4
6 -1 -5
6 -1 -12
6 -2 0
6 -2 -1
6 -2 -4
6 -2 -5
6 -2 -12
6 -3 0
6 -3 -1
6 -3 -7
6 -3 -8
6 -3 -11
6 -3 -12
6 -4 -4
6 -4 -6
6 -4 -8
6 -4 -9
6 -4 -10
6 -4 -12
6 -5 0
6 -5 -2
6 -5 -5
6 -6 -1
6 -6 -7
6 -6 -8
6 -6 -10
6 -7 0
6 -7 -3
6 -7 -4
6 -7 -5
6 -7 -8
6 -7 -9
6 -7 -11
6 -8 0
6 -8 -1
6 -8 -2
6 -8 -3
6 -8 -6
6 -8 -7
6 -8 -9
6 -8 -11
6 -9 -2
6 -9 -5
6 -9 -8
6 -9 -12
6 -10 -3
6 -10 -4
6 -10 -11
6 -11 0
6 -11 -1
6 -11 -3
6 -11 -7
6 -11 -8
6 -11 -9
6 -11 -12
6 -12 -1
6 -12 -5
6 -12 -6
6 -12 -7
6 -12 -12
7 0 0
7 0 -5
7 0 -7
7 0 -9
7 0 -11
7 -1 -3
7 -1 -4
7 -1 -5
7 -1 -12
7 -2 0
7 -2 -1
7 -2 -4
7 -2 -5
7 -2 -12
7 -3 0
7 -3 -1
7 -3 -7
7 -3 -8
7 -3 -11
7 -3 -12
7 -4 -4
7 -4 -6
7 -4 -8
7 -4 -9
7 -4 -10
7 -4 -12
7 -5 0
7 -5 -2
7 -5 -5
7 -6 -1
7 -6 -7
7 -6 -8
7 -6 -10
7 -7 0
7 -7 -3
7 -7 -4
7 -7 -5
7 -7 -8
7 -7 -9
7 -7 -11
7 -8 0
7 -8 -1
7 -8 -2
7 -8 -3
7 -8 -6
7 -8 -7
7 -8 -9
7 -8 -11
7 -9 -2
7 -9 -5
7 -9 -8
7 -9 -12
7 -10 -3
7 -10 -4
7 -10 -11
7 -11 0
7 -11 -1
7 -11 -3
7 -11 -7
7 -11 -8
7 -11 -9
7 -11 -12
7 -12 -1
7 -12 -5
7 -12 -6
7 -12 -7
7 -12 -12
8 0 0
8 0 -5
8 0 -7
8 0 -9
8 0 -11
8 -1 -3
8 -1 -4
8 -1 -5
8 -1 -12
8 -2 0
8 -2 -1
8 -2 -4
8 -2 -5
8 -2 -12
8 -3 0
8 -3 -1
8 -3 -7
8 -3 -8
8 -3 -11
8 -3 -12
8 -4 -4
8 -4 -6
8 -4 -8
8 -4 -9
8 -4 -10
8 -4 -12
8 -5 0
8 -5 -2
8 -5 -5
8 -6 -1
8 -6 -7
8 -6 -8
8 -6 -10
8 -7 0
8 -7 -3
8 -7 -4
8 -7 -5
8 -7 -8
8 -7 -9
8 -7 -11
8 -8 0
8 -8 -1
8 -8 -2
8 -8 -3
8 -8 -6
8 -8 -7
8 -8 -9
8 -8 -11
8 -9 -2
8 -9 -5
8 -9 -8
8 -9 -12
8 -10 -3
8 -10 -4
8 -10 -11
8 -11 0
8 -11 -1
8 -11 -3
8 -11 -7
8 -11 -8
8 -11 -9
8 -11 -12
8 -12 -1
8 -12 -5
8 -12 -6
8 -12 -7
8 -12 -12
9 0 0
9 0 -5
9 0 -7
9 0 -9
9 0 -11
9 -1 -3
9 -1 -4
9 -1 -5
9 -1 -12
9 -2 0
9 -2 -1
9 -2 -4
9 -2 -5
9 -2 -12
9 -3 0
9 -3 -1
9 -3 -7
9 -3 -8
9 -3 -11
9 -3 -12
9 -4 -4
9 -4 -6
9 -4 -8
9 -4 -9
9 -4 -10
9 -4 -12
9 -5 0
9 -5 -2
9 -5 -5
9 -6 -1
9 -6 -7
9 -6 -8
9 -6 -10
9 -7 0
9 -7 -3
9 -7 -4
9 -7 -5
9 -7 -8
9 -7 -9
9 -7 -11
9 -8 0
9 -8 -1
9 -8 -2
9 -8 -3
9 -8 -6
9 -8 -7
9 -8 -9
9 -8 -11
9 -9 -2
9 -9 -5
9 -9 -8
9 -9 -12
9 -10 -3
9 -10 -4
9 -10 -11
9 -11 0
9 -11 -1
9 -11 -3
9 -11 -7
9 -11 -8
9 -11 -9
9 -11 -12
9 -12 -1
9 -12 -5
9 -12 -6
9 -12 -7
9 -12 -12
10 0 0
10 0 -5
10 0 -7
10 0 -9
10 0 -11
10 -1 -3
10 -1 -4
10 -1 -5
10 -1 -12
10 -2 0
10 -2 -1
10 -2 -4
10 -2 -5
10 -2 -12
10 -3 0
10 -3 -1
10 -3 -7
10 -3 -8
10 -3 -11
10 -3 -12
10 -4 -4
10 -4 -6
10 -4 -8
10 -4 -9
10 -4 -10
10 -4 -12
10 -5 0
10 -5 -2
10 -5 -5
10 -6 -1
10 -6 -7
10 -6 -8
10 -6 -10
10 -7 0
10 -7 -3
10 -7 -4
10 -7 -5
10 -7 -8
10 -7 -9
10 -7 -11
10 -8 0
10 -8 -1
10 -8 -2
10 -8 -3
10 -8 -6
10 -8 -7
10 -8 -9
10 -8 -11
10 -9 -2
10 -9 -5
10 -9 -8
10 -9 -12
10 -10 -3
10 -10 -4
10 -10 -11
10 -11 0
10 -11 -1
10 -11 -3
10 -11 -7
10 -11 -8
10 -11 -9
10 -11 -12
10 -12 -1
10 -12 -5
10 -12 -6
10 -12 -7
10 -12 -12
11 0 0
11 0 -5
11 0 -7
11 0 -9
11 0 -11
11 -1 -3
11 -1 -4
11 -1 -5
11 -1 -12
11 -2 0
11 -2 -1
11 -2 -4
11 -2 -5
11 -2 -12
11 -3 0
11 -3 -1
11 -3 -7
11 -3 -8
11 -3 -11
11 -3 -12
11 -4 -4
11 -4 -6
11 -4 -8
11 -4 -9
11 -4 -10
11 -4 -12
11 -5 0
11 -5 -2
11 -5 -5
11 -6 -1
11 -6 -7
11 -6 -8
11 -6 -10
11 -7 0
11 -7 -3
11 -7 -4
11 -7 -5
11 -7 -8
11 -7 -9
11 -7 -11
11 -8 0
11 -8 -1
11 -8 -2
11 -8 -3
11 -8 -6
11 -8 -7
11 -8 -9
11 -8 -11
11 -9 -2
11 -9 -5
11 -9 -8
11 -9 -12
11 -10 -3
11 -10 -4
11 -10 -11
11 -11 0
11 -11 -1
11 -11 -3
11 -11 -7
11 -11 -8
11 -11 -9
11 -11 -12
11 -12 -1
11 -12 -5
11 -12 -6
11 -12 -7
11 -12 -12
12 0 0
12 0 -5
12 0 -7
12 0 -9
12 0 -11
12 -1 -3
12 -1 -4
12 -1 -5
12 -1 -12
12 -2 0
12 -2 -1
12 -2 -4
12 -2 -5
12 -2 -12
12 -3 0
12 -3 -1
12 -3 -7
12 -3 -8
12 -3 -11
12 -3 -12
12 -4 -4
12 -4 -6
12 -4 -8
12 -4 -9
12 -4 -10
12 -4 -12
12 -5 0
12 -5 -2
12 -5 -5
12 -6 -1
12 -6 -7
12 -6 -8
12 -6 -10
12 -7 0
12 -7 -3
12 -7 -4
12 -7 -5
12 -7 -8
12 -7 -9
12 -7 -11
12 -8 0
12 -8 -1
12 -8 -2
12 -8 -3
12 -8 -6
12 -8 -7
12 -8 -9
12 -8 -11
12 -9 -2
12 -9 -5
12 -9 -8
12 -9 -12
12 -10 -3
12 -10 -4
12 -10 -11
12 -11 0
12 -11 -1
12 -11 -3
12 -11 -7
12 -11 -8
12 -11 -9
12 -11 -12
12 -12 -1
12 -12 -5
12 -12 -6
12 -12 -7
12 -12 -12
13 0 0
13 0 -5
13 0 -7
13 0 -9
13 0 -11
13 -1 -3
13 -1 -4
13 -1 -5
13 -1 -12
13 -2 0
13 -2 -1
13 -2 -4
13 -2 -5
13 -2 -12
13 -3 0
13 -3 -1
13 -3 -7
13 -3 -8
13 -3 -11
13 -3 -12
13 -4 -4
13 -4 -6
13 -4 -8
13 -4 -9
13 -4 -10
13 -4 -12
13 -5 0
13 -5 -2
13 -5 -5
13 -6 -1
13 -6 -7
13 -6 -8
13 -6 -10
13 -7 0
13 -7 -3
13 -7 -4
13 -7 -5
13 -7 -8
13 -7 -9
13 -7 -11
13 -8 0
13 -8 -1
13 -8 -2
13 -8 -3
13 -8 -6
13 -8 -7
13 -8 -9
13 -8 -11
13 -9 -2
13 -9 -5
13 -9 -8
13 -9 -12
13 -10 -3
13 -10 -4
13 -10 -11
13 -11 0
13 -11 -1
13 -11 -3
13 -11 -7
13 -11 -8
13 -11 -9
13 -11 -12
13 -12 -1
13 -12 -5
13 -12 -6
13 -12 -7
13 -12 -12
14 0 0
14 0 -5
14 0 -7
14 0 -9
14 0 -11
14 -1 -3
14 -1 -4
14 -1 -5
14 -1 -12
14 -2 0
14 -2 -1
14 -2 -4
14 -2 -5
14 -2 -12
14 -3 0
14 -3 -1
14 -3 -7
14 -3 -8
14 -3 -11
14 -3 -12
14 -4 -4
14 -4 -6
14 -4 -8
14 -4 -9
14 -4 -10
14 -4 -12
14 -5 0
14 -5 -2
14 -5 -5
14 -6 -1
14 -6 -7
14 -6 -8
14 -6 -10
14 -7 0
14 -7 -3
14 -7 -4
14 -7 -5
14 -7 -8
14 -7 -9
14 -7 -11
14 -8 0
14 -8 -1
14 -8 -2
14 -8 -3
14 -8 -6
14 -8 -7
14 -8 -9
14 -8 -11
14 -9 -2
14 -9 -5
14 -9 -8
14 -9 -12
14 -10 -3
14 -10 -4
14 -10 -11
14 -11 0
14 -11 -1
14 -11 -3
14 -11 -7
14 -11 -8
14 -11 -9
14 -11 -12
14 -12 -1
14 -12 -5
14 -12 -6
14 -12 -7
14 -12 -12
15 0 0
15 0 -5
15 0 -7
15 0 -9
15 0 -11
15 -1 -3
15 -1 -4
15 -1 -5
15 -1 -12
15 -2 0
15 -2 -1
15 -2 -4
15 -2 -5
15 -2 -12
15 -3 0
15 -3 -1
15 -3 -7
15 -3 -8
15 -3 -11
15 -3 -12
15 -4 -4
15 -4 -6
15 -4 -8
15 -4 -9
15 -4 -10
15 -4 -12
15 -5 0
15 -5 -2
15 -5 -5
15 -6 -1
15 -6 -7
15 -6 -8
15 -6 -10
15 -7 0
15 -7 -3
15 -7 -4
15 -7 -5
15 -7 -8
15 -7 -9
15 -7 -11
15 -8 0
15 -8 -1
15 -8 -2
15 -8 -3
15 -8 -6
15 -8 -7
15 -8 -9
15 -8 -11
15 -9 -2
15 -9 -5
15 -9 -8
15 -9 -12
15 -10 -3
15 -10 -4
15 -10 -11
15 -11 0
15 -11 -1
15 -11 -3
15 -11 -7
15 -11 -8
15 -11 -9
15 -11 -12
15 -12 -1
15 -12 -5
15 -12 -6
15 -12 -7
15 -12 -12
16 0 0
16 0 -5
16 0 -7
16 0 -9
16 0 -11
16 -1 -3
16 -1 -4
16 -1 -5
16 -1 -12
16 -2 0
16 -2 -1
16 -2 -4
16 -2 -5
16 -2 -12
16 -3 0
16 -3 -1
16 -3 -7
16 -3 -8
16 -3 -11
16 -3 -12
16 -4 -4
16 -4 -6
16 -4 -8
16 -4 -9
16 -4 -10
16 -4 -12
16 -5 0
16 -5 -2
16 -5 -5
16 -6 -1
16 -6 -7
16 -6 -8
16 -6 -10
16 -7 0
16 -7 -3
16 -7 -4
16 -7 -5
16 -7 -8
16 -7 -9
16 -7 -11
16 -8 0
16 -8 -1
16 -8 -2
16 -8 -3
16 -8 -6
16 -8 -7
16 -8 -9
16 -8 -11
16 -9 -2
16 -9 -5
16 -9 -8
16 -9 -12
16 -10 -3
16 -10 -4
16 -10 -11
16 -11 0
16 -11 -1
16 -11 -3
16 -11 -7
16 -11 -8
16 -11 -9
16 -11 -12
16 -12 -1
16 -12 -5
16 -12 -6
16 -12 -7
16 -12 -12
17 0 0
17 0 -5
17 0 -7
17 0 -9
17 0 -11
17 -1 -3
17 -1 -4
17 -1 -5
17 -1 -12
17 -2 0
17 -2 -1
17 -2 -4
17 -2 -5
17 -2 -12
17 -3 0
17 -3 -1
17 -3 -7
17 -3 -8
17 -3 -11
17 -3 -12
17 -4 -4
17 -4 -6
17 -4 -8
17 -4 -9
17 -4 -10
17 -4 -12
17 -5 0
17 -5 -2
17 -5 -5
17 -6 -1
17 -6 -7
17 -6 -8
17 -6 -10
17 -7 0
17 -7 -3
17 -7 -4
17 -7 -5
17 -7 -8
17 -7 -9
17 -7 -11
17 -8 0
17 -8 -1
17 -8 -2
17 -8 -3
17 -8 -6
17 -8 -7
17 -8 -9
17 -8 -11
17 -9 -2
17 -9 -5
17 -9 -8
17 -9 -12
17 -10 -3
17 -10 -4
17 -10 -11
17 -11 0
17 -11 -1
17 -11 -3
17 -11 -7
17 -11 -8
17 -11 -9
17 -11 -12
17 -12 -1
17 -12 -5
17 -12 -6
17 -12 -7
17 -12 -12
18 0 0
18 0 -5
18 0 -7
18 0 -9
18 0 -11
18 -1 -3
18 -1 -4
18 -1 -5
18 -1 -12
18 -2 0
18 -2 -1
18 -2 -4
18 -2 -5
18 -2 -12
18 -3 0
18 -3 -1
18 -3 -7
18 -3 -8
18 -3 -11
18 -3 -12
18 -4 -4
18 -4 -6
18 -4 -8
18 -4 -9
18 -4 -10
18 -4 -12
18 -5 0
18 -5 -2
18 -5 -5
18 -6 -1
18 -6 -7
18 -6 -8
18 -6 -10
18 -7 0
18 -7 -3
18 -7 -4
18 -7 -5
18 -7 -8
18 -7 -9
18 -7 -11
18 -8 0
18 -8 -1
18 -8 -2
18 -8 -3
18 -8 -6
18 -8 -7
18 -8 -9
18 -8 -11
18 -9 -2
18 -9 -5
18 -9 -8
18 -9 -12
18 -10 -3
18 -10 -4
18 -10 -11
18 -11 0
18 -11 -1
18 -11 -3
18 -11 -7
18 -11 -8
18 -11 -9
18 -11 -12
18 -12 -1
18 -12 -5
18 -12 -6
18 -12 -7
18 -12 -12
19 0 0
19 0 -5
19 0 -7
19 0 -9
19 0 -11
19 -1 -3
19 -1 -4
19 -1 -5
19 -1 -12
19 -2 0
19 -2 -1
19 -2 -4
19 -2 -5
19 -2 -12
19 -3 0
19 -3 -1
19 -3 -7
19 -3 -8
19 -3 -11
19 -3 -12
19 -4 -4
19 -4 -6
19 -4 -8
19 -4 -9
19 -4 -10
19 -4 -12
19 -5 0
19 -5 -2
19 -5 -5
19 -6 -1
19 -6 -7
19 -6 -8
19 -6 -10
19 -7 0
19 -7 -3
19 -7 -4
19 -7 -5
19 -7 -8
19 -7 -9
19 -7 -11
19 -8 0
19 -8 -1
19 -8 -2
19 -8 -3
19 -8 -6
19 -8 -7
19 -8 -9
19 -8 -11
19 -9 -2
19 -9 -5
19 -9 -8
19 -9 -12
19 -10 -3
19 -10 -4
19 -10 -11
19 -11 0
19 -11 -1
19 -11 -3
19 -11 -7
19 -11 -8
19 -11 -9
19 -11 -12
19 -12 -1
19 -12 -5
19 -12 -6
19 -12 -7
19 -12 -12
20 0 0
20 0 -5
20 0 -7
20 0 -9
20 0 -11
20 -1 -3
20 -1 -4
20 -1 -5
20 -1 -12
20 -2 0
20 -2 -1
20 -2 -4
20 -2 -5
20 -2 -12
20 -3 0
20 -3 -1
20 -3 -7
20 -3 -8
20 -3 -11
20 -3 -12
20 -4 -4
20 -4 -6
20 -4 -8
20 -4 -9
20 -4 -10
20 -4 -12
20 -5 0
20 -5 -2
20 -5 -5
20 -6 -1
20 -6 -7
20 -6 -8
20 -6 -10
20 -7 0
20 -7 -3
20 -7 -4
20 -7 -5
20 -7 -8
20 -7 -9
20 -7 -11
20 -8 0
20 -8 -1
20 -8 -2
20 -8 -3
20 -8 -6
20 -8 -7
20 -8 -9
20 -8 -11
20 -9 -2
20 -9 -5
20 -9 -8
20 -9 -12
20 -10 -3
20 -10 -4
20 -10 -11
20 -11 0
20 -11 -1
20 -11 -3
20 -11 -7
20 -11 -8
20 -11 -9
20 -11 -12
20 -12 -1
20 -12 -5
20 -12 -6
20 -12 -7
20 -12 -12
21 0 0
21 0 -5
21 0 -7
21 0 -9
21 0 -11
21 -1 -3
21 -1 -4
21 -1 -5
21 -1 -12
21 -2 0
21 -2 -1
21 -2 -4
21 -2 -5
21 -2 -12
21 -3 0
21 -3 -1
21 -3 -7
21 -3 -8
21 -3 -11
21 -3 -12
21 -4 -4
21 -4 -6
21 -4 -8
21 -4 -9
21 -4 -10
21 -4 -12
21 -5 0
21 -5 -2
21 -5 -5
21 -6 -1
21 -6 -7
21 -6 -8
21 -6 -10
21 -7 0
21 -7 -3
21 -7 -4
21 -7 -5
21 -7 -8
21 -7 -9
21 -7 -11
21 -8 0
21 -8 -1
21 -8 -2
21 -8 -3
21 -8 -6
21 -8 -7
21 -8 -9
21 -8 -11
21 -9 -2
21 -9 -5
21 -9 -8
21 -9 -12
21 -10 -3
21 -10 -4
21 -10 -11
21 -11 0
21 -11 -1
21 -11 -3
21 -11 -7
21 -11 -8
21 -11 -9
21 -11 -12
21 -12 -1
21 -12 -5
21 -12 -6
21 -12 -7
21 -12 -12
22 0 0
22 0 -5
22 0 -7
22 0 -9
22 0 -11
22 -1 -3
22 -1 -4
22 -1 -5
22 -1 -12
22 -2 0
22 -2 -1
22 -2 -4
22 -2 -5
22 -2 -12
22 -3 0
22 -3 -1
22 -3 -7
22 -3 -8
22 -3 -11
22 -3 -12
22 -4 -4
22 -4 -6
22 -4 -8
22 -4 -9
22 -4 -10
22 -4 -12
22 -5 0
22 -5 -2
22 -5 -5
22 -6 -1
22 -6 -7
22 -6 -8
22 -6 -10
22 -7 0
22 -7 -3
22 -7 -4
22 -7 -5
22 -7 -8
22 -7 -9
22 -7 -11
22 -8 0
22 -8 -1
22 -8 -2
22 -8 -3
22 -8 -6
22 -8 -7
22 -8 -9
22 -8 -11
22 -9 -2
22 -9 -5
22 -9 -8
22 -9 -12
22 -10 -3
22 -10 -4
22 -10 -11
22 -11 0
22 -11 -1
22 -11 -3
22 -11 -7
22 -11 -8
22 -11 -9
22 -11 -12
22 -12 -1
22 -12 -5
22 -12 -6
22 -12 -7
22 -12 -12
23 0 0
23 0 -5
23 0 -7
23 0 -9
23 0 -11
23 -1 -3
23 -1 -4
23 -1 -5
23 -1 -12
23 -2 0
23 -2 -1
23 -2 -4
23 -2 -5
23 -2 -12
23 -3 0
23 -3 -1
23 -3 -7
23 -3 -8
23 -3 -11
23 -3 -12
23 -4 -4
23 -4 -6
23 -4 -8
23 -4 -9
23 -4 -10
23 -4 -12
23 -5 0
23 -5 -2
23 -5 -5
23 -6 -1
23 -6 -7
23 -6 -8
23 -6 -10
23 -7 0
23 -7 -3
23 -7 -4
23 -7 -5
23 -7 -8
23 -7 -9
23 -7 -11
23 -8 0
23 -8 -1
23 -8 -2
23 -8 -3
23 -8 -6
23 -8 -7
23 -8 -9
23 -8 -11
23 -9 -2
23 -9 -5
23 -9 -8
23 -9 -12
23 -10 -3
23 -10 -4
23 -10 -11
23 -11 0
23 -11 -1
23 -11 -3
23 -11 -7
23 -11 -8
23 -11 -9
23 -11 -12
23 -12 -1
23 -12 -5
23 -12 -6
23 -12 -7
23 -12 -12
24 0 0
24 0 -5
24 0 -7
24 0 -9
24 0 -11
24 -1 -3
24 -1 -4
24 -1 -5
24 -1 -12
24 -2 0
24 -2 -1
24 -2 -4
24 -2 -5
24 -2 -12
24 -3 0
24 -3 -1
24 -3 -7
24 -3 -8
24 -3 -11
24 -3 -12
24 -4 -4
24 -4 -6
24 -4 -8
24 -4 -9
24 -4 -10
24 -4 -12
24 -5 0
24 -5 -2
24 -5 -5
24 -6 -1
24 -6 -7
24 -6 -8
24 -6 -10
24 -7 0
24 -7 -3
24 -7 -4
24 -7 -5
24 -7 -8
24 -7 -9
24 -7 -11
24 -8 0
24 -8 -1
24 -8 -2
24 -8 -3
24 -8 -6
24 -8 -7
24 -8 -9
24 -8 -11
24 -9 -2
24 -9 -5
24 -9 -8
24 -9 -12
24 -10 -3
24 -10 -4
24 -10 -11
24 -11 0
24 -11 -1
24 -11 -3
24 -11 -7
24 -11 -8
24 -11 -9
24 -11 -12
24 -12 -1
24 -12 -5
24 -12 -6
24 -12 -7
24 -12 -12
25 0 0
25 0 -5
25 0 -7
25 0 -9
25 0 -11
25 -1 -3
25 -1 -4
25 -1 -5
25 -1 -12
25 -2 0
25 -2 -1
25 -2 -4
25 -2 -5
25 -2 -12
25 -3 0
25 -3 -1
25 -3 -7
25 -3 -8
25 -3 -11
25 -3 -12
25 -4 -4
25 -4 -6
25 -4 -8
25 -4 -9
25 -4 -10
25 -4 -12
25 -5 0
25 -5 -2
25 -5 -5
25 -6 -1
25 -6 -7
25 -6 -8
25 -6 -10
25 -7 0
25 -7 -3
25 -7 -4
25 -7 -5
25 -7 -8
25 -7 -9
25 -7 -11
25 -8 0
25 -8 -1
25 -8 -2
25 -8 -3
25 -8 -6
25 -8 -7
25 -8 -9
25 -8 -11
25 -9 -2
25 -9 -5
25 -9 -8
25 -9 -12
25 -10 -3
25 -10 -4
25 -10 -11
25 -11 0
25 -11 -1
25 -11 -3
25 -11 -7
25 -11 -8
25 -11 -9
25 -11 -12
25 -12 -1
25 -12 -5
25 -12 -6
25 -12 -7
25 -12 -12
26 0 0
26 0 -5
26 0 -7
26 0 -9
26 0 -11
26 -1 -3
26 -1 -4
26 -1 -5
26 -1 -12
26 -2 0
26 -2 -1
26 -2 -4
26 -2 -5
26 -2 -12
26 -3 0
26 -3 -1
26 -3 -7
26 -3 -8
26 -3 -11
26 -3 -12
26 -4 -4
26 -4 -6
26 -4 -8
26 -4 -9
26 -4 -10
26 -4 -12
26 -5 0
26 -5 -2
26 -5 -5
26 -6 -1
26 -6 -7
26 -6 -8
26 -6 -10
26 -7 0
26 -7 -3
26 -7 -4
26 -7 -5
26 -7 -8
26 -7 -9
26 -7 -11
26 -8 0
26 -8 -1
26 -8 -2
26 -8 -3
26 -8 -6
26 -8 -7
26 -8 -9
26 -8 -11
26 -9 -2
26 -9 -5
26 -9 -8
26 -9 -12
26 -10 -3
26 -10 -4
26 -10 -11
26 -11 0
26 -11 -1
26 -11 -3
26 -11 -7
26 -11 -8
26 -11 -9
26 -11 -12
26 -12 -1
26 -12 -5
26 -12 -6
26 -12 -7
26 -12 -12
27 0 0
27 0 -5
27 0 -7
27 0 -9
27 0 -11
27 -1 -3
27 -1 -4
27 -1 -5
27 -1 -12
27 -2 0
27 -2 -1
27 -2 -4
27 -2 -5
27 -2 -12
27 -3 0
27 -3 -1
27 -3 -7
27 -3 -8
27 -3 -11
27 -3 -12
27 -4 -4
27 -4 -6
27 -4 -8
27 -4 -9
27 -4 -10
27 -4 -12
27 -5 0
27 -5 -2
27 -5 -5
27 -6 -1
27 -6 -7
27 -6 -8
27 -6 -10
27 -7 0
27 -7 -3
27 -7 -4
27 -7 -5
27 -7 -8
27 -7 -9
27 -7 -11
27 -8 0
27 -8 -1
27 -8 -2
27 -8 -3
27 -8 -6
27 -8 -7
27 -8 -9
27 -8 -11
27 -9 -2
27 -9 -5
27 -9 -8
27 -9 -12
27 -10 -3
27 -10 -4
27 -10 -11
27 -11 0
27 -11 -1
27 -11 -3
27 -11 -7
27 -11 -8
27 -11 -9
27 -11 -12
27 -12 -1
27 -12 -5
27 -12 -6
27 -12 -7
27 -12 -12
28 0 0
28 0 -5
28 0 -7
28 0 -9
28 0 -11
28 -1 -3
28 -1 -4
28 -1 -5
28 -1 -12
28 -2 0
28 -2 -1
28 -2 -4
28 -2 -5
28 -2 -12
28 -3 0
28 -3 -1
28 -3 -7
28 -3 -8
28 -3 -11
28 -3 -12
28 -4 -4
28 -4 -6
28 -4 -8
28 -4 -9
28 -4 -10
28 -4 -12
28 -5 0
28 -5 -2
28 -5 -5
28 -6 -1
28 -6 -7
28 -6 -8
28 -6 -10
28 -7 0
28 -7 -3
28 -7 -4
28 -7 -5
28 -7 -8
28 -7 -9
28 -7 -11
28 -8 0
28 -8 -1
28 -8 -2
28 -8 -3
28 -8 -6
28 -8 -7
28 -8 -9
28 -8 -11
28 -9 -2
28 -9 -5
28 -9 -8
28 -9 -12
28 -10 -3
28 -10 -4
28 -10 -11
28 -11 0
28 -11 -1
28 -11 -3
28 -11 -7
28 -11 -8
28 -11 -9
28 -11 -12
28 -12 -1
28 -12 -5
28 -12 -6
28 -12 -7
28 -12 -12
29 0 0
29 0 -5
29 0 -7
29 0 -9
29 0 -11
29 -1 -3
29 -1 -4
29 -1 -5
29 -1 -12
29 -2 0
29 -2 -1
29 -2 -4
29 -2 -5
29 -2 -12
29 -3 0
29 -3 -1
29 -3 -7
29 -3 -8
29 -3 -11
29 -3 -12
29 -4 -4
29 -4 -6
29 -4 -8
29 -4 -9
29 -4 -10
29 -4 -12
29 -5 0
29 -5 -2
29 -5 -5
29 -6 -1
29 -6 -7
29 -6 -8
29 -6 -10
29 -7 0
29 -7 -3
29 -7 -4
29 -7 -5
29 -7 -8
29 -7 -9
29 -7 -11
29 -8 0
29 -8 -1
29 -8 -2
29 -8 -3
29 -8 -6
29 -8 -7
29 -8 -9
29 -8 -11
29 -9 -2
29 -9 -5
29 -9 -8
29 -9 -12
29 -10 -3
29 -10 -4
29 -10 -11
29 -11 0
29 -11 -1
29 -11 -3
29 -11 -7
29 -11 -8
29 -11 -9
29 -11 -12
29 -12 -1
29 -12 -5
29 -12 -6
29 -12 -7
29 -12 -12
30 0 0
30 0 -5
30 0 -7
30 0 -9
30 0 -11
30 -1 -3
30 -1 -4
30 -1 -5
30 -1 -12
30 -2 0
30 -2 -1
30 -2 -4
30 -2 -5
30 -2 -12
30 -3 0
30 -3 -1
30 -3 -7
30 -3 -8
30 -3 -11
30 -3 -12
30 -4 -4
30 -4 -6
30 -4 -8
30 -4 -9
30 -4 -10
30 -4 -12
30 -5 0
30 -5 -2
30 -5 -5
30 -6 -1
30 -6 -7
30 -6 -8
30 -6 -10
30 -7 0
30 -7 -3
30 -7 -4
30 -7 -5
30 -7 -8
30 -7 -9
30 -7 -11
30 -8 0
30 -8 -1
30 -8 -2
30 -8 -3
30 -8 -6
30 -8 -7
30 -8 -9
30 -8 -11
30 -9 -2
30 -9 -5
30 -9 -8
30 -9 -12
30 -10 -3
30 -10 -4
30 -10 -11
30 -11 0
30 -11 -1
30 -11 -3
30 -11 -7
30 -11 -8
30 -11 -9
30 -11 -12
30 -12 -1
30 -12 -5
30 -12 -6
30 -12 -7
30 -12 -12
31 0 0
31 0 -5
31 0 -7
31 0 -9
31 0 -11
31 -1 -3
31 -1 -4
31 -1 -5
31 -1 -12
31 -2 0
31 -2 -1
31 -2 -4
31 -2 -5
31 -2 -12
31 -3 0
31 -3 -1
31 -3 -7
31 -3 -8
31 -3 -11
31 -3 -12
31 -4 -4
31 -4 -6
31 -4 -8
31 -4 -9
31 -4 -10
31 -4 -12
31 -5 0
31 -5 -2
31 -5 -5
31 -6 -1
31 -6 -7
31 -6 -8
31 -6 -10
31 -7 0
31 -7 -3
31 -7 -4
31 -7 -5
31 -7 -8
31 -7 -9
31 -7 -11
31 -8 0
31 -8 -1
31 -8 -2
31 -8 -3
31 -8 -6
31 -8 -7
31 -8 -9
31 -8 -11
31 -9 -2
31 -9 -5
31 -9 -8
31 -9 -12
31 -10 -3
31 -10 -4
31 -10 -11
31 -11 0
31 -11 -1
31 -11 -3
31 -11 -7
31 -11 -8
31 -11 -9
31 -11 -12
31 -12 -1
31 -12 -5
31 -12 -6
31 -12 -7
31 -12 -12
32 0 0
32 0 -5
32 0 -7
32 0 -9
32 0 -11
32 -1 -3
32 -1 -4
32 -1 -5
32 -1 -12
32 -2 0
32 -2 -1
32 -2 -4
32 -2 -5
32 -2 -12
32 -3 0
32 -3 -1
32 -3 -7
32 -3 -8
32 -3 -11
32 -3 -12
32 -4 -4
32 -4 -6
32 -4 -8
32 -4 -9
32 -4 -10
32 -4 -12
32 -5 0
32 -5 -2
32 -5 -5
32 -6 -1
32 -6 -7
32 -6 -8
32 -6 -10
32 -7 0
32 -7 -3
32 -7 -4
32 -7 -5
32 -7 -8
32 -7 -9
32 -7 -11
32 -8 0
32 -8 -1
32 -8 -2
32 -8 -3
32 -8 -6
32 -8 -7
32 -8 -9
32 -8 -11
32 -9 -2
32 -9 -5
32 -9 -8
32 -9 -12
32 -10 -3
32 -10 -4
32 -10 -11
32 -11 0
32 -11 -1
32 -11 -3
32 -11 -7
32 -11 -8
32 -11 -9
32 -11 -12
32 -12 -1
32 -12 -5
32 -12 -6
32 -12 -7
32 -12 -12
33 0 0
33 0 -5
33 0 -7
33 0 -9
33 0 -11
33 -1 -3
33 -1 -4
33 -1 -5
33 -1 -12
33 -2 0
33 -2 -1
33 -2 -4
33 -2 -5
33 -2 -12
33 -3 0
33 -3 -1
33 -3 -7
33 -3 -8
33 -3 -11
33 -3 -12
33 -4 -4
33 -4 -6
33 -4 -8
33 -4 -9
33 -4 -10
33 -4 -12
33 -5 0
33 -5 -2
33 -5 -5
33 -6 -1
33 -6 -7
33 -6 -8
33 -6 -10
33 -7 0
33 -7 -3
33 -7 -4
33 -7 -5
33 -7 -8
33 -7 -9
33 -7 -11
33 -8 0
33 -8 -1
33 -8 -2
33 -8 -3
33 -8 -6
33 -8 -7
33 -8 -9
33 -8 -11
33 -9 -2
33 -9 -5
33 -9 -8
33 -9 -12
33 -10 -3
33 -10 -4
33 -10 -11
33 -11 0
33 -11 -1
33 -11 -3
33 -11 -7
33 -11 -8
33 -11 -9
33 -11 -12
33 -12 -1
33 -12 -5
33 -12 -6
33 -12 -7
33 -12 -12
34 0 0
34 0 -5
34 0 -7
34 0 -9
34 0 -11
34 -1 -3
34 -1 -4
34 -1 -5
34 -1 -12
34 -2 0
34 -2 -1
34 -2 -4
34 -2 -5
34 -2 -12
34 -3 0
34 -3 -1
34 -3 -7
34 -3 -8
34 -3 -11
34 -3 -12
34 -4 -4
34 -4 -6
34 -4 -8
34 -4 -9
34 -4 -10
34 -4 -12
34 -5 0
34 -5 -2
34 -5 -5
34 -6 -1
34 -6 -7
34 -6 -8
34 -6 -10
34 -7 0
34 -7 -3
34 -7 -4
34 -7 -5
34 -7 -8
34 -7 -9
34 -7 -11
34 -8 0
34 -8 -1
34 -8 -2
34 -8 -3
34 -8 -6
34 -8 -7
34 -8 -9
34 -8 -11
34 -9 -2
34 -9 -5
34 -9 -8
34 -9 -12
34 -10 -3
34 -10 -4
34 -10 -11
34 -11 0
34 -11 -1
34 -11 -3
34 -11 -7
34 -11 -8
34 -11 -9
34 -11 -12
34 -12 -1
34 -12 -5
34 -12 -6
34 -12 -7
34 -12 -12
35 0 0
35 0 -5
35 0 -7
35 0 -9
35 0 -11
35 -1 -3
35 -1 -4
35 -1 -5
35 -1 -12
35 -2 0
35 -2 -1
35 -2 -4
35 -2 -5
35 -2 -12
35 -3 0
35 -3 -1
35 -3 -7
35 -3 -8
35 -3 -11
35 -3 -12
35 -4 -4
35 -4 -6
35 -4 -8
35 -4 -9
35 -4 -10
35 -4 -12
35 -5 0
35 -5 -2
35 -5 -5
35 -6 -1
35 -6 -7
35 -6 -8
35 -6 -10
35 -7 0
35 -7 -3
35 -7 -4
35 -7 -5
35 -7 -8
35 -7 -9
35 -7 -11
35 -8 0
35 -8 -1
35 -8 -2
35 -8 -3
35 -8 -6
35 -8 -7
35 -8 -9
35 -8 -11
35 -9 -2
35 -9 -5
35 -9 -8
35 -9 -12
35 -10 -3
35 -10 -4
35 -10 -11
35 -11 0
35 -11 -1
35 -11 -3
35 -11 -7
35 -11 -8
35 -11 -9
35 -11 -12
35 -12 -1
35 -12 -5
35 -12 -6
35 -12 -7
35 -12 -12
36 0 0
36 0 -5
36 0 -7
36 0 -9
36 0 -11
36 -1 -3
36 -1 -4
36 -1 -5
36 -1 -12
36 -2 0
36 -2 -1
36 -2 -4
36 -2 -5
36 -2 -12
36 -3 0
36 -3 -1
36 -3 -7
36 -3 -8
36 -3 -11
36 -3 -12
36 -4 -4
36 -4 -6
36 -4 -8
36 -4 -9
36 -4 -10
36 -4 -12
36 -5 0
36 -5 -2
36 -5 -5
36 -6 -1
36 -6 -7
36 -6 -8
36 -6 -10
36 -7 0
36 -7 -3
36 -7 -4
36 -7 -5
36 -7 -8
36 -7 -9
36 -7 -11
36 -8 0
36 -8 -1
36 -8 -2
36 -8 -3
36 -8 -6
36 -8 -7
36 -8 -9
36 -8 -11
36 -9 -2
36 -9 -5
36 -9 -8
36 -9 -12
36 -10 -3
36 -10 -4
36 -10 -11
36 -11 0
36 -11 -1
36 -11 -3
36 -11 -7
36 -11 -8
36 -11 -9
36 -11 -12
36 -12 -1
36 -12 -5
36 -12 -6
36 -12 -7
36 -12 -12
37 0 0
37 0 -5
37 0 -7
37 0 -9
37 0 -11
37 -1 -3
37 -1 -4
37 -1 -5
37 -1 -12
37 -2 0
37 -2 -1
37 -2 -4
37 -2 -5
37 -2 -12
37 -3 0
37 -3 -1
37 -3 -7
37 -3 -8
37 -3 -11
37 -3 -12
37 -4 -4
37 -4 -6
37 -4 -8
37 -4 -9
37 -4 -10
37 -4 -12
37 -5 0
37 -5 -2
37 -5 -5
37 -6 -1
37 -6 -7
37 -6 -8
37 -6 -10
37 -7 0
37 -7 -3
37 -7 -4
37 -7 -5
37 -7 -8
37 -7 -9
37 -7 -11
37 -8 0
37 -8 -1
37 -8 -2
37 -8 -3
37 -8 -6
37 -8 -7
37 -8 -9
37 -8 -11
37 -9 -2
37 -9 -5
37 -9 -8
37 -9 -12
37 -10 -3
37 -10 -4
37 -10 -11
37 -11 0
37 -11 -1
37 -11 -3
37 -11 -7
37 -11 -8
37 -11 -9
37 -11 -12
37 -12 -1
37 -12 -5
37 -12 -6
37 -12 -7
37 -12 -12
38 0 0
38 0 -5
38 0 -7
38 0 -9
38 0 -11
38 -1 -3
38 -1 -4
38 -1 -5
38 -1 -12
38 -2 0
38 -2 -1
38 -2 -4
38 -2 -5
38 -2 -12
38 -3 0
38 -3 -1
38 -3 -7
38 -3 -8
38 -3 -11
38 -3 -12
38 -4 -4
38 -4 -6
38 -4 -8
38 -4 -9
38 -4 -10
38 -4 -12
38 -5 0
38 -5 -2
38 -5 -5
38 -6 -1
38 -6 -7
38 -6 -8
38 -6 -10
38 -7 0
38 -7 -3
38 -7 -4
38 -7 -5
38 -7 -8
38 -7 -9
38 -7 -11
38 -8 0
38 -8 -1
38 -8 -2
38 -8 -3
38 -8 -6
38 -8 -7
38 -8 -9
38 -8 -11
38 -9 -2
38 -9 -5
38 -9 -8
38 -9 -12
38 -10 -3
38 -10 -4
38 -10 -11
38 -11 0
38 -11 -1
38 -11 -3
38 -11 -7
38 -11 -8
38 -11 -9
38 -11 -12
38 -12 -1
38 -12 -5
38 -12 -6
38 -12 -7
38 -12 -12
39 0 0
39 0 -5
39 0 -7
39 0 -9
39 0 -11
39 -1 -3
39 -1 -4
39 -1 -5
39 -1 -12
39 -2 0
39 -2 -1
39 -2 -4
39 -2 -5
39 -2 -12
39 -3 0
39 -3 -1
39 -3 -7
39 -3 -8
39 -3 -11
39 -3 -12
39 -4 -4
39 -4 -6
39 -4 -8
39 -4 -9
39 -4 -10
39 -4 -12
39 -5 0
39 -5 -2
39 -5 -5
39 -6 -1
39 -6 -7
39 -6 -8
39 -6 -10
39 -7 0
39 -7 -3
39 -7 -4
39 -7 -5
39 -7 -8
39 -7 -9
39 -7 -11
39 -8 0
39 -8 -1
39 -8 -2
39 -8 -3
39 -8 -6
39 -8 -7
39 -8 -9
39 -8 -11
39 -9 -2
39 -9 -5
39 -9 -8
39 -9 -12
39 -10 -3
39 -10 -4
39 -10 -11
39 -11 0
39 -11 -1
39 -11 -3
39 -11 -7
39 -11 -8
39 -11 -9
39 -11 -12
39 -12 -1
39 -12 -5
39 -12 -6
39 -12 -7
39 -12 -12
40 0 0
40 0 -5
40 0 -7
40 0 -9
40 0 -11
40 -1 -3
40 -1 -4
40 -1 -5
40 -1 -12
40 -2 0
40 -2 -1
40 -2 -4
40 -2 -5
40 -2 -12
40 -3 0
40 -3 -1
40 -3 -7
40 -3 -8
40 -3 -11
40 -3 -12
40 -4 -4
40 -4 -6
40 -4 -8
40 -4 -9
40 -4 -10
40 -4 -12
40 -5 0
40 -5 -2
40 -5 -5
40 -6 -1
40 -6 -7
40 -6 -8
40 -6 -10
40 -7 0
40 -7 -3
40 -7 -4
40 -7 -5
40 -7 -8
40 -7 -9
40 -7 -11
40 -8 0
40 -8 -1
40 -8 -2
40 -8 -3
40 -8 -6
40 -8 -7
40 -8 -9
40 -8 -11
40 -9 -2
40 -9 -5
40 -9 -8
40 -9 -12
40 -10 -3
40 -10 -4
40 -10 -11
40 -11 0
40 -11 -1
40 -11 -3
40 -11 -7
40 -11 -8
40 -11 -9
40 -11 -12
40 -12 -1
40 -12 -5
40 -12 -6
40 -12 -7
40 -12 -12
41 0 0
41 0 -5
41 0 -7
41 0 -9
41 0 -11
41 -1 -3
41 -1 -4
41 -1 -5
41 -1 -12
41 -2 0
41 -2 -1
41 -2 -4
41 -2 -5
41 -2 -12
41 -3 0
41 -3 -1
41 -3 -7
41 -3 -8
41 -3 -11
41 -3 -12
41 -4 -4
41 -4 -6
41 -4 -8
41 -4 -9
41 -4 -10
41 -4 -12
41 -5 0
41 -5 -2
41 -5 -5
41 -6 -1
41 -6 -7
41 -6 -8
41 -6 -10
41 -7 0
41 -7 -3
41 -7 -4
41 -7 -5
41 -7 -8
41 -7 -9
41 -7 -11
41 -8 0
41 -8 -1
41 -8 -2
41 -8 -3
41 -8 -6
41 -8 -7
41 -8 -9
41 -8 -11
41 -9 -2
41 -9 -5
41 -9 -8
41 -9 -12
41 -10 -3
41 -10 -4
41 -10 -11
41 -11 0
41 -11 -1
41 -11 -3
41 -11 -7
41 -11 -8
41 -11 -9
41 -11 -12
41 -12 -1
41 -12 -5
41 -12 -6
41 -12 -7
41 -12 -12
42 0 0
42 0 -5
42 0 -7
42 0 -9
42 0 -11
42 -1 -3
42 -1 -4
42 -1 -5
42 -1 -12
42 -2 0
42 -2 -1
42 -2 -4
42 -2 -5
42 -2 -12
42 -3 0
42 -3 -1
42 -3 -7
42 -3 -8
42 -3 -11
42 -3 -12
42 -4 -4
42 -4 -6
42 -4 -8
42 -4 -9
42 -4 -10
42 -4 -12
42 -5 0
42 -5 -2
42 -5 -5
42 -6 -1
42 -6 -7
42 -6 -8
42 -6 -10
42 -7 0
42 -7 -3
42 -7 -4
42 -7 -5
42 -7 -8
42 -7 -9
42 -7 -11
42 -8 0
42 -8 -1
42 -8 -2
42 -8 -3
42 -8 -6
42 -8 -7
42 -8 -9
42 -8 -11
42 -9 -2
42 -9 -5
42 -9 -8
42 -9 -12
42 -10 -3
42 -10 -4
42 -10 -11
42 -11 0
42 -11 -1
42 -11 -3
42 -11 -7
42 -11 -8
42 -11 -9
42 -11 -12
42 -12 -1
42 -12 -5
42 -12 -6
42 -12 -7
42 -12 -12
43 0 0
43 0 -5
43 0 -7
43 0 -9
43 0 -11
43 -1 -3
43 -1 -4
43 -1 -5
43 -1 -12
43 -2 0
43 -2 -1
43 -2 -4
43 -2 -5
43 -2 -12
43 -3 0
43 -3 -1
43 -3 -7
43 -3 -8
43 -3 -11
43 -3 -12
43 -4 -4
43 -4 -6
43 -4 -8
43 -4 -9
43 -4 -10
43 -4 -12
43 -5 0
43 -5 -2
43 -5 -5
43 -6 -1
43 -6 -7
43 -6 -8
43 -6 -10
43 -7 0
43 -7 -3
43 -7 -4
43 -7 -5
43 -7 -8
43 -7 -9
43 -7 -11
43 -8 0
43 -8 -1
43 -8 -2
43 -8 -3
43 -8 -6
43 -8 -7
43 -8 -9
43 -8 -11
43 -9 -2
43 -9 -5
43 -9 -8
43 -9 -12
43 -10 -3
43 -10 -4
43 -10 -11
43 -11 0
43 -11 -1
43 -11 -3
43 -11 -7
43 -11 -8
43 -11 -9
43 -11 -12
43 -12 -1
43 -12 -5
43 -12 -6
43 -12 -7
43 -12 -12
44 0 0
44 0 -5
44 0 -7
44 0 -9
44 0 -11
44 -1 -3
44 -1 -4
44 -1 -5
44 -1 -12
44 -2 0
44 -2 -1
44 -2 -4
44 -2 -5
44 -2 -12
44 -3 0
44 -3 -1
44 -3 -7
44 -3 -8
44 -3 -11
44 -3 -12
44 -4 -4
44 -4 -6
44 -4 -8
44 -4 -9
44 -4 -10
44 -4 -12
44 -5 0
44 -5 -2
44 -5 -5
44 -6 -1
44 -6 -7
44 -6 -8
44 -6 -10
44 -7 0
44 -7 -3
44 -7 -4
44 -7 -5
44 -7 -8
44 -7 -9
44 -7 -11
44 -8 0
44 -8 -1
44 -8 -2
44 -8 -3
44 -8 -6
44 -8 -7
44 -8 -9
44 -8 -11
44 -9 -2
44 -9 -5
44 -9 -8
44 -9 -12
44 -10 -3
44 -10 -4
44 -10 -11
44 -11 0
44 -11 -1
44 -11 -3
44 -11 -7
44 -11 -8
44 -11 -9
44 -11 -12
44 -12 -1
44 -12 -5
44 -12 -6
44 -12 -7
44 -12 -12
45 0 0
45 0 -5
45 0 -7
45 0 -9
45 0 -11
45 -1 -3
45 -1 -4
45 -1 -5
45 -1 -12
45 -2 0
45 -2 -1
45 -2 -4
45 -2 -5
45 -2 -12
45 -3 0
45 -3 -1
45 -3 -7
45 -3 -8
45 -3 -11
45 -3 -12
45 -4 -4
45 -4 -6
45 -4 -8
45 -4 -9
45 -4 -10
45 -4 -12
45 -5 0
45 -5 -2
45 -5 -5
45 -6 -1
45 -6 -7
45 -6 -8
45 -6 -10
45 -7 0
45 -7 -3
45 -7 -4
45 -7 -5
45 -7 -8
45 -7 -9
45 -7 -11
45 -8 0
45 -8 -1
45 -8 -2
45 -8 -3
45 -8 -6
45 -8 -7
45 -8 -9
45 -8 -11
45 -9 -2
45 -9 -5
45 -9 -8
45 -9 -12
45 -10 -3
45 -10 -4
45 -10 -11
45 -11 0
45 -11 -1
45 -11 -3
45 -11 -7
45 -11 -8
45 -11 -9
45 -11 -12
45 -12 -1
45 -12 -5
45 -12 -6
45 -12 -7
45 -12 -12
46 0 0
46 0 -5
46 0 -7
46 0 -9
46 0 -11
46 -1 -3
46 -1 -4
46 -1 -5
46 -1 -12
46 -2 0
46 -2 -1
46 -2 -4
46 -2 -5
46 -2 -12
46 -3 0
46 -3 -1
46 -3 -7
46 -3 -8
46 -3 -11
46 -3 -12
46 -4 -4
46 -4 -6
46 -4 -8
46 -4 -9
46 -4 -10
46 -4 -12
46 -5 0
46 -5 -2
46 -5 -5
46 -6 -1
46 -6 -7
46 -6 -8
46 -6 -10
46 -7 0
46 -7 -3
46 -7 -4
46 -7 -5
46 -7 -8
46 -7 -9
46 -7 -11
46 -8 0
46 -8 -1
46 -8 -2
46 -8 -3
46 -8 -6
46 -8 -7
46 -8 -9
46 -8 -11
46 -9 -2
46 -9 -5
46 -9 -8
46 -9 -12
46 -10 -3
46 -10 -4
46 -10 -11
46 -11 0
46 -11 -1
46 -11 -3
46 -11 -7
46 -11 -8
46 -11 -9
46 -11 -12
46 -12 -1
46 -12 -5
46 -12 -6
46 -12 -7
46 -12 -12
47 0 0
47 0 -5
47 0 -7
47 0 -9
47 0 -11
47 -1 -3
47 -1 -4
47 -1 -5
47 -1 -12
47 -2 0
47 -2 -1
47 -2 -4
47 -2 -5
47 -2 -12
47 -3 0
47 -3 -1
47 -3 -7
47 -3 -8
47 -3 -11
47 -3 -12
47 -4 -4
47 -4 -6
47 -4 -8
47 -4 -9
47 -4 -10
47 -4 -12
47 -5 0
47 -5 -2
47 -5 -5
47 -6 -1
47 -6 -7
47 -6 -8
47 -6 -10
47 -7 0
47 -7 -3
47 -7 -4
47 -7 -5
47 -7 -8
47 -7 -9
47 -7 -11
47 -8 0
47 -8 -1
47 -8 -2
47 -8 -3
47 -8 -6
47 -8 -7
47 -8 -9
47 -8 -11
47 -9 -2
47 -9 -5
47 -9 -8
47 -9 -12
47 -10 -3
47 -10 -4
47 -10 -11
47 -11 0
47 -11 -1
47 -11 -3
47 -11 -7
47 -11 -8
47 -11 -9
47 -11 -12
47 -12 -1
47 -12 -5
47 -12 -6
47 -12 -7
47 -12 -12
48 0 0
48 0 -5
48 0 -7
48 0 -9
48 0 -11
48 -1 -3
48 -1 -4
48 -1 -5
48 -1 -12
48 -2 0
48 -2 -1
48 -2 -4
48 -2 -5
48 -2 -12
48 -3 0
48 -3 -1
48 -3 -7
48 -3 -8
48 -3 -11
48 -3 -12
48 -4 -4
48 -4 -6
48 -4 -8
48 -4 -9
48 -4 -10
48 -4 -12
48 -5 0
48 -5 -2
48 -5 -5
48 -6 -1
48 -6 -7
48 -6 -8
48 -6 -10
48 -7 0
48 -7 -3
48 -7 -4
48 -7 -5
48 -7 -8
48 -7 -9
48 -7 -11
48 -8 0
48 -8 -1
48 -8 -2
48 -8 -3
48 -8 -6
48 -8 -7
48 -8 -9
48 -8 -11
48 -9 -2
48 -9 -5
48 -9 -8
48 -9 -12
48 -10 -3
48 -10 -4
48 -10 -11
48 -11 0
48 -11 -1
48 -11 -3
48 -11 -7
48 -11 -8
48 -11 -9
48 -11 -12
48 -12 -1
48 -12 -5
48 -12 -6
48 -12 -7
48 -12 -12
49 0 0
49 0 -5
49 0 -7
49 0 -9
49 0 -11
49 -1 -3
49 -1 -4
49 -1 -5
49 -1 -12
49 -2 0
49 -2 -1
49 -2 -4
49 -2 -5
49 -2 -12
49 -3 0
49 -3 -1
49 -3 -7
49 -3 -8
49 -3 -11
49 -3 -12
49 -4 -4
49 -4 -6
49 -4 -8
49 -4 -9
49 -4 -10
49 -4 -12
49 -5 0
49 -5 -2
49 -5 -5
49 -6 -1
49 -6 -7
49 -6 -8
49 -6 -10
49 -7 0
49 -7 -3
49 -7 -4
49 -7 -5
49 -7 -8
49 -7 -9
49 -7 -11
49 -8 0
49 -8 -1
49 -8 -2
49 -8 -3
49 -8 -6
49 -8 -7
49 -8 -9
49 -8 -11
49 -9 -2
49 -9 -5
49 -9 -8
49 -9 -12
49 -10 -3
49 -10 -4
49 -10 -11
49 -11 0
49 -11 -1
49 -11 -3
49 -11 -7
49 -11 -8
49 -11 -9
49 -11 -12
49 -12 -1
49 -12 -5
49 -12 -6
49 -12 -7
49 -12 -12
50 0 0
50 0 -5
50 0 -7
50 0 -9
50 0 -11
50 -1 -3
50 -1 -4
50 -1 -5
50 -1 -12
50 -2 0
50 -2 -1
50 -2 -4
50 -2 -5
50 -2 -12
50 -3 0
50 -3 -1
50 -3 -7
50 -3 -8
50 -3 -11
50 -3 -12
50 -4 -4
50 -4 -6
50 -4 -8
50 -4 -9
50 -4 -10
50 -4 -12
50 -5 0
50 -5 -2
50 -5 -5
50 -6 -1
50 -6 -7
50 -6 -8
50 -6 -10
50 -7 0
50 -7 -3
50 -7 -4
50 -7 -5
50 -7 -8
50 -7 -9
50 -7 -11
50 -8 0
50 -8 -1
50 -8 -2
50 -8 -3
50 -8 -6
50 -8 -7
50 -8 -9
50 -8 -11
50 -9 -2
50 -9 -5
50 -9 -8
50 -9 -12
50 -10 -3
50 -10 -4
50 -10 -11
50 -11 0
50 -11 -1
50 -11 -3
50 -11 -7
50 -11 -8
50 -11 -9
50 -11 -12
50 -12 -1
50 -12 -5
50 -12 -6
50 -12 -7
50 -12 -12
51 0 0
51 0 -5
51 0 -7
51 0 -9
51 0 -11
51 -1 -3
51 -1 -4
51 -1 -5
51 -1 -12
51 -2 0
51 -2 -1
51 -2 -4
51 -2 -5
51 -2 -12
51 -3 0
51 -3 -1
51 -3 -7
51 -3 -8
51 -3 -11
51 -3 -12
51 -4 -4
51 -4 -6
51 -4 -8
51 -4 -9
51 -4 -10
51 -4 -12
51 -5 0
51 -5 -2
51 -5 -5
51 -6 -1
51 -6 -7
51 -6 -8
51 -6 -10
51 -7 0
51 -7 -3
51 -7 -4
51 -7 -5
51 -7 -8
51 -7 -9
51 -7 -11
51 -8 0
51 -8 -1
51 -8 -2
51 -8 -3
51 -8 -6
51 -8 -7
51 -8 -9
51 -8 -11
51 -9 -2
51 -9 -5
51 -9 -8
51 -9 -12
51 -10 -3
51 -10 -4
51 -10 -11
51 -11 0
51 -11 -1
51 -11 -3
51 -11 -7
51 -11 -8
51 -11 -9
51 -11 -12
51 -12 -1
51 -12 -5
51 -12 -6
51 -12 -7
51 -12 -12
52 0 0
52 0 -5
52 0 -7
52 0 -9
52 0 -11
52 -1 -3
52 -1 -4
52 -1 -5
52 -1 -12
52 -2 0
52 -2 -1
52 -2 -4
52 -2 -5
52 -2 -12
52 -3 0
52 -3 -1
52 -3 -7
52 -3 -8
52 -3 -11
52 -3 -12
52 -4 -4
52 -4 -6
52 -4 -8
52 -4 -9
52 -4 -10
52 -4 -12
52 -5 0
52 -5 -2
52 -5 -5
52 -6 -1
52 -6 -7
52 -6 -8
52 -6 -10
52 -7 0
52 -7 -3
52 -7 -4
52 -7 -5
52 -7 -8
52 -7 -9
52 -7 -11
52 -8 0
52 -8 -1
52 -8 -2
52 -8 -3
52 -8 -6
52 -8 -7
52 -8 -9
52 -8 -11
52 -9 -2
52 -9 -5
52 -9 -8
52 -9 -12
52 -10 -3
52 -10 -4
52 -10 -11
52 -11 0
52 -11 -1
52 -11 -3
52 -11 -7
52 -11 -8
52 -11 -9
52 -11 -12
52 -12 -1
52 -12 -5
52 -12 -6
52 -12 -7
52 -12 -12
53 0 0
53 0 -5
53 0 -7
53 0 -9
53 0 -11
53 -1 -3
53 -1 -4
53 -1 -5
53 -1 -12
53 -2 0
53 -2 -1
53 -2 -4
53 -2 -5
53 -2 -12
53 -3 0
53 -3 -1
53 -3 -7
53 -3 -8
53 -3 -11
53 -3 -12
53 -4 -4
53 -4 -6
53 -4 -8
53 -4 -9
53 -4 -10
53 -4 -12
53 -5 0
53 -5 -2
53 -5 -5
53 -6 -1
53 -6 -7
53 -6 -8
53 -6 -10
53 -7 0
53 -7 -3
53 -7 -4
53 -7 -5
53 -7 -8
53 -7 -9
53 -7 -11
53 -8 0
53 -8 -1
53 -8 -2
53 -8 -3
53 -8 -6
53 -8 -7
53 -8 -9
53 -8 -11
53 -9 -2
53 -9 -5
53 -9 -8
53 -9 -12
53 -10 -3
53 -10 -4
53 -10 -11
53 -11 0
53 -11 -1
53 -11 -3
53 -11 -7
53 -11 -8
53 -11 -9
53 -11 -12
53 -12 -1
53 -12 -5
53 -12 -6
53 -12 -7
53 -12 -12
54 0 0
54 0 -5
54 0 -7
54 0 -9
54 0 -11
54 -1 -3
54 -1 -4
54 -1 -5
54 -1 -12
54 -2 0
54 -2 -1
54 -2 -4
54 -2 -5
54 -2 -12
54 -3 0
54 -3 -1
54 -3 -7
54 -3 -8
54 -3 -11
54 -3 -12
54 -4 -4
54 -4 -6
54 -4 -8
54 -4 -9
54 -4 -10
54 -4 -12
54 -5 0
54 -5 -2
54 -5 -5
54 -6 -1
54 -6 -7
54 -6 -8
54 -6 -10
54 -7 0
54 -7 -3
54 -7 -4
54 -7 -5
54 -7 -8
54 -7 -9
54 -7 -11
54 -8 0
54 -8 -1
54 -8 -2
54 -8 -3
54 -8 -6
54 -8 -7
54 -8 -9
54 -8 -11
54 -9 -2
54 -9 -5
54 -9 -8
54 -9 -12
54 -10 -3
54 -10 -4
54 -10 -11
54 -11 0
54 -11 -1
54 -11 -3
54 -11 -7
54 -11 -8
54 -11 -9
54 -11 -12
54 -12 -1
54 -12 -5
54 -12 -6
54 -12 -7
54 -12 -12
55 0 0
55 0 -5
55 0 -7
55 0 -9
55 0 -11
55 -1 -3
55 -1 -4
55 -1 -5
55 -1 -12
55 -2 0
55 -2 -1
55 -2 -4
55 -2 -5
55 -2 -12
55 -3 0
55 -3 -1
55 -3 -7
55 -3 -8
55 -3 -11
55 -3 -12
55 -4 -4
55 -4 -6
55 -4 -8
55 -4 -9
55 -4 -10
55 -4 -12
55 -5 0
55 -5 -2
55 -5 -5
55 -6 -1
55 -6 -7
55 -6 -8
55 -6 -10
55 -7 0
55 -7 -3
55 -7 -4
55 -7 -5
55 -7 -8
55 -7 -9
55 -7 -11
55 -8 0
55 -8 -1
55 -8 -2
55 -8 -3
55 -8 -6
55 -8 -7
55 -8 -9
55 -8 -11
55 -9 -2
55 -9 -5
55 -9 -8
55 -9 -12
55 -10 -3
55 -10 -4
55 -10 -11
55 -11 0
55 -11 -1
55 -11 -3
55 -11 -7
55 -11 -8
55 -11 -9
55 -11 -12
55 -12 -1
55 -12 -5
55 -12 -6
55 -12 -7
55 -12 -12
56 0 0
56 0 -5
56 0 -7
56 0 -9
56 0 -11
56 -1 -3
56 -1 -4
56 -1 -5
56 -1 -12
56 -2 0
56 -2 -1
56 -2 -4
56 -2 -5
56 -2 -12
56 -3 0
56 -3 -1
56 -3 -7
56 -3 -8
56 -3 -11
56 -3 -12
56 -4 -4
56 -4 -6
56 -4 -8
56 -4 -9
56 -4 -10
56 -4 -12
56 -5 0
56 -5 -2
56 -5 -5
56 -6 -1
56 -6 -7
56 -6 -8
56 -6 -10
56 -7 0
56 -7 -3
56 -7 -4
56 -7 -5
56 -7 -8
56 -7 -9
56 -7 -11
56 -8 0
56 -8 -1
56 -8 -2
56 -8 -3
56 -8 -6
56 -8 -7
56 -8 -9
56 -8 -11
56 -9 -2
56 -9 -5
56 -9 -8
56 -9 -12
56 -10 -3
56 -10 -4
56 -10 -11
56 -11 0
56 -11 -1
56 -11 -3
56 -11 -7
56 -11 -8
56 -11 -9
56 -11 -12
56 -12 -1
56 -12 -5
56 -12 -6
56 -12 -7
56 -12 -12
57 0 0
57 0 -5
57 0 -7
57 0 -9
57 0 -11
57 -1 -3
57 -1 -4
57 -1 -5
57 -1 -12
57 -2 0
57 -2 -1
57 -2 -4
57 -2 -5
57 -2 -12
57 -3 0
57 -3 -1
57 -3 -7
57 -3 -8
57 -3 -11
57 -3 -12
57 -4 -4
57 -4 -6
57 -4 -8
57 -4 -9
57 -4 -10
57 -4 -12
57 -5 0
57 -5 -2
57 -5 -5
57 -6 -1
57 -6 -7
57 -6 -8
57 -6 -10
57 -7 0
57 -7 -3
57 -7 -4
57 -7 -5
57 -7 -8
57 -7 -9
57 -7 -11
57 -8 0
57 -8 -1
57 -8 -2
57 -8 -3
57 -8 -6
57 -8 -7
57 -8 -9
57 -8 -11
57 -9 -2
57 -9 -5
57 -9 -8
57 -9 -12
57 -10 -3
57 -10 -4
57 -10 -11
57 -11 0
57 -11 -1
57 -11 -3
57 -11 -7
57 -11 -8
57 -11 -9
57 -11 -12
57 -12 -1
57 -12 -5
57 -12 -6
57 -12 -7
57 -12 -12
58 0 0
58 0 -5
58 0 -7
58 0 -9
58 0 -11
58 -1 -3
58 -1 -4
58 -1 -5
58 -1 -12
58 -2 0
58 -2 -1
58 -2 -4
58 -2 -5
58 -2 -12
58 -3 0
58 -3 -1
58 -3 -7
58 -3 -8
58 -3 -11
58 -3 -12
58 -4 -4
58 -4 -6
58 -4 -8
58 -4 -9
58 -4 -10
58 -4 -12
58 -5 0
58 -5 -2
58 -5 -5
58 -6 -1
58 -6 -7
58 -6 -8
58 -6 -10
58 -7 0
58 -7 -3
58 -7 -4
58 -7 -5
58 -7 -8
58 -7 -9
58 -7 -11
58 -8 0
58 -8 -1
58 -8 -2
58 -8 -3
58 -8 -6
58 -8 -7
58 -8 -9
58 -8 -11
58 -9 -2
58 -9 -5
58 -9 -8
58 -9 -12
58 -10 -3
58 -10 -4
58 -10 -11
58 -11 0
58 -11 -1
58 -11 -3
58 -11 -7
58 -11 -8
58 -11 -9
58 -11 -12
58 -12 -1
58 -12 -5
58 -12 -6
58 -12 -7
58 -12 -12
59 0 0
59 0 -5
59 0 -7
59 0 -9
59 0 -11
59 -1 -3
59 -1 -4
59 -1 -5
59 -1 -12
59 -2 0
59 -2 -1
59 -2 -4
59 -2 -5
59 -2 -12
59 -3 0
59 -3 -1
59 -3 -7
59 -3 -8
59 -3 -11
59 -3 -12
59 -4 -4
59 -4 -6
59 -4 -8
59 -4 -9
59 -4 -10
59 -4 -12
59 -5 0
59 -5 -2
59 -5 -5
59 -6 -1
59 -6 -7
59 -6 -8
59 -6 -10
59 -7 0
59 -7 -3
59 -7 -4
59 -7 -5
59 -7 -8
59 -7 -9
59 -7 -11
59 -8 0
59 -8 -1
59 -8 -2
59 -8 -3
59 -8 -6
59 -8 -7
59 -8 -9
59 -8 -11
59 -9 -2
59 -9 -5
59 -9 -8
59 -9 -12
59 -10 -3
59 -10 -4
59 -10 -11
59 -11 0
59 -11 -1
59 -11 -3
59 -11 -7
59 -11 -8
59 -11 -9
59 -11 -12
59 -12 -1
59 -12 -5
59 -12 -6
59 -12 -7
59 -12 -12
60 0 0
60 0 -5
60 0 -7
60 0 -9
60 0 -11
60 -1 -3
60 -1 -4
60 -1 -5
60 -1 -12
60 -2 0
60 -2 -1
60 -2 -4
60 -2 -5
60 -2 -12
60 -3 0
60 -3 -1
60 -3 -7
60 -3 -8
60 -3 -11
60 -3 -12
60 -4 -4
60 -4 -6
60 -4 -8
60 -4 -9
60 -4 -10
60 -4 -12
60 -5 0
60 -5 -2
60 -5 -5
60 -6 -1
60 -6 -7
60 -6 -8
60 -6 -10
60 -7 0
60 -7 -3
60 -7 -4
60 -7 -5
60 -7 -8
60 -7 -9
60 -7 -11
60 -8 0
60 -8 -1
60 -8 -2
60 -8 -3
60 -8 -6
60 -8 -7
60 -8 -9
60 -8 -11
60 -9 -2
60 -9 -5
60 -9 -8
60 -9 -12
60 -10 -3
60 -10 -4
60 -10 -11
60 -11 0
60 -11 -1
60 -11 -3
60 -11 -7
60 -11 -8
60 -11 -9
60 -11 -12
60 -12 -1
60 -12 -5
60 -12 -6
60 -12 -7
60 -12 -12
61 0 0
61 0 -5
61 0 -7
61 0 -9
61 0 -11
61 -1 -3
61 -1 -4
61 -1 -5
61 -1 -12
61 -2 0
61 -2 -1
61 -2 -4
61 -2 -5
61 -2 -12
61 -3 0
61 -3 -1
61 -3 -7
61 -3 -8
61 -3 -11
61 -3 -12
61 -4 -4
61 -4 -6
61 -4 -8
61 -4 -9
61 -4 -10
61 -4 -12
61 -5 0
61 -5 -2
61 -5 -5
61 -6 -1
61 -6 -7
61 -6 -8
61 -6 -10
61 -7 0
61 -7 -3
61 -7 -4
61 -7 -5
61 -7 -8
61 -7 -9
61 -7 -11
61 -8 0
61 -8 -1
61 -8 -2
61 -8 -3
61 -8 -6
61 -8 -7
61 -8 -9
61 -8 -11
61 -9 -2
61 -9 -5
61 -9 -8
61 -9 -12
61 -10 -3
61 -10 -4
61 -10 -11
61 -11 0
61 -11 -1
61 -11 -3
61 -11 -7
61 -11 -8
61 -11 -9
61 -11 -12
61 -12 -1
61 -12 -5
61 -12 -6
61 -12 -7
61 -12 -12
62 0 0
62 0 -5
62 0 -7
62 0 -9
62 0 -11
62 -1 -3
62 -1 -4
62 -1 -5
62 -1 -12
62 -2 0
62 -2 -1
62 -2 -4
62 -2 -5
62 -2 -12
62 -3 0
62 -3 -1
62 -3 -7
62 -3 -8
62 -3 -11
62 -3 -12
62 -4 -4
62 -4 -6
62 -4 -8
62 -4 -9
62 -4 -10
62 -4 -12
62 -5 0
62 -5 -2
62 -5 -5
62 -6 -1
62 -6 -7
62 -6 -8
62 -6 -10
62 -7 0
62 -7 -3
62 -7 -4
62 -7 -5
62 -7 -8
62 -7 -9
62 -7 -11
62 -8 0
62 -8 -1
62 -8 -2
62 -8 -3
62 -8 -6
62 -8 -7
62 -8 -9
62 -8 -11
62 -9 -2
62 -9 -5
62 -9 -8
62 -9 -12
62 -10 -3
62 -10 -4
62 -10 -11
62 -11 0
62 -11 -1
62 -11 -3
62 -11 -7
62 -11 -8
62 -11 -9
62 -11 -12
62 -12 -1
62 -12 -5
62 -12 -6
62 -12 -7
62 -12 -12
63 0 0
63 0 -5
63 0 -7
63 0 -9
63 0 -11
63 -1 -3
63 -1 -4
63 -1 -5
63 -1 -12
63 -2 0
63 -2 -1
63 -2 -4
63 -2 -5
63 -2 -12
63 -3 0
63 -3 -1
63 -3 -7
63 -3 -8
63 -3 -11
63 -3 -12
63 -4 -4
63 -4 -6
63 -4 -8
63 -4 -9
63 -4 -10
63 -4 -12
63 -5 0
63 -5 -2
63 -5 -5
63 -6 -1
63 -6 -7
63 -6 -8
63 -6 -10
63 -7 0
63 -7 -3
63 -7 -4
63 -7 -5
63 -7 -8
63 -7 -9
63 -7 -11
63 -8 0
63 -8 -1
63 -8 -2
63 -8 -3
63 -8 -6
63 -8 -7
63 -8 -9
63 -8 -11
63 -9 -2
63 -9 -5
63 -9 -8
63 -9 -12
63 -10 -3
63 -10 -4
63 -10 -11
63 -11 0
63 -11 -1
63 -11 -3
63 -11 -7
63 -11 -8
63 -11 -9
63 -11 -12
63 -12 -1
63 -12 -5
63 -12 -6
63 -12 -7
63 -12 -12
64 0 0
64 0 -5
64 0 -7
64 0 -9
64 0 -11
64 -1 -3
64 -1 -4
64 -1 -5
64 -1 -12
64 -2 0
64 -2 -1
64 -2 -4
64 -2 -5
64 -2 -12
64 -3 0
64 -3 -1
64 -3 -7
64 -3 -8
64 -3 -11
64 -3 -12
64 -4 -4
64 -4 -6
64 -4 -8
64 -4 -9
64 -4 -10
64 -4 -12
64 -5 0
64 -5 -2
64 -5 -5
64 -6 -1
64 -6 -7
64 -6 -8
64 -6 -10
64 -7 0
64 -7 -3
64 -7 -4
64 -7 -5
64 -7 -8
64 -7 -9
64 -7 -11
64 -8 0
64 -8 -1
64 -8 -2
64 -8 -3
64 -8 -6
64 -8 -7
64 -8 -9
64 -8 -11
64 -9 -2
64 -9 -5
64 -9 -8
64 -9 -12
64 -10 -3
64 -10 -4
64 -10 -11
64 -11 0
64 -11 -1
64 -11 -3
64 -11 -7
64 -11 -8
64 -11 -9
64 -11 -12
64 -12 -1
64 -12 -5
64 -12 -6
64 -12 -7
64 -12 -12
65 0 0
65 0 -5
65 0 -7
65 0 -9
65 0 -11
65 -1 -3
65 -1 -4
65 -1 -5
65 -1 -12
65 -2 0
65 -2 -1
65 -2 -4
65 -2 -5
65 -2 -12
65 -3 0
65 -3 -1
65 -3 -7
65 -3 -8
65 -3 -11
65 -3 -12
65 -4 -4
65 -4 -6
65 -4 -8
65 -4 -9
65 -4 -10
65 -4 -12
65 -5 0
65 -5 -2
65 -5 -5
65 -6 -1
65 -6 -7
65 -6 -8
65 -6 -10
65 -7 0
65 -7 -3
65 -7 -4
65 -7 -5
65 -7 -8
65 -7 -9
65 -7 -11
65 -8 0
65 -8 -1
65 -8 -2
65 -8 -3
65 -8 -6
65 -8 -7
65 -8 -9
65 -8 -11
65 -9 -2
65 -9 -5
65 -9 -8
65 -9 -12
65 -10 -3
65 -10 -4
65 -10 -11
65 -11 0
65 -11 -1
65 -11 -3
65 -11 -7
65 -11 -8
65 -11 -9
65 -11 -12
65 -12 -1
65 -12 -5
65 -12 -6
65 -12 -7
65 -12 -12
66 0 0
66 0 -5
66 0 -7
66 0 -9
66 0 -11
66 -1 -3
66 -1 -4
66 -1 -5
66 -1 -12
66 -2 0
66 -2 -1
66 -2 -4
66 -2 -5
66 -2 -12
66 -3 0
66 -3 -1
66 -3 -7
66 -3 -8
66 -3 -11
66 -3 -12
66 -4 -4
66 -4 -6
66 -4 -8
66 -4 -9
66 -4 -10
66 -4 -12
66 -5 0
66 -5 -2
66 -5 -5
66 -6 -1
66 -6 -7
66 -6 -8
66 -6 -10
66 -7 0
66 -7 -3
66 -7 -4
66 -7 -5
66 -7 -8
66 -7 -9
66 -7 -11
66 -8 0
66 -8 -1
66 -8 -2
66 -8 -3
66 -8 -6
66 -8 -7
66 -8 -9
66 -8 -11
66 -9 -2
66 -9 -5
66 -9 -8
66 -9 -12
66 -10 -3
66 -10 -4
66 -10 -11
66 -11 0
66 -11 -1
66 -11 -3
66 -11 -7
66 -11 -8
66 -11 -9
66 -11 -12
66 -12 -1
66 -12 -5
66 -12 -6
66 -12 -7
66 -12 -12
-1 -1 -1
26
6
12
1
4
0
3
28
9
29
5
7
8
10
13
2
14
27
17
15
25
16
22
20
24
19
37
18
46
30
21
34
32
38
44
31
23
45
41
11
42
58
51
48
54
35
36
39
50
56
55
40
33
65
49
61
43
59
53
60
52
47
62
66
64
63
57
  0.042193 seconds (118.95 k allocations: 3.847 MiB)
