950 0 0 0 0 0 0 0 0 0 0 0 0 0 0 0 0
0 0 0 0 0 0 0 0 0 0 0 0 0 0 0 0 0
0 0 0 0 0 0 0 0 0 0 0 0 0 0 0 0 0
0 0 0 0 0 0 0 0 0 0 0 0 0 0 0 0 0
0 0 0 0 0 0 0 0 0 0 0 0 0 0 0 0 0
0 0 0 0 0 0 0 0 0 0 0 0 0 0 0 0 0
0 0 0 0 0 0 0 0 0 0 0 0 0 0 0 0 0
0 0 0 0 0 0 0 0 0 0 0 0 0 0 0 0 0
0 0 0 0 0 0 0 0 0 0 0 0 0 0 0 0 0
0 0 0 0 0 0 0 0 0 0 0 0 0 0 0 0 0
0 0 0 0 0 0 0 0 0 0 0 0 0 0 0 0 0
0 0 0 0 0 0 0 0 0 0 0 0 0 0 0 0 0
0 0 0 0 0 0 0 0 0 0 0 0 0 0 0 0 0
0 0 0 0 0 0 0 0 0 0 0 0 0 0 0 0 0
0 0 0 0 0 0 0 0 0 0 0 0 0 0 0 0 0
0 0 0 0 0 0 0 0 0 0 0 0 0 0 0 0 0
0 0 0 0 0 0 0 0 0 0 0 0 0 0 0 0 0
0 0 -15
0 -1 -2
0 -1 -7
0 -1 -12
0 -2 -13
0 -2 -16
0 -3 -2
0 -3 -8
0 -3 -10
0 -4 0
0 -4 -3
0 -5 -7
0 -5 -8
0 -5 -15
0 -5 -16
0 -6 -10
0 -6 -11
0 -6 -12
0 -6 -13
0 -6 -16
0 -7 -5
0 -7 -7
0 -7 -14
0 -8 0
0 -8 -1
0 -8 -3
0 -8 -5
0 -8 -8
0 -8 -10
0 -8 -11
0 -8 -16
0 -9 -4
0 -9 -5
0 -9 -7
0 -9 -12
0 -9 -13
0 -10 -1
0 -10 -3
0 -10 -4
0 -10 -7
0 -10 -8
0 -10 -11
0 -10 -15
0 -11 -2
0 -11 -13
0 -12 0
0 -12 -3
0 -12 -8
0 -12 -12
0 -12 -13
0 -13 -4
0 -13 -8
0 -13 -10
0 -14 0
0 -14 -7
0 -14 -10
0 -14 -11
0 -15 -1
0 -15 -15
0 -16 -1
0 -16 -7
0 -16 -9
0 -16 -13
1 0 -15
1 -1 -2
1 -1 -7
1 -1 -12
1 -2 -13
1 -2 -16
1 -3 -2
1 -3 -8
1 -3 -10
1 -4 0
1 -4 -3
1 -5 -7
1 -5 -8
1 -5 -15
1 -5 -16
1 -6 -10
1 -6 -11
1 -6 -12
1 -6 -13
1 -6 -16
1 -7 -5
1 -7 -7
1 -7 -14
1 -8 0
1 -8 -1
1 -8 -3
1 -8 -5
1 -8 -8
1 -8 -10
1 -8 -11
1 -8 -16
1 -9 -4
1 -9 -5
1 -9 -7
1 -9 -12
1 -9 -13
1 -10 -1
1 -10 -3
1 -10 -4
1 -10 -7
1 -10 -8
1 -10 -11
1 -10 -15
1 -11 -2
1 -11 -13
1 -12 0
1 -12 -3
1 -12 -8
1 -12 -12
1 -12 -13
1 -13 -4
1 -13 -8
1 -13 -10
1 -14 0
1 -14 -7
1 -14 -10
1 -14 -11
1 -15 -1
1 -15 -15
1 -16 -1
1 -16 -7
1 -16 -9
1 -16 -13
2 0 -15
2 -1 -2
2 -1 -7
2 -1 -12
2 -2 -13
2 -2 -16
2 -3 -2
2 -3 -8
2 -3 -10
2 -4 0
2 -4 -3
2 -5 -7
2 -5 -8
2 -5 -15
2 -5 -16
2 -6 -10
2 -6 -11
2 -6 -12
2 -6 -13
2 -6 -16
2 -7 -5
2 -7 -7
2 -7 -14
2 -8 0
2 -8 -1
2 -8 -3
2 -8 -5
2 -8 -8
2 -8 -10
2 -8 -11
2 -8 -16
2 -9 -4
2 -9 -5
2 -9 -7
2 -9 -12
2 -9 -13
2 -10 -1
2 -10 -3
2 -10 -4
2 -10 -7
2 -10 -8
2 -10 -11
2 -10 -15
2 -11 -2
2 -11 -13
2 -12 0
2 -12 -3
2 -12 -8
2 -12 -12
2 -12 -13
2 -13 -4
2 -13 -8
2 -13 -10
2 -14 0
2 -14 -7
2 -14 -10
2 -14 -11
2 -15 -1
2 -15 -15
2 -16 -1
2 -16 -7
2 -16 -9
2 -16 -13
3 0 -15
3 -1 -2
3 -1 -7
3 -1 -12
3 -2 -13
3 -2 -16
3 -3 -2
3 -3 -8
3 -3 -10
3 -4 0
3 -4 -3
3 -5 -7
3 -5 -8
3 -5 -15
3 -5 -16
3 -6 -10
3 -6 -11
3 -6 -12
3 -6 -13
3 -6 -16
3 -7 -5
3 -7 -7
3 -7 -14
3 -8 0
3 -8 -1
3 -8 -3
3 -8 -5
3 -8 -8
3 -8 -10
3 -8 -11
3 -8 -16
3 -9 -4
3 -9 -5
3 -9 -7
3 -9 -12
3 -9 -13
3 -10 -1
3 -10 -3
3 -10 -4
3 -10 -7
3 -10 -8
3 -10 -11
3 -10 -15
3 -11 -2
3 -11 -13
3 -12 0
3 -12 -3
3 -12 -8
3 -12 -12
3 -12 -13
3 -13 -4
3 -13 -8
3 -13 -10
3 -14 0
3 -14 -7
3 -14 -10
3 -14 -11
3 -15 -1
3 -15 -15
3 -16 -1
3 -16 -7
3 -16 -9
3 -16 -13
4 0 -15
4 -1 -2
4 -1 -7
4 -1 -12
4 -2 -13
4 -2 -16
4 -3 -2
4 -3 -8
4 -3 -10
4 -4 0
4 -4 -3
4 -5 -7
4 -5 -8
4 -5 -15
4 -5 -16
4 -6 -10
4 -6 -11
4 -6 -12
4 -6 -13
4 -6 -16
4 -7 -5
4 -7 -7
4 -7 -14
4 -8 0
4 -8 -1
4 -8 -3
4 -8 -5
4 -8 -8
4 -8 -10
4 -8 -11
4 -8 -16
4 -9 -4
4 -9 -5
4 -9 -7
4 -9 -12
4 -9 -13
4 -10 -1
4 -10 -3
4 -10 -4
4 -10 -7
4 -10 -8
4 -10 -11
4 -10 -15
4 -11 -2
4 -11 -13
4 -12 0
4 -12 -3
4 -12 -8
4 -12 -12
4 -12 -13
4 -13 -4
4 -13 -8
4 -13 -10
4 -14 0
4 -14 -7
4 -14 -10
4 -14 -11
4 -15 -1
4 -15 -15
4 -16 -1
4 -16 -7
4 -16 -9
4 -16 -13
5 0 -15
5 -1 -2
5 -1 -7
5 -1 -12
5 -2 -13
5 -2 -16
5 -3 -2
5 -3 -8
5 -3 -10
5 -4 0
5 -4 -3
5 -5 -7
5 -5 -8
5 -5 -15
5 -5 -16
5 -6 -10
5 -6 -11
5 -6 -12
5 -6 -13
5 -6 -16
5 -7 -5
5 -7 -7
5 -7 -14
5 -8 0
5 -8 -1
5 -8 -3
5 -8 -5
5 -8 -8
5 -8 -10
5 -8 -11
5 -8 -16
5 -9 -4
5 -9 -5
5 -9 -7
5 -9 -12
5 -9 -13
5 -10 -1
5 -10 -3
5 -10 -4
5 -10 -7
5 -10 -8
5 -10 -11
5 -10 -15
5 -11 -2
5 -11 -13
5 -12 0
5 -12 -3
5 -12 -8
5 -12 -12
5 -12 -13
5 -13 -4
5 -13 -8
5 -13 -10
5 -14 0
5 -14 -7
5 -14 -10
5 -14 -11
5 -15 -1
5 -15 -15
5 -16 -1
5 -16 -7
5 -16 -9
5 -16 -13
6 0 -15
6 -1 -2
6 -1 -7
6 -1 -12
6 -2 -13
6 -2 -16
6 -3 -2
6 -3 -8
6 -3 -10
6 -4 0
6 -4 -3
6 -5 -7
6 -5 -8
6 -5 -15
6 -5 -16
6 -6 -10
6 -6 -11
6 -6 -12
6 -6 -13
6 -6 -16
6 -7 -5
6 -7 -7
6 -7 -14
6 -8 0
6 -8 -1
6 -8 -3
6 -8 -5
6 -8 -8
6 -8 -10
6 -8 -11
6 -8 -16
6 -9 -4
6 -9 -5
6 -9 -7
6 -9 -12
6 -9 -13
6 -10 -1
6 -10 -3
6 -10 -4
6 -10 -7
6 -10 -8
6 -10 -11
6 -10 -15
6 -11 -2
6 -11 -13
6 -12 0
6 -12 -3
6 -12 -8
6 -12 -12
6 -12 -13
6 -13 -4
6 -13 -8
6 -13 -10
6 -14 0
6 -14 -7
6 -14 -10
6 -14 -11
6 -15 -1
6 -15 -15
6 -16 -1
6 -16 -7
6 -16 -9
6 -16 -13
7 0 -15
7 -1 -2
7 -1 -7
7 -1 -12
7 -2 -13
7 -2 -16
7 -3 -2
7 -3 -8
7 -3 -10
7 -4 0
7 -4 -3
7 -5 -7
7 -5 -8
7 -5 -15
7 -5 -16
7 -6 -10
7 -6 -11
7 -6 -12
7 -6 -13
7 -6 -16
7 -7 -5
7 -7 -7
7 -7 -14
7 -8 0
7 -8 -1
7 -8 -3
7 -8 -5
7 -8 -8
7 -8 -10
7 -8 -11
7 -8 -16
7 -9 -4
7 -9 -5
7 -9 -7
7 -9 -12
7 -9 -13
7 -10 -1
7 -10 -3
7 -10 -4
7 -10 -7
7 -10 -8
7 -10 -11
7 -10 -15
7 -11 -2
7 -11 -13
7 -12 0
7 -12 -3
7 -12 -8
7 -12 -12
7 -12 -13
7 -13 -4
7 -13 -8
7 -13 -10
7 -14 0
7 -14 -7
7 -14 -10
7 -14 -11
7 -15 -1
7 -15 -15
7 -16 -1
7 -16 -7
7 -16 -9
7 -16 -13
8 0 -15
8 -1 -2
8 -1 -7
8 -1 -12
8 -2 -13
8 -2 -16
8 -3 -2
8 -3 -8
8 -3 -10
8 -4 0
8 -4 -3
8 -5 -7
8 -5 -8
8 -5 -15
8 -5 -16
8 -6 -10
8 -6 -11
8 -6 -12
8 -6 -13
8 -6 -16
8 -7 -5
8 -7 -7
8 -7 -14
8 -8 0
8 -8 -1
8 -8 -3
8 -8 -5
8 -8 -8
8 -8 -10
8 -8 -11
8 -8 -16
8 -9 -4
8 -9 -5
8 -9 -7
8 -9 -12
8 -9 -13
8 -10 -1
8 -10 -3
8 -10 -4
8 -10 -7
8 -10 -8
8 -10 -11
8 -10 -15
8 -11 -2
8 -11 -13
8 -12 0
8 -12 -3
8 -12 -8
8 -12 -12
8 -12 -13
8 -13 -4
8 -13 -8
8 -13 -10
8 -14 0
8 -14 -7
8 -14 -10
8 -14 -11
8 -15 -1
8 -15 -15
8 -16 -1
8 -16 -7
8 -16 -9
8 -16 -13
9 0 -15
9 -1 -2
9 -1 -7
9 -1 -12
9 -2 -13
9 -2 -16
9 -3 -2
9 -3 -8
9 -3 -10
9 -4 0
9 -4 -3
9 -5 -7
9 -5 -8
9 -5 -15
9 -5 -16
9 -6 -10
9 -6 -11
9 -6 -12
9 -6 -13
9 -6 -16
9 -7 -5
9 -7 -7
9 -7 -14
9 -8 0
9 -8 -1
9 -8 -3
9 -8 -5
9 -8 -8
9 -8 -10
9 -8 -11
9 -8 -16
9 -9 -4
9 -9 -5
9 -9 -7
9 -9 -12
9 -9 -13
9 -10 -1
9 -10 -3
9 -10 -4
9 -10 -7
9 -10 -8
9 -10 -11
9 -10 -15
9 -11 -2
9 -11 -13
9 -12 0
9 -12 -3
9 -12 -8
9 -12 -12
9 -12 -13
9 -13 -4
9 -13 -8
9 -13 -10
9 -14 0
9 -14 -7
9 -14 -10
9 -14 -11
9 -15 -1
9 -15 -15
9 -16 -1
9 -16 -7
9 -16 -9
9 -16 -13
10 0 -15
10 -1 -2
10 -1 -7
10 -1 -12
10 -2 -13
10 -2 -16
10 -3 -2
10 -3 -8
10 -3 -10
10 -4 0
10 -4 -3
10 -5 -7
10 -5 -8
10 -5 -15
10 -5 -16
10 -6 -10
10 -6 -11
10 -6 -12
10 -6 -13
10 -6 -16
10 -7 -5
10 -7 -7
10 -7 -14
10 -8 0
10 -8 -1
10 -8 -3
10 -8 -5
10 -8 -8
10 -8 -10
10 -8 -11
10 -8 -16
10 -9 -4
10 -9 -5
10 -9 -7
10 -9 -12
10 -9 -13
10 -10 -1
10 -10 -3
10 -10 -4
10 -10 -7
10 -10 -8
10 -10 -11
10 -10 -15
10 -11 -2
10 -11 -13
10 -12 0
10 -12 -3
10 -12 -8
10 -12 -12
10 -12 -13
10 -13 -4
10 -13 -8
10 -13 -10
10 -14 0
10 -14 -7
10 -14 -10
10 -14 -11
10 -15 -1
10 -15 -15
10 -16 -1
10 -16 -7
10 -16 -9
10 -16 -13
11 0 -15
11 -1 -2
11 -1 -7
11 -1 -12
11 -2 -13
11 -2 -16
11 -3 -2
11 -3 -8
11 -3 -10
11 -4 0
11 -4 -3
11 -5 -7
11 -5 -8
11 -5 -15
11 -5 -16
11 -6 -10
11 -6 -11
11 -6 -12
11 -6 -13
11 -6 -16
11 -7 -5
11 -7 -7
11 -7 -14
11 -8 0
11 -8 -1
11 -8 -3
11 -8 -5
11 -8 -8
11 -8 -10
11 -8 -11
11 -8 -16
11 -9 -4
11 -9 -5
11 -9 -7
11 -9 -12
11 -9 -13
11 -10 -1
11 -10 -3
11 -10 -4
11 -10 -7
11 -10 -8
11 -10 -11
11 -10 -15
11 -11 -2
11 -11 -13
11 -12 0
11 -12 -3
11 -12 -8
11 -12 -12
11 -12 -13
11 -13 -4
11 -13 -8
11 -13 -10
11 -14 0
11 -14 -7
11 -14 -10
11 -14 -11
11 -15 -1
11 -15 -15
11 -16 -1
11 -16 -7
11 -16 -9
11 -16 -13
12 0 -15
12 -1 -2
12 -1 -7
12 -1 -12
12 -2 -13
12 -2 -16
12 -3 -2
12 -3 -8
12 -3 -10
12 -4 0
12 -4 -3
12 -5 -7
12 -5 -8
12 -5 -15
12 -5 -16
12 -6 -10
12 -6 -11
12 -6 -12
12 -6 -13
12 -6 -16
12 -7 -5
12 -7 -7
12 -7 -14
12 -8 0
12 -8 -1
12 -8 -3
12 -8 -5
12 -8 -8
12 -8 -10
12 -8 -11
12 -8 -16
12 -9 -4
12 -9 -5
12 -9 -7
12 -9 -12
12 -9 -13
12 -10 -1
12 -10 -3
12 -10 -4
12 -10 -7
12 -10 -8
12 -10 -11
12 -10 -15
12 -11 -2
12 -11 -13
12 -12 0
12 -12 -3
12 -12 -8
12 -12 -12
12 -12 -13
12 -13 -4
12 -13 -8
12 -13 -10
12 -14 0
12 -14 -7
12 -14 -10
12 -14 -11
12 -15 -1
12 -15 -15
12 -16 -1
12 -16 -7
12 -16 -9
12 -16 -13
13 0 -15
13 -1 -2
13 -1 -7
13 -1 -12
13 -2 -13
13 -2 -16
13 -3 -2
13 -3 -8
13 -3 -10
13 -4 0
13 -4 -3
13 -5 -7
13 -5 -8
13 -5 -15
13 -5 -16
13 -6 -10
13 -6 -11
13 -6 -12
13 -6 -13
13 -6 -16
13 -7 -5
13 -7 -7
13 -7 -14
13 -8 0
13 -8 -1
13 -8 -3
13 -8 -5
13 -8 -8
13 -8 -10
13 -8 -11
13 -8 -16
13 -9 -4
13 -9 -5
13 -9 -7
13 -9 -12
13 -9 -13
13 -10 -1
13 -10 -3
13 -10 -4
13 -10 -7
13 -10 -8
13 -10 -11
13 -10 -15
13 -11 -2
13 -11 -13
13 -12 0
13 -12 -3
13 -12 -8
13 -12 -12
13 -12 -13
13 -13 -4
13 -13 -8
13 -13 -10
13 -14 0
13 -14 -7
13 -14 -10
13 -14 -11
13 -15 -1
13 -15 -15
13 -16 -1
13 -16 -7
13 -16 -9
13 -16 -13
14 0 -15
14 -1 -2
14 -1 -7
14 -1 -12
14 -2 -13
14 -2 -16
14 -3 -2
14 -3 -8
14 -3 -10
14 -4 0
14 -4 -3
14 -5 -7
14 -5 -8
14 -5 -15
14 -5 -16
14 -6 -10
14 -6 -11
14 -6 -12
14 -6 -13
14 -6 -16
14 -7 -5
14 -7 -7
14 -7 -14
14 -8 0
14 -8 -1
14 -8 -3
14 -8 -5
14 -8 -8
14 -8 -10
14 -8 -11
14 -8 -16
14 -9 -4
14 -9 -5
14 -9 -7
14 -9 -12
14 -9 -13
14 -10 -1
14 -10 -3
14 -10 -4
14 -10 -7
14 -10 -8
14 -10 -11
14 -10 -15
14 -11 -2
14 -11 -13
14 -12 0
14 -12 -3
14 -12 -8
14 -12 -12
14 -12 -13
14 -13 -4
14 -13 -8
14 -13 -10
14 -14 0
14 -14 -7
14 -14 -10
14 -14 -11
14 -15 -1
14 -15 -15
14 -16 -1
14 -16 -7
14 -16 -9
14 -16 -13
15 0 -15
15 -1 -2
15 -1 -7
15 -1 -12
15 -2 -13
15 -2 -16
15 -3 -2
15 -3 -8
15 -3 -10
15 -4 0
15 -4 -3
15 -5 -7
15 -5 -8
15 -5 -15
15 -5 -16
15 -6 -10
15 -6 -11
15 -6 -12
15 -6 -13
15 -6 -16
15 -7 -5
15 -7 -7
15 -7 -14
15 -8 0
15 -8 -1
15 -8 -3
15 -8 -5
15 -8 -8
15 -8 -10
15 -8 -11
15 -8 -16
15 -9 -4
15 -9 -5
15 -9 -7
15 -9 -12
15 -9 -13
15 -10 -1
15 -10 -3
15 -10 -4
15 -10 -7
15 -10 -8
15 -10 -11
15 -10 -15
15 -11 -2
15 -11 -13
15 -12 0
15 -12 -3
15 -12 -8
15 -12 -12
15 -12 -13
15 -13 -4
15 -13 -8
15 -13 -10
15 -14 0
15 -14 -7
15 -14 -10
15 -14 -11
15 -15 -1
15 -15 -15
15 -16 -1
15 -16 -7
15 -16 -9
15 -16 -13
16 0 -15
16 -1 -2
16 -1 -7
16 -1 -12
16 -2 -13
16 -2 -16
16 -3 -2
16 -3 -8
16 -3 -10
16 -4 0
16 -4 -3
16 -5 -7
16 -5 -8
16 -5 -15
16 -5 -16
16 -6 -10
16 -6 -11
16 -6 -12
16 -6 -13
16 -6 -16
16 -7 -5
16 -7 -7
16 -7 -14
16 -8 0
16 -8 -1
16 -8 -3
16 -8 -5
16 -8 -8
16 -8 -10
16 -8 -11
16 -8 -16
16 -9 -4
16 -9 -5
16 -9 -7
16 -9 -12
16 -9 -13
16 -10 -1
16 -10 -3
16 -10 -4
16 -10 -7
16 -10 -8
16 -10 -11
16 -10 -15
16 -11 -2
16 -11 -13
16 -12 0
16 -12 -3
16 -12 -8
16 -12 -12
16 -12 -13
16 -13 -4
16 -13 -8
16 -13 -10
16 -14 0
16 -14 -7
16 -14 -10
16 -14 -11
16 -15 -1
16 -15 -15
16 -16 -1
16 -16 -7
16 -16 -9
16 -16 -13
17 0 -15
17 -1 -2
17 -1 -7
17 -1 -12
17 -2 -13
17 -2 -16
17 -3 -2
17 -3 -8
17 -3 -10
17 -4 0
17 -4 -3
17 -5 -7
17 -5 -8
17 -5 -15
17 -5 -16
17 -6 -10
17 -6 -11
17 -6 -12
17 -6 -13
17 -6 -16
17 -7 -5
17 -7 -7
17 -7 -14
17 -8 0
17 -8 -1
17 -8 -3
17 -8 -5
17 -8 -8
17 -8 -10
17 -8 -11
17 -8 -16
17 -9 -4
17 -9 -5
17 -9 -7
17 -9 -12
17 -9 -13
17 -10 -1
17 -10 -3
17 -10 -4
17 -10 -7
17 -10 -8
17 -10 -11
17 -10 -15
17 -11 -2
17 -11 -13
17 -12 0
17 -12 -3
17 -12 -8
17 -12 -12
17 -12 -13
17 -13 -4
17 -13 -8
17 -13 -10
17 -14 0
17 -14 -7
17 -14 -10
17 -14 -11
17 -15 -1
17 -15 -15
17 -16 -1
17 -16 -7
17 -16 -9
17 -16 -13
18 0 -15
18 -1 -2
18 -1 -7
18 -1 -12
18 -2 -13
18 -2 -16
18 -3 -2
18 -3 -8
18 -3 -10
18 -4 0
18 -4 -3
18 -5 -7
18 -5 -8
18 -5 -15
18 -5 -16
18 -6 -10
18 -6 -11
18 -6 -12
18 -6 -13
18 -6 -16
18 -7 -5
18 -7 -7
18 -7 -14
18 -8 0
18 -8 -1
18 -8 -3
18 -8 -5
18 -8 -8
18 -8 -10
18 -8 -11
18 -8 -16
18 -9 -4
18 -9 -5
18 -9 -7
18 -9 -12
18 -9 -13
18 -10 -1
18 -10 -3
18 -10 -4
18 -10 -7
18 -10 -8
18 -10 -11
18 -10 -15
18 -11 -2
18 -11 -13
18 -12 0
18 -12 -3
18 -12 -8
18 -12 -12
18 -12 -13
18 -13 -4
18 -13 -8
18 -13 -10
18 -14 0
18 -14 -7
18 -14 -10
18 -14 -11
18 -15 -1
18 -15 -15
18 -16 -1
18 -16 -7
18 -16 -9
18 -16 -13
19 0 -15
19 -1 -2
19 -1 -7
19 -1 -12
19 -2 -13
19 -2 -16
19 -3 -2
19 -3 -8
19 -3 -10
19 -4 0
19 -4 -3
19 -5 -7
19 -5 -8
19 -5 -15
19 -5 -16
19 -6 -10
19 -6 -11
19 -6 -12
19 -6 -13
19 -6 -16
19 -7 -5
19 -7 -7
19 -7 -14
19 -8 0
19 -8 -1
19 -8 -3
19 -8 -5
19 -8 -8
19 -8 -10
19 -8 -11
19 -8 -16
19 -9 -4
19 -9 -5
19 -9 -7
19 -9 -12
19 -9 -13
19 -10 -1
19 -10 -3
19 -10 -4
19 -10 -7
19 -10 -8
19 -10 -11
19 -10 -15
19 -11 -2
19 -11 -13
19 -12 0
19 -12 -3
19 -12 -8
19 -12 -12
19 -12 -13
19 -13 -4
19 -13 -8
19 -13 -10
19 -14 0
19 -14 -7
19 -14 -10
19 -14 -11
19 -15 -1
19 -15 -15
19 -16 -1
19 -16 -7
19 -16 -9
19 -16 -13
20 0 -15
20 -1 -2
20 -1 -7
20 -1 -12
20 -2 -13
20 -2 -16
20 -3 -2
20 -3 -8
20 -3 -10
20 -4 0
20 -4 -3
20 -5 -7
20 -5 -8
20 -5 -15
20 -5 -16
20 -6 -10
20 -6 -11
20 -6 -12
20 -6 -13
20 -6 -16
20 -7 -5
20 -7 -7
20 -7 -14
20 -8 0
20 -8 -1
20 -8 -3
20 -8 -5
20 -8 -8
20 -8 -10
20 -8 -11
20 -8 -16
20 -9 -4
20 -9 -5
20 -9 -7
20 -9 -12
20 -9 -13
20 -10 -1
20 -10 -3
20 -10 -4
20 -10 -7
20 -10 -8
20 -10 -11
20 -10 -15
20 -11 -2
20 -11 -13
20 -12 0
20 -12 -3
20 -12 -8
20 -12 -12
20 -12 -13
20 -13 -4
20 -13 -8
20 -13 -10
20 -14 0
20 -14 -7
20 -14 -10
20 -14 -11
20 -15 -1
20 -15 -15
20 -16 -1
20 -16 -7
20 -16 -9
20 -16 -13
21 0 -15
21 -1 -2
21 -1 -7
21 -1 -12
21 -2 -13
21 -2 -16
21 -3 -2
21 -3 -8
21 -3 -10
21 -4 0
21 -4 -3
21 -5 -7
21 -5 -8
21 -5 -15
21 -5 -16
21 -6 -10
21 -6 -11
21 -6 -12
21 -6 -13
21 -6 -16
21 -7 -5
21 -7 -7
21 -7 -14
21 -8 0
21 -8 -1
21 -8 -3
21 -8 -5
21 -8 -8
21 -8 -10
21 -8 -11
21 -8 -16
21 -9 -4
21 -9 -5
21 -9 -7
21 -9 -12
21 -9 -13
21 -10 -1
21 -10 -3
21 -10 -4
21 -10 -7
21 -10 -8
21 -10 -11
21 -10 -15
21 -11 -2
21 -11 -13
21 -12 0
21 -12 -3
21 -12 -8
21 -12 -12
21 -12 -13
21 -13 -4
21 -13 -8
21 -13 -10
21 -14 0
21 -14 -7
21 -14 -10
21 -14 -11
21 -15 -1
21 -15 -15
21 -16 -1
21 -16 -7
21 -16 -9
21 -16 -13
22 0 -15
22 -1 -2
22 -1 -7
22 -1 -12
22 -2 -13
22 -2 -16
22 -3 -2
22 -3 -8
22 -3 -10
22 -4 0
22 -4 -3
22 -5 -7
22 -5 -8
22 -5 -15
22 -5 -16
22 -6 -10
22 -6 -11
22 -6 -12
22 -6 -13
22 -6 -16
22 -7 -5
22 -7 -7
22 -7 -14
22 -8 0
22 -8 -1
22 -8 -3
22 -8 -5
22 -8 -8
22 -8 -10
22 -8 -11
22 -8 -16
22 -9 -4
22 -9 -5
22 -9 -7
22 -9 -12
22 -9 -13
22 -10 -1
22 -10 -3
22 -10 -4
22 -10 -7
22 -10 -8
22 -10 -11
22 -10 -15
22 -11 -2
22 -11 -13
22 -12 0
22 -12 -3
22 -12 -8
22 -12 -12
22 -12 -13
22 -13 -4
22 -13 -8
22 -13 -10
22 -14 0
22 -14 -7
22 -14 -10
22 -14 -11
22 -15 -1
22 -15 -15
22 -16 -1
22 -16 -7
22 -16 -9
22 -16 -13
23 0 -15
23 -1 -2
23 -1 -7
23 -1 -12
23 -2 -13
23 -2 -16
23 -3 -2
23 -3 -8
23 -3 -10
23 -4 0
23 -4 -3
23 -5 -7
23 -5 -8
23 -5 -15
23 -5 -16
23 -6 -10
23 -6 -11
23 -6 -12
23 -6 -13
23 -6 -16
23 -7 -5
23 -7 -7
23 -7 -14
23 -8 0
23 -8 -1
23 -8 -3
23 -8 -5
23 -8 -8
23 -8 -10
23 -8 -11
23 -8 -16
23 -9 -4
23 -9 -5
23 -9 -7
23 -9 -12
23 -9 -13
23 -10 -1
23 -10 -3
23 -10 -4
23 -10 -7
23 -10 -8
23 -10 -11
23 -10 -15
23 -11 -2
23 -11 -13
23 -12 0
23 -12 -3
23 -12 -8
23 -12 -12
23 -12 -13
23 -13 -4
23 -13 -8
23 -13 -10
23 -14 0
23 -14 -7
23 -14 -10
23 -14 -11
23 -15 -1
23 -15 -15
23 -16 -1
23 -16 -7
23 -16 -9
23 -16 -13
24 0 -15
24 -1 -2
24 -1 -7
24 -1 -12
24 -2 -13
24 -2 -16
24 -3 -2
24 -3 -8
24 -3 -10
24 -4 0
24 -4 -3
24 -5 -7
24 -5 -8
24 -5 -15
24 -5 -16
24 -6 -10
24 -6 -11
24 -6 -12
24 -6 -13
24 -6 -16
24 -7 -5
24 -7 -7
24 -7 -14
24 -8 0
24 -8 -1
24 -8 -3
24 -8 -5
24 -8 -8
24 -8 -10
24 -8 -11
24 -8 -16
24 -9 -4
24 -9 -5
24 -9 -7
24 -9 -12
24 -9 -13
24 -10 -1
24 -10 -3
24 -10 -4
24 -10 -7
24 -10 -8
24 -10 -11
24 -10 -15
24 -11 -2
24 -11 -13
24 -12 0
24 -12 -3
24 -12 -8
24 -12 -12
24 -12 -13
24 -13 -4
24 -13 -8
24 -13 -10
24 -14 0
24 -14 -7
24 -14 -10
24 -14 -11
24 -15 -1
24 -15 -15
24 -16 -1
24 -16 -7
24 -16 -9
24 -16 -13
25 0 -15
25 -1 -2
25 -1 -7
25 -1 -12
25 -2 -13
25 -2 -16
25 -3 -2
25 -3 -8
25 -3 -10
25 -4 0
25 -4 -3
25 -5 -7
25 -5 -8
25 -5 -15
25 -5 -16
25 -6 -10
25 -6 -11
25 -6 -12
25 -6 -13
25 -6 -16
25 -7 -5
25 -7 -7
25 -7 -14
25 -8 0
25 -8 -1
25 -8 -3
25 -8 -5
25 -8 -8
25 -8 -10
25 -8 -11
25 -8 -16
25 -9 -4
25 -9 -5
25 -9 -7
25 -9 -12
25 -9 -13
25 -10 -1
25 -10 -3
25 -10 -4
25 -10 -7
25 -10 -8
25 -10 -11
25 -10 -15
25 -11 -2
25 -11 -13
25 -12 0
25 -12 -3
25 -12 -8
25 -12 -12
25 -12 -13
25 -13 -4
25 -13 -8
25 -13 -10
25 -14 0
25 -14 -7
25 -14 -10
25 -14 -11
25 -15 -1
25 -15 -15
25 -16 -1
25 -16 -7
25 -16 -9
25 -16 -13
26 0 -15
26 -1 -2
26 -1 -7
26 -1 -12
26 -2 -13
26 -2 -16
26 -3 -2
26 -3 -8
26 -3 -10
26 -4 0
26 -4 -3
26 -5 -7
26 -5 -8
26 -5 -15
26 -5 -16
26 -6 -10
26 -6 -11
26 -6 -12
26 -6 -13
26 -6 -16
26 -7 -5
26 -7 -7
26 -7 -14
26 -8 0
26 -8 -1
26 -8 -3
26 -8 -5
26 -8 -8
26 -8 -10
26 -8 -11
26 -8 -16
26 -9 -4
26 -9 -5
26 -9 -7
26 -9 -12
26 -9 -13
26 -10 -1
26 -10 -3
26 -10 -4
26 -10 -7
26 -10 -8
26 -10 -11
26 -10 -15
26 -11 -2
26 -11 -13
26 -12 0
26 -12 -3
26 -12 -8
26 -12 -12
26 -12 -13
26 -13 -4
26 -13 -8
26 -13 -10
26 -14 0
26 -14 -7
26 -14 -10
26 -14 -11
26 -15 -1
26 -15 -15
26 -16 -1
26 -16 -7
26 -16 -9
26 -16 -13
27 0 -15
27 -1 -2
27 -1 -7
27 -1 -12
27 -2 -13
27 -2 -16
27 -3 -2
27 -3 -8
27 -3 -10
27 -4 0
27 -4 -3
27 -5 -7
27 -5 -8
27 -5 -15
27 -5 -16
27 -6 -10
27 -6 -11
27 -6 -12
27 -6 -13
27 -6 -16
27 -7 -5
27 -7 -7
27 -7 -14
27 -8 0
27 -8 -1
27 -8 -3
27 -8 -5
27 -8 -8
27 -8 -10
27 -8 -11
27 -8 -16
27 -9 -4
27 -9 -5
27 -9 -7
27 -9 -12
27 -9 -13
27 -10 -1
27 -10 -3
27 -10 -4
27 -10 -7
27 -10 -8
27 -10 -11
27 -10 -15
27 -11 -2
27 -11 -13
27 -12 0
27 -12 -3
27 -12 -8
27 -12 -12
27 -12 -13
27 -13 -4
27 -13 -8
27 -13 -10
27 -14 0
27 -14 -7
27 -14 -10
27 -14 -11
27 -15 -1
27 -15 -15
27 -16 -1
27 -16 -7
27 -16 -9
27 -16 -13
28 0 -15
28 -1 -2
28 -1 -7
28 -1 -12
28 -2 -13
28 -2 -16
28 -3 -2
28 -3 -8
28 -3 -10
28 -4 0
28 -4 -3
28 -5 -7
28 -5 -8
28 -5 -15
28 -5 -16
28 -6 -10
28 -6 -11
28 -6 -12
28 -6 -13
28 -6 -16
28 -7 -5
28 -7 -7
28 -7 -14
28 -8 0
28 -8 -1
28 -8 -3
28 -8 -5
28 -8 -8
28 -8 -10
28 -8 -11
28 -8 -16
28 -9 -4
28 -9 -5
28 -9 -7
28 -9 -12
28 -9 -13
28 -10 -1
28 -10 -3
28 -10 -4
28 -10 -7
28 -10 -8
28 -10 -11
28 -10 -15
28 -11 -2
28 -11 -13
28 -12 0
28 -12 -3
28 -12 -8
28 -12 -12
28 -12 -13
28 -13 -4
28 -13 -8
28 -13 -10
28 -14 0
28 -14 -7
28 -14 -10
28 -14 -11
28 -15 -1
28 -15 -15
28 -16 -1
28 -16 -7
28 -16 -9
28 -16 -13
29 0 -15
29 -1 -2
29 -1 -7
29 -1 -12
29 -2 -13
29 -2 -16
29 -3 -2
29 -3 -8
29 -3 -10
29 -4 0
29 -4 -3
29 -5 -7
29 -5 -8
29 -5 -15
29 -5 -16
29 -6 -10
29 -6 -11
29 -6 -12
29 -6 -13
29 -6 -16
29 -7 -5
29 -7 -7
29 -7 -14
29 -8 0
29 -8 -1
29 -8 -3
29 -8 -5
29 -8 -8
29 -8 -10
29 -8 -11
29 -8 -16
29 -9 -4
29 -9 -5
29 -9 -7
29 -9 -12
29 -9 -13
29 -10 -1
29 -10 -3
29 -10 -4
29 -10 -7
29 -10 -8
29 -10 -11
29 -10 -15
29 -11 -2
29 -11 -13
29 -12 0
29 -12 -3
29 -12 -8
29 -12 -12
29 -12 -13
29 -13 -4
29 -13 -8
29 -13 -10
29 -14 0
29 -14 -7
29 -14 -10
29 -14 -11
29 -15 -1
29 -15 -15
29 -16 -1
29 -16 -7
29 -16 -9
29 -16 -13
30 0 -15
30 -1 -2
30 -1 -7
30 -1 -12
30 -2 -13
30 -2 -16
30 -3 -2
30 -3 -8
30 -3 -10
30 -4 0
30 -4 -3
30 -5 -7
30 -5 -8
30 -5 -15
30 -5 -16
30 -6 -10
30 -6 -11
30 -6 -12
30 -6 -13
30 -6 -16
30 -7 -5
30 -7 -7
30 -7 -14
30 -8 0
30 -8 -1
30 -8 -3
30 -8 -5
30 -8 -8
30 -8 -10
30 -8 -11
30 -8 -16
30 -9 -4
30 -9 -5
30 -9 -7
30 -9 -12
30 -9 -13
30 -10 -1
30 -10 -3
30 -10 -4
30 -10 -7
30 -10 -8
30 -10 -11
30 -10 -15
30 -11 -2
30 -11 -13
30 -12 0
30 -12 -3
30 -12 -8
30 -12 -12
30 -12 -13
30 -13 -4
30 -13 -8
30 -13 -10
30 -14 0
30 -14 -7
30 -14 -10
30 -14 -11
30 -15 -1
30 -15 -15
30 -16 -1
30 -16 -7
30 -16 -9
30 -16 -13
31 0 -15
31 -1 -2
31 -1 -7
31 -1 -12
31 -2 -13
31 -2 -16
31 -3 -2
31 -3 -8
31 -3 -10
31 -4 0
31 -4 -3
31 -5 -7
31 -5 -8
31 -5 -15
31 -5 -16
31 -6 -10
31 -6 -11
31 -6 -12
31 -6 -13
31 -6 -16
31 -7 -5
31 -7 -7
31 -7 -14
31 -8 0
31 -8 -1
31 -8 -3
31 -8 -5
31 -8 -8
31 -8 -10
31 -8 -11
31 -8 -16
31 -9 -4
31 -9 -5
31 -9 -7
31 -9 -12
31 -9 -13
31 -10 -1
31 -10 -3
31 -10 -4
31 -10 -7
31 -10 -8
31 -10 -11
31 -10 -15
31 -11 -2
31 -11 -13
31 -12 0
31 -12 -3
31 -12 -8
31 -12 -12
31 -12 -13
31 -13 -4
31 -13 -8
31 -13 -10
31 -14 0
31 -14 -7
31 -14 -10
31 -14 -11
31 -15 -1
31 -15 -15
31 -16 -1
31 -16 -7
31 -16 -9
31 -16 -13
32 0 -15
32 -1 -2
32 -1 -7
32 -1 -12
32 -2 -13
32 -2 -16
32 -3 -2
32 -3 -8
32 -3 -10
32 -4 0
32 -4 -3
32 -5 -7
32 -5 -8
32 -5 -15
32 -5 -16
32 -6 -10
32 -6 -11
32 -6 -12
32 -6 -13
32 -6 -16
32 -7 -5
32 -7 -7
32 -7 -14
32 -8 0
32 -8 -1
32 -8 -3
32 -8 -5
32 -8 -8
32 -8 -10
32 -8 -11
32 -8 -16
32 -9 -4
32 -9 -5
32 -9 -7
32 -9 -12
32 -9 -13
32 -10 -1
32 -10 -3
32 -10 -4
32 -10 -7
32 -10 -8
32 -10 -11
32 -10 -15
32 -11 -2
32 -11 -13
32 -12 0
32 -12 -3
32 -12 -8
32 -12 -12
32 -12 -13
32 -13 -4
32 -13 -8
32 -13 -10
32 -14 0
32 -14 -7
32 -14 -10
32 -14 -11
32 -15 -1
32 -15 -15
32 -16 -1
32 -16 -7
32 -16 -9
32 -16 -13
33 0 -15
33 -1 -2
33 -1 -7
33 -1 -12
33 -2 -13
33 -2 -16
33 -3 -2
33 -3 -8
33 -3 -10
33 -4 0
33 -4 -3
33 -5 -7
33 -5 -8
33 -5 -15
33 -5 -16
33 -6 -10
33 -6 -11
33 -6 -12
33 -6 -13
33 -6 -16
33 -7 -5
33 -7 -7
33 -7 -14
33 -8 0
33 -8 -1
33 -8 -3
33 -8 -5
33 -8 -8
33 -8 -10
33 -8 -11
33 -8 -16
33 -9 -4
33 -9 -5
33 -9 -7
33 -9 -12
33 -9 -13
33 -10 -1
33 -10 -3
33 -10 -4
33 -10 -7
33 -10 -8
33 -10 -11
33 -10 -15
33 -11 -2
33 -11 -13
33 -12 0
33 -12 -3
33 -12 -8
33 -12 -12
33 -12 -13
33 -13 -4
33 -13 -8
33 -13 -10
33 -14 0
33 -14 -7
33 -14 -10
33 -14 -11
33 -15 -1
33 -15 -15
33 -16 -1
33 -16 -7
33 -16 -9
33 -16 -13
34 0 -15
34 -1 -2
34 -1 -7
34 -1 -12
34 -2 -13
34 -2 -16
34 -3 -2
34 -3 -8
34 -3 -10
34 -4 0
34 -4 -3
34 -5 -7
34 -5 -8
34 -5 -15
34 -5 -16
34 -6 -10
34 -6 -11
34 -6 -12
34 -6 -13
34 -6 -16
34 -7 -5
34 -7 -7
34 -7 -14
34 -8 0
34 -8 -1
34 -8 -3
34 -8 -5
34 -8 -8
34 -8 -10
34 -8 -11
34 -8 -16
34 -9 -4
34 -9 -5
34 -9 -7
34 -9 -12
34 -9 -13
34 -10 -1
34 -10 -3
34 -10 -4
34 -10 -7
34 -10 -8
34 -10 -11
34 -10 -15
34 -11 -2
34 -11 -13
34 -12 0
34 -12 -3
34 -12 -8
34 -12 -12
34 -12 -13
34 -13 -4
34 -13 -8
34 -13 -10
34 -14 0
34 -14 -7
34 -14 -10
34 -14 -11
34 -15 -1
34 -15 -15
34 -16 -1
34 -16 -7
34 -16 -9
34 -16 -13
35 0 -15
35 -1 -2
35 -1 -7
35 -1 -12
35 -2 -13
35 -2 -16
35 -3 -2
35 -3 -8
35 -3 -10
35 -4 0
35 -4 -3
35 -5 -7
35 -5 -8
35 -5 -15
35 -5 -16
35 -6 -10
35 -6 -11
35 -6 -12
35 -6 -13
35 -6 -16
35 -7 -5
35 -7 -7
35 -7 -14
35 -8 0
35 -8 -1
35 -8 -3
35 -8 -5
35 -8 -8
35 -8 -10
35 -8 -11
35 -8 -16
35 -9 -4
35 -9 -5
35 -9 -7
35 -9 -12
35 -9 -13
35 -10 -1
35 -10 -3
35 -10 -4
35 -10 -7
35 -10 -8
35 -10 -11
35 -10 -15
35 -11 -2
35 -11 -13
35 -12 0
35 -12 -3
35 -12 -8
35 -12 -12
35 -12 -13
35 -13 -4
35 -13 -8
35 -13 -10
35 -14 0
35 -14 -7
35 -14 -10
35 -14 -11
35 -15 -1
35 -15 -15
35 -16 -1
35 -16 -7
35 -16 -9
35 -16 -13
36 0 -15
36 -1 -2
36 -1 -7
36 -1 -12
36 -2 -13
36 -2 -16
36 -3 -2
36 -3 -8
36 -3 -10
36 -4 0
36 -4 -3
36 -5 -7
36 -5 -8
36 -5 -15
36 -5 -16
36 -6 -10
36 -6 -11
36 -6 -12
36 -6 -13
36 -6 -16
36 -7 -5
36 -7 -7
36 -7 -14
36 -8 0
36 -8 -1
36 -8 -3
36 -8 -5
36 -8 -8
36 -8 -10
36 -8 -11
36 -8 -16
36 -9 -4
36 -9 -5
36 -9 -7
36 -9 -12
36 -9 -13
36 -10 -1
36 -10 -3
36 -10 -4
36 -10 -7
36 -10 -8
36 -10 -11
36 -10 -15
36 -11 -2
36 -11 -13
36 -12 0
36 -12 -3
36 -12 -8
36 -12 -12
36 -12 -13
36 -13 -4
36 -13 -8
36 -13 -10
36 -14 0
36 -14 -7
36 -14 -10
36 -14 -11
36 -15 -1
36 -15 -15
36 -16 -1
36 -16 -7
36 -16 -9
36 -16 -13
37 0 -15
37 -1 -2
37 -1 -7
37 -1 -12
37 -2 -13
37 -2 -16
37 -3 -2
37 -3 -8
37 -3 -10
37 -4 0
37 -4 -3
37 -5 -7
37 -5 -8
37 -5 -15
37 -5 -16
37 -6 -10
37 -6 -11
37 -6 -12
37 -6 -13
37 -6 -16
37 -7 -5
37 -7 -7
37 -7 -14
37 -8 0
37 -8 -1
37 -8 -3
37 -8 -5
37 -8 -8
37 -8 -10
37 -8 -11
37 -8 -16
37 -9 -4
37 -9 -5
37 -9 -7
37 -9 -12
37 -9 -13
37 -10 -1
37 -10 -3
37 -10 -4
37 -10 -7
37 -10 -8
37 -10 -11
37 -10 -15
37 -11 -2
37 -11 -13
37 -12 0
37 -12 -3
37 -12 -8
37 -12 -12
37 -12 -13
37 -13 -4
37 -13 -8
37 -13 -10
37 -14 0
37 -14 -7
37 -14 -10
37 -14 -11
37 -15 -1
37 -15 -15
37 -16 -1
37 -16 -7
37 -16 -9
37 -16 -13
38 0 -15
38 -1 -2
38 -1 -7
38 -1 -12
38 -2 -13
38 -2 -16
38 -3 -2
38 -3 -8
38 -3 -10
38 -4 0
38 -4 -3
38 -5 -7
38 -5 -8
38 -5 -15
38 -5 -16
38 -6 -10
38 -6 -11
38 -6 -12
38 -6 -13
38 -6 -16
38 -7 -5
38 -7 -7
38 -7 -14
38 -8 0
38 -8 -1
38 -8 -3
38 -8 -5
38 -8 -8
38 -8 -10
38 -8 -11
38 -8 -16
38 -9 -4
38 -9 -5
38 -9 -7
38 -9 -12
38 -9 -13
38 -10 -1
38 -10 -3
38 -10 -4
38 -10 -7
38 -10 -8
38 -10 -11
38 -10 -15
38 -11 -2
38 -11 -13
38 -12 0
38 -12 -3
38 -12 -8
38 -12 -12
38 -12 -13
38 -13 -4
38 -13 -8
38 -13 -10
38 -14 0
38 -14 -7
38 -14 -10
38 -14 -11
38 -15 -1
38 -15 -15
38 -16 -1
38 -16 -7
38 -16 -9
38 -16 -13
39 0 -15
39 -1 -2
39 -1 -7
39 -1 -12
39 -2 -13
39 -2 -16
39 -3 -2
39 -3 -8
39 -3 -10
39 -4 0
39 -4 -3
39 -5 -7
39 -5 -8
39 -5 -15
39 -5 -16
39 -6 -10
39 -6 -11
39 -6 -12
39 -6 -13
39 -6 -16
39 -7 -5
39 -7 -7
39 -7 -14
39 -8 0
39 -8 -1
39 -8 -3
39 -8 -5
39 -8 -8
39 -8 -10
39 -8 -11
39 -8 -16
39 -9 -4
39 -9 -5
39 -9 -7
39 -9 -12
39 -9 -13
39 -10 -1
39 -10 -3
39 -10 -4
39 -10 -7
39 -10 -8
39 -10 -11
39 -10 -15
39 -11 -2
39 -11 -13
39 -12 0
39 -12 -3
39 -12 -8
39 -12 -12
39 -12 -13
39 -13 -4
39 -13 -8
39 -13 -10
39 -14 0
39 -14 -7
39 -14 -10
39 -14 -11
39 -15 -1
39 -15 -15
39 -16 -1
39 -16 -7
39 -16 -9
39 -16 -13
40 0 -15
40 -1 -2
40 -1 -7
40 -1 -12
40 -2 -13
40 -2 -16
40 -3 -2
40 -3 -8
40 -3 -10
40 -4 0
40 -4 -3
40 -5 -7
40 -5 -8
40 -5 -15
40 -5 -16
40 -6 -10
40 -6 -11
40 -6 -12
40 -6 -13
40 -6 -16
40 -7 -5
40 -7 -7
40 -7 -14
40 -8 0
40 -8 -1
40 -8 -3
40 -8 -5
40 -8 -8
40 -8 -10
40 -8 -11
40 -8 -16
40 -9 -4
40 -9 -5
40 -9 -7
40 -9 -12
40 -9 -13
40 -10 -1
40 -10 -3
40 -10 -4
40 -10 -7
40 -10 -8
40 -10 -11
40 -10 -15
40 -11 -2
40 -11 -13
40 -12 0
40 -12 -3
40 -12 -8
40 -12 -12
40 -12 -13
40 -13 -4
40 -13 -8
40 -13 -10
40 -14 0
40 -14 -7
40 -14 -10
40 -14 -11
40 -15 -1
40 -15 -15
40 -16 -1
40 -16 -7
40 -16 -9
40 -16 -13
41 0 -15
41 -1 -2
41 -1 -7
41 -1 -12
41 -2 -13
41 -2 -16
41 -3 -2
41 -3 -8
41 -3 -10
41 -4 0
41 -4 -3
41 -5 -7
41 -5 -8
41 -5 -15
41 -5 -16
41 -6 -10
41 -6 -11
41 -6 -12
41 -6 -13
41 -6 -16
41 -7 -5
41 -7 -7
41 -7 -14
41 -8 0
41 -8 -1
41 -8 -3
41 -8 -5
41 -8 -8
41 -8 -10
41 -8 -11
41 -8 -16
41 -9 -4
41 -9 -5
41 -9 -7
41 -9 -12
41 -9 -13
41 -10 -1
41 -10 -3
41 -10 -4
41 -10 -7
41 -10 -8
41 -10 -11
41 -10 -15
41 -11 -2
41 -11 -13
41 -12 0
41 -12 -3
41 -12 -8
41 -12 -12
41 -12 -13
41 -13 -4
41 -13 -8
41 -13 -10
41 -14 0
41 -14 -7
41 -14 -10
41 -14 -11
41 -15 -1
41 -15 -15
41 -16 -1
41 -16 -7
41 -16 -9
41 -16 -13
42 0 -15
42 -1 -2
42 -1 -7
42 -1 -12
42 -2 -13
42 -2 -16
42 -3 -2
42 -3 -8
42 -3 -10
42 -4 0
42 -4 -3
42 -5 -7
42 -5 -8
42 -5 -15
42 -5 -16
42 -6 -10
42 -6 -11
42 -6 -12
42 -6 -13
42 -6 -16
42 -7 -5
42 -7 -7
42 -7 -14
42 -8 0
42 -8 -1
42 -8 -3
42 -8 -5
42 -8 -8
42 -8 -10
42 -8 -11
42 -8 -16
42 -9 -4
42 -9 -5
42 -9 -7
42 -9 -12
42 -9 -13
42 -10 -1
42 -10 -3
42 -10 -4
42 -10 -7
42 -10 -8
42 -10 -11
42 -10 -15
42 -11 -2
42 -11 -13
42 -12 0
42 -12 -3
42 -12 -8
42 -12 -12
42 -12 -13
42 -13 -4
42 -13 -8
42 -13 -10
42 -14 0
42 -14 -7
42 -14 -10
42 -14 -11
42 -15 -1
42 -15 -15
42 -16 -1
42 -16 -7
42 -16 -9
42 -16 -13
43 0 -15
43 -1 -2
43 -1 -7
43 -1 -12
43 -2 -13
43 -2 -16
43 -3 -2
43 -3 -8
43 -3 -10
43 -4 0
43 -4 -3
43 -5 -7
43 -5 -8
43 -5 -15
43 -5 -16
43 -6 -10
43 -6 -11
43 -6 -12
43 -6 -13
43 -6 -16
43 -7 -5
43 -7 -7
43 -7 -14
43 -8 0
43 -8 -1
43 -8 -3
43 -8 -5
43 -8 -8
43 -8 -10
43 -8 -11
43 -8 -16
43 -9 -4
43 -9 -5
43 -9 -7
43 -9 -12
43 -9 -13
43 -10 -1
43 -10 -3
43 -10 -4
43 -10 -7
43 -10 -8
43 -10 -11
43 -10 -15
43 -11 -2
43 -11 -13
43 -12 0
43 -12 -3
43 -12 -8
43 -12 -12
43 -12 -13
43 -13 -4
43 -13 -8
43 -13 -10
43 -14 0
43 -14 -7
43 -14 -10
43 -14 -11
43 -15 -1
43 -15 -15
43 -16 -1
43 -16 -7
43 -16 -9
43 -16 -13
44 0 -15
44 -1 -2
44 -1 -7
44 -1 -12
44 -2 -13
44 -2 -16
44 -3 -2
44 -3 -8
44 -3 -10
44 -4 0
44 -4 -3
44 -5 -7
44 -5 -8
44 -5 -15
44 -5 -16
44 -6 -10
44 -6 -11
44 -6 -12
44 -6 -13
44 -6 -16
44 -7 -5
44 -7 -7
44 -7 -14
44 -8 0
44 -8 -1
44 -8 -3
44 -8 -5
44 -8 -8
44 -8 -10
44 -8 -11
44 -8 -16
44 -9 -4
44 -9 -5
44 -9 -7
44 -9 -12
44 -9 -13
44 -10 -1
44 -10 -3
44 -10 -4
44 -10 -7
44 -10 -8
44 -10 -11
44 -10 -15
44 -11 -2
44 -11 -13
44 -12 0
44 -12 -3
44 -12 -8
44 -12 -12
44 -12 -13
44 -13 -4
44 -13 -8
44 -13 -10
44 -14 0
44 -14 -7
44 -14 -10
44 -14 -11
44 -15 -1
44 -15 -15
44 -16 -1
44 -16 -7
44 -16 -9
44 -16 -13
45 0 -15
45 -1 -2
45 -1 -7
45 -1 -12
45 -2 -13
45 -2 -16
45 -3 -2
45 -3 -8
45 -3 -10
45 -4 0
45 -4 -3
45 -5 -7
45 -5 -8
45 -5 -15
45 -5 -16
45 -6 -10
45 -6 -11
45 -6 -12
45 -6 -13
45 -6 -16
45 -7 -5
45 -7 -7
45 -7 -14
45 -8 0
45 -8 -1
45 -8 -3
45 -8 -5
45 -8 -8
45 -8 -10
45 -8 -11
45 -8 -16
45 -9 -4
45 -9 -5
45 -9 -7
45 -9 -12
45 -9 -13
45 -10 -1
45 -10 -3
45 -10 -4
45 -10 -7
45 -10 -8
45 -10 -11
45 -10 -15
45 -11 -2
45 -11 -13
45 -12 0
45 -12 -3
45 -12 -8
45 -12 -12
45 -12 -13
45 -13 -4
45 -13 -8
45 -13 -10
45 -14 0
45 -14 -7
45 -14 -10
45 -14 -11
45 -15 -1
45 -15 -15
45 -16 -1
45 -16 -7
45 -16 -9
45 -16 -13
46 0 -15
46 -1 -2
46 -1 -7
46 -1 -12
46 -2 -13
46 -2 -16
46 -3 -2
46 -3 -8
46 -3 -10
46 -4 0
46 -4 -3
46 -5 -7
46 -5 -8
46 -5 -15
46 -5 -16
46 -6 -10
46 -6 -11
46 -6 -12
46 -6 -13
46 -6 -16
46 -7 -5
46 -7 -7
46 -7 -14
46 -8 0
46 -8 -1
46 -8 -3
46 -8 -5
46 -8 -8
46 -8 -10
46 -8 -11
46 -8 -16
46 -9 -4
46 -9 -5
46 -9 -7
46 -9 -12
46 -9 -13
46 -10 -1
46 -10 -3
46 -10 -4
46 -10 -7
46 -10 -8
46 -10 -11
46 -10 -15
46 -11 -2
46 -11 -13
46 -12 0
46 -12 -3
46 -12 -8
46 -12 -12
46 -12 -13
46 -13 -4
46 -13 -8
46 -13 -10
46 -14 0
46 -14 -7
46 -14 -10
46 -14 -11
46 -15 -1
46 -15 -15
46 -16 -1
46 -16 -7
46 -16 -9
46 -16 -13
47 0 -15
47 -1 -2
47 -1 -7
47 -1 -12
47 -2 -13
47 -2 -16
47 -3 -2
47 -3 -8
47 -3 -10
47 -4 0
47 -4 -3
47 -5 -7
47 -5 -8
47 -5 -15
47 -5 -16
47 -6 -10
47 -6 -11
47 -6 -12
47 -6 -13
47 -6 -16
47 -7 -5
47 -7 -7
47 -7 -14
47 -8 0
47 -8 -1
47 -8 -3
47 -8 -5
47 -8 -8
47 -8 -10
47 -8 -11
47 -8 -16
47 -9 -4
47 -9 -5
47 -9 -7
47 -9 -12
47 -9 -13
47 -10 -1
47 -10 -3
47 -10 -4
47 -10 -7
47 -10 -8
47 -10 -11
47 -10 -15
47 -11 -2
47 -11 -13
47 -12 0
47 -12 -3
47 -12 -8
47 -12 -12
47 -12 -13
47 -13 -4
47 -13 -8
47 -13 -10
47 -14 0
47 -14 -7
47 -14 -10
47 -14 -11
47 -15 -1
47 -15 -15
47 -16 -1
47 -16 -7
47 -16 -9
47 -16 -13
48 0 -15
48 -1 -2
48 -1 -7
48 -1 -12
48 -2 -13
48 -2 -16
48 -3 -2
48 -3 -8
48 -3 -10
48 -4 0
48 -4 -3
48 -5 -7
48 -5 -8
48 -5 -15
48 -5 -16
48 -6 -10
48 -6 -11
48 -6 -12
48 -6 -13
48 -6 -16
48 -7 -5
48 -7 -7
48 -7 -14
48 -8 0
48 -8 -1
48 -8 -3
48 -8 -5
48 -8 -8
48 -8 -10
48 -8 -11
48 -8 -16
48 -9 -4
48 -9 -5
48 -9 -7
48 -9 -12
48 -9 -13
48 -10 -1
48 -10 -3
48 -10 -4
48 -10 -7
48 -10 -8
48 -10 -11
48 -10 -15
48 -11 -2
48 -11 -13
48 -12 0
48 -12 -3
48 -12 -8
48 -12 -12
48 -12 -13
48 -13 -4
48 -13 -8
48 -13 -10
48 -14 0
48 -14 -7
48 -14 -10
48 -14 -11
48 -15 -1
48 -15 -15
48 -16 -1
48 -16 -7
48 -16 -9
48 -16 -13
49 0 -15
49 -1 -2
49 -1 -7
49 -1 -12
49 -2 -13
49 -2 -16
49 -3 -2
49 -3 -8
49 -3 -10
49 -4 0
49 -4 -3
49 -5 -7
49 -5 -8
49 -5 -15
49 -5 -16
49 -6 -10
49 -6 -11
49 -6 -12
49 -6 -13
49 -6 -16
49 -7 -5
49 -7 -7
49 -7 -14
49 -8 0
49 -8 -1
49 -8 -3
49 -8 -5
49 -8 -8
49 -8 -10
49 -8 -11
49 -8 -16
49 -9 -4
49 -9 -5
49 -9 -7
49 -9 -12
49 -9 -13
49 -10 -1
49 -10 -3
49 -10 -4
49 -10 -7
49 -10 -8
49 -10 -11
49 -10 -15
49 -11 -2
49 -11 -13
49 -12 0
49 -12 -3
49 -12 -8
49 -12 -12
49 -12 -13
49 -13 -4
49 -13 -8
49 -13 -10
49 -14 0
49 -14 -7
49 -14 -10
49 -14 -11
49 -15 -1
49 -15 -15
49 -16 -1
49 -16 -7
49 -16 -9
49 -16 -13
50 0 -15
50 -1 -2
50 -1 -7
50 -1 -12
50 -2 -13
50 -2 -16
50 -3 -2
50 -3 -8
50 -3 -10
50 -4 0
50 -4 -3
50 -5 -7
50 -5 -8
50 -5 -15
50 -5 -16
50 -6 -10
50 -6 -11
50 -6 -12
50 -6 -13
50 -6 -16
50 -7 -5
50 -7 -7
50 -7 -14
50 -8 0
50 -8 -1
50 -8 -3
50 -8 -5
50 -8 -8
50 -8 -10
50 -8 -11
50 -8 -16
50 -9 -4
50 -9 -5
50 -9 -7
50 -9 -12
50 -9 -13
50 -10 -1
50 -10 -3
50 -10 -4
50 -10 -7
50 -10 -8
50 -10 -11
50 -10 -15
50 -11 -2
50 -11 -13
50 -12 0
50 -12 -3
50 -12 -8
50 -12 -12
50 -12 -13
50 -13 -4
50 -13 -8
50 -13 -10
50 -14 0
50 -14 -7
50 -14 -10
50 -14 -11
50 -15 -1
50 -15 -15
50 -16 -1
50 -16 -7
50 -16 -9
50 -16 -13
51 0 -15
51 -1 -2
51 -1 -7
51 -1 -12
51 -2 -13
51 -2 -16
51 -3 -2
51 -3 -8
51 -3 -10
51 -4 0
51 -4 -3
51 -5 -7
51 -5 -8
51 -5 -15
51 -5 -16
51 -6 -10
51 -6 -11
51 -6 -12
51 -6 -13
51 -6 -16
51 -7 -5
51 -7 -7
51 -7 -14
51 -8 0
51 -8 -1
51 -8 -3
51 -8 -5
51 -8 -8
51 -8 -10
51 -8 -11
51 -8 -16
51 -9 -4
51 -9 -5
51 -9 -7
51 -9 -12
51 -9 -13
51 -10 -1
51 -10 -3
51 -10 -4
51 -10 -7
51 -10 -8
51 -10 -11
51 -10 -15
51 -11 -2
51 -11 -13
51 -12 0
51 -12 -3
51 -12 -8
51 -12 -12
51 -12 -13
51 -13 -4
51 -13 -8
51 -13 -10
51 -14 0
51 -14 -7
51 -14 -10
51 -14 -11
51 -15 -1
51 -15 -15
51 -16 -1
51 -16 -7
51 -16 -9
51 -16 -13
52 0 -15
52 -1 -2
52 -1 -7
52 -1 -12
52 -2 -13
52 -2 -16
52 -3 -2
52 -3 -8
52 -3 -10
52 -4 0
52 -4 -3
52 -5 -7
52 -5 -8
52 -5 -15
52 -5 -16
52 -6 -10
52 -6 -11
52 -6 -12
52 -6 -13
52 -6 -16
52 -7 -5
52 -7 -7
52 -7 -14
52 -8 0
52 -8 -1
52 -8 -3
52 -8 -5
52 -8 -8
52 -8 -10
52 -8 -11
52 -8 -16
52 -9 -4
52 -9 -5
52 -9 -7
52 -9 -12
52 -9 -13
52 -10 -1
52 -10 -3
52 -10 -4
52 -10 -7
52 -10 -8
52 -10 -11
52 -10 -15
52 -11 -2
52 -11 -13
52 -12 0
52 -12 -3
52 -12 -8
52 -12 -12
52 -12 -13
52 -13 -4
52 -13 -8
52 -13 -10
52 -14 0
52 -14 -7
52 -14 -10
52 -14 -11
52 -15 -1
52 -15 -15
52 -16 -1
52 -16 -7
52 -16 -9
52 -16 -13
53 0 -15
53 -1 -2
53 -1 -7
53 -1 -12
53 -2 -13
53 -2 -16
53 -3 -2
53 -3 -8
53 -3 -10
53 -4 0
53 -4 -3
53 -5 -7
53 -5 -8
53 -5 -15
53 -5 -16
53 -6 -10
53 -6 -11
53 -6 -12
53 -6 -13
53 -6 -16
53 -7 -5
53 -7 -7
53 -7 -14
53 -8 0
53 -8 -1
53 -8 -3
53 -8 -5
53 -8 -8
53 -8 -10
53 -8 -11
53 -8 -16
53 -9 -4
53 -9 -5
53 -9 -7
53 -9 -12
53 -9 -13
53 -10 -1
53 -10 -3
53 -10 -4
53 -10 -7
53 -10 -8
53 -10 -11
53 -10 -15
53 -11 -2
53 -11 -13
53 -12 0
53 -12 -3
53 -12 -8
53 -12 -12
53 -12 -13
53 -13 -4
53 -13 -8
53 -13 -10
53 -14 0
53 -14 -7
53 -14 -10
53 -14 -11
53 -15 -1
53 -15 -15
53 -16 -1
53 -16 -7
53 -16 -9
53 -16 -13
54 0 -15
54 -1 -2
54 -1 -7
54 -1 -12
54 -2 -13
54 -2 -16
54 -3 -2
54 -3 -8
54 -3 -10
54 -4 0
54 -4 -3
54 -5 -7
54 -5 -8
54 -5 -15
54 -5 -16
54 -6 -10
54 -6 -11
54 -6 -12
54 -6 -13
54 -6 -16
54 -7 -5
54 -7 -7
54 -7 -14
54 -8 0
54 -8 -1
54 -8 -3
54 -8 -5
54 -8 -8
54 -8 -10
54 -8 -11
54 -8 -16
54 -9 -4
54 -9 -5
54 -9 -7
54 -9 -12
54 -9 -13
54 -10 -1
54 -10 -3
54 -10 -4
54 -10 -7
54 -10 -8
54 -10 -11
54 -10 -15
54 -11 -2
54 -11 -13
54 -12 0
54 -12 -3
54 -12 -8
54 -12 -12
54 -12 -13
54 -13 -4
54 -13 -8
54 -13 -10
54 -14 0
54 -14 -7
54 -14 -10
54 -14 -11
54 -15 -1
54 -15 -15
54 -16 -1
54 -16 -7
54 -16 -9
54 -16 -13
55 0 -15
55 -1 -2
55 -1 -7
55 -1 -12
55 -2 -13
55 -2 -16
55 -3 -2
55 -3 -8
55 -3 -10
55 -4 0
55 -4 -3
55 -5 -7
55 -5 -8
55 -5 -15
55 -5 -16
55 -6 -10
55 -6 -11
55 -6 -12
55 -6 -13
55 -6 -16
55 -7 -5
55 -7 -7
55 -7 -14
55 -8 0
55 -8 -1
55 -8 -3
55 -8 -5
55 -8 -8
55 -8 -10
55 -8 -11
55 -8 -16
55 -9 -4
55 -9 -5
55 -9 -7
55 -9 -12
55 -9 -13
55 -10 -1
55 -10 -3
55 -10 -4
55 -10 -7
55 -10 -8
55 -10 -11
55 -10 -15
55 -11 -2
55 -11 -13
55 -12 0
55 -12 -3
55 -12 -8
55 -12 -12
55 -12 -13
55 -13 -4
55 -13 -8
55 -13 -10
55 -14 0
55 -14 -7
55 -14 -10
55 -14 -11
55 -15 -1
55 -15 -15
55 -16 -1
55 -16 -7
55 -16 -9
55 -16 -13
56 0 -15
56 -1 -2
56 -1 -7
56 -1 -12
56 -2 -13
56 -2 -16
56 -3 -2
56 -3 -8
56 -3 -10
56 -4 0
56 -4 -3
56 -5 -7
56 -5 -8
56 -5 -15
56 -5 -16
56 -6 -10
56 -6 -11
56 -6 -12
56 -6 -13
56 -6 -16
56 -7 -5
56 -7 -7
56 -7 -14
56 -8 0
56 -8 -1
56 -8 -3
56 -8 -5
56 -8 -8
56 -8 -10
56 -8 -11
56 -8 -16
56 -9 -4
56 -9 -5
56 -9 -7
56 -9 -12
56 -9 -13
56 -10 -1
56 -10 -3
56 -10 -4
56 -10 -7
56 -10 -8
56 -10 -11
56 -10 -15
56 -11 -2
56 -11 -13
56 -12 0
56 -12 -3
56 -12 -8
56 -12 -12
56 -12 -13
56 -13 -4
56 -13 -8
56 -13 -10
56 -14 0
56 -14 -7
56 -14 -10
56 -14 -11
56 -15 -1
56 -15 -15
56 -16 -1
56 -16 -7
56 -16 -9
56 -16 -13
57 0 -15
57 -1 -2
57 -1 -7
57 -1 -12
57 -2 -13
57 -2 -16
57 -3 -2
57 -3 -8
57 -3 -10
57 -4 0
57 -4 -3
57 -5 -7
57 -5 -8
57 -5 -15
57 -5 -16
57 -6 -10
57 -6 -11
57 -6 -12
57 -6 -13
57 -6 -16
57 -7 -5
57 -7 -7
57 -7 -14
57 -8 0
57 -8 -1
57 -8 -3
57 -8 -5
57 -8 -8
57 -8 -10
57 -8 -11
57 -8 -16
57 -9 -4
57 -9 -5
57 -9 -7
57 -9 -12
57 -9 -13
57 -10 -1
57 -10 -3
57 -10 -4
57 -10 -7
57 -10 -8
57 -10 -11
57 -10 -15
57 -11 -2
57 -11 -13
57 -12 0
57 -12 -3
57 -12 -8
57 -12 -12
57 -12 -13
57 -13 -4
57 -13 -8
57 -13 -10
57 -14 0
57 -14 -7
57 -14 -10
57 -14 -11
57 -15 -1
57 -15 -15
57 -16 -1
57 -16 -7
57 -16 -9
57 -16 -13
58 0 -15
58 -1 -2
58 -1 -7
58 -1 -12
58 -2 -13
58 -2 -16
58 -3 -2
58 -3 -8
58 -3 -10
58 -4 0
58 -4 -3
58 -5 -7
58 -5 -8
58 -5 -15
58 -5 -16
58 -6 -10
58 -6 -11
58 -6 -12
58 -6 -13
58 -6 -16
58 -7 -5
58 -7 -7
58 -7 -14
58 -8 0
58 -8 -1
58 -8 -3
58 -8 -5
58 -8 -8
58 -8 -10
58 -8 -11
58 -8 -16
58 -9 -4
58 -9 -5
58 -9 -7
58 -9 -12
58 -9 -13
58 -10 -1
58 -10 -3
58 -10 -4
58 -10 -7
58 -10 -8
58 -10 -11
58 -10 -15
58 -11 -2
58 -11 -13
58 -12 0
58 -12 -3
58 -12 -8
58 -12 -12
58 -12 -13
58 -13 -4
58 -13 -8
58 -13 -10
58 -14 0
58 -14 -7
58 -14 -10
58 -14 -11
58 -15 -1
58 -15 -15
58 -16 -1
58 -16 -7
58 -16 -9
58 -16 -13
59 0 -15
59 -1 -2
59 -1 -7
59 -1 -12
59 -2 -13
59 -2 -16
59 -3 -2
59 -3 -8
59 -3 -10
59 -4 0
59 -4 -3
59 -5 -7
59 -5 -8
59 -5 -15
59 -5 -16
59 -6 -10
59 -6 -11
59 -6 -12
59 -6 -13
59 -6 -16
59 -7 -5
59 -7 -7
59 -7 -14
59 -8 0
59 -8 -1
59 -8 -3
59 -8 -5
59 -8 -8
59 -8 -10
59 -8 -11
59 -8 -16
59 -9 -4
59 -9 -5
59 -9 -7
59 -9 -12
59 -9 -13
59 -10 -1
59 -10 -3
59 -10 -4
59 -10 -7
59 -10 -8
59 -10 -11
59 -10 -15
59 -11 -2
59 -11 -13
59 -12 0
59 -12 -3
59 -12 -8
59 -12 -12
59 -12 -13
59 -13 -4
59 -13 -8
59 -13 -10
59 -14 0
59 -14 -7
59 -14 -10
59 -14 -11
59 -15 -1
59 -15 -15
59 -16 -1
59 -16 -7
59 -16 -9
59 -16 -13
60 0 -15
60 -1 -2
60 -1 -7
60 -1 -12
60 -2 -13
60 -2 -16
60 -3 -2
60 -3 -8
60 -3 -10
60 -4 0
60 -4 -3
60 -5 -7
60 -5 -8
60 -5 -15
60 -5 -16
60 -6 -10
60 -6 -11
60 -6 -12
60 -6 -13
60 -6 -16
60 -7 -5
60 -7 -7
60 -7 -14
60 -8 0
60 -8 -1
60 -8 -3
60 -8 -5
60 -8 -8
60 -8 -10
60 -8 -11
60 -8 -16
60 -9 -4
60 -9 -5
60 -9 -7
60 -9 -12
60 -9 -13
60 -10 -1
60 -10 -3
60 -10 -4
60 -10 -7
60 -10 -8
60 -10 -11
60 -10 -15
60 -11 -2
60 -11 -13
60 -12 0
60 -12 -3
60 -12 -8
60 -12 -12
60 -12 -13
60 -13 -4
60 -13 -8
60 -13 -10
60 -14 0
60 -14 -7
60 -14 -10
60 -14 -11
60 -15 -1
60 -15 -15
60 -16 -1
60 -16 -7
60 -16 -9
60 -16 -13
61 0 -15
61 -1 -2
61 -1 -7
61 -1 -12
61 -2 -13
61 -2 -16
61 -3 -2
61 -3 -8
61 -3 -10
61 -4 0
61 -4 -3
61 -5 -7
61 -5 -8
61 -5 -15
61 -5 -16
61 -6 -10
61 -6 -11
61 -6 -12
61 -6 -13
61 -6 -16
61 -7 -5
61 -7 -7
61 -7 -14
61 -8 0
61 -8 -1
61 -8 -3
61 -8 -5
61 -8 -8
61 -8 -10
61 -8 -11
61 -8 -16
61 -9 -4
61 -9 -5
61 -9 -7
61 -9 -12
61 -9 -13
61 -10 -1
61 -10 -3
61 -10 -4
61 -10 -7
61 -10 -8
61 -10 -11
61 -10 -15
61 -11 -2
61 -11 -13
61 -12 0
61 -12 -3
61 -12 -8
61 -12 -12
61 -12 -13
61 -13 -4
61 -13 -8
61 -13 -10
61 -14 0
61 -14 -7
61 -14 -10
61 -14 -11
61 -15 -1
61 -15 -15
61 -16 -1
61 -16 -7
61 -16 -9
61 -16 -13
62 0 -15
62 -1 -2
62 -1 -7
62 -1 -12
62 -2 -13
62 -2 -16
62 -3 -2
62 -3 -8
62 -3 -10
62 -4 0
62 -4 -3
62 -5 -7
62 -5 -8
62 -5 -15
62 -5 -16
62 -6 -10
62 -6 -11
62 -6 -12
62 -6 -13
62 -6 -16
62 -7 -5
62 -7 -7
62 -7 -14
62 -8 0
62 -8 -1
62 -8 -3
62 -8 -5
62 -8 -8
62 -8 -10
62 -8 -11
62 -8 -16
62 -9 -4
62 -9 -5
62 -9 -7
62 -9 -12
62 -9 -13
62 -10 -1
62 -10 -3
62 -10 -4
62 -10 -7
62 -10 -8
62 -10 -11
62 -10 -15
62 -11 -2
62 -11 -13
62 -12 0
62 -12 -3
62 -12 -8
62 -12 -12
62 -12 -13
62 -13 -4
62 -13 -8
62 -13 -10
62 -14 0
62 -14 -7
62 -14 -10
62 -14 -11
62 -15 -1
62 -15 -15
62 -16 -1
62 -16 -7
62 -16 -9
62 -16 -13
-1 -1 -1
16
15
8
3
57
18
22
46
27
13
25
60
19
28
14
31
21
45
6
30
37
33
58
9
5
24
4
41
43
54
39
11
7
61
1
26
12
49
36
32
47
0
2
50
59
29
62
52
51
40
55
48
38
17
53
20
42
44
34
23
10
35
56
  0.037972 seconds (101.45 k allocations: 3.301 MiB)
