950 0 0 0 0 0 0 0 0 0 0 0 0 0 0 0 0 0 0
0 0 0 0 0 0 0 0 0 0 0 0 0 0 0 0 0 0 0
0 0 0 0 0 0 0 0 0 0 0 0 0 0 0 0 0 0 0
0 0 0 0 0 0 0 0 0 0 0 0 0 0 0 0 0 0 0
0 0 0 0 0 0 0 0 0 0 0 0 0 0 0 0 0 0 0
0 0 0 0 0 0 0 0 0 0 0 0 0 0 0 0 0 0 0
0 0 0 0 0 0 0 0 0 0 0 0 0 0 0 0 0 0 0
0 0 0 0 0 0 0 0 0 0 0 0 0 0 0 0 0 0 0
0 0 0 0 0 0 0 0 0 0 0 0 0 0 0 0 0 0 0
0 0 0 0 0 0 0 0 0 0 0 0 0 0 0 0 0 0 0
0 0 0 0 0 0 0 0 0 0 0 0 0 0 0 0 0 0 0
0 0 0 0 0 0 0 0 0 0 0 0 0 0 0 0 0 0 0
0 0 0 0 0 0 0 0 0 0 0 0 0 0 0 0 0 0 0
0 0 0 0 0 0 0 0 0 0 0 0 0 0 0 0 0 0 0
0 0 0 0 0 0 0 0 0 0 0 0 0 0 0 0 0 0 0
0 0 0 0 0 0 0 0 0 0 0 0 0 0 0 0 0 0 0
0 0 0 0 0 0 0 0 0 0 0 0 0 0 0 0 0 0 0
0 0 0 0 0 0 0 0 0 0 0 0 0 0 0 0 0 0 0
0 0 0 0 0 0 0 0 0 0 0 0 0 0 0 0 0 0 0
0 0 0
0 0 -1
0 0 -2
0 0 -3
0 0 -5
0 0 -11
0 0 -17
0 -1 -4
0 -2 0
0 -2 -5
0 -2 -9
0 -2 -11
0 -2 -13
0 -2 -16
0 -3 -2
0 -3 -4
0 -3 -7
0 -3 -8
0 -3 -9
0 -3 -10
0 -3 -14
0 -3 -15
0 -3 -17
0 -3 -18
0 -4 -1
0 -4 -2
0 -4 -3
0 -4 -13
0 -4 -17
0 -4 -18
0 -5 -3
0 -5 -4
0 -5 -5
0 -5 -6
0 -5 -9
0 -5 -12
0 -5 -16
0 -5 -17
0 -6 -7
0 -6 -10
0 -6 -11
0 -6 -17
0 -7 -11
0 -7 -13
0 -7 -16
0 -8 -3
0 -8 -5
0 -8 -9
0 -8 -14
0 -8 -18
0 -9 -4
0 -9 -7
0 -9 -9
0 -9 -14
0 -9 -15
0 -10 -5
0 -10 -6
0 -10 -10
0 -10 -16
0 -10 -17
0 -11 -8
0 -11 -12
0 -11 -16
0 -11 -17
0 -12 -2
0 -12 -8
0 -12 -12
0 -12 -16
0 -12 -17
0 -13 -4
0 -13 -6
0 -13 -7
0 -13 -16
0 -14 0
0 -14 -3
0 -14 -14
0 -15 -8
0 -15 -17
0 -16 -6
0 -16 -8
0 -16 -9
0 -16 -15
0 -16 -16
0 -16 -17
0 -16 -18
0 -17 -1
0 -17 -3
0 -17 -4
0 -17 -15
0 -17 -18
0 -18 0
0 -18 -3
0 -18 -6
0 -18 -7
0 -18 -9
0 -18 -11
0 -18 -13
0 -18 -16
0 -18 -18
1 0 0
1 0 -1
1 0 -2
1 0 -3
1 0 -5
1 0 -11
1 0 -17
1 -1 -4
1 -2 0
1 -2 -5
1 -2 -9
1 -2 -11
1 -2 -13
1 -2 -16
1 -3 -2
1 -3 -4
1 -3 -7
1 -3 -8
1 -3 -9
1 -3 -10
1 -3 -14
1 -3 -15
1 -3 -17
1 -3 -18
1 -4 -1
1 -4 -2
1 -4 -3
1 -4 -13
1 -4 -17
1 -4 -18
1 -5 -3
1 -5 -4
1 -5 -5
1 -5 -6
1 -5 -9
1 -5 -12
1 -5 -16
1 -5 -17
1 -6 -7
1 -6 -10
1 -6 -11
1 -6 -17
1 -7 -11
1 -7 -13
1 -7 -16
1 -8 -3
1 -8 -5
1 -8 -9
1 -8 -14
1 -8 -18
1 -9 -4
1 -9 -7
1 -9 -9
1 -9 -14
1 -9 -15
1 -10 -5
1 -10 -6
1 -10 -10
1 -10 -16
1 -10 -17
1 -11 -8
1 -11 -12
1 -11 -16
1 -11 -17
1 -12 -2
1 -12 -8
1 -12 -12
1 -12 -16
1 -12 -17
1 -13 -4
1 -13 -6
1 -13 -7
1 -13 -16
1 -14 0
1 -14 -3
1 -14 -14
1 -15 -8
1 -15 -17
1 -16 -6
1 -16 -8
1 -16 -9
1 -16 -15
1 -16 -16
1 -16 -17
1 -16 -18
1 -17 -1
1 -17 -3
1 -17 -4
1 -17 -15
1 -17 -18
1 -18 0
1 -18 -3
1 -18 -6
1 -18 -7
1 -18 -9
1 -18 -11
1 -18 -13
1 -18 -16
1 -18 -18
2 0 0
2 0 -1
2 0 -2
2 0 -3
2 0 -5
2 0 -11
2 0 -17
2 -1 -4
2 -2 0
2 -2 -5
2 -2 -9
2 -2 -11
2 -2 -13
2 -2 -16
2 -3 -2
2 -3 -4
2 -3 -7
2 -3 -8
2 -3 -9
2 -3 -10
2 -3 -14
2 -3 -15
2 -3 -17
2 -3 -18
2 -4 -1
2 -4 -2
2 -4 -3
2 -4 -13
2 -4 -17
2 -4 -18
2 -5 -3
2 -5 -4
2 -5 -5
2 -5 -6
2 -5 -9
2 -5 -12
2 -5 -16
2 -5 -17
2 -6 -7
2 -6 -10
2 -6 -11
2 -6 -17
2 -7 -11
2 -7 -13
2 -7 -16
2 -8 -3
2 -8 -5
2 -8 -9
2 -8 -14
2 -8 -18
2 -9 -4
2 -9 -7
2 -9 -9
2 -9 -14
2 -9 -15
2 -10 -5
2 -10 -6
2 -10 -10
2 -10 -16
2 -10 -17
2 -11 -8
2 -11 -12
2 -11 -16
2 -11 -17
2 -12 -2
2 -12 -8
2 -12 -12
2 -12 -16
2 -12 -17
2 -13 -4
2 -13 -6
2 -13 -7
2 -13 -16
2 -14 0
2 -14 -3
2 -14 -14
2 -15 -8
2 -15 -17
2 -16 -6
2 -16 -8
2 -16 -9
2 -16 -15
2 -16 -16
2 -16 -17
2 -16 -18
2 -17 -1
2 -17 -3
2 -17 -4
2 -17 -15
2 -17 -18
2 -18 0
2 -18 -3
2 -18 -6
2 -18 -7
2 -18 -9
2 -18 -11
2 -18 -13
2 -18 -16
2 -18 -18
3 0 0
3 0 -1
3 0 -2
3 0 -3
3 0 -5
3 0 -11
3 0 -17
3 -1 -4
3 -2 0
3 -2 -5
3 -2 -9
3 -2 -11
3 -2 -13
3 -2 -16
3 -3 -2
3 -3 -4
3 -3 -7
3 -3 -8
3 -3 -9
3 -3 -10
3 -3 -14
3 -3 -15
3 -3 -17
3 -3 -18
3 -4 -1
3 -4 -2
3 -4 -3
3 -4 -13
3 -4 -17
3 -4 -18
3 -5 -3
3 -5 -4
3 -5 -5
3 -5 -6
3 -5 -9
3 -5 -12
3 -5 -16
3 -5 -17
3 -6 -7
3 -6 -10
3 -6 -11
3 -6 -17
3 -7 -11
3 -7 -13
3 -7 -16
3 -8 -3
3 -8 -5
3 -8 -9
3 -8 -14
3 -8 -18
3 -9 -4
3 -9 -7
3 -9 -9
3 -9 -14
3 -9 -15
3 -10 -5
3 -10 -6
3 -10 -10
3 -10 -16
3 -10 -17
3 -11 -8
3 -11 -12
3 -11 -16
3 -11 -17
3 -12 -2
3 -12 -8
3 -12 -12
3 -12 -16
3 -12 -17
3 -13 -4
3 -13 -6
3 -13 -7
3 -13 -16
3 -14 0
3 -14 -3
3 -14 -14
3 -15 -8
3 -15 -17
3 -16 -6
3 -16 -8
3 -16 -9
3 -16 -15
3 -16 -16
3 -16 -17
3 -16 -18
3 -17 -1
3 -17 -3
3 -17 -4
3 -17 -15
3 -17 -18
3 -18 0
3 -18 -3
3 -18 -6
3 -18 -7
3 -18 -9
3 -18 -11
3 -18 -13
3 -18 -16
3 -18 -18
4 0 0
4 0 -1
4 0 -2
4 0 -3
4 0 -5
4 0 -11
4 0 -17
4 -1 -4
4 -2 0
4 -2 -5
4 -2 -9
4 -2 -11
4 -2 -13
4 -2 -16
4 -3 -2
4 -3 -4
4 -3 -7
4 -3 -8
4 -3 -9
4 -3 -10
4 -3 -14
4 -3 -15
4 -3 -17
4 -3 -18
4 -4 -1
4 -4 -2
4 -4 -3
4 -4 -13
4 -4 -17
4 -4 -18
4 -5 -3
4 -5 -4
4 -5 -5
4 -5 -6
4 -5 -9
4 -5 -12
4 -5 -16
4 -5 -17
4 -6 -7
4 -6 -10
4 -6 -11
4 -6 -17
4 -7 -11
4 -7 -13
4 -7 -16
4 -8 -3
4 -8 -5
4 -8 -9
4 -8 -14
4 -8 -18
4 -9 -4
4 -9 -7
4 -9 -9
4 -9 -14
4 -9 -15
4 -10 -5
4 -10 -6
4 -10 -10
4 -10 -16
4 -10 -17
4 -11 -8
4 -11 -12
4 -11 -16
4 -11 -17
4 -12 -2
4 -12 -8
4 -12 -12
4 -12 -16
4 -12 -17
4 -13 -4
4 -13 -6
4 -13 -7
4 -13 -16
4 -14 0
4 -14 -3
4 -14 -14
4 -15 -8
4 -15 -17
4 -16 -6
4 -16 -8
4 -16 -9
4 -16 -15
4 -16 -16
4 -16 -17
4 -16 -18
4 -17 -1
4 -17 -3
4 -17 -4
4 -17 -15
4 -17 -18
4 -18 0
4 -18 -3
4 -18 -6
4 -18 -7
4 -18 -9
4 -18 -11
4 -18 -13
4 -18 -16
4 -18 -18
5 0 0
5 0 -1
5 0 -2
5 0 -3
5 0 -5
5 0 -11
5 0 -17
5 -1 -4
5 -2 0
5 -2 -5
5 -2 -9
5 -2 -11
5 -2 -13
5 -2 -16
5 -3 -2
5 -3 -4
5 -3 -7
5 -3 -8
5 -3 -9
5 -3 -10
5 -3 -14
5 -3 -15
5 -3 -17
5 -3 -18
5 -4 -1
5 -4 -2
5 -4 -3
5 -4 -13
5 -4 -17
5 -4 -18
5 -5 -3
5 -5 -4
5 -5 -5
5 -5 -6
5 -5 -9
5 -5 -12
5 -5 -16
5 -5 -17
5 -6 -7
5 -6 -10
5 -6 -11
5 -6 -17
5 -7 -11
5 -7 -13
5 -7 -16
5 -8 -3
5 -8 -5
5 -8 -9
5 -8 -14
5 -8 -18
5 -9 -4
5 -9 -7
5 -9 -9
5 -9 -14
5 -9 -15
5 -10 -5
5 -10 -6
5 -10 -10
5 -10 -16
5 -10 -17
5 -11 -8
5 -11 -12
5 -11 -16
5 -11 -17
5 -12 -2
5 -12 -8
5 -12 -12
5 -12 -16
5 -12 -17
5 -13 -4
5 -13 -6
5 -13 -7
5 -13 -16
5 -14 0
5 -14 -3
5 -14 -14
5 -15 -8
5 -15 -17
5 -16 -6
5 -16 -8
5 -16 -9
5 -16 -15
5 -16 -16
5 -16 -17
5 -16 -18
5 -17 -1
5 -17 -3
5 -17 -4
5 -17 -15
5 -17 -18
5 -18 0
5 -18 -3
5 -18 -6
5 -18 -7
5 -18 -9
5 -18 -11
5 -18 -13
5 -18 -16
5 -18 -18
6 0 0
6 0 -1
6 0 -2
6 0 -3
6 0 -5
6 0 -11
6 0 -17
6 -1 -4
6 -2 0
6 -2 -5
6 -2 -9
6 -2 -11
6 -2 -13
6 -2 -16
6 -3 -2
6 -3 -4
6 -3 -7
6 -3 -8
6 -3 -9
6 -3 -10
6 -3 -14
6 -3 -15
6 -3 -17
6 -3 -18
6 -4 -1
6 -4 -2
6 -4 -3
6 -4 -13
6 -4 -17
6 -4 -18
6 -5 -3
6 -5 -4
6 -5 -5
6 -5 -6
6 -5 -9
6 -5 -12
6 -5 -16
6 -5 -17
6 -6 -7
6 -6 -10
6 -6 -11
6 -6 -17
6 -7 -11
6 -7 -13
6 -7 -16
6 -8 -3
6 -8 -5
6 -8 -9
6 -8 -14
6 -8 -18
6 -9 -4
6 -9 -7
6 -9 -9
6 -9 -14
6 -9 -15
6 -10 -5
6 -10 -6
6 -10 -10
6 -10 -16
6 -10 -17
6 -11 -8
6 -11 -12
6 -11 -16
6 -11 -17
6 -12 -2
6 -12 -8
6 -12 -12
6 -12 -16
6 -12 -17
6 -13 -4
6 -13 -6
6 -13 -7
6 -13 -16
6 -14 0
6 -14 -3
6 -14 -14
6 -15 -8
6 -15 -17
6 -16 -6
6 -16 -8
6 -16 -9
6 -16 -15
6 -16 -16
6 -16 -17
6 -16 -18
6 -17 -1
6 -17 -3
6 -17 -4
6 -17 -15
6 -17 -18
6 -18 0
6 -18 -3
6 -18 -6
6 -18 -7
6 -18 -9
6 -18 -11
6 -18 -13
6 -18 -16
6 -18 -18
7 0 0
7 0 -1
7 0 -2
7 0 -3
7 0 -5
7 0 -11
7 0 -17
7 -1 -4
7 -2 0
7 -2 -5
7 -2 -9
7 -2 -11
7 -2 -13
7 -2 -16
7 -3 -2
7 -3 -4
7 -3 -7
7 -3 -8
7 -3 -9
7 -3 -10
7 -3 -14
7 -3 -15
7 -3 -17
7 -3 -18
7 -4 -1
7 -4 -2
7 -4 -3
7 -4 -13
7 -4 -17
7 -4 -18
7 -5 -3
7 -5 -4
7 -5 -5
7 -5 -6
7 -5 -9
7 -5 -12
7 -5 -16
7 -5 -17
7 -6 -7
7 -6 -10
7 -6 -11
7 -6 -17
7 -7 -11
7 -7 -13
7 -7 -16
7 -8 -3
7 -8 -5
7 -8 -9
7 -8 -14
7 -8 -18
7 -9 -4
7 -9 -7
7 -9 -9
7 -9 -14
7 -9 -15
7 -10 -5
7 -10 -6
7 -10 -10
7 -10 -16
7 -10 -17
7 -11 -8
7 -11 -12
7 -11 -16
7 -11 -17
7 -12 -2
7 -12 -8
7 -12 -12
7 -12 -16
7 -12 -17
7 -13 -4
7 -13 -6
7 -13 -7
7 -13 -16
7 -14 0
7 -14 -3
7 -14 -14
7 -15 -8
7 -15 -17
7 -16 -6
7 -16 -8
7 -16 -9
7 -16 -15
7 -16 -16
7 -16 -17
7 -16 -18
7 -17 -1
7 -17 -3
7 -17 -4
7 -17 -15
7 -17 -18
7 -18 0
7 -18 -3
7 -18 -6
7 -18 -7
7 -18 -9
7 -18 -11
7 -18 -13
7 -18 -16
7 -18 -18
8 0 0
8 0 -1
8 0 -2
8 0 -3
8 0 -5
8 0 -11
8 0 -17
8 -1 -4
8 -2 0
8 -2 -5
8 -2 -9
8 -2 -11
8 -2 -13
8 -2 -16
8 -3 -2
8 -3 -4
8 -3 -7
8 -3 -8
8 -3 -9
8 -3 -10
8 -3 -14
8 -3 -15
8 -3 -17
8 -3 -18
8 -4 -1
8 -4 -2
8 -4 -3
8 -4 -13
8 -4 -17
8 -4 -18
8 -5 -3
8 -5 -4
8 -5 -5
8 -5 -6
8 -5 -9
8 -5 -12
8 -5 -16
8 -5 -17
8 -6 -7
8 -6 -10
8 -6 -11
8 -6 -17
8 -7 -11
8 -7 -13
8 -7 -16
8 -8 -3
8 -8 -5
8 -8 -9
8 -8 -14
8 -8 -18
8 -9 -4
8 -9 -7
8 -9 -9
8 -9 -14
8 -9 -15
8 -10 -5
8 -10 -6
8 -10 -10
8 -10 -16
8 -10 -17
8 -11 -8
8 -11 -12
8 -11 -16
8 -11 -17
8 -12 -2
8 -12 -8
8 -12 -12
8 -12 -16
8 -12 -17
8 -13 -4
8 -13 -6
8 -13 -7
8 -13 -16
8 -14 0
8 -14 -3
8 -14 -14
8 -15 -8
8 -15 -17
8 -16 -6
8 -16 -8
8 -16 -9
8 -16 -15
8 -16 -16
8 -16 -17
8 -16 -18
8 -17 -1
8 -17 -3
8 -17 -4
8 -17 -15
8 -17 -18
8 -18 0
8 -18 -3
8 -18 -6
8 -18 -7
8 -18 -9
8 -18 -11
8 -18 -13
8 -18 -16
8 -18 -18
9 0 0
9 0 -1
9 0 -2
9 0 -3
9 0 -5
9 0 -11
9 0 -17
9 -1 -4
9 -2 0
9 -2 -5
9 -2 -9
9 -2 -11
9 -2 -13
9 -2 -16
9 -3 -2
9 -3 -4
9 -3 -7
9 -3 -8
9 -3 -9
9 -3 -10
9 -3 -14
9 -3 -15
9 -3 -17
9 -3 -18
9 -4 -1
9 -4 -2
9 -4 -3
9 -4 -13
9 -4 -17
9 -4 -18
9 -5 -3
9 -5 -4
9 -5 -5
9 -5 -6
9 -5 -9
9 -5 -12
9 -5 -16
9 -5 -17
9 -6 -7
9 -6 -10
9 -6 -11
9 -6 -17
9 -7 -11
9 -7 -13
9 -7 -16
9 -8 -3
9 -8 -5
9 -8 -9
9 -8 -14
9 -8 -18
9 -9 -4
9 -9 -7
9 -9 -9
9 -9 -14
9 -9 -15
9 -10 -5
9 -10 -6
9 -10 -10
9 -10 -16
9 -10 -17
9 -11 -8
9 -11 -12
9 -11 -16
9 -11 -17
9 -12 -2
9 -12 -8
9 -12 -12
9 -12 -16
9 -12 -17
9 -13 -4
9 -13 -6
9 -13 -7
9 -13 -16
9 -14 0
9 -14 -3
9 -14 -14
9 -15 -8
9 -15 -17
9 -16 -6
9 -16 -8
9 -16 -9
9 -16 -15
9 -16 -16
9 -16 -17
9 -16 -18
9 -17 -1
9 -17 -3
9 -17 -4
9 -17 -15
9 -17 -18
9 -18 0
9 -18 -3
9 -18 -6
9 -18 -7
9 -18 -9
9 -18 -11
9 -18 -13
9 -18 -16
9 -18 -18
10 0 0
10 0 -1
10 0 -2
10 0 -3
10 0 -5
10 0 -11
10 0 -17
10 -1 -4
10 -2 0
10 -2 -5
10 -2 -9
10 -2 -11
10 -2 -13
10 -2 -16
10 -3 -2
10 -3 -4
10 -3 -7
10 -3 -8
10 -3 -9
10 -3 -10
10 -3 -14
10 -3 -15
10 -3 -17
10 -3 -18
10 -4 -1
10 -4 -2
10 -4 -3
10 -4 -13
10 -4 -17
10 -4 -18
10 -5 -3
10 -5 -4
10 -5 -5
10 -5 -6
10 -5 -9
10 -5 -12
10 -5 -16
10 -5 -17
10 -6 -7
10 -6 -10
10 -6 -11
10 -6 -17
10 -7 -11
10 -7 -13
10 -7 -16
10 -8 -3
10 -8 -5
10 -8 -9
10 -8 -14
10 -8 -18
10 -9 -4
10 -9 -7
10 -9 -9
10 -9 -14
10 -9 -15
10 -10 -5
10 -10 -6
10 -10 -10
10 -10 -16
10 -10 -17
10 -11 -8
10 -11 -12
10 -11 -16
10 -11 -17
10 -12 -2
10 -12 -8
10 -12 -12
10 -12 -16
10 -12 -17
10 -13 -4
10 -13 -6
10 -13 -7
10 -13 -16
10 -14 0
10 -14 -3
10 -14 -14
10 -15 -8
10 -15 -17
10 -16 -6
10 -16 -8
10 -16 -9
10 -16 -15
10 -16 -16
10 -16 -17
10 -16 -18
10 -17 -1
10 -17 -3
10 -17 -4
10 -17 -15
10 -17 -18
10 -18 0
10 -18 -3
10 -18 -6
10 -18 -7
10 -18 -9
10 -18 -11
10 -18 -13
10 -18 -16
10 -18 -18
11 0 0
11 0 -1
11 0 -2
11 0 -3
11 0 -5
11 0 -11
11 0 -17
11 -1 -4
11 -2 0
11 -2 -5
11 -2 -9
11 -2 -11
11 -2 -13
11 -2 -16
11 -3 -2
11 -3 -4
11 -3 -7
11 -3 -8
11 -3 -9
11 -3 -10
11 -3 -14
11 -3 -15
11 -3 -17
11 -3 -18
11 -4 -1
11 -4 -2
11 -4 -3
11 -4 -13
11 -4 -17
11 -4 -18
11 -5 -3
11 -5 -4
11 -5 -5
11 -5 -6
11 -5 -9
11 -5 -12
11 -5 -16
11 -5 -17
11 -6 -7
11 -6 -10
11 -6 -11
11 -6 -17
11 -7 -11
11 -7 -13
11 -7 -16
11 -8 -3
11 -8 -5
11 -8 -9
11 -8 -14
11 -8 -18
11 -9 -4
11 -9 -7
11 -9 -9
11 -9 -14
11 -9 -15
11 -10 -5
11 -10 -6
11 -10 -10
11 -10 -16
11 -10 -17
11 -11 -8
11 -11 -12
11 -11 -16
11 -11 -17
11 -12 -2
11 -12 -8
11 -12 -12
11 -12 -16
11 -12 -17
11 -13 -4
11 -13 -6
11 -13 -7
11 -13 -16
11 -14 0
11 -14 -3
11 -14 -14
11 -15 -8
11 -15 -17
11 -16 -6
11 -16 -8
11 -16 -9
11 -16 -15
11 -16 -16
11 -16 -17
11 -16 -18
11 -17 -1
11 -17 -3
11 -17 -4
11 -17 -15
11 -17 -18
11 -18 0
11 -18 -3
11 -18 -6
11 -18 -7
11 -18 -9
11 -18 -11
11 -18 -13
11 -18 -16
11 -18 -18
12 0 0
12 0 -1
12 0 -2
12 0 -3
12 0 -5
12 0 -11
12 0 -17
12 -1 -4
12 -2 0
12 -2 -5
12 -2 -9
12 -2 -11
12 -2 -13
12 -2 -16
12 -3 -2
12 -3 -4
12 -3 -7
12 -3 -8
12 -3 -9
12 -3 -10
12 -3 -14
12 -3 -15
12 -3 -17
12 -3 -18
12 -4 -1
12 -4 -2
12 -4 -3
12 -4 -13
12 -4 -17
12 -4 -18
12 -5 -3
12 -5 -4
12 -5 -5
12 -5 -6
12 -5 -9
12 -5 -12
12 -5 -16
12 -5 -17
12 -6 -7
12 -6 -10
12 -6 -11
12 -6 -17
12 -7 -11
12 -7 -13
12 -7 -16
12 -8 -3
12 -8 -5
12 -8 -9
12 -8 -14
12 -8 -18
12 -9 -4
12 -9 -7
12 -9 -9
12 -9 -14
12 -9 -15
12 -10 -5
12 -10 -6
12 -10 -10
12 -10 -16
12 -10 -17
12 -11 -8
12 -11 -12
12 -11 -16
12 -11 -17
12 -12 -2
12 -12 -8
12 -12 -12
12 -12 -16
12 -12 -17
12 -13 -4
12 -13 -6
12 -13 -7
12 -13 -16
12 -14 0
12 -14 -3
12 -14 -14
12 -15 -8
12 -15 -17
12 -16 -6
12 -16 -8
12 -16 -9
12 -16 -15
12 -16 -16
12 -16 -17
12 -16 -18
12 -17 -1
12 -17 -3
12 -17 -4
12 -17 -15
12 -17 -18
12 -18 0
12 -18 -3
12 -18 -6
12 -18 -7
12 -18 -9
12 -18 -11
12 -18 -13
12 -18 -16
12 -18 -18
13 0 0
13 0 -1
13 0 -2
13 0 -3
13 0 -5
13 0 -11
13 0 -17
13 -1 -4
13 -2 0
13 -2 -5
13 -2 -9
13 -2 -11
13 -2 -13
13 -2 -16
13 -3 -2
13 -3 -4
13 -3 -7
13 -3 -8
13 -3 -9
13 -3 -10
13 -3 -14
13 -3 -15
13 -3 -17
13 -3 -18
13 -4 -1
13 -4 -2
13 -4 -3
13 -4 -13
13 -4 -17
13 -4 -18
13 -5 -3
13 -5 -4
13 -5 -5
13 -5 -6
13 -5 -9
13 -5 -12
13 -5 -16
13 -5 -17
13 -6 -7
13 -6 -10
13 -6 -11
13 -6 -17
13 -7 -11
13 -7 -13
13 -7 -16
13 -8 -3
13 -8 -5
13 -8 -9
13 -8 -14
13 -8 -18
13 -9 -4
13 -9 -7
13 -9 -9
13 -9 -14
13 -9 -15
13 -10 -5
13 -10 -6
13 -10 -10
13 -10 -16
13 -10 -17
13 -11 -8
13 -11 -12
13 -11 -16
13 -11 -17
13 -12 -2
13 -12 -8
13 -12 -12
13 -12 -16
13 -12 -17
13 -13 -4
13 -13 -6
13 -13 -7
13 -13 -16
13 -14 0
13 -14 -3
13 -14 -14
13 -15 -8
13 -15 -17
13 -16 -6
13 -16 -8
13 -16 -9
13 -16 -15
13 -16 -16
13 -16 -17
13 -16 -18
13 -17 -1
13 -17 -3
13 -17 -4
13 -17 -15
13 -17 -18
13 -18 0
13 -18 -3
13 -18 -6
13 -18 -7
13 -18 -9
13 -18 -11
13 -18 -13
13 -18 -16
13 -18 -18
14 0 0
14 0 -1
14 0 -2
14 0 -3
14 0 -5
14 0 -11
14 0 -17
14 -1 -4
14 -2 0
14 -2 -5
14 -2 -9
14 -2 -11
14 -2 -13
14 -2 -16
14 -3 -2
14 -3 -4
14 -3 -7
14 -3 -8
14 -3 -9
14 -3 -10
14 -3 -14
14 -3 -15
14 -3 -17
14 -3 -18
14 -4 -1
14 -4 -2
14 -4 -3
14 -4 -13
14 -4 -17
14 -4 -18
14 -5 -3
14 -5 -4
14 -5 -5
14 -5 -6
14 -5 -9
14 -5 -12
14 -5 -16
14 -5 -17
14 -6 -7
14 -6 -10
14 -6 -11
14 -6 -17
14 -7 -11
14 -7 -13
14 -7 -16
14 -8 -3
14 -8 -5
14 -8 -9
14 -8 -14
14 -8 -18
14 -9 -4
14 -9 -7
14 -9 -9
14 -9 -14
14 -9 -15
14 -10 -5
14 -10 -6
14 -10 -10
14 -10 -16
14 -10 -17
14 -11 -8
14 -11 -12
14 -11 -16
14 -11 -17
14 -12 -2
14 -12 -8
14 -12 -12
14 -12 -16
14 -12 -17
14 -13 -4
14 -13 -6
14 -13 -7
14 -13 -16
14 -14 0
14 -14 -3
14 -14 -14
14 -15 -8
14 -15 -17
14 -16 -6
14 -16 -8
14 -16 -9
14 -16 -15
14 -16 -16
14 -16 -17
14 -16 -18
14 -17 -1
14 -17 -3
14 -17 -4
14 -17 -15
14 -17 -18
14 -18 0
14 -18 -3
14 -18 -6
14 -18 -7
14 -18 -9
14 -18 -11
14 -18 -13
14 -18 -16
14 -18 -18
15 0 0
15 0 -1
15 0 -2
15 0 -3
15 0 -5
15 0 -11
15 0 -17
15 -1 -4
15 -2 0
15 -2 -5
15 -2 -9
15 -2 -11
15 -2 -13
15 -2 -16
15 -3 -2
15 -3 -4
15 -3 -7
15 -3 -8
15 -3 -9
15 -3 -10
15 -3 -14
15 -3 -15
15 -3 -17
15 -3 -18
15 -4 -1
15 -4 -2
15 -4 -3
15 -4 -13
15 -4 -17
15 -4 -18
15 -5 -3
15 -5 -4
15 -5 -5
15 -5 -6
15 -5 -9
15 -5 -12
15 -5 -16
15 -5 -17
15 -6 -7
15 -6 -10
15 -6 -11
15 -6 -17
15 -7 -11
15 -7 -13
15 -7 -16
15 -8 -3
15 -8 -5
15 -8 -9
15 -8 -14
15 -8 -18
15 -9 -4
15 -9 -7
15 -9 -9
15 -9 -14
15 -9 -15
15 -10 -5
15 -10 -6
15 -10 -10
15 -10 -16
15 -10 -17
15 -11 -8
15 -11 -12
15 -11 -16
15 -11 -17
15 -12 -2
15 -12 -8
15 -12 -12
15 -12 -16
15 -12 -17
15 -13 -4
15 -13 -6
15 -13 -7
15 -13 -16
15 -14 0
15 -14 -3
15 -14 -14
15 -15 -8
15 -15 -17
15 -16 -6
15 -16 -8
15 -16 -9
15 -16 -15
15 -16 -16
15 -16 -17
15 -16 -18
15 -17 -1
15 -17 -3
15 -17 -4
15 -17 -15
15 -17 -18
15 -18 0
15 -18 -3
15 -18 -6
15 -18 -7
15 -18 -9
15 -18 -11
15 -18 -13
15 -18 -16
15 -18 -18
16 0 0
16 0 -1
16 0 -2
16 0 -3
16 0 -5
16 0 -11
16 0 -17
16 -1 -4
16 -2 0
16 -2 -5
16 -2 -9
16 -2 -11
16 -2 -13
16 -2 -16
16 -3 -2
16 -3 -4
16 -3 -7
16 -3 -8
16 -3 -9
16 -3 -10
16 -3 -14
16 -3 -15
16 -3 -17
16 -3 -18
16 -4 -1
16 -4 -2
16 -4 -3
16 -4 -13
16 -4 -17
16 -4 -18
16 -5 -3
16 -5 -4
16 -5 -5
16 -5 -6
16 -5 -9
16 -5 -12
16 -5 -16
16 -5 -17
16 -6 -7
16 -6 -10
16 -6 -11
16 -6 -17
16 -7 -11
16 -7 -13
16 -7 -16
16 -8 -3
16 -8 -5
16 -8 -9
16 -8 -14
16 -8 -18
16 -9 -4
16 -9 -7
16 -9 -9
16 -9 -14
16 -9 -15
16 -10 -5
16 -10 -6
16 -10 -10
16 -10 -16
16 -10 -17
16 -11 -8
16 -11 -12
16 -11 -16
16 -11 -17
16 -12 -2
16 -12 -8
16 -12 -12
16 -12 -16
16 -12 -17
16 -13 -4
16 -13 -6
16 -13 -7
16 -13 -16
16 -14 0
16 -14 -3
16 -14 -14
16 -15 -8
16 -15 -17
16 -16 -6
16 -16 -8
16 -16 -9
16 -16 -15
16 -16 -16
16 -16 -17
16 -16 -18
16 -17 -1
16 -17 -3
16 -17 -4
16 -17 -15
16 -17 -18
16 -18 0
16 -18 -3
16 -18 -6
16 -18 -7
16 -18 -9
16 -18 -11
16 -18 -13
16 -18 -16
16 -18 -18
17 0 0
17 0 -1
17 0 -2
17 0 -3
17 0 -5
17 0 -11
17 0 -17
17 -1 -4
17 -2 0
17 -2 -5
17 -2 -9
17 -2 -11
17 -2 -13
17 -2 -16
17 -3 -2
17 -3 -4
17 -3 -7
17 -3 -8
17 -3 -9
17 -3 -10
17 -3 -14
17 -3 -15
17 -3 -17
17 -3 -18
17 -4 -1
17 -4 -2
17 -4 -3
17 -4 -13
17 -4 -17
17 -4 -18
17 -5 -3
17 -5 -4
17 -5 -5
17 -5 -6
17 -5 -9
17 -5 -12
17 -5 -16
17 -5 -17
17 -6 -7
17 -6 -10
17 -6 -11
17 -6 -17
17 -7 -11
17 -7 -13
17 -7 -16
17 -8 -3
17 -8 -5
17 -8 -9
17 -8 -14
17 -8 -18
17 -9 -4
17 -9 -7
17 -9 -9
17 -9 -14
17 -9 -15
17 -10 -5
17 -10 -6
17 -10 -10
17 -10 -16
17 -10 -17
17 -11 -8
17 -11 -12
17 -11 -16
17 -11 -17
17 -12 -2
17 -12 -8
17 -12 -12
17 -12 -16
17 -12 -17
17 -13 -4
17 -13 -6
17 -13 -7
17 -13 -16
17 -14 0
17 -14 -3
17 -14 -14
17 -15 -8
17 -15 -17
17 -16 -6
17 -16 -8
17 -16 -9
17 -16 -15
17 -16 -16
17 -16 -17
17 -16 -18
17 -17 -1
17 -17 -3
17 -17 -4
17 -17 -15
17 -17 -18
17 -18 0
17 -18 -3
17 -18 -6
17 -18 -7
17 -18 -9
17 -18 -11
17 -18 -13
17 -18 -16
17 -18 -18
18 0 0
18 0 -1
18 0 -2
18 0 -3
18 0 -5
18 0 -11
18 0 -17
18 -1 -4
18 -2 0
18 -2 -5
18 -2 -9
18 -2 -11
18 -2 -13
18 -2 -16
18 -3 -2
18 -3 -4
18 -3 -7
18 -3 -8
18 -3 -9
18 -3 -10
18 -3 -14
18 -3 -15
18 -3 -17
18 -3 -18
18 -4 -1
18 -4 -2
18 -4 -3
18 -4 -13
18 -4 -17
18 -4 -18
18 -5 -3
18 -5 -4
18 -5 -5
18 -5 -6
18 -5 -9
18 -5 -12
18 -5 -16
18 -5 -17
18 -6 -7
18 -6 -10
18 -6 -11
18 -6 -17
18 -7 -11
18 -7 -13
18 -7 -16
18 -8 -3
18 -8 -5
18 -8 -9
18 -8 -14
18 -8 -18
18 -9 -4
18 -9 -7
18 -9 -9
18 -9 -14
18 -9 -15
18 -10 -5
18 -10 -6
18 -10 -10
18 -10 -16
18 -10 -17
18 -11 -8
18 -11 -12
18 -11 -16
18 -11 -17
18 -12 -2
18 -12 -8
18 -12 -12
18 -12 -16
18 -12 -17
18 -13 -4
18 -13 -6
18 -13 -7
18 -13 -16
18 -14 0
18 -14 -3
18 -14 -14
18 -15 -8
18 -15 -17
18 -16 -6
18 -16 -8
18 -16 -9
18 -16 -15
18 -16 -16
18 -16 -17
18 -16 -18
18 -17 -1
18 -17 -3
18 -17 -4
18 -17 -15
18 -17 -18
18 -18 0
18 -18 -3
18 -18 -6
18 -18 -7
18 -18 -9
18 -18 -11
18 -18 -13
18 -18 -16
18 -18 -18
19 0 0
19 0 -1
19 0 -2
19 0 -3
19 0 -5
19 0 -11
19 0 -17
19 -1 -4
19 -2 0
19 -2 -5
19 -2 -9
19 -2 -11
19 -2 -13
19 -2 -16
19 -3 -2
19 -3 -4
19 -3 -7
19 -3 -8
19 -3 -9
19 -3 -10
19 -3 -14
19 -3 -15
19 -3 -17
19 -3 -18
19 -4 -1
19 -4 -2
19 -4 -3
19 -4 -13
19 -4 -17
19 -4 -18
19 -5 -3
19 -5 -4
19 -5 -5
19 -5 -6
19 -5 -9
19 -5 -12
19 -5 -16
19 -5 -17
19 -6 -7
19 -6 -10
19 -6 -11
19 -6 -17
19 -7 -11
19 -7 -13
19 -7 -16
19 -8 -3
19 -8 -5
19 -8 -9
19 -8 -14
19 -8 -18
19 -9 -4
19 -9 -7
19 -9 -9
19 -9 -14
19 -9 -15
19 -10 -5
19 -10 -6
19 -10 -10
19 -10 -16
19 -10 -17
19 -11 -8
19 -11 -12
19 -11 -16
19 -11 -17
19 -12 -2
19 -12 -8
19 -12 -12
19 -12 -16
19 -12 -17
19 -13 -4
19 -13 -6
19 -13 -7
19 -13 -16
19 -14 0
19 -14 -3
19 -14 -14
19 -15 -8
19 -15 -17
19 -16 -6
19 -16 -8
19 -16 -9
19 -16 -15
19 -16 -16
19 -16 -17
19 -16 -18
19 -17 -1
19 -17 -3
19 -17 -4
19 -17 -15
19 -17 -18
19 -18 0
19 -18 -3
19 -18 -6
19 -18 -7
19 -18 -9
19 -18 -11
19 -18 -13
19 -18 -16
19 -18 -18
20 0 0
20 0 -1
20 0 -2
20 0 -3
20 0 -5
20 0 -11
20 0 -17
20 -1 -4
20 -2 0
20 -2 -5
20 -2 -9
20 -2 -11
20 -2 -13
20 -2 -16
20 -3 -2
20 -3 -4
20 -3 -7
20 -3 -8
20 -3 -9
20 -3 -10
20 -3 -14
20 -3 -15
20 -3 -17
20 -3 -18
20 -4 -1
20 -4 -2
20 -4 -3
20 -4 -13
20 -4 -17
20 -4 -18
20 -5 -3
20 -5 -4
20 -5 -5
20 -5 -6
20 -5 -9
20 -5 -12
20 -5 -16
20 -5 -17
20 -6 -7
20 -6 -10
20 -6 -11
20 -6 -17
20 -7 -11
20 -7 -13
20 -7 -16
20 -8 -3
20 -8 -5
20 -8 -9
20 -8 -14
20 -8 -18
20 -9 -4
20 -9 -7
20 -9 -9
20 -9 -14
20 -9 -15
20 -10 -5
20 -10 -6
20 -10 -10
20 -10 -16
20 -10 -17
20 -11 -8
20 -11 -12
20 -11 -16
20 -11 -17
20 -12 -2
20 -12 -8
20 -12 -12
20 -12 -16
20 -12 -17
20 -13 -4
20 -13 -6
20 -13 -7
20 -13 -16
20 -14 0
20 -14 -3
20 -14 -14
20 -15 -8
20 -15 -17
20 -16 -6
20 -16 -8
20 -16 -9
20 -16 -15
20 -16 -16
20 -16 -17
20 -16 -18
20 -17 -1
20 -17 -3
20 -17 -4
20 -17 -15
20 -17 -18
20 -18 0
20 -18 -3
20 -18 -6
20 -18 -7
20 -18 -9
20 -18 -11
20 -18 -13
20 -18 -16
20 -18 -18
21 0 0
21 0 -1
21 0 -2
21 0 -3
21 0 -5
21 0 -11
21 0 -17
21 -1 -4
21 -2 0
21 -2 -5
21 -2 -9
21 -2 -11
21 -2 -13
21 -2 -16
21 -3 -2
21 -3 -4
21 -3 -7
21 -3 -8
21 -3 -9
21 -3 -10
21 -3 -14
21 -3 -15
21 -3 -17
21 -3 -18
21 -4 -1
21 -4 -2
21 -4 -3
21 -4 -13
21 -4 -17
21 -4 -18
21 -5 -3
21 -5 -4
21 -5 -5
21 -5 -6
21 -5 -9
21 -5 -12
21 -5 -16
21 -5 -17
21 -6 -7
21 -6 -10
21 -6 -11
21 -6 -17
21 -7 -11
21 -7 -13
21 -7 -16
21 -8 -3
21 -8 -5
21 -8 -9
21 -8 -14
21 -8 -18
21 -9 -4
21 -9 -7
21 -9 -9
21 -9 -14
21 -9 -15
21 -10 -5
21 -10 -6
21 -10 -10
21 -10 -16
21 -10 -17
21 -11 -8
21 -11 -12
21 -11 -16
21 -11 -17
21 -12 -2
21 -12 -8
21 -12 -12
21 -12 -16
21 -12 -17
21 -13 -4
21 -13 -6
21 -13 -7
21 -13 -16
21 -14 0
21 -14 -3
21 -14 -14
21 -15 -8
21 -15 -17
21 -16 -6
21 -16 -8
21 -16 -9
21 -16 -15
21 -16 -16
21 -16 -17
21 -16 -18
21 -17 -1
21 -17 -3
21 -17 -4
21 -17 -15
21 -17 -18
21 -18 0
21 -18 -3
21 -18 -6
21 -18 -7
21 -18 -9
21 -18 -11
21 -18 -13
21 -18 -16
21 -18 -18
22 0 0
22 0 -1
22 0 -2
22 0 -3
22 0 -5
22 0 -11
22 0 -17
22 -1 -4
22 -2 0
22 -2 -5
22 -2 -9
22 -2 -11
22 -2 -13
22 -2 -16
22 -3 -2
22 -3 -4
22 -3 -7
22 -3 -8
22 -3 -9
22 -3 -10
22 -3 -14
22 -3 -15
22 -3 -17
22 -3 -18
22 -4 -1
22 -4 -2
22 -4 -3
22 -4 -13
22 -4 -17
22 -4 -18
22 -5 -3
22 -5 -4
22 -5 -5
22 -5 -6
22 -5 -9
22 -5 -12
22 -5 -16
22 -5 -17
22 -6 -7
22 -6 -10
22 -6 -11
22 -6 -17
22 -7 -11
22 -7 -13
22 -7 -16
22 -8 -3
22 -8 -5
22 -8 -9
22 -8 -14
22 -8 -18
22 -9 -4
22 -9 -7
22 -9 -9
22 -9 -14
22 -9 -15
22 -10 -5
22 -10 -6
22 -10 -10
22 -10 -16
22 -10 -17
22 -11 -8
22 -11 -12
22 -11 -16
22 -11 -17
22 -12 -2
22 -12 -8
22 -12 -12
22 -12 -16
22 -12 -17
22 -13 -4
22 -13 -6
22 -13 -7
22 -13 -16
22 -14 0
22 -14 -3
22 -14 -14
22 -15 -8
22 -15 -17
22 -16 -6
22 -16 -8
22 -16 -9
22 -16 -15
22 -16 -16
22 -16 -17
22 -16 -18
22 -17 -1
22 -17 -3
22 -17 -4
22 -17 -15
22 -17 -18
22 -18 0
22 -18 -3
22 -18 -6
22 -18 -7
22 -18 -9
22 -18 -11
22 -18 -13
22 -18 -16
22 -18 -18
23 0 0
23 0 -1
23 0 -2
23 0 -3
23 0 -5
23 0 -11
23 0 -17
23 -1 -4
23 -2 0
23 -2 -5
23 -2 -9
23 -2 -11
23 -2 -13
23 -2 -16
23 -3 -2
23 -3 -4
23 -3 -7
23 -3 -8
23 -3 -9
23 -3 -10
23 -3 -14
23 -3 -15
23 -3 -17
23 -3 -18
23 -4 -1
23 -4 -2
23 -4 -3
23 -4 -13
23 -4 -17
23 -4 -18
23 -5 -3
23 -5 -4
23 -5 -5
23 -5 -6
23 -5 -9
23 -5 -12
23 -5 -16
23 -5 -17
23 -6 -7
23 -6 -10
23 -6 -11
23 -6 -17
23 -7 -11
23 -7 -13
23 -7 -16
23 -8 -3
23 -8 -5
23 -8 -9
23 -8 -14
23 -8 -18
23 -9 -4
23 -9 -7
23 -9 -9
23 -9 -14
23 -9 -15
23 -10 -5
23 -10 -6
23 -10 -10
23 -10 -16
23 -10 -17
23 -11 -8
23 -11 -12
23 -11 -16
23 -11 -17
23 -12 -2
23 -12 -8
23 -12 -12
23 -12 -16
23 -12 -17
23 -13 -4
23 -13 -6
23 -13 -7
23 -13 -16
23 -14 0
23 -14 -3
23 -14 -14
23 -15 -8
23 -15 -17
23 -16 -6
23 -16 -8
23 -16 -9
23 -16 -15
23 -16 -16
23 -16 -17
23 -16 -18
23 -17 -1
23 -17 -3
23 -17 -4
23 -17 -15
23 -17 -18
23 -18 0
23 -18 -3
23 -18 -6
23 -18 -7
23 -18 -9
23 -18 -11
23 -18 -13
23 -18 -16
23 -18 -18
24 0 0
24 0 -1
24 0 -2
24 0 -3
24 0 -5
24 0 -11
24 0 -17
24 -1 -4
24 -2 0
24 -2 -5
24 -2 -9
24 -2 -11
24 -2 -13
24 -2 -16
24 -3 -2
24 -3 -4
24 -3 -7
24 -3 -8
24 -3 -9
24 -3 -10
24 -3 -14
24 -3 -15
24 -3 -17
24 -3 -18
24 -4 -1
24 -4 -2
24 -4 -3
24 -4 -13
24 -4 -17
24 -4 -18
24 -5 -3
24 -5 -4
24 -5 -5
24 -5 -6
24 -5 -9
24 -5 -12
24 -5 -16
24 -5 -17
24 -6 -7
24 -6 -10
24 -6 -11
24 -6 -17
24 -7 -11
24 -7 -13
24 -7 -16
24 -8 -3
24 -8 -5
24 -8 -9
24 -8 -14
24 -8 -18
24 -9 -4
24 -9 -7
24 -9 -9
24 -9 -14
24 -9 -15
24 -10 -5
24 -10 -6
24 -10 -10
24 -10 -16
24 -10 -17
24 -11 -8
24 -11 -12
24 -11 -16
24 -11 -17
24 -12 -2
24 -12 -8
24 -12 -12
24 -12 -16
24 -12 -17
24 -13 -4
24 -13 -6
24 -13 -7
24 -13 -16
24 -14 0
24 -14 -3
24 -14 -14
24 -15 -8
24 -15 -17
24 -16 -6
24 -16 -8
24 -16 -9
24 -16 -15
24 -16 -16
24 -16 -17
24 -16 -18
24 -17 -1
24 -17 -3
24 -17 -4
24 -17 -15
24 -17 -18
24 -18 0
24 -18 -3
24 -18 -6
24 -18 -7
24 -18 -9
24 -18 -11
24 -18 -13
24 -18 -16
24 -18 -18
25 0 0
25 0 -1
25 0 -2
25 0 -3
25 0 -5
25 0 -11
25 0 -17
25 -1 -4
25 -2 0
25 -2 -5
25 -2 -9
25 -2 -11
25 -2 -13
25 -2 -16
25 -3 -2
25 -3 -4
25 -3 -7
25 -3 -8
25 -3 -9
25 -3 -10
25 -3 -14
25 -3 -15
25 -3 -17
25 -3 -18
25 -4 -1
25 -4 -2
25 -4 -3
25 -4 -13
25 -4 -17
25 -4 -18
25 -5 -3
25 -5 -4
25 -5 -5
25 -5 -6
25 -5 -9
25 -5 -12
25 -5 -16
25 -5 -17
25 -6 -7
25 -6 -10
25 -6 -11
25 -6 -17
25 -7 -11
25 -7 -13
25 -7 -16
25 -8 -3
25 -8 -5
25 -8 -9
25 -8 -14
25 -8 -18
25 -9 -4
25 -9 -7
25 -9 -9
25 -9 -14
25 -9 -15
25 -10 -5
25 -10 -6
25 -10 -10
25 -10 -16
25 -10 -17
25 -11 -8
25 -11 -12
25 -11 -16
25 -11 -17
25 -12 -2
25 -12 -8
25 -12 -12
25 -12 -16
25 -12 -17
25 -13 -4
25 -13 -6
25 -13 -7
25 -13 -16
25 -14 0
25 -14 -3
25 -14 -14
25 -15 -8
25 -15 -17
25 -16 -6
25 -16 -8
25 -16 -9
25 -16 -15
25 -16 -16
25 -16 -17
25 -16 -18
25 -17 -1
25 -17 -3
25 -17 -4
25 -17 -15
25 -17 -18
25 -18 0
25 -18 -3
25 -18 -6
25 -18 -7
25 -18 -9
25 -18 -11
25 -18 -13
25 -18 -16
25 -18 -18
26 0 0
26 0 -1
26 0 -2
26 0 -3
26 0 -5
26 0 -11
26 0 -17
26 -1 -4
26 -2 0
26 -2 -5
26 -2 -9
26 -2 -11
26 -2 -13
26 -2 -16
26 -3 -2
26 -3 -4
26 -3 -7
26 -3 -8
26 -3 -9
26 -3 -10
26 -3 -14
26 -3 -15
26 -3 -17
26 -3 -18
26 -4 -1
26 -4 -2
26 -4 -3
26 -4 -13
26 -4 -17
26 -4 -18
26 -5 -3
26 -5 -4
26 -5 -5
26 -5 -6
26 -5 -9
26 -5 -12
26 -5 -16
26 -5 -17
26 -6 -7
26 -6 -10
26 -6 -11
26 -6 -17
26 -7 -11
26 -7 -13
26 -7 -16
26 -8 -3
26 -8 -5
26 -8 -9
26 -8 -14
26 -8 -18
26 -9 -4
26 -9 -7
26 -9 -9
26 -9 -14
26 -9 -15
26 -10 -5
26 -10 -6
26 -10 -10
26 -10 -16
26 -10 -17
26 -11 -8
26 -11 -12
26 -11 -16
26 -11 -17
26 -12 -2
26 -12 -8
26 -12 -12
26 -12 -16
26 -12 -17
26 -13 -4
26 -13 -6
26 -13 -7
26 -13 -16
26 -14 0
26 -14 -3
26 -14 -14
26 -15 -8
26 -15 -17
26 -16 -6
26 -16 -8
26 -16 -9
26 -16 -15
26 -16 -16
26 -16 -17
26 -16 -18
26 -17 -1
26 -17 -3
26 -17 -4
26 -17 -15
26 -17 -18
26 -18 0
26 -18 -3
26 -18 -6
26 -18 -7
26 -18 -9
26 -18 -11
26 -18 -13
26 -18 -16
26 -18 -18
27 0 0
27 0 -1
27 0 -2
27 0 -3
27 0 -5
27 0 -11
27 0 -17
27 -1 -4
27 -2 0
27 -2 -5
27 -2 -9
27 -2 -11
27 -2 -13
27 -2 -16
27 -3 -2
27 -3 -4
27 -3 -7
27 -3 -8
27 -3 -9
27 -3 -10
27 -3 -14
27 -3 -15
27 -3 -17
27 -3 -18
27 -4 -1
27 -4 -2
27 -4 -3
27 -4 -13
27 -4 -17
27 -4 -18
27 -5 -3
27 -5 -4
27 -5 -5
27 -5 -6
27 -5 -9
27 -5 -12
27 -5 -16
27 -5 -17
27 -6 -7
27 -6 -10
27 -6 -11
27 -6 -17
27 -7 -11
27 -7 -13
27 -7 -16
27 -8 -3
27 -8 -5
27 -8 -9
27 -8 -14
27 -8 -18
27 -9 -4
27 -9 -7
27 -9 -9
27 -9 -14
27 -9 -15
27 -10 -5
27 -10 -6
27 -10 -10
27 -10 -16
27 -10 -17
27 -11 -8
27 -11 -12
27 -11 -16
27 -11 -17
27 -12 -2
27 -12 -8
27 -12 -12
27 -12 -16
27 -12 -17
27 -13 -4
27 -13 -6
27 -13 -7
27 -13 -16
27 -14 0
27 -14 -3
27 -14 -14
27 -15 -8
27 -15 -17
27 -16 -6
27 -16 -8
27 -16 -9
27 -16 -15
27 -16 -16
27 -16 -17
27 -16 -18
27 -17 -1
27 -17 -3
27 -17 -4
27 -17 -15
27 -17 -18
27 -18 0
27 -18 -3
27 -18 -6
27 -18 -7
27 -18 -9
27 -18 -11
27 -18 -13
27 -18 -16
27 -18 -18
28 0 0
28 0 -1
28 0 -2
28 0 -3
28 0 -5
28 0 -11
28 0 -17
28 -1 -4
28 -2 0
28 -2 -5
28 -2 -9
28 -2 -11
28 -2 -13
28 -2 -16
28 -3 -2
28 -3 -4
28 -3 -7
28 -3 -8
28 -3 -9
28 -3 -10
28 -3 -14
28 -3 -15
28 -3 -17
28 -3 -18
28 -4 -1
28 -4 -2
28 -4 -3
28 -4 -13
28 -4 -17
28 -4 -18
28 -5 -3
28 -5 -4
28 -5 -5
28 -5 -6
28 -5 -9
28 -5 -12
28 -5 -16
28 -5 -17
28 -6 -7
28 -6 -10
28 -6 -11
28 -6 -17
28 -7 -11
28 -7 -13
28 -7 -16
28 -8 -3
28 -8 -5
28 -8 -9
28 -8 -14
28 -8 -18
28 -9 -4
28 -9 -7
28 -9 -9
28 -9 -14
28 -9 -15
28 -10 -5
28 -10 -6
28 -10 -10
28 -10 -16
28 -10 -17
28 -11 -8
28 -11 -12
28 -11 -16
28 -11 -17
28 -12 -2
28 -12 -8
28 -12 -12
28 -12 -16
28 -12 -17
28 -13 -4
28 -13 -6
28 -13 -7
28 -13 -16
28 -14 0
28 -14 -3
28 -14 -14
28 -15 -8
28 -15 -17
28 -16 -6
28 -16 -8
28 -16 -9
28 -16 -15
28 -16 -16
28 -16 -17
28 -16 -18
28 -17 -1
28 -17 -3
28 -17 -4
28 -17 -15
28 -17 -18
28 -18 0
28 -18 -3
28 -18 -6
28 -18 -7
28 -18 -9
28 -18 -11
28 -18 -13
28 -18 -16
28 -18 -18
29 0 0
29 0 -1
29 0 -2
29 0 -3
29 0 -5
29 0 -11
29 0 -17
29 -1 -4
29 -2 0
29 -2 -5
29 -2 -9
29 -2 -11
29 -2 -13
29 -2 -16
29 -3 -2
29 -3 -4
29 -3 -7
29 -3 -8
29 -3 -9
29 -3 -10
29 -3 -14
29 -3 -15
29 -3 -17
29 -3 -18
29 -4 -1
29 -4 -2
29 -4 -3
29 -4 -13
29 -4 -17
29 -4 -18
29 -5 -3
29 -5 -4
29 -5 -5
29 -5 -6
29 -5 -9
29 -5 -12
29 -5 -16
29 -5 -17
29 -6 -7
29 -6 -10
29 -6 -11
29 -6 -17
29 -7 -11
29 -7 -13
29 -7 -16
29 -8 -3
29 -8 -5
29 -8 -9
29 -8 -14
29 -8 -18
29 -9 -4
29 -9 -7
29 -9 -9
29 -9 -14
29 -9 -15
29 -10 -5
29 -10 -6
29 -10 -10
29 -10 -16
29 -10 -17
29 -11 -8
29 -11 -12
29 -11 -16
29 -11 -17
29 -12 -2
29 -12 -8
29 -12 -12
29 -12 -16
29 -12 -17
29 -13 -4
29 -13 -6
29 -13 -7
29 -13 -16
29 -14 0
29 -14 -3
29 -14 -14
29 -15 -8
29 -15 -17
29 -16 -6
29 -16 -8
29 -16 -9
29 -16 -15
29 -16 -16
29 -16 -17
29 -16 -18
29 -17 -1
29 -17 -3
29 -17 -4
29 -17 -15
29 -17 -18
29 -18 0
29 -18 -3
29 -18 -6
29 -18 -7
29 -18 -9
29 -18 -11
29 -18 -13
29 -18 -16
29 -18 -18
30 0 0
30 0 -1
30 0 -2
30 0 -3
30 0 -5
30 0 -11
30 0 -17
30 -1 -4
30 -2 0
30 -2 -5
30 -2 -9
30 -2 -11
30 -2 -13
30 -2 -16
30 -3 -2
30 -3 -4
30 -3 -7
30 -3 -8
30 -3 -9
30 -3 -10
30 -3 -14
30 -3 -15
30 -3 -17
30 -3 -18
30 -4 -1
30 -4 -2
30 -4 -3
30 -4 -13
30 -4 -17
30 -4 -18
30 -5 -3
30 -5 -4
30 -5 -5
30 -5 -6
30 -5 -9
30 -5 -12
30 -5 -16
30 -5 -17
30 -6 -7
30 -6 -10
30 -6 -11
30 -6 -17
30 -7 -11
30 -7 -13
30 -7 -16
30 -8 -3
30 -8 -5
30 -8 -9
30 -8 -14
30 -8 -18
30 -9 -4
30 -9 -7
30 -9 -9
30 -9 -14
30 -9 -15
30 -10 -5
30 -10 -6
30 -10 -10
30 -10 -16
30 -10 -17
30 -11 -8
30 -11 -12
30 -11 -16
30 -11 -17
30 -12 -2
30 -12 -8
30 -12 -12
30 -12 -16
30 -12 -17
30 -13 -4
30 -13 -6
30 -13 -7
30 -13 -16
30 -14 0
30 -14 -3
30 -14 -14
30 -15 -8
30 -15 -17
30 -16 -6
30 -16 -8
30 -16 -9
30 -16 -15
30 -16 -16
30 -16 -17
30 -16 -18
30 -17 -1
30 -17 -3
30 -17 -4
30 -17 -15
30 -17 -18
30 -18 0
30 -18 -3
30 -18 -6
30 -18 -7
30 -18 -9
30 -18 -11
30 -18 -13
30 -18 -16
30 -18 -18
31 0 0
31 0 -1
31 0 -2
31 0 -3
31 0 -5
31 0 -11
31 0 -17
31 -1 -4
31 -2 0
31 -2 -5
31 -2 -9
31 -2 -11
31 -2 -13
31 -2 -16
31 -3 -2
31 -3 -4
31 -3 -7
31 -3 -8
31 -3 -9
31 -3 -10
31 -3 -14
31 -3 -15
31 -3 -17
31 -3 -18
31 -4 -1
31 -4 -2
31 -4 -3
31 -4 -13
31 -4 -17
31 -4 -18
31 -5 -3
31 -5 -4
31 -5 -5
31 -5 -6
31 -5 -9
31 -5 -12
31 -5 -16
31 -5 -17
31 -6 -7
31 -6 -10
31 -6 -11
31 -6 -17
31 -7 -11
31 -7 -13
31 -7 -16
31 -8 -3
31 -8 -5
31 -8 -9
31 -8 -14
31 -8 -18
31 -9 -4
31 -9 -7
31 -9 -9
31 -9 -14
31 -9 -15
31 -10 -5
31 -10 -6
31 -10 -10
31 -10 -16
31 -10 -17
31 -11 -8
31 -11 -12
31 -11 -16
31 -11 -17
31 -12 -2
31 -12 -8
31 -12 -12
31 -12 -16
31 -12 -17
31 -13 -4
31 -13 -6
31 -13 -7
31 -13 -16
31 -14 0
31 -14 -3
31 -14 -14
31 -15 -8
31 -15 -17
31 -16 -6
31 -16 -8
31 -16 -9
31 -16 -15
31 -16 -16
31 -16 -17
31 -16 -18
31 -17 -1
31 -17 -3
31 -17 -4
31 -17 -15
31 -17 -18
31 -18 0
31 -18 -3
31 -18 -6
31 -18 -7
31 -18 -9
31 -18 -11
31 -18 -13
31 -18 -16
31 -18 -18
32 0 0
32 0 -1
32 0 -2
32 0 -3
32 0 -5
32 0 -11
32 0 -17
32 -1 -4
32 -2 0
32 -2 -5
32 -2 -9
32 -2 -11
32 -2 -13
32 -2 -16
32 -3 -2
32 -3 -4
32 -3 -7
32 -3 -8
32 -3 -9
32 -3 -10
32 -3 -14
32 -3 -15
32 -3 -17
32 -3 -18
32 -4 -1
32 -4 -2
32 -4 -3
32 -4 -13
32 -4 -17
32 -4 -18
32 -5 -3
32 -5 -4
32 -5 -5
32 -5 -6
32 -5 -9
32 -5 -12
32 -5 -16
32 -5 -17
32 -6 -7
32 -6 -10
32 -6 -11
32 -6 -17
32 -7 -11
32 -7 -13
32 -7 -16
32 -8 -3
32 -8 -5
32 -8 -9
32 -8 -14
32 -8 -18
32 -9 -4
32 -9 -7
32 -9 -9
32 -9 -14
32 -9 -15
32 -10 -5
32 -10 -6
32 -10 -10
32 -10 -16
32 -10 -17
32 -11 -8
32 -11 -12
32 -11 -16
32 -11 -17
32 -12 -2
32 -12 -8
32 -12 -12
32 -12 -16
32 -12 -17
32 -13 -4
32 -13 -6
32 -13 -7
32 -13 -16
32 -14 0
32 -14 -3
32 -14 -14
32 -15 -8
32 -15 -17
32 -16 -6
32 -16 -8
32 -16 -9
32 -16 -15
32 -16 -16
32 -16 -17
32 -16 -18
32 -17 -1
32 -17 -3
32 -17 -4
32 -17 -15
32 -17 -18
32 -18 0
32 -18 -3
32 -18 -6
32 -18 -7
32 -18 -9
32 -18 -11
32 -18 -13
32 -18 -16
32 -18 -18
33 0 0
33 0 -1
33 0 -2
33 0 -3
33 0 -5
33 0 -11
33 0 -17
33 -1 -4
33 -2 0
33 -2 -5
33 -2 -9
33 -2 -11
33 -2 -13
33 -2 -16
33 -3 -2
33 -3 -4
33 -3 -7
33 -3 -8
33 -3 -9
33 -3 -10
33 -3 -14
33 -3 -15
33 -3 -17
33 -3 -18
33 -4 -1
33 -4 -2
33 -4 -3
33 -4 -13
33 -4 -17
33 -4 -18
33 -5 -3
33 -5 -4
33 -5 -5
33 -5 -6
33 -5 -9
33 -5 -12
33 -5 -16
33 -5 -17
33 -6 -7
33 -6 -10
33 -6 -11
33 -6 -17
33 -7 -11
33 -7 -13
33 -7 -16
33 -8 -3
33 -8 -5
33 -8 -9
33 -8 -14
33 -8 -18
33 -9 -4
33 -9 -7
33 -9 -9
33 -9 -14
33 -9 -15
33 -10 -5
33 -10 -6
33 -10 -10
33 -10 -16
33 -10 -17
33 -11 -8
33 -11 -12
33 -11 -16
33 -11 -17
33 -12 -2
33 -12 -8
33 -12 -12
33 -12 -16
33 -12 -17
33 -13 -4
33 -13 -6
33 -13 -7
33 -13 -16
33 -14 0
33 -14 -3
33 -14 -14
33 -15 -8
33 -15 -17
33 -16 -6
33 -16 -8
33 -16 -9
33 -16 -15
33 -16 -16
33 -16 -17
33 -16 -18
33 -17 -1
33 -17 -3
33 -17 -4
33 -17 -15
33 -17 -18
33 -18 0
33 -18 -3
33 -18 -6
33 -18 -7
33 -18 -9
33 -18 -11
33 -18 -13
33 -18 -16
33 -18 -18
34 0 0
34 0 -1
34 0 -2
34 0 -3
34 0 -5
34 0 -11
34 0 -17
34 -1 -4
34 -2 0
34 -2 -5
34 -2 -9
34 -2 -11
34 -2 -13
34 -2 -16
34 -3 -2
34 -3 -4
34 -3 -7
34 -3 -8
34 -3 -9
34 -3 -10
34 -3 -14
34 -3 -15
34 -3 -17
34 -3 -18
34 -4 -1
34 -4 -2
34 -4 -3
34 -4 -13
34 -4 -17
34 -4 -18
34 -5 -3
34 -5 -4
34 -5 -5
34 -5 -6
34 -5 -9
34 -5 -12
34 -5 -16
34 -5 -17
34 -6 -7
34 -6 -10
34 -6 -11
34 -6 -17
34 -7 -11
34 -7 -13
34 -7 -16
34 -8 -3
34 -8 -5
34 -8 -9
34 -8 -14
34 -8 -18
34 -9 -4
34 -9 -7
34 -9 -9
34 -9 -14
34 -9 -15
34 -10 -5
34 -10 -6
34 -10 -10
34 -10 -16
34 -10 -17
34 -11 -8
34 -11 -12
34 -11 -16
34 -11 -17
34 -12 -2
34 -12 -8
34 -12 -12
34 -12 -16
34 -12 -17
34 -13 -4
34 -13 -6
34 -13 -7
34 -13 -16
34 -14 0
34 -14 -3
34 -14 -14
34 -15 -8
34 -15 -17
34 -16 -6
34 -16 -8
34 -16 -9
34 -16 -15
34 -16 -16
34 -16 -17
34 -16 -18
34 -17 -1
34 -17 -3
34 -17 -4
34 -17 -15
34 -17 -18
34 -18 0
34 -18 -3
34 -18 -6
34 -18 -7
34 -18 -9
34 -18 -11
34 -18 -13
34 -18 -16
34 -18 -18
35 0 0
35 0 -1
35 0 -2
35 0 -3
35 0 -5
35 0 -11
35 0 -17
35 -1 -4
35 -2 0
35 -2 -5
35 -2 -9
35 -2 -11
35 -2 -13
35 -2 -16
35 -3 -2
35 -3 -4
35 -3 -7
35 -3 -8
35 -3 -9
35 -3 -10
35 -3 -14
35 -3 -15
35 -3 -17
35 -3 -18
35 -4 -1
35 -4 -2
35 -4 -3
35 -4 -13
35 -4 -17
35 -4 -18
35 -5 -3
35 -5 -4
35 -5 -5
35 -5 -6
35 -5 -9
35 -5 -12
35 -5 -16
35 -5 -17
35 -6 -7
35 -6 -10
35 -6 -11
35 -6 -17
35 -7 -11
35 -7 -13
35 -7 -16
35 -8 -3
35 -8 -5
35 -8 -9
35 -8 -14
35 -8 -18
35 -9 -4
35 -9 -7
35 -9 -9
35 -9 -14
35 -9 -15
35 -10 -5
35 -10 -6
35 -10 -10
35 -10 -16
35 -10 -17
35 -11 -8
35 -11 -12
35 -11 -16
35 -11 -17
35 -12 -2
35 -12 -8
35 -12 -12
35 -12 -16
35 -12 -17
35 -13 -4
35 -13 -6
35 -13 -7
35 -13 -16
35 -14 0
35 -14 -3
35 -14 -14
35 -15 -8
35 -15 -17
35 -16 -6
35 -16 -8
35 -16 -9
35 -16 -15
35 -16 -16
35 -16 -17
35 -16 -18
35 -17 -1
35 -17 -3
35 -17 -4
35 -17 -15
35 -17 -18
35 -18 0
35 -18 -3
35 -18 -6
35 -18 -7
35 -18 -9
35 -18 -11
35 -18 -13
35 -18 -16
35 -18 -18
36 0 0
36 0 -1
36 0 -2
36 0 -3
36 0 -5
36 0 -11
36 0 -17
36 -1 -4
36 -2 0
36 -2 -5
36 -2 -9
36 -2 -11
36 -2 -13
36 -2 -16
36 -3 -2
36 -3 -4
36 -3 -7
36 -3 -8
36 -3 -9
36 -3 -10
36 -3 -14
36 -3 -15
36 -3 -17
36 -3 -18
36 -4 -1
36 -4 -2
36 -4 -3
36 -4 -13
36 -4 -17
36 -4 -18
36 -5 -3
36 -5 -4
36 -5 -5
36 -5 -6
36 -5 -9
36 -5 -12
36 -5 -16
36 -5 -17
36 -6 -7
36 -6 -10
36 -6 -11
36 -6 -17
36 -7 -11
36 -7 -13
36 -7 -16
36 -8 -3
36 -8 -5
36 -8 -9
36 -8 -14
36 -8 -18
36 -9 -4
36 -9 -7
36 -9 -9
36 -9 -14
36 -9 -15
36 -10 -5
36 -10 -6
36 -10 -10
36 -10 -16
36 -10 -17
36 -11 -8
36 -11 -12
36 -11 -16
36 -11 -17
36 -12 -2
36 -12 -8
36 -12 -12
36 -12 -16
36 -12 -17
36 -13 -4
36 -13 -6
36 -13 -7
36 -13 -16
36 -14 0
36 -14 -3
36 -14 -14
36 -15 -8
36 -15 -17
36 -16 -6
36 -16 -8
36 -16 -9
36 -16 -15
36 -16 -16
36 -16 -17
36 -16 -18
36 -17 -1
36 -17 -3
36 -17 -4
36 -17 -15
36 -17 -18
36 -18 0
36 -18 -3
36 -18 -6
36 -18 -7
36 -18 -9
36 -18 -11
36 -18 -13
36 -18 -16
36 -18 -18
37 0 0
37 0 -1
37 0 -2
37 0 -3
37 0 -5
37 0 -11
37 0 -17
37 -1 -4
37 -2 0
37 -2 -5
37 -2 -9
37 -2 -11
37 -2 -13
37 -2 -16
37 -3 -2
37 -3 -4
37 -3 -7
37 -3 -8
37 -3 -9
37 -3 -10
37 -3 -14
37 -3 -15
37 -3 -17
37 -3 -18
37 -4 -1
37 -4 -2
37 -4 -3
37 -4 -13
37 -4 -17
37 -4 -18
37 -5 -3
37 -5 -4
37 -5 -5
37 -5 -6
37 -5 -9
37 -5 -12
37 -5 -16
37 -5 -17
37 -6 -7
37 -6 -10
37 -6 -11
37 -6 -17
37 -7 -11
37 -7 -13
37 -7 -16
37 -8 -3
37 -8 -5
37 -8 -9
37 -8 -14
37 -8 -18
37 -9 -4
37 -9 -7
37 -9 -9
37 -9 -14
37 -9 -15
37 -10 -5
37 -10 -6
37 -10 -10
37 -10 -16
37 -10 -17
37 -11 -8
37 -11 -12
37 -11 -16
37 -11 -17
37 -12 -2
37 -12 -8
37 -12 -12
37 -12 -16
37 -12 -17
37 -13 -4
37 -13 -6
37 -13 -7
37 -13 -16
37 -14 0
37 -14 -3
37 -14 -14
37 -15 -8
37 -15 -17
37 -16 -6
37 -16 -8
37 -16 -9
37 -16 -15
37 -16 -16
37 -16 -17
37 -16 -18
37 -17 -1
37 -17 -3
37 -17 -4
37 -17 -15
37 -17 -18
37 -18 0
37 -18 -3
37 -18 -6
37 -18 -7
37 -18 -9
37 -18 -11
37 -18 -13
37 -18 -16
37 -18 -18
38 0 0
38 0 -1
38 0 -2
38 0 -3
38 0 -5
38 0 -11
38 0 -17
38 -1 -4
38 -2 0
38 -2 -5
38 -2 -9
38 -2 -11
38 -2 -13
38 -2 -16
38 -3 -2
38 -3 -4
38 -3 -7
38 -3 -8
38 -3 -9
38 -3 -10
38 -3 -14
38 -3 -15
38 -3 -17
38 -3 -18
38 -4 -1
38 -4 -2
38 -4 -3
38 -4 -13
38 -4 -17
38 -4 -18
38 -5 -3
38 -5 -4
38 -5 -5
38 -5 -6
38 -5 -9
38 -5 -12
38 -5 -16
38 -5 -17
38 -6 -7
38 -6 -10
38 -6 -11
38 -6 -17
38 -7 -11
38 -7 -13
38 -7 -16
38 -8 -3
38 -8 -5
38 -8 -9
38 -8 -14
38 -8 -18
38 -9 -4
38 -9 -7
38 -9 -9
38 -9 -14
38 -9 -15
38 -10 -5
38 -10 -6
38 -10 -10
38 -10 -16
38 -10 -17
38 -11 -8
38 -11 -12
38 -11 -16
38 -11 -17
38 -12 -2
38 -12 -8
38 -12 -12
38 -12 -16
38 -12 -17
38 -13 -4
38 -13 -6
38 -13 -7
38 -13 -16
38 -14 0
38 -14 -3
38 -14 -14
38 -15 -8
38 -15 -17
38 -16 -6
38 -16 -8
38 -16 -9
38 -16 -15
38 -16 -16
38 -16 -17
38 -16 -18
38 -17 -1
38 -17 -3
38 -17 -4
38 -17 -15
38 -17 -18
38 -18 0
38 -18 -3
38 -18 -6
38 -18 -7
38 -18 -9
38 -18 -11
38 -18 -13
38 -18 -16
38 -18 -18
39 0 0
39 0 -1
39 0 -2
39 0 -3
39 0 -5
39 0 -11
39 0 -17
39 -1 -4
39 -2 0
39 -2 -5
39 -2 -9
39 -2 -11
39 -2 -13
39 -2 -16
39 -3 -2
39 -3 -4
39 -3 -7
39 -3 -8
39 -3 -9
39 -3 -10
39 -3 -14
39 -3 -15
39 -3 -17
39 -3 -18
39 -4 -1
39 -4 -2
39 -4 -3
39 -4 -13
39 -4 -17
39 -4 -18
39 -5 -3
39 -5 -4
39 -5 -5
39 -5 -6
39 -5 -9
39 -5 -12
39 -5 -16
39 -5 -17
39 -6 -7
39 -6 -10
39 -6 -11
39 -6 -17
39 -7 -11
39 -7 -13
39 -7 -16
39 -8 -3
39 -8 -5
39 -8 -9
39 -8 -14
39 -8 -18
39 -9 -4
39 -9 -7
39 -9 -9
39 -9 -14
39 -9 -15
39 -10 -5
39 -10 -6
39 -10 -10
39 -10 -16
39 -10 -17
39 -11 -8
39 -11 -12
39 -11 -16
39 -11 -17
39 -12 -2
39 -12 -8
39 -12 -12
39 -12 -16
39 -12 -17
39 -13 -4
39 -13 -6
39 -13 -7
39 -13 -16
39 -14 0
39 -14 -3
39 -14 -14
39 -15 -8
39 -15 -17
39 -16 -6
39 -16 -8
39 -16 -9
39 -16 -15
39 -16 -16
39 -16 -17
39 -16 -18
39 -17 -1
39 -17 -3
39 -17 -4
39 -17 -15
39 -17 -18
39 -18 0
39 -18 -3
39 -18 -6
39 -18 -7
39 -18 -9
39 -18 -11
39 -18 -13
39 -18 -16
39 -18 -18
40 0 0
40 0 -1
40 0 -2
40 0 -3
40 0 -5
40 0 -11
40 0 -17
40 -1 -4
40 -2 0
40 -2 -5
40 -2 -9
40 -2 -11
40 -2 -13
40 -2 -16
40 -3 -2
40 -3 -4
40 -3 -7
40 -3 -8
40 -3 -9
40 -3 -10
40 -3 -14
40 -3 -15
40 -3 -17
40 -3 -18
40 -4 -1
40 -4 -2
40 -4 -3
40 -4 -13
40 -4 -17
40 -4 -18
40 -5 -3
40 -5 -4
40 -5 -5
40 -5 -6
40 -5 -9
40 -5 -12
40 -5 -16
40 -5 -17
40 -6 -7
40 -6 -10
40 -6 -11
40 -6 -17
40 -7 -11
40 -7 -13
40 -7 -16
40 -8 -3
40 -8 -5
40 -8 -9
40 -8 -14
40 -8 -18
40 -9 -4
40 -9 -7
40 -9 -9
40 -9 -14
40 -9 -15
40 -10 -5
40 -10 -6
40 -10 -10
40 -10 -16
40 -10 -17
40 -11 -8
40 -11 -12
40 -11 -16
40 -11 -17
40 -12 -2
40 -12 -8
40 -12 -12
40 -12 -16
40 -12 -17
40 -13 -4
40 -13 -6
40 -13 -7
40 -13 -16
40 -14 0
40 -14 -3
40 -14 -14
40 -15 -8
40 -15 -17
40 -16 -6
40 -16 -8
40 -16 -9
40 -16 -15
40 -16 -16
40 -16 -17
40 -16 -18
40 -17 -1
40 -17 -3
40 -17 -4
40 -17 -15
40 -17 -18
40 -18 0
40 -18 -3
40 -18 -6
40 -18 -7
40 -18 -9
40 -18 -11
40 -18 -13
40 -18 -16
40 -18 -18
41 0 0
41 0 -1
41 0 -2
41 0 -3
41 0 -5
41 0 -11
41 0 -17
41 -1 -4
41 -2 0
41 -2 -5
41 -2 -9
41 -2 -11
41 -2 -13
41 -2 -16
41 -3 -2
41 -3 -4
41 -3 -7
41 -3 -8
41 -3 -9
41 -3 -10
41 -3 -14
41 -3 -15
41 -3 -17
41 -3 -18
41 -4 -1
41 -4 -2
41 -4 -3
41 -4 -13
41 -4 -17
41 -4 -18
41 -5 -3
41 -5 -4
41 -5 -5
41 -5 -6
41 -5 -9
41 -5 -12
41 -5 -16
41 -5 -17
41 -6 -7
41 -6 -10
41 -6 -11
41 -6 -17
41 -7 -11
41 -7 -13
41 -7 -16
41 -8 -3
41 -8 -5
41 -8 -9
41 -8 -14
41 -8 -18
41 -9 -4
41 -9 -7
41 -9 -9
41 -9 -14
41 -9 -15
41 -10 -5
41 -10 -6
41 -10 -10
41 -10 -16
41 -10 -17
41 -11 -8
41 -11 -12
41 -11 -16
41 -11 -17
41 -12 -2
41 -12 -8
41 -12 -12
41 -12 -16
41 -12 -17
41 -13 -4
41 -13 -6
41 -13 -7
41 -13 -16
41 -14 0
41 -14 -3
41 -14 -14
41 -15 -8
41 -15 -17
41 -16 -6
41 -16 -8
41 -16 -9
41 -16 -15
41 -16 -16
41 -16 -17
41 -16 -18
41 -17 -1
41 -17 -3
41 -17 -4
41 -17 -15
41 -17 -18
41 -18 0
41 -18 -3
41 -18 -6
41 -18 -7
41 -18 -9
41 -18 -11
41 -18 -13
41 -18 -16
41 -18 -18
42 0 0
42 0 -1
42 0 -2
42 0 -3
42 0 -5
42 0 -11
42 0 -17
42 -1 -4
42 -2 0
42 -2 -5
42 -2 -9
42 -2 -11
42 -2 -13
42 -2 -16
42 -3 -2
42 -3 -4
42 -3 -7
42 -3 -8
42 -3 -9
42 -3 -10
42 -3 -14
42 -3 -15
42 -3 -17
42 -3 -18
42 -4 -1
42 -4 -2
42 -4 -3
42 -4 -13
42 -4 -17
42 -4 -18
42 -5 -3
42 -5 -4
42 -5 -5
42 -5 -6
42 -5 -9
42 -5 -12
42 -5 -16
42 -5 -17
42 -6 -7
42 -6 -10
42 -6 -11
42 -6 -17
42 -7 -11
42 -7 -13
42 -7 -16
42 -8 -3
42 -8 -5
42 -8 -9
42 -8 -14
42 -8 -18
42 -9 -4
42 -9 -7
42 -9 -9
42 -9 -14
42 -9 -15
42 -10 -5
42 -10 -6
42 -10 -10
42 -10 -16
42 -10 -17
42 -11 -8
42 -11 -12
42 -11 -16
42 -11 -17
42 -12 -2
42 -12 -8
42 -12 -12
42 -12 -16
42 -12 -17
42 -13 -4
42 -13 -6
42 -13 -7
42 -13 -16
42 -14 0
42 -14 -3
42 -14 -14
42 -15 -8
42 -15 -17
42 -16 -6
42 -16 -8
42 -16 -9
42 -16 -15
42 -16 -16
42 -16 -17
42 -16 -18
42 -17 -1
42 -17 -3
42 -17 -4
42 -17 -15
42 -17 -18
42 -18 0
42 -18 -3
42 -18 -6
42 -18 -7
42 -18 -9
42 -18 -11
42 -18 -13
42 -18 -16
42 -18 -18
43 0 0
43 0 -1
43 0 -2
43 0 -3
43 0 -5
43 0 -11
43 0 -17
43 -1 -4
43 -2 0
43 -2 -5
43 -2 -9
43 -2 -11
43 -2 -13
43 -2 -16
43 -3 -2
43 -3 -4
43 -3 -7
43 -3 -8
43 -3 -9
43 -3 -10
43 -3 -14
43 -3 -15
43 -3 -17
43 -3 -18
43 -4 -1
43 -4 -2
43 -4 -3
43 -4 -13
43 -4 -17
43 -4 -18
43 -5 -3
43 -5 -4
43 -5 -5
43 -5 -6
43 -5 -9
43 -5 -12
43 -5 -16
43 -5 -17
43 -6 -7
43 -6 -10
43 -6 -11
43 -6 -17
43 -7 -11
43 -7 -13
43 -7 -16
43 -8 -3
43 -8 -5
43 -8 -9
43 -8 -14
43 -8 -18
43 -9 -4
43 -9 -7
43 -9 -9
43 -9 -14
43 -9 -15
43 -10 -5
43 -10 -6
43 -10 -10
43 -10 -16
43 -10 -17
43 -11 -8
43 -11 -12
43 -11 -16
43 -11 -17
43 -12 -2
43 -12 -8
43 -12 -12
43 -12 -16
43 -12 -17
43 -13 -4
43 -13 -6
43 -13 -7
43 -13 -16
43 -14 0
43 -14 -3
43 -14 -14
43 -15 -8
43 -15 -17
43 -16 -6
43 -16 -8
43 -16 -9
43 -16 -15
43 -16 -16
43 -16 -17
43 -16 -18
43 -17 -1
43 -17 -3
43 -17 -4
43 -17 -15
43 -17 -18
43 -18 0
43 -18 -3
43 -18 -6
43 -18 -7
43 -18 -9
43 -18 -11
43 -18 -13
43 -18 -16
43 -18 -18
44 0 0
44 0 -1
44 0 -2
44 0 -3
44 0 -5
44 0 -11
44 0 -17
44 -1 -4
44 -2 0
44 -2 -5
44 -2 -9
44 -2 -11
44 -2 -13
44 -2 -16
44 -3 -2
44 -3 -4
44 -3 -7
44 -3 -8
44 -3 -9
44 -3 -10
44 -3 -14
44 -3 -15
44 -3 -17
44 -3 -18
44 -4 -1
44 -4 -2
44 -4 -3
44 -4 -13
44 -4 -17
44 -4 -18
44 -5 -3
44 -5 -4
44 -5 -5
44 -5 -6
44 -5 -9
44 -5 -12
44 -5 -16
44 -5 -17
44 -6 -7
44 -6 -10
44 -6 -11
44 -6 -17
44 -7 -11
44 -7 -13
44 -7 -16
44 -8 -3
44 -8 -5
44 -8 -9
44 -8 -14
44 -8 -18
44 -9 -4
44 -9 -7
44 -9 -9
44 -9 -14
44 -9 -15
44 -10 -5
44 -10 -6
44 -10 -10
44 -10 -16
44 -10 -17
44 -11 -8
44 -11 -12
44 -11 -16
44 -11 -17
44 -12 -2
44 -12 -8
44 -12 -12
44 -12 -16
44 -12 -17
44 -13 -4
44 -13 -6
44 -13 -7
44 -13 -16
44 -14 0
44 -14 -3
44 -14 -14
44 -15 -8
44 -15 -17
44 -16 -6
44 -16 -8
44 -16 -9
44 -16 -15
44 -16 -16
44 -16 -17
44 -16 -18
44 -17 -1
44 -17 -3
44 -17 -4
44 -17 -15
44 -17 -18
44 -18 0
44 -18 -3
44 -18 -6
44 -18 -7
44 -18 -9
44 -18 -11
44 -18 -13
44 -18 -16
44 -18 -18
45 0 0
45 0 -1
45 0 -2
45 0 -3
45 0 -5
45 0 -11
45 0 -17
45 -1 -4
45 -2 0
45 -2 -5
45 -2 -9
45 -2 -11
45 -2 -13
45 -2 -16
45 -3 -2
45 -3 -4
45 -3 -7
45 -3 -8
45 -3 -9
45 -3 -10
45 -3 -14
45 -3 -15
45 -3 -17
45 -3 -18
45 -4 -1
45 -4 -2
45 -4 -3
45 -4 -13
45 -4 -17
45 -4 -18
45 -5 -3
45 -5 -4
45 -5 -5
45 -5 -6
45 -5 -9
45 -5 -12
45 -5 -16
45 -5 -17
45 -6 -7
45 -6 -10
45 -6 -11
45 -6 -17
45 -7 -11
45 -7 -13
45 -7 -16
45 -8 -3
45 -8 -5
45 -8 -9
45 -8 -14
45 -8 -18
45 -9 -4
45 -9 -7
45 -9 -9
45 -9 -14
45 -9 -15
45 -10 -5
45 -10 -6
45 -10 -10
45 -10 -16
45 -10 -17
45 -11 -8
45 -11 -12
45 -11 -16
45 -11 -17
45 -12 -2
45 -12 -8
45 -12 -12
45 -12 -16
45 -12 -17
45 -13 -4
45 -13 -6
45 -13 -7
45 -13 -16
45 -14 0
45 -14 -3
45 -14 -14
45 -15 -8
45 -15 -17
45 -16 -6
45 -16 -8
45 -16 -9
45 -16 -15
45 -16 -16
45 -16 -17
45 -16 -18
45 -17 -1
45 -17 -3
45 -17 -4
45 -17 -15
45 -17 -18
45 -18 0
45 -18 -3
45 -18 -6
45 -18 -7
45 -18 -9
45 -18 -11
45 -18 -13
45 -18 -16
45 -18 -18
46 0 0
46 0 -1
46 0 -2
46 0 -3
46 0 -5
46 0 -11
46 0 -17
46 -1 -4
46 -2 0
46 -2 -5
46 -2 -9
46 -2 -11
46 -2 -13
46 -2 -16
46 -3 -2
46 -3 -4
46 -3 -7
46 -3 -8
46 -3 -9
46 -3 -10
46 -3 -14
46 -3 -15
46 -3 -17
46 -3 -18
46 -4 -1
46 -4 -2
46 -4 -3
46 -4 -13
46 -4 -17
46 -4 -18
46 -5 -3
46 -5 -4
46 -5 -5
46 -5 -6
46 -5 -9
46 -5 -12
46 -5 -16
46 -5 -17
46 -6 -7
46 -6 -10
46 -6 -11
46 -6 -17
46 -7 -11
46 -7 -13
46 -7 -16
46 -8 -3
46 -8 -5
46 -8 -9
46 -8 -14
46 -8 -18
46 -9 -4
46 -9 -7
46 -9 -9
46 -9 -14
46 -9 -15
46 -10 -5
46 -10 -6
46 -10 -10
46 -10 -16
46 -10 -17
46 -11 -8
46 -11 -12
46 -11 -16
46 -11 -17
46 -12 -2
46 -12 -8
46 -12 -12
46 -12 -16
46 -12 -17
46 -13 -4
46 -13 -6
46 -13 -7
46 -13 -16
46 -14 0
46 -14 -3
46 -14 -14
46 -15 -8
46 -15 -17
46 -16 -6
46 -16 -8
46 -16 -9
46 -16 -15
46 -16 -16
46 -16 -17
46 -16 -18
46 -17 -1
46 -17 -3
46 -17 -4
46 -17 -15
46 -17 -18
46 -18 0
46 -18 -3
46 -18 -6
46 -18 -7
46 -18 -9
46 -18 -11
46 -18 -13
46 -18 -16
46 -18 -18
47 0 0
47 0 -1
47 0 -2
47 0 -3
47 0 -5
47 0 -11
47 0 -17
47 -1 -4
47 -2 0
47 -2 -5
47 -2 -9
47 -2 -11
47 -2 -13
47 -2 -16
47 -3 -2
47 -3 -4
47 -3 -7
47 -3 -8
47 -3 -9
47 -3 -10
47 -3 -14
47 -3 -15
47 -3 -17
47 -3 -18
47 -4 -1
47 -4 -2
47 -4 -3
47 -4 -13
47 -4 -17
47 -4 -18
47 -5 -3
47 -5 -4
47 -5 -5
47 -5 -6
47 -5 -9
47 -5 -12
47 -5 -16
47 -5 -17
47 -6 -7
47 -6 -10
47 -6 -11
47 -6 -17
47 -7 -11
47 -7 -13
47 -7 -16
47 -8 -3
47 -8 -5
47 -8 -9
47 -8 -14
47 -8 -18
47 -9 -4
47 -9 -7
47 -9 -9
47 -9 -14
47 -9 -15
47 -10 -5
47 -10 -6
47 -10 -10
47 -10 -16
47 -10 -17
47 -11 -8
47 -11 -12
47 -11 -16
47 -11 -17
47 -12 -2
47 -12 -8
47 -12 -12
47 -12 -16
47 -12 -17
47 -13 -4
47 -13 -6
47 -13 -7
47 -13 -16
47 -14 0
47 -14 -3
47 -14 -14
47 -15 -8
47 -15 -17
47 -16 -6
47 -16 -8
47 -16 -9
47 -16 -15
47 -16 -16
47 -16 -17
47 -16 -18
47 -17 -1
47 -17 -3
47 -17 -4
47 -17 -15
47 -17 -18
47 -18 0
47 -18 -3
47 -18 -6
47 -18 -7
47 -18 -9
47 -18 -11
47 -18 -13
47 -18 -16
47 -18 -18
48 0 0
48 0 -1
48 0 -2
48 0 -3
48 0 -5
48 0 -11
48 0 -17
48 -1 -4
48 -2 0
48 -2 -5
48 -2 -9
48 -2 -11
48 -2 -13
48 -2 -16
48 -3 -2
48 -3 -4
48 -3 -7
48 -3 -8
48 -3 -9
48 -3 -10
48 -3 -14
48 -3 -15
48 -3 -17
48 -3 -18
48 -4 -1
48 -4 -2
48 -4 -3
48 -4 -13
48 -4 -17
48 -4 -18
48 -5 -3
48 -5 -4
48 -5 -5
48 -5 -6
48 -5 -9
48 -5 -12
48 -5 -16
48 -5 -17
48 -6 -7
48 -6 -10
48 -6 -11
48 -6 -17
48 -7 -11
48 -7 -13
48 -7 -16
48 -8 -3
48 -8 -5
48 -8 -9
48 -8 -14
48 -8 -18
48 -9 -4
48 -9 -7
48 -9 -9
48 -9 -14
48 -9 -15
48 -10 -5
48 -10 -6
48 -10 -10
48 -10 -16
48 -10 -17
48 -11 -8
48 -11 -12
48 -11 -16
48 -11 -17
48 -12 -2
48 -12 -8
48 -12 -12
48 -12 -16
48 -12 -17
48 -13 -4
48 -13 -6
48 -13 -7
48 -13 -16
48 -14 0
48 -14 -3
48 -14 -14
48 -15 -8
48 -15 -17
48 -16 -6
48 -16 -8
48 -16 -9
48 -16 -15
48 -16 -16
48 -16 -17
48 -16 -18
48 -17 -1
48 -17 -3
48 -17 -4
48 -17 -15
48 -17 -18
48 -18 0
48 -18 -3
48 -18 -6
48 -18 -7
48 -18 -9
48 -18 -11
48 -18 -13
48 -18 -16
48 -18 -18
49 0 0
49 0 -1
49 0 -2
49 0 -3
49 0 -5
49 0 -11
49 0 -17
49 -1 -4
49 -2 0
49 -2 -5
49 -2 -9
49 -2 -11
49 -2 -13
49 -2 -16
49 -3 -2
49 -3 -4
49 -3 -7
49 -3 -8
49 -3 -9
49 -3 -10
49 -3 -14
49 -3 -15
49 -3 -17
49 -3 -18
49 -4 -1
49 -4 -2
49 -4 -3
49 -4 -13
49 -4 -17
49 -4 -18
49 -5 -3
49 -5 -4
49 -5 -5
49 -5 -6
49 -5 -9
49 -5 -12
49 -5 -16
49 -5 -17
49 -6 -7
49 -6 -10
49 -6 -11
49 -6 -17
49 -7 -11
49 -7 -13
49 -7 -16
49 -8 -3
49 -8 -5
49 -8 -9
49 -8 -14
49 -8 -18
49 -9 -4
49 -9 -7
49 -9 -9
49 -9 -14
49 -9 -15
49 -10 -5
49 -10 -6
49 -10 -10
49 -10 -16
49 -10 -17
49 -11 -8
49 -11 -12
49 -11 -16
49 -11 -17
49 -12 -2
49 -12 -8
49 -12 -12
49 -12 -16
49 -12 -17
49 -13 -4
49 -13 -6
49 -13 -7
49 -13 -16
49 -14 0
49 -14 -3
49 -14 -14
49 -15 -8
49 -15 -17
49 -16 -6
49 -16 -8
49 -16 -9
49 -16 -15
49 -16 -16
49 -16 -17
49 -16 -18
49 -17 -1
49 -17 -3
49 -17 -4
49 -17 -15
49 -17 -18
49 -18 0
49 -18 -3
49 -18 -6
49 -18 -7
49 -18 -9
49 -18 -11
49 -18 -13
49 -18 -16
49 -18 -18
50 0 0
50 0 -1
50 0 -2
50 0 -3
50 0 -5
50 0 -11
50 0 -17
50 -1 -4
50 -2 0
50 -2 -5
50 -2 -9
50 -2 -11
50 -2 -13
50 -2 -16
50 -3 -2
50 -3 -4
50 -3 -7
50 -3 -8
50 -3 -9
50 -3 -10
50 -3 -14
50 -3 -15
50 -3 -17
50 -3 -18
50 -4 -1
50 -4 -2
50 -4 -3
50 -4 -13
50 -4 -17
50 -4 -18
50 -5 -3
50 -5 -4
50 -5 -5
50 -5 -6
50 -5 -9
50 -5 -12
50 -5 -16
50 -5 -17
50 -6 -7
50 -6 -10
50 -6 -11
50 -6 -17
50 -7 -11
50 -7 -13
50 -7 -16
50 -8 -3
50 -8 -5
50 -8 -9
50 -8 -14
50 -8 -18
50 -9 -4
50 -9 -7
50 -9 -9
50 -9 -14
50 -9 -15
50 -10 -5
50 -10 -6
50 -10 -10
50 -10 -16
50 -10 -17
50 -11 -8
50 -11 -12
50 -11 -16
50 -11 -17
50 -12 -2
50 -12 -8
50 -12 -12
50 -12 -16
50 -12 -17
50 -13 -4
50 -13 -6
50 -13 -7
50 -13 -16
50 -14 0
50 -14 -3
50 -14 -14
50 -15 -8
50 -15 -17
50 -16 -6
50 -16 -8
50 -16 -9
50 -16 -15
50 -16 -16
50 -16 -17
50 -16 -18
50 -17 -1
50 -17 -3
50 -17 -4
50 -17 -15
50 -17 -18
50 -18 0
50 -18 -3
50 -18 -6
50 -18 -7
50 -18 -9
50 -18 -11
50 -18 -13
50 -18 -16
50 -18 -18
51 0 0
51 0 -1
51 0 -2
51 0 -3
51 0 -5
51 0 -11
51 0 -17
51 -1 -4
51 -2 0
51 -2 -5
51 -2 -9
51 -2 -11
51 -2 -13
51 -2 -16
51 -3 -2
51 -3 -4
51 -3 -7
51 -3 -8
51 -3 -9
51 -3 -10
51 -3 -14
51 -3 -15
51 -3 -17
51 -3 -18
51 -4 -1
51 -4 -2
51 -4 -3
51 -4 -13
51 -4 -17
51 -4 -18
51 -5 -3
51 -5 -4
51 -5 -5
51 -5 -6
51 -5 -9
51 -5 -12
51 -5 -16
51 -5 -17
51 -6 -7
51 -6 -10
51 -6 -11
51 -6 -17
51 -7 -11
51 -7 -13
51 -7 -16
51 -8 -3
51 -8 -5
51 -8 -9
51 -8 -14
51 -8 -18
51 -9 -4
51 -9 -7
51 -9 -9
51 -9 -14
51 -9 -15
51 -10 -5
51 -10 -6
51 -10 -10
51 -10 -16
51 -10 -17
51 -11 -8
51 -11 -12
51 -11 -16
51 -11 -17
51 -12 -2
51 -12 -8
51 -12 -12
51 -12 -16
51 -12 -17
51 -13 -4
51 -13 -6
51 -13 -7
51 -13 -16
51 -14 0
51 -14 -3
51 -14 -14
51 -15 -8
51 -15 -17
51 -16 -6
51 -16 -8
51 -16 -9
51 -16 -15
51 -16 -16
51 -16 -17
51 -16 -18
51 -17 -1
51 -17 -3
51 -17 -4
51 -17 -15
51 -17 -18
51 -18 0
51 -18 -3
51 -18 -6
51 -18 -7
51 -18 -9
51 -18 -11
51 -18 -13
51 -18 -16
51 -18 -18
52 0 0
52 0 -1
52 0 -2
52 0 -3
52 0 -5
52 0 -11
52 0 -17
52 -1 -4
52 -2 0
52 -2 -5
52 -2 -9
52 -2 -11
52 -2 -13
52 -2 -16
52 -3 -2
52 -3 -4
52 -3 -7
52 -3 -8
52 -3 -9
52 -3 -10
52 -3 -14
52 -3 -15
52 -3 -17
52 -3 -18
52 -4 -1
52 -4 -2
52 -4 -3
52 -4 -13
52 -4 -17
52 -4 -18
52 -5 -3
52 -5 -4
52 -5 -5
52 -5 -6
52 -5 -9
52 -5 -12
52 -5 -16
52 -5 -17
52 -6 -7
52 -6 -10
52 -6 -11
52 -6 -17
52 -7 -11
52 -7 -13
52 -7 -16
52 -8 -3
52 -8 -5
52 -8 -9
52 -8 -14
52 -8 -18
52 -9 -4
52 -9 -7
52 -9 -9
52 -9 -14
52 -9 -15
52 -10 -5
52 -10 -6
52 -10 -10
52 -10 -16
52 -10 -17
52 -11 -8
52 -11 -12
52 -11 -16
52 -11 -17
52 -12 -2
52 -12 -8
52 -12 -12
52 -12 -16
52 -12 -17
52 -13 -4
52 -13 -6
52 -13 -7
52 -13 -16
52 -14 0
52 -14 -3
52 -14 -14
52 -15 -8
52 -15 -17
52 -16 -6
52 -16 -8
52 -16 -9
52 -16 -15
52 -16 -16
52 -16 -17
52 -16 -18
52 -17 -1
52 -17 -3
52 -17 -4
52 -17 -15
52 -17 -18
52 -18 0
52 -18 -3
52 -18 -6
52 -18 -7
52 -18 -9
52 -18 -11
52 -18 -13
52 -18 -16
52 -18 -18
53 0 0
53 0 -1
53 0 -2
53 0 -3
53 0 -5
53 0 -11
53 0 -17
53 -1 -4
53 -2 0
53 -2 -5
53 -2 -9
53 -2 -11
53 -2 -13
53 -2 -16
53 -3 -2
53 -3 -4
53 -3 -7
53 -3 -8
53 -3 -9
53 -3 -10
53 -3 -14
53 -3 -15
53 -3 -17
53 -3 -18
53 -4 -1
53 -4 -2
53 -4 -3
53 -4 -13
53 -4 -17
53 -4 -18
53 -5 -3
53 -5 -4
53 -5 -5
53 -5 -6
53 -5 -9
53 -5 -12
53 -5 -16
53 -5 -17
53 -6 -7
53 -6 -10
53 -6 -11
53 -6 -17
53 -7 -11
53 -7 -13
53 -7 -16
53 -8 -3
53 -8 -5
53 -8 -9
53 -8 -14
53 -8 -18
53 -9 -4
53 -9 -7
53 -9 -9
53 -9 -14
53 -9 -15
53 -10 -5
53 -10 -6
53 -10 -10
53 -10 -16
53 -10 -17
53 -11 -8
53 -11 -12
53 -11 -16
53 -11 -17
53 -12 -2
53 -12 -8
53 -12 -12
53 -12 -16
53 -12 -17
53 -13 -4
53 -13 -6
53 -13 -7
53 -13 -16
53 -14 0
53 -14 -3
53 -14 -14
53 -15 -8
53 -15 -17
53 -16 -6
53 -16 -8
53 -16 -9
53 -16 -15
53 -16 -16
53 -16 -17
53 -16 -18
53 -17 -1
53 -17 -3
53 -17 -4
53 -17 -15
53 -17 -18
53 -18 0
53 -18 -3
53 -18 -6
53 -18 -7
53 -18 -9
53 -18 -11
53 -18 -13
53 -18 -16
53 -18 -18
54 0 0
54 0 -1
54 0 -2
54 0 -3
54 0 -5
54 0 -11
54 0 -17
54 -1 -4
54 -2 0
54 -2 -5
54 -2 -9
54 -2 -11
54 -2 -13
54 -2 -16
54 -3 -2
54 -3 -4
54 -3 -7
54 -3 -8
54 -3 -9
54 -3 -10
54 -3 -14
54 -3 -15
54 -3 -17
54 -3 -18
54 -4 -1
54 -4 -2
54 -4 -3
54 -4 -13
54 -4 -17
54 -4 -18
54 -5 -3
54 -5 -4
54 -5 -5
54 -5 -6
54 -5 -9
54 -5 -12
54 -5 -16
54 -5 -17
54 -6 -7
54 -6 -10
54 -6 -11
54 -6 -17
54 -7 -11
54 -7 -13
54 -7 -16
54 -8 -3
54 -8 -5
54 -8 -9
54 -8 -14
54 -8 -18
54 -9 -4
54 -9 -7
54 -9 -9
54 -9 -14
54 -9 -15
54 -10 -5
54 -10 -6
54 -10 -10
54 -10 -16
54 -10 -17
54 -11 -8
54 -11 -12
54 -11 -16
54 -11 -17
54 -12 -2
54 -12 -8
54 -12 -12
54 -12 -16
54 -12 -17
54 -13 -4
54 -13 -6
54 -13 -7
54 -13 -16
54 -14 0
54 -14 -3
54 -14 -14
54 -15 -8
54 -15 -17
54 -16 -6
54 -16 -8
54 -16 -9
54 -16 -15
54 -16 -16
54 -16 -17
54 -16 -18
54 -17 -1
54 -17 -3
54 -17 -4
54 -17 -15
54 -17 -18
54 -18 0
54 -18 -3
54 -18 -6
54 -18 -7
54 -18 -9
54 -18 -11
54 -18 -13
54 -18 -16
54 -18 -18
55 0 0
55 0 -1
55 0 -2
55 0 -3
55 0 -5
55 0 -11
55 0 -17
55 -1 -4
55 -2 0
55 -2 -5
55 -2 -9
55 -2 -11
55 -2 -13
55 -2 -16
55 -3 -2
55 -3 -4
55 -3 -7
55 -3 -8
55 -3 -9
55 -3 -10
55 -3 -14
55 -3 -15
55 -3 -17
55 -3 -18
55 -4 -1
55 -4 -2
55 -4 -3
55 -4 -13
55 -4 -17
55 -4 -18
55 -5 -3
55 -5 -4
55 -5 -5
55 -5 -6
55 -5 -9
55 -5 -12
55 -5 -16
55 -5 -17
55 -6 -7
55 -6 -10
55 -6 -11
55 -6 -17
55 -7 -11
55 -7 -13
55 -7 -16
55 -8 -3
55 -8 -5
55 -8 -9
55 -8 -14
55 -8 -18
55 -9 -4
55 -9 -7
55 -9 -9
55 -9 -14
55 -9 -15
55 -10 -5
55 -10 -6
55 -10 -10
55 -10 -16
55 -10 -17
55 -11 -8
55 -11 -12
55 -11 -16
55 -11 -17
55 -12 -2
55 -12 -8
55 -12 -12
55 -12 -16
55 -12 -17
55 -13 -4
55 -13 -6
55 -13 -7
55 -13 -16
55 -14 0
55 -14 -3
55 -14 -14
55 -15 -8
55 -15 -17
55 -16 -6
55 -16 -8
55 -16 -9
55 -16 -15
55 -16 -16
55 -16 -17
55 -16 -18
55 -17 -1
55 -17 -3
55 -17 -4
55 -17 -15
55 -17 -18
55 -18 0
55 -18 -3
55 -18 -6
55 -18 -7
55 -18 -9
55 -18 -11
55 -18 -13
55 -18 -16
55 -18 -18
56 0 0
56 0 -1
56 0 -2
56 0 -3
56 0 -5
56 0 -11
56 0 -17
56 -1 -4
56 -2 0
56 -2 -5
56 -2 -9
56 -2 -11
56 -2 -13
56 -2 -16
56 -3 -2
56 -3 -4
56 -3 -7
56 -3 -8
56 -3 -9
56 -3 -10
56 -3 -14
56 -3 -15
56 -3 -17
56 -3 -18
56 -4 -1
56 -4 -2
56 -4 -3
56 -4 -13
56 -4 -17
56 -4 -18
56 -5 -3
56 -5 -4
56 -5 -5
56 -5 -6
56 -5 -9
56 -5 -12
56 -5 -16
56 -5 -17
56 -6 -7
56 -6 -10
56 -6 -11
56 -6 -17
56 -7 -11
56 -7 -13
56 -7 -16
56 -8 -3
56 -8 -5
56 -8 -9
56 -8 -14
56 -8 -18
56 -9 -4
56 -9 -7
56 -9 -9
56 -9 -14
56 -9 -15
56 -10 -5
56 -10 -6
56 -10 -10
56 -10 -16
56 -10 -17
56 -11 -8
56 -11 -12
56 -11 -16
56 -11 -17
56 -12 -2
56 -12 -8
56 -12 -12
56 -12 -16
56 -12 -17
56 -13 -4
56 -13 -6
56 -13 -7
56 -13 -16
56 -14 0
56 -14 -3
56 -14 -14
56 -15 -8
56 -15 -17
56 -16 -6
56 -16 -8
56 -16 -9
56 -16 -15
56 -16 -16
56 -16 -17
56 -16 -18
56 -17 -1
56 -17 -3
56 -17 -4
56 -17 -15
56 -17 -18
56 -18 0
56 -18 -3
56 -18 -6
56 -18 -7
56 -18 -9
56 -18 -11
56 -18 -13
56 -18 -16
56 -18 -18
57 0 0
57 0 -1
57 0 -2
57 0 -3
57 0 -5
57 0 -11
57 0 -17
57 -1 -4
57 -2 0
57 -2 -5
57 -2 -9
57 -2 -11
57 -2 -13
57 -2 -16
57 -3 -2
57 -3 -4
57 -3 -7
57 -3 -8
57 -3 -9
57 -3 -10
57 -3 -14
57 -3 -15
57 -3 -17
57 -3 -18
57 -4 -1
57 -4 -2
57 -4 -3
57 -4 -13
57 -4 -17
57 -4 -18
57 -5 -3
57 -5 -4
57 -5 -5
57 -5 -6
57 -5 -9
57 -5 -12
57 -5 -16
57 -5 -17
57 -6 -7
57 -6 -10
57 -6 -11
57 -6 -17
57 -7 -11
57 -7 -13
57 -7 -16
57 -8 -3
57 -8 -5
57 -8 -9
57 -8 -14
57 -8 -18
57 -9 -4
57 -9 -7
57 -9 -9
57 -9 -14
57 -9 -15
57 -10 -5
57 -10 -6
57 -10 -10
57 -10 -16
57 -10 -17
57 -11 -8
57 -11 -12
57 -11 -16
57 -11 -17
57 -12 -2
57 -12 -8
57 -12 -12
57 -12 -16
57 -12 -17
57 -13 -4
57 -13 -6
57 -13 -7
57 -13 -16
57 -14 0
57 -14 -3
57 -14 -14
57 -15 -8
57 -15 -17
57 -16 -6
57 -16 -8
57 -16 -9
57 -16 -15
57 -16 -16
57 -16 -17
57 -16 -18
57 -17 -1
57 -17 -3
57 -17 -4
57 -17 -15
57 -17 -18
57 -18 0
57 -18 -3
57 -18 -6
57 -18 -7
57 -18 -9
57 -18 -11
57 -18 -13
57 -18 -16
57 -18 -18
58 0 0
58 0 -1
58 0 -2
58 0 -3
58 0 -5
58 0 -11
58 0 -17
58 -1 -4
58 -2 0
58 -2 -5
58 -2 -9
58 -2 -11
58 -2 -13
58 -2 -16
58 -3 -2
58 -3 -4
58 -3 -7
58 -3 -8
58 -3 -9
58 -3 -10
58 -3 -14
58 -3 -15
58 -3 -17
58 -3 -18
58 -4 -1
58 -4 -2
58 -4 -3
58 -4 -13
58 -4 -17
58 -4 -18
58 -5 -3
58 -5 -4
58 -5 -5
58 -5 -6
58 -5 -9
58 -5 -12
58 -5 -16
58 -5 -17
58 -6 -7
58 -6 -10
58 -6 -11
58 -6 -17
58 -7 -11
58 -7 -13
58 -7 -16
58 -8 -3
58 -8 -5
58 -8 -9
58 -8 -14
58 -8 -18
58 -9 -4
58 -9 -7
58 -9 -9
58 -9 -14
58 -9 -15
58 -10 -5
58 -10 -6
58 -10 -10
58 -10 -16
58 -10 -17
58 -11 -8
58 -11 -12
58 -11 -16
58 -11 -17
58 -12 -2
58 -12 -8
58 -12 -12
58 -12 -16
58 -12 -17
58 -13 -4
58 -13 -6
58 -13 -7
58 -13 -16
58 -14 0
58 -14 -3
58 -14 -14
58 -15 -8
58 -15 -17
58 -16 -6
58 -16 -8
58 -16 -9
58 -16 -15
58 -16 -16
58 -16 -17
58 -16 -18
58 -17 -1
58 -17 -3
58 -17 -4
58 -17 -15
58 -17 -18
58 -18 0
58 -18 -3
58 -18 -6
58 -18 -7
58 -18 -9
58 -18 -11
58 -18 -13
58 -18 -16
58 -18 -18
59 0 0
59 0 -1
59 0 -2
59 0 -3
59 0 -5
59 0 -11
59 0 -17
59 -1 -4
59 -2 0
59 -2 -5
59 -2 -9
59 -2 -11
59 -2 -13
59 -2 -16
59 -3 -2
59 -3 -4
59 -3 -7
59 -3 -8
59 -3 -9
59 -3 -10
59 -3 -14
59 -3 -15
59 -3 -17
59 -3 -18
59 -4 -1
59 -4 -2
59 -4 -3
59 -4 -13
59 -4 -17
59 -4 -18
59 -5 -3
59 -5 -4
59 -5 -5
59 -5 -6
59 -5 -9
59 -5 -12
59 -5 -16
59 -5 -17
59 -6 -7
59 -6 -10
59 -6 -11
59 -6 -17
59 -7 -11
59 -7 -13
59 -7 -16
59 -8 -3
59 -8 -5
59 -8 -9
59 -8 -14
59 -8 -18
59 -9 -4
59 -9 -7
59 -9 -9
59 -9 -14
59 -9 -15
59 -10 -5
59 -10 -6
59 -10 -10
59 -10 -16
59 -10 -17
59 -11 -8
59 -11 -12
59 -11 -16
59 -11 -17
59 -12 -2
59 -12 -8
59 -12 -12
59 -12 -16
59 -12 -17
59 -13 -4
59 -13 -6
59 -13 -7
59 -13 -16
59 -14 0
59 -14 -3
59 -14 -14
59 -15 -8
59 -15 -17
59 -16 -6
59 -16 -8
59 -16 -9
59 -16 -15
59 -16 -16
59 -16 -17
59 -16 -18
59 -17 -1
59 -17 -3
59 -17 -4
59 -17 -15
59 -17 -18
59 -18 0
59 -18 -3
59 -18 -6
59 -18 -7
59 -18 -9
59 -18 -11
59 -18 -13
59 -18 -16
59 -18 -18
60 0 0
60 0 -1
60 0 -2
60 0 -3
60 0 -5
60 0 -11
60 0 -17
60 -1 -4
60 -2 0
60 -2 -5
60 -2 -9
60 -2 -11
60 -2 -13
60 -2 -16
60 -3 -2
60 -3 -4
60 -3 -7
60 -3 -8
60 -3 -9
60 -3 -10
60 -3 -14
60 -3 -15
60 -3 -17
60 -3 -18
60 -4 -1
60 -4 -2
60 -4 -3
60 -4 -13
60 -4 -17
60 -4 -18
60 -5 -3
60 -5 -4
60 -5 -5
60 -5 -6
60 -5 -9
60 -5 -12
60 -5 -16
60 -5 -17
60 -6 -7
60 -6 -10
60 -6 -11
60 -6 -17
60 -7 -11
60 -7 -13
60 -7 -16
60 -8 -3
60 -8 -5
60 -8 -9
60 -8 -14
60 -8 -18
60 -9 -4
60 -9 -7
60 -9 -9
60 -9 -14
60 -9 -15
60 -10 -5
60 -10 -6
60 -10 -10
60 -10 -16
60 -10 -17
60 -11 -8
60 -11 -12
60 -11 -16
60 -11 -17
60 -12 -2
60 -12 -8
60 -12 -12
60 -12 -16
60 -12 -17
60 -13 -4
60 -13 -6
60 -13 -7
60 -13 -16
60 -14 0
60 -14 -3
60 -14 -14
60 -15 -8
60 -15 -17
60 -16 -6
60 -16 -8
60 -16 -9
60 -16 -15
60 -16 -16
60 -16 -17
60 -16 -18
60 -17 -1
60 -17 -3
60 -17 -4
60 -17 -15
60 -17 -18
60 -18 0
60 -18 -3
60 -18 -6
60 -18 -7
60 -18 -9
60 -18 -11
60 -18 -13
60 -18 -16
60 -18 -18
61 0 0
61 0 -1
61 0 -2
61 0 -3
61 0 -5
61 0 -11
61 0 -17
61 -1 -4
61 -2 0
61 -2 -5
61 -2 -9
61 -2 -11
61 -2 -13
61 -2 -16
61 -3 -2
61 -3 -4
61 -3 -7
61 -3 -8
61 -3 -9
61 -3 -10
61 -3 -14
61 -3 -15
61 -3 -17
61 -3 -18
61 -4 -1
61 -4 -2
61 -4 -3
61 -4 -13
61 -4 -17
61 -4 -18
61 -5 -3
61 -5 -4
61 -5 -5
61 -5 -6
61 -5 -9
61 -5 -12
61 -5 -16
61 -5 -17
61 -6 -7
61 -6 -10
61 -6 -11
61 -6 -17
61 -7 -11
61 -7 -13
61 -7 -16
61 -8 -3
61 -8 -5
61 -8 -9
61 -8 -14
61 -8 -18
61 -9 -4
61 -9 -7
61 -9 -9
61 -9 -14
61 -9 -15
61 -10 -5
61 -10 -6
61 -10 -10
61 -10 -16
61 -10 -17
61 -11 -8
61 -11 -12
61 -11 -16
61 -11 -17
61 -12 -2
61 -12 -8
61 -12 -12
61 -12 -16
61 -12 -17
61 -13 -4
61 -13 -6
61 -13 -7
61 -13 -16
61 -14 0
61 -14 -3
61 -14 -14
61 -15 -8
61 -15 -17
61 -16 -6
61 -16 -8
61 -16 -9
61 -16 -15
61 -16 -16
61 -16 -17
61 -16 -18
61 -17 -1
61 -17 -3
61 -17 -4
61 -17 -15
61 -17 -18
61 -18 0
61 -18 -3
61 -18 -6
61 -18 -7
61 -18 -9
61 -18 -11
61 -18 -13
61 -18 -16
61 -18 -18
62 0 0
62 0 -1
62 0 -2
62 0 -3
62 0 -5
62 0 -11
62 0 -17
62 -1 -4
62 -2 0
62 -2 -5
62 -2 -9
62 -2 -11
62 -2 -13
62 -2 -16
62 -3 -2
62 -3 -4
62 -3 -7
62 -3 -8
62 -3 -9
62 -3 -10
62 -3 -14
62 -3 -15
62 -3 -17
62 -3 -18
62 -4 -1
62 -4 -2
62 -4 -3
62 -4 -13
62 -4 -17
62 -4 -18
62 -5 -3
62 -5 -4
62 -5 -5
62 -5 -6
62 -5 -9
62 -5 -12
62 -5 -16
62 -5 -17
62 -6 -7
62 -6 -10
62 -6 -11
62 -6 -17
62 -7 -11
62 -7 -13
62 -7 -16
62 -8 -3
62 -8 -5
62 -8 -9
62 -8 -14
62 -8 -18
62 -9 -4
62 -9 -7
62 -9 -9
62 -9 -14
62 -9 -15
62 -10 -5
62 -10 -6
62 -10 -10
62 -10 -16
62 -10 -17
62 -11 -8
62 -11 -12
62 -11 -16
62 -11 -17
62 -12 -2
62 -12 -8
62 -12 -12
62 -12 -16
62 -12 -17
62 -13 -4
62 -13 -6
62 -13 -7
62 -13 -16
62 -14 0
62 -14 -3
62 -14 -14
62 -15 -8
62 -15 -17
62 -16 -6
62 -16 -8
62 -16 -9
62 -16 -15
62 -16 -16
62 -16 -17
62 -16 -18
62 -17 -1
62 -17 -3
62 -17 -4
62 -17 -15
62 -17 -18
62 -18 0
62 -18 -3
62 -18 -6
62 -18 -7
62 -18 -9
62 -18 -11
62 -18 -13
62 -18 -16
62 -18 -18
63 0 0
63 0 -1
63 0 -2
63 0 -3
63 0 -5
63 0 -11
63 0 -17
63 -1 -4
63 -2 0
63 -2 -5
63 -2 -9
63 -2 -11
63 -2 -13
63 -2 -16
63 -3 -2
63 -3 -4
63 -3 -7
63 -3 -8
63 -3 -9
63 -3 -10
63 -3 -14
63 -3 -15
63 -3 -17
63 -3 -18
63 -4 -1
63 -4 -2
63 -4 -3
63 -4 -13
63 -4 -17
63 -4 -18
63 -5 -3
63 -5 -4
63 -5 -5
63 -5 -6
63 -5 -9
63 -5 -12
63 -5 -16
63 -5 -17
63 -6 -7
63 -6 -10
63 -6 -11
63 -6 -17
63 -7 -11
63 -7 -13
63 -7 -16
63 -8 -3
63 -8 -5
63 -8 -9
63 -8 -14
63 -8 -18
63 -9 -4
63 -9 -7
63 -9 -9
63 -9 -14
63 -9 -15
63 -10 -5
63 -10 -6
63 -10 -10
63 -10 -16
63 -10 -17
63 -11 -8
63 -11 -12
63 -11 -16
63 -11 -17
63 -12 -2
63 -12 -8
63 -12 -12
63 -12 -16
63 -12 -17
63 -13 -4
63 -13 -6
63 -13 -7
63 -13 -16
63 -14 0
63 -14 -3
63 -14 -14
63 -15 -8
63 -15 -17
63 -16 -6
63 -16 -8
63 -16 -9
63 -16 -15
63 -16 -16
63 -16 -17
63 -16 -18
63 -17 -1
63 -17 -3
63 -17 -4
63 -17 -15
63 -17 -18
63 -18 0
63 -18 -3
63 -18 -6
63 -18 -7
63 -18 -9
63 -18 -11
63 -18 -13
63 -18 -16
63 -18 -18
64 0 0
64 0 -1
64 0 -2
64 0 -3
64 0 -5
64 0 -11
64 0 -17
64 -1 -4
64 -2 0
64 -2 -5
64 -2 -9
64 -2 -11
64 -2 -13
64 -2 -16
64 -3 -2
64 -3 -4
64 -3 -7
64 -3 -8
64 -3 -9
64 -3 -10
64 -3 -14
64 -3 -15
64 -3 -17
64 -3 -18
64 -4 -1
64 -4 -2
64 -4 -3
64 -4 -13
64 -4 -17
64 -4 -18
64 -5 -3
64 -5 -4
64 -5 -5
64 -5 -6
64 -5 -9
64 -5 -12
64 -5 -16
64 -5 -17
64 -6 -7
64 -6 -10
64 -6 -11
64 -6 -17
64 -7 -11
64 -7 -13
64 -7 -16
64 -8 -3
64 -8 -5
64 -8 -9
64 -8 -14
64 -8 -18
64 -9 -4
64 -9 -7
64 -9 -9
64 -9 -14
64 -9 -15
64 -10 -5
64 -10 -6
64 -10 -10
64 -10 -16
64 -10 -17
64 -11 -8
64 -11 -12
64 -11 -16
64 -11 -17
64 -12 -2
64 -12 -8
64 -12 -12
64 -12 -16
64 -12 -17
64 -13 -4
64 -13 -6
64 -13 -7
64 -13 -16
64 -14 0
64 -14 -3
64 -14 -14
64 -15 -8
64 -15 -17
64 -16 -6
64 -16 -8
64 -16 -9
64 -16 -15
64 -16 -16
64 -16 -17
64 -16 -18
64 -17 -1
64 -17 -3
64 -17 -4
64 -17 -15
64 -17 -18
64 -18 0
64 -18 -3
64 -18 -6
64 -18 -7
64 -18 -9
64 -18 -11
64 -18 -13
64 -18 -16
64 -18 -18
65 0 0
65 0 -1
65 0 -2
65 0 -3
65 0 -5
65 0 -11
65 0 -17
65 -1 -4
65 -2 0
65 -2 -5
65 -2 -9
65 -2 -11
65 -2 -13
65 -2 -16
65 -3 -2
65 -3 -4
65 -3 -7
65 -3 -8
65 -3 -9
65 -3 -10
65 -3 -14
65 -3 -15
65 -3 -17
65 -3 -18
65 -4 -1
65 -4 -2
65 -4 -3
65 -4 -13
65 -4 -17
65 -4 -18
65 -5 -3
65 -5 -4
65 -5 -5
65 -5 -6
65 -5 -9
65 -5 -12
65 -5 -16
65 -5 -17
65 -6 -7
65 -6 -10
65 -6 -11
65 -6 -17
65 -7 -11
65 -7 -13
65 -7 -16
65 -8 -3
65 -8 -5
65 -8 -9
65 -8 -14
65 -8 -18
65 -9 -4
65 -9 -7
65 -9 -9
65 -9 -14
65 -9 -15
65 -10 -5
65 -10 -6
65 -10 -10
65 -10 -16
65 -10 -17
65 -11 -8
65 -11 -12
65 -11 -16
65 -11 -17
65 -12 -2
65 -12 -8
65 -12 -12
65 -12 -16
65 -12 -17
65 -13 -4
65 -13 -6
65 -13 -7
65 -13 -16
65 -14 0
65 -14 -3
65 -14 -14
65 -15 -8
65 -15 -17
65 -16 -6
65 -16 -8
65 -16 -9
65 -16 -15
65 -16 -16
65 -16 -17
65 -16 -18
65 -17 -1
65 -17 -3
65 -17 -4
65 -17 -15
65 -17 -18
65 -18 0
65 -18 -3
65 -18 -6
65 -18 -7
65 -18 -9
65 -18 -11
65 -18 -13
65 -18 -16
65 -18 -18
66 0 0
66 0 -1
66 0 -2
66 0 -3
66 0 -5
66 0 -11
66 0 -17
66 -1 -4
66 -2 0
66 -2 -5
66 -2 -9
66 -2 -11
66 -2 -13
66 -2 -16
66 -3 -2
66 -3 -4
66 -3 -7
66 -3 -8
66 -3 -9
66 -3 -10
66 -3 -14
66 -3 -15
66 -3 -17
66 -3 -18
66 -4 -1
66 -4 -2
66 -4 -3
66 -4 -13
66 -4 -17
66 -4 -18
66 -5 -3
66 -5 -4
66 -5 -5
66 -5 -6
66 -5 -9
66 -5 -12
66 -5 -16
66 -5 -17
66 -6 -7
66 -6 -10
66 -6 -11
66 -6 -17
66 -7 -11
66 -7 -13
66 -7 -16
66 -8 -3
66 -8 -5
66 -8 -9
66 -8 -14
66 -8 -18
66 -9 -4
66 -9 -7
66 -9 -9
66 -9 -14
66 -9 -15
66 -10 -5
66 -10 -6
66 -10 -10
66 -10 -16
66 -10 -17
66 -11 -8
66 -11 -12
66 -11 -16
66 -11 -17
66 -12 -2
66 -12 -8
66 -12 -12
66 -12 -16
66 -12 -17
66 -13 -4
66 -13 -6
66 -13 -7
66 -13 -16
66 -14 0
66 -14 -3
66 -14 -14
66 -15 -8
66 -15 -17
66 -16 -6
66 -16 -8
66 -16 -9
66 -16 -15
66 -16 -16
66 -16 -17
66 -16 -18
66 -17 -1
66 -17 -3
66 -17 -4
66 -17 -15
66 -17 -18
66 -18 0
66 -18 -3
66 -18 -6
66 -18 -7
66 -18 -9
66 -18 -11
66 -18 -13
66 -18 -16
66 -18 -18
67 0 0
67 0 -1
67 0 -2
67 0 -3
67 0 -5
67 0 -11
67 0 -17
67 -1 -4
67 -2 0
67 -2 -5
67 -2 -9
67 -2 -11
67 -2 -13
67 -2 -16
67 -3 -2
67 -3 -4
67 -3 -7
67 -3 -8
67 -3 -9
67 -3 -10
67 -3 -14
67 -3 -15
67 -3 -17
67 -3 -18
67 -4 -1
67 -4 -2
67 -4 -3
67 -4 -13
67 -4 -17
67 -4 -18
67 -5 -3
67 -5 -4
67 -5 -5
67 -5 -6
67 -5 -9
67 -5 -12
67 -5 -16
67 -5 -17
67 -6 -7
67 -6 -10
67 -6 -11
67 -6 -17
67 -7 -11
67 -7 -13
67 -7 -16
67 -8 -3
67 -8 -5
67 -8 -9
67 -8 -14
67 -8 -18
67 -9 -4
67 -9 -7
67 -9 -9
67 -9 -14
67 -9 -15
67 -10 -5
67 -10 -6
67 -10 -10
67 -10 -16
67 -10 -17
67 -11 -8
67 -11 -12
67 -11 -16
67 -11 -17
67 -12 -2
67 -12 -8
67 -12 -12
67 -12 -16
67 -12 -17
67 -13 -4
67 -13 -6
67 -13 -7
67 -13 -16
67 -14 0
67 -14 -3
67 -14 -14
67 -15 -8
67 -15 -17
67 -16 -6
67 -16 -8
67 -16 -9
67 -16 -15
67 -16 -16
67 -16 -17
67 -16 -18
67 -17 -1
67 -17 -3
67 -17 -4
67 -17 -15
67 -17 -18
67 -18 0
67 -18 -3
67 -18 -6
67 -18 -7
67 -18 -9
67 -18 -11
67 -18 -13
67 -18 -16
67 -18 -18
68 0 0
68 0 -1
68 0 -2
68 0 -3
68 0 -5
68 0 -11
68 0 -17
68 -1 -4
68 -2 0
68 -2 -5
68 -2 -9
68 -2 -11
68 -2 -13
68 -2 -16
68 -3 -2
68 -3 -4
68 -3 -7
68 -3 -8
68 -3 -9
68 -3 -10
68 -3 -14
68 -3 -15
68 -3 -17
68 -3 -18
68 -4 -1
68 -4 -2
68 -4 -3
68 -4 -13
68 -4 -17
68 -4 -18
68 -5 -3
68 -5 -4
68 -5 -5
68 -5 -6
68 -5 -9
68 -5 -12
68 -5 -16
68 -5 -17
68 -6 -7
68 -6 -10
68 -6 -11
68 -6 -17
68 -7 -11
68 -7 -13
68 -7 -16
68 -8 -3
68 -8 -5
68 -8 -9
68 -8 -14
68 -8 -18
68 -9 -4
68 -9 -7
68 -9 -9
68 -9 -14
68 -9 -15
68 -10 -5
68 -10 -6
68 -10 -10
68 -10 -16
68 -10 -17
68 -11 -8
68 -11 -12
68 -11 -16
68 -11 -17
68 -12 -2
68 -12 -8
68 -12 -12
68 -12 -16
68 -12 -17
68 -13 -4
68 -13 -6
68 -13 -7
68 -13 -16
68 -14 0
68 -14 -3
68 -14 -14
68 -15 -8
68 -15 -17
68 -16 -6
68 -16 -8
68 -16 -9
68 -16 -15
68 -16 -16
68 -16 -17
68 -16 -18
68 -17 -1
68 -17 -3
68 -17 -4
68 -17 -15
68 -17 -18
68 -18 0
68 -18 -3
68 -18 -6
68 -18 -7
68 -18 -9
68 -18 -11
68 -18 -13
68 -18 -16
68 -18 -18
69 0 0
69 0 -1
69 0 -2
69 0 -3
69 0 -5
69 0 -11
69 0 -17
69 -1 -4
69 -2 0
69 -2 -5
69 -2 -9
69 -2 -11
69 -2 -13
69 -2 -16
69 -3 -2
69 -3 -4
69 -3 -7
69 -3 -8
69 -3 -9
69 -3 -10
69 -3 -14
69 -3 -15
69 -3 -17
69 -3 -18
69 -4 -1
69 -4 -2
69 -4 -3
69 -4 -13
69 -4 -17
69 -4 -18
69 -5 -3
69 -5 -4
69 -5 -5
69 -5 -6
69 -5 -9
69 -5 -12
69 -5 -16
69 -5 -17
69 -6 -7
69 -6 -10
69 -6 -11
69 -6 -17
69 -7 -11
69 -7 -13
69 -7 -16
69 -8 -3
69 -8 -5
69 -8 -9
69 -8 -14
69 -8 -18
69 -9 -4
69 -9 -7
69 -9 -9
69 -9 -14
69 -9 -15
69 -10 -5
69 -10 -6
69 -10 -10
69 -10 -16
69 -10 -17
69 -11 -8
69 -11 -12
69 -11 -16
69 -11 -17
69 -12 -2
69 -12 -8
69 -12 -12
69 -12 -16
69 -12 -17
69 -13 -4
69 -13 -6
69 -13 -7
69 -13 -16
69 -14 0
69 -14 -3
69 -14 -14
69 -15 -8
69 -15 -17
69 -16 -6
69 -16 -8
69 -16 -9
69 -16 -15
69 -16 -16
69 -16 -17
69 -16 -18
69 -17 -1
69 -17 -3
69 -17 -4
69 -17 -15
69 -17 -18
69 -18 0
69 -18 -3
69 -18 -6
69 -18 -7
69 -18 -9
69 -18 -11
69 -18 -13
69 -18 -16
69 -18 -18
70 0 0
70 0 -1
70 0 -2
70 0 -3
70 0 -5
70 0 -11
70 0 -17
70 -1 -4
70 -2 0
70 -2 -5
70 -2 -9
70 -2 -11
70 -2 -13
70 -2 -16
70 -3 -2
70 -3 -4
70 -3 -7
70 -3 -8
70 -3 -9
70 -3 -10
70 -3 -14
70 -3 -15
70 -3 -17
70 -3 -18
70 -4 -1
70 -4 -2
70 -4 -3
70 -4 -13
70 -4 -17
70 -4 -18
70 -5 -3
70 -5 -4
70 -5 -5
70 -5 -6
70 -5 -9
70 -5 -12
70 -5 -16
70 -5 -17
70 -6 -7
70 -6 -10
70 -6 -11
70 -6 -17
70 -7 -11
70 -7 -13
70 -7 -16
70 -8 -3
70 -8 -5
70 -8 -9
70 -8 -14
70 -8 -18
70 -9 -4
70 -9 -7
70 -9 -9
70 -9 -14
70 -9 -15
70 -10 -5
70 -10 -6
70 -10 -10
70 -10 -16
70 -10 -17
70 -11 -8
70 -11 -12
70 -11 -16
70 -11 -17
70 -12 -2
70 -12 -8
70 -12 -12
70 -12 -16
70 -12 -17
70 -13 -4
70 -13 -6
70 -13 -7
70 -13 -16
70 -14 0
70 -14 -3
70 -14 -14
70 -15 -8
70 -15 -17
70 -16 -6
70 -16 -8
70 -16 -9
70 -16 -15
70 -16 -16
70 -16 -17
70 -16 -18
70 -17 -1
70 -17 -3
70 -17 -4
70 -17 -15
70 -17 -18
70 -18 0
70 -18 -3
70 -18 -6
70 -18 -7
70 -18 -9
70 -18 -11
70 -18 -13
70 -18 -16
70 -18 -18
71 0 0
71 0 -1
71 0 -2
71 0 -3
71 0 -5
71 0 -11
71 0 -17
71 -1 -4
71 -2 0
71 -2 -5
71 -2 -9
71 -2 -11
71 -2 -13
71 -2 -16
71 -3 -2
71 -3 -4
71 -3 -7
71 -3 -8
71 -3 -9
71 -3 -10
71 -3 -14
71 -3 -15
71 -3 -17
71 -3 -18
71 -4 -1
71 -4 -2
71 -4 -3
71 -4 -13
71 -4 -17
71 -4 -18
71 -5 -3
71 -5 -4
71 -5 -5
71 -5 -6
71 -5 -9
71 -5 -12
71 -5 -16
71 -5 -17
71 -6 -7
71 -6 -10
71 -6 -11
71 -6 -17
71 -7 -11
71 -7 -13
71 -7 -16
71 -8 -3
71 -8 -5
71 -8 -9
71 -8 -14
71 -8 -18
71 -9 -4
71 -9 -7
71 -9 -9
71 -9 -14
71 -9 -15
71 -10 -5
71 -10 -6
71 -10 -10
71 -10 -16
71 -10 -17
71 -11 -8
71 -11 -12
71 -11 -16
71 -11 -17
71 -12 -2
71 -12 -8
71 -12 -12
71 -12 -16
71 -12 -17
71 -13 -4
71 -13 -6
71 -13 -7
71 -13 -16
71 -14 0
71 -14 -3
71 -14 -14
71 -15 -8
71 -15 -17
71 -16 -6
71 -16 -8
71 -16 -9
71 -16 -15
71 -16 -16
71 -16 -17
71 -16 -18
71 -17 -1
71 -17 -3
71 -17 -4
71 -17 -15
71 -17 -18
71 -18 0
71 -18 -3
71 -18 -6
71 -18 -7
71 -18 -9
71 -18 -11
71 -18 -13
71 -18 -16
71 -18 -18
72 0 0
72 0 -1
72 0 -2
72 0 -3
72 0 -5
72 0 -11
72 0 -17
72 -1 -4
72 -2 0
72 -2 -5
72 -2 -9
72 -2 -11
72 -2 -13
72 -2 -16
72 -3 -2
72 -3 -4
72 -3 -7
72 -3 -8
72 -3 -9
72 -3 -10
72 -3 -14
72 -3 -15
72 -3 -17
72 -3 -18
72 -4 -1
72 -4 -2
72 -4 -3
72 -4 -13
72 -4 -17
72 -4 -18
72 -5 -3
72 -5 -4
72 -5 -5
72 -5 -6
72 -5 -9
72 -5 -12
72 -5 -16
72 -5 -17
72 -6 -7
72 -6 -10
72 -6 -11
72 -6 -17
72 -7 -11
72 -7 -13
72 -7 -16
72 -8 -3
72 -8 -5
72 -8 -9
72 -8 -14
72 -8 -18
72 -9 -4
72 -9 -7
72 -9 -9
72 -9 -14
72 -9 -15
72 -10 -5
72 -10 -6
72 -10 -10
72 -10 -16
72 -10 -17
72 -11 -8
72 -11 -12
72 -11 -16
72 -11 -17
72 -12 -2
72 -12 -8
72 -12 -12
72 -12 -16
72 -12 -17
72 -13 -4
72 -13 -6
72 -13 -7
72 -13 -16
72 -14 0
72 -14 -3
72 -14 -14
72 -15 -8
72 -15 -17
72 -16 -6
72 -16 -8
72 -16 -9
72 -16 -15
72 -16 -16
72 -16 -17
72 -16 -18
72 -17 -1
72 -17 -3
72 -17 -4
72 -17 -15
72 -17 -18
72 -18 0
72 -18 -3
72 -18 -6
72 -18 -7
72 -18 -9
72 -18 -11
72 -18 -13
72 -18 -16
72 -18 -18
73 0 0
73 0 -1
73 0 -2
73 0 -3
73 0 -5
73 0 -11
73 0 -17
73 -1 -4
73 -2 0
73 -2 -5
73 -2 -9
73 -2 -11
73 -2 -13
73 -2 -16
73 -3 -2
73 -3 -4
73 -3 -7
73 -3 -8
73 -3 -9
73 -3 -10
73 -3 -14
73 -3 -15
73 -3 -17
73 -3 -18
73 -4 -1
73 -4 -2
73 -4 -3
73 -4 -13
73 -4 -17
73 -4 -18
73 -5 -3
73 -5 -4
73 -5 -5
73 -5 -6
73 -5 -9
73 -5 -12
73 -5 -16
73 -5 -17
73 -6 -7
73 -6 -10
73 -6 -11
73 -6 -17
73 -7 -11
73 -7 -13
73 -7 -16
73 -8 -3
73 -8 -5
73 -8 -9
73 -8 -14
73 -8 -18
73 -9 -4
73 -9 -7
73 -9 -9
73 -9 -14
73 -9 -15
73 -10 -5
73 -10 -6
73 -10 -10
73 -10 -16
73 -10 -17
73 -11 -8
73 -11 -12
73 -11 -16
73 -11 -17
73 -12 -2
73 -12 -8
73 -12 -12
73 -12 -16
73 -12 -17
73 -13 -4
73 -13 -6
73 -13 -7
73 -13 -16
73 -14 0
73 -14 -3
73 -14 -14
73 -15 -8
73 -15 -17
73 -16 -6
73 -16 -8
73 -16 -9
73 -16 -15
73 -16 -16
73 -16 -17
73 -16 -18
73 -17 -1
73 -17 -3
73 -17 -4
73 -17 -15
73 -17 -18
73 -18 0
73 -18 -3
73 -18 -6
73 -18 -7
73 -18 -9
73 -18 -11
73 -18 -13
73 -18 -16
73 -18 -18
74 0 0
74 0 -1
74 0 -2
74 0 -3
74 0 -5
74 0 -11
74 0 -17
74 -1 -4
74 -2 0
74 -2 -5
74 -2 -9
74 -2 -11
74 -2 -13
74 -2 -16
74 -3 -2
74 -3 -4
74 -3 -7
74 -3 -8
74 -3 -9
74 -3 -10
74 -3 -14
74 -3 -15
74 -3 -17
74 -3 -18
74 -4 -1
74 -4 -2
74 -4 -3
74 -4 -13
74 -4 -17
74 -4 -18
74 -5 -3
74 -5 -4
74 -5 -5
74 -5 -6
74 -5 -9
74 -5 -12
74 -5 -16
74 -5 -17
74 -6 -7
74 -6 -10
74 -6 -11
74 -6 -17
74 -7 -11
74 -7 -13
74 -7 -16
74 -8 -3
74 -8 -5
74 -8 -9
74 -8 -14
74 -8 -18
74 -9 -4
74 -9 -7
74 -9 -9
74 -9 -14
74 -9 -15
74 -10 -5
74 -10 -6
74 -10 -10
74 -10 -16
74 -10 -17
74 -11 -8
74 -11 -12
74 -11 -16
74 -11 -17
74 -12 -2
74 -12 -8
74 -12 -12
74 -12 -16
74 -12 -17
74 -13 -4
74 -13 -6
74 -13 -7
74 -13 -16
74 -14 0
74 -14 -3
74 -14 -14
74 -15 -8
74 -15 -17
74 -16 -6
74 -16 -8
74 -16 -9
74 -16 -15
74 -16 -16
74 -16 -17
74 -16 -18
74 -17 -1
74 -17 -3
74 -17 -4
74 -17 -15
74 -17 -18
74 -18 0
74 -18 -3
74 -18 -6
74 -18 -7
74 -18 -9
74 -18 -11
74 -18 -13
74 -18 -16
74 -18 -18
75 0 0
75 0 -1
75 0 -2
75 0 -3
75 0 -5
75 0 -11
75 0 -17
75 -1 -4
75 -2 0
75 -2 -5
75 -2 -9
75 -2 -11
75 -2 -13
75 -2 -16
75 -3 -2
75 -3 -4
75 -3 -7
75 -3 -8
75 -3 -9
75 -3 -10
75 -3 -14
75 -3 -15
75 -3 -17
75 -3 -18
75 -4 -1
75 -4 -2
75 -4 -3
75 -4 -13
75 -4 -17
75 -4 -18
75 -5 -3
75 -5 -4
75 -5 -5
75 -5 -6
75 -5 -9
75 -5 -12
75 -5 -16
75 -5 -17
75 -6 -7
75 -6 -10
75 -6 -11
75 -6 -17
75 -7 -11
75 -7 -13
75 -7 -16
75 -8 -3
75 -8 -5
75 -8 -9
75 -8 -14
75 -8 -18
75 -9 -4
75 -9 -7
75 -9 -9
75 -9 -14
75 -9 -15
75 -10 -5
75 -10 -6
75 -10 -10
75 -10 -16
75 -10 -17
75 -11 -8
75 -11 -12
75 -11 -16
75 -11 -17
75 -12 -2
75 -12 -8
75 -12 -12
75 -12 -16
75 -12 -17
75 -13 -4
75 -13 -6
75 -13 -7
75 -13 -16
75 -14 0
75 -14 -3
75 -14 -14
75 -15 -8
75 -15 -17
75 -16 -6
75 -16 -8
75 -16 -9
75 -16 -15
75 -16 -16
75 -16 -17
75 -16 -18
75 -17 -1
75 -17 -3
75 -17 -4
75 -17 -15
75 -17 -18
75 -18 0
75 -18 -3
75 -18 -6
75 -18 -7
75 -18 -9
75 -18 -11
75 -18 -13
75 -18 -16
75 -18 -18
76 0 0
76 0 -1
76 0 -2
76 0 -3
76 0 -5
76 0 -11
76 0 -17
76 -1 -4
76 -2 0
76 -2 -5
76 -2 -9
76 -2 -11
76 -2 -13
76 -2 -16
76 -3 -2
76 -3 -4
76 -3 -7
76 -3 -8
76 -3 -9
76 -3 -10
76 -3 -14
76 -3 -15
76 -3 -17
76 -3 -18
76 -4 -1
76 -4 -2
76 -4 -3
76 -4 -13
76 -4 -17
76 -4 -18
76 -5 -3
76 -5 -4
76 -5 -5
76 -5 -6
76 -5 -9
76 -5 -12
76 -5 -16
76 -5 -17
76 -6 -7
76 -6 -10
76 -6 -11
76 -6 -17
76 -7 -11
76 -7 -13
76 -7 -16
76 -8 -3
76 -8 -5
76 -8 -9
76 -8 -14
76 -8 -18
76 -9 -4
76 -9 -7
76 -9 -9
76 -9 -14
76 -9 -15
76 -10 -5
76 -10 -6
76 -10 -10
76 -10 -16
76 -10 -17
76 -11 -8
76 -11 -12
76 -11 -16
76 -11 -17
76 -12 -2
76 -12 -8
76 -12 -12
76 -12 -16
76 -12 -17
76 -13 -4
76 -13 -6
76 -13 -7
76 -13 -16
76 -14 0
76 -14 -3
76 -14 -14
76 -15 -8
76 -15 -17
76 -16 -6
76 -16 -8
76 -16 -9
76 -16 -15
76 -16 -16
76 -16 -17
76 -16 -18
76 -17 -1
76 -17 -3
76 -17 -4
76 -17 -15
76 -17 -18
76 -18 0
76 -18 -3
76 -18 -6
76 -18 -7
76 -18 -9
76 -18 -11
76 -18 -13
76 -18 -16
76 -18 -18
77 0 0
77 0 -1
77 0 -2
77 0 -3
77 0 -5
77 0 -11
77 0 -17
77 -1 -4
77 -2 0
77 -2 -5
77 -2 -9
77 -2 -11
77 -2 -13
77 -2 -16
77 -3 -2
77 -3 -4
77 -3 -7
77 -3 -8
77 -3 -9
77 -3 -10
77 -3 -14
77 -3 -15
77 -3 -17
77 -3 -18
77 -4 -1
77 -4 -2
77 -4 -3
77 -4 -13
77 -4 -17
77 -4 -18
77 -5 -3
77 -5 -4
77 -5 -5
77 -5 -6
77 -5 -9
77 -5 -12
77 -5 -16
77 -5 -17
77 -6 -7
77 -6 -10
77 -6 -11
77 -6 -17
77 -7 -11
77 -7 -13
77 -7 -16
77 -8 -3
77 -8 -5
77 -8 -9
77 -8 -14
77 -8 -18
77 -9 -4
77 -9 -7
77 -9 -9
77 -9 -14
77 -9 -15
77 -10 -5
77 -10 -6
77 -10 -10
77 -10 -16
77 -10 -17
77 -11 -8
77 -11 -12
77 -11 -16
77 -11 -17
77 -12 -2
77 -12 -8
77 -12 -12
77 -12 -16
77 -12 -17
77 -13 -4
77 -13 -6
77 -13 -7
77 -13 -16
77 -14 0
77 -14 -3
77 -14 -14
77 -15 -8
77 -15 -17
77 -16 -6
77 -16 -8
77 -16 -9
77 -16 -15
77 -16 -16
77 -16 -17
77 -16 -18
77 -17 -1
77 -17 -3
77 -17 -4
77 -17 -15
77 -17 -18
77 -18 0
77 -18 -3
77 -18 -6
77 -18 -7
77 -18 -9
77 -18 -11
77 -18 -13
77 -18 -16
77 -18 -18
78 0 0
78 0 -1
78 0 -2
78 0 -3
78 0 -5
78 0 -11
78 0 -17
78 -1 -4
78 -2 0
78 -2 -5
78 -2 -9
78 -2 -11
78 -2 -13
78 -2 -16
78 -3 -2
78 -3 -4
78 -3 -7
78 -3 -8
78 -3 -9
78 -3 -10
78 -3 -14
78 -3 -15
78 -3 -17
78 -3 -18
78 -4 -1
78 -4 -2
78 -4 -3
78 -4 -13
78 -4 -17
78 -4 -18
78 -5 -3
78 -5 -4
78 -5 -5
78 -5 -6
78 -5 -9
78 -5 -12
78 -5 -16
78 -5 -17
78 -6 -7
78 -6 -10
78 -6 -11
78 -6 -17
78 -7 -11
78 -7 -13
78 -7 -16
78 -8 -3
78 -8 -5
78 -8 -9
78 -8 -14
78 -8 -18
78 -9 -4
78 -9 -7
78 -9 -9
78 -9 -14
78 -9 -15
78 -10 -5
78 -10 -6
78 -10 -10
78 -10 -16
78 -10 -17
78 -11 -8
78 -11 -12
78 -11 -16
78 -11 -17
78 -12 -2
78 -12 -8
78 -12 -12
78 -12 -16
78 -12 -17
78 -13 -4
78 -13 -6
78 -13 -7
78 -13 -16
78 -14 0
78 -14 -3
78 -14 -14
78 -15 -8
78 -15 -17
78 -16 -6
78 -16 -8
78 -16 -9
78 -16 -15
78 -16 -16
78 -16 -17
78 -16 -18
78 -17 -1
78 -17 -3
78 -17 -4
78 -17 -15
78 -17 -18
78 -18 0
78 -18 -3
78 -18 -6
78 -18 -7
78 -18 -9
78 -18 -11
78 -18 -13
78 -18 -16
78 -18 -18
79 0 0
79 0 -1
79 0 -2
79 0 -3
79 0 -5
79 0 -11
79 0 -17
79 -1 -4
79 -2 0
79 -2 -5
79 -2 -9
79 -2 -11
79 -2 -13
79 -2 -16
79 -3 -2
79 -3 -4
79 -3 -7
79 -3 -8
79 -3 -9
79 -3 -10
79 -3 -14
79 -3 -15
79 -3 -17
79 -3 -18
79 -4 -1
79 -4 -2
79 -4 -3
79 -4 -13
79 -4 -17
79 -4 -18
79 -5 -3
79 -5 -4
79 -5 -5
79 -5 -6
79 -5 -9
79 -5 -12
79 -5 -16
79 -5 -17
79 -6 -7
79 -6 -10
79 -6 -11
79 -6 -17
79 -7 -11
79 -7 -13
79 -7 -16
79 -8 -3
79 -8 -5
79 -8 -9
79 -8 -14
79 -8 -18
79 -9 -4
79 -9 -7
79 -9 -9
79 -9 -14
79 -9 -15
79 -10 -5
79 -10 -6
79 -10 -10
79 -10 -16
79 -10 -17
79 -11 -8
79 -11 -12
79 -11 -16
79 -11 -17
79 -12 -2
79 -12 -8
79 -12 -12
79 -12 -16
79 -12 -17
79 -13 -4
79 -13 -6
79 -13 -7
79 -13 -16
79 -14 0
79 -14 -3
79 -14 -14
79 -15 -8
79 -15 -17
79 -16 -6
79 -16 -8
79 -16 -9
79 -16 -15
79 -16 -16
79 -16 -17
79 -16 -18
79 -17 -1
79 -17 -3
79 -17 -4
79 -17 -15
79 -17 -18
79 -18 0
79 -18 -3
79 -18 -6
79 -18 -7
79 -18 -9
79 -18 -11
79 -18 -13
79 -18 -16
79 -18 -18
80 0 0
80 0 -1
80 0 -2
80 0 -3
80 0 -5
80 0 -11
80 0 -17
80 -1 -4
80 -2 0
80 -2 -5
80 -2 -9
80 -2 -11
80 -2 -13
80 -2 -16
80 -3 -2
80 -3 -4
80 -3 -7
80 -3 -8
80 -3 -9
80 -3 -10
80 -3 -14
80 -3 -15
80 -3 -17
80 -3 -18
80 -4 -1
80 -4 -2
80 -4 -3
80 -4 -13
80 -4 -17
80 -4 -18
80 -5 -3
80 -5 -4
80 -5 -5
80 -5 -6
80 -5 -9
80 -5 -12
80 -5 -16
80 -5 -17
80 -6 -7
80 -6 -10
80 -6 -11
80 -6 -17
80 -7 -11
80 -7 -13
80 -7 -16
80 -8 -3
80 -8 -5
80 -8 -9
80 -8 -14
80 -8 -18
80 -9 -4
80 -9 -7
80 -9 -9
80 -9 -14
80 -9 -15
80 -10 -5
80 -10 -6
80 -10 -10
80 -10 -16
80 -10 -17
80 -11 -8
80 -11 -12
80 -11 -16
80 -11 -17
80 -12 -2
80 -12 -8
80 -12 -12
80 -12 -16
80 -12 -17
80 -13 -4
80 -13 -6
80 -13 -7
80 -13 -16
80 -14 0
80 -14 -3
80 -14 -14
80 -15 -8
80 -15 -17
80 -16 -6
80 -16 -8
80 -16 -9
80 -16 -15
80 -16 -16
80 -16 -17
80 -16 -18
80 -17 -1
80 -17 -3
80 -17 -4
80 -17 -15
80 -17 -18
80 -18 0
80 -18 -3
80 -18 -6
80 -18 -7
80 -18 -9
80 -18 -11
80 -18 -13
80 -18 -16
80 -18 -18
81 0 0
81 0 -1
81 0 -2
81 0 -3
81 0 -5
81 0 -11
81 0 -17
81 -1 -4
81 -2 0
81 -2 -5
81 -2 -9
81 -2 -11
81 -2 -13
81 -2 -16
81 -3 -2
81 -3 -4
81 -3 -7
81 -3 -8
81 -3 -9
81 -3 -10
81 -3 -14
81 -3 -15
81 -3 -17
81 -3 -18
81 -4 -1
81 -4 -2
81 -4 -3
81 -4 -13
81 -4 -17
81 -4 -18
81 -5 -3
81 -5 -4
81 -5 -5
81 -5 -6
81 -5 -9
81 -5 -12
81 -5 -16
81 -5 -17
81 -6 -7
81 -6 -10
81 -6 -11
81 -6 -17
81 -7 -11
81 -7 -13
81 -7 -16
81 -8 -3
81 -8 -5
81 -8 -9
81 -8 -14
81 -8 -18
81 -9 -4
81 -9 -7
81 -9 -9
81 -9 -14
81 -9 -15
81 -10 -5
81 -10 -6
81 -10 -10
81 -10 -16
81 -10 -17
81 -11 -8
81 -11 -12
81 -11 -16
81 -11 -17
81 -12 -2
81 -12 -8
81 -12 -12
81 -12 -16
81 -12 -17
81 -13 -4
81 -13 -6
81 -13 -7
81 -13 -16
81 -14 0
81 -14 -3
81 -14 -14
81 -15 -8
81 -15 -17
81 -16 -6
81 -16 -8
81 -16 -9
81 -16 -15
81 -16 -16
81 -16 -17
81 -16 -18
81 -17 -1
81 -17 -3
81 -17 -4
81 -17 -15
81 -17 -18
81 -18 0
81 -18 -3
81 -18 -6
81 -18 -7
81 -18 -9
81 -18 -11
81 -18 -13
81 -18 -16
81 -18 -18
82 0 0
82 0 -1
82 0 -2
82 0 -3
82 0 -5
82 0 -11
82 0 -17
82 -1 -4
82 -2 0
82 -2 -5
82 -2 -9
82 -2 -11
82 -2 -13
82 -2 -16
82 -3 -2
82 -3 -4
82 -3 -7
82 -3 -8
82 -3 -9
82 -3 -10
82 -3 -14
82 -3 -15
82 -3 -17
82 -3 -18
82 -4 -1
82 -4 -2
82 -4 -3
82 -4 -13
82 -4 -17
82 -4 -18
82 -5 -3
82 -5 -4
82 -5 -5
82 -5 -6
82 -5 -9
82 -5 -12
82 -5 -16
82 -5 -17
82 -6 -7
82 -6 -10
82 -6 -11
82 -6 -17
82 -7 -11
82 -7 -13
82 -7 -16
82 -8 -3
82 -8 -5
82 -8 -9
82 -8 -14
82 -8 -18
82 -9 -4
82 -9 -7
82 -9 -9
82 -9 -14
82 -9 -15
82 -10 -5
82 -10 -6
82 -10 -10
82 -10 -16
82 -10 -17
82 -11 -8
82 -11 -12
82 -11 -16
82 -11 -17
82 -12 -2
82 -12 -8
82 -12 -12
82 -12 -16
82 -12 -17
82 -13 -4
82 -13 -6
82 -13 -7
82 -13 -16
82 -14 0
82 -14 -3
82 -14 -14
82 -15 -8
82 -15 -17
82 -16 -6
82 -16 -8
82 -16 -9
82 -16 -15
82 -16 -16
82 -16 -17
82 -16 -18
82 -17 -1
82 -17 -3
82 -17 -4
82 -17 -15
82 -17 -18
82 -18 0
82 -18 -3
82 -18 -6
82 -18 -7
82 -18 -9
82 -18 -11
82 -18 -13
82 -18 -16
82 -18 -18
83 0 0
83 0 -1
83 0 -2
83 0 -3
83 0 -5
83 0 -11
83 0 -17
83 -1 -4
83 -2 0
83 -2 -5
83 -2 -9
83 -2 -11
83 -2 -13
83 -2 -16
83 -3 -2
83 -3 -4
83 -3 -7
83 -3 -8
83 -3 -9
83 -3 -10
83 -3 -14
83 -3 -15
83 -3 -17
83 -3 -18
83 -4 -1
83 -4 -2
83 -4 -3
83 -4 -13
83 -4 -17
83 -4 -18
83 -5 -3
83 -5 -4
83 -5 -5
83 -5 -6
83 -5 -9
83 -5 -12
83 -5 -16
83 -5 -17
83 -6 -7
83 -6 -10
83 -6 -11
83 -6 -17
83 -7 -11
83 -7 -13
83 -7 -16
83 -8 -3
83 -8 -5
83 -8 -9
83 -8 -14
83 -8 -18
83 -9 -4
83 -9 -7
83 -9 -9
83 -9 -14
83 -9 -15
83 -10 -5
83 -10 -6
83 -10 -10
83 -10 -16
83 -10 -17
83 -11 -8
83 -11 -12
83 -11 -16
83 -11 -17
83 -12 -2
83 -12 -8
83 -12 -12
83 -12 -16
83 -12 -17
83 -13 -4
83 -13 -6
83 -13 -7
83 -13 -16
83 -14 0
83 -14 -3
83 -14 -14
83 -15 -8
83 -15 -17
83 -16 -6
83 -16 -8
83 -16 -9
83 -16 -15
83 -16 -16
83 -16 -17
83 -16 -18
83 -17 -1
83 -17 -3
83 -17 -4
83 -17 -15
83 -17 -18
83 -18 0
83 -18 -3
83 -18 -6
83 -18 -7
83 -18 -9
83 -18 -11
83 -18 -13
83 -18 -16
83 -18 -18
84 0 0
84 0 -1
84 0 -2
84 0 -3
84 0 -5
84 0 -11
84 0 -17
84 -1 -4
84 -2 0
84 -2 -5
84 -2 -9
84 -2 -11
84 -2 -13
84 -2 -16
84 -3 -2
84 -3 -4
84 -3 -7
84 -3 -8
84 -3 -9
84 -3 -10
84 -3 -14
84 -3 -15
84 -3 -17
84 -3 -18
84 -4 -1
84 -4 -2
84 -4 -3
84 -4 -13
84 -4 -17
84 -4 -18
84 -5 -3
84 -5 -4
84 -5 -5
84 -5 -6
84 -5 -9
84 -5 -12
84 -5 -16
84 -5 -17
84 -6 -7
84 -6 -10
84 -6 -11
84 -6 -17
84 -7 -11
84 -7 -13
84 -7 -16
84 -8 -3
84 -8 -5
84 -8 -9
84 -8 -14
84 -8 -18
84 -9 -4
84 -9 -7
84 -9 -9
84 -9 -14
84 -9 -15
84 -10 -5
84 -10 -6
84 -10 -10
84 -10 -16
84 -10 -17
84 -11 -8
84 -11 -12
84 -11 -16
84 -11 -17
84 -12 -2
84 -12 -8
84 -12 -12
84 -12 -16
84 -12 -17
84 -13 -4
84 -13 -6
84 -13 -7
84 -13 -16
84 -14 0
84 -14 -3
84 -14 -14
84 -15 -8
84 -15 -17
84 -16 -6
84 -16 -8
84 -16 -9
84 -16 -15
84 -16 -16
84 -16 -17
84 -16 -18
84 -17 -1
84 -17 -3
84 -17 -4
84 -17 -15
84 -17 -18
84 -18 0
84 -18 -3
84 -18 -6
84 -18 -7
84 -18 -9
84 -18 -11
84 -18 -13
84 -18 -16
84 -18 -18
85 0 0
85 0 -1
85 0 -2
85 0 -3
85 0 -5
85 0 -11
85 0 -17
85 -1 -4
85 -2 0
85 -2 -5
85 -2 -9
85 -2 -11
85 -2 -13
85 -2 -16
85 -3 -2
85 -3 -4
85 -3 -7
85 -3 -8
85 -3 -9
85 -3 -10
85 -3 -14
85 -3 -15
85 -3 -17
85 -3 -18
85 -4 -1
85 -4 -2
85 -4 -3
85 -4 -13
85 -4 -17
85 -4 -18
85 -5 -3
85 -5 -4
85 -5 -5
85 -5 -6
85 -5 -9
85 -5 -12
85 -5 -16
85 -5 -17
85 -6 -7
85 -6 -10
85 -6 -11
85 -6 -17
85 -7 -11
85 -7 -13
85 -7 -16
85 -8 -3
85 -8 -5
85 -8 -9
85 -8 -14
85 -8 -18
85 -9 -4
85 -9 -7
85 -9 -9
85 -9 -14
85 -9 -15
85 -10 -5
85 -10 -6
85 -10 -10
85 -10 -16
85 -10 -17
85 -11 -8
85 -11 -12
85 -11 -16
85 -11 -17
85 -12 -2
85 -12 -8
85 -12 -12
85 -12 -16
85 -12 -17
85 -13 -4
85 -13 -6
85 -13 -7
85 -13 -16
85 -14 0
85 -14 -3
85 -14 -14
85 -15 -8
85 -15 -17
85 -16 -6
85 -16 -8
85 -16 -9
85 -16 -15
85 -16 -16
85 -16 -17
85 -16 -18
85 -17 -1
85 -17 -3
85 -17 -4
85 -17 -15
85 -17 -18
85 -18 0
85 -18 -3
85 -18 -6
85 -18 -7
85 -18 -9
85 -18 -11
85 -18 -13
85 -18 -16
85 -18 -18
86 0 0
86 0 -1
86 0 -2
86 0 -3
86 0 -5
86 0 -11
86 0 -17
86 -1 -4
86 -2 0
86 -2 -5
86 -2 -9
86 -2 -11
86 -2 -13
86 -2 -16
86 -3 -2
86 -3 -4
86 -3 -7
86 -3 -8
86 -3 -9
86 -3 -10
86 -3 -14
86 -3 -15
86 -3 -17
86 -3 -18
86 -4 -1
86 -4 -2
86 -4 -3
86 -4 -13
86 -4 -17
86 -4 -18
86 -5 -3
86 -5 -4
86 -5 -5
86 -5 -6
86 -5 -9
86 -5 -12
86 -5 -16
86 -5 -17
86 -6 -7
86 -6 -10
86 -6 -11
86 -6 -17
86 -7 -11
86 -7 -13
86 -7 -16
86 -8 -3
86 -8 -5
86 -8 -9
86 -8 -14
86 -8 -18
86 -9 -4
86 -9 -7
86 -9 -9
86 -9 -14
86 -9 -15
86 -10 -5
86 -10 -6
86 -10 -10
86 -10 -16
86 -10 -17
86 -11 -8
86 -11 -12
86 -11 -16
86 -11 -17
86 -12 -2
86 -12 -8
86 -12 -12
86 -12 -16
86 -12 -17
86 -13 -4
86 -13 -6
86 -13 -7
86 -13 -16
86 -14 0
86 -14 -3
86 -14 -14
86 -15 -8
86 -15 -17
86 -16 -6
86 -16 -8
86 -16 -9
86 -16 -15
86 -16 -16
86 -16 -17
86 -16 -18
86 -17 -1
86 -17 -3
86 -17 -4
86 -17 -15
86 -17 -18
86 -18 0
86 -18 -3
86 -18 -6
86 -18 -7
86 -18 -9
86 -18 -11
86 -18 -13
86 -18 -16
86 -18 -18
87 0 0
87 0 -1
87 0 -2
87 0 -3
87 0 -5
87 0 -11
87 0 -17
87 -1 -4
87 -2 0
87 -2 -5
87 -2 -9
87 -2 -11
87 -2 -13
87 -2 -16
87 -3 -2
87 -3 -4
87 -3 -7
87 -3 -8
87 -3 -9
87 -3 -10
87 -3 -14
87 -3 -15
87 -3 -17
87 -3 -18
87 -4 -1
87 -4 -2
87 -4 -3
87 -4 -13
87 -4 -17
87 -4 -18
87 -5 -3
87 -5 -4
87 -5 -5
87 -5 -6
87 -5 -9
87 -5 -12
87 -5 -16
87 -5 -17
87 -6 -7
87 -6 -10
87 -6 -11
87 -6 -17
87 -7 -11
87 -7 -13
87 -7 -16
87 -8 -3
87 -8 -5
87 -8 -9
87 -8 -14
87 -8 -18
87 -9 -4
87 -9 -7
87 -9 -9
87 -9 -14
87 -9 -15
87 -10 -5
87 -10 -6
87 -10 -10
87 -10 -16
87 -10 -17
87 -11 -8
87 -11 -12
87 -11 -16
87 -11 -17
87 -12 -2
87 -12 -8
87 -12 -12
87 -12 -16
87 -12 -17
87 -13 -4
87 -13 -6
87 -13 -7
87 -13 -16
87 -14 0
87 -14 -3
87 -14 -14
87 -15 -8
87 -15 -17
87 -16 -6
87 -16 -8
87 -16 -9
87 -16 -15
87 -16 -16
87 -16 -17
87 -16 -18
87 -17 -1
87 -17 -3
87 -17 -4
87 -17 -15
87 -17 -18
87 -18 0
87 -18 -3
87 -18 -6
87 -18 -7
87 -18 -9
87 -18 -11
87 -18 -13
87 -18 -16
87 -18 -18
88 0 0
88 0 -1
88 0 -2
88 0 -3
88 0 -5
88 0 -11
88 0 -17
88 -1 -4
88 -2 0
88 -2 -5
88 -2 -9
88 -2 -11
88 -2 -13
88 -2 -16
88 -3 -2
88 -3 -4
88 -3 -7
88 -3 -8
88 -3 -9
88 -3 -10
88 -3 -14
88 -3 -15
88 -3 -17
88 -3 -18
88 -4 -1
88 -4 -2
88 -4 -3
88 -4 -13
88 -4 -17
88 -4 -18
88 -5 -3
88 -5 -4
88 -5 -5
88 -5 -6
88 -5 -9
88 -5 -12
88 -5 -16
88 -5 -17
88 -6 -7
88 -6 -10
88 -6 -11
88 -6 -17
88 -7 -11
88 -7 -13
88 -7 -16
88 -8 -3
88 -8 -5
88 -8 -9
88 -8 -14
88 -8 -18
88 -9 -4
88 -9 -7
88 -9 -9
88 -9 -14
88 -9 -15
88 -10 -5
88 -10 -6
88 -10 -10
88 -10 -16
88 -10 -17
88 -11 -8
88 -11 -12
88 -11 -16
88 -11 -17
88 -12 -2
88 -12 -8
88 -12 -12
88 -12 -16
88 -12 -17
88 -13 -4
88 -13 -6
88 -13 -7
88 -13 -16
88 -14 0
88 -14 -3
88 -14 -14
88 -15 -8
88 -15 -17
88 -16 -6
88 -16 -8
88 -16 -9
88 -16 -15
88 -16 -16
88 -16 -17
88 -16 -18
88 -17 -1
88 -17 -3
88 -17 -4
88 -17 -15
88 -17 -18
88 -18 0
88 -18 -3
88 -18 -6
88 -18 -7
88 -18 -9
88 -18 -11
88 -18 -13
88 -18 -16
88 -18 -18
89 0 0
89 0 -1
89 0 -2
89 0 -3
89 0 -5
89 0 -11
89 0 -17
89 -1 -4
89 -2 0
89 -2 -5
89 -2 -9
89 -2 -11
89 -2 -13
89 -2 -16
89 -3 -2
89 -3 -4
89 -3 -7
89 -3 -8
89 -3 -9
89 -3 -10
89 -3 -14
89 -3 -15
89 -3 -17
89 -3 -18
89 -4 -1
89 -4 -2
89 -4 -3
89 -4 -13
89 -4 -17
89 -4 -18
89 -5 -3
89 -5 -4
89 -5 -5
89 -5 -6
89 -5 -9
89 -5 -12
89 -5 -16
89 -5 -17
89 -6 -7
89 -6 -10
89 -6 -11
89 -6 -17
89 -7 -11
89 -7 -13
89 -7 -16
89 -8 -3
89 -8 -5
89 -8 -9
89 -8 -14
89 -8 -18
89 -9 -4
89 -9 -7
89 -9 -9
89 -9 -14
89 -9 -15
89 -10 -5
89 -10 -6
89 -10 -10
89 -10 -16
89 -10 -17
89 -11 -8
89 -11 -12
89 -11 -16
89 -11 -17
89 -12 -2
89 -12 -8
89 -12 -12
89 -12 -16
89 -12 -17
89 -13 -4
89 -13 -6
89 -13 -7
89 -13 -16
89 -14 0
89 -14 -3
89 -14 -14
89 -15 -8
89 -15 -17
89 -16 -6
89 -16 -8
89 -16 -9
89 -16 -15
89 -16 -16
89 -16 -17
89 -16 -18
89 -17 -1
89 -17 -3
89 -17 -4
89 -17 -15
89 -17 -18
89 -18 0
89 -18 -3
89 -18 -6
89 -18 -7
89 -18 -9
89 -18 -11
89 -18 -13
89 -18 -16
89 -18 -18
90 0 0
90 0 -1
90 0 -2
90 0 -3
90 0 -5
90 0 -11
90 0 -17
90 -1 -4
90 -2 0
90 -2 -5
90 -2 -9
90 -2 -11
90 -2 -13
90 -2 -16
90 -3 -2
90 -3 -4
90 -3 -7
90 -3 -8
90 -3 -9
90 -3 -10
90 -3 -14
90 -3 -15
90 -3 -17
90 -3 -18
90 -4 -1
90 -4 -2
90 -4 -3
90 -4 -13
90 -4 -17
90 -4 -18
90 -5 -3
90 -5 -4
90 -5 -5
90 -5 -6
90 -5 -9
90 -5 -12
90 -5 -16
90 -5 -17
90 -6 -7
90 -6 -10
90 -6 -11
90 -6 -17
90 -7 -11
90 -7 -13
90 -7 -16
90 -8 -3
90 -8 -5
90 -8 -9
90 -8 -14
90 -8 -18
90 -9 -4
90 -9 -7
90 -9 -9
90 -9 -14
90 -9 -15
90 -10 -5
90 -10 -6
90 -10 -10
90 -10 -16
90 -10 -17
90 -11 -8
90 -11 -12
90 -11 -16
90 -11 -17
90 -12 -2
90 -12 -8
90 -12 -12
90 -12 -16
90 -12 -17
90 -13 -4
90 -13 -6
90 -13 -7
90 -13 -16
90 -14 0
90 -14 -3
90 -14 -14
90 -15 -8
90 -15 -17
90 -16 -6
90 -16 -8
90 -16 -9
90 -16 -15
90 -16 -16
90 -16 -17
90 -16 -18
90 -17 -1
90 -17 -3
90 -17 -4
90 -17 -15
90 -17 -18
90 -18 0
90 -18 -3
90 -18 -6
90 -18 -7
90 -18 -9
90 -18 -11
90 -18 -13
90 -18 -16
90 -18 -18
91 0 0
91 0 -1
91 0 -2
91 0 -3
91 0 -5
91 0 -11
91 0 -17
91 -1 -4
91 -2 0
91 -2 -5
91 -2 -9
91 -2 -11
91 -2 -13
91 -2 -16
91 -3 -2
91 -3 -4
91 -3 -7
91 -3 -8
91 -3 -9
91 -3 -10
91 -3 -14
91 -3 -15
91 -3 -17
91 -3 -18
91 -4 -1
91 -4 -2
91 -4 -3
91 -4 -13
91 -4 -17
91 -4 -18
91 -5 -3
91 -5 -4
91 -5 -5
91 -5 -6
91 -5 -9
91 -5 -12
91 -5 -16
91 -5 -17
91 -6 -7
91 -6 -10
91 -6 -11
91 -6 -17
91 -7 -11
91 -7 -13
91 -7 -16
91 -8 -3
91 -8 -5
91 -8 -9
91 -8 -14
91 -8 -18
91 -9 -4
91 -9 -7
91 -9 -9
91 -9 -14
91 -9 -15
91 -10 -5
91 -10 -6
91 -10 -10
91 -10 -16
91 -10 -17
91 -11 -8
91 -11 -12
91 -11 -16
91 -11 -17
91 -12 -2
91 -12 -8
91 -12 -12
91 -12 -16
91 -12 -17
91 -13 -4
91 -13 -6
91 -13 -7
91 -13 -16
91 -14 0
91 -14 -3
91 -14 -14
91 -15 -8
91 -15 -17
91 -16 -6
91 -16 -8
91 -16 -9
91 -16 -15
91 -16 -16
91 -16 -17
91 -16 -18
91 -17 -1
91 -17 -3
91 -17 -4
91 -17 -15
91 -17 -18
91 -18 0
91 -18 -3
91 -18 -6
91 -18 -7
91 -18 -9
91 -18 -11
91 -18 -13
91 -18 -16
91 -18 -18
92 0 0
92 0 -1
92 0 -2
92 0 -3
92 0 -5
92 0 -11
92 0 -17
92 -1 -4
92 -2 0
92 -2 -5
92 -2 -9
92 -2 -11
92 -2 -13
92 -2 -16
92 -3 -2
92 -3 -4
92 -3 -7
92 -3 -8
92 -3 -9
92 -3 -10
92 -3 -14
92 -3 -15
92 -3 -17
92 -3 -18
92 -4 -1
92 -4 -2
92 -4 -3
92 -4 -13
92 -4 -17
92 -4 -18
92 -5 -3
92 -5 -4
92 -5 -5
92 -5 -6
92 -5 -9
92 -5 -12
92 -5 -16
92 -5 -17
92 -6 -7
92 -6 -10
92 -6 -11
92 -6 -17
92 -7 -11
92 -7 -13
92 -7 -16
92 -8 -3
92 -8 -5
92 -8 -9
92 -8 -14
92 -8 -18
92 -9 -4
92 -9 -7
92 -9 -9
92 -9 -14
92 -9 -15
92 -10 -5
92 -10 -6
92 -10 -10
92 -10 -16
92 -10 -17
92 -11 -8
92 -11 -12
92 -11 -16
92 -11 -17
92 -12 -2
92 -12 -8
92 -12 -12
92 -12 -16
92 -12 -17
92 -13 -4
92 -13 -6
92 -13 -7
92 -13 -16
92 -14 0
92 -14 -3
92 -14 -14
92 -15 -8
92 -15 -17
92 -16 -6
92 -16 -8
92 -16 -9
92 -16 -15
92 -16 -16
92 -16 -17
92 -16 -18
92 -17 -1
92 -17 -3
92 -17 -4
92 -17 -15
92 -17 -18
92 -18 0
92 -18 -3
92 -18 -6
92 -18 -7
92 -18 -9
92 -18 -11
92 -18 -13
92 -18 -16
92 -18 -18
93 0 0
93 0 -1
93 0 -2
93 0 -3
93 0 -5
93 0 -11
93 0 -17
93 -1 -4
93 -2 0
93 -2 -5
93 -2 -9
93 -2 -11
93 -2 -13
93 -2 -16
93 -3 -2
93 -3 -4
93 -3 -7
93 -3 -8
93 -3 -9
93 -3 -10
93 -3 -14
93 -3 -15
93 -3 -17
93 -3 -18
93 -4 -1
93 -4 -2
93 -4 -3
93 -4 -13
93 -4 -17
93 -4 -18
93 -5 -3
93 -5 -4
93 -5 -5
93 -5 -6
93 -5 -9
93 -5 -12
93 -5 -16
93 -5 -17
93 -6 -7
93 -6 -10
93 -6 -11
93 -6 -17
93 -7 -11
93 -7 -13
93 -7 -16
93 -8 -3
93 -8 -5
93 -8 -9
93 -8 -14
93 -8 -18
93 -9 -4
93 -9 -7
93 -9 -9
93 -9 -14
93 -9 -15
93 -10 -5
93 -10 -6
93 -10 -10
93 -10 -16
93 -10 -17
93 -11 -8
93 -11 -12
93 -11 -16
93 -11 -17
93 -12 -2
93 -12 -8
93 -12 -12
93 -12 -16
93 -12 -17
93 -13 -4
93 -13 -6
93 -13 -7
93 -13 -16
93 -14 0
93 -14 -3
93 -14 -14
93 -15 -8
93 -15 -17
93 -16 -6
93 -16 -8
93 -16 -9
93 -16 -15
93 -16 -16
93 -16 -17
93 -16 -18
93 -17 -1
93 -17 -3
93 -17 -4
93 -17 -15
93 -17 -18
93 -18 0
93 -18 -3
93 -18 -6
93 -18 -7
93 -18 -9
93 -18 -11
93 -18 -13
93 -18 -16
93 -18 -18
94 0 0
94 0 -1
94 0 -2
94 0 -3
94 0 -5
94 0 -11
94 0 -17
94 -1 -4
94 -2 0
94 -2 -5
94 -2 -9
94 -2 -11
94 -2 -13
94 -2 -16
94 -3 -2
94 -3 -4
94 -3 -7
94 -3 -8
94 -3 -9
94 -3 -10
94 -3 -14
94 -3 -15
94 -3 -17
94 -3 -18
94 -4 -1
94 -4 -2
94 -4 -3
94 -4 -13
94 -4 -17
94 -4 -18
94 -5 -3
94 -5 -4
94 -5 -5
94 -5 -6
94 -5 -9
94 -5 -12
94 -5 -16
94 -5 -17
94 -6 -7
94 -6 -10
94 -6 -11
94 -6 -17
94 -7 -11
94 -7 -13
94 -7 -16
94 -8 -3
94 -8 -5
94 -8 -9
94 -8 -14
94 -8 -18
94 -9 -4
94 -9 -7
94 -9 -9
94 -9 -14
94 -9 -15
94 -10 -5
94 -10 -6
94 -10 -10
94 -10 -16
94 -10 -17
94 -11 -8
94 -11 -12
94 -11 -16
94 -11 -17
94 -12 -2
94 -12 -8
94 -12 -12
94 -12 -16
94 -12 -17
94 -13 -4
94 -13 -6
94 -13 -7
94 -13 -16
94 -14 0
94 -14 -3
94 -14 -14
94 -15 -8
94 -15 -17
94 -16 -6
94 -16 -8
94 -16 -9
94 -16 -15
94 -16 -16
94 -16 -17
94 -16 -18
94 -17 -1
94 -17 -3
94 -17 -4
94 -17 -15
94 -17 -18
94 -18 0
94 -18 -3
94 -18 -6
94 -18 -7
94 -18 -9
94 -18 -11
94 -18 -13
94 -18 -16
94 -18 -18
95 0 0
95 0 -1
95 0 -2
95 0 -3
95 0 -5
95 0 -11
95 0 -17
95 -1 -4
95 -2 0
95 -2 -5
95 -2 -9
95 -2 -11
95 -2 -13
95 -2 -16
95 -3 -2
95 -3 -4
95 -3 -7
95 -3 -8
95 -3 -9
95 -3 -10
95 -3 -14
95 -3 -15
95 -3 -17
95 -3 -18
95 -4 -1
95 -4 -2
95 -4 -3
95 -4 -13
95 -4 -17
95 -4 -18
95 -5 -3
95 -5 -4
95 -5 -5
95 -5 -6
95 -5 -9
95 -5 -12
95 -5 -16
95 -5 -17
95 -6 -7
95 -6 -10
95 -6 -11
95 -6 -17
95 -7 -11
95 -7 -13
95 -7 -16
95 -8 -3
95 -8 -5
95 -8 -9
95 -8 -14
95 -8 -18
95 -9 -4
95 -9 -7
95 -9 -9
95 -9 -14
95 -9 -15
95 -10 -5
95 -10 -6
95 -10 -10
95 -10 -16
95 -10 -17
95 -11 -8
95 -11 -12
95 -11 -16
95 -11 -17
95 -12 -2
95 -12 -8
95 -12 -12
95 -12 -16
95 -12 -17
95 -13 -4
95 -13 -6
95 -13 -7
95 -13 -16
95 -14 0
95 -14 -3
95 -14 -14
95 -15 -8
95 -15 -17
95 -16 -6
95 -16 -8
95 -16 -9
95 -16 -15
95 -16 -16
95 -16 -17
95 -16 -18
95 -17 -1
95 -17 -3
95 -17 -4
95 -17 -15
95 -17 -18
95 -18 0
95 -18 -3
95 -18 -6
95 -18 -7
95 -18 -9
95 -18 -11
95 -18 -13
95 -18 -16
95 -18 -18
96 0 0
96 0 -1
96 0 -2
96 0 -3
96 0 -5
96 0 -11
96 0 -17
96 -1 -4
96 -2 0
96 -2 -5
96 -2 -9
96 -2 -11
96 -2 -13
96 -2 -16
96 -3 -2
96 -3 -4
96 -3 -7
96 -3 -8
96 -3 -9
96 -3 -10
96 -3 -14
96 -3 -15
96 -3 -17
96 -3 -18
96 -4 -1
96 -4 -2
96 -4 -3
96 -4 -13
96 -4 -17
96 -4 -18
96 -5 -3
96 -5 -4
96 -5 -5
96 -5 -6
96 -5 -9
96 -5 -12
96 -5 -16
96 -5 -17
96 -6 -7
96 -6 -10
96 -6 -11
96 -6 -17
96 -7 -11
96 -7 -13
96 -7 -16
96 -8 -3
96 -8 -5
96 -8 -9
96 -8 -14
96 -8 -18
96 -9 -4
96 -9 -7
96 -9 -9
96 -9 -14
96 -9 -15
96 -10 -5
96 -10 -6
96 -10 -10
96 -10 -16
96 -10 -17
96 -11 -8
96 -11 -12
96 -11 -16
96 -11 -17
96 -12 -2
96 -12 -8
96 -12 -12
96 -12 -16
96 -12 -17
96 -13 -4
96 -13 -6
96 -13 -7
96 -13 -16
96 -14 0
96 -14 -3
96 -14 -14
96 -15 -8
96 -15 -17
96 -16 -6
96 -16 -8
96 -16 -9
96 -16 -15
96 -16 -16
96 -16 -17
96 -16 -18
96 -17 -1
96 -17 -3
96 -17 -4
96 -17 -15
96 -17 -18
96 -18 0
96 -18 -3
96 -18 -6
96 -18 -7
96 -18 -9
96 -18 -11
96 -18 -13
96 -18 -16
96 -18 -18
97 0 0
97 0 -1
97 0 -2
97 0 -3
97 0 -5
97 0 -11
97 0 -17
97 -1 -4
97 -2 0
97 -2 -5
97 -2 -9
97 -2 -11
97 -2 -13
97 -2 -16
97 -3 -2
97 -3 -4
97 -3 -7
97 -3 -8
97 -3 -9
97 -3 -10
97 -3 -14
97 -3 -15
97 -3 -17
97 -3 -18
97 -4 -1
97 -4 -2
97 -4 -3
97 -4 -13
97 -4 -17
97 -4 -18
97 -5 -3
97 -5 -4
97 -5 -5
97 -5 -6
97 -5 -9
97 -5 -12
97 -5 -16
97 -5 -17
97 -6 -7
97 -6 -10
97 -6 -11
97 -6 -17
97 -7 -11
97 -7 -13
97 -7 -16
97 -8 -3
97 -8 -5
97 -8 -9
97 -8 -14
97 -8 -18
97 -9 -4
97 -9 -7
97 -9 -9
97 -9 -14
97 -9 -15
97 -10 -5
97 -10 -6
97 -10 -10
97 -10 -16
97 -10 -17
97 -11 -8
97 -11 -12
97 -11 -16
97 -11 -17
97 -12 -2
97 -12 -8
97 -12 -12
97 -12 -16
97 -12 -17
97 -13 -4
97 -13 -6
97 -13 -7
97 -13 -16
97 -14 0
97 -14 -3
97 -14 -14
97 -15 -8
97 -15 -17
97 -16 -6
97 -16 -8
97 -16 -9
97 -16 -15
97 -16 -16
97 -16 -17
97 -16 -18
97 -17 -1
97 -17 -3
97 -17 -4
97 -17 -15
97 -17 -18
97 -18 0
97 -18 -3
97 -18 -6
97 -18 -7
97 -18 -9
97 -18 -11
97 -18 -13
97 -18 -16
97 -18 -18
98 0 0
98 0 -1
98 0 -2
98 0 -3
98 0 -5
98 0 -11
98 0 -17
98 -1 -4
98 -2 0
98 -2 -5
98 -2 -9
98 -2 -11
98 -2 -13
98 -2 -16
98 -3 -2
98 -3 -4
98 -3 -7
98 -3 -8
98 -3 -9
98 -3 -10
98 -3 -14
98 -3 -15
98 -3 -17
98 -3 -18
98 -4 -1
98 -4 -2
98 -4 -3
98 -4 -13
98 -4 -17
98 -4 -18
98 -5 -3
98 -5 -4
98 -5 -5
98 -5 -6
98 -5 -9
98 -5 -12
98 -5 -16
98 -5 -17
98 -6 -7
98 -6 -10
98 -6 -11
98 -6 -17
98 -7 -11
98 -7 -13
98 -7 -16
98 -8 -3
98 -8 -5
98 -8 -9
98 -8 -14
98 -8 -18
98 -9 -4
98 -9 -7
98 -9 -9
98 -9 -14
98 -9 -15
98 -10 -5
98 -10 -6
98 -10 -10
98 -10 -16
98 -10 -17
98 -11 -8
98 -11 -12
98 -11 -16
98 -11 -17
98 -12 -2
98 -12 -8
98 -12 -12
98 -12 -16
98 -12 -17
98 -13 -4
98 -13 -6
98 -13 -7
98 -13 -16
98 -14 0
98 -14 -3
98 -14 -14
98 -15 -8
98 -15 -17
98 -16 -6
98 -16 -8
98 -16 -9
98 -16 -15
98 -16 -16
98 -16 -17
98 -16 -18
98 -17 -1
98 -17 -3
98 -17 -4
98 -17 -15
98 -17 -18
98 -18 0
98 -18 -3
98 -18 -6
98 -18 -7
98 -18 -9
98 -18 -11
98 -18 -13
98 -18 -16
98 -18 -18
-1 -1 -1
30
28
64
65
32
95
91
97
3
31
49
81
34
70
33
86
87
43
47
78
77
61
71
9
89
7
82
23
51
79
45
19
10
56
11
13
16
36
46
57
80
84
54
17
73
83
26
37
35
15
52
67
98
63
4
69
39
68
60
0
88
8
74
66
14
62
41
25
20
24
18
92
59
76
96
90
48
50
75
44
29
55
22
27
72
85
58
21
42
40
6
1
5
38
93
12
53
94
2
  0.127804 seconds (243.82 k allocations: 8.205 MiB)
