950 0 0 0 0 0 0 0 0 0 0 0 0 0 0 0 0 0 0 0 0 0 0 0 0 0 0 0 0 0 0 0 0 0 0 0 0 0 0 0 0 0 0 0 0 0
0 0 0 0 0 0 0 0 0 0 0 0 0 0 0 0 0 0 0 0 0 0 0 0 0 0 0 0 0 0 0 0 0 0 0 0 0 0 0 0 0 0 0 0 0 0
0 0 0 0 0 0 0 0 0 0 0 0 0 0 0 0 0 0 0 0 0 0 0 0 0 0 0 0 0 0 0 0 0 0 0 0 0 0 0 0 0 0 0 0 0 0
0 0 0 0 0 0 0 0 0 0 0 0 0 0 0 0 0 0 0 0 0 0 0 0 0 0 0 0 0 0 0 0 0 0 0 0 0 0 0 0 0 0 0 0 0 0
0 0 0 0 0 0 0 0 0 0 0 0 0 0 0 0 0 0 0 0 0 0 0 0 0 0 0 0 0 0 0 0 0 0 0 0 0 0 0 0 0 0 0 0 0 0
0 0 0 0 0 0 0 0 0 0 0 0 0 0 0 0 0 0 0 0 0 0 0 0 0 0 0 0 0 0 0 0 0 0 0 0 0 0 0 0 0 0 0 0 0 0
0 0 0 0 0 0 0 0 0 0 0 0 0 0 0 0 0 0 0 0 0 0 0 0 0 0 0 0 0 0 0 0 0 0 0 0 0 0 0 0 0 0 0 0 0 0
0 0 0 0 0 0 0 0 0 0 0 0 0 0 0 0 0 0 0 0 0 0 0 0 0 0 0 0 0 0 0 0 0 0 0 0 0 0 0 0 0 0 0 0 0 0
0 0 0 0 0 0 0 0 0 0 0 0 0 0 0 0 0 0 0 0 0 0 0 0 0 0 0 0 0 0 0 0 0 0 0 0 0 0 0 0 0 0 0 0 0 0
0 0 0 0 0 0 0 0 0 0 0 0 0 0 0 0 0 0 0 0 0 0 0 0 0 0 0 0 0 0 0 0 0 0 0 0 0 0 0 0 0 0 0 0 0 0
0 0 0 0 0 0 0 0 0 0 0 0 0 0 0 0 0 0 0 0 0 0 0 0 0 0 0 0 0 0 0 0 0 0 0 0 0 0 0 0 0 0 0 0 0 0
0 0 0 0 0 0 0 0 0 0 0 0 0 0 0 0 0 0 0 0 0 0 0 0 0 0 0 0 0 0 0 0 0 0 0 0 0 0 0 0 0 0 0 0 0 0
0 0 0 0 0 0 0 0 0 0 0 0 0 0 0 0 0 0 0 0 0 0 0 0 0 0 0 0 0 0 0 0 0 0 0 0 0 0 0 0 0 0 0 0 0 0
0 0 0 0 0 0 0 0 0 0 0 0 0 0 0 0 0 0 0 0 0 0 0 0 0 0 0 0 0 0 0 0 0 0 0 0 0 0 0 0 0 0 0 0 0 0
0 0 0 0 0 0 0 0 0 0 0 0 0 0 0 0 0 0 0 0 0 0 0 0 0 0 0 0 0 0 0 0 0 0 0 0 0 0 0 0 0 0 0 0 0 0
0 0 0 0 0 0 0 0 0 0 0 0 0 0 0 0 0 0 0 0 0 0 0 0 0 0 0 0 0 0 0 0 0 0 0 0 0 0 0 0 0 0 0 0 0 0
0 0 0 0 0 0 0 0 0 0 0 0 0 0 0 0 0 0 0 0 0 0 0 0 0 0 0 0 0 0 0 0 0 0 0 0 0 0 0 0 0 0 0 0 0 0
0 0 0 0 0 0 0 0 0 0 0 0 0 0 0 0 0 0 0 0 0 0 0 0 0 0 0 0 0 0 0 0 0 0 0 0 0 0 0 0 0 0 0 0 0 0
0 0 0 0 0 0 0 0 0 0 0 0 0 0 0 0 0 0 0 0 0 0 0 0 0 0 0 0 0 0 0 0 0 0 0 0 0 0 0 0 0 0 0 0 0 0
0 0 0 0 0 0 0 0 0 0 0 0 0 0 0 0 0 0 0 0 0 0 0 0 0 0 0 0 0 0 0 0 0 0 0 0 0 0 0 0 0 0 0 0 0 0
0 0 0 0 0 0 0 0 0 0 0 0 0 0 0 0 0 0 0 0 0 0 0 0 0 0 0 0 0 0 0 0 0 0 0 0 0 0 0 0 0 0 0 0 0 0
0 0 0 0 0 0 0 0 0 0 0 0 0 0 0 0 0 0 0 0 0 0 0 0 0 0 0 0 0 0 0 0 0 0 0 0 0 0 0 0 0 0 0 0 0 0
0 0 0 0 0 0 0 0 0 0 0 0 0 0 0 0 0 0 0 0 0 0 0 0 0 0 0 0 0 0 0 0 0 0 0 0 0 0 0 0 0 0 0 0 0 0
0 0 0 0 0 0 0 0 0 0 0 0 0 0 0 0 0 0 0 0 0 0 0 0 0 0 0 0 0 0 0 0 0 0 0 0 0 0 0 0 0 0 0 0 0 0
0 0 0 0 0 0 0 0 0 0 0 0 0 0 0 0 0 0 0 0 0 0 0 0 0 0 0 0 0 0 0 0 0 0 0 0 0 0 0 0 0 0 0 0 0 0
0 0 0 0 0 0 0 0 0 0 0 0 0 0 0 0 0 0 0 0 0 0 0 0 0 0 0 0 0 0 0 0 0 0 0 0 0 0 0 0 0 0 0 0 0 0
0 0 0 0 0 0 0 0 0 0 0 0 0 0 0 0 0 0 0 0 0 0 0 0 0 0 0 0 0 0 0 0 0 0 0 0 0 0 0 0 0 0 0 0 0 0
0 0 0 0 0 0 0 0 0 0 0 0 0 0 0 0 0 0 0 0 0 0 0 0 0 0 0 0 0 0 0 0 0 0 0 0 0 0 0 0 0 0 0 0 0 0
0 0 0 0 0 0 0 0 0 0 0 0 0 0 0 0 0 0 0 0 0 0 0 0 0 0 0 0 0 0 0 0 0 0 0 0 0 0 0 0 0 0 0 0 0 0
0 0 0 0 0 0 0 0 0 0 0 0 0 0 0 0 0 0 0 0 0 0 0 0 0 0 0 0 0 0 0 0 0 0 0 0 0 0 0 0 0 0 0 0 0 0
0 0 0 0 0 0 0 0 0 0 0 0 0 0 0 0 0 0 0 0 0 0 0 0 0 0 0 0 0 0 0 0 0 0 0 0 0 0 0 0 0 0 0 0 0 0
0 0 0 0 0 0 0 0 0 0 0 0 0 0 0 0 0 0 0 0 0 0 0 0 0 0 0 0 0 0 0 0 0 0 0 0 0 0 0 0 0 0 0 0 0 0
0 0 0 0 0 0 0 0 0 0 0 0 0 0 0 0 0 0 0 0 0 0 0 0 0 0 0 0 0 0 0 0 0 0 0 0 0 0 0 0 0 0 0 0 0 0
0 0 0 0 0 0 0 0 0 0 0 0 0 0 0 0 0 0 0 0 0 0 0 0 0 0 0 0 0 0 0 0 0 0 0 0 0 0 0 0 0 0 0 0 0 0
0 0 0 0 0 0 0 0 0 0 0 0 0 0 0 0 0 0 0 0 0 0 0 0 0 0 0 0 0 0 0 0 0 0 0 0 0 0 0 0 0 0 0 0 0 0
0 0 0 0 0 0 0 0 0 0 0 0 0 0 0 0 0 0 0 0 0 0 0 0 0 0 0 0 0 0 0 0 0 0 0 0 0 0 0 0 0 0 0 0 0 0
0 0 0 0 0 0 0 0 0 0 0 0 0 0 0 0 0 0 0 0 0 0 0 0 0 0 0 0 0 0 0 0 0 0 0 0 0 0 0 0 0 0 0 0 0 0
0 0 0 0 0 0 0 0 0 0 0 0 0 0 0 0 0 0 0 0 0 0 0 0 0 0 0 0 0 0 0 0 0 0 0 0 0 0 0 0 0 0 0 0 0 0
0 0 0 0 0 0 0 0 0 0 0 0 0 0 0 0 0 0 0 0 0 0 0 0 0 0 0 0 0 0 0 0 0 0 0 0 0 0 0 0 0 0 0 0 0 0
0 0 0 0 0 0 0 0 0 0 0 0 0 0 0 0 0 0 0 0 0 0 0 0 0 0 0 0 0 0 0 0 0 0 0 0 0 0 0 0 0 0 0 0 0 0
0 0 0 0 0 0 0 0 0 0 0 0 0 0 0 0 0 0 0 0 0 0 0 0 0 0 0 0 0 0 0 0 0 0 0 0 0 0 0 0 0 0 0 0 0 0
0 0 0 0 0 0 0 0 0 0 0 0 0 0 0 0 0 0 0 0 0 0 0 0 0 0 0 0 0 0 0 0 0 0 0 0 0 0 0 0 0 0 0 0 0 0
0 0 0 0 0 0 0 0 0 0 0 0 0 0 0 0 0 0 0 0 0 0 0 0 0 0 0 0 0 0 0 0 0 0 0 0 0 0 0 0 0 0 0 0 0 0
0 0 0 0 0 0 0 0 0 0 0 0 0 0 0 0 0 0 0 0 0 0 0 0 0 0 0 0 0 0 0 0 0 0 0 0 0 0 0 0 0 0 0 0 0 0
0 0 0 0 0 0 0 0 0 0 0 0 0 0 0 0 0 0 0 0 0 0 0 0 0 0 0 0 0 0 0 0 0 0 0 0 0 0 0 0 0 0 0 0 0 0
0 0 0 0 0 0 0 0 0 0 0 0 0 0 0 0 0 0 0 0 0 0 0 0 0 0 0 0 0 0 0 0 0 0 0 0 0 0 0 0 0 0 0 0 0 0
0 0 -1
0 0 -45
0 -2 -10
0 -2 -21
0 -2 -45
0 -3 -25
0 -4 -31
0 -6 -2
0 -8 -42
0 -9 -20
0 -9 -41
0 -9 -45
0 -10 -26
0 -11 -15
0 -12 -9
0 -13 -7
0 -13 -9
0 -13 -24
0 -14 -34
0 -15 -7
0 -17 -1
0 -17 -14
0 -18 -21
0 -18 -31
0 -19 -25
0 -20 -41
0 -21 -36
0 -22 -36
0 -24 -8
0 -24 -24
0 -25 -31
0 -25 -37
0 -25 -38
0 -26 -33
0 -26 -43
0 -27 -26
0 -27 -43
0 -27 -44
0 -28 -31
0 -28 -34
0 -28 -36
0 -28 -38
0 -29 -33
0 -29 -38
0 -30 -16
0 -30 -33
0 -30 -37
0 -31 0
0 -31 -5
0 -31 -28
0 -32 -17
0 -32 -18
0 -32 -23
0 -33 -1
0 -34 -21
0 -35 -8
0 -35 -16
0 -35 -17
0 -37 -11
0 -38 -25
0 -39 -6
0 -39 -12
0 -41 -42
0 -42 -31
0 -42 -42
0 -42 -45
0 -43 -12
0 -44 -23
0 -44 -24
0 -44 -34
1 0 -1
1 0 -45
1 -2 -10
1 -2 -21
1 -2 -45
1 -3 -25
1 -4 -31
1 -6 -2
1 -8 -42
1 -9 -20
1 -9 -41
1 -9 -45
1 -10 -26
1 -11 -15
1 -12 -9
1 -13 -7
1 -13 -9
1 -13 -24
1 -14 -34
1 -15 -7
1 -17 -1
1 -17 -14
1 -18 -21
1 -18 -31
1 -19 -25
1 -20 -41
1 -21 -36
1 -22 -36
1 -24 -8
1 -24 -24
1 -25 -31
1 -25 -37
1 -25 -38
1 -26 -33
1 -26 -43
1 -27 -26
1 -27 -43
1 -27 -44
1 -28 -31
1 -28 -34
1 -28 -36
1 -28 -38
1 -29 -33
1 -29 -38
1 -30 -16
1 -30 -33
1 -30 -37
1 -31 0
1 -31 -5
1 -31 -28
1 -32 -17
1 -32 -18
1 -32 -23
1 -33 -1
1 -34 -21
1 -35 -8
1 -35 -16
1 -35 -17
1 -37 -11
1 -38 -25
1 -39 -6
1 -39 -12
1 -41 -42
1 -42 -31
1 -42 -42
1 -42 -45
1 -43 -12
1 -44 -23
1 -44 -24
1 -44 -34
2 0 -1
2 0 -45
2 -2 -10
2 -2 -21
2 -2 -45
2 -3 -25
2 -4 -31
2 -6 -2
2 -8 -42
2 -9 -20
2 -9 -41
2 -9 -45
2 -10 -26
2 -11 -15
2 -12 -9
2 -13 -7
2 -13 -9
2 -13 -24
2 -14 -34
2 -15 -7
2 -17 -1
2 -17 -14
2 -18 -21
2 -18 -31
2 -19 -25
2 -20 -41
2 -21 -36
2 -22 -36
2 -24 -8
2 -24 -24
2 -25 -31
2 -25 -37
2 -25 -38
2 -26 -33
2 -26 -43
2 -27 -26
2 -27 -43
2 -27 -44
2 -28 -31
2 -28 -34
2 -28 -36
2 -28 -38
2 -29 -33
2 -29 -38
2 -30 -16
2 -30 -33
2 -30 -37
2 -31 0
2 -31 -5
2 -31 -28
2 -32 -17
2 -32 -18
2 -32 -23
2 -33 -1
2 -34 -21
2 -35 -8
2 -35 -16
2 -35 -17
2 -37 -11
2 -38 -25
2 -39 -6
2 -39 -12
2 -41 -42
2 -42 -31
2 -42 -42
2 -42 -45
2 -43 -12
2 -44 -23
2 -44 -24
2 -44 -34
3 0 -1
3 0 -45
3 -2 -10
3 -2 -21
3 -2 -45
3 -3 -25
3 -4 -31
3 -6 -2
3 -8 -42
3 -9 -20
3 -9 -41
3 -9 -45
3 -10 -26
3 -11 -15
3 -12 -9
3 -13 -7
3 -13 -9
3 -13 -24
3 -14 -34
3 -15 -7
3 -17 -1
3 -17 -14
3 -18 -21
3 -18 -31
3 -19 -25
3 -20 -41
3 -21 -36
3 -22 -36
3 -24 -8
3 -24 -24
3 -25 -31
3 -25 -37
3 -25 -38
3 -26 -33
3 -26 -43
3 -27 -26
3 -27 -43
3 -27 -44
3 -28 -31
3 -28 -34
3 -28 -36
3 -28 -38
3 -29 -33
3 -29 -38
3 -30 -16
3 -30 -33
3 -30 -37
3 -31 0
3 -31 -5
3 -31 -28
3 -32 -17
3 -32 -18
3 -32 -23
3 -33 -1
3 -34 -21
3 -35 -8
3 -35 -16
3 -35 -17
3 -37 -11
3 -38 -25
3 -39 -6
3 -39 -12
3 -41 -42
3 -42 -31
3 -42 -42
3 -42 -45
3 -43 -12
3 -44 -23
3 -44 -24
3 -44 -34
4 0 -1
4 0 -45
4 -2 -10
4 -2 -21
4 -2 -45
4 -3 -25
4 -4 -31
4 -6 -2
4 -8 -42
4 -9 -20
4 -9 -41
4 -9 -45
4 -10 -26
4 -11 -15
4 -12 -9
4 -13 -7
4 -13 -9
4 -13 -24
4 -14 -34
4 -15 -7
4 -17 -1
4 -17 -14
4 -18 -21
4 -18 -31
4 -19 -25
4 -20 -41
4 -21 -36
4 -22 -36
4 -24 -8
4 -24 -24
4 -25 -31
4 -25 -37
4 -25 -38
4 -26 -33
4 -26 -43
4 -27 -26
4 -27 -43
4 -27 -44
4 -28 -31
4 -28 -34
4 -28 -36
4 -28 -38
4 -29 -33
4 -29 -38
4 -30 -16
4 -30 -33
4 -30 -37
4 -31 0
4 -31 -5
4 -31 -28
4 -32 -17
4 -32 -18
4 -32 -23
4 -33 -1
4 -34 -21
4 -35 -8
4 -35 -16
4 -35 -17
4 -37 -11
4 -38 -25
4 -39 -6
4 -39 -12
4 -41 -42
4 -42 -31
4 -42 -42
4 -42 -45
4 -43 -12
4 -44 -23
4 -44 -24
4 -44 -34
5 0 -1
5 0 -45
5 -2 -10
5 -2 -21
5 -2 -45
5 -3 -25
5 -4 -31
5 -6 -2
5 -8 -42
5 -9 -20
5 -9 -41
5 -9 -45
5 -10 -26
5 -11 -15
5 -12 -9
5 -13 -7
5 -13 -9
5 -13 -24
5 -14 -34
5 -15 -7
5 -17 -1
5 -17 -14
5 -18 -21
5 -18 -31
5 -19 -25
5 -20 -41
5 -21 -36
5 -22 -36
5 -24 -8
5 -24 -24
5 -25 -31
5 -25 -37
5 -25 -38
5 -26 -33
5 -26 -43
5 -27 -26
5 -27 -43
5 -27 -44
5 -28 -31
5 -28 -34
5 -28 -36
5 -28 -38
5 -29 -33
5 -29 -38
5 -30 -16
5 -30 -33
5 -30 -37
5 -31 0
5 -31 -5
5 -31 -28
5 -32 -17
5 -32 -18
5 -32 -23
5 -33 -1
5 -34 -21
5 -35 -8
5 -35 -16
5 -35 -17
5 -37 -11
5 -38 -25
5 -39 -6
5 -39 -12
5 -41 -42
5 -42 -31
5 -42 -42
5 -42 -45
5 -43 -12
5 -44 -23
5 -44 -24
5 -44 -34
6 0 -1
6 0 -45
6 -2 -10
6 -2 -21
6 -2 -45
6 -3 -25
6 -4 -31
6 -6 -2
6 -8 -42
6 -9 -20
6 -9 -41
6 -9 -45
6 -10 -26
6 -11 -15
6 -12 -9
6 -13 -7
6 -13 -9
6 -13 -24
6 -14 -34
6 -15 -7
6 -17 -1
6 -17 -14
6 -18 -21
6 -18 -31
6 -19 -25
6 -20 -41
6 -21 -36
6 -22 -36
6 -24 -8
6 -24 -24
6 -25 -31
6 -25 -37
6 -25 -38
6 -26 -33
6 -26 -43
6 -27 -26
6 -27 -43
6 -27 -44
6 -28 -31
6 -28 -34
6 -28 -36
6 -28 -38
6 -29 -33
6 -29 -38
6 -30 -16
6 -30 -33
6 -30 -37
6 -31 0
6 -31 -5
6 -31 -28
6 -32 -17
6 -32 -18
6 -32 -23
6 -33 -1
6 -34 -21
6 -35 -8
6 -35 -16
6 -35 -17
6 -37 -11
6 -38 -25
6 -39 -6
6 -39 -12
6 -41 -42
6 -42 -31
6 -42 -42
6 -42 -45
6 -43 -12
6 -44 -23
6 -44 -24
6 -44 -34
7 0 -1
7 0 -45
7 -2 -10
7 -2 -21
7 -2 -45
7 -3 -25
7 -4 -31
7 -6 -2
7 -8 -42
7 -9 -20
7 -9 -41
7 -9 -45
7 -10 -26
7 -11 -15
7 -12 -9
7 -13 -7
7 -13 -9
7 -13 -24
7 -14 -34
7 -15 -7
7 -17 -1
7 -17 -14
7 -18 -21
7 -18 -31
7 -19 -25
7 -20 -41
7 -21 -36
7 -22 -36
7 -24 -8
7 -24 -24
7 -25 -31
7 -25 -37
7 -25 -38
7 -26 -33
7 -26 -43
7 -27 -26
7 -27 -43
7 -27 -44
7 -28 -31
7 -28 -34
7 -28 -36
7 -28 -38
7 -29 -33
7 -29 -38
7 -30 -16
7 -30 -33
7 -30 -37
7 -31 0
7 -31 -5
7 -31 -28
7 -32 -17
7 -32 -18
7 -32 -23
7 -33 -1
7 -34 -21
7 -35 -8
7 -35 -16
7 -35 -17
7 -37 -11
7 -38 -25
7 -39 -6
7 -39 -12
7 -41 -42
7 -42 -31
7 -42 -42
7 -42 -45
7 -43 -12
7 -44 -23
7 -44 -24
7 -44 -34
8 0 -1
8 0 -45
8 -2 -10
8 -2 -21
8 -2 -45
8 -3 -25
8 -4 -31
8 -6 -2
8 -8 -42
8 -9 -20
8 -9 -41
8 -9 -45
8 -10 -26
8 -11 -15
8 -12 -9
8 -13 -7
8 -13 -9
8 -13 -24
8 -14 -34
8 -15 -7
8 -17 -1
8 -17 -14
8 -18 -21
8 -18 -31
8 -19 -25
8 -20 -41
8 -21 -36
8 -22 -36
8 -24 -8
8 -24 -24
8 -25 -31
8 -25 -37
8 -25 -38
8 -26 -33
8 -26 -43
8 -27 -26
8 -27 -43
8 -27 -44
8 -28 -31
8 -28 -34
8 -28 -36
8 -28 -38
8 -29 -33
8 -29 -38
8 -30 -16
8 -30 -33
8 -30 -37
8 -31 0
8 -31 -5
8 -31 -28
8 -32 -17
8 -32 -18
8 -32 -23
8 -33 -1
8 -34 -21
8 -35 -8
8 -35 -16
8 -35 -17
8 -37 -11
8 -38 -25
8 -39 -6
8 -39 -12
8 -41 -42
8 -42 -31
8 -42 -42
8 -42 -45
8 -43 -12
8 -44 -23
8 -44 -24
8 -44 -34
9 0 -1
9 0 -45
9 -2 -10
9 -2 -21
9 -2 -45
9 -3 -25
9 -4 -31
9 -6 -2
9 -8 -42
9 -9 -20
9 -9 -41
9 -9 -45
9 -10 -26
9 -11 -15
9 -12 -9
9 -13 -7
9 -13 -9
9 -13 -24
9 -14 -34
9 -15 -7
9 -17 -1
9 -17 -14
9 -18 -21
9 -18 -31
9 -19 -25
9 -20 -41
9 -21 -36
9 -22 -36
9 -24 -8
9 -24 -24
9 -25 -31
9 -25 -37
9 -25 -38
9 -26 -33
9 -26 -43
9 -27 -26
9 -27 -43
9 -27 -44
9 -28 -31
9 -28 -34
9 -28 -36
9 -28 -38
9 -29 -33
9 -29 -38
9 -30 -16
9 -30 -33
9 -30 -37
9 -31 0
9 -31 -5
9 -31 -28
9 -32 -17
9 -32 -18
9 -32 -23
9 -33 -1
9 -34 -21
9 -35 -8
9 -35 -16
9 -35 -17
9 -37 -11
9 -38 -25
9 -39 -6
9 -39 -12
9 -41 -42
9 -42 -31
9 -42 -42
9 -42 -45
9 -43 -12
9 -44 -23
9 -44 -24
9 -44 -34
10 0 -1
10 0 -45
10 -2 -10
10 -2 -21
10 -2 -45
10 -3 -25
10 -4 -31
10 -6 -2
10 -8 -42
10 -9 -20
10 -9 -41
10 -9 -45
10 -10 -26
10 -11 -15
10 -12 -9
10 -13 -7
10 -13 -9
10 -13 -24
10 -14 -34
10 -15 -7
10 -17 -1
10 -17 -14
10 -18 -21
10 -18 -31
10 -19 -25
10 -20 -41
10 -21 -36
10 -22 -36
10 -24 -8
10 -24 -24
10 -25 -31
10 -25 -37
10 -25 -38
10 -26 -33
10 -26 -43
10 -27 -26
10 -27 -43
10 -27 -44
10 -28 -31
10 -28 -34
10 -28 -36
10 -28 -38
10 -29 -33
10 -29 -38
10 -30 -16
10 -30 -33
10 -30 -37
10 -31 0
10 -31 -5
10 -31 -28
10 -32 -17
10 -32 -18
10 -32 -23
10 -33 -1
10 -34 -21
10 -35 -8
10 -35 -16
10 -35 -17
10 -37 -11
10 -38 -25
10 -39 -6
10 -39 -12
10 -41 -42
10 -42 -31
10 -42 -42
10 -42 -45
10 -43 -12
10 -44 -23
10 -44 -24
10 -44 -34
11 0 -1
11 0 -45
11 -2 -10
11 -2 -21
11 -2 -45
11 -3 -25
11 -4 -31
11 -6 -2
11 -8 -42
11 -9 -20
11 -9 -41
11 -9 -45
11 -10 -26
11 -11 -15
11 -12 -9
11 -13 -7
11 -13 -9
11 -13 -24
11 -14 -34
11 -15 -7
11 -17 -1
11 -17 -14
11 -18 -21
11 -18 -31
11 -19 -25
11 -20 -41
11 -21 -36
11 -22 -36
11 -24 -8
11 -24 -24
11 -25 -31
11 -25 -37
11 -25 -38
11 -26 -33
11 -26 -43
11 -27 -26
11 -27 -43
11 -27 -44
11 -28 -31
11 -28 -34
11 -28 -36
11 -28 -38
11 -29 -33
11 -29 -38
11 -30 -16
11 -30 -33
11 -30 -37
11 -31 0
11 -31 -5
11 -31 -28
11 -32 -17
11 -32 -18
11 -32 -23
11 -33 -1
11 -34 -21
11 -35 -8
11 -35 -16
11 -35 -17
11 -37 -11
11 -38 -25
11 -39 -6
11 -39 -12
11 -41 -42
11 -42 -31
11 -42 -42
11 -42 -45
11 -43 -12
11 -44 -23
11 -44 -24
11 -44 -34
12 0 -1
12 0 -45
12 -2 -10
12 -2 -21
12 -2 -45
12 -3 -25
12 -4 -31
12 -6 -2
12 -8 -42
12 -9 -20
12 -9 -41
12 -9 -45
12 -10 -26
12 -11 -15
12 -12 -9
12 -13 -7
12 -13 -9
12 -13 -24
12 -14 -34
12 -15 -7
12 -17 -1
12 -17 -14
12 -18 -21
12 -18 -31
12 -19 -25
12 -20 -41
12 -21 -36
12 -22 -36
12 -24 -8
12 -24 -24
12 -25 -31
12 -25 -37
12 -25 -38
12 -26 -33
12 -26 -43
12 -27 -26
12 -27 -43
12 -27 -44
12 -28 -31
12 -28 -34
12 -28 -36
12 -28 -38
12 -29 -33
12 -29 -38
12 -30 -16
12 -30 -33
12 -30 -37
12 -31 0
12 -31 -5
12 -31 -28
12 -32 -17
12 -32 -18
12 -32 -23
12 -33 -1
12 -34 -21
12 -35 -8
12 -35 -16
12 -35 -17
12 -37 -11
12 -38 -25
12 -39 -6
12 -39 -12
12 -41 -42
12 -42 -31
12 -42 -42
12 -42 -45
12 -43 -12
12 -44 -23
12 -44 -24
12 -44 -34
13 0 -1
13 0 -45
13 -2 -10
13 -2 -21
13 -2 -45
13 -3 -25
13 -4 -31
13 -6 -2
13 -8 -42
13 -9 -20
13 -9 -41
13 -9 -45
13 -10 -26
13 -11 -15
13 -12 -9
13 -13 -7
13 -13 -9
13 -13 -24
13 -14 -34
13 -15 -7
13 -17 -1
13 -17 -14
13 -18 -21
13 -18 -31
13 -19 -25
13 -20 -41
13 -21 -36
13 -22 -36
13 -24 -8
13 -24 -24
13 -25 -31
13 -25 -37
13 -25 -38
13 -26 -33
13 -26 -43
13 -27 -26
13 -27 -43
13 -27 -44
13 -28 -31
13 -28 -34
13 -28 -36
13 -28 -38
13 -29 -33
13 -29 -38
13 -30 -16
13 -30 -33
13 -30 -37
13 -31 0
13 -31 -5
13 -31 -28
13 -32 -17
13 -32 -18
13 -32 -23
13 -33 -1
13 -34 -21
13 -35 -8
13 -35 -16
13 -35 -17
13 -37 -11
13 -38 -25
13 -39 -6
13 -39 -12
13 -41 -42
13 -42 -31
13 -42 -42
13 -42 -45
13 -43 -12
13 -44 -23
13 -44 -24
13 -44 -34
14 0 -1
14 0 -45
14 -2 -10
14 -2 -21
14 -2 -45
14 -3 -25
14 -4 -31
14 -6 -2
14 -8 -42
14 -9 -20
14 -9 -41
14 -9 -45
14 -10 -26
14 -11 -15
14 -12 -9
14 -13 -7
14 -13 -9
14 -13 -24
14 -14 -34
14 -15 -7
14 -17 -1
14 -17 -14
14 -18 -21
14 -18 -31
14 -19 -25
14 -20 -41
14 -21 -36
14 -22 -36
14 -24 -8
14 -24 -24
14 -25 -31
14 -25 -37
14 -25 -38
14 -26 -33
14 -26 -43
14 -27 -26
14 -27 -43
14 -27 -44
14 -28 -31
14 -28 -34
14 -28 -36
14 -28 -38
14 -29 -33
14 -29 -38
14 -30 -16
14 -30 -33
14 -30 -37
14 -31 0
14 -31 -5
14 -31 -28
14 -32 -17
14 -32 -18
14 -32 -23
14 -33 -1
14 -34 -21
14 -35 -8
14 -35 -16
14 -35 -17
14 -37 -11
14 -38 -25
14 -39 -6
14 -39 -12
14 -41 -42
14 -42 -31
14 -42 -42
14 -42 -45
14 -43 -12
14 -44 -23
14 -44 -24
14 -44 -34
15 0 -1
15 0 -45
15 -2 -10
15 -2 -21
15 -2 -45
15 -3 -25
15 -4 -31
15 -6 -2
15 -8 -42
15 -9 -20
15 -9 -41
15 -9 -45
15 -10 -26
15 -11 -15
15 -12 -9
15 -13 -7
15 -13 -9
15 -13 -24
15 -14 -34
15 -15 -7
15 -17 -1
15 -17 -14
15 -18 -21
15 -18 -31
15 -19 -25
15 -20 -41
15 -21 -36
15 -22 -36
15 -24 -8
15 -24 -24
15 -25 -31
15 -25 -37
15 -25 -38
15 -26 -33
15 -26 -43
15 -27 -26
15 -27 -43
15 -27 -44
15 -28 -31
15 -28 -34
15 -28 -36
15 -28 -38
15 -29 -33
15 -29 -38
15 -30 -16
15 -30 -33
15 -30 -37
15 -31 0
15 -31 -5
15 -31 -28
15 -32 -17
15 -32 -18
15 -32 -23
15 -33 -1
15 -34 -21
15 -35 -8
15 -35 -16
15 -35 -17
15 -37 -11
15 -38 -25
15 -39 -6
15 -39 -12
15 -41 -42
15 -42 -31
15 -42 -42
15 -42 -45
15 -43 -12
15 -44 -23
15 -44 -24
15 -44 -34
16 0 -1
16 0 -45
16 -2 -10
16 -2 -21
16 -2 -45
16 -3 -25
16 -4 -31
16 -6 -2
16 -8 -42
16 -9 -20
16 -9 -41
16 -9 -45
16 -10 -26
16 -11 -15
16 -12 -9
16 -13 -7
16 -13 -9
16 -13 -24
16 -14 -34
16 -15 -7
16 -17 -1
16 -17 -14
16 -18 -21
16 -18 -31
16 -19 -25
16 -20 -41
16 -21 -36
16 -22 -36
16 -24 -8
16 -24 -24
16 -25 -31
16 -25 -37
16 -25 -38
16 -26 -33
16 -26 -43
16 -27 -26
16 -27 -43
16 -27 -44
16 -28 -31
16 -28 -34
16 -28 -36
16 -28 -38
16 -29 -33
16 -29 -38
16 -30 -16
16 -30 -33
16 -30 -37
16 -31 0
16 -31 -5
16 -31 -28
16 -32 -17
16 -32 -18
16 -32 -23
16 -33 -1
16 -34 -21
16 -35 -8
16 -35 -16
16 -35 -17
16 -37 -11
16 -38 -25
16 -39 -6
16 -39 -12
16 -41 -42
16 -42 -31
16 -42 -42
16 -42 -45
16 -43 -12
16 -44 -23
16 -44 -24
16 -44 -34
17 0 -1
17 0 -45
17 -2 -10
17 -2 -21
17 -2 -45
17 -3 -25
17 -4 -31
17 -6 -2
17 -8 -42
17 -9 -20
17 -9 -41
17 -9 -45
17 -10 -26
17 -11 -15
17 -12 -9
17 -13 -7
17 -13 -9
17 -13 -24
17 -14 -34
17 -15 -7
17 -17 -1
17 -17 -14
17 -18 -21
17 -18 -31
17 -19 -25
17 -20 -41
17 -21 -36
17 -22 -36
17 -24 -8
17 -24 -24
17 -25 -31
17 -25 -37
17 -25 -38
17 -26 -33
17 -26 -43
17 -27 -26
17 -27 -43
17 -27 -44
17 -28 -31
17 -28 -34
17 -28 -36
17 -28 -38
17 -29 -33
17 -29 -38
17 -30 -16
17 -30 -33
17 -30 -37
17 -31 0
17 -31 -5
17 -31 -28
17 -32 -17
17 -32 -18
17 -32 -23
17 -33 -1
17 -34 -21
17 -35 -8
17 -35 -16
17 -35 -17
17 -37 -11
17 -38 -25
17 -39 -6
17 -39 -12
17 -41 -42
17 -42 -31
17 -42 -42
17 -42 -45
17 -43 -12
17 -44 -23
17 -44 -24
17 -44 -34
18 0 -1
18 0 -45
18 -2 -10
18 -2 -21
18 -2 -45
18 -3 -25
18 -4 -31
18 -6 -2
18 -8 -42
18 -9 -20
18 -9 -41
18 -9 -45
18 -10 -26
18 -11 -15
18 -12 -9
18 -13 -7
18 -13 -9
18 -13 -24
18 -14 -34
18 -15 -7
18 -17 -1
18 -17 -14
18 -18 -21
18 -18 -31
18 -19 -25
18 -20 -41
18 -21 -36
18 -22 -36
18 -24 -8
18 -24 -24
18 -25 -31
18 -25 -37
18 -25 -38
18 -26 -33
18 -26 -43
18 -27 -26
18 -27 -43
18 -27 -44
18 -28 -31
18 -28 -34
18 -28 -36
18 -28 -38
18 -29 -33
18 -29 -38
18 -30 -16
18 -30 -33
18 -30 -37
18 -31 0
18 -31 -5
18 -31 -28
18 -32 -17
18 -32 -18
18 -32 -23
18 -33 -1
18 -34 -21
18 -35 -8
18 -35 -16
18 -35 -17
18 -37 -11
18 -38 -25
18 -39 -6
18 -39 -12
18 -41 -42
18 -42 -31
18 -42 -42
18 -42 -45
18 -43 -12
18 -44 -23
18 -44 -24
18 -44 -34
19 0 -1
19 0 -45
19 -2 -10
19 -2 -21
19 -2 -45
19 -3 -25
19 -4 -31
19 -6 -2
19 -8 -42
19 -9 -20
19 -9 -41
19 -9 -45
19 -10 -26
19 -11 -15
19 -12 -9
19 -13 -7
19 -13 -9
19 -13 -24
19 -14 -34
19 -15 -7
19 -17 -1
19 -17 -14
19 -18 -21
19 -18 -31
19 -19 -25
19 -20 -41
19 -21 -36
19 -22 -36
19 -24 -8
19 -24 -24
19 -25 -31
19 -25 -37
19 -25 -38
19 -26 -33
19 -26 -43
19 -27 -26
19 -27 -43
19 -27 -44
19 -28 -31
19 -28 -34
19 -28 -36
19 -28 -38
19 -29 -33
19 -29 -38
19 -30 -16
19 -30 -33
19 -30 -37
19 -31 0
19 -31 -5
19 -31 -28
19 -32 -17
19 -32 -18
19 -32 -23
19 -33 -1
19 -34 -21
19 -35 -8
19 -35 -16
19 -35 -17
19 -37 -11
19 -38 -25
19 -39 -6
19 -39 -12
19 -41 -42
19 -42 -31
19 -42 -42
19 -42 -45
19 -43 -12
19 -44 -23
19 -44 -24
19 -44 -34
20 0 -1
20 0 -45
20 -2 -10
20 -2 -21
20 -2 -45
20 -3 -25
20 -4 -31
20 -6 -2
20 -8 -42
20 -9 -20
20 -9 -41
20 -9 -45
20 -10 -26
20 -11 -15
20 -12 -9
20 -13 -7
20 -13 -9
20 -13 -24
20 -14 -34
20 -15 -7
20 -17 -1
20 -17 -14
20 -18 -21
20 -18 -31
20 -19 -25
20 -20 -41
20 -21 -36
20 -22 -36
20 -24 -8
20 -24 -24
20 -25 -31
20 -25 -37
20 -25 -38
20 -26 -33
20 -26 -43
20 -27 -26
20 -27 -43
20 -27 -44
20 -28 -31
20 -28 -34
20 -28 -36
20 -28 -38
20 -29 -33
20 -29 -38
20 -30 -16
20 -30 -33
20 -30 -37
20 -31 0
20 -31 -5
20 -31 -28
20 -32 -17
20 -32 -18
20 -32 -23
20 -33 -1
20 -34 -21
20 -35 -8
20 -35 -16
20 -35 -17
20 -37 -11
20 -38 -25
20 -39 -6
20 -39 -12
20 -41 -42
20 -42 -31
20 -42 -42
20 -42 -45
20 -43 -12
20 -44 -23
20 -44 -24
20 -44 -34
21 0 -1
21 0 -45
21 -2 -10
21 -2 -21
21 -2 -45
21 -3 -25
21 -4 -31
21 -6 -2
21 -8 -42
21 -9 -20
21 -9 -41
21 -9 -45
21 -10 -26
21 -11 -15
21 -12 -9
21 -13 -7
21 -13 -9
21 -13 -24
21 -14 -34
21 -15 -7
21 -17 -1
21 -17 -14
21 -18 -21
21 -18 -31
21 -19 -25
21 -20 -41
21 -21 -36
21 -22 -36
21 -24 -8
21 -24 -24
21 -25 -31
21 -25 -37
21 -25 -38
21 -26 -33
21 -26 -43
21 -27 -26
21 -27 -43
21 -27 -44
21 -28 -31
21 -28 -34
21 -28 -36
21 -28 -38
21 -29 -33
21 -29 -38
21 -30 -16
21 -30 -33
21 -30 -37
21 -31 0
21 -31 -5
21 -31 -28
21 -32 -17
21 -32 -18
21 -32 -23
21 -33 -1
21 -34 -21
21 -35 -8
21 -35 -16
21 -35 -17
21 -37 -11
21 -38 -25
21 -39 -6
21 -39 -12
21 -41 -42
21 -42 -31
21 -42 -42
21 -42 -45
21 -43 -12
21 -44 -23
21 -44 -24
21 -44 -34
22 0 -1
22 0 -45
22 -2 -10
22 -2 -21
22 -2 -45
22 -3 -25
22 -4 -31
22 -6 -2
22 -8 -42
22 -9 -20
22 -9 -41
22 -9 -45
22 -10 -26
22 -11 -15
22 -12 -9
22 -13 -7
22 -13 -9
22 -13 -24
22 -14 -34
22 -15 -7
22 -17 -1
22 -17 -14
22 -18 -21
22 -18 -31
22 -19 -25
22 -20 -41
22 -21 -36
22 -22 -36
22 -24 -8
22 -24 -24
22 -25 -31
22 -25 -37
22 -25 -38
22 -26 -33
22 -26 -43
22 -27 -26
22 -27 -43
22 -27 -44
22 -28 -31
22 -28 -34
22 -28 -36
22 -28 -38
22 -29 -33
22 -29 -38
22 -30 -16
22 -30 -33
22 -30 -37
22 -31 0
22 -31 -5
22 -31 -28
22 -32 -17
22 -32 -18
22 -32 -23
22 -33 -1
22 -34 -21
22 -35 -8
22 -35 -16
22 -35 -17
22 -37 -11
22 -38 -25
22 -39 -6
22 -39 -12
22 -41 -42
22 -42 -31
22 -42 -42
22 -42 -45
22 -43 -12
22 -44 -23
22 -44 -24
22 -44 -34
23 0 -1
23 0 -45
23 -2 -10
23 -2 -21
23 -2 -45
23 -3 -25
23 -4 -31
23 -6 -2
23 -8 -42
23 -9 -20
23 -9 -41
23 -9 -45
23 -10 -26
23 -11 -15
23 -12 -9
23 -13 -7
23 -13 -9
23 -13 -24
23 -14 -34
23 -15 -7
23 -17 -1
23 -17 -14
23 -18 -21
23 -18 -31
23 -19 -25
23 -20 -41
23 -21 -36
23 -22 -36
23 -24 -8
23 -24 -24
23 -25 -31
23 -25 -37
23 -25 -38
23 -26 -33
23 -26 -43
23 -27 -26
23 -27 -43
23 -27 -44
23 -28 -31
23 -28 -34
23 -28 -36
23 -28 -38
23 -29 -33
23 -29 -38
23 -30 -16
23 -30 -33
23 -30 -37
23 -31 0
23 -31 -5
23 -31 -28
23 -32 -17
23 -32 -18
23 -32 -23
23 -33 -1
23 -34 -21
23 -35 -8
23 -35 -16
23 -35 -17
23 -37 -11
23 -38 -25
23 -39 -6
23 -39 -12
23 -41 -42
23 -42 -31
23 -42 -42
23 -42 -45
23 -43 -12
23 -44 -23
23 -44 -24
23 -44 -34
24 0 -1
24 0 -45
24 -2 -10
24 -2 -21
24 -2 -45
24 -3 -25
24 -4 -31
24 -6 -2
24 -8 -42
24 -9 -20
24 -9 -41
24 -9 -45
24 -10 -26
24 -11 -15
24 -12 -9
24 -13 -7
24 -13 -9
24 -13 -24
24 -14 -34
24 -15 -7
24 -17 -1
24 -17 -14
24 -18 -21
24 -18 -31
24 -19 -25
24 -20 -41
24 -21 -36
24 -22 -36
24 -24 -8
24 -24 -24
24 -25 -31
24 -25 -37
24 -25 -38
24 -26 -33
24 -26 -43
24 -27 -26
24 -27 -43
24 -27 -44
24 -28 -31
24 -28 -34
24 -28 -36
24 -28 -38
24 -29 -33
24 -29 -38
24 -30 -16
24 -30 -33
24 -30 -37
24 -31 0
24 -31 -5
24 -31 -28
24 -32 -17
24 -32 -18
24 -32 -23
24 -33 -1
24 -34 -21
24 -35 -8
24 -35 -16
24 -35 -17
24 -37 -11
24 -38 -25
24 -39 -6
24 -39 -12
24 -41 -42
24 -42 -31
24 -42 -42
24 -42 -45
24 -43 -12
24 -44 -23
24 -44 -24
24 -44 -34
25 0 -1
25 0 -45
25 -2 -10
25 -2 -21
25 -2 -45
25 -3 -25
25 -4 -31
25 -6 -2
25 -8 -42
25 -9 -20
25 -9 -41
25 -9 -45
25 -10 -26
25 -11 -15
25 -12 -9
25 -13 -7
25 -13 -9
25 -13 -24
25 -14 -34
25 -15 -7
25 -17 -1
25 -17 -14
25 -18 -21
25 -18 -31
25 -19 -25
25 -20 -41
25 -21 -36
25 -22 -36
25 -24 -8
25 -24 -24
25 -25 -31
25 -25 -37
25 -25 -38
25 -26 -33
25 -26 -43
25 -27 -26
25 -27 -43
25 -27 -44
25 -28 -31
25 -28 -34
25 -28 -36
25 -28 -38
25 -29 -33
25 -29 -38
25 -30 -16
25 -30 -33
25 -30 -37
25 -31 0
25 -31 -5
25 -31 -28
25 -32 -17
25 -32 -18
25 -32 -23
25 -33 -1
25 -34 -21
25 -35 -8
25 -35 -16
25 -35 -17
25 -37 -11
25 -38 -25
25 -39 -6
25 -39 -12
25 -41 -42
25 -42 -31
25 -42 -42
25 -42 -45
25 -43 -12
25 -44 -23
25 -44 -24
25 -44 -34
26 0 -1
26 0 -45
26 -2 -10
26 -2 -21
26 -2 -45
26 -3 -25
26 -4 -31
26 -6 -2
26 -8 -42
26 -9 -20
26 -9 -41
26 -9 -45
26 -10 -26
26 -11 -15
26 -12 -9
26 -13 -7
26 -13 -9
26 -13 -24
26 -14 -34
26 -15 -7
26 -17 -1
26 -17 -14
26 -18 -21
26 -18 -31
26 -19 -25
26 -20 -41
26 -21 -36
26 -22 -36
26 -24 -8
26 -24 -24
26 -25 -31
26 -25 -37
26 -25 -38
26 -26 -33
26 -26 -43
26 -27 -26
26 -27 -43
26 -27 -44
26 -28 -31
26 -28 -34
26 -28 -36
26 -28 -38
26 -29 -33
26 -29 -38
26 -30 -16
26 -30 -33
26 -30 -37
26 -31 0
26 -31 -5
26 -31 -28
26 -32 -17
26 -32 -18
26 -32 -23
26 -33 -1
26 -34 -21
26 -35 -8
26 -35 -16
26 -35 -17
26 -37 -11
26 -38 -25
26 -39 -6
26 -39 -12
26 -41 -42
26 -42 -31
26 -42 -42
26 -42 -45
26 -43 -12
26 -44 -23
26 -44 -24
26 -44 -34
27 0 -1
27 0 -45
27 -2 -10
27 -2 -21
27 -2 -45
27 -3 -25
27 -4 -31
27 -6 -2
27 -8 -42
27 -9 -20
27 -9 -41
27 -9 -45
27 -10 -26
27 -11 -15
27 -12 -9
27 -13 -7
27 -13 -9
27 -13 -24
27 -14 -34
27 -15 -7
27 -17 -1
27 -17 -14
27 -18 -21
27 -18 -31
27 -19 -25
27 -20 -41
27 -21 -36
27 -22 -36
27 -24 -8
27 -24 -24
27 -25 -31
27 -25 -37
27 -25 -38
27 -26 -33
27 -26 -43
27 -27 -26
27 -27 -43
27 -27 -44
27 -28 -31
27 -28 -34
27 -28 -36
27 -28 -38
27 -29 -33
27 -29 -38
27 -30 -16
27 -30 -33
27 -30 -37
27 -31 0
27 -31 -5
27 -31 -28
27 -32 -17
27 -32 -18
27 -32 -23
27 -33 -1
27 -34 -21
27 -35 -8
27 -35 -16
27 -35 -17
27 -37 -11
27 -38 -25
27 -39 -6
27 -39 -12
27 -41 -42
27 -42 -31
27 -42 -42
27 -42 -45
27 -43 -12
27 -44 -23
27 -44 -24
27 -44 -34
28 0 -1
28 0 -45
28 -2 -10
28 -2 -21
28 -2 -45
28 -3 -25
28 -4 -31
28 -6 -2
28 -8 -42
28 -9 -20
28 -9 -41
28 -9 -45
28 -10 -26
28 -11 -15
28 -12 -9
28 -13 -7
28 -13 -9
28 -13 -24
28 -14 -34
28 -15 -7
28 -17 -1
28 -17 -14
28 -18 -21
28 -18 -31
28 -19 -25
28 -20 -41
28 -21 -36
28 -22 -36
28 -24 -8
28 -24 -24
28 -25 -31
28 -25 -37
28 -25 -38
28 -26 -33
28 -26 -43
28 -27 -26
28 -27 -43
28 -27 -44
28 -28 -31
28 -28 -34
28 -28 -36
28 -28 -38
28 -29 -33
28 -29 -38
28 -30 -16
28 -30 -33
28 -30 -37
28 -31 0
28 -31 -5
28 -31 -28
28 -32 -17
28 -32 -18
28 -32 -23
28 -33 -1
28 -34 -21
28 -35 -8
28 -35 -16
28 -35 -17
28 -37 -11
28 -38 -25
28 -39 -6
28 -39 -12
28 -41 -42
28 -42 -31
28 -42 -42
28 -42 -45
28 -43 -12
28 -44 -23
28 -44 -24
28 -44 -34
29 0 -1
29 0 -45
29 -2 -10
29 -2 -21
29 -2 -45
29 -3 -25
29 -4 -31
29 -6 -2
29 -8 -42
29 -9 -20
29 -9 -41
29 -9 -45
29 -10 -26
29 -11 -15
29 -12 -9
29 -13 -7
29 -13 -9
29 -13 -24
29 -14 -34
29 -15 -7
29 -17 -1
29 -17 -14
29 -18 -21
29 -18 -31
29 -19 -25
29 -20 -41
29 -21 -36
29 -22 -36
29 -24 -8
29 -24 -24
29 -25 -31
29 -25 -37
29 -25 -38
29 -26 -33
29 -26 -43
29 -27 -26
29 -27 -43
29 -27 -44
29 -28 -31
29 -28 -34
29 -28 -36
29 -28 -38
29 -29 -33
29 -29 -38
29 -30 -16
29 -30 -33
29 -30 -37
29 -31 0
29 -31 -5
29 -31 -28
29 -32 -17
29 -32 -18
29 -32 -23
29 -33 -1
29 -34 -21
29 -35 -8
29 -35 -16
29 -35 -17
29 -37 -11
29 -38 -25
29 -39 -6
29 -39 -12
29 -41 -42
29 -42 -31
29 -42 -42
29 -42 -45
29 -43 -12
29 -44 -23
29 -44 -24
29 -44 -34
30 0 -1
30 0 -45
30 -2 -10
30 -2 -21
30 -2 -45
30 -3 -25
30 -4 -31
30 -6 -2
30 -8 -42
30 -9 -20
30 -9 -41
30 -9 -45
30 -10 -26
30 -11 -15
30 -12 -9
30 -13 -7
30 -13 -9
30 -13 -24
30 -14 -34
30 -15 -7
30 -17 -1
30 -17 -14
30 -18 -21
30 -18 -31
30 -19 -25
30 -20 -41
30 -21 -36
30 -22 -36
30 -24 -8
30 -24 -24
30 -25 -31
30 -25 -37
30 -25 -38
30 -26 -33
30 -26 -43
30 -27 -26
30 -27 -43
30 -27 -44
30 -28 -31
30 -28 -34
30 -28 -36
30 -28 -38
30 -29 -33
30 -29 -38
30 -30 -16
30 -30 -33
30 -30 -37
30 -31 0
30 -31 -5
30 -31 -28
30 -32 -17
30 -32 -18
30 -32 -23
30 -33 -1
30 -34 -21
30 -35 -8
30 -35 -16
30 -35 -17
30 -37 -11
30 -38 -25
30 -39 -6
30 -39 -12
30 -41 -42
30 -42 -31
30 -42 -42
30 -42 -45
30 -43 -12
30 -44 -23
30 -44 -24
30 -44 -34
31 0 -1
31 0 -45
31 -2 -10
31 -2 -21
31 -2 -45
31 -3 -25
31 -4 -31
31 -6 -2
31 -8 -42
31 -9 -20
31 -9 -41
31 -9 -45
31 -10 -26
31 -11 -15
31 -12 -9
31 -13 -7
31 -13 -9
31 -13 -24
31 -14 -34
31 -15 -7
31 -17 -1
31 -17 -14
31 -18 -21
31 -18 -31
31 -19 -25
31 -20 -41
31 -21 -36
31 -22 -36
31 -24 -8
31 -24 -24
31 -25 -31
31 -25 -37
31 -25 -38
31 -26 -33
31 -26 -43
31 -27 -26
31 -27 -43
31 -27 -44
31 -28 -31
31 -28 -34
31 -28 -36
31 -28 -38
31 -29 -33
31 -29 -38
31 -30 -16
31 -30 -33
31 -30 -37
31 -31 0
31 -31 -5
31 -31 -28
31 -32 -17
31 -32 -18
31 -32 -23
31 -33 -1
31 -34 -21
31 -35 -8
31 -35 -16
31 -35 -17
31 -37 -11
31 -38 -25
31 -39 -6
31 -39 -12
31 -41 -42
31 -42 -31
31 -42 -42
31 -42 -45
31 -43 -12
31 -44 -23
31 -44 -24
31 -44 -34
32 0 -1
32 0 -45
32 -2 -10
32 -2 -21
32 -2 -45
32 -3 -25
32 -4 -31
32 -6 -2
32 -8 -42
32 -9 -20
32 -9 -41
32 -9 -45
32 -10 -26
32 -11 -15
32 -12 -9
32 -13 -7
32 -13 -9
32 -13 -24
32 -14 -34
32 -15 -7
32 -17 -1
32 -17 -14
32 -18 -21
32 -18 -31
32 -19 -25
32 -20 -41
32 -21 -36
32 -22 -36
32 -24 -8
32 -24 -24
32 -25 -31
32 -25 -37
32 -25 -38
32 -26 -33
32 -26 -43
32 -27 -26
32 -27 -43
32 -27 -44
32 -28 -31
32 -28 -34
32 -28 -36
32 -28 -38
32 -29 -33
32 -29 -38
32 -30 -16
32 -30 -33
32 -30 -37
32 -31 0
32 -31 -5
32 -31 -28
32 -32 -17
32 -32 -18
32 -32 -23
32 -33 -1
32 -34 -21
32 -35 -8
32 -35 -16
32 -35 -17
32 -37 -11
32 -38 -25
32 -39 -6
32 -39 -12
32 -41 -42
32 -42 -31
32 -42 -42
32 -42 -45
32 -43 -12
32 -44 -23
32 -44 -24
32 -44 -34
33 0 -1
33 0 -45
33 -2 -10
33 -2 -21
33 -2 -45
33 -3 -25
33 -4 -31
33 -6 -2
33 -8 -42
33 -9 -20
33 -9 -41
33 -9 -45
33 -10 -26
33 -11 -15
33 -12 -9
33 -13 -7
33 -13 -9
33 -13 -24
33 -14 -34
33 -15 -7
33 -17 -1
33 -17 -14
33 -18 -21
33 -18 -31
33 -19 -25
33 -20 -41
33 -21 -36
33 -22 -36
33 -24 -8
33 -24 -24
33 -25 -31
33 -25 -37
33 -25 -38
33 -26 -33
33 -26 -43
33 -27 -26
33 -27 -43
33 -27 -44
33 -28 -31
33 -28 -34
33 -28 -36
33 -28 -38
33 -29 -33
33 -29 -38
33 -30 -16
33 -30 -33
33 -30 -37
33 -31 0
33 -31 -5
33 -31 -28
33 -32 -17
33 -32 -18
33 -32 -23
33 -33 -1
33 -34 -21
33 -35 -8
33 -35 -16
33 -35 -17
33 -37 -11
33 -38 -25
33 -39 -6
33 -39 -12
33 -41 -42
33 -42 -31
33 -42 -42
33 -42 -45
33 -43 -12
33 -44 -23
33 -44 -24
33 -44 -34
34 0 -1
34 0 -45
34 -2 -10
34 -2 -21
34 -2 -45
34 -3 -25
34 -4 -31
34 -6 -2
34 -8 -42
34 -9 -20
34 -9 -41
34 -9 -45
34 -10 -26
34 -11 -15
34 -12 -9
34 -13 -7
34 -13 -9
34 -13 -24
34 -14 -34
34 -15 -7
34 -17 -1
34 -17 -14
34 -18 -21
34 -18 -31
34 -19 -25
34 -20 -41
34 -21 -36
34 -22 -36
34 -24 -8
34 -24 -24
34 -25 -31
34 -25 -37
34 -25 -38
34 -26 -33
34 -26 -43
34 -27 -26
34 -27 -43
34 -27 -44
34 -28 -31
34 -28 -34
34 -28 -36
34 -28 -38
34 -29 -33
34 -29 -38
34 -30 -16
34 -30 -33
34 -30 -37
34 -31 0
34 -31 -5
34 -31 -28
34 -32 -17
34 -32 -18
34 -32 -23
34 -33 -1
34 -34 -21
34 -35 -8
34 -35 -16
34 -35 -17
34 -37 -11
34 -38 -25
34 -39 -6
34 -39 -12
34 -41 -42
34 -42 -31
34 -42 -42
34 -42 -45
34 -43 -12
34 -44 -23
34 -44 -24
34 -44 -34
35 0 -1
35 0 -45
35 -2 -10
35 -2 -21
35 -2 -45
35 -3 -25
35 -4 -31
35 -6 -2
35 -8 -42
35 -9 -20
35 -9 -41
35 -9 -45
35 -10 -26
35 -11 -15
35 -12 -9
35 -13 -7
35 -13 -9
35 -13 -24
35 -14 -34
35 -15 -7
35 -17 -1
35 -17 -14
35 -18 -21
35 -18 -31
35 -19 -25
35 -20 -41
35 -21 -36
35 -22 -36
35 -24 -8
35 -24 -24
35 -25 -31
35 -25 -37
35 -25 -38
35 -26 -33
35 -26 -43
35 -27 -26
35 -27 -43
35 -27 -44
35 -28 -31
35 -28 -34
35 -28 -36
35 -28 -38
35 -29 -33
35 -29 -38
35 -30 -16
35 -30 -33
35 -30 -37
35 -31 0
35 -31 -5
35 -31 -28
35 -32 -17
35 -32 -18
35 -32 -23
35 -33 -1
35 -34 -21
35 -35 -8
35 -35 -16
35 -35 -17
35 -37 -11
35 -38 -25
35 -39 -6
35 -39 -12
35 -41 -42
35 -42 -31
35 -42 -42
35 -42 -45
35 -43 -12
35 -44 -23
35 -44 -24
35 -44 -34
36 0 -1
36 0 -45
36 -2 -10
36 -2 -21
36 -2 -45
36 -3 -25
36 -4 -31
36 -6 -2
36 -8 -42
36 -9 -20
36 -9 -41
36 -9 -45
36 -10 -26
36 -11 -15
36 -12 -9
36 -13 -7
36 -13 -9
36 -13 -24
36 -14 -34
36 -15 -7
36 -17 -1
36 -17 -14
36 -18 -21
36 -18 -31
36 -19 -25
36 -20 -41
36 -21 -36
36 -22 -36
36 -24 -8
36 -24 -24
36 -25 -31
36 -25 -37
36 -25 -38
36 -26 -33
36 -26 -43
36 -27 -26
36 -27 -43
36 -27 -44
36 -28 -31
36 -28 -34
36 -28 -36
36 -28 -38
36 -29 -33
36 -29 -38
36 -30 -16
36 -30 -33
36 -30 -37
36 -31 0
36 -31 -5
36 -31 -28
36 -32 -17
36 -32 -18
36 -32 -23
36 -33 -1
36 -34 -21
36 -35 -8
36 -35 -16
36 -35 -17
36 -37 -11
36 -38 -25
36 -39 -6
36 -39 -12
36 -41 -42
36 -42 -31
36 -42 -42
36 -42 -45
36 -43 -12
36 -44 -23
36 -44 -24
36 -44 -34
37 0 -1
37 0 -45
37 -2 -10
37 -2 -21
37 -2 -45
37 -3 -25
37 -4 -31
37 -6 -2
37 -8 -42
37 -9 -20
37 -9 -41
37 -9 -45
37 -10 -26
37 -11 -15
37 -12 -9
37 -13 -7
37 -13 -9
37 -13 -24
37 -14 -34
37 -15 -7
37 -17 -1
37 -17 -14
37 -18 -21
37 -18 -31
37 -19 -25
37 -20 -41
37 -21 -36
37 -22 -36
37 -24 -8
37 -24 -24
37 -25 -31
37 -25 -37
37 -25 -38
37 -26 -33
37 -26 -43
37 -27 -26
37 -27 -43
37 -27 -44
37 -28 -31
37 -28 -34
37 -28 -36
37 -28 -38
37 -29 -33
37 -29 -38
37 -30 -16
37 -30 -33
37 -30 -37
37 -31 0
37 -31 -5
37 -31 -28
37 -32 -17
37 -32 -18
37 -32 -23
37 -33 -1
37 -34 -21
37 -35 -8
37 -35 -16
37 -35 -17
37 -37 -11
37 -38 -25
37 -39 -6
37 -39 -12
37 -41 -42
37 -42 -31
37 -42 -42
37 -42 -45
37 -43 -12
37 -44 -23
37 -44 -24
37 -44 -34
38 0 -1
38 0 -45
38 -2 -10
38 -2 -21
38 -2 -45
38 -3 -25
38 -4 -31
38 -6 -2
38 -8 -42
38 -9 -20
38 -9 -41
38 -9 -45
38 -10 -26
38 -11 -15
38 -12 -9
38 -13 -7
38 -13 -9
38 -13 -24
38 -14 -34
38 -15 -7
38 -17 -1
38 -17 -14
38 -18 -21
38 -18 -31
38 -19 -25
38 -20 -41
38 -21 -36
38 -22 -36
38 -24 -8
38 -24 -24
38 -25 -31
38 -25 -37
38 -25 -38
38 -26 -33
38 -26 -43
38 -27 -26
38 -27 -43
38 -27 -44
38 -28 -31
38 -28 -34
38 -28 -36
38 -28 -38
38 -29 -33
38 -29 -38
38 -30 -16
38 -30 -33
38 -30 -37
38 -31 0
38 -31 -5
38 -31 -28
38 -32 -17
38 -32 -18
38 -32 -23
38 -33 -1
38 -34 -21
38 -35 -8
38 -35 -16
38 -35 -17
38 -37 -11
38 -38 -25
38 -39 -6
38 -39 -12
38 -41 -42
38 -42 -31
38 -42 -42
38 -42 -45
38 -43 -12
38 -44 -23
38 -44 -24
38 -44 -34
39 0 -1
39 0 -45
39 -2 -10
39 -2 -21
39 -2 -45
39 -3 -25
39 -4 -31
39 -6 -2
39 -8 -42
39 -9 -20
39 -9 -41
39 -9 -45
39 -10 -26
39 -11 -15
39 -12 -9
39 -13 -7
39 -13 -9
39 -13 -24
39 -14 -34
39 -15 -7
39 -17 -1
39 -17 -14
39 -18 -21
39 -18 -31
39 -19 -25
39 -20 -41
39 -21 -36
39 -22 -36
39 -24 -8
39 -24 -24
39 -25 -31
39 -25 -37
39 -25 -38
39 -26 -33
39 -26 -43
39 -27 -26
39 -27 -43
39 -27 -44
39 -28 -31
39 -28 -34
39 -28 -36
39 -28 -38
39 -29 -33
39 -29 -38
39 -30 -16
39 -30 -33
39 -30 -37
39 -31 0
39 -31 -5
39 -31 -28
39 -32 -17
39 -32 -18
39 -32 -23
39 -33 -1
39 -34 -21
39 -35 -8
39 -35 -16
39 -35 -17
39 -37 -11
39 -38 -25
39 -39 -6
39 -39 -12
39 -41 -42
39 -42 -31
39 -42 -42
39 -42 -45
39 -43 -12
39 -44 -23
39 -44 -24
39 -44 -34
40 0 -1
40 0 -45
40 -2 -10
40 -2 -21
40 -2 -45
40 -3 -25
40 -4 -31
40 -6 -2
40 -8 -42
40 -9 -20
40 -9 -41
40 -9 -45
40 -10 -26
40 -11 -15
40 -12 -9
40 -13 -7
40 -13 -9
40 -13 -24
40 -14 -34
40 -15 -7
40 -17 -1
40 -17 -14
40 -18 -21
40 -18 -31
40 -19 -25
40 -20 -41
40 -21 -36
40 -22 -36
40 -24 -8
40 -24 -24
40 -25 -31
40 -25 -37
40 -25 -38
40 -26 -33
40 -26 -43
40 -27 -26
40 -27 -43
40 -27 -44
40 -28 -31
40 -28 -34
40 -28 -36
40 -28 -38
40 -29 -33
40 -29 -38
40 -30 -16
40 -30 -33
40 -30 -37
40 -31 0
40 -31 -5
40 -31 -28
40 -32 -17
40 -32 -18
40 -32 -23
40 -33 -1
40 -34 -21
40 -35 -8
40 -35 -16
40 -35 -17
40 -37 -11
40 -38 -25
40 -39 -6
40 -39 -12
40 -41 -42
40 -42 -31
40 -42 -42
40 -42 -45
40 -43 -12
40 -44 -23
40 -44 -24
40 -44 -34
41 0 -1
41 0 -45
41 -2 -10
41 -2 -21
41 -2 -45
41 -3 -25
41 -4 -31
41 -6 -2
41 -8 -42
41 -9 -20
41 -9 -41
41 -9 -45
41 -10 -26
41 -11 -15
41 -12 -9
41 -13 -7
41 -13 -9
41 -13 -24
41 -14 -34
41 -15 -7
41 -17 -1
41 -17 -14
41 -18 -21
41 -18 -31
41 -19 -25
41 -20 -41
41 -21 -36
41 -22 -36
41 -24 -8
41 -24 -24
41 -25 -31
41 -25 -37
41 -25 -38
41 -26 -33
41 -26 -43
41 -27 -26
41 -27 -43
41 -27 -44
41 -28 -31
41 -28 -34
41 -28 -36
41 -28 -38
41 -29 -33
41 -29 -38
41 -30 -16
41 -30 -33
41 -30 -37
41 -31 0
41 -31 -5
41 -31 -28
41 -32 -17
41 -32 -18
41 -32 -23
41 -33 -1
41 -34 -21
41 -35 -8
41 -35 -16
41 -35 -17
41 -37 -11
41 -38 -25
41 -39 -6
41 -39 -12
41 -41 -42
41 -42 -31
41 -42 -42
41 -42 -45
41 -43 -12
41 -44 -23
41 -44 -24
41 -44 -34
42 0 -1
42 0 -45
42 -2 -10
42 -2 -21
42 -2 -45
42 -3 -25
42 -4 -31
42 -6 -2
42 -8 -42
42 -9 -20
42 -9 -41
42 -9 -45
42 -10 -26
42 -11 -15
42 -12 -9
42 -13 -7
42 -13 -9
42 -13 -24
42 -14 -34
42 -15 -7
42 -17 -1
42 -17 -14
42 -18 -21
42 -18 -31
42 -19 -25
42 -20 -41
42 -21 -36
42 -22 -36
42 -24 -8
42 -24 -24
42 -25 -31
42 -25 -37
42 -25 -38
42 -26 -33
42 -26 -43
42 -27 -26
42 -27 -43
42 -27 -44
42 -28 -31
42 -28 -34
42 -28 -36
42 -28 -38
42 -29 -33
42 -29 -38
42 -30 -16
42 -30 -33
42 -30 -37
42 -31 0
42 -31 -5
42 -31 -28
42 -32 -17
42 -32 -18
42 -32 -23
42 -33 -1
42 -34 -21
42 -35 -8
42 -35 -16
42 -35 -17
42 -37 -11
42 -38 -25
42 -39 -6
42 -39 -12
42 -41 -42
42 -42 -31
42 -42 -42
42 -42 -45
42 -43 -12
42 -44 -23
42 -44 -24
42 -44 -34
43 0 -1
43 0 -45
43 -2 -10
43 -2 -21
43 -2 -45
43 -3 -25
43 -4 -31
43 -6 -2
43 -8 -42
43 -9 -20
43 -9 -41
43 -9 -45
43 -10 -26
43 -11 -15
43 -12 -9
43 -13 -7
43 -13 -9
43 -13 -24
43 -14 -34
43 -15 -7
43 -17 -1
43 -17 -14
43 -18 -21
43 -18 -31
43 -19 -25
43 -20 -41
43 -21 -36
43 -22 -36
43 -24 -8
43 -24 -24
43 -25 -31
43 -25 -37
43 -25 -38
43 -26 -33
43 -26 -43
43 -27 -26
43 -27 -43
43 -27 -44
43 -28 -31
43 -28 -34
43 -28 -36
43 -28 -38
43 -29 -33
43 -29 -38
43 -30 -16
43 -30 -33
43 -30 -37
43 -31 0
43 -31 -5
43 -31 -28
43 -32 -17
43 -32 -18
43 -32 -23
43 -33 -1
43 -34 -21
43 -35 -8
43 -35 -16
43 -35 -17
43 -37 -11
43 -38 -25
43 -39 -6
43 -39 -12
43 -41 -42
43 -42 -31
43 -42 -42
43 -42 -45
43 -43 -12
43 -44 -23
43 -44 -24
43 -44 -34
44 0 -1
44 0 -45
44 -2 -10
44 -2 -21
44 -2 -45
44 -3 -25
44 -4 -31
44 -6 -2
44 -8 -42
44 -9 -20
44 -9 -41
44 -9 -45
44 -10 -26
44 -11 -15
44 -12 -9
44 -13 -7
44 -13 -9
44 -13 -24
44 -14 -34
44 -15 -7
44 -17 -1
44 -17 -14
44 -18 -21
44 -18 -31
44 -19 -25
44 -20 -41
44 -21 -36
44 -22 -36
44 -24 -8
44 -24 -24
44 -25 -31
44 -25 -37
44 -25 -38
44 -26 -33
44 -26 -43
44 -27 -26
44 -27 -43
44 -27 -44
44 -28 -31
44 -28 -34
44 -28 -36
44 -28 -38
44 -29 -33
44 -29 -38
44 -30 -16
44 -30 -33
44 -30 -37
44 -31 0
44 -31 -5
44 -31 -28
44 -32 -17
44 -32 -18
44 -32 -23
44 -33 -1
44 -34 -21
44 -35 -8
44 -35 -16
44 -35 -17
44 -37 -11
44 -38 -25
44 -39 -6
44 -39 -12
44 -41 -42
44 -42 -31
44 -42 -42
44 -42 -45
44 -43 -12
44 -44 -23
44 -44 -24
44 -44 -34
45 0 -1
45 0 -45
45 -2 -10
45 -2 -21
45 -2 -45
45 -3 -25
45 -4 -31
45 -6 -2
45 -8 -42
45 -9 -20
45 -9 -41
45 -9 -45
45 -10 -26
45 -11 -15
45 -12 -9
45 -13 -7
45 -13 -9
45 -13 -24
45 -14 -34
45 -15 -7
45 -17 -1
45 -17 -14
45 -18 -21
45 -18 -31
45 -19 -25
45 -20 -41
45 -21 -36
45 -22 -36
45 -24 -8
45 -24 -24
45 -25 -31
45 -25 -37
45 -25 -38
45 -26 -33
45 -26 -43
45 -27 -26
45 -27 -43
45 -27 -44
45 -28 -31
45 -28 -34
45 -28 -36
45 -28 -38
45 -29 -33
45 -29 -38
45 -30 -16
45 -30 -33
45 -30 -37
45 -31 0
45 -31 -5
45 -31 -28
45 -32 -17
45 -32 -18
45 -32 -23
45 -33 -1
45 -34 -21
45 -35 -8
45 -35 -16
45 -35 -17
45 -37 -11
45 -38 -25
45 -39 -6
45 -39 -12
45 -41 -42
45 -42 -31
45 -42 -42
45 -42 -45
45 -43 -12
45 -44 -23
45 -44 -24
45 -44 -34
46 0 -1
46 0 -45
46 -2 -10
46 -2 -21
46 -2 -45
46 -3 -25
46 -4 -31
46 -6 -2
46 -8 -42
46 -9 -20
46 -9 -41
46 -9 -45
46 -10 -26
46 -11 -15
46 -12 -9
46 -13 -7
46 -13 -9
46 -13 -24
46 -14 -34
46 -15 -7
46 -17 -1
46 -17 -14
46 -18 -21
46 -18 -31
46 -19 -25
46 -20 -41
46 -21 -36
46 -22 -36
46 -24 -8
46 -24 -24
46 -25 -31
46 -25 -37
46 -25 -38
46 -26 -33
46 -26 -43
46 -27 -26
46 -27 -43
46 -27 -44
46 -28 -31
46 -28 -34
46 -28 -36
46 -28 -38
46 -29 -33
46 -29 -38
46 -30 -16
46 -30 -33
46 -30 -37
46 -31 0
46 -31 -5
46 -31 -28
46 -32 -17
46 -32 -18
46 -32 -23
46 -33 -1
46 -34 -21
46 -35 -8
46 -35 -16
46 -35 -17
46 -37 -11
46 -38 -25
46 -39 -6
46 -39 -12
46 -41 -42
46 -42 -31
46 -42 -42
46 -42 -45
46 -43 -12
46 -44 -23
46 -44 -24
46 -44 -34
47 0 -1
47 0 -45
47 -2 -10
47 -2 -21
47 -2 -45
47 -3 -25
47 -4 -31
47 -6 -2
47 -8 -42
47 -9 -20
47 -9 -41
47 -9 -45
47 -10 -26
47 -11 -15
47 -12 -9
47 -13 -7
47 -13 -9
47 -13 -24
47 -14 -34
47 -15 -7
47 -17 -1
47 -17 -14
47 -18 -21
47 -18 -31
47 -19 -25
47 -20 -41
47 -21 -36
47 -22 -36
47 -24 -8
47 -24 -24
47 -25 -31
47 -25 -37
47 -25 -38
47 -26 -33
47 -26 -43
47 -27 -26
47 -27 -43
47 -27 -44
47 -28 -31
47 -28 -34
47 -28 -36
47 -28 -38
47 -29 -33
47 -29 -38
47 -30 -16
47 -30 -33
47 -30 -37
47 -31 0
47 -31 -5
47 -31 -28
47 -32 -17
47 -32 -18
47 -32 -23
47 -33 -1
47 -34 -21
47 -35 -8
47 -35 -16
47 -35 -17
47 -37 -11
47 -38 -25
47 -39 -6
47 -39 -12
47 -41 -42
47 -42 -31
47 -42 -42
47 -42 -45
47 -43 -12
47 -44 -23
47 -44 -24
47 -44 -34
48 0 -1
48 0 -45
48 -2 -10
48 -2 -21
48 -2 -45
48 -3 -25
48 -4 -31
48 -6 -2
48 -8 -42
48 -9 -20
48 -9 -41
48 -9 -45
48 -10 -26
48 -11 -15
48 -12 -9
48 -13 -7
48 -13 -9
48 -13 -24
48 -14 -34
48 -15 -7
48 -17 -1
48 -17 -14
48 -18 -21
48 -18 -31
48 -19 -25
48 -20 -41
48 -21 -36
48 -22 -36
48 -24 -8
48 -24 -24
48 -25 -31
48 -25 -37
48 -25 -38
48 -26 -33
48 -26 -43
48 -27 -26
48 -27 -43
48 -27 -44
48 -28 -31
48 -28 -34
48 -28 -36
48 -28 -38
48 -29 -33
48 -29 -38
48 -30 -16
48 -30 -33
48 -30 -37
48 -31 0
48 -31 -5
48 -31 -28
48 -32 -17
48 -32 -18
48 -32 -23
48 -33 -1
48 -34 -21
48 -35 -8
48 -35 -16
48 -35 -17
48 -37 -11
48 -38 -25
48 -39 -6
48 -39 -12
48 -41 -42
48 -42 -31
48 -42 -42
48 -42 -45
48 -43 -12
48 -44 -23
48 -44 -24
48 -44 -34
49 0 -1
49 0 -45
49 -2 -10
49 -2 -21
49 -2 -45
49 -3 -25
49 -4 -31
49 -6 -2
49 -8 -42
49 -9 -20
49 -9 -41
49 -9 -45
49 -10 -26
49 -11 -15
49 -12 -9
49 -13 -7
49 -13 -9
49 -13 -24
49 -14 -34
49 -15 -7
49 -17 -1
49 -17 -14
49 -18 -21
49 -18 -31
49 -19 -25
49 -20 -41
49 -21 -36
49 -22 -36
49 -24 -8
49 -24 -24
49 -25 -31
49 -25 -37
49 -25 -38
49 -26 -33
49 -26 -43
49 -27 -26
49 -27 -43
49 -27 -44
49 -28 -31
49 -28 -34
49 -28 -36
49 -28 -38
49 -29 -33
49 -29 -38
49 -30 -16
49 -30 -33
49 -30 -37
49 -31 0
49 -31 -5
49 -31 -28
49 -32 -17
49 -32 -18
49 -32 -23
49 -33 -1
49 -34 -21
49 -35 -8
49 -35 -16
49 -35 -17
49 -37 -11
49 -38 -25
49 -39 -6
49 -39 -12
49 -41 -42
49 -42 -31
49 -42 -42
49 -42 -45
49 -43 -12
49 -44 -23
49 -44 -24
49 -44 -34
50 0 -1
50 0 -45
50 -2 -10
50 -2 -21
50 -2 -45
50 -3 -25
50 -4 -31
50 -6 -2
50 -8 -42
50 -9 -20
50 -9 -41
50 -9 -45
50 -10 -26
50 -11 -15
50 -12 -9
50 -13 -7
50 -13 -9
50 -13 -24
50 -14 -34
50 -15 -7
50 -17 -1
50 -17 -14
50 -18 -21
50 -18 -31
50 -19 -25
50 -20 -41
50 -21 -36
50 -22 -36
50 -24 -8
50 -24 -24
50 -25 -31
50 -25 -37
50 -25 -38
50 -26 -33
50 -26 -43
50 -27 -26
50 -27 -43
50 -27 -44
50 -28 -31
50 -28 -34
50 -28 -36
50 -28 -38
50 -29 -33
50 -29 -38
50 -30 -16
50 -30 -33
50 -30 -37
50 -31 0
50 -31 -5
50 -31 -28
50 -32 -17
50 -32 -18
50 -32 -23
50 -33 -1
50 -34 -21
50 -35 -8
50 -35 -16
50 -35 -17
50 -37 -11
50 -38 -25
50 -39 -6
50 -39 -12
50 -41 -42
50 -42 -31
50 -42 -42
50 -42 -45
50 -43 -12
50 -44 -23
50 -44 -24
50 -44 -34
51 0 -1
51 0 -45
51 -2 -10
51 -2 -21
51 -2 -45
51 -3 -25
51 -4 -31
51 -6 -2
51 -8 -42
51 -9 -20
51 -9 -41
51 -9 -45
51 -10 -26
51 -11 -15
51 -12 -9
51 -13 -7
51 -13 -9
51 -13 -24
51 -14 -34
51 -15 -7
51 -17 -1
51 -17 -14
51 -18 -21
51 -18 -31
51 -19 -25
51 -20 -41
51 -21 -36
51 -22 -36
51 -24 -8
51 -24 -24
51 -25 -31
51 -25 -37
51 -25 -38
51 -26 -33
51 -26 -43
51 -27 -26
51 -27 -43
51 -27 -44
51 -28 -31
51 -28 -34
51 -28 -36
51 -28 -38
51 -29 -33
51 -29 -38
51 -30 -16
51 -30 -33
51 -30 -37
51 -31 0
51 -31 -5
51 -31 -28
51 -32 -17
51 -32 -18
51 -32 -23
51 -33 -1
51 -34 -21
51 -35 -8
51 -35 -16
51 -35 -17
51 -37 -11
51 -38 -25
51 -39 -6
51 -39 -12
51 -41 -42
51 -42 -31
51 -42 -42
51 -42 -45
51 -43 -12
51 -44 -23
51 -44 -24
51 -44 -34
52 0 -1
52 0 -45
52 -2 -10
52 -2 -21
52 -2 -45
52 -3 -25
52 -4 -31
52 -6 -2
52 -8 -42
52 -9 -20
52 -9 -41
52 -9 -45
52 -10 -26
52 -11 -15
52 -12 -9
52 -13 -7
52 -13 -9
52 -13 -24
52 -14 -34
52 -15 -7
52 -17 -1
52 -17 -14
52 -18 -21
52 -18 -31
52 -19 -25
52 -20 -41
52 -21 -36
52 -22 -36
52 -24 -8
52 -24 -24
52 -25 -31
52 -25 -37
52 -25 -38
52 -26 -33
52 -26 -43
52 -27 -26
52 -27 -43
52 -27 -44
52 -28 -31
52 -28 -34
52 -28 -36
52 -28 -38
52 -29 -33
52 -29 -38
52 -30 -16
52 -30 -33
52 -30 -37
52 -31 0
52 -31 -5
52 -31 -28
52 -32 -17
52 -32 -18
52 -32 -23
52 -33 -1
52 -34 -21
52 -35 -8
52 -35 -16
52 -35 -17
52 -37 -11
52 -38 -25
52 -39 -6
52 -39 -12
52 -41 -42
52 -42 -31
52 -42 -42
52 -42 -45
52 -43 -12
52 -44 -23
52 -44 -24
52 -44 -34
53 0 -1
53 0 -45
53 -2 -10
53 -2 -21
53 -2 -45
53 -3 -25
53 -4 -31
53 -6 -2
53 -8 -42
53 -9 -20
53 -9 -41
53 -9 -45
53 -10 -26
53 -11 -15
53 -12 -9
53 -13 -7
53 -13 -9
53 -13 -24
53 -14 -34
53 -15 -7
53 -17 -1
53 -17 -14
53 -18 -21
53 -18 -31
53 -19 -25
53 -20 -41
53 -21 -36
53 -22 -36
53 -24 -8
53 -24 -24
53 -25 -31
53 -25 -37
53 -25 -38
53 -26 -33
53 -26 -43
53 -27 -26
53 -27 -43
53 -27 -44
53 -28 -31
53 -28 -34
53 -28 -36
53 -28 -38
53 -29 -33
53 -29 -38
53 -30 -16
53 -30 -33
53 -30 -37
53 -31 0
53 -31 -5
53 -31 -28
53 -32 -17
53 -32 -18
53 -32 -23
53 -33 -1
53 -34 -21
53 -35 -8
53 -35 -16
53 -35 -17
53 -37 -11
53 -38 -25
53 -39 -6
53 -39 -12
53 -41 -42
53 -42 -31
53 -42 -42
53 -42 -45
53 -43 -12
53 -44 -23
53 -44 -24
53 -44 -34
54 0 -1
54 0 -45
54 -2 -10
54 -2 -21
54 -2 -45
54 -3 -25
54 -4 -31
54 -6 -2
54 -8 -42
54 -9 -20
54 -9 -41
54 -9 -45
54 -10 -26
54 -11 -15
54 -12 -9
54 -13 -7
54 -13 -9
54 -13 -24
54 -14 -34
54 -15 -7
54 -17 -1
54 -17 -14
54 -18 -21
54 -18 -31
54 -19 -25
54 -20 -41
54 -21 -36
54 -22 -36
54 -24 -8
54 -24 -24
54 -25 -31
54 -25 -37
54 -25 -38
54 -26 -33
54 -26 -43
54 -27 -26
54 -27 -43
54 -27 -44
54 -28 -31
54 -28 -34
54 -28 -36
54 -28 -38
54 -29 -33
54 -29 -38
54 -30 -16
54 -30 -33
54 -30 -37
54 -31 0
54 -31 -5
54 -31 -28
54 -32 -17
54 -32 -18
54 -32 -23
54 -33 -1
54 -34 -21
54 -35 -8
54 -35 -16
54 -35 -17
54 -37 -11
54 -38 -25
54 -39 -6
54 -39 -12
54 -41 -42
54 -42 -31
54 -42 -42
54 -42 -45
54 -43 -12
54 -44 -23
54 -44 -24
54 -44 -34
55 0 -1
55 0 -45
55 -2 -10
55 -2 -21
55 -2 -45
55 -3 -25
55 -4 -31
55 -6 -2
55 -8 -42
55 -9 -20
55 -9 -41
55 -9 -45
55 -10 -26
55 -11 -15
55 -12 -9
55 -13 -7
55 -13 -9
55 -13 -24
55 -14 -34
55 -15 -7
55 -17 -1
55 -17 -14
55 -18 -21
55 -18 -31
55 -19 -25
55 -20 -41
55 -21 -36
55 -22 -36
55 -24 -8
55 -24 -24
55 -25 -31
55 -25 -37
55 -25 -38
55 -26 -33
55 -26 -43
55 -27 -26
55 -27 -43
55 -27 -44
55 -28 -31
55 -28 -34
55 -28 -36
55 -28 -38
55 -29 -33
55 -29 -38
55 -30 -16
55 -30 -33
55 -30 -37
55 -31 0
55 -31 -5
55 -31 -28
55 -32 -17
55 -32 -18
55 -32 -23
55 -33 -1
55 -34 -21
55 -35 -8
55 -35 -16
55 -35 -17
55 -37 -11
55 -38 -25
55 -39 -6
55 -39 -12
55 -41 -42
55 -42 -31
55 -42 -42
55 -42 -45
55 -43 -12
55 -44 -23
55 -44 -24
55 -44 -34
56 0 -1
56 0 -45
56 -2 -10
56 -2 -21
56 -2 -45
56 -3 -25
56 -4 -31
56 -6 -2
56 -8 -42
56 -9 -20
56 -9 -41
56 -9 -45
56 -10 -26
56 -11 -15
56 -12 -9
56 -13 -7
56 -13 -9
56 -13 -24
56 -14 -34
56 -15 -7
56 -17 -1
56 -17 -14
56 -18 -21
56 -18 -31
56 -19 -25
56 -20 -41
56 -21 -36
56 -22 -36
56 -24 -8
56 -24 -24
56 -25 -31
56 -25 -37
56 -25 -38
56 -26 -33
56 -26 -43
56 -27 -26
56 -27 -43
56 -27 -44
56 -28 -31
56 -28 -34
56 -28 -36
56 -28 -38
56 -29 -33
56 -29 -38
56 -30 -16
56 -30 -33
56 -30 -37
56 -31 0
56 -31 -5
56 -31 -28
56 -32 -17
56 -32 -18
56 -32 -23
56 -33 -1
56 -34 -21
56 -35 -8
56 -35 -16
56 -35 -17
56 -37 -11
56 -38 -25
56 -39 -6
56 -39 -12
56 -41 -42
56 -42 -31
56 -42 -42
56 -42 -45
56 -43 -12
56 -44 -23
56 -44 -24
56 -44 -34
57 0 -1
57 0 -45
57 -2 -10
57 -2 -21
57 -2 -45
57 -3 -25
57 -4 -31
57 -6 -2
57 -8 -42
57 -9 -20
57 -9 -41
57 -9 -45
57 -10 -26
57 -11 -15
57 -12 -9
57 -13 -7
57 -13 -9
57 -13 -24
57 -14 -34
57 -15 -7
57 -17 -1
57 -17 -14
57 -18 -21
57 -18 -31
57 -19 -25
57 -20 -41
57 -21 -36
57 -22 -36
57 -24 -8
57 -24 -24
57 -25 -31
57 -25 -37
57 -25 -38
57 -26 -33
57 -26 -43
57 -27 -26
57 -27 -43
57 -27 -44
57 -28 -31
57 -28 -34
57 -28 -36
57 -28 -38
57 -29 -33
57 -29 -38
57 -30 -16
57 -30 -33
57 -30 -37
57 -31 0
57 -31 -5
57 -31 -28
57 -32 -17
57 -32 -18
57 -32 -23
57 -33 -1
57 -34 -21
57 -35 -8
57 -35 -16
57 -35 -17
57 -37 -11
57 -38 -25
57 -39 -6
57 -39 -12
57 -41 -42
57 -42 -31
57 -42 -42
57 -42 -45
57 -43 -12
57 -44 -23
57 -44 -24
57 -44 -34
58 0 -1
58 0 -45
58 -2 -10
58 -2 -21
58 -2 -45
58 -3 -25
58 -4 -31
58 -6 -2
58 -8 -42
58 -9 -20
58 -9 -41
58 -9 -45
58 -10 -26
58 -11 -15
58 -12 -9
58 -13 -7
58 -13 -9
58 -13 -24
58 -14 -34
58 -15 -7
58 -17 -1
58 -17 -14
58 -18 -21
58 -18 -31
58 -19 -25
58 -20 -41
58 -21 -36
58 -22 -36
58 -24 -8
58 -24 -24
58 -25 -31
58 -25 -37
58 -25 -38
58 -26 -33
58 -26 -43
58 -27 -26
58 -27 -43
58 -27 -44
58 -28 -31
58 -28 -34
58 -28 -36
58 -28 -38
58 -29 -33
58 -29 -38
58 -30 -16
58 -30 -33
58 -30 -37
58 -31 0
58 -31 -5
58 -31 -28
58 -32 -17
58 -32 -18
58 -32 -23
58 -33 -1
58 -34 -21
58 -35 -8
58 -35 -16
58 -35 -17
58 -37 -11
58 -38 -25
58 -39 -6
58 -39 -12
58 -41 -42
58 -42 -31
58 -42 -42
58 -42 -45
58 -43 -12
58 -44 -23
58 -44 -24
58 -44 -34
59 0 -1
59 0 -45
59 -2 -10
59 -2 -21
59 -2 -45
59 -3 -25
59 -4 -31
59 -6 -2
59 -8 -42
59 -9 -20
59 -9 -41
59 -9 -45
59 -10 -26
59 -11 -15
59 -12 -9
59 -13 -7
59 -13 -9
59 -13 -24
59 -14 -34
59 -15 -7
59 -17 -1
59 -17 -14
59 -18 -21
59 -18 -31
59 -19 -25
59 -20 -41
59 -21 -36
59 -22 -36
59 -24 -8
59 -24 -24
59 -25 -31
59 -25 -37
59 -25 -38
59 -26 -33
59 -26 -43
59 -27 -26
59 -27 -43
59 -27 -44
59 -28 -31
59 -28 -34
59 -28 -36
59 -28 -38
59 -29 -33
59 -29 -38
59 -30 -16
59 -30 -33
59 -30 -37
59 -31 0
59 -31 -5
59 -31 -28
59 -32 -17
59 -32 -18
59 -32 -23
59 -33 -1
59 -34 -21
59 -35 -8
59 -35 -16
59 -35 -17
59 -37 -11
59 -38 -25
59 -39 -6
59 -39 -12
59 -41 -42
59 -42 -31
59 -42 -42
59 -42 -45
59 -43 -12
59 -44 -23
59 -44 -24
59 -44 -34
60 0 -1
60 0 -45
60 -2 -10
60 -2 -21
60 -2 -45
60 -3 -25
60 -4 -31
60 -6 -2
60 -8 -42
60 -9 -20
60 -9 -41
60 -9 -45
60 -10 -26
60 -11 -15
60 -12 -9
60 -13 -7
60 -13 -9
60 -13 -24
60 -14 -34
60 -15 -7
60 -17 -1
60 -17 -14
60 -18 -21
60 -18 -31
60 -19 -25
60 -20 -41
60 -21 -36
60 -22 -36
60 -24 -8
60 -24 -24
60 -25 -31
60 -25 -37
60 -25 -38
60 -26 -33
60 -26 -43
60 -27 -26
60 -27 -43
60 -27 -44
60 -28 -31
60 -28 -34
60 -28 -36
60 -28 -38
60 -29 -33
60 -29 -38
60 -30 -16
60 -30 -33
60 -30 -37
60 -31 0
60 -31 -5
60 -31 -28
60 -32 -17
60 -32 -18
60 -32 -23
60 -33 -1
60 -34 -21
60 -35 -8
60 -35 -16
60 -35 -17
60 -37 -11
60 -38 -25
60 -39 -6
60 -39 -12
60 -41 -42
60 -42 -31
60 -42 -42
60 -42 -45
60 -43 -12
60 -44 -23
60 -44 -24
60 -44 -34
61 0 -1
61 0 -45
61 -2 -10
61 -2 -21
61 -2 -45
61 -3 -25
61 -4 -31
61 -6 -2
61 -8 -42
61 -9 -20
61 -9 -41
61 -9 -45
61 -10 -26
61 -11 -15
61 -12 -9
61 -13 -7
61 -13 -9
61 -13 -24
61 -14 -34
61 -15 -7
61 -17 -1
61 -17 -14
61 -18 -21
61 -18 -31
61 -19 -25
61 -20 -41
61 -21 -36
61 -22 -36
61 -24 -8
61 -24 -24
61 -25 -31
61 -25 -37
61 -25 -38
61 -26 -33
61 -26 -43
61 -27 -26
61 -27 -43
61 -27 -44
61 -28 -31
61 -28 -34
61 -28 -36
61 -28 -38
61 -29 -33
61 -29 -38
61 -30 -16
61 -30 -33
61 -30 -37
61 -31 0
61 -31 -5
61 -31 -28
61 -32 -17
61 -32 -18
61 -32 -23
61 -33 -1
61 -34 -21
61 -35 -8
61 -35 -16
61 -35 -17
61 -37 -11
61 -38 -25
61 -39 -6
61 -39 -12
61 -41 -42
61 -42 -31
61 -42 -42
61 -42 -45
61 -43 -12
61 -44 -23
61 -44 -24
61 -44 -34
62 0 -1
62 0 -45
62 -2 -10
62 -2 -21
62 -2 -45
62 -3 -25
62 -4 -31
62 -6 -2
62 -8 -42
62 -9 -20
62 -9 -41
62 -9 -45
62 -10 -26
62 -11 -15
62 -12 -9
62 -13 -7
62 -13 -9
62 -13 -24
62 -14 -34
62 -15 -7
62 -17 -1
62 -17 -14
62 -18 -21
62 -18 -31
62 -19 -25
62 -20 -41
62 -21 -36
62 -22 -36
62 -24 -8
62 -24 -24
62 -25 -31
62 -25 -37
62 -25 -38
62 -26 -33
62 -26 -43
62 -27 -26
62 -27 -43
62 -27 -44
62 -28 -31
62 -28 -34
62 -28 -36
62 -28 -38
62 -29 -33
62 -29 -38
62 -30 -16
62 -30 -33
62 -30 -37
62 -31 0
62 -31 -5
62 -31 -28
62 -32 -17
62 -32 -18
62 -32 -23
62 -33 -1
62 -34 -21
62 -35 -8
62 -35 -16
62 -35 -17
62 -37 -11
62 -38 -25
62 -39 -6
62 -39 -12
62 -41 -42
62 -42 -31
62 -42 -42
62 -42 -45
62 -43 -12
62 -44 -23
62 -44 -24
62 -44 -34
63 0 -1
63 0 -45
63 -2 -10
63 -2 -21
63 -2 -45
63 -3 -25
63 -4 -31
63 -6 -2
63 -8 -42
63 -9 -20
63 -9 -41
63 -9 -45
63 -10 -26
63 -11 -15
63 -12 -9
63 -13 -7
63 -13 -9
63 -13 -24
63 -14 -34
63 -15 -7
63 -17 -1
63 -17 -14
63 -18 -21
63 -18 -31
63 -19 -25
63 -20 -41
63 -21 -36
63 -22 -36
63 -24 -8
63 -24 -24
63 -25 -31
63 -25 -37
63 -25 -38
63 -26 -33
63 -26 -43
63 -27 -26
63 -27 -43
63 -27 -44
63 -28 -31
63 -28 -34
63 -28 -36
63 -28 -38
63 -29 -33
63 -29 -38
63 -30 -16
63 -30 -33
63 -30 -37
63 -31 0
63 -31 -5
63 -31 -28
63 -32 -17
63 -32 -18
63 -32 -23
63 -33 -1
63 -34 -21
63 -35 -8
63 -35 -16
63 -35 -17
63 -37 -11
63 -38 -25
63 -39 -6
63 -39 -12
63 -41 -42
63 -42 -31
63 -42 -42
63 -42 -45
63 -43 -12
63 -44 -23
63 -44 -24
63 -44 -34
64 0 -1
64 0 -45
64 -2 -10
64 -2 -21
64 -2 -45
64 -3 -25
64 -4 -31
64 -6 -2
64 -8 -42
64 -9 -20
64 -9 -41
64 -9 -45
64 -10 -26
64 -11 -15
64 -12 -9
64 -13 -7
64 -13 -9
64 -13 -24
64 -14 -34
64 -15 -7
64 -17 -1
64 -17 -14
64 -18 -21
64 -18 -31
64 -19 -25
64 -20 -41
64 -21 -36
64 -22 -36
64 -24 -8
64 -24 -24
64 -25 -31
64 -25 -37
64 -25 -38
64 -26 -33
64 -26 -43
64 -27 -26
64 -27 -43
64 -27 -44
64 -28 -31
64 -28 -34
64 -28 -36
64 -28 -38
64 -29 -33
64 -29 -38
64 -30 -16
64 -30 -33
64 -30 -37
64 -31 0
64 -31 -5
64 -31 -28
64 -32 -17
64 -32 -18
64 -32 -23
64 -33 -1
64 -34 -21
64 -35 -8
64 -35 -16
64 -35 -17
64 -37 -11
64 -38 -25
64 -39 -6
64 -39 -12
64 -41 -42
64 -42 -31
64 -42 -42
64 -42 -45
64 -43 -12
64 -44 -23
64 -44 -24
64 -44 -34
65 0 -1
65 0 -45
65 -2 -10
65 -2 -21
65 -2 -45
65 -3 -25
65 -4 -31
65 -6 -2
65 -8 -42
65 -9 -20
65 -9 -41
65 -9 -45
65 -10 -26
65 -11 -15
65 -12 -9
65 -13 -7
65 -13 -9
65 -13 -24
65 -14 -34
65 -15 -7
65 -17 -1
65 -17 -14
65 -18 -21
65 -18 -31
65 -19 -25
65 -20 -41
65 -21 -36
65 -22 -36
65 -24 -8
65 -24 -24
65 -25 -31
65 -25 -37
65 -25 -38
65 -26 -33
65 -26 -43
65 -27 -26
65 -27 -43
65 -27 -44
65 -28 -31
65 -28 -34
65 -28 -36
65 -28 -38
65 -29 -33
65 -29 -38
65 -30 -16
65 -30 -33
65 -30 -37
65 -31 0
65 -31 -5
65 -31 -28
65 -32 -17
65 -32 -18
65 -32 -23
65 -33 -1
65 -34 -21
65 -35 -8
65 -35 -16
65 -35 -17
65 -37 -11
65 -38 -25
65 -39 -6
65 -39 -12
65 -41 -42
65 -42 -31
65 -42 -42
65 -42 -45
65 -43 -12
65 -44 -23
65 -44 -24
65 -44 -34
66 0 -1
66 0 -45
66 -2 -10
66 -2 -21
66 -2 -45
66 -3 -25
66 -4 -31
66 -6 -2
66 -8 -42
66 -9 -20
66 -9 -41
66 -9 -45
66 -10 -26
66 -11 -15
66 -12 -9
66 -13 -7
66 -13 -9
66 -13 -24
66 -14 -34
66 -15 -7
66 -17 -1
66 -17 -14
66 -18 -21
66 -18 -31
66 -19 -25
66 -20 -41
66 -21 -36
66 -22 -36
66 -24 -8
66 -24 -24
66 -25 -31
66 -25 -37
66 -25 -38
66 -26 -33
66 -26 -43
66 -27 -26
66 -27 -43
66 -27 -44
66 -28 -31
66 -28 -34
66 -28 -36
66 -28 -38
66 -29 -33
66 -29 -38
66 -30 -16
66 -30 -33
66 -30 -37
66 -31 0
66 -31 -5
66 -31 -28
66 -32 -17
66 -32 -18
66 -32 -23
66 -33 -1
66 -34 -21
66 -35 -8
66 -35 -16
66 -35 -17
66 -37 -11
66 -38 -25
66 -39 -6
66 -39 -12
66 -41 -42
66 -42 -31
66 -42 -42
66 -42 -45
66 -43 -12
66 -44 -23
66 -44 -24
66 -44 -34
67 0 -1
67 0 -45
67 -2 -10
67 -2 -21
67 -2 -45
67 -3 -25
67 -4 -31
67 -6 -2
67 -8 -42
67 -9 -20
67 -9 -41
67 -9 -45
67 -10 -26
67 -11 -15
67 -12 -9
67 -13 -7
67 -13 -9
67 -13 -24
67 -14 -34
67 -15 -7
67 -17 -1
67 -17 -14
67 -18 -21
67 -18 -31
67 -19 -25
67 -20 -41
67 -21 -36
67 -22 -36
67 -24 -8
67 -24 -24
67 -25 -31
67 -25 -37
67 -25 -38
67 -26 -33
67 -26 -43
67 -27 -26
67 -27 -43
67 -27 -44
67 -28 -31
67 -28 -34
67 -28 -36
67 -28 -38
67 -29 -33
67 -29 -38
67 -30 -16
67 -30 -33
67 -30 -37
67 -31 0
67 -31 -5
67 -31 -28
67 -32 -17
67 -32 -18
67 -32 -23
67 -33 -1
67 -34 -21
67 -35 -8
67 -35 -16
67 -35 -17
67 -37 -11
67 -38 -25
67 -39 -6
67 -39 -12
67 -41 -42
67 -42 -31
67 -42 -42
67 -42 -45
67 -43 -12
67 -44 -23
67 -44 -24
67 -44 -34
68 0 -1
68 0 -45
68 -2 -10
68 -2 -21
68 -2 -45
68 -3 -25
68 -4 -31
68 -6 -2
68 -8 -42
68 -9 -20
68 -9 -41
68 -9 -45
68 -10 -26
68 -11 -15
68 -12 -9
68 -13 -7
68 -13 -9
68 -13 -24
68 -14 -34
68 -15 -7
68 -17 -1
68 -17 -14
68 -18 -21
68 -18 -31
68 -19 -25
68 -20 -41
68 -21 -36
68 -22 -36
68 -24 -8
68 -24 -24
68 -25 -31
68 -25 -37
68 -25 -38
68 -26 -33
68 -26 -43
68 -27 -26
68 -27 -43
68 -27 -44
68 -28 -31
68 -28 -34
68 -28 -36
68 -28 -38
68 -29 -33
68 -29 -38
68 -30 -16
68 -30 -33
68 -30 -37
68 -31 0
68 -31 -5
68 -31 -28
68 -32 -17
68 -32 -18
68 -32 -23
68 -33 -1
68 -34 -21
68 -35 -8
68 -35 -16
68 -35 -17
68 -37 -11
68 -38 -25
68 -39 -6
68 -39 -12
68 -41 -42
68 -42 -31
68 -42 -42
68 -42 -45
68 -43 -12
68 -44 -23
68 -44 -24
68 -44 -34
69 0 -1
69 0 -45
69 -2 -10
69 -2 -21
69 -2 -45
69 -3 -25
69 -4 -31
69 -6 -2
69 -8 -42
69 -9 -20
69 -9 -41
69 -9 -45
69 -10 -26
69 -11 -15
69 -12 -9
69 -13 -7
69 -13 -9
69 -13 -24
69 -14 -34
69 -15 -7
69 -17 -1
69 -17 -14
69 -18 -21
69 -18 -31
69 -19 -25
69 -20 -41
69 -21 -36
69 -22 -36
69 -24 -8
69 -24 -24
69 -25 -31
69 -25 -37
69 -25 -38
69 -26 -33
69 -26 -43
69 -27 -26
69 -27 -43
69 -27 -44
69 -28 -31
69 -28 -34
69 -28 -36
69 -28 -38
69 -29 -33
69 -29 -38
69 -30 -16
69 -30 -33
69 -30 -37
69 -31 0
69 -31 -5
69 -31 -28
69 -32 -17
69 -32 -18
69 -32 -23
69 -33 -1
69 -34 -21
69 -35 -8
69 -35 -16
69 -35 -17
69 -37 -11
69 -38 -25
69 -39 -6
69 -39 -12
69 -41 -42
69 -42 -31
69 -42 -42
69 -42 -45
69 -43 -12
69 -44 -23
69 -44 -24
69 -44 -34
-1 -1 -1
3
10
0
6
7
9
31
5
4
11
2
19
12
26
29
14
13
36
22
1
23
33
34
45
21
16
32
41
20
30
57
18
17
39
49
8
47
24
65
15
27
37
28
25
62
38
50
42
59
67
52
58
56
53
46
35
55
40
60
54
66
61
43
48
64
63
69
51
68
44
  0.047205 seconds (132.61 k allocations: 4.360 MiB)
