950 0 0 0 0 0 0 0 0 0 0 0 0 0 0 0 0 0 0 0 0 0 0
0 0 0 0 0 0 0 0 0 0 0 0 0 0 0 0 0 0 0 0 0 0 0
0 0 0 0 0 0 0 0 0 0 0 0 0 0 0 0 0 0 0 0 0 0 0
0 0 0 0 0 0 0 0 0 0 0 0 0 0 0 0 0 0 0 0 0 0 0
0 0 0 0 0 0 0 0 0 0 0 0 0 0 0 0 0 0 0 0 0 0 0
0 0 0 0 0 0 0 0 0 0 0 0 0 0 0 0 0 0 0 0 0 0 0
0 0 0 0 0 0 0 0 0 0 0 0 0 0 0 0 0 0 0 0 0 0 0
0 0 0 0 0 0 0 0 0 0 0 0 0 0 0 0 0 0 0 0 0 0 0
0 0 0 0 0 0 0 0 0 0 0 0 0 0 0 0 0 0 0 0 0 0 0
0 0 0 0 0 0 0 0 0 0 0 0 0 0 0 0 0 0 0 0 0 0 0
0 0 0 0 0 0 0 0 0 0 0 0 0 0 0 0 0 0 0 0 0 0 0
0 0 0 0 0 0 0 0 0 0 0 0 0 0 0 0 0 0 0 0 0 0 0
0 0 0 0 0 0 0 0 0 0 0 0 0 0 0 0 0 0 0 0 0 0 0
0 0 0 0 0 0 0 0 0 0 0 0 0 0 0 0 0 0 0 0 0 0 0
0 0 0 0 0 0 0 0 0 0 0 0 0 0 0 0 0 0 0 0 0 0 0
0 0 0 0 0 0 0 0 0 0 0 0 0 0 0 0 0 0 0 0 0 0 0
0 0 0 0 0 0 0 0 0 0 0 0 0 0 0 0 0 0 0 0 0 0 0
0 0 0 0 0 0 0 0 0 0 0 0 0 0 0 0 0 0 0 0 0 0 0
0 0 0 0 0 0 0 0 0 0 0 0 0 0 0 0 0 0 0 0 0 0 0
0 0 0 0 0 0 0 0 0 0 0 0 0 0 0 0 0 0 0 0 0 0 0
0 0 0 0 0 0 0 0 0 0 0 0 0 0 0 0 0 0 0 0 0 0 0
0 0 0 0 0 0 0 0 0 0 0 0 0 0 0 0 0 0 0 0 0 0 0
0 0 0 0 0 0 0 0 0 0 0 0 0 0 0 0 0 0 0 0 0 0 0
0 0 -13
0 0 -15
0 -1 -8
0 -1 -11
0 -1 -22
0 -2 -9
0 -2 -20
0 -3 -11
0 -3 -12
0 -3 -21
0 -3 -22
0 -4 -20
0 -4 -22
0 -5 0
0 -5 -14
0 -6 0
0 -6 -8
0 -6 -9
0 -6 -12
0 -6 -17
0 -6 -19
0 -7 -1
0 -7 -9
0 -7 -14
0 -7 -15
0 -7 -18
0 -8 -9
0 -8 -14
0 -8 -15
0 -8 -18
0 -8 -22
0 -9 -18
0 -9 -21
0 -10 -2
0 -10 -3
0 -10 -9
0 -10 -19
0 -10 -21
0 -11 -3
0 -11 -4
0 -11 -5
0 -11 -7
0 -11 -8
0 -11 -15
0 -11 -17
0 -11 -19
0 -11 -20
0 -12 -1
0 -12 -5
0 -12 -6
0 -12 -10
0 -13 -9
0 -13 -17
0 -14 0
0 -14 -5
0 -14 -8
0 -15 0
0 -15 -6
0 -15 -11
0 -15 -12
0 -15 -13
0 -15 -17
0 -16 -4
0 -16 -6
0 -16 -8
0 -16 -14
0 -17 -7
0 -17 -20
0 -17 -22
0 -18 -5
0 -18 -6
0 -18 -8
0 -18 -11
0 -18 -14
0 -18 -15
0 -18 -20
0 -19 -6
0 -19 -9
0 -19 -21
0 -20 -3
0 -20 -7
0 -20 -10
0 -20 -12
0 -20 -20
0 -20 -22
0 -21 -11
0 -21 -19
0 -22 -3
0 -22 -5
0 -22 -15
0 -22 -16
0 -22 -17
0 -22 -19
0 -22 -22
1 0 -13
1 0 -15
1 -1 -8
1 -1 -11
1 -1 -22
1 -2 -9
1 -2 -20
1 -3 -11
1 -3 -12
1 -3 -21
1 -3 -22
1 -4 -20
1 -4 -22
1 -5 0
1 -5 -14
1 -6 0
1 -6 -8
1 -6 -9
1 -6 -12
1 -6 -17
1 -6 -19
1 -7 -1
1 -7 -9
1 -7 -14
1 -7 -15
1 -7 -18
1 -8 -9
1 -8 -14
1 -8 -15
1 -8 -18
1 -8 -22
1 -9 -18
1 -9 -21
1 -10 -2
1 -10 -3
1 -10 -9
1 -10 -19
1 -10 -21
1 -11 -3
1 -11 -4
1 -11 -5
1 -11 -7
1 -11 -8
1 -11 -15
1 -11 -17
1 -11 -19
1 -11 -20
1 -12 -1
1 -12 -5
1 -12 -6
1 -12 -10
1 -13 -9
1 -13 -17
1 -14 0
1 -14 -5
1 -14 -8
1 -15 0
1 -15 -6
1 -15 -11
1 -15 -12
1 -15 -13
1 -15 -17
1 -16 -4
1 -16 -6
1 -16 -8
1 -16 -14
1 -17 -7
1 -17 -20
1 -17 -22
1 -18 -5
1 -18 -6
1 -18 -8
1 -18 -11
1 -18 -14
1 -18 -15
1 -18 -20
1 -19 -6
1 -19 -9
1 -19 -21
1 -20 -3
1 -20 -7
1 -20 -10
1 -20 -12
1 -20 -20
1 -20 -22
1 -21 -11
1 -21 -19
1 -22 -3
1 -22 -5
1 -22 -15
1 -22 -16
1 -22 -17
1 -22 -19
1 -22 -22
2 0 -13
2 0 -15
2 -1 -8
2 -1 -11
2 -1 -22
2 -2 -9
2 -2 -20
2 -3 -11
2 -3 -12
2 -3 -21
2 -3 -22
2 -4 -20
2 -4 -22
2 -5 0
2 -5 -14
2 -6 0
2 -6 -8
2 -6 -9
2 -6 -12
2 -6 -17
2 -6 -19
2 -7 -1
2 -7 -9
2 -7 -14
2 -7 -15
2 -7 -18
2 -8 -9
2 -8 -14
2 -8 -15
2 -8 -18
2 -8 -22
2 -9 -18
2 -9 -21
2 -10 -2
2 -10 -3
2 -10 -9
2 -10 -19
2 -10 -21
2 -11 -3
2 -11 -4
2 -11 -5
2 -11 -7
2 -11 -8
2 -11 -15
2 -11 -17
2 -11 -19
2 -11 -20
2 -12 -1
2 -12 -5
2 -12 -6
2 -12 -10
2 -13 -9
2 -13 -17
2 -14 0
2 -14 -5
2 -14 -8
2 -15 0
2 -15 -6
2 -15 -11
2 -15 -12
2 -15 -13
2 -15 -17
2 -16 -4
2 -16 -6
2 -16 -8
2 -16 -14
2 -17 -7
2 -17 -20
2 -17 -22
2 -18 -5
2 -18 -6
2 -18 -8
2 -18 -11
2 -18 -14
2 -18 -15
2 -18 -20
2 -19 -6
2 -19 -9
2 -19 -21
2 -20 -3
2 -20 -7
2 -20 -10
2 -20 -12
2 -20 -20
2 -20 -22
2 -21 -11
2 -21 -19
2 -22 -3
2 -22 -5
2 -22 -15
2 -22 -16
2 -22 -17
2 -22 -19
2 -22 -22
3 0 -13
3 0 -15
3 -1 -8
3 -1 -11
3 -1 -22
3 -2 -9
3 -2 -20
3 -3 -11
3 -3 -12
3 -3 -21
3 -3 -22
3 -4 -20
3 -4 -22
3 -5 0
3 -5 -14
3 -6 0
3 -6 -8
3 -6 -9
3 -6 -12
3 -6 -17
3 -6 -19
3 -7 -1
3 -7 -9
3 -7 -14
3 -7 -15
3 -7 -18
3 -8 -9
3 -8 -14
3 -8 -15
3 -8 -18
3 -8 -22
3 -9 -18
3 -9 -21
3 -10 -2
3 -10 -3
3 -10 -9
3 -10 -19
3 -10 -21
3 -11 -3
3 -11 -4
3 -11 -5
3 -11 -7
3 -11 -8
3 -11 -15
3 -11 -17
3 -11 -19
3 -11 -20
3 -12 -1
3 -12 -5
3 -12 -6
3 -12 -10
3 -13 -9
3 -13 -17
3 -14 0
3 -14 -5
3 -14 -8
3 -15 0
3 -15 -6
3 -15 -11
3 -15 -12
3 -15 -13
3 -15 -17
3 -16 -4
3 -16 -6
3 -16 -8
3 -16 -14
3 -17 -7
3 -17 -20
3 -17 -22
3 -18 -5
3 -18 -6
3 -18 -8
3 -18 -11
3 -18 -14
3 -18 -15
3 -18 -20
3 -19 -6
3 -19 -9
3 -19 -21
3 -20 -3
3 -20 -7
3 -20 -10
3 -20 -12
3 -20 -20
3 -20 -22
3 -21 -11
3 -21 -19
3 -22 -3
3 -22 -5
3 -22 -15
3 -22 -16
3 -22 -17
3 -22 -19
3 -22 -22
4 0 -13
4 0 -15
4 -1 -8
4 -1 -11
4 -1 -22
4 -2 -9
4 -2 -20
4 -3 -11
4 -3 -12
4 -3 -21
4 -3 -22
4 -4 -20
4 -4 -22
4 -5 0
4 -5 -14
4 -6 0
4 -6 -8
4 -6 -9
4 -6 -12
4 -6 -17
4 -6 -19
4 -7 -1
4 -7 -9
4 -7 -14
4 -7 -15
4 -7 -18
4 -8 -9
4 -8 -14
4 -8 -15
4 -8 -18
4 -8 -22
4 -9 -18
4 -9 -21
4 -10 -2
4 -10 -3
4 -10 -9
4 -10 -19
4 -10 -21
4 -11 -3
4 -11 -4
4 -11 -5
4 -11 -7
4 -11 -8
4 -11 -15
4 -11 -17
4 -11 -19
4 -11 -20
4 -12 -1
4 -12 -5
4 -12 -6
4 -12 -10
4 -13 -9
4 -13 -17
4 -14 0
4 -14 -5
4 -14 -8
4 -15 0
4 -15 -6
4 -15 -11
4 -15 -12
4 -15 -13
4 -15 -17
4 -16 -4
4 -16 -6
4 -16 -8
4 -16 -14
4 -17 -7
4 -17 -20
4 -17 -22
4 -18 -5
4 -18 -6
4 -18 -8
4 -18 -11
4 -18 -14
4 -18 -15
4 -18 -20
4 -19 -6
4 -19 -9
4 -19 -21
4 -20 -3
4 -20 -7
4 -20 -10
4 -20 -12
4 -20 -20
4 -20 -22
4 -21 -11
4 -21 -19
4 -22 -3
4 -22 -5
4 -22 -15
4 -22 -16
4 -22 -17
4 -22 -19
4 -22 -22
5 0 -13
5 0 -15
5 -1 -8
5 -1 -11
5 -1 -22
5 -2 -9
5 -2 -20
5 -3 -11
5 -3 -12
5 -3 -21
5 -3 -22
5 -4 -20
5 -4 -22
5 -5 0
5 -5 -14
5 -6 0
5 -6 -8
5 -6 -9
5 -6 -12
5 -6 -17
5 -6 -19
5 -7 -1
5 -7 -9
5 -7 -14
5 -7 -15
5 -7 -18
5 -8 -9
5 -8 -14
5 -8 -15
5 -8 -18
5 -8 -22
5 -9 -18
5 -9 -21
5 -10 -2
5 -10 -3
5 -10 -9
5 -10 -19
5 -10 -21
5 -11 -3
5 -11 -4
5 -11 -5
5 -11 -7
5 -11 -8
5 -11 -15
5 -11 -17
5 -11 -19
5 -11 -20
5 -12 -1
5 -12 -5
5 -12 -6
5 -12 -10
5 -13 -9
5 -13 -17
5 -14 0
5 -14 -5
5 -14 -8
5 -15 0
5 -15 -6
5 -15 -11
5 -15 -12
5 -15 -13
5 -15 -17
5 -16 -4
5 -16 -6
5 -16 -8
5 -16 -14
5 -17 -7
5 -17 -20
5 -17 -22
5 -18 -5
5 -18 -6
5 -18 -8
5 -18 -11
5 -18 -14
5 -18 -15
5 -18 -20
5 -19 -6
5 -19 -9
5 -19 -21
5 -20 -3
5 -20 -7
5 -20 -10
5 -20 -12
5 -20 -20
5 -20 -22
5 -21 -11
5 -21 -19
5 -22 -3
5 -22 -5
5 -22 -15
5 -22 -16
5 -22 -17
5 -22 -19
5 -22 -22
6 0 -13
6 0 -15
6 -1 -8
6 -1 -11
6 -1 -22
6 -2 -9
6 -2 -20
6 -3 -11
6 -3 -12
6 -3 -21
6 -3 -22
6 -4 -20
6 -4 -22
6 -5 0
6 -5 -14
6 -6 0
6 -6 -8
6 -6 -9
6 -6 -12
6 -6 -17
6 -6 -19
6 -7 -1
6 -7 -9
6 -7 -14
6 -7 -15
6 -7 -18
6 -8 -9
6 -8 -14
6 -8 -15
6 -8 -18
6 -8 -22
6 -9 -18
6 -9 -21
6 -10 -2
6 -10 -3
6 -10 -9
6 -10 -19
6 -10 -21
6 -11 -3
6 -11 -4
6 -11 -5
6 -11 -7
6 -11 -8
6 -11 -15
6 -11 -17
6 -11 -19
6 -11 -20
6 -12 -1
6 -12 -5
6 -12 -6
6 -12 -10
6 -13 -9
6 -13 -17
6 -14 0
6 -14 -5
6 -14 -8
6 -15 0
6 -15 -6
6 -15 -11
6 -15 -12
6 -15 -13
6 -15 -17
6 -16 -4
6 -16 -6
6 -16 -8
6 -16 -14
6 -17 -7
6 -17 -20
6 -17 -22
6 -18 -5
6 -18 -6
6 -18 -8
6 -18 -11
6 -18 -14
6 -18 -15
6 -18 -20
6 -19 -6
6 -19 -9
6 -19 -21
6 -20 -3
6 -20 -7
6 -20 -10
6 -20 -12
6 -20 -20
6 -20 -22
6 -21 -11
6 -21 -19
6 -22 -3
6 -22 -5
6 -22 -15
6 -22 -16
6 -22 -17
6 -22 -19
6 -22 -22
7 0 -13
7 0 -15
7 -1 -8
7 -1 -11
7 -1 -22
7 -2 -9
7 -2 -20
7 -3 -11
7 -3 -12
7 -3 -21
7 -3 -22
7 -4 -20
7 -4 -22
7 -5 0
7 -5 -14
7 -6 0
7 -6 -8
7 -6 -9
7 -6 -12
7 -6 -17
7 -6 -19
7 -7 -1
7 -7 -9
7 -7 -14
7 -7 -15
7 -7 -18
7 -8 -9
7 -8 -14
7 -8 -15
7 -8 -18
7 -8 -22
7 -9 -18
7 -9 -21
7 -10 -2
7 -10 -3
7 -10 -9
7 -10 -19
7 -10 -21
7 -11 -3
7 -11 -4
7 -11 -5
7 -11 -7
7 -11 -8
7 -11 -15
7 -11 -17
7 -11 -19
7 -11 -20
7 -12 -1
7 -12 -5
7 -12 -6
7 -12 -10
7 -13 -9
7 -13 -17
7 -14 0
7 -14 -5
7 -14 -8
7 -15 0
7 -15 -6
7 -15 -11
7 -15 -12
7 -15 -13
7 -15 -17
7 -16 -4
7 -16 -6
7 -16 -8
7 -16 -14
7 -17 -7
7 -17 -20
7 -17 -22
7 -18 -5
7 -18 -6
7 -18 -8
7 -18 -11
7 -18 -14
7 -18 -15
7 -18 -20
7 -19 -6
7 -19 -9
7 -19 -21
7 -20 -3
7 -20 -7
7 -20 -10
7 -20 -12
7 -20 -20
7 -20 -22
7 -21 -11
7 -21 -19
7 -22 -3
7 -22 -5
7 -22 -15
7 -22 -16
7 -22 -17
7 -22 -19
7 -22 -22
8 0 -13
8 0 -15
8 -1 -8
8 -1 -11
8 -1 -22
8 -2 -9
8 -2 -20
8 -3 -11
8 -3 -12
8 -3 -21
8 -3 -22
8 -4 -20
8 -4 -22
8 -5 0
8 -5 -14
8 -6 0
8 -6 -8
8 -6 -9
8 -6 -12
8 -6 -17
8 -6 -19
8 -7 -1
8 -7 -9
8 -7 -14
8 -7 -15
8 -7 -18
8 -8 -9
8 -8 -14
8 -8 -15
8 -8 -18
8 -8 -22
8 -9 -18
8 -9 -21
8 -10 -2
8 -10 -3
8 -10 -9
8 -10 -19
8 -10 -21
8 -11 -3
8 -11 -4
8 -11 -5
8 -11 -7
8 -11 -8
8 -11 -15
8 -11 -17
8 -11 -19
8 -11 -20
8 -12 -1
8 -12 -5
8 -12 -6
8 -12 -10
8 -13 -9
8 -13 -17
8 -14 0
8 -14 -5
8 -14 -8
8 -15 0
8 -15 -6
8 -15 -11
8 -15 -12
8 -15 -13
8 -15 -17
8 -16 -4
8 -16 -6
8 -16 -8
8 -16 -14
8 -17 -7
8 -17 -20
8 -17 -22
8 -18 -5
8 -18 -6
8 -18 -8
8 -18 -11
8 -18 -14
8 -18 -15
8 -18 -20
8 -19 -6
8 -19 -9
8 -19 -21
8 -20 -3
8 -20 -7
8 -20 -10
8 -20 -12
8 -20 -20
8 -20 -22
8 -21 -11
8 -21 -19
8 -22 -3
8 -22 -5
8 -22 -15
8 -22 -16
8 -22 -17
8 -22 -19
8 -22 -22
9 0 -13
9 0 -15
9 -1 -8
9 -1 -11
9 -1 -22
9 -2 -9
9 -2 -20
9 -3 -11
9 -3 -12
9 -3 -21
9 -3 -22
9 -4 -20
9 -4 -22
9 -5 0
9 -5 -14
9 -6 0
9 -6 -8
9 -6 -9
9 -6 -12
9 -6 -17
9 -6 -19
9 -7 -1
9 -7 -9
9 -7 -14
9 -7 -15
9 -7 -18
9 -8 -9
9 -8 -14
9 -8 -15
9 -8 -18
9 -8 -22
9 -9 -18
9 -9 -21
9 -10 -2
9 -10 -3
9 -10 -9
9 -10 -19
9 -10 -21
9 -11 -3
9 -11 -4
9 -11 -5
9 -11 -7
9 -11 -8
9 -11 -15
9 -11 -17
9 -11 -19
9 -11 -20
9 -12 -1
9 -12 -5
9 -12 -6
9 -12 -10
9 -13 -9
9 -13 -17
9 -14 0
9 -14 -5
9 -14 -8
9 -15 0
9 -15 -6
9 -15 -11
9 -15 -12
9 -15 -13
9 -15 -17
9 -16 -4
9 -16 -6
9 -16 -8
9 -16 -14
9 -17 -7
9 -17 -20
9 -17 -22
9 -18 -5
9 -18 -6
9 -18 -8
9 -18 -11
9 -18 -14
9 -18 -15
9 -18 -20
9 -19 -6
9 -19 -9
9 -19 -21
9 -20 -3
9 -20 -7
9 -20 -10
9 -20 -12
9 -20 -20
9 -20 -22
9 -21 -11
9 -21 -19
9 -22 -3
9 -22 -5
9 -22 -15
9 -22 -16
9 -22 -17
9 -22 -19
9 -22 -22
10 0 -13
10 0 -15
10 -1 -8
10 -1 -11
10 -1 -22
10 -2 -9
10 -2 -20
10 -3 -11
10 -3 -12
10 -3 -21
10 -3 -22
10 -4 -20
10 -4 -22
10 -5 0
10 -5 -14
10 -6 0
10 -6 -8
10 -6 -9
10 -6 -12
10 -6 -17
10 -6 -19
10 -7 -1
10 -7 -9
10 -7 -14
10 -7 -15
10 -7 -18
10 -8 -9
10 -8 -14
10 -8 -15
10 -8 -18
10 -8 -22
10 -9 -18
10 -9 -21
10 -10 -2
10 -10 -3
10 -10 -9
10 -10 -19
10 -10 -21
10 -11 -3
10 -11 -4
10 -11 -5
10 -11 -7
10 -11 -8
10 -11 -15
10 -11 -17
10 -11 -19
10 -11 -20
10 -12 -1
10 -12 -5
10 -12 -6
10 -12 -10
10 -13 -9
10 -13 -17
10 -14 0
10 -14 -5
10 -14 -8
10 -15 0
10 -15 -6
10 -15 -11
10 -15 -12
10 -15 -13
10 -15 -17
10 -16 -4
10 -16 -6
10 -16 -8
10 -16 -14
10 -17 -7
10 -17 -20
10 -17 -22
10 -18 -5
10 -18 -6
10 -18 -8
10 -18 -11
10 -18 -14
10 -18 -15
10 -18 -20
10 -19 -6
10 -19 -9
10 -19 -21
10 -20 -3
10 -20 -7
10 -20 -10
10 -20 -12
10 -20 -20
10 -20 -22
10 -21 -11
10 -21 -19
10 -22 -3
10 -22 -5
10 -22 -15
10 -22 -16
10 -22 -17
10 -22 -19
10 -22 -22
11 0 -13
11 0 -15
11 -1 -8
11 -1 -11
11 -1 -22
11 -2 -9
11 -2 -20
11 -3 -11
11 -3 -12
11 -3 -21
11 -3 -22
11 -4 -20
11 -4 -22
11 -5 0
11 -5 -14
11 -6 0
11 -6 -8
11 -6 -9
11 -6 -12
11 -6 -17
11 -6 -19
11 -7 -1
11 -7 -9
11 -7 -14
11 -7 -15
11 -7 -18
11 -8 -9
11 -8 -14
11 -8 -15
11 -8 -18
11 -8 -22
11 -9 -18
11 -9 -21
11 -10 -2
11 -10 -3
11 -10 -9
11 -10 -19
11 -10 -21
11 -11 -3
11 -11 -4
11 -11 -5
11 -11 -7
11 -11 -8
11 -11 -15
11 -11 -17
11 -11 -19
11 -11 -20
11 -12 -1
11 -12 -5
11 -12 -6
11 -12 -10
11 -13 -9
11 -13 -17
11 -14 0
11 -14 -5
11 -14 -8
11 -15 0
11 -15 -6
11 -15 -11
11 -15 -12
11 -15 -13
11 -15 -17
11 -16 -4
11 -16 -6
11 -16 -8
11 -16 -14
11 -17 -7
11 -17 -20
11 -17 -22
11 -18 -5
11 -18 -6
11 -18 -8
11 -18 -11
11 -18 -14
11 -18 -15
11 -18 -20
11 -19 -6
11 -19 -9
11 -19 -21
11 -20 -3
11 -20 -7
11 -20 -10
11 -20 -12
11 -20 -20
11 -20 -22
11 -21 -11
11 -21 -19
11 -22 -3
11 -22 -5
11 -22 -15
11 -22 -16
11 -22 -17
11 -22 -19
11 -22 -22
12 0 -13
12 0 -15
12 -1 -8
12 -1 -11
12 -1 -22
12 -2 -9
12 -2 -20
12 -3 -11
12 -3 -12
12 -3 -21
12 -3 -22
12 -4 -20
12 -4 -22
12 -5 0
12 -5 -14
12 -6 0
12 -6 -8
12 -6 -9
12 -6 -12
12 -6 -17
12 -6 -19
12 -7 -1
12 -7 -9
12 -7 -14
12 -7 -15
12 -7 -18
12 -8 -9
12 -8 -14
12 -8 -15
12 -8 -18
12 -8 -22
12 -9 -18
12 -9 -21
12 -10 -2
12 -10 -3
12 -10 -9
12 -10 -19
12 -10 -21
12 -11 -3
12 -11 -4
12 -11 -5
12 -11 -7
12 -11 -8
12 -11 -15
12 -11 -17
12 -11 -19
12 -11 -20
12 -12 -1
12 -12 -5
12 -12 -6
12 -12 -10
12 -13 -9
12 -13 -17
12 -14 0
12 -14 -5
12 -14 -8
12 -15 0
12 -15 -6
12 -15 -11
12 -15 -12
12 -15 -13
12 -15 -17
12 -16 -4
12 -16 -6
12 -16 -8
12 -16 -14
12 -17 -7
12 -17 -20
12 -17 -22
12 -18 -5
12 -18 -6
12 -18 -8
12 -18 -11
12 -18 -14
12 -18 -15
12 -18 -20
12 -19 -6
12 -19 -9
12 -19 -21
12 -20 -3
12 -20 -7
12 -20 -10
12 -20 -12
12 -20 -20
12 -20 -22
12 -21 -11
12 -21 -19
12 -22 -3
12 -22 -5
12 -22 -15
12 -22 -16
12 -22 -17
12 -22 -19
12 -22 -22
13 0 -13
13 0 -15
13 -1 -8
13 -1 -11
13 -1 -22
13 -2 -9
13 -2 -20
13 -3 -11
13 -3 -12
13 -3 -21
13 -3 -22
13 -4 -20
13 -4 -22
13 -5 0
13 -5 -14
13 -6 0
13 -6 -8
13 -6 -9
13 -6 -12
13 -6 -17
13 -6 -19
13 -7 -1
13 -7 -9
13 -7 -14
13 -7 -15
13 -7 -18
13 -8 -9
13 -8 -14
13 -8 -15
13 -8 -18
13 -8 -22
13 -9 -18
13 -9 -21
13 -10 -2
13 -10 -3
13 -10 -9
13 -10 -19
13 -10 -21
13 -11 -3
13 -11 -4
13 -11 -5
13 -11 -7
13 -11 -8
13 -11 -15
13 -11 -17
13 -11 -19
13 -11 -20
13 -12 -1
13 -12 -5
13 -12 -6
13 -12 -10
13 -13 -9
13 -13 -17
13 -14 0
13 -14 -5
13 -14 -8
13 -15 0
13 -15 -6
13 -15 -11
13 -15 -12
13 -15 -13
13 -15 -17
13 -16 -4
13 -16 -6
13 -16 -8
13 -16 -14
13 -17 -7
13 -17 -20
13 -17 -22
13 -18 -5
13 -18 -6
13 -18 -8
13 -18 -11
13 -18 -14
13 -18 -15
13 -18 -20
13 -19 -6
13 -19 -9
13 -19 -21
13 -20 -3
13 -20 -7
13 -20 -10
13 -20 -12
13 -20 -20
13 -20 -22
13 -21 -11
13 -21 -19
13 -22 -3
13 -22 -5
13 -22 -15
13 -22 -16
13 -22 -17
13 -22 -19
13 -22 -22
14 0 -13
14 0 -15
14 -1 -8
14 -1 -11
14 -1 -22
14 -2 -9
14 -2 -20
14 -3 -11
14 -3 -12
14 -3 -21
14 -3 -22
14 -4 -20
14 -4 -22
14 -5 0
14 -5 -14
14 -6 0
14 -6 -8
14 -6 -9
14 -6 -12
14 -6 -17
14 -6 -19
14 -7 -1
14 -7 -9
14 -7 -14
14 -7 -15
14 -7 -18
14 -8 -9
14 -8 -14
14 -8 -15
14 -8 -18
14 -8 -22
14 -9 -18
14 -9 -21
14 -10 -2
14 -10 -3
14 -10 -9
14 -10 -19
14 -10 -21
14 -11 -3
14 -11 -4
14 -11 -5
14 -11 -7
14 -11 -8
14 -11 -15
14 -11 -17
14 -11 -19
14 -11 -20
14 -12 -1
14 -12 -5
14 -12 -6
14 -12 -10
14 -13 -9
14 -13 -17
14 -14 0
14 -14 -5
14 -14 -8
14 -15 0
14 -15 -6
14 -15 -11
14 -15 -12
14 -15 -13
14 -15 -17
14 -16 -4
14 -16 -6
14 -16 -8
14 -16 -14
14 -17 -7
14 -17 -20
14 -17 -22
14 -18 -5
14 -18 -6
14 -18 -8
14 -18 -11
14 -18 -14
14 -18 -15
14 -18 -20
14 -19 -6
14 -19 -9
14 -19 -21
14 -20 -3
14 -20 -7
14 -20 -10
14 -20 -12
14 -20 -20
14 -20 -22
14 -21 -11
14 -21 -19
14 -22 -3
14 -22 -5
14 -22 -15
14 -22 -16
14 -22 -17
14 -22 -19
14 -22 -22
15 0 -13
15 0 -15
15 -1 -8
15 -1 -11
15 -1 -22
15 -2 -9
15 -2 -20
15 -3 -11
15 -3 -12
15 -3 -21
15 -3 -22
15 -4 -20
15 -4 -22
15 -5 0
15 -5 -14
15 -6 0
15 -6 -8
15 -6 -9
15 -6 -12
15 -6 -17
15 -6 -19
15 -7 -1
15 -7 -9
15 -7 -14
15 -7 -15
15 -7 -18
15 -8 -9
15 -8 -14
15 -8 -15
15 -8 -18
15 -8 -22
15 -9 -18
15 -9 -21
15 -10 -2
15 -10 -3
15 -10 -9
15 -10 -19
15 -10 -21
15 -11 -3
15 -11 -4
15 -11 -5
15 -11 -7
15 -11 -8
15 -11 -15
15 -11 -17
15 -11 -19
15 -11 -20
15 -12 -1
15 -12 -5
15 -12 -6
15 -12 -10
15 -13 -9
15 -13 -17
15 -14 0
15 -14 -5
15 -14 -8
15 -15 0
15 -15 -6
15 -15 -11
15 -15 -12
15 -15 -13
15 -15 -17
15 -16 -4
15 -16 -6
15 -16 -8
15 -16 -14
15 -17 -7
15 -17 -20
15 -17 -22
15 -18 -5
15 -18 -6
15 -18 -8
15 -18 -11
15 -18 -14
15 -18 -15
15 -18 -20
15 -19 -6
15 -19 -9
15 -19 -21
15 -20 -3
15 -20 -7
15 -20 -10
15 -20 -12
15 -20 -20
15 -20 -22
15 -21 -11
15 -21 -19
15 -22 -3
15 -22 -5
15 -22 -15
15 -22 -16
15 -22 -17
15 -22 -19
15 -22 -22
16 0 -13
16 0 -15
16 -1 -8
16 -1 -11
16 -1 -22
16 -2 -9
16 -2 -20
16 -3 -11
16 -3 -12
16 -3 -21
16 -3 -22
16 -4 -20
16 -4 -22
16 -5 0
16 -5 -14
16 -6 0
16 -6 -8
16 -6 -9
16 -6 -12
16 -6 -17
16 -6 -19
16 -7 -1
16 -7 -9
16 -7 -14
16 -7 -15
16 -7 -18
16 -8 -9
16 -8 -14
16 -8 -15
16 -8 -18
16 -8 -22
16 -9 -18
16 -9 -21
16 -10 -2
16 -10 -3
16 -10 -9
16 -10 -19
16 -10 -21
16 -11 -3
16 -11 -4
16 -11 -5
16 -11 -7
16 -11 -8
16 -11 -15
16 -11 -17
16 -11 -19
16 -11 -20
16 -12 -1
16 -12 -5
16 -12 -6
16 -12 -10
16 -13 -9
16 -13 -17
16 -14 0
16 -14 -5
16 -14 -8
16 -15 0
16 -15 -6
16 -15 -11
16 -15 -12
16 -15 -13
16 -15 -17
16 -16 -4
16 -16 -6
16 -16 -8
16 -16 -14
16 -17 -7
16 -17 -20
16 -17 -22
16 -18 -5
16 -18 -6
16 -18 -8
16 -18 -11
16 -18 -14
16 -18 -15
16 -18 -20
16 -19 -6
16 -19 -9
16 -19 -21
16 -20 -3
16 -20 -7
16 -20 -10
16 -20 -12
16 -20 -20
16 -20 -22
16 -21 -11
16 -21 -19
16 -22 -3
16 -22 -5
16 -22 -15
16 -22 -16
16 -22 -17
16 -22 -19
16 -22 -22
17 0 -13
17 0 -15
17 -1 -8
17 -1 -11
17 -1 -22
17 -2 -9
17 -2 -20
17 -3 -11
17 -3 -12
17 -3 -21
17 -3 -22
17 -4 -20
17 -4 -22
17 -5 0
17 -5 -14
17 -6 0
17 -6 -8
17 -6 -9
17 -6 -12
17 -6 -17
17 -6 -19
17 -7 -1
17 -7 -9
17 -7 -14
17 -7 -15
17 -7 -18
17 -8 -9
17 -8 -14
17 -8 -15
17 -8 -18
17 -8 -22
17 -9 -18
17 -9 -21
17 -10 -2
17 -10 -3
17 -10 -9
17 -10 -19
17 -10 -21
17 -11 -3
17 -11 -4
17 -11 -5
17 -11 -7
17 -11 -8
17 -11 -15
17 -11 -17
17 -11 -19
17 -11 -20
17 -12 -1
17 -12 -5
17 -12 -6
17 -12 -10
17 -13 -9
17 -13 -17
17 -14 0
17 -14 -5
17 -14 -8
17 -15 0
17 -15 -6
17 -15 -11
17 -15 -12
17 -15 -13
17 -15 -17
17 -16 -4
17 -16 -6
17 -16 -8
17 -16 -14
17 -17 -7
17 -17 -20
17 -17 -22
17 -18 -5
17 -18 -6
17 -18 -8
17 -18 -11
17 -18 -14
17 -18 -15
17 -18 -20
17 -19 -6
17 -19 -9
17 -19 -21
17 -20 -3
17 -20 -7
17 -20 -10
17 -20 -12
17 -20 -20
17 -20 -22
17 -21 -11
17 -21 -19
17 -22 -3
17 -22 -5
17 -22 -15
17 -22 -16
17 -22 -17
17 -22 -19
17 -22 -22
18 0 -13
18 0 -15
18 -1 -8
18 -1 -11
18 -1 -22
18 -2 -9
18 -2 -20
18 -3 -11
18 -3 -12
18 -3 -21
18 -3 -22
18 -4 -20
18 -4 -22
18 -5 0
18 -5 -14
18 -6 0
18 -6 -8
18 -6 -9
18 -6 -12
18 -6 -17
18 -6 -19
18 -7 -1
18 -7 -9
18 -7 -14
18 -7 -15
18 -7 -18
18 -8 -9
18 -8 -14
18 -8 -15
18 -8 -18
18 -8 -22
18 -9 -18
18 -9 -21
18 -10 -2
18 -10 -3
18 -10 -9
18 -10 -19
18 -10 -21
18 -11 -3
18 -11 -4
18 -11 -5
18 -11 -7
18 -11 -8
18 -11 -15
18 -11 -17
18 -11 -19
18 -11 -20
18 -12 -1
18 -12 -5
18 -12 -6
18 -12 -10
18 -13 -9
18 -13 -17
18 -14 0
18 -14 -5
18 -14 -8
18 -15 0
18 -15 -6
18 -15 -11
18 -15 -12
18 -15 -13
18 -15 -17
18 -16 -4
18 -16 -6
18 -16 -8
18 -16 -14
18 -17 -7
18 -17 -20
18 -17 -22
18 -18 -5
18 -18 -6
18 -18 -8
18 -18 -11
18 -18 -14
18 -18 -15
18 -18 -20
18 -19 -6
18 -19 -9
18 -19 -21
18 -20 -3
18 -20 -7
18 -20 -10
18 -20 -12
18 -20 -20
18 -20 -22
18 -21 -11
18 -21 -19
18 -22 -3
18 -22 -5
18 -22 -15
18 -22 -16
18 -22 -17
18 -22 -19
18 -22 -22
19 0 -13
19 0 -15
19 -1 -8
19 -1 -11
19 -1 -22
19 -2 -9
19 -2 -20
19 -3 -11
19 -3 -12
19 -3 -21
19 -3 -22
19 -4 -20
19 -4 -22
19 -5 0
19 -5 -14
19 -6 0
19 -6 -8
19 -6 -9
19 -6 -12
19 -6 -17
19 -6 -19
19 -7 -1
19 -7 -9
19 -7 -14
19 -7 -15
19 -7 -18
19 -8 -9
19 -8 -14
19 -8 -15
19 -8 -18
19 -8 -22
19 -9 -18
19 -9 -21
19 -10 -2
19 -10 -3
19 -10 -9
19 -10 -19
19 -10 -21
19 -11 -3
19 -11 -4
19 -11 -5
19 -11 -7
19 -11 -8
19 -11 -15
19 -11 -17
19 -11 -19
19 -11 -20
19 -12 -1
19 -12 -5
19 -12 -6
19 -12 -10
19 -13 -9
19 -13 -17
19 -14 0
19 -14 -5
19 -14 -8
19 -15 0
19 -15 -6
19 -15 -11
19 -15 -12
19 -15 -13
19 -15 -17
19 -16 -4
19 -16 -6
19 -16 -8
19 -16 -14
19 -17 -7
19 -17 -20
19 -17 -22
19 -18 -5
19 -18 -6
19 -18 -8
19 -18 -11
19 -18 -14
19 -18 -15
19 -18 -20
19 -19 -6
19 -19 -9
19 -19 -21
19 -20 -3
19 -20 -7
19 -20 -10
19 -20 -12
19 -20 -20
19 -20 -22
19 -21 -11
19 -21 -19
19 -22 -3
19 -22 -5
19 -22 -15
19 -22 -16
19 -22 -17
19 -22 -19
19 -22 -22
20 0 -13
20 0 -15
20 -1 -8
20 -1 -11
20 -1 -22
20 -2 -9
20 -2 -20
20 -3 -11
20 -3 -12
20 -3 -21
20 -3 -22
20 -4 -20
20 -4 -22
20 -5 0
20 -5 -14
20 -6 0
20 -6 -8
20 -6 -9
20 -6 -12
20 -6 -17
20 -6 -19
20 -7 -1
20 -7 -9
20 -7 -14
20 -7 -15
20 -7 -18
20 -8 -9
20 -8 -14
20 -8 -15
20 -8 -18
20 -8 -22
20 -9 -18
20 -9 -21
20 -10 -2
20 -10 -3
20 -10 -9
20 -10 -19
20 -10 -21
20 -11 -3
20 -11 -4
20 -11 -5
20 -11 -7
20 -11 -8
20 -11 -15
20 -11 -17
20 -11 -19
20 -11 -20
20 -12 -1
20 -12 -5
20 -12 -6
20 -12 -10
20 -13 -9
20 -13 -17
20 -14 0
20 -14 -5
20 -14 -8
20 -15 0
20 -15 -6
20 -15 -11
20 -15 -12
20 -15 -13
20 -15 -17
20 -16 -4
20 -16 -6
20 -16 -8
20 -16 -14
20 -17 -7
20 -17 -20
20 -17 -22
20 -18 -5
20 -18 -6
20 -18 -8
20 -18 -11
20 -18 -14
20 -18 -15
20 -18 -20
20 -19 -6
20 -19 -9
20 -19 -21
20 -20 -3
20 -20 -7
20 -20 -10
20 -20 -12
20 -20 -20
20 -20 -22
20 -21 -11
20 -21 -19
20 -22 -3
20 -22 -5
20 -22 -15
20 -22 -16
20 -22 -17
20 -22 -19
20 -22 -22
21 0 -13
21 0 -15
21 -1 -8
21 -1 -11
21 -1 -22
21 -2 -9
21 -2 -20
21 -3 -11
21 -3 -12
21 -3 -21
21 -3 -22
21 -4 -20
21 -4 -22
21 -5 0
21 -5 -14
21 -6 0
21 -6 -8
21 -6 -9
21 -6 -12
21 -6 -17
21 -6 -19
21 -7 -1
21 -7 -9
21 -7 -14
21 -7 -15
21 -7 -18
21 -8 -9
21 -8 -14
21 -8 -15
21 -8 -18
21 -8 -22
21 -9 -18
21 -9 -21
21 -10 -2
21 -10 -3
21 -10 -9
21 -10 -19
21 -10 -21
21 -11 -3
21 -11 -4
21 -11 -5
21 -11 -7
21 -11 -8
21 -11 -15
21 -11 -17
21 -11 -19
21 -11 -20
21 -12 -1
21 -12 -5
21 -12 -6
21 -12 -10
21 -13 -9
21 -13 -17
21 -14 0
21 -14 -5
21 -14 -8
21 -15 0
21 -15 -6
21 -15 -11
21 -15 -12
21 -15 -13
21 -15 -17
21 -16 -4
21 -16 -6
21 -16 -8
21 -16 -14
21 -17 -7
21 -17 -20
21 -17 -22
21 -18 -5
21 -18 -6
21 -18 -8
21 -18 -11
21 -18 -14
21 -18 -15
21 -18 -20
21 -19 -6
21 -19 -9
21 -19 -21
21 -20 -3
21 -20 -7
21 -20 -10
21 -20 -12
21 -20 -20
21 -20 -22
21 -21 -11
21 -21 -19
21 -22 -3
21 -22 -5
21 -22 -15
21 -22 -16
21 -22 -17
21 -22 -19
21 -22 -22
22 0 -13
22 0 -15
22 -1 -8
22 -1 -11
22 -1 -22
22 -2 -9
22 -2 -20
22 -3 -11
22 -3 -12
22 -3 -21
22 -3 -22
22 -4 -20
22 -4 -22
22 -5 0
22 -5 -14
22 -6 0
22 -6 -8
22 -6 -9
22 -6 -12
22 -6 -17
22 -6 -19
22 -7 -1
22 -7 -9
22 -7 -14
22 -7 -15
22 -7 -18
22 -8 -9
22 -8 -14
22 -8 -15
22 -8 -18
22 -8 -22
22 -9 -18
22 -9 -21
22 -10 -2
22 -10 -3
22 -10 -9
22 -10 -19
22 -10 -21
22 -11 -3
22 -11 -4
22 -11 -5
22 -11 -7
22 -11 -8
22 -11 -15
22 -11 -17
22 -11 -19
22 -11 -20
22 -12 -1
22 -12 -5
22 -12 -6
22 -12 -10
22 -13 -9
22 -13 -17
22 -14 0
22 -14 -5
22 -14 -8
22 -15 0
22 -15 -6
22 -15 -11
22 -15 -12
22 -15 -13
22 -15 -17
22 -16 -4
22 -16 -6
22 -16 -8
22 -16 -14
22 -17 -7
22 -17 -20
22 -17 -22
22 -18 -5
22 -18 -6
22 -18 -8
22 -18 -11
22 -18 -14
22 -18 -15
22 -18 -20
22 -19 -6
22 -19 -9
22 -19 -21
22 -20 -3
22 -20 -7
22 -20 -10
22 -20 -12
22 -20 -20
22 -20 -22
22 -21 -11
22 -21 -19
22 -22 -3
22 -22 -5
22 -22 -15
22 -22 -16
22 -22 -17
22 -22 -19
22 -22 -22
23 0 -13
23 0 -15
23 -1 -8
23 -1 -11
23 -1 -22
23 -2 -9
23 -2 -20
23 -3 -11
23 -3 -12
23 -3 -21
23 -3 -22
23 -4 -20
23 -4 -22
23 -5 0
23 -5 -14
23 -6 0
23 -6 -8
23 -6 -9
23 -6 -12
23 -6 -17
23 -6 -19
23 -7 -1
23 -7 -9
23 -7 -14
23 -7 -15
23 -7 -18
23 -8 -9
23 -8 -14
23 -8 -15
23 -8 -18
23 -8 -22
23 -9 -18
23 -9 -21
23 -10 -2
23 -10 -3
23 -10 -9
23 -10 -19
23 -10 -21
23 -11 -3
23 -11 -4
23 -11 -5
23 -11 -7
23 -11 -8
23 -11 -15
23 -11 -17
23 -11 -19
23 -11 -20
23 -12 -1
23 -12 -5
23 -12 -6
23 -12 -10
23 -13 -9
23 -13 -17
23 -14 0
23 -14 -5
23 -14 -8
23 -15 0
23 -15 -6
23 -15 -11
23 -15 -12
23 -15 -13
23 -15 -17
23 -16 -4
23 -16 -6
23 -16 -8
23 -16 -14
23 -17 -7
23 -17 -20
23 -17 -22
23 -18 -5
23 -18 -6
23 -18 -8
23 -18 -11
23 -18 -14
23 -18 -15
23 -18 -20
23 -19 -6
23 -19 -9
23 -19 -21
23 -20 -3
23 -20 -7
23 -20 -10
23 -20 -12
23 -20 -20
23 -20 -22
23 -21 -11
23 -21 -19
23 -22 -3
23 -22 -5
23 -22 -15
23 -22 -16
23 -22 -17
23 -22 -19
23 -22 -22
24 0 -13
24 0 -15
24 -1 -8
24 -1 -11
24 -1 -22
24 -2 -9
24 -2 -20
24 -3 -11
24 -3 -12
24 -3 -21
24 -3 -22
24 -4 -20
24 -4 -22
24 -5 0
24 -5 -14
24 -6 0
24 -6 -8
24 -6 -9
24 -6 -12
24 -6 -17
24 -6 -19
24 -7 -1
24 -7 -9
24 -7 -14
24 -7 -15
24 -7 -18
24 -8 -9
24 -8 -14
24 -8 -15
24 -8 -18
24 -8 -22
24 -9 -18
24 -9 -21
24 -10 -2
24 -10 -3
24 -10 -9
24 -10 -19
24 -10 -21
24 -11 -3
24 -11 -4
24 -11 -5
24 -11 -7
24 -11 -8
24 -11 -15
24 -11 -17
24 -11 -19
24 -11 -20
24 -12 -1
24 -12 -5
24 -12 -6
24 -12 -10
24 -13 -9
24 -13 -17
24 -14 0
24 -14 -5
24 -14 -8
24 -15 0
24 -15 -6
24 -15 -11
24 -15 -12
24 -15 -13
24 -15 -17
24 -16 -4
24 -16 -6
24 -16 -8
24 -16 -14
24 -17 -7
24 -17 -20
24 -17 -22
24 -18 -5
24 -18 -6
24 -18 -8
24 -18 -11
24 -18 -14
24 -18 -15
24 -18 -20
24 -19 -6
24 -19 -9
24 -19 -21
24 -20 -3
24 -20 -7
24 -20 -10
24 -20 -12
24 -20 -20
24 -20 -22
24 -21 -11
24 -21 -19
24 -22 -3
24 -22 -5
24 -22 -15
24 -22 -16
24 -22 -17
24 -22 -19
24 -22 -22
25 0 -13
25 0 -15
25 -1 -8
25 -1 -11
25 -1 -22
25 -2 -9
25 -2 -20
25 -3 -11
25 -3 -12
25 -3 -21
25 -3 -22
25 -4 -20
25 -4 -22
25 -5 0
25 -5 -14
25 -6 0
25 -6 -8
25 -6 -9
25 -6 -12
25 -6 -17
25 -6 -19
25 -7 -1
25 -7 -9
25 -7 -14
25 -7 -15
25 -7 -18
25 -8 -9
25 -8 -14
25 -8 -15
25 -8 -18
25 -8 -22
25 -9 -18
25 -9 -21
25 -10 -2
25 -10 -3
25 -10 -9
25 -10 -19
25 -10 -21
25 -11 -3
25 -11 -4
25 -11 -5
25 -11 -7
25 -11 -8
25 -11 -15
25 -11 -17
25 -11 -19
25 -11 -20
25 -12 -1
25 -12 -5
25 -12 -6
25 -12 -10
25 -13 -9
25 -13 -17
25 -14 0
25 -14 -5
25 -14 -8
25 -15 0
25 -15 -6
25 -15 -11
25 -15 -12
25 -15 -13
25 -15 -17
25 -16 -4
25 -16 -6
25 -16 -8
25 -16 -14
25 -17 -7
25 -17 -20
25 -17 -22
25 -18 -5
25 -18 -6
25 -18 -8
25 -18 -11
25 -18 -14
25 -18 -15
25 -18 -20
25 -19 -6
25 -19 -9
25 -19 -21
25 -20 -3
25 -20 -7
25 -20 -10
25 -20 -12
25 -20 -20
25 -20 -22
25 -21 -11
25 -21 -19
25 -22 -3
25 -22 -5
25 -22 -15
25 -22 -16
25 -22 -17
25 -22 -19
25 -22 -22
26 0 -13
26 0 -15
26 -1 -8
26 -1 -11
26 -1 -22
26 -2 -9
26 -2 -20
26 -3 -11
26 -3 -12
26 -3 -21
26 -3 -22
26 -4 -20
26 -4 -22
26 -5 0
26 -5 -14
26 -6 0
26 -6 -8
26 -6 -9
26 -6 -12
26 -6 -17
26 -6 -19
26 -7 -1
26 -7 -9
26 -7 -14
26 -7 -15
26 -7 -18
26 -8 -9
26 -8 -14
26 -8 -15
26 -8 -18
26 -8 -22
26 -9 -18
26 -9 -21
26 -10 -2
26 -10 -3
26 -10 -9
26 -10 -19
26 -10 -21
26 -11 -3
26 -11 -4
26 -11 -5
26 -11 -7
26 -11 -8
26 -11 -15
26 -11 -17
26 -11 -19
26 -11 -20
26 -12 -1
26 -12 -5
26 -12 -6
26 -12 -10
26 -13 -9
26 -13 -17
26 -14 0
26 -14 -5
26 -14 -8
26 -15 0
26 -15 -6
26 -15 -11
26 -15 -12
26 -15 -13
26 -15 -17
26 -16 -4
26 -16 -6
26 -16 -8
26 -16 -14
26 -17 -7
26 -17 -20
26 -17 -22
26 -18 -5
26 -18 -6
26 -18 -8
26 -18 -11
26 -18 -14
26 -18 -15
26 -18 -20
26 -19 -6
26 -19 -9
26 -19 -21
26 -20 -3
26 -20 -7
26 -20 -10
26 -20 -12
26 -20 -20
26 -20 -22
26 -21 -11
26 -21 -19
26 -22 -3
26 -22 -5
26 -22 -15
26 -22 -16
26 -22 -17
26 -22 -19
26 -22 -22
27 0 -13
27 0 -15
27 -1 -8
27 -1 -11
27 -1 -22
27 -2 -9
27 -2 -20
27 -3 -11
27 -3 -12
27 -3 -21
27 -3 -22
27 -4 -20
27 -4 -22
27 -5 0
27 -5 -14
27 -6 0
27 -6 -8
27 -6 -9
27 -6 -12
27 -6 -17
27 -6 -19
27 -7 -1
27 -7 -9
27 -7 -14
27 -7 -15
27 -7 -18
27 -8 -9
27 -8 -14
27 -8 -15
27 -8 -18
27 -8 -22
27 -9 -18
27 -9 -21
27 -10 -2
27 -10 -3
27 -10 -9
27 -10 -19
27 -10 -21
27 -11 -3
27 -11 -4
27 -11 -5
27 -11 -7
27 -11 -8
27 -11 -15
27 -11 -17
27 -11 -19
27 -11 -20
27 -12 -1
27 -12 -5
27 -12 -6
27 -12 -10
27 -13 -9
27 -13 -17
27 -14 0
27 -14 -5
27 -14 -8
27 -15 0
27 -15 -6
27 -15 -11
27 -15 -12
27 -15 -13
27 -15 -17
27 -16 -4
27 -16 -6
27 -16 -8
27 -16 -14
27 -17 -7
27 -17 -20
27 -17 -22
27 -18 -5
27 -18 -6
27 -18 -8
27 -18 -11
27 -18 -14
27 -18 -15
27 -18 -20
27 -19 -6
27 -19 -9
27 -19 -21
27 -20 -3
27 -20 -7
27 -20 -10
27 -20 -12
27 -20 -20
27 -20 -22
27 -21 -11
27 -21 -19
27 -22 -3
27 -22 -5
27 -22 -15
27 -22 -16
27 -22 -17
27 -22 -19
27 -22 -22
28 0 -13
28 0 -15
28 -1 -8
28 -1 -11
28 -1 -22
28 -2 -9
28 -2 -20
28 -3 -11
28 -3 -12
28 -3 -21
28 -3 -22
28 -4 -20
28 -4 -22
28 -5 0
28 -5 -14
28 -6 0
28 -6 -8
28 -6 -9
28 -6 -12
28 -6 -17
28 -6 -19
28 -7 -1
28 -7 -9
28 -7 -14
28 -7 -15
28 -7 -18
28 -8 -9
28 -8 -14
28 -8 -15
28 -8 -18
28 -8 -22
28 -9 -18
28 -9 -21
28 -10 -2
28 -10 -3
28 -10 -9
28 -10 -19
28 -10 -21
28 -11 -3
28 -11 -4
28 -11 -5
28 -11 -7
28 -11 -8
28 -11 -15
28 -11 -17
28 -11 -19
28 -11 -20
28 -12 -1
28 -12 -5
28 -12 -6
28 -12 -10
28 -13 -9
28 -13 -17
28 -14 0
28 -14 -5
28 -14 -8
28 -15 0
28 -15 -6
28 -15 -11
28 -15 -12
28 -15 -13
28 -15 -17
28 -16 -4
28 -16 -6
28 -16 -8
28 -16 -14
28 -17 -7
28 -17 -20
28 -17 -22
28 -18 -5
28 -18 -6
28 -18 -8
28 -18 -11
28 -18 -14
28 -18 -15
28 -18 -20
28 -19 -6
28 -19 -9
28 -19 -21
28 -20 -3
28 -20 -7
28 -20 -10
28 -20 -12
28 -20 -20
28 -20 -22
28 -21 -11
28 -21 -19
28 -22 -3
28 -22 -5
28 -22 -15
28 -22 -16
28 -22 -17
28 -22 -19
28 -22 -22
29 0 -13
29 0 -15
29 -1 -8
29 -1 -11
29 -1 -22
29 -2 -9
29 -2 -20
29 -3 -11
29 -3 -12
29 -3 -21
29 -3 -22
29 -4 -20
29 -4 -22
29 -5 0
29 -5 -14
29 -6 0
29 -6 -8
29 -6 -9
29 -6 -12
29 -6 -17
29 -6 -19
29 -7 -1
29 -7 -9
29 -7 -14
29 -7 -15
29 -7 -18
29 -8 -9
29 -8 -14
29 -8 -15
29 -8 -18
29 -8 -22
29 -9 -18
29 -9 -21
29 -10 -2
29 -10 -3
29 -10 -9
29 -10 -19
29 -10 -21
29 -11 -3
29 -11 -4
29 -11 -5
29 -11 -7
29 -11 -8
29 -11 -15
29 -11 -17
29 -11 -19
29 -11 -20
29 -12 -1
29 -12 -5
29 -12 -6
29 -12 -10
29 -13 -9
29 -13 -17
29 -14 0
29 -14 -5
29 -14 -8
29 -15 0
29 -15 -6
29 -15 -11
29 -15 -12
29 -15 -13
29 -15 -17
29 -16 -4
29 -16 -6
29 -16 -8
29 -16 -14
29 -17 -7
29 -17 -20
29 -17 -22
29 -18 -5
29 -18 -6
29 -18 -8
29 -18 -11
29 -18 -14
29 -18 -15
29 -18 -20
29 -19 -6
29 -19 -9
29 -19 -21
29 -20 -3
29 -20 -7
29 -20 -10
29 -20 -12
29 -20 -20
29 -20 -22
29 -21 -11
29 -21 -19
29 -22 -3
29 -22 -5
29 -22 -15
29 -22 -16
29 -22 -17
29 -22 -19
29 -22 -22
30 0 -13
30 0 -15
30 -1 -8
30 -1 -11
30 -1 -22
30 -2 -9
30 -2 -20
30 -3 -11
30 -3 -12
30 -3 -21
30 -3 -22
30 -4 -20
30 -4 -22
30 -5 0
30 -5 -14
30 -6 0
30 -6 -8
30 -6 -9
30 -6 -12
30 -6 -17
30 -6 -19
30 -7 -1
30 -7 -9
30 -7 -14
30 -7 -15
30 -7 -18
30 -8 -9
30 -8 -14
30 -8 -15
30 -8 -18
30 -8 -22
30 -9 -18
30 -9 -21
30 -10 -2
30 -10 -3
30 -10 -9
30 -10 -19
30 -10 -21
30 -11 -3
30 -11 -4
30 -11 -5
30 -11 -7
30 -11 -8
30 -11 -15
30 -11 -17
30 -11 -19
30 -11 -20
30 -12 -1
30 -12 -5
30 -12 -6
30 -12 -10
30 -13 -9
30 -13 -17
30 -14 0
30 -14 -5
30 -14 -8
30 -15 0
30 -15 -6
30 -15 -11
30 -15 -12
30 -15 -13
30 -15 -17
30 -16 -4
30 -16 -6
30 -16 -8
30 -16 -14
30 -17 -7
30 -17 -20
30 -17 -22
30 -18 -5
30 -18 -6
30 -18 -8
30 -18 -11
30 -18 -14
30 -18 -15
30 -18 -20
30 -19 -6
30 -19 -9
30 -19 -21
30 -20 -3
30 -20 -7
30 -20 -10
30 -20 -12
30 -20 -20
30 -20 -22
30 -21 -11
30 -21 -19
30 -22 -3
30 -22 -5
30 -22 -15
30 -22 -16
30 -22 -17
30 -22 -19
30 -22 -22
31 0 -13
31 0 -15
31 -1 -8
31 -1 -11
31 -1 -22
31 -2 -9
31 -2 -20
31 -3 -11
31 -3 -12
31 -3 -21
31 -3 -22
31 -4 -20
31 -4 -22
31 -5 0
31 -5 -14
31 -6 0
31 -6 -8
31 -6 -9
31 -6 -12
31 -6 -17
31 -6 -19
31 -7 -1
31 -7 -9
31 -7 -14
31 -7 -15
31 -7 -18
31 -8 -9
31 -8 -14
31 -8 -15
31 -8 -18
31 -8 -22
31 -9 -18
31 -9 -21
31 -10 -2
31 -10 -3
31 -10 -9
31 -10 -19
31 -10 -21
31 -11 -3
31 -11 -4
31 -11 -5
31 -11 -7
31 -11 -8
31 -11 -15
31 -11 -17
31 -11 -19
31 -11 -20
31 -12 -1
31 -12 -5
31 -12 -6
31 -12 -10
31 -13 -9
31 -13 -17
31 -14 0
31 -14 -5
31 -14 -8
31 -15 0
31 -15 -6
31 -15 -11
31 -15 -12
31 -15 -13
31 -15 -17
31 -16 -4
31 -16 -6
31 -16 -8
31 -16 -14
31 -17 -7
31 -17 -20
31 -17 -22
31 -18 -5
31 -18 -6
31 -18 -8
31 -18 -11
31 -18 -14
31 -18 -15
31 -18 -20
31 -19 -6
31 -19 -9
31 -19 -21
31 -20 -3
31 -20 -7
31 -20 -10
31 -20 -12
31 -20 -20
31 -20 -22
31 -21 -11
31 -21 -19
31 -22 -3
31 -22 -5
31 -22 -15
31 -22 -16
31 -22 -17
31 -22 -19
31 -22 -22
32 0 -13
32 0 -15
32 -1 -8
32 -1 -11
32 -1 -22
32 -2 -9
32 -2 -20
32 -3 -11
32 -3 -12
32 -3 -21
32 -3 -22
32 -4 -20
32 -4 -22
32 -5 0
32 -5 -14
32 -6 0
32 -6 -8
32 -6 -9
32 -6 -12
32 -6 -17
32 -6 -19
32 -7 -1
32 -7 -9
32 -7 -14
32 -7 -15
32 -7 -18
32 -8 -9
32 -8 -14
32 -8 -15
32 -8 -18
32 -8 -22
32 -9 -18
32 -9 -21
32 -10 -2
32 -10 -3
32 -10 -9
32 -10 -19
32 -10 -21
32 -11 -3
32 -11 -4
32 -11 -5
32 -11 -7
32 -11 -8
32 -11 -15
32 -11 -17
32 -11 -19
32 -11 -20
32 -12 -1
32 -12 -5
32 -12 -6
32 -12 -10
32 -13 -9
32 -13 -17
32 -14 0
32 -14 -5
32 -14 -8
32 -15 0
32 -15 -6
32 -15 -11
32 -15 -12
32 -15 -13
32 -15 -17
32 -16 -4
32 -16 -6
32 -16 -8
32 -16 -14
32 -17 -7
32 -17 -20
32 -17 -22
32 -18 -5
32 -18 -6
32 -18 -8
32 -18 -11
32 -18 -14
32 -18 -15
32 -18 -20
32 -19 -6
32 -19 -9
32 -19 -21
32 -20 -3
32 -20 -7
32 -20 -10
32 -20 -12
32 -20 -20
32 -20 -22
32 -21 -11
32 -21 -19
32 -22 -3
32 -22 -5
32 -22 -15
32 -22 -16
32 -22 -17
32 -22 -19
32 -22 -22
33 0 -13
33 0 -15
33 -1 -8
33 -1 -11
33 -1 -22
33 -2 -9
33 -2 -20
33 -3 -11
33 -3 -12
33 -3 -21
33 -3 -22
33 -4 -20
33 -4 -22
33 -5 0
33 -5 -14
33 -6 0
33 -6 -8
33 -6 -9
33 -6 -12
33 -6 -17
33 -6 -19
33 -7 -1
33 -7 -9
33 -7 -14
33 -7 -15
33 -7 -18
33 -8 -9
33 -8 -14
33 -8 -15
33 -8 -18
33 -8 -22
33 -9 -18
33 -9 -21
33 -10 -2
33 -10 -3
33 -10 -9
33 -10 -19
33 -10 -21
33 -11 -3
33 -11 -4
33 -11 -5
33 -11 -7
33 -11 -8
33 -11 -15
33 -11 -17
33 -11 -19
33 -11 -20
33 -12 -1
33 -12 -5
33 -12 -6
33 -12 -10
33 -13 -9
33 -13 -17
33 -14 0
33 -14 -5
33 -14 -8
33 -15 0
33 -15 -6
33 -15 -11
33 -15 -12
33 -15 -13
33 -15 -17
33 -16 -4
33 -16 -6
33 -16 -8
33 -16 -14
33 -17 -7
33 -17 -20
33 -17 -22
33 -18 -5
33 -18 -6
33 -18 -8
33 -18 -11
33 -18 -14
33 -18 -15
33 -18 -20
33 -19 -6
33 -19 -9
33 -19 -21
33 -20 -3
33 -20 -7
33 -20 -10
33 -20 -12
33 -20 -20
33 -20 -22
33 -21 -11
33 -21 -19
33 -22 -3
33 -22 -5
33 -22 -15
33 -22 -16
33 -22 -17
33 -22 -19
33 -22 -22
34 0 -13
34 0 -15
34 -1 -8
34 -1 -11
34 -1 -22
34 -2 -9
34 -2 -20
34 -3 -11
34 -3 -12
34 -3 -21
34 -3 -22
34 -4 -20
34 -4 -22
34 -5 0
34 -5 -14
34 -6 0
34 -6 -8
34 -6 -9
34 -6 -12
34 -6 -17
34 -6 -19
34 -7 -1
34 -7 -9
34 -7 -14
34 -7 -15
34 -7 -18
34 -8 -9
34 -8 -14
34 -8 -15
34 -8 -18
34 -8 -22
34 -9 -18
34 -9 -21
34 -10 -2
34 -10 -3
34 -10 -9
34 -10 -19
34 -10 -21
34 -11 -3
34 -11 -4
34 -11 -5
34 -11 -7
34 -11 -8
34 -11 -15
34 -11 -17
34 -11 -19
34 -11 -20
34 -12 -1
34 -12 -5
34 -12 -6
34 -12 -10
34 -13 -9
34 -13 -17
34 -14 0
34 -14 -5
34 -14 -8
34 -15 0
34 -15 -6
34 -15 -11
34 -15 -12
34 -15 -13
34 -15 -17
34 -16 -4
34 -16 -6
34 -16 -8
34 -16 -14
34 -17 -7
34 -17 -20
34 -17 -22
34 -18 -5
34 -18 -6
34 -18 -8
34 -18 -11
34 -18 -14
34 -18 -15
34 -18 -20
34 -19 -6
34 -19 -9
34 -19 -21
34 -20 -3
34 -20 -7
34 -20 -10
34 -20 -12
34 -20 -20
34 -20 -22
34 -21 -11
34 -21 -19
34 -22 -3
34 -22 -5
34 -22 -15
34 -22 -16
34 -22 -17
34 -22 -19
34 -22 -22
35 0 -13
35 0 -15
35 -1 -8
35 -1 -11
35 -1 -22
35 -2 -9
35 -2 -20
35 -3 -11
35 -3 -12
35 -3 -21
35 -3 -22
35 -4 -20
35 -4 -22
35 -5 0
35 -5 -14
35 -6 0
35 -6 -8
35 -6 -9
35 -6 -12
35 -6 -17
35 -6 -19
35 -7 -1
35 -7 -9
35 -7 -14
35 -7 -15
35 -7 -18
35 -8 -9
35 -8 -14
35 -8 -15
35 -8 -18
35 -8 -22
35 -9 -18
35 -9 -21
35 -10 -2
35 -10 -3
35 -10 -9
35 -10 -19
35 -10 -21
35 -11 -3
35 -11 -4
35 -11 -5
35 -11 -7
35 -11 -8
35 -11 -15
35 -11 -17
35 -11 -19
35 -11 -20
35 -12 -1
35 -12 -5
35 -12 -6
35 -12 -10
35 -13 -9
35 -13 -17
35 -14 0
35 -14 -5
35 -14 -8
35 -15 0
35 -15 -6
35 -15 -11
35 -15 -12
35 -15 -13
35 -15 -17
35 -16 -4
35 -16 -6
35 -16 -8
35 -16 -14
35 -17 -7
35 -17 -20
35 -17 -22
35 -18 -5
35 -18 -6
35 -18 -8
35 -18 -11
35 -18 -14
35 -18 -15
35 -18 -20
35 -19 -6
35 -19 -9
35 -19 -21
35 -20 -3
35 -20 -7
35 -20 -10
35 -20 -12
35 -20 -20
35 -20 -22
35 -21 -11
35 -21 -19
35 -22 -3
35 -22 -5
35 -22 -15
35 -22 -16
35 -22 -17
35 -22 -19
35 -22 -22
36 0 -13
36 0 -15
36 -1 -8
36 -1 -11
36 -1 -22
36 -2 -9
36 -2 -20
36 -3 -11
36 -3 -12
36 -3 -21
36 -3 -22
36 -4 -20
36 -4 -22
36 -5 0
36 -5 -14
36 -6 0
36 -6 -8
36 -6 -9
36 -6 -12
36 -6 -17
36 -6 -19
36 -7 -1
36 -7 -9
36 -7 -14
36 -7 -15
36 -7 -18
36 -8 -9
36 -8 -14
36 -8 -15
36 -8 -18
36 -8 -22
36 -9 -18
36 -9 -21
36 -10 -2
36 -10 -3
36 -10 -9
36 -10 -19
36 -10 -21
36 -11 -3
36 -11 -4
36 -11 -5
36 -11 -7
36 -11 -8
36 -11 -15
36 -11 -17
36 -11 -19
36 -11 -20
36 -12 -1
36 -12 -5
36 -12 -6
36 -12 -10
36 -13 -9
36 -13 -17
36 -14 0
36 -14 -5
36 -14 -8
36 -15 0
36 -15 -6
36 -15 -11
36 -15 -12
36 -15 -13
36 -15 -17
36 -16 -4
36 -16 -6
36 -16 -8
36 -16 -14
36 -17 -7
36 -17 -20
36 -17 -22
36 -18 -5
36 -18 -6
36 -18 -8
36 -18 -11
36 -18 -14
36 -18 -15
36 -18 -20
36 -19 -6
36 -19 -9
36 -19 -21
36 -20 -3
36 -20 -7
36 -20 -10
36 -20 -12
36 -20 -20
36 -20 -22
36 -21 -11
36 -21 -19
36 -22 -3
36 -22 -5
36 -22 -15
36 -22 -16
36 -22 -17
36 -22 -19
36 -22 -22
37 0 -13
37 0 -15
37 -1 -8
37 -1 -11
37 -1 -22
37 -2 -9
37 -2 -20
37 -3 -11
37 -3 -12
37 -3 -21
37 -3 -22
37 -4 -20
37 -4 -22
37 -5 0
37 -5 -14
37 -6 0
37 -6 -8
37 -6 -9
37 -6 -12
37 -6 -17
37 -6 -19
37 -7 -1
37 -7 -9
37 -7 -14
37 -7 -15
37 -7 -18
37 -8 -9
37 -8 -14
37 -8 -15
37 -8 -18
37 -8 -22
37 -9 -18
37 -9 -21
37 -10 -2
37 -10 -3
37 -10 -9
37 -10 -19
37 -10 -21
37 -11 -3
37 -11 -4
37 -11 -5
37 -11 -7
37 -11 -8
37 -11 -15
37 -11 -17
37 -11 -19
37 -11 -20
37 -12 -1
37 -12 -5
37 -12 -6
37 -12 -10
37 -13 -9
37 -13 -17
37 -14 0
37 -14 -5
37 -14 -8
37 -15 0
37 -15 -6
37 -15 -11
37 -15 -12
37 -15 -13
37 -15 -17
37 -16 -4
37 -16 -6
37 -16 -8
37 -16 -14
37 -17 -7
37 -17 -20
37 -17 -22
37 -18 -5
37 -18 -6
37 -18 -8
37 -18 -11
37 -18 -14
37 -18 -15
37 -18 -20
37 -19 -6
37 -19 -9
37 -19 -21
37 -20 -3
37 -20 -7
37 -20 -10
37 -20 -12
37 -20 -20
37 -20 -22
37 -21 -11
37 -21 -19
37 -22 -3
37 -22 -5
37 -22 -15
37 -22 -16
37 -22 -17
37 -22 -19
37 -22 -22
38 0 -13
38 0 -15
38 -1 -8
38 -1 -11
38 -1 -22
38 -2 -9
38 -2 -20
38 -3 -11
38 -3 -12
38 -3 -21
38 -3 -22
38 -4 -20
38 -4 -22
38 -5 0
38 -5 -14
38 -6 0
38 -6 -8
38 -6 -9
38 -6 -12
38 -6 -17
38 -6 -19
38 -7 -1
38 -7 -9
38 -7 -14
38 -7 -15
38 -7 -18
38 -8 -9
38 -8 -14
38 -8 -15
38 -8 -18
38 -8 -22
38 -9 -18
38 -9 -21
38 -10 -2
38 -10 -3
38 -10 -9
38 -10 -19
38 -10 -21
38 -11 -3
38 -11 -4
38 -11 -5
38 -11 -7
38 -11 -8
38 -11 -15
38 -11 -17
38 -11 -19
38 -11 -20
38 -12 -1
38 -12 -5
38 -12 -6
38 -12 -10
38 -13 -9
38 -13 -17
38 -14 0
38 -14 -5
38 -14 -8
38 -15 0
38 -15 -6
38 -15 -11
38 -15 -12
38 -15 -13
38 -15 -17
38 -16 -4
38 -16 -6
38 -16 -8
38 -16 -14
38 -17 -7
38 -17 -20
38 -17 -22
38 -18 -5
38 -18 -6
38 -18 -8
38 -18 -11
38 -18 -14
38 -18 -15
38 -18 -20
38 -19 -6
38 -19 -9
38 -19 -21
38 -20 -3
38 -20 -7
38 -20 -10
38 -20 -12
38 -20 -20
38 -20 -22
38 -21 -11
38 -21 -19
38 -22 -3
38 -22 -5
38 -22 -15
38 -22 -16
38 -22 -17
38 -22 -19
38 -22 -22
39 0 -13
39 0 -15
39 -1 -8
39 -1 -11
39 -1 -22
39 -2 -9
39 -2 -20
39 -3 -11
39 -3 -12
39 -3 -21
39 -3 -22
39 -4 -20
39 -4 -22
39 -5 0
39 -5 -14
39 -6 0
39 -6 -8
39 -6 -9
39 -6 -12
39 -6 -17
39 -6 -19
39 -7 -1
39 -7 -9
39 -7 -14
39 -7 -15
39 -7 -18
39 -8 -9
39 -8 -14
39 -8 -15
39 -8 -18
39 -8 -22
39 -9 -18
39 -9 -21
39 -10 -2
39 -10 -3
39 -10 -9
39 -10 -19
39 -10 -21
39 -11 -3
39 -11 -4
39 -11 -5
39 -11 -7
39 -11 -8
39 -11 -15
39 -11 -17
39 -11 -19
39 -11 -20
39 -12 -1
39 -12 -5
39 -12 -6
39 -12 -10
39 -13 -9
39 -13 -17
39 -14 0
39 -14 -5
39 -14 -8
39 -15 0
39 -15 -6
39 -15 -11
39 -15 -12
39 -15 -13
39 -15 -17
39 -16 -4
39 -16 -6
39 -16 -8
39 -16 -14
39 -17 -7
39 -17 -20
39 -17 -22
39 -18 -5
39 -18 -6
39 -18 -8
39 -18 -11
39 -18 -14
39 -18 -15
39 -18 -20
39 -19 -6
39 -19 -9
39 -19 -21
39 -20 -3
39 -20 -7
39 -20 -10
39 -20 -12
39 -20 -20
39 -20 -22
39 -21 -11
39 -21 -19
39 -22 -3
39 -22 -5
39 -22 -15
39 -22 -16
39 -22 -17
39 -22 -19
39 -22 -22
40 0 -13
40 0 -15
40 -1 -8
40 -1 -11
40 -1 -22
40 -2 -9
40 -2 -20
40 -3 -11
40 -3 -12
40 -3 -21
40 -3 -22
40 -4 -20
40 -4 -22
40 -5 0
40 -5 -14
40 -6 0
40 -6 -8
40 -6 -9
40 -6 -12
40 -6 -17
40 -6 -19
40 -7 -1
40 -7 -9
40 -7 -14
40 -7 -15
40 -7 -18
40 -8 -9
40 -8 -14
40 -8 -15
40 -8 -18
40 -8 -22
40 -9 -18
40 -9 -21
40 -10 -2
40 -10 -3
40 -10 -9
40 -10 -19
40 -10 -21
40 -11 -3
40 -11 -4
40 -11 -5
40 -11 -7
40 -11 -8
40 -11 -15
40 -11 -17
40 -11 -19
40 -11 -20
40 -12 -1
40 -12 -5
40 -12 -6
40 -12 -10
40 -13 -9
40 -13 -17
40 -14 0
40 -14 -5
40 -14 -8
40 -15 0
40 -15 -6
40 -15 -11
40 -15 -12
40 -15 -13
40 -15 -17
40 -16 -4
40 -16 -6
40 -16 -8
40 -16 -14
40 -17 -7
40 -17 -20
40 -17 -22
40 -18 -5
40 -18 -6
40 -18 -8
40 -18 -11
40 -18 -14
40 -18 -15
40 -18 -20
40 -19 -6
40 -19 -9
40 -19 -21
40 -20 -3
40 -20 -7
40 -20 -10
40 -20 -12
40 -20 -20
40 -20 -22
40 -21 -11
40 -21 -19
40 -22 -3
40 -22 -5
40 -22 -15
40 -22 -16
40 -22 -17
40 -22 -19
40 -22 -22
41 0 -13
41 0 -15
41 -1 -8
41 -1 -11
41 -1 -22
41 -2 -9
41 -2 -20
41 -3 -11
41 -3 -12
41 -3 -21
41 -3 -22
41 -4 -20
41 -4 -22
41 -5 0
41 -5 -14
41 -6 0
41 -6 -8
41 -6 -9
41 -6 -12
41 -6 -17
41 -6 -19
41 -7 -1
41 -7 -9
41 -7 -14
41 -7 -15
41 -7 -18
41 -8 -9
41 -8 -14
41 -8 -15
41 -8 -18
41 -8 -22
41 -9 -18
41 -9 -21
41 -10 -2
41 -10 -3
41 -10 -9
41 -10 -19
41 -10 -21
41 -11 -3
41 -11 -4
41 -11 -5
41 -11 -7
41 -11 -8
41 -11 -15
41 -11 -17
41 -11 -19
41 -11 -20
41 -12 -1
41 -12 -5
41 -12 -6
41 -12 -10
41 -13 -9
41 -13 -17
41 -14 0
41 -14 -5
41 -14 -8
41 -15 0
41 -15 -6
41 -15 -11
41 -15 -12
41 -15 -13
41 -15 -17
41 -16 -4
41 -16 -6
41 -16 -8
41 -16 -14
41 -17 -7
41 -17 -20
41 -17 -22
41 -18 -5
41 -18 -6
41 -18 -8
41 -18 -11
41 -18 -14
41 -18 -15
41 -18 -20
41 -19 -6
41 -19 -9
41 -19 -21
41 -20 -3
41 -20 -7
41 -20 -10
41 -20 -12
41 -20 -20
41 -20 -22
41 -21 -11
41 -21 -19
41 -22 -3
41 -22 -5
41 -22 -15
41 -22 -16
41 -22 -17
41 -22 -19
41 -22 -22
42 0 -13
42 0 -15
42 -1 -8
42 -1 -11
42 -1 -22
42 -2 -9
42 -2 -20
42 -3 -11
42 -3 -12
42 -3 -21
42 -3 -22
42 -4 -20
42 -4 -22
42 -5 0
42 -5 -14
42 -6 0
42 -6 -8
42 -6 -9
42 -6 -12
42 -6 -17
42 -6 -19
42 -7 -1
42 -7 -9
42 -7 -14
42 -7 -15
42 -7 -18
42 -8 -9
42 -8 -14
42 -8 -15
42 -8 -18
42 -8 -22
42 -9 -18
42 -9 -21
42 -10 -2
42 -10 -3
42 -10 -9
42 -10 -19
42 -10 -21
42 -11 -3
42 -11 -4
42 -11 -5
42 -11 -7
42 -11 -8
42 -11 -15
42 -11 -17
42 -11 -19
42 -11 -20
42 -12 -1
42 -12 -5
42 -12 -6
42 -12 -10
42 -13 -9
42 -13 -17
42 -14 0
42 -14 -5
42 -14 -8
42 -15 0
42 -15 -6
42 -15 -11
42 -15 -12
42 -15 -13
42 -15 -17
42 -16 -4
42 -16 -6
42 -16 -8
42 -16 -14
42 -17 -7
42 -17 -20
42 -17 -22
42 -18 -5
42 -18 -6
42 -18 -8
42 -18 -11
42 -18 -14
42 -18 -15
42 -18 -20
42 -19 -6
42 -19 -9
42 -19 -21
42 -20 -3
42 -20 -7
42 -20 -10
42 -20 -12
42 -20 -20
42 -20 -22
42 -21 -11
42 -21 -19
42 -22 -3
42 -22 -5
42 -22 -15
42 -22 -16
42 -22 -17
42 -22 -19
42 -22 -22
43 0 -13
43 0 -15
43 -1 -8
43 -1 -11
43 -1 -22
43 -2 -9
43 -2 -20
43 -3 -11
43 -3 -12
43 -3 -21
43 -3 -22
43 -4 -20
43 -4 -22
43 -5 0
43 -5 -14
43 -6 0
43 -6 -8
43 -6 -9
43 -6 -12
43 -6 -17
43 -6 -19
43 -7 -1
43 -7 -9
43 -7 -14
43 -7 -15
43 -7 -18
43 -8 -9
43 -8 -14
43 -8 -15
43 -8 -18
43 -8 -22
43 -9 -18
43 -9 -21
43 -10 -2
43 -10 -3
43 -10 -9
43 -10 -19
43 -10 -21
43 -11 -3
43 -11 -4
43 -11 -5
43 -11 -7
43 -11 -8
43 -11 -15
43 -11 -17
43 -11 -19
43 -11 -20
43 -12 -1
43 -12 -5
43 -12 -6
43 -12 -10
43 -13 -9
43 -13 -17
43 -14 0
43 -14 -5
43 -14 -8
43 -15 0
43 -15 -6
43 -15 -11
43 -15 -12
43 -15 -13
43 -15 -17
43 -16 -4
43 -16 -6
43 -16 -8
43 -16 -14
43 -17 -7
43 -17 -20
43 -17 -22
43 -18 -5
43 -18 -6
43 -18 -8
43 -18 -11
43 -18 -14
43 -18 -15
43 -18 -20
43 -19 -6
43 -19 -9
43 -19 -21
43 -20 -3
43 -20 -7
43 -20 -10
43 -20 -12
43 -20 -20
43 -20 -22
43 -21 -11
43 -21 -19
43 -22 -3
43 -22 -5
43 -22 -15
43 -22 -16
43 -22 -17
43 -22 -19
43 -22 -22
44 0 -13
44 0 -15
44 -1 -8
44 -1 -11
44 -1 -22
44 -2 -9
44 -2 -20
44 -3 -11
44 -3 -12
44 -3 -21
44 -3 -22
44 -4 -20
44 -4 -22
44 -5 0
44 -5 -14
44 -6 0
44 -6 -8
44 -6 -9
44 -6 -12
44 -6 -17
44 -6 -19
44 -7 -1
44 -7 -9
44 -7 -14
44 -7 -15
44 -7 -18
44 -8 -9
44 -8 -14
44 -8 -15
44 -8 -18
44 -8 -22
44 -9 -18
44 -9 -21
44 -10 -2
44 -10 -3
44 -10 -9
44 -10 -19
44 -10 -21
44 -11 -3
44 -11 -4
44 -11 -5
44 -11 -7
44 -11 -8
44 -11 -15
44 -11 -17
44 -11 -19
44 -11 -20
44 -12 -1
44 -12 -5
44 -12 -6
44 -12 -10
44 -13 -9
44 -13 -17
44 -14 0
44 -14 -5
44 -14 -8
44 -15 0
44 -15 -6
44 -15 -11
44 -15 -12
44 -15 -13
44 -15 -17
44 -16 -4
44 -16 -6
44 -16 -8
44 -16 -14
44 -17 -7
44 -17 -20
44 -17 -22
44 -18 -5
44 -18 -6
44 -18 -8
44 -18 -11
44 -18 -14
44 -18 -15
44 -18 -20
44 -19 -6
44 -19 -9
44 -19 -21
44 -20 -3
44 -20 -7
44 -20 -10
44 -20 -12
44 -20 -20
44 -20 -22
44 -21 -11
44 -21 -19
44 -22 -3
44 -22 -5
44 -22 -15
44 -22 -16
44 -22 -17
44 -22 -19
44 -22 -22
45 0 -13
45 0 -15
45 -1 -8
45 -1 -11
45 -1 -22
45 -2 -9
45 -2 -20
45 -3 -11
45 -3 -12
45 -3 -21
45 -3 -22
45 -4 -20
45 -4 -22
45 -5 0
45 -5 -14
45 -6 0
45 -6 -8
45 -6 -9
45 -6 -12
45 -6 -17
45 -6 -19
45 -7 -1
45 -7 -9
45 -7 -14
45 -7 -15
45 -7 -18
45 -8 -9
45 -8 -14
45 -8 -15
45 -8 -18
45 -8 -22
45 -9 -18
45 -9 -21
45 -10 -2
45 -10 -3
45 -10 -9
45 -10 -19
45 -10 -21
45 -11 -3
45 -11 -4
45 -11 -5
45 -11 -7
45 -11 -8
45 -11 -15
45 -11 -17
45 -11 -19
45 -11 -20
45 -12 -1
45 -12 -5
45 -12 -6
45 -12 -10
45 -13 -9
45 -13 -17
45 -14 0
45 -14 -5
45 -14 -8
45 -15 0
45 -15 -6
45 -15 -11
45 -15 -12
45 -15 -13
45 -15 -17
45 -16 -4
45 -16 -6
45 -16 -8
45 -16 -14
45 -17 -7
45 -17 -20
45 -17 -22
45 -18 -5
45 -18 -6
45 -18 -8
45 -18 -11
45 -18 -14
45 -18 -15
45 -18 -20
45 -19 -6
45 -19 -9
45 -19 -21
45 -20 -3
45 -20 -7
45 -20 -10
45 -20 -12
45 -20 -20
45 -20 -22
45 -21 -11
45 -21 -19
45 -22 -3
45 -22 -5
45 -22 -15
45 -22 -16
45 -22 -17
45 -22 -19
45 -22 -22
46 0 -13
46 0 -15
46 -1 -8
46 -1 -11
46 -1 -22
46 -2 -9
46 -2 -20
46 -3 -11
46 -3 -12
46 -3 -21
46 -3 -22
46 -4 -20
46 -4 -22
46 -5 0
46 -5 -14
46 -6 0
46 -6 -8
46 -6 -9
46 -6 -12
46 -6 -17
46 -6 -19
46 -7 -1
46 -7 -9
46 -7 -14
46 -7 -15
46 -7 -18
46 -8 -9
46 -8 -14
46 -8 -15
46 -8 -18
46 -8 -22
46 -9 -18
46 -9 -21
46 -10 -2
46 -10 -3
46 -10 -9
46 -10 -19
46 -10 -21
46 -11 -3
46 -11 -4
46 -11 -5
46 -11 -7
46 -11 -8
46 -11 -15
46 -11 -17
46 -11 -19
46 -11 -20
46 -12 -1
46 -12 -5
46 -12 -6
46 -12 -10
46 -13 -9
46 -13 -17
46 -14 0
46 -14 -5
46 -14 -8
46 -15 0
46 -15 -6
46 -15 -11
46 -15 -12
46 -15 -13
46 -15 -17
46 -16 -4
46 -16 -6
46 -16 -8
46 -16 -14
46 -17 -7
46 -17 -20
46 -17 -22
46 -18 -5
46 -18 -6
46 -18 -8
46 -18 -11
46 -18 -14
46 -18 -15
46 -18 -20
46 -19 -6
46 -19 -9
46 -19 -21
46 -20 -3
46 -20 -7
46 -20 -10
46 -20 -12
46 -20 -20
46 -20 -22
46 -21 -11
46 -21 -19
46 -22 -3
46 -22 -5
46 -22 -15
46 -22 -16
46 -22 -17
46 -22 -19
46 -22 -22
47 0 -13
47 0 -15
47 -1 -8
47 -1 -11
47 -1 -22
47 -2 -9
47 -2 -20
47 -3 -11
47 -3 -12
47 -3 -21
47 -3 -22
47 -4 -20
47 -4 -22
47 -5 0
47 -5 -14
47 -6 0
47 -6 -8
47 -6 -9
47 -6 -12
47 -6 -17
47 -6 -19
47 -7 -1
47 -7 -9
47 -7 -14
47 -7 -15
47 -7 -18
47 -8 -9
47 -8 -14
47 -8 -15
47 -8 -18
47 -8 -22
47 -9 -18
47 -9 -21
47 -10 -2
47 -10 -3
47 -10 -9
47 -10 -19
47 -10 -21
47 -11 -3
47 -11 -4
47 -11 -5
47 -11 -7
47 -11 -8
47 -11 -15
47 -11 -17
47 -11 -19
47 -11 -20
47 -12 -1
47 -12 -5
47 -12 -6
47 -12 -10
47 -13 -9
47 -13 -17
47 -14 0
47 -14 -5
47 -14 -8
47 -15 0
47 -15 -6
47 -15 -11
47 -15 -12
47 -15 -13
47 -15 -17
47 -16 -4
47 -16 -6
47 -16 -8
47 -16 -14
47 -17 -7
47 -17 -20
47 -17 -22
47 -18 -5
47 -18 -6
47 -18 -8
47 -18 -11
47 -18 -14
47 -18 -15
47 -18 -20
47 -19 -6
47 -19 -9
47 -19 -21
47 -20 -3
47 -20 -7
47 -20 -10
47 -20 -12
47 -20 -20
47 -20 -22
47 -21 -11
47 -21 -19
47 -22 -3
47 -22 -5
47 -22 -15
47 -22 -16
47 -22 -17
47 -22 -19
47 -22 -22
48 0 -13
48 0 -15
48 -1 -8
48 -1 -11
48 -1 -22
48 -2 -9
48 -2 -20
48 -3 -11
48 -3 -12
48 -3 -21
48 -3 -22
48 -4 -20
48 -4 -22
48 -5 0
48 -5 -14
48 -6 0
48 -6 -8
48 -6 -9
48 -6 -12
48 -6 -17
48 -6 -19
48 -7 -1
48 -7 -9
48 -7 -14
48 -7 -15
48 -7 -18
48 -8 -9
48 -8 -14
48 -8 -15
48 -8 -18
48 -8 -22
48 -9 -18
48 -9 -21
48 -10 -2
48 -10 -3
48 -10 -9
48 -10 -19
48 -10 -21
48 -11 -3
48 -11 -4
48 -11 -5
48 -11 -7
48 -11 -8
48 -11 -15
48 -11 -17
48 -11 -19
48 -11 -20
48 -12 -1
48 -12 -5
48 -12 -6
48 -12 -10
48 -13 -9
48 -13 -17
48 -14 0
48 -14 -5
48 -14 -8
48 -15 0
48 -15 -6
48 -15 -11
48 -15 -12
48 -15 -13
48 -15 -17
48 -16 -4
48 -16 -6
48 -16 -8
48 -16 -14
48 -17 -7
48 -17 -20
48 -17 -22
48 -18 -5
48 -18 -6
48 -18 -8
48 -18 -11
48 -18 -14
48 -18 -15
48 -18 -20
48 -19 -6
48 -19 -9
48 -19 -21
48 -20 -3
48 -20 -7
48 -20 -10
48 -20 -12
48 -20 -20
48 -20 -22
48 -21 -11
48 -21 -19
48 -22 -3
48 -22 -5
48 -22 -15
48 -22 -16
48 -22 -17
48 -22 -19
48 -22 -22
49 0 -13
49 0 -15
49 -1 -8
49 -1 -11
49 -1 -22
49 -2 -9
49 -2 -20
49 -3 -11
49 -3 -12
49 -3 -21
49 -3 -22
49 -4 -20
49 -4 -22
49 -5 0
49 -5 -14
49 -6 0
49 -6 -8
49 -6 -9
49 -6 -12
49 -6 -17
49 -6 -19
49 -7 -1
49 -7 -9
49 -7 -14
49 -7 -15
49 -7 -18
49 -8 -9
49 -8 -14
49 -8 -15
49 -8 -18
49 -8 -22
49 -9 -18
49 -9 -21
49 -10 -2
49 -10 -3
49 -10 -9
49 -10 -19
49 -10 -21
49 -11 -3
49 -11 -4
49 -11 -5
49 -11 -7
49 -11 -8
49 -11 -15
49 -11 -17
49 -11 -19
49 -11 -20
49 -12 -1
49 -12 -5
49 -12 -6
49 -12 -10
49 -13 -9
49 -13 -17
49 -14 0
49 -14 -5
49 -14 -8
49 -15 0
49 -15 -6
49 -15 -11
49 -15 -12
49 -15 -13
49 -15 -17
49 -16 -4
49 -16 -6
49 -16 -8
49 -16 -14
49 -17 -7
49 -17 -20
49 -17 -22
49 -18 -5
49 -18 -6
49 -18 -8
49 -18 -11
49 -18 -14
49 -18 -15
49 -18 -20
49 -19 -6
49 -19 -9
49 -19 -21
49 -20 -3
49 -20 -7
49 -20 -10
49 -20 -12
49 -20 -20
49 -20 -22
49 -21 -11
49 -21 -19
49 -22 -3
49 -22 -5
49 -22 -15
49 -22 -16
49 -22 -17
49 -22 -19
49 -22 -22
50 0 -13
50 0 -15
50 -1 -8
50 -1 -11
50 -1 -22
50 -2 -9
50 -2 -20
50 -3 -11
50 -3 -12
50 -3 -21
50 -3 -22
50 -4 -20
50 -4 -22
50 -5 0
50 -5 -14
50 -6 0
50 -6 -8
50 -6 -9
50 -6 -12
50 -6 -17
50 -6 -19
50 -7 -1
50 -7 -9
50 -7 -14
50 -7 -15
50 -7 -18
50 -8 -9
50 -8 -14
50 -8 -15
50 -8 -18
50 -8 -22
50 -9 -18
50 -9 -21
50 -10 -2
50 -10 -3
50 -10 -9
50 -10 -19
50 -10 -21
50 -11 -3
50 -11 -4
50 -11 -5
50 -11 -7
50 -11 -8
50 -11 -15
50 -11 -17
50 -11 -19
50 -11 -20
50 -12 -1
50 -12 -5
50 -12 -6
50 -12 -10
50 -13 -9
50 -13 -17
50 -14 0
50 -14 -5
50 -14 -8
50 -15 0
50 -15 -6
50 -15 -11
50 -15 -12
50 -15 -13
50 -15 -17
50 -16 -4
50 -16 -6
50 -16 -8
50 -16 -14
50 -17 -7
50 -17 -20
50 -17 -22
50 -18 -5
50 -18 -6
50 -18 -8
50 -18 -11
50 -18 -14
50 -18 -15
50 -18 -20
50 -19 -6
50 -19 -9
50 -19 -21
50 -20 -3
50 -20 -7
50 -20 -10
50 -20 -12
50 -20 -20
50 -20 -22
50 -21 -11
50 -21 -19
50 -22 -3
50 -22 -5
50 -22 -15
50 -22 -16
50 -22 -17
50 -22 -19
50 -22 -22
51 0 -13
51 0 -15
51 -1 -8
51 -1 -11
51 -1 -22
51 -2 -9
51 -2 -20
51 -3 -11
51 -3 -12
51 -3 -21
51 -3 -22
51 -4 -20
51 -4 -22
51 -5 0
51 -5 -14
51 -6 0
51 -6 -8
51 -6 -9
51 -6 -12
51 -6 -17
51 -6 -19
51 -7 -1
51 -7 -9
51 -7 -14
51 -7 -15
51 -7 -18
51 -8 -9
51 -8 -14
51 -8 -15
51 -8 -18
51 -8 -22
51 -9 -18
51 -9 -21
51 -10 -2
51 -10 -3
51 -10 -9
51 -10 -19
51 -10 -21
51 -11 -3
51 -11 -4
51 -11 -5
51 -11 -7
51 -11 -8
51 -11 -15
51 -11 -17
51 -11 -19
51 -11 -20
51 -12 -1
51 -12 -5
51 -12 -6
51 -12 -10
51 -13 -9
51 -13 -17
51 -14 0
51 -14 -5
51 -14 -8
51 -15 0
51 -15 -6
51 -15 -11
51 -15 -12
51 -15 -13
51 -15 -17
51 -16 -4
51 -16 -6
51 -16 -8
51 -16 -14
51 -17 -7
51 -17 -20
51 -17 -22
51 -18 -5
51 -18 -6
51 -18 -8
51 -18 -11
51 -18 -14
51 -18 -15
51 -18 -20
51 -19 -6
51 -19 -9
51 -19 -21
51 -20 -3
51 -20 -7
51 -20 -10
51 -20 -12
51 -20 -20
51 -20 -22
51 -21 -11
51 -21 -19
51 -22 -3
51 -22 -5
51 -22 -15
51 -22 -16
51 -22 -17
51 -22 -19
51 -22 -22
52 0 -13
52 0 -15
52 -1 -8
52 -1 -11
52 -1 -22
52 -2 -9
52 -2 -20
52 -3 -11
52 -3 -12
52 -3 -21
52 -3 -22
52 -4 -20
52 -4 -22
52 -5 0
52 -5 -14
52 -6 0
52 -6 -8
52 -6 -9
52 -6 -12
52 -6 -17
52 -6 -19
52 -7 -1
52 -7 -9
52 -7 -14
52 -7 -15
52 -7 -18
52 -8 -9
52 -8 -14
52 -8 -15
52 -8 -18
52 -8 -22
52 -9 -18
52 -9 -21
52 -10 -2
52 -10 -3
52 -10 -9
52 -10 -19
52 -10 -21
52 -11 -3
52 -11 -4
52 -11 -5
52 -11 -7
52 -11 -8
52 -11 -15
52 -11 -17
52 -11 -19
52 -11 -20
52 -12 -1
52 -12 -5
52 -12 -6
52 -12 -10
52 -13 -9
52 -13 -17
52 -14 0
52 -14 -5
52 -14 -8
52 -15 0
52 -15 -6
52 -15 -11
52 -15 -12
52 -15 -13
52 -15 -17
52 -16 -4
52 -16 -6
52 -16 -8
52 -16 -14
52 -17 -7
52 -17 -20
52 -17 -22
52 -18 -5
52 -18 -6
52 -18 -8
52 -18 -11
52 -18 -14
52 -18 -15
52 -18 -20
52 -19 -6
52 -19 -9
52 -19 -21
52 -20 -3
52 -20 -7
52 -20 -10
52 -20 -12
52 -20 -20
52 -20 -22
52 -21 -11
52 -21 -19
52 -22 -3
52 -22 -5
52 -22 -15
52 -22 -16
52 -22 -17
52 -22 -19
52 -22 -22
53 0 -13
53 0 -15
53 -1 -8
53 -1 -11
53 -1 -22
53 -2 -9
53 -2 -20
53 -3 -11
53 -3 -12
53 -3 -21
53 -3 -22
53 -4 -20
53 -4 -22
53 -5 0
53 -5 -14
53 -6 0
53 -6 -8
53 -6 -9
53 -6 -12
53 -6 -17
53 -6 -19
53 -7 -1
53 -7 -9
53 -7 -14
53 -7 -15
53 -7 -18
53 -8 -9
53 -8 -14
53 -8 -15
53 -8 -18
53 -8 -22
53 -9 -18
53 -9 -21
53 -10 -2
53 -10 -3
53 -10 -9
53 -10 -19
53 -10 -21
53 -11 -3
53 -11 -4
53 -11 -5
53 -11 -7
53 -11 -8
53 -11 -15
53 -11 -17
53 -11 -19
53 -11 -20
53 -12 -1
53 -12 -5
53 -12 -6
53 -12 -10
53 -13 -9
53 -13 -17
53 -14 0
53 -14 -5
53 -14 -8
53 -15 0
53 -15 -6
53 -15 -11
53 -15 -12
53 -15 -13
53 -15 -17
53 -16 -4
53 -16 -6
53 -16 -8
53 -16 -14
53 -17 -7
53 -17 -20
53 -17 -22
53 -18 -5
53 -18 -6
53 -18 -8
53 -18 -11
53 -18 -14
53 -18 -15
53 -18 -20
53 -19 -6
53 -19 -9
53 -19 -21
53 -20 -3
53 -20 -7
53 -20 -10
53 -20 -12
53 -20 -20
53 -20 -22
53 -21 -11
53 -21 -19
53 -22 -3
53 -22 -5
53 -22 -15
53 -22 -16
53 -22 -17
53 -22 -19
53 -22 -22
54 0 -13
54 0 -15
54 -1 -8
54 -1 -11
54 -1 -22
54 -2 -9
54 -2 -20
54 -3 -11
54 -3 -12
54 -3 -21
54 -3 -22
54 -4 -20
54 -4 -22
54 -5 0
54 -5 -14
54 -6 0
54 -6 -8
54 -6 -9
54 -6 -12
54 -6 -17
54 -6 -19
54 -7 -1
54 -7 -9
54 -7 -14
54 -7 -15
54 -7 -18
54 -8 -9
54 -8 -14
54 -8 -15
54 -8 -18
54 -8 -22
54 -9 -18
54 -9 -21
54 -10 -2
54 -10 -3
54 -10 -9
54 -10 -19
54 -10 -21
54 -11 -3
54 -11 -4
54 -11 -5
54 -11 -7
54 -11 -8
54 -11 -15
54 -11 -17
54 -11 -19
54 -11 -20
54 -12 -1
54 -12 -5
54 -12 -6
54 -12 -10
54 -13 -9
54 -13 -17
54 -14 0
54 -14 -5
54 -14 -8
54 -15 0
54 -15 -6
54 -15 -11
54 -15 -12
54 -15 -13
54 -15 -17
54 -16 -4
54 -16 -6
54 -16 -8
54 -16 -14
54 -17 -7
54 -17 -20
54 -17 -22
54 -18 -5
54 -18 -6
54 -18 -8
54 -18 -11
54 -18 -14
54 -18 -15
54 -18 -20
54 -19 -6
54 -19 -9
54 -19 -21
54 -20 -3
54 -20 -7
54 -20 -10
54 -20 -12
54 -20 -20
54 -20 -22
54 -21 -11
54 -21 -19
54 -22 -3
54 -22 -5
54 -22 -15
54 -22 -16
54 -22 -17
54 -22 -19
54 -22 -22
55 0 -13
55 0 -15
55 -1 -8
55 -1 -11
55 -1 -22
55 -2 -9
55 -2 -20
55 -3 -11
55 -3 -12
55 -3 -21
55 -3 -22
55 -4 -20
55 -4 -22
55 -5 0
55 -5 -14
55 -6 0
55 -6 -8
55 -6 -9
55 -6 -12
55 -6 -17
55 -6 -19
55 -7 -1
55 -7 -9
55 -7 -14
55 -7 -15
55 -7 -18
55 -8 -9
55 -8 -14
55 -8 -15
55 -8 -18
55 -8 -22
55 -9 -18
55 -9 -21
55 -10 -2
55 -10 -3
55 -10 -9
55 -10 -19
55 -10 -21
55 -11 -3
55 -11 -4
55 -11 -5
55 -11 -7
55 -11 -8
55 -11 -15
55 -11 -17
55 -11 -19
55 -11 -20
55 -12 -1
55 -12 -5
55 -12 -6
55 -12 -10
55 -13 -9
55 -13 -17
55 -14 0
55 -14 -5
55 -14 -8
55 -15 0
55 -15 -6
55 -15 -11
55 -15 -12
55 -15 -13
55 -15 -17
55 -16 -4
55 -16 -6
55 -16 -8
55 -16 -14
55 -17 -7
55 -17 -20
55 -17 -22
55 -18 -5
55 -18 -6
55 -18 -8
55 -18 -11
55 -18 -14
55 -18 -15
55 -18 -20
55 -19 -6
55 -19 -9
55 -19 -21
55 -20 -3
55 -20 -7
55 -20 -10
55 -20 -12
55 -20 -20
55 -20 -22
55 -21 -11
55 -21 -19
55 -22 -3
55 -22 -5
55 -22 -15
55 -22 -16
55 -22 -17
55 -22 -19
55 -22 -22
56 0 -13
56 0 -15
56 -1 -8
56 -1 -11
56 -1 -22
56 -2 -9
56 -2 -20
56 -3 -11
56 -3 -12
56 -3 -21
56 -3 -22
56 -4 -20
56 -4 -22
56 -5 0
56 -5 -14
56 -6 0
56 -6 -8
56 -6 -9
56 -6 -12
56 -6 -17
56 -6 -19
56 -7 -1
56 -7 -9
56 -7 -14
56 -7 -15
56 -7 -18
56 -8 -9
56 -8 -14
56 -8 -15
56 -8 -18
56 -8 -22
56 -9 -18
56 -9 -21
56 -10 -2
56 -10 -3
56 -10 -9
56 -10 -19
56 -10 -21
56 -11 -3
56 -11 -4
56 -11 -5
56 -11 -7
56 -11 -8
56 -11 -15
56 -11 -17
56 -11 -19
56 -11 -20
56 -12 -1
56 -12 -5
56 -12 -6
56 -12 -10
56 -13 -9
56 -13 -17
56 -14 0
56 -14 -5
56 -14 -8
56 -15 0
56 -15 -6
56 -15 -11
56 -15 -12
56 -15 -13
56 -15 -17
56 -16 -4
56 -16 -6
56 -16 -8
56 -16 -14
56 -17 -7
56 -17 -20
56 -17 -22
56 -18 -5
56 -18 -6
56 -18 -8
56 -18 -11
56 -18 -14
56 -18 -15
56 -18 -20
56 -19 -6
56 -19 -9
56 -19 -21
56 -20 -3
56 -20 -7
56 -20 -10
56 -20 -12
56 -20 -20
56 -20 -22
56 -21 -11
56 -21 -19
56 -22 -3
56 -22 -5
56 -22 -15
56 -22 -16
56 -22 -17
56 -22 -19
56 -22 -22
57 0 -13
57 0 -15
57 -1 -8
57 -1 -11
57 -1 -22
57 -2 -9
57 -2 -20
57 -3 -11
57 -3 -12
57 -3 -21
57 -3 -22
57 -4 -20
57 -4 -22
57 -5 0
57 -5 -14
57 -6 0
57 -6 -8
57 -6 -9
57 -6 -12
57 -6 -17
57 -6 -19
57 -7 -1
57 -7 -9
57 -7 -14
57 -7 -15
57 -7 -18
57 -8 -9
57 -8 -14
57 -8 -15
57 -8 -18
57 -8 -22
57 -9 -18
57 -9 -21
57 -10 -2
57 -10 -3
57 -10 -9
57 -10 -19
57 -10 -21
57 -11 -3
57 -11 -4
57 -11 -5
57 -11 -7
57 -11 -8
57 -11 -15
57 -11 -17
57 -11 -19
57 -11 -20
57 -12 -1
57 -12 -5
57 -12 -6
57 -12 -10
57 -13 -9
57 -13 -17
57 -14 0
57 -14 -5
57 -14 -8
57 -15 0
57 -15 -6
57 -15 -11
57 -15 -12
57 -15 -13
57 -15 -17
57 -16 -4
57 -16 -6
57 -16 -8
57 -16 -14
57 -17 -7
57 -17 -20
57 -17 -22
57 -18 -5
57 -18 -6
57 -18 -8
57 -18 -11
57 -18 -14
57 -18 -15
57 -18 -20
57 -19 -6
57 -19 -9
57 -19 -21
57 -20 -3
57 -20 -7
57 -20 -10
57 -20 -12
57 -20 -20
57 -20 -22
57 -21 -11
57 -21 -19
57 -22 -3
57 -22 -5
57 -22 -15
57 -22 -16
57 -22 -17
57 -22 -19
57 -22 -22
58 0 -13
58 0 -15
58 -1 -8
58 -1 -11
58 -1 -22
58 -2 -9
58 -2 -20
58 -3 -11
58 -3 -12
58 -3 -21
58 -3 -22
58 -4 -20
58 -4 -22
58 -5 0
58 -5 -14
58 -6 0
58 -6 -8
58 -6 -9
58 -6 -12
58 -6 -17
58 -6 -19
58 -7 -1
58 -7 -9
58 -7 -14
58 -7 -15
58 -7 -18
58 -8 -9
58 -8 -14
58 -8 -15
58 -8 -18
58 -8 -22
58 -9 -18
58 -9 -21
58 -10 -2
58 -10 -3
58 -10 -9
58 -10 -19
58 -10 -21
58 -11 -3
58 -11 -4
58 -11 -5
58 -11 -7
58 -11 -8
58 -11 -15
58 -11 -17
58 -11 -19
58 -11 -20
58 -12 -1
58 -12 -5
58 -12 -6
58 -12 -10
58 -13 -9
58 -13 -17
58 -14 0
58 -14 -5
58 -14 -8
58 -15 0
58 -15 -6
58 -15 -11
58 -15 -12
58 -15 -13
58 -15 -17
58 -16 -4
58 -16 -6
58 -16 -8
58 -16 -14
58 -17 -7
58 -17 -20
58 -17 -22
58 -18 -5
58 -18 -6
58 -18 -8
58 -18 -11
58 -18 -14
58 -18 -15
58 -18 -20
58 -19 -6
58 -19 -9
58 -19 -21
58 -20 -3
58 -20 -7
58 -20 -10
58 -20 -12
58 -20 -20
58 -20 -22
58 -21 -11
58 -21 -19
58 -22 -3
58 -22 -5
58 -22 -15
58 -22 -16
58 -22 -17
58 -22 -19
58 -22 -22
59 0 -13
59 0 -15
59 -1 -8
59 -1 -11
59 -1 -22
59 -2 -9
59 -2 -20
59 -3 -11
59 -3 -12
59 -3 -21
59 -3 -22
59 -4 -20
59 -4 -22
59 -5 0
59 -5 -14
59 -6 0
59 -6 -8
59 -6 -9
59 -6 -12
59 -6 -17
59 -6 -19
59 -7 -1
59 -7 -9
59 -7 -14
59 -7 -15
59 -7 -18
59 -8 -9
59 -8 -14
59 -8 -15
59 -8 -18
59 -8 -22
59 -9 -18
59 -9 -21
59 -10 -2
59 -10 -3
59 -10 -9
59 -10 -19
59 -10 -21
59 -11 -3
59 -11 -4
59 -11 -5
59 -11 -7
59 -11 -8
59 -11 -15
59 -11 -17
59 -11 -19
59 -11 -20
59 -12 -1
59 -12 -5
59 -12 -6
59 -12 -10
59 -13 -9
59 -13 -17
59 -14 0
59 -14 -5
59 -14 -8
59 -15 0
59 -15 -6
59 -15 -11
59 -15 -12
59 -15 -13
59 -15 -17
59 -16 -4
59 -16 -6
59 -16 -8
59 -16 -14
59 -17 -7
59 -17 -20
59 -17 -22
59 -18 -5
59 -18 -6
59 -18 -8
59 -18 -11
59 -18 -14
59 -18 -15
59 -18 -20
59 -19 -6
59 -19 -9
59 -19 -21
59 -20 -3
59 -20 -7
59 -20 -10
59 -20 -12
59 -20 -20
59 -20 -22
59 -21 -11
59 -21 -19
59 -22 -3
59 -22 -5
59 -22 -15
59 -22 -16
59 -22 -17
59 -22 -19
59 -22 -22
60 0 -13
60 0 -15
60 -1 -8
60 -1 -11
60 -1 -22
60 -2 -9
60 -2 -20
60 -3 -11
60 -3 -12
60 -3 -21
60 -3 -22
60 -4 -20
60 -4 -22
60 -5 0
60 -5 -14
60 -6 0
60 -6 -8
60 -6 -9
60 -6 -12
60 -6 -17
60 -6 -19
60 -7 -1
60 -7 -9
60 -7 -14
60 -7 -15
60 -7 -18
60 -8 -9
60 -8 -14
60 -8 -15
60 -8 -18
60 -8 -22
60 -9 -18
60 -9 -21
60 -10 -2
60 -10 -3
60 -10 -9
60 -10 -19
60 -10 -21
60 -11 -3
60 -11 -4
60 -11 -5
60 -11 -7
60 -11 -8
60 -11 -15
60 -11 -17
60 -11 -19
60 -11 -20
60 -12 -1
60 -12 -5
60 -12 -6
60 -12 -10
60 -13 -9
60 -13 -17
60 -14 0
60 -14 -5
60 -14 -8
60 -15 0
60 -15 -6
60 -15 -11
60 -15 -12
60 -15 -13
60 -15 -17
60 -16 -4
60 -16 -6
60 -16 -8
60 -16 -14
60 -17 -7
60 -17 -20
60 -17 -22
60 -18 -5
60 -18 -6
60 -18 -8
60 -18 -11
60 -18 -14
60 -18 -15
60 -18 -20
60 -19 -6
60 -19 -9
60 -19 -21
60 -20 -3
60 -20 -7
60 -20 -10
60 -20 -12
60 -20 -20
60 -20 -22
60 -21 -11
60 -21 -19
60 -22 -3
60 -22 -5
60 -22 -15
60 -22 -16
60 -22 -17
60 -22 -19
60 -22 -22
61 0 -13
61 0 -15
61 -1 -8
61 -1 -11
61 -1 -22
61 -2 -9
61 -2 -20
61 -3 -11
61 -3 -12
61 -3 -21
61 -3 -22
61 -4 -20
61 -4 -22
61 -5 0
61 -5 -14
61 -6 0
61 -6 -8
61 -6 -9
61 -6 -12
61 -6 -17
61 -6 -19
61 -7 -1
61 -7 -9
61 -7 -14
61 -7 -15
61 -7 -18
61 -8 -9
61 -8 -14
61 -8 -15
61 -8 -18
61 -8 -22
61 -9 -18
61 -9 -21
61 -10 -2
61 -10 -3
61 -10 -9
61 -10 -19
61 -10 -21
61 -11 -3
61 -11 -4
61 -11 -5
61 -11 -7
61 -11 -8
61 -11 -15
61 -11 -17
61 -11 -19
61 -11 -20
61 -12 -1
61 -12 -5
61 -12 -6
61 -12 -10
61 -13 -9
61 -13 -17
61 -14 0
61 -14 -5
61 -14 -8
61 -15 0
61 -15 -6
61 -15 -11
61 -15 -12
61 -15 -13
61 -15 -17
61 -16 -4
61 -16 -6
61 -16 -8
61 -16 -14
61 -17 -7
61 -17 -20
61 -17 -22
61 -18 -5
61 -18 -6
61 -18 -8
61 -18 -11
61 -18 -14
61 -18 -15
61 -18 -20
61 -19 -6
61 -19 -9
61 -19 -21
61 -20 -3
61 -20 -7
61 -20 -10
61 -20 -12
61 -20 -20
61 -20 -22
61 -21 -11
61 -21 -19
61 -22 -3
61 -22 -5
61 -22 -15
61 -22 -16
61 -22 -17
61 -22 -19
61 -22 -22
62 0 -13
62 0 -15
62 -1 -8
62 -1 -11
62 -1 -22
62 -2 -9
62 -2 -20
62 -3 -11
62 -3 -12
62 -3 -21
62 -3 -22
62 -4 -20
62 -4 -22
62 -5 0
62 -5 -14
62 -6 0
62 -6 -8
62 -6 -9
62 -6 -12
62 -6 -17
62 -6 -19
62 -7 -1
62 -7 -9
62 -7 -14
62 -7 -15
62 -7 -18
62 -8 -9
62 -8 -14
62 -8 -15
62 -8 -18
62 -8 -22
62 -9 -18
62 -9 -21
62 -10 -2
62 -10 -3
62 -10 -9
62 -10 -19
62 -10 -21
62 -11 -3
62 -11 -4
62 -11 -5
62 -11 -7
62 -11 -8
62 -11 -15
62 -11 -17
62 -11 -19
62 -11 -20
62 -12 -1
62 -12 -5
62 -12 -6
62 -12 -10
62 -13 -9
62 -13 -17
62 -14 0
62 -14 -5
62 -14 -8
62 -15 0
62 -15 -6
62 -15 -11
62 -15 -12
62 -15 -13
62 -15 -17
62 -16 -4
62 -16 -6
62 -16 -8
62 -16 -14
62 -17 -7
62 -17 -20
62 -17 -22
62 -18 -5
62 -18 -6
62 -18 -8
62 -18 -11
62 -18 -14
62 -18 -15
62 -18 -20
62 -19 -6
62 -19 -9
62 -19 -21
62 -20 -3
62 -20 -7
62 -20 -10
62 -20 -12
62 -20 -20
62 -20 -22
62 -21 -11
62 -21 -19
62 -22 -3
62 -22 -5
62 -22 -15
62 -22 -16
62 -22 -17
62 -22 -19
62 -22 -22
63 0 -13
63 0 -15
63 -1 -8
63 -1 -11
63 -1 -22
63 -2 -9
63 -2 -20
63 -3 -11
63 -3 -12
63 -3 -21
63 -3 -22
63 -4 -20
63 -4 -22
63 -5 0
63 -5 -14
63 -6 0
63 -6 -8
63 -6 -9
63 -6 -12
63 -6 -17
63 -6 -19
63 -7 -1
63 -7 -9
63 -7 -14
63 -7 -15
63 -7 -18
63 -8 -9
63 -8 -14
63 -8 -15
63 -8 -18
63 -8 -22
63 -9 -18
63 -9 -21
63 -10 -2
63 -10 -3
63 -10 -9
63 -10 -19
63 -10 -21
63 -11 -3
63 -11 -4
63 -11 -5
63 -11 -7
63 -11 -8
63 -11 -15
63 -11 -17
63 -11 -19
63 -11 -20
63 -12 -1
63 -12 -5
63 -12 -6
63 -12 -10
63 -13 -9
63 -13 -17
63 -14 0
63 -14 -5
63 -14 -8
63 -15 0
63 -15 -6
63 -15 -11
63 -15 -12
63 -15 -13
63 -15 -17
63 -16 -4
63 -16 -6
63 -16 -8
63 -16 -14
63 -17 -7
63 -17 -20
63 -17 -22
63 -18 -5
63 -18 -6
63 -18 -8
63 -18 -11
63 -18 -14
63 -18 -15
63 -18 -20
63 -19 -6
63 -19 -9
63 -19 -21
63 -20 -3
63 -20 -7
63 -20 -10
63 -20 -12
63 -20 -20
63 -20 -22
63 -21 -11
63 -21 -19
63 -22 -3
63 -22 -5
63 -22 -15
63 -22 -16
63 -22 -17
63 -22 -19
63 -22 -22
64 0 -13
64 0 -15
64 -1 -8
64 -1 -11
64 -1 -22
64 -2 -9
64 -2 -20
64 -3 -11
64 -3 -12
64 -3 -21
64 -3 -22
64 -4 -20
64 -4 -22
64 -5 0
64 -5 -14
64 -6 0
64 -6 -8
64 -6 -9
64 -6 -12
64 -6 -17
64 -6 -19
64 -7 -1
64 -7 -9
64 -7 -14
64 -7 -15
64 -7 -18
64 -8 -9
64 -8 -14
64 -8 -15
64 -8 -18
64 -8 -22
64 -9 -18
64 -9 -21
64 -10 -2
64 -10 -3
64 -10 -9
64 -10 -19
64 -10 -21
64 -11 -3
64 -11 -4
64 -11 -5
64 -11 -7
64 -11 -8
64 -11 -15
64 -11 -17
64 -11 -19
64 -11 -20
64 -12 -1
64 -12 -5
64 -12 -6
64 -12 -10
64 -13 -9
64 -13 -17
64 -14 0
64 -14 -5
64 -14 -8
64 -15 0
64 -15 -6
64 -15 -11
64 -15 -12
64 -15 -13
64 -15 -17
64 -16 -4
64 -16 -6
64 -16 -8
64 -16 -14
64 -17 -7
64 -17 -20
64 -17 -22
64 -18 -5
64 -18 -6
64 -18 -8
64 -18 -11
64 -18 -14
64 -18 -15
64 -18 -20
64 -19 -6
64 -19 -9
64 -19 -21
64 -20 -3
64 -20 -7
64 -20 -10
64 -20 -12
64 -20 -20
64 -20 -22
64 -21 -11
64 -21 -19
64 -22 -3
64 -22 -5
64 -22 -15
64 -22 -16
64 -22 -17
64 -22 -19
64 -22 -22
65 0 -13
65 0 -15
65 -1 -8
65 -1 -11
65 -1 -22
65 -2 -9
65 -2 -20
65 -3 -11
65 -3 -12
65 -3 -21
65 -3 -22
65 -4 -20
65 -4 -22
65 -5 0
65 -5 -14
65 -6 0
65 -6 -8
65 -6 -9
65 -6 -12
65 -6 -17
65 -6 -19
65 -7 -1
65 -7 -9
65 -7 -14
65 -7 -15
65 -7 -18
65 -8 -9
65 -8 -14
65 -8 -15
65 -8 -18
65 -8 -22
65 -9 -18
65 -9 -21
65 -10 -2
65 -10 -3
65 -10 -9
65 -10 -19
65 -10 -21
65 -11 -3
65 -11 -4
65 -11 -5
65 -11 -7
65 -11 -8
65 -11 -15
65 -11 -17
65 -11 -19
65 -11 -20
65 -12 -1
65 -12 -5
65 -12 -6
65 -12 -10
65 -13 -9
65 -13 -17
65 -14 0
65 -14 -5
65 -14 -8
65 -15 0
65 -15 -6
65 -15 -11
65 -15 -12
65 -15 -13
65 -15 -17
65 -16 -4
65 -16 -6
65 -16 -8
65 -16 -14
65 -17 -7
65 -17 -20
65 -17 -22
65 -18 -5
65 -18 -6
65 -18 -8
65 -18 -11
65 -18 -14
65 -18 -15
65 -18 -20
65 -19 -6
65 -19 -9
65 -19 -21
65 -20 -3
65 -20 -7
65 -20 -10
65 -20 -12
65 -20 -20
65 -20 -22
65 -21 -11
65 -21 -19
65 -22 -3
65 -22 -5
65 -22 -15
65 -22 -16
65 -22 -17
65 -22 -19
65 -22 -22
66 0 -13
66 0 -15
66 -1 -8
66 -1 -11
66 -1 -22
66 -2 -9
66 -2 -20
66 -3 -11
66 -3 -12
66 -3 -21
66 -3 -22
66 -4 -20
66 -4 -22
66 -5 0
66 -5 -14
66 -6 0
66 -6 -8
66 -6 -9
66 -6 -12
66 -6 -17
66 -6 -19
66 -7 -1
66 -7 -9
66 -7 -14
66 -7 -15
66 -7 -18
66 -8 -9
66 -8 -14
66 -8 -15
66 -8 -18
66 -8 -22
66 -9 -18
66 -9 -21
66 -10 -2
66 -10 -3
66 -10 -9
66 -10 -19
66 -10 -21
66 -11 -3
66 -11 -4
66 -11 -5
66 -11 -7
66 -11 -8
66 -11 -15
66 -11 -17
66 -11 -19
66 -11 -20
66 -12 -1
66 -12 -5
66 -12 -6
66 -12 -10
66 -13 -9
66 -13 -17
66 -14 0
66 -14 -5
66 -14 -8
66 -15 0
66 -15 -6
66 -15 -11
66 -15 -12
66 -15 -13
66 -15 -17
66 -16 -4
66 -16 -6
66 -16 -8
66 -16 -14
66 -17 -7
66 -17 -20
66 -17 -22
66 -18 -5
66 -18 -6
66 -18 -8
66 -18 -11
66 -18 -14
66 -18 -15
66 -18 -20
66 -19 -6
66 -19 -9
66 -19 -21
66 -20 -3
66 -20 -7
66 -20 -10
66 -20 -12
66 -20 -20
66 -20 -22
66 -21 -11
66 -21 -19
66 -22 -3
66 -22 -5
66 -22 -15
66 -22 -16
66 -22 -17
66 -22 -19
66 -22 -22
67 0 -13
67 0 -15
67 -1 -8
67 -1 -11
67 -1 -22
67 -2 -9
67 -2 -20
67 -3 -11
67 -3 -12
67 -3 -21
67 -3 -22
67 -4 -20
67 -4 -22
67 -5 0
67 -5 -14
67 -6 0
67 -6 -8
67 -6 -9
67 -6 -12
67 -6 -17
67 -6 -19
67 -7 -1
67 -7 -9
67 -7 -14
67 -7 -15
67 -7 -18
67 -8 -9
67 -8 -14
67 -8 -15
67 -8 -18
67 -8 -22
67 -9 -18
67 -9 -21
67 -10 -2
67 -10 -3
67 -10 -9
67 -10 -19
67 -10 -21
67 -11 -3
67 -11 -4
67 -11 -5
67 -11 -7
67 -11 -8
67 -11 -15
67 -11 -17
67 -11 -19
67 -11 -20
67 -12 -1
67 -12 -5
67 -12 -6
67 -12 -10
67 -13 -9
67 -13 -17
67 -14 0
67 -14 -5
67 -14 -8
67 -15 0
67 -15 -6
67 -15 -11
67 -15 -12
67 -15 -13
67 -15 -17
67 -16 -4
67 -16 -6
67 -16 -8
67 -16 -14
67 -17 -7
67 -17 -20
67 -17 -22
67 -18 -5
67 -18 -6
67 -18 -8
67 -18 -11
67 -18 -14
67 -18 -15
67 -18 -20
67 -19 -6
67 -19 -9
67 -19 -21
67 -20 -3
67 -20 -7
67 -20 -10
67 -20 -12
67 -20 -20
67 -20 -22
67 -21 -11
67 -21 -19
67 -22 -3
67 -22 -5
67 -22 -15
67 -22 -16
67 -22 -17
67 -22 -19
67 -22 -22
68 0 -13
68 0 -15
68 -1 -8
68 -1 -11
68 -1 -22
68 -2 -9
68 -2 -20
68 -3 -11
68 -3 -12
68 -3 -21
68 -3 -22
68 -4 -20
68 -4 -22
68 -5 0
68 -5 -14
68 -6 0
68 -6 -8
68 -6 -9
68 -6 -12
68 -6 -17
68 -6 -19
68 -7 -1
68 -7 -9
68 -7 -14
68 -7 -15
68 -7 -18
68 -8 -9
68 -8 -14
68 -8 -15
68 -8 -18
68 -8 -22
68 -9 -18
68 -9 -21
68 -10 -2
68 -10 -3
68 -10 -9
68 -10 -19
68 -10 -21
68 -11 -3
68 -11 -4
68 -11 -5
68 -11 -7
68 -11 -8
68 -11 -15
68 -11 -17
68 -11 -19
68 -11 -20
68 -12 -1
68 -12 -5
68 -12 -6
68 -12 -10
68 -13 -9
68 -13 -17
68 -14 0
68 -14 -5
68 -14 -8
68 -15 0
68 -15 -6
68 -15 -11
68 -15 -12
68 -15 -13
68 -15 -17
68 -16 -4
68 -16 -6
68 -16 -8
68 -16 -14
68 -17 -7
68 -17 -20
68 -17 -22
68 -18 -5
68 -18 -6
68 -18 -8
68 -18 -11
68 -18 -14
68 -18 -15
68 -18 -20
68 -19 -6
68 -19 -9
68 -19 -21
68 -20 -3
68 -20 -7
68 -20 -10
68 -20 -12
68 -20 -20
68 -20 -22
68 -21 -11
68 -21 -19
68 -22 -3
68 -22 -5
68 -22 -15
68 -22 -16
68 -22 -17
68 -22 -19
68 -22 -22
69 0 -13
69 0 -15
69 -1 -8
69 -1 -11
69 -1 -22
69 -2 -9
69 -2 -20
69 -3 -11
69 -3 -12
69 -3 -21
69 -3 -22
69 -4 -20
69 -4 -22
69 -5 0
69 -5 -14
69 -6 0
69 -6 -8
69 -6 -9
69 -6 -12
69 -6 -17
69 -6 -19
69 -7 -1
69 -7 -9
69 -7 -14
69 -7 -15
69 -7 -18
69 -8 -9
69 -8 -14
69 -8 -15
69 -8 -18
69 -8 -22
69 -9 -18
69 -9 -21
69 -10 -2
69 -10 -3
69 -10 -9
69 -10 -19
69 -10 -21
69 -11 -3
69 -11 -4
69 -11 -5
69 -11 -7
69 -11 -8
69 -11 -15
69 -11 -17
69 -11 -19
69 -11 -20
69 -12 -1
69 -12 -5
69 -12 -6
69 -12 -10
69 -13 -9
69 -13 -17
69 -14 0
69 -14 -5
69 -14 -8
69 -15 0
69 -15 -6
69 -15 -11
69 -15 -12
69 -15 -13
69 -15 -17
69 -16 -4
69 -16 -6
69 -16 -8
69 -16 -14
69 -17 -7
69 -17 -20
69 -17 -22
69 -18 -5
69 -18 -6
69 -18 -8
69 -18 -11
69 -18 -14
69 -18 -15
69 -18 -20
69 -19 -6
69 -19 -9
69 -19 -21
69 -20 -3
69 -20 -7
69 -20 -10
69 -20 -12
69 -20 -20
69 -20 -22
69 -21 -11
69 -21 -19
69 -22 -3
69 -22 -5
69 -22 -15
69 -22 -16
69 -22 -17
69 -22 -19
69 -22 -22
70 0 -13
70 0 -15
70 -1 -8
70 -1 -11
70 -1 -22
70 -2 -9
70 -2 -20
70 -3 -11
70 -3 -12
70 -3 -21
70 -3 -22
70 -4 -20
70 -4 -22
70 -5 0
70 -5 -14
70 -6 0
70 -6 -8
70 -6 -9
70 -6 -12
70 -6 -17
70 -6 -19
70 -7 -1
70 -7 -9
70 -7 -14
70 -7 -15
70 -7 -18
70 -8 -9
70 -8 -14
70 -8 -15
70 -8 -18
70 -8 -22
70 -9 -18
70 -9 -21
70 -10 -2
70 -10 -3
70 -10 -9
70 -10 -19
70 -10 -21
70 -11 -3
70 -11 -4
70 -11 -5
70 -11 -7
70 -11 -8
70 -11 -15
70 -11 -17
70 -11 -19
70 -11 -20
70 -12 -1
70 -12 -5
70 -12 -6
70 -12 -10
70 -13 -9
70 -13 -17
70 -14 0
70 -14 -5
70 -14 -8
70 -15 0
70 -15 -6
70 -15 -11
70 -15 -12
70 -15 -13
70 -15 -17
70 -16 -4
70 -16 -6
70 -16 -8
70 -16 -14
70 -17 -7
70 -17 -20
70 -17 -22
70 -18 -5
70 -18 -6
70 -18 -8
70 -18 -11
70 -18 -14
70 -18 -15
70 -18 -20
70 -19 -6
70 -19 -9
70 -19 -21
70 -20 -3
70 -20 -7
70 -20 -10
70 -20 -12
70 -20 -20
70 -20 -22
70 -21 -11
70 -21 -19
70 -22 -3
70 -22 -5
70 -22 -15
70 -22 -16
70 -22 -17
70 -22 -19
70 -22 -22
71 0 -13
71 0 -15
71 -1 -8
71 -1 -11
71 -1 -22
71 -2 -9
71 -2 -20
71 -3 -11
71 -3 -12
71 -3 -21
71 -3 -22
71 -4 -20
71 -4 -22
71 -5 0
71 -5 -14
71 -6 0
71 -6 -8
71 -6 -9
71 -6 -12
71 -6 -17
71 -6 -19
71 -7 -1
71 -7 -9
71 -7 -14
71 -7 -15
71 -7 -18
71 -8 -9
71 -8 -14
71 -8 -15
71 -8 -18
71 -8 -22
71 -9 -18
71 -9 -21
71 -10 -2
71 -10 -3
71 -10 -9
71 -10 -19
71 -10 -21
71 -11 -3
71 -11 -4
71 -11 -5
71 -11 -7
71 -11 -8
71 -11 -15
71 -11 -17
71 -11 -19
71 -11 -20
71 -12 -1
71 -12 -5
71 -12 -6
71 -12 -10
71 -13 -9
71 -13 -17
71 -14 0
71 -14 -5
71 -14 -8
71 -15 0
71 -15 -6
71 -15 -11
71 -15 -12
71 -15 -13
71 -15 -17
71 -16 -4
71 -16 -6
71 -16 -8
71 -16 -14
71 -17 -7
71 -17 -20
71 -17 -22
71 -18 -5
71 -18 -6
71 -18 -8
71 -18 -11
71 -18 -14
71 -18 -15
71 -18 -20
71 -19 -6
71 -19 -9
71 -19 -21
71 -20 -3
71 -20 -7
71 -20 -10
71 -20 -12
71 -20 -20
71 -20 -22
71 -21 -11
71 -21 -19
71 -22 -3
71 -22 -5
71 -22 -15
71 -22 -16
71 -22 -17
71 -22 -19
71 -22 -22
72 0 -13
72 0 -15
72 -1 -8
72 -1 -11
72 -1 -22
72 -2 -9
72 -2 -20
72 -3 -11
72 -3 -12
72 -3 -21
72 -3 -22
72 -4 -20
72 -4 -22
72 -5 0
72 -5 -14
72 -6 0
72 -6 -8
72 -6 -9
72 -6 -12
72 -6 -17
72 -6 -19
72 -7 -1
72 -7 -9
72 -7 -14
72 -7 -15
72 -7 -18
72 -8 -9
72 -8 -14
72 -8 -15
72 -8 -18
72 -8 -22
72 -9 -18
72 -9 -21
72 -10 -2
72 -10 -3
72 -10 -9
72 -10 -19
72 -10 -21
72 -11 -3
72 -11 -4
72 -11 -5
72 -11 -7
72 -11 -8
72 -11 -15
72 -11 -17
72 -11 -19
72 -11 -20
72 -12 -1
72 -12 -5
72 -12 -6
72 -12 -10
72 -13 -9
72 -13 -17
72 -14 0
72 -14 -5
72 -14 -8
72 -15 0
72 -15 -6
72 -15 -11
72 -15 -12
72 -15 -13
72 -15 -17
72 -16 -4
72 -16 -6
72 -16 -8
72 -16 -14
72 -17 -7
72 -17 -20
72 -17 -22
72 -18 -5
72 -18 -6
72 -18 -8
72 -18 -11
72 -18 -14
72 -18 -15
72 -18 -20
72 -19 -6
72 -19 -9
72 -19 -21
72 -20 -3
72 -20 -7
72 -20 -10
72 -20 -12
72 -20 -20
72 -20 -22
72 -21 -11
72 -21 -19
72 -22 -3
72 -22 -5
72 -22 -15
72 -22 -16
72 -22 -17
72 -22 -19
72 -22 -22
73 0 -13
73 0 -15
73 -1 -8
73 -1 -11
73 -1 -22
73 -2 -9
73 -2 -20
73 -3 -11
73 -3 -12
73 -3 -21
73 -3 -22
73 -4 -20
73 -4 -22
73 -5 0
73 -5 -14
73 -6 0
73 -6 -8
73 -6 -9
73 -6 -12
73 -6 -17
73 -6 -19
73 -7 -1
73 -7 -9
73 -7 -14
73 -7 -15
73 -7 -18
73 -8 -9
73 -8 -14
73 -8 -15
73 -8 -18
73 -8 -22
73 -9 -18
73 -9 -21
73 -10 -2
73 -10 -3
73 -10 -9
73 -10 -19
73 -10 -21
73 -11 -3
73 -11 -4
73 -11 -5
73 -11 -7
73 -11 -8
73 -11 -15
73 -11 -17
73 -11 -19
73 -11 -20
73 -12 -1
73 -12 -5
73 -12 -6
73 -12 -10
73 -13 -9
73 -13 -17
73 -14 0
73 -14 -5
73 -14 -8
73 -15 0
73 -15 -6
73 -15 -11
73 -15 -12
73 -15 -13
73 -15 -17
73 -16 -4
73 -16 -6
73 -16 -8
73 -16 -14
73 -17 -7
73 -17 -20
73 -17 -22
73 -18 -5
73 -18 -6
73 -18 -8
73 -18 -11
73 -18 -14
73 -18 -15
73 -18 -20
73 -19 -6
73 -19 -9
73 -19 -21
73 -20 -3
73 -20 -7
73 -20 -10
73 -20 -12
73 -20 -20
73 -20 -22
73 -21 -11
73 -21 -19
73 -22 -3
73 -22 -5
73 -22 -15
73 -22 -16
73 -22 -17
73 -22 -19
73 -22 -22
74 0 -13
74 0 -15
74 -1 -8
74 -1 -11
74 -1 -22
74 -2 -9
74 -2 -20
74 -3 -11
74 -3 -12
74 -3 -21
74 -3 -22
74 -4 -20
74 -4 -22
74 -5 0
74 -5 -14
74 -6 0
74 -6 -8
74 -6 -9
74 -6 -12
74 -6 -17
74 -6 -19
74 -7 -1
74 -7 -9
74 -7 -14
74 -7 -15
74 -7 -18
74 -8 -9
74 -8 -14
74 -8 -15
74 -8 -18
74 -8 -22
74 -9 -18
74 -9 -21
74 -10 -2
74 -10 -3
74 -10 -9
74 -10 -19
74 -10 -21
74 -11 -3
74 -11 -4
74 -11 -5
74 -11 -7
74 -11 -8
74 -11 -15
74 -11 -17
74 -11 -19
74 -11 -20
74 -12 -1
74 -12 -5
74 -12 -6
74 -12 -10
74 -13 -9
74 -13 -17
74 -14 0
74 -14 -5
74 -14 -8
74 -15 0
74 -15 -6
74 -15 -11
74 -15 -12
74 -15 -13
74 -15 -17
74 -16 -4
74 -16 -6
74 -16 -8
74 -16 -14
74 -17 -7
74 -17 -20
74 -17 -22
74 -18 -5
74 -18 -6
74 -18 -8
74 -18 -11
74 -18 -14
74 -18 -15
74 -18 -20
74 -19 -6
74 -19 -9
74 -19 -21
74 -20 -3
74 -20 -7
74 -20 -10
74 -20 -12
74 -20 -20
74 -20 -22
74 -21 -11
74 -21 -19
74 -22 -3
74 -22 -5
74 -22 -15
74 -22 -16
74 -22 -17
74 -22 -19
74 -22 -22
75 0 -13
75 0 -15
75 -1 -8
75 -1 -11
75 -1 -22
75 -2 -9
75 -2 -20
75 -3 -11
75 -3 -12
75 -3 -21
75 -3 -22
75 -4 -20
75 -4 -22
75 -5 0
75 -5 -14
75 -6 0
75 -6 -8
75 -6 -9
75 -6 -12
75 -6 -17
75 -6 -19
75 -7 -1
75 -7 -9
75 -7 -14
75 -7 -15
75 -7 -18
75 -8 -9
75 -8 -14
75 -8 -15
75 -8 -18
75 -8 -22
75 -9 -18
75 -9 -21
75 -10 -2
75 -10 -3
75 -10 -9
75 -10 -19
75 -10 -21
75 -11 -3
75 -11 -4
75 -11 -5
75 -11 -7
75 -11 -8
75 -11 -15
75 -11 -17
75 -11 -19
75 -11 -20
75 -12 -1
75 -12 -5
75 -12 -6
75 -12 -10
75 -13 -9
75 -13 -17
75 -14 0
75 -14 -5
75 -14 -8
75 -15 0
75 -15 -6
75 -15 -11
75 -15 -12
75 -15 -13
75 -15 -17
75 -16 -4
75 -16 -6
75 -16 -8
75 -16 -14
75 -17 -7
75 -17 -20
75 -17 -22
75 -18 -5
75 -18 -6
75 -18 -8
75 -18 -11
75 -18 -14
75 -18 -15
75 -18 -20
75 -19 -6
75 -19 -9
75 -19 -21
75 -20 -3
75 -20 -7
75 -20 -10
75 -20 -12
75 -20 -20
75 -20 -22
75 -21 -11
75 -21 -19
75 -22 -3
75 -22 -5
75 -22 -15
75 -22 -16
75 -22 -17
75 -22 -19
75 -22 -22
76 0 -13
76 0 -15
76 -1 -8
76 -1 -11
76 -1 -22
76 -2 -9
76 -2 -20
76 -3 -11
76 -3 -12
76 -3 -21
76 -3 -22
76 -4 -20
76 -4 -22
76 -5 0
76 -5 -14
76 -6 0
76 -6 -8
76 -6 -9
76 -6 -12
76 -6 -17
76 -6 -19
76 -7 -1
76 -7 -9
76 -7 -14
76 -7 -15
76 -7 -18
76 -8 -9
76 -8 -14
76 -8 -15
76 -8 -18
76 -8 -22
76 -9 -18
76 -9 -21
76 -10 -2
76 -10 -3
76 -10 -9
76 -10 -19
76 -10 -21
76 -11 -3
76 -11 -4
76 -11 -5
76 -11 -7
76 -11 -8
76 -11 -15
76 -11 -17
76 -11 -19
76 -11 -20
76 -12 -1
76 -12 -5
76 -12 -6
76 -12 -10
76 -13 -9
76 -13 -17
76 -14 0
76 -14 -5
76 -14 -8
76 -15 0
76 -15 -6
76 -15 -11
76 -15 -12
76 -15 -13
76 -15 -17
76 -16 -4
76 -16 -6
76 -16 -8
76 -16 -14
76 -17 -7
76 -17 -20
76 -17 -22
76 -18 -5
76 -18 -6
76 -18 -8
76 -18 -11
76 -18 -14
76 -18 -15
76 -18 -20
76 -19 -6
76 -19 -9
76 -19 -21
76 -20 -3
76 -20 -7
76 -20 -10
76 -20 -12
76 -20 -20
76 -20 -22
76 -21 -11
76 -21 -19
76 -22 -3
76 -22 -5
76 -22 -15
76 -22 -16
76 -22 -17
76 -22 -19
76 -22 -22
77 0 -13
77 0 -15
77 -1 -8
77 -1 -11
77 -1 -22
77 -2 -9
77 -2 -20
77 -3 -11
77 -3 -12
77 -3 -21
77 -3 -22
77 -4 -20
77 -4 -22
77 -5 0
77 -5 -14
77 -6 0
77 -6 -8
77 -6 -9
77 -6 -12
77 -6 -17
77 -6 -19
77 -7 -1
77 -7 -9
77 -7 -14
77 -7 -15
77 -7 -18
77 -8 -9
77 -8 -14
77 -8 -15
77 -8 -18
77 -8 -22
77 -9 -18
77 -9 -21
77 -10 -2
77 -10 -3
77 -10 -9
77 -10 -19
77 -10 -21
77 -11 -3
77 -11 -4
77 -11 -5
77 -11 -7
77 -11 -8
77 -11 -15
77 -11 -17
77 -11 -19
77 -11 -20
77 -12 -1
77 -12 -5
77 -12 -6
77 -12 -10
77 -13 -9
77 -13 -17
77 -14 0
77 -14 -5
77 -14 -8
77 -15 0
77 -15 -6
77 -15 -11
77 -15 -12
77 -15 -13
77 -15 -17
77 -16 -4
77 -16 -6
77 -16 -8
77 -16 -14
77 -17 -7
77 -17 -20
77 -17 -22
77 -18 -5
77 -18 -6
77 -18 -8
77 -18 -11
77 -18 -14
77 -18 -15
77 -18 -20
77 -19 -6
77 -19 -9
77 -19 -21
77 -20 -3
77 -20 -7
77 -20 -10
77 -20 -12
77 -20 -20
77 -20 -22
77 -21 -11
77 -21 -19
77 -22 -3
77 -22 -5
77 -22 -15
77 -22 -16
77 -22 -17
77 -22 -19
77 -22 -22
78 0 -13
78 0 -15
78 -1 -8
78 -1 -11
78 -1 -22
78 -2 -9
78 -2 -20
78 -3 -11
78 -3 -12
78 -3 -21
78 -3 -22
78 -4 -20
78 -4 -22
78 -5 0
78 -5 -14
78 -6 0
78 -6 -8
78 -6 -9
78 -6 -12
78 -6 -17
78 -6 -19
78 -7 -1
78 -7 -9
78 -7 -14
78 -7 -15
78 -7 -18
78 -8 -9
78 -8 -14
78 -8 -15
78 -8 -18
78 -8 -22
78 -9 -18
78 -9 -21
78 -10 -2
78 -10 -3
78 -10 -9
78 -10 -19
78 -10 -21
78 -11 -3
78 -11 -4
78 -11 -5
78 -11 -7
78 -11 -8
78 -11 -15
78 -11 -17
78 -11 -19
78 -11 -20
78 -12 -1
78 -12 -5
78 -12 -6
78 -12 -10
78 -13 -9
78 -13 -17
78 -14 0
78 -14 -5
78 -14 -8
78 -15 0
78 -15 -6
78 -15 -11
78 -15 -12
78 -15 -13
78 -15 -17
78 -16 -4
78 -16 -6
78 -16 -8
78 -16 -14
78 -17 -7
78 -17 -20
78 -17 -22
78 -18 -5
78 -18 -6
78 -18 -8
78 -18 -11
78 -18 -14
78 -18 -15
78 -18 -20
78 -19 -6
78 -19 -9
78 -19 -21
78 -20 -3
78 -20 -7
78 -20 -10
78 -20 -12
78 -20 -20
78 -20 -22
78 -21 -11
78 -21 -19
78 -22 -3
78 -22 -5
78 -22 -15
78 -22 -16
78 -22 -17
78 -22 -19
78 -22 -22
79 0 -13
79 0 -15
79 -1 -8
79 -1 -11
79 -1 -22
79 -2 -9
79 -2 -20
79 -3 -11
79 -3 -12
79 -3 -21
79 -3 -22
79 -4 -20
79 -4 -22
79 -5 0
79 -5 -14
79 -6 0
79 -6 -8
79 -6 -9
79 -6 -12
79 -6 -17
79 -6 -19
79 -7 -1
79 -7 -9
79 -7 -14
79 -7 -15
79 -7 -18
79 -8 -9
79 -8 -14
79 -8 -15
79 -8 -18
79 -8 -22
79 -9 -18
79 -9 -21
79 -10 -2
79 -10 -3
79 -10 -9
79 -10 -19
79 -10 -21
79 -11 -3
79 -11 -4
79 -11 -5
79 -11 -7
79 -11 -8
79 -11 -15
79 -11 -17
79 -11 -19
79 -11 -20
79 -12 -1
79 -12 -5
79 -12 -6
79 -12 -10
79 -13 -9
79 -13 -17
79 -14 0
79 -14 -5
79 -14 -8
79 -15 0
79 -15 -6
79 -15 -11
79 -15 -12
79 -15 -13
79 -15 -17
79 -16 -4
79 -16 -6
79 -16 -8
79 -16 -14
79 -17 -7
79 -17 -20
79 -17 -22
79 -18 -5
79 -18 -6
79 -18 -8
79 -18 -11
79 -18 -14
79 -18 -15
79 -18 -20
79 -19 -6
79 -19 -9
79 -19 -21
79 -20 -3
79 -20 -7
79 -20 -10
79 -20 -12
79 -20 -20
79 -20 -22
79 -21 -11
79 -21 -19
79 -22 -3
79 -22 -5
79 -22 -15
79 -22 -16
79 -22 -17
79 -22 -19
79 -22 -22
80 0 -13
80 0 -15
80 -1 -8
80 -1 -11
80 -1 -22
80 -2 -9
80 -2 -20
80 -3 -11
80 -3 -12
80 -3 -21
80 -3 -22
80 -4 -20
80 -4 -22
80 -5 0
80 -5 -14
80 -6 0
80 -6 -8
80 -6 -9
80 -6 -12
80 -6 -17
80 -6 -19
80 -7 -1
80 -7 -9
80 -7 -14
80 -7 -15
80 -7 -18
80 -8 -9
80 -8 -14
80 -8 -15
80 -8 -18
80 -8 -22
80 -9 -18
80 -9 -21
80 -10 -2
80 -10 -3
80 -10 -9
80 -10 -19
80 -10 -21
80 -11 -3
80 -11 -4
80 -11 -5
80 -11 -7
80 -11 -8
80 -11 -15
80 -11 -17
80 -11 -19
80 -11 -20
80 -12 -1
80 -12 -5
80 -12 -6
80 -12 -10
80 -13 -9
80 -13 -17
80 -14 0
80 -14 -5
80 -14 -8
80 -15 0
80 -15 -6
80 -15 -11
80 -15 -12
80 -15 -13
80 -15 -17
80 -16 -4
80 -16 -6
80 -16 -8
80 -16 -14
80 -17 -7
80 -17 -20
80 -17 -22
80 -18 -5
80 -18 -6
80 -18 -8
80 -18 -11
80 -18 -14
80 -18 -15
80 -18 -20
80 -19 -6
80 -19 -9
80 -19 -21
80 -20 -3
80 -20 -7
80 -20 -10
80 -20 -12
80 -20 -20
80 -20 -22
80 -21 -11
80 -21 -19
80 -22 -3
80 -22 -5
80 -22 -15
80 -22 -16
80 -22 -17
80 -22 -19
80 -22 -22
81 0 -13
81 0 -15
81 -1 -8
81 -1 -11
81 -1 -22
81 -2 -9
81 -2 -20
81 -3 -11
81 -3 -12
81 -3 -21
81 -3 -22
81 -4 -20
81 -4 -22
81 -5 0
81 -5 -14
81 -6 0
81 -6 -8
81 -6 -9
81 -6 -12
81 -6 -17
81 -6 -19
81 -7 -1
81 -7 -9
81 -7 -14
81 -7 -15
81 -7 -18
81 -8 -9
81 -8 -14
81 -8 -15
81 -8 -18
81 -8 -22
81 -9 -18
81 -9 -21
81 -10 -2
81 -10 -3
81 -10 -9
81 -10 -19
81 -10 -21
81 -11 -3
81 -11 -4
81 -11 -5
81 -11 -7
81 -11 -8
81 -11 -15
81 -11 -17
81 -11 -19
81 -11 -20
81 -12 -1
81 -12 -5
81 -12 -6
81 -12 -10
81 -13 -9
81 -13 -17
81 -14 0
81 -14 -5
81 -14 -8
81 -15 0
81 -15 -6
81 -15 -11
81 -15 -12
81 -15 -13
81 -15 -17
81 -16 -4
81 -16 -6
81 -16 -8
81 -16 -14
81 -17 -7
81 -17 -20
81 -17 -22
81 -18 -5
81 -18 -6
81 -18 -8
81 -18 -11
81 -18 -14
81 -18 -15
81 -18 -20
81 -19 -6
81 -19 -9
81 -19 -21
81 -20 -3
81 -20 -7
81 -20 -10
81 -20 -12
81 -20 -20
81 -20 -22
81 -21 -11
81 -21 -19
81 -22 -3
81 -22 -5
81 -22 -15
81 -22 -16
81 -22 -17
81 -22 -19
81 -22 -22
82 0 -13
82 0 -15
82 -1 -8
82 -1 -11
82 -1 -22
82 -2 -9
82 -2 -20
82 -3 -11
82 -3 -12
82 -3 -21
82 -3 -22
82 -4 -20
82 -4 -22
82 -5 0
82 -5 -14
82 -6 0
82 -6 -8
82 -6 -9
82 -6 -12
82 -6 -17
82 -6 -19
82 -7 -1
82 -7 -9
82 -7 -14
82 -7 -15
82 -7 -18
82 -8 -9
82 -8 -14
82 -8 -15
82 -8 -18
82 -8 -22
82 -9 -18
82 -9 -21
82 -10 -2
82 -10 -3
82 -10 -9
82 -10 -19
82 -10 -21
82 -11 -3
82 -11 -4
82 -11 -5
82 -11 -7
82 -11 -8
82 -11 -15
82 -11 -17
82 -11 -19
82 -11 -20
82 -12 -1
82 -12 -5
82 -12 -6
82 -12 -10
82 -13 -9
82 -13 -17
82 -14 0
82 -14 -5
82 -14 -8
82 -15 0
82 -15 -6
82 -15 -11
82 -15 -12
82 -15 -13
82 -15 -17
82 -16 -4
82 -16 -6
82 -16 -8
82 -16 -14
82 -17 -7
82 -17 -20
82 -17 -22
82 -18 -5
82 -18 -6
82 -18 -8
82 -18 -11
82 -18 -14
82 -18 -15
82 -18 -20
82 -19 -6
82 -19 -9
82 -19 -21
82 -20 -3
82 -20 -7
82 -20 -10
82 -20 -12
82 -20 -20
82 -20 -22
82 -21 -11
82 -21 -19
82 -22 -3
82 -22 -5
82 -22 -15
82 -22 -16
82 -22 -17
82 -22 -19
82 -22 -22
83 0 -13
83 0 -15
83 -1 -8
83 -1 -11
83 -1 -22
83 -2 -9
83 -2 -20
83 -3 -11
83 -3 -12
83 -3 -21
83 -3 -22
83 -4 -20
83 -4 -22
83 -5 0
83 -5 -14
83 -6 0
83 -6 -8
83 -6 -9
83 -6 -12
83 -6 -17
83 -6 -19
83 -7 -1
83 -7 -9
83 -7 -14
83 -7 -15
83 -7 -18
83 -8 -9
83 -8 -14
83 -8 -15
83 -8 -18
83 -8 -22
83 -9 -18
83 -9 -21
83 -10 -2
83 -10 -3
83 -10 -9
83 -10 -19
83 -10 -21
83 -11 -3
83 -11 -4
83 -11 -5
83 -11 -7
83 -11 -8
83 -11 -15
83 -11 -17
83 -11 -19
83 -11 -20
83 -12 -1
83 -12 -5
83 -12 -6
83 -12 -10
83 -13 -9
83 -13 -17
83 -14 0
83 -14 -5
83 -14 -8
83 -15 0
83 -15 -6
83 -15 -11
83 -15 -12
83 -15 -13
83 -15 -17
83 -16 -4
83 -16 -6
83 -16 -8
83 -16 -14
83 -17 -7
83 -17 -20
83 -17 -22
83 -18 -5
83 -18 -6
83 -18 -8
83 -18 -11
83 -18 -14
83 -18 -15
83 -18 -20
83 -19 -6
83 -19 -9
83 -19 -21
83 -20 -3
83 -20 -7
83 -20 -10
83 -20 -12
83 -20 -20
83 -20 -22
83 -21 -11
83 -21 -19
83 -22 -3
83 -22 -5
83 -22 -15
83 -22 -16
83 -22 -17
83 -22 -19
83 -22 -22
84 0 -13
84 0 -15
84 -1 -8
84 -1 -11
84 -1 -22
84 -2 -9
84 -2 -20
84 -3 -11
84 -3 -12
84 -3 -21
84 -3 -22
84 -4 -20
84 -4 -22
84 -5 0
84 -5 -14
84 -6 0
84 -6 -8
84 -6 -9
84 -6 -12
84 -6 -17
84 -6 -19
84 -7 -1
84 -7 -9
84 -7 -14
84 -7 -15
84 -7 -18
84 -8 -9
84 -8 -14
84 -8 -15
84 -8 -18
84 -8 -22
84 -9 -18
84 -9 -21
84 -10 -2
84 -10 -3
84 -10 -9
84 -10 -19
84 -10 -21
84 -11 -3
84 -11 -4
84 -11 -5
84 -11 -7
84 -11 -8
84 -11 -15
84 -11 -17
84 -11 -19
84 -11 -20
84 -12 -1
84 -12 -5
84 -12 -6
84 -12 -10
84 -13 -9
84 -13 -17
84 -14 0
84 -14 -5
84 -14 -8
84 -15 0
84 -15 -6
84 -15 -11
84 -15 -12
84 -15 -13
84 -15 -17
84 -16 -4
84 -16 -6
84 -16 -8
84 -16 -14
84 -17 -7
84 -17 -20
84 -17 -22
84 -18 -5
84 -18 -6
84 -18 -8
84 -18 -11
84 -18 -14
84 -18 -15
84 -18 -20
84 -19 -6
84 -19 -9
84 -19 -21
84 -20 -3
84 -20 -7
84 -20 -10
84 -20 -12
84 -20 -20
84 -20 -22
84 -21 -11
84 -21 -19
84 -22 -3
84 -22 -5
84 -22 -15
84 -22 -16
84 -22 -17
84 -22 -19
84 -22 -22
85 0 -13
85 0 -15
85 -1 -8
85 -1 -11
85 -1 -22
85 -2 -9
85 -2 -20
85 -3 -11
85 -3 -12
85 -3 -21
85 -3 -22
85 -4 -20
85 -4 -22
85 -5 0
85 -5 -14
85 -6 0
85 -6 -8
85 -6 -9
85 -6 -12
85 -6 -17
85 -6 -19
85 -7 -1
85 -7 -9
85 -7 -14
85 -7 -15
85 -7 -18
85 -8 -9
85 -8 -14
85 -8 -15
85 -8 -18
85 -8 -22
85 -9 -18
85 -9 -21
85 -10 -2
85 -10 -3
85 -10 -9
85 -10 -19
85 -10 -21
85 -11 -3
85 -11 -4
85 -11 -5
85 -11 -7
85 -11 -8
85 -11 -15
85 -11 -17
85 -11 -19
85 -11 -20
85 -12 -1
85 -12 -5
85 -12 -6
85 -12 -10
85 -13 -9
85 -13 -17
85 -14 0
85 -14 -5
85 -14 -8
85 -15 0
85 -15 -6
85 -15 -11
85 -15 -12
85 -15 -13
85 -15 -17
85 -16 -4
85 -16 -6
85 -16 -8
85 -16 -14
85 -17 -7
85 -17 -20
85 -17 -22
85 -18 -5
85 -18 -6
85 -18 -8
85 -18 -11
85 -18 -14
85 -18 -15
85 -18 -20
85 -19 -6
85 -19 -9
85 -19 -21
85 -20 -3
85 -20 -7
85 -20 -10
85 -20 -12
85 -20 -20
85 -20 -22
85 -21 -11
85 -21 -19
85 -22 -3
85 -22 -5
85 -22 -15
85 -22 -16
85 -22 -17
85 -22 -19
85 -22 -22
86 0 -13
86 0 -15
86 -1 -8
86 -1 -11
86 -1 -22
86 -2 -9
86 -2 -20
86 -3 -11
86 -3 -12
86 -3 -21
86 -3 -22
86 -4 -20
86 -4 -22
86 -5 0
86 -5 -14
86 -6 0
86 -6 -8
86 -6 -9
86 -6 -12
86 -6 -17
86 -6 -19
86 -7 -1
86 -7 -9
86 -7 -14
86 -7 -15
86 -7 -18
86 -8 -9
86 -8 -14
86 -8 -15
86 -8 -18
86 -8 -22
86 -9 -18
86 -9 -21
86 -10 -2
86 -10 -3
86 -10 -9
86 -10 -19
86 -10 -21
86 -11 -3
86 -11 -4
86 -11 -5
86 -11 -7
86 -11 -8
86 -11 -15
86 -11 -17
86 -11 -19
86 -11 -20
86 -12 -1
86 -12 -5
86 -12 -6
86 -12 -10
86 -13 -9
86 -13 -17
86 -14 0
86 -14 -5
86 -14 -8
86 -15 0
86 -15 -6
86 -15 -11
86 -15 -12
86 -15 -13
86 -15 -17
86 -16 -4
86 -16 -6
86 -16 -8
86 -16 -14
86 -17 -7
86 -17 -20
86 -17 -22
86 -18 -5
86 -18 -6
86 -18 -8
86 -18 -11
86 -18 -14
86 -18 -15
86 -18 -20
86 -19 -6
86 -19 -9
86 -19 -21
86 -20 -3
86 -20 -7
86 -20 -10
86 -20 -12
86 -20 -20
86 -20 -22
86 -21 -11
86 -21 -19
86 -22 -3
86 -22 -5
86 -22 -15
86 -22 -16
86 -22 -17
86 -22 -19
86 -22 -22
87 0 -13
87 0 -15
87 -1 -8
87 -1 -11
87 -1 -22
87 -2 -9
87 -2 -20
87 -3 -11
87 -3 -12
87 -3 -21
87 -3 -22
87 -4 -20
87 -4 -22
87 -5 0
87 -5 -14
87 -6 0
87 -6 -8
87 -6 -9
87 -6 -12
87 -6 -17
87 -6 -19
87 -7 -1
87 -7 -9
87 -7 -14
87 -7 -15
87 -7 -18
87 -8 -9
87 -8 -14
87 -8 -15
87 -8 -18
87 -8 -22
87 -9 -18
87 -9 -21
87 -10 -2
87 -10 -3
87 -10 -9
87 -10 -19
87 -10 -21
87 -11 -3
87 -11 -4
87 -11 -5
87 -11 -7
87 -11 -8
87 -11 -15
87 -11 -17
87 -11 -19
87 -11 -20
87 -12 -1
87 -12 -5
87 -12 -6
87 -12 -10
87 -13 -9
87 -13 -17
87 -14 0
87 -14 -5
87 -14 -8
87 -15 0
87 -15 -6
87 -15 -11
87 -15 -12
87 -15 -13
87 -15 -17
87 -16 -4
87 -16 -6
87 -16 -8
87 -16 -14
87 -17 -7
87 -17 -20
87 -17 -22
87 -18 -5
87 -18 -6
87 -18 -8
87 -18 -11
87 -18 -14
87 -18 -15
87 -18 -20
87 -19 -6
87 -19 -9
87 -19 -21
87 -20 -3
87 -20 -7
87 -20 -10
87 -20 -12
87 -20 -20
87 -20 -22
87 -21 -11
87 -21 -19
87 -22 -3
87 -22 -5
87 -22 -15
87 -22 -16
87 -22 -17
87 -22 -19
87 -22 -22
88 0 -13
88 0 -15
88 -1 -8
88 -1 -11
88 -1 -22
88 -2 -9
88 -2 -20
88 -3 -11
88 -3 -12
88 -3 -21
88 -3 -22
88 -4 -20
88 -4 -22
88 -5 0
88 -5 -14
88 -6 0
88 -6 -8
88 -6 -9
88 -6 -12
88 -6 -17
88 -6 -19
88 -7 -1
88 -7 -9
88 -7 -14
88 -7 -15
88 -7 -18
88 -8 -9
88 -8 -14
88 -8 -15
88 -8 -18
88 -8 -22
88 -9 -18
88 -9 -21
88 -10 -2
88 -10 -3
88 -10 -9
88 -10 -19
88 -10 -21
88 -11 -3
88 -11 -4
88 -11 -5
88 -11 -7
88 -11 -8
88 -11 -15
88 -11 -17
88 -11 -19
88 -11 -20
88 -12 -1
88 -12 -5
88 -12 -6
88 -12 -10
88 -13 -9
88 -13 -17
88 -14 0
88 -14 -5
88 -14 -8
88 -15 0
88 -15 -6
88 -15 -11
88 -15 -12
88 -15 -13
88 -15 -17
88 -16 -4
88 -16 -6
88 -16 -8
88 -16 -14
88 -17 -7
88 -17 -20
88 -17 -22
88 -18 -5
88 -18 -6
88 -18 -8
88 -18 -11
88 -18 -14
88 -18 -15
88 -18 -20
88 -19 -6
88 -19 -9
88 -19 -21
88 -20 -3
88 -20 -7
88 -20 -10
88 -20 -12
88 -20 -20
88 -20 -22
88 -21 -11
88 -21 -19
88 -22 -3
88 -22 -5
88 -22 -15
88 -22 -16
88 -22 -17
88 -22 -19
88 -22 -22
89 0 -13
89 0 -15
89 -1 -8
89 -1 -11
89 -1 -22
89 -2 -9
89 -2 -20
89 -3 -11
89 -3 -12
89 -3 -21
89 -3 -22
89 -4 -20
89 -4 -22
89 -5 0
89 -5 -14
89 -6 0
89 -6 -8
89 -6 -9
89 -6 -12
89 -6 -17
89 -6 -19
89 -7 -1
89 -7 -9
89 -7 -14
89 -7 -15
89 -7 -18
89 -8 -9
89 -8 -14
89 -8 -15
89 -8 -18
89 -8 -22
89 -9 -18
89 -9 -21
89 -10 -2
89 -10 -3
89 -10 -9
89 -10 -19
89 -10 -21
89 -11 -3
89 -11 -4
89 -11 -5
89 -11 -7
89 -11 -8
89 -11 -15
89 -11 -17
89 -11 -19
89 -11 -20
89 -12 -1
89 -12 -5
89 -12 -6
89 -12 -10
89 -13 -9
89 -13 -17
89 -14 0
89 -14 -5
89 -14 -8
89 -15 0
89 -15 -6
89 -15 -11
89 -15 -12
89 -15 -13
89 -15 -17
89 -16 -4
89 -16 -6
89 -16 -8
89 -16 -14
89 -17 -7
89 -17 -20
89 -17 -22
89 -18 -5
89 -18 -6
89 -18 -8
89 -18 -11
89 -18 -14
89 -18 -15
89 -18 -20
89 -19 -6
89 -19 -9
89 -19 -21
89 -20 -3
89 -20 -7
89 -20 -10
89 -20 -12
89 -20 -20
89 -20 -22
89 -21 -11
89 -21 -19
89 -22 -3
89 -22 -5
89 -22 -15
89 -22 -16
89 -22 -17
89 -22 -19
89 -22 -22
90 0 -13
90 0 -15
90 -1 -8
90 -1 -11
90 -1 -22
90 -2 -9
90 -2 -20
90 -3 -11
90 -3 -12
90 -3 -21
90 -3 -22
90 -4 -20
90 -4 -22
90 -5 0
90 -5 -14
90 -6 0
90 -6 -8
90 -6 -9
90 -6 -12
90 -6 -17
90 -6 -19
90 -7 -1
90 -7 -9
90 -7 -14
90 -7 -15
90 -7 -18
90 -8 -9
90 -8 -14
90 -8 -15
90 -8 -18
90 -8 -22
90 -9 -18
90 -9 -21
90 -10 -2
90 -10 -3
90 -10 -9
90 -10 -19
90 -10 -21
90 -11 -3
90 -11 -4
90 -11 -5
90 -11 -7
90 -11 -8
90 -11 -15
90 -11 -17
90 -11 -19
90 -11 -20
90 -12 -1
90 -12 -5
90 -12 -6
90 -12 -10
90 -13 -9
90 -13 -17
90 -14 0
90 -14 -5
90 -14 -8
90 -15 0
90 -15 -6
90 -15 -11
90 -15 -12
90 -15 -13
90 -15 -17
90 -16 -4
90 -16 -6
90 -16 -8
90 -16 -14
90 -17 -7
90 -17 -20
90 -17 -22
90 -18 -5
90 -18 -6
90 -18 -8
90 -18 -11
90 -18 -14
90 -18 -15
90 -18 -20
90 -19 -6
90 -19 -9
90 -19 -21
90 -20 -3
90 -20 -7
90 -20 -10
90 -20 -12
90 -20 -20
90 -20 -22
90 -21 -11
90 -21 -19
90 -22 -3
90 -22 -5
90 -22 -15
90 -22 -16
90 -22 -17
90 -22 -19
90 -22 -22
91 0 -13
91 0 -15
91 -1 -8
91 -1 -11
91 -1 -22
91 -2 -9
91 -2 -20
91 -3 -11
91 -3 -12
91 -3 -21
91 -3 -22
91 -4 -20
91 -4 -22
91 -5 0
91 -5 -14
91 -6 0
91 -6 -8
91 -6 -9
91 -6 -12
91 -6 -17
91 -6 -19
91 -7 -1
91 -7 -9
91 -7 -14
91 -7 -15
91 -7 -18
91 -8 -9
91 -8 -14
91 -8 -15
91 -8 -18
91 -8 -22
91 -9 -18
91 -9 -21
91 -10 -2
91 -10 -3
91 -10 -9
91 -10 -19
91 -10 -21
91 -11 -3
91 -11 -4
91 -11 -5
91 -11 -7
91 -11 -8
91 -11 -15
91 -11 -17
91 -11 -19
91 -11 -20
91 -12 -1
91 -12 -5
91 -12 -6
91 -12 -10
91 -13 -9
91 -13 -17
91 -14 0
91 -14 -5
91 -14 -8
91 -15 0
91 -15 -6
91 -15 -11
91 -15 -12
91 -15 -13
91 -15 -17
91 -16 -4
91 -16 -6
91 -16 -8
91 -16 -14
91 -17 -7
91 -17 -20
91 -17 -22
91 -18 -5
91 -18 -6
91 -18 -8
91 -18 -11
91 -18 -14
91 -18 -15
91 -18 -20
91 -19 -6
91 -19 -9
91 -19 -21
91 -20 -3
91 -20 -7
91 -20 -10
91 -20 -12
91 -20 -20
91 -20 -22
91 -21 -11
91 -21 -19
91 -22 -3
91 -22 -5
91 -22 -15
91 -22 -16
91 -22 -17
91 -22 -19
91 -22 -22
92 0 -13
92 0 -15
92 -1 -8
92 -1 -11
92 -1 -22
92 -2 -9
92 -2 -20
92 -3 -11
92 -3 -12
92 -3 -21
92 -3 -22
92 -4 -20
92 -4 -22
92 -5 0
92 -5 -14
92 -6 0
92 -6 -8
92 -6 -9
92 -6 -12
92 -6 -17
92 -6 -19
92 -7 -1
92 -7 -9
92 -7 -14
92 -7 -15
92 -7 -18
92 -8 -9
92 -8 -14
92 -8 -15
92 -8 -18
92 -8 -22
92 -9 -18
92 -9 -21
92 -10 -2
92 -10 -3
92 -10 -9
92 -10 -19
92 -10 -21
92 -11 -3
92 -11 -4
92 -11 -5
92 -11 -7
92 -11 -8
92 -11 -15
92 -11 -17
92 -11 -19
92 -11 -20
92 -12 -1
92 -12 -5
92 -12 -6
92 -12 -10
92 -13 -9
92 -13 -17
92 -14 0
92 -14 -5
92 -14 -8
92 -15 0
92 -15 -6
92 -15 -11
92 -15 -12
92 -15 -13
92 -15 -17
92 -16 -4
92 -16 -6
92 -16 -8
92 -16 -14
92 -17 -7
92 -17 -20
92 -17 -22
92 -18 -5
92 -18 -6
92 -18 -8
92 -18 -11
92 -18 -14
92 -18 -15
92 -18 -20
92 -19 -6
92 -19 -9
92 -19 -21
92 -20 -3
92 -20 -7
92 -20 -10
92 -20 -12
92 -20 -20
92 -20 -22
92 -21 -11
92 -21 -19
92 -22 -3
92 -22 -5
92 -22 -15
92 -22 -16
92 -22 -17
92 -22 -19
92 -22 -22
93 0 -13
93 0 -15
93 -1 -8
93 -1 -11
93 -1 -22
93 -2 -9
93 -2 -20
93 -3 -11
93 -3 -12
93 -3 -21
93 -3 -22
93 -4 -20
93 -4 -22
93 -5 0
93 -5 -14
93 -6 0
93 -6 -8
93 -6 -9
93 -6 -12
93 -6 -17
93 -6 -19
93 -7 -1
93 -7 -9
93 -7 -14
93 -7 -15
93 -7 -18
93 -8 -9
93 -8 -14
93 -8 -15
93 -8 -18
93 -8 -22
93 -9 -18
93 -9 -21
93 -10 -2
93 -10 -3
93 -10 -9
93 -10 -19
93 -10 -21
93 -11 -3
93 -11 -4
93 -11 -5
93 -11 -7
93 -11 -8
93 -11 -15
93 -11 -17
93 -11 -19
93 -11 -20
93 -12 -1
93 -12 -5
93 -12 -6
93 -12 -10
93 -13 -9
93 -13 -17
93 -14 0
93 -14 -5
93 -14 -8
93 -15 0
93 -15 -6
93 -15 -11
93 -15 -12
93 -15 -13
93 -15 -17
93 -16 -4
93 -16 -6
93 -16 -8
93 -16 -14
93 -17 -7
93 -17 -20
93 -17 -22
93 -18 -5
93 -18 -6
93 -18 -8
93 -18 -11
93 -18 -14
93 -18 -15
93 -18 -20
93 -19 -6
93 -19 -9
93 -19 -21
93 -20 -3
93 -20 -7
93 -20 -10
93 -20 -12
93 -20 -20
93 -20 -22
93 -21 -11
93 -21 -19
93 -22 -3
93 -22 -5
93 -22 -15
93 -22 -16
93 -22 -17
93 -22 -19
93 -22 -22
-1 -1 -1
54
56
77
34
55
93
87
26
9
76
0
67
75
86
70
45
40
41
69
62
46
80
51
58
18
57
31
10
52
81
8
85
49
89
2
91
42
38
63
17
27
47
68
71
29
65
3
7
15
4
66
59
32
39
36
22
73
28
16
92
88
84
30
12
72
21
5
78
23
25
61
35
11
48
53
82
44
79
24
83
60
90
14
50
19
37
20
1
74
64
33
43
6
13
  0.081104 seconds (215.58 k allocations: 7.375 MiB)
