950 0 0 0 0 0 0 0 0 0 0 0 0 0 0 0 0 0 0 0 0 0 0
0 0 0 0 0 0 0 0 0 0 0 0 0 0 0 0 0 0 0 0 0 0 0
0 0 0 0 0 0 0 0 0 0 0 0 0 0 0 0 0 0 0 0 0 0 0
0 0 0 0 0 0 0 0 0 0 0 0 0 0 0 0 0 0 0 0 0 0 0
0 0 0 0 0 0 0 0 0 0 0 0 0 0 0 0 0 0 0 0 0 0 0
0 0 0 0 0 0 0 0 0 0 0 0 0 0 0 0 0 0 0 0 0 0 0
0 0 0 0 0 0 0 0 0 0 0 0 0 0 0 0 0 0 0 0 0 0 0
0 0 0 0 0 0 0 0 0 0 0 0 0 0 0 0 0 0 0 0 0 0 0
0 0 0 0 0 0 0 0 0 0 0 0 0 0 0 0 0 0 0 0 0 0 0
0 0 0 0 0 0 0 0 0 0 0 0 0 0 0 0 0 0 0 0 0 0 0
0 0 0 0 0 0 0 0 0 0 0 0 0 0 0 0 0 0 0 0 0 0 0
0 0 0 0 0 0 0 0 0 0 0 0 0 0 0 0 0 0 0 0 0 0 0
0 0 0 0 0 0 0 0 0 0 0 0 0 0 0 0 0 0 0 0 0 0 0
0 0 0 0 0 0 0 0 0 0 0 0 0 0 0 0 0 0 0 0 0 0 0
0 0 0 0 0 0 0 0 0 0 0 0 0 0 0 0 0 0 0 0 0 0 0
0 0 0 0 0 0 0 0 0 0 0 0 0 0 0 0 0 0 0 0 0 0 0
0 0 0 0 0 0 0 0 0 0 0 0 0 0 0 0 0 0 0 0 0 0 0
0 0 0 0 0 0 0 0 0 0 0 0 0 0 0 0 0 0 0 0 0 0 0
0 0 0 0 0 0 0 0 0 0 0 0 0 0 0 0 0 0 0 0 0 0 0
0 0 0 0 0 0 0 0 0 0 0 0 0 0 0 0 0 0 0 0 0 0 0
0 0 0 0 0 0 0 0 0 0 0 0 0 0 0 0 0 0 0 0 0 0 0
0 0 0 0 0 0 0 0 0 0 0 0 0 0 0 0 0 0 0 0 0 0 0
0 0 0 0 0 0 0 0 0 0 0 0 0 0 0 0 0 0 0 0 0 0 0
0 0 -5
0 -2 -4
0 -2 -6
0 -2 -7
0 -2 -15
0 -3 -6
0 -3 -13
0 -4 -3
0 -4 -5
0 -5 -2
0 -5 -5
0 -5 -12
0 -6 -21
0 -7 -2
0 -7 -5
0 -7 -6
0 -7 -11
0 -7 -20
0 -7 -21
0 -8 -5
0 -8 -9
0 -9 -8
0 -9 -9
0 -9 -10
0 -9 -22
0 -10 -3
0 -10 -9
0 -10 -18
0 -10 -21
0 -10 -22
0 -11 0
0 -11 -1
0 -11 -4
0 -11 -19
0 -11 -20
0 -12 -3
0 -12 -5
0 -12 -17
0 -13 0
0 -13 -20
0 -14 -1
0 -14 -9
0 -15 -3
0 -15 -9
0 -16 -12
0 -17 -3
0 -17 -8
0 -17 -9
0 -17 -21
0 -18 -7
0 -18 -10
0 -18 -12
0 -19 -6
0 -19 -10
0 -19 -14
0 -20 -15
0 -20 -18
0 -21 -2
0 -21 -4
0 -21 -8
0 -21 -13
0 -21 -17
0 -22 -7
0 -22 -11
0 -22 -13
1 0 -5
1 -2 -4
1 -2 -6
1 -2 -7
1 -2 -15
1 -3 -6
1 -3 -13
1 -4 -3
1 -4 -5
1 -5 -2
1 -5 -5
1 -5 -12
1 -6 -21
1 -7 -2
1 -7 -5
1 -7 -6
1 -7 -11
1 -7 -20
1 -7 -21
1 -8 -5
1 -8 -9
1 -9 -8
1 -9 -9
1 -9 -10
1 -9 -22
1 -10 -3
1 -10 -9
1 -10 -18
1 -10 -21
1 -10 -22
1 -11 0
1 -11 -1
1 -11 -4
1 -11 -19
1 -11 -20
1 -12 -3
1 -12 -5
1 -12 -17
1 -13 0
1 -13 -20
1 -14 -1
1 -14 -9
1 -15 -3
1 -15 -9
1 -16 -12
1 -17 -3
1 -17 -8
1 -17 -9
1 -17 -21
1 -18 -7
1 -18 -10
1 -18 -12
1 -19 -6
1 -19 -10
1 -19 -14
1 -20 -15
1 -20 -18
1 -21 -2
1 -21 -4
1 -21 -8
1 -21 -13
1 -21 -17
1 -22 -7
1 -22 -11
1 -22 -13
2 0 -5
2 -2 -4
2 -2 -6
2 -2 -7
2 -2 -15
2 -3 -6
2 -3 -13
2 -4 -3
2 -4 -5
2 -5 -2
2 -5 -5
2 -5 -12
2 -6 -21
2 -7 -2
2 -7 -5
2 -7 -6
2 -7 -11
2 -7 -20
2 -7 -21
2 -8 -5
2 -8 -9
2 -9 -8
2 -9 -9
2 -9 -10
2 -9 -22
2 -10 -3
2 -10 -9
2 -10 -18
2 -10 -21
2 -10 -22
2 -11 0
2 -11 -1
2 -11 -4
2 -11 -19
2 -11 -20
2 -12 -3
2 -12 -5
2 -12 -17
2 -13 0
2 -13 -20
2 -14 -1
2 -14 -9
2 -15 -3
2 -15 -9
2 -16 -12
2 -17 -3
2 -17 -8
2 -17 -9
2 -17 -21
2 -18 -7
2 -18 -10
2 -18 -12
2 -19 -6
2 -19 -10
2 -19 -14
2 -20 -15
2 -20 -18
2 -21 -2
2 -21 -4
2 -21 -8
2 -21 -13
2 -21 -17
2 -22 -7
2 -22 -11
2 -22 -13
3 0 -5
3 -2 -4
3 -2 -6
3 -2 -7
3 -2 -15
3 -3 -6
3 -3 -13
3 -4 -3
3 -4 -5
3 -5 -2
3 -5 -5
3 -5 -12
3 -6 -21
3 -7 -2
3 -7 -5
3 -7 -6
3 -7 -11
3 -7 -20
3 -7 -21
3 -8 -5
3 -8 -9
3 -9 -8
3 -9 -9
3 -9 -10
3 -9 -22
3 -10 -3
3 -10 -9
3 -10 -18
3 -10 -21
3 -10 -22
3 -11 0
3 -11 -1
3 -11 -4
3 -11 -19
3 -11 -20
3 -12 -3
3 -12 -5
3 -12 -17
3 -13 0
3 -13 -20
3 -14 -1
3 -14 -9
3 -15 -3
3 -15 -9
3 -16 -12
3 -17 -3
3 -17 -8
3 -17 -9
3 -17 -21
3 -18 -7
3 -18 -10
3 -18 -12
3 -19 -6
3 -19 -10
3 -19 -14
3 -20 -15
3 -20 -18
3 -21 -2
3 -21 -4
3 -21 -8
3 -21 -13
3 -21 -17
3 -22 -7
3 -22 -11
3 -22 -13
4 0 -5
4 -2 -4
4 -2 -6
4 -2 -7
4 -2 -15
4 -3 -6
4 -3 -13
4 -4 -3
4 -4 -5
4 -5 -2
4 -5 -5
4 -5 -12
4 -6 -21
4 -7 -2
4 -7 -5
4 -7 -6
4 -7 -11
4 -7 -20
4 -7 -21
4 -8 -5
4 -8 -9
4 -9 -8
4 -9 -9
4 -9 -10
4 -9 -22
4 -10 -3
4 -10 -9
4 -10 -18
4 -10 -21
4 -10 -22
4 -11 0
4 -11 -1
4 -11 -4
4 -11 -19
4 -11 -20
4 -12 -3
4 -12 -5
4 -12 -17
4 -13 0
4 -13 -20
4 -14 -1
4 -14 -9
4 -15 -3
4 -15 -9
4 -16 -12
4 -17 -3
4 -17 -8
4 -17 -9
4 -17 -21
4 -18 -7
4 -18 -10
4 -18 -12
4 -19 -6
4 -19 -10
4 -19 -14
4 -20 -15
4 -20 -18
4 -21 -2
4 -21 -4
4 -21 -8
4 -21 -13
4 -21 -17
4 -22 -7
4 -22 -11
4 -22 -13
5 0 -5
5 -2 -4
5 -2 -6
5 -2 -7
5 -2 -15
5 -3 -6
5 -3 -13
5 -4 -3
5 -4 -5
5 -5 -2
5 -5 -5
5 -5 -12
5 -6 -21
5 -7 -2
5 -7 -5
5 -7 -6
5 -7 -11
5 -7 -20
5 -7 -21
5 -8 -5
5 -8 -9
5 -9 -8
5 -9 -9
5 -9 -10
5 -9 -22
5 -10 -3
5 -10 -9
5 -10 -18
5 -10 -21
5 -10 -22
5 -11 0
5 -11 -1
5 -11 -4
5 -11 -19
5 -11 -20
5 -12 -3
5 -12 -5
5 -12 -17
5 -13 0
5 -13 -20
5 -14 -1
5 -14 -9
5 -15 -3
5 -15 -9
5 -16 -12
5 -17 -3
5 -17 -8
5 -17 -9
5 -17 -21
5 -18 -7
5 -18 -10
5 -18 -12
5 -19 -6
5 -19 -10
5 -19 -14
5 -20 -15
5 -20 -18
5 -21 -2
5 -21 -4
5 -21 -8
5 -21 -13
5 -21 -17
5 -22 -7
5 -22 -11
5 -22 -13
6 0 -5
6 -2 -4
6 -2 -6
6 -2 -7
6 -2 -15
6 -3 -6
6 -3 -13
6 -4 -3
6 -4 -5
6 -5 -2
6 -5 -5
6 -5 -12
6 -6 -21
6 -7 -2
6 -7 -5
6 -7 -6
6 -7 -11
6 -7 -20
6 -7 -21
6 -8 -5
6 -8 -9
6 -9 -8
6 -9 -9
6 -9 -10
6 -9 -22
6 -10 -3
6 -10 -9
6 -10 -18
6 -10 -21
6 -10 -22
6 -11 0
6 -11 -1
6 -11 -4
6 -11 -19
6 -11 -20
6 -12 -3
6 -12 -5
6 -12 -17
6 -13 0
6 -13 -20
6 -14 -1
6 -14 -9
6 -15 -3
6 -15 -9
6 -16 -12
6 -17 -3
6 -17 -8
6 -17 -9
6 -17 -21
6 -18 -7
6 -18 -10
6 -18 -12
6 -19 -6
6 -19 -10
6 -19 -14
6 -20 -15
6 -20 -18
6 -21 -2
6 -21 -4
6 -21 -8
6 -21 -13
6 -21 -17
6 -22 -7
6 -22 -11
6 -22 -13
7 0 -5
7 -2 -4
7 -2 -6
7 -2 -7
7 -2 -15
7 -3 -6
7 -3 -13
7 -4 -3
7 -4 -5
7 -5 -2
7 -5 -5
7 -5 -12
7 -6 -21
7 -7 -2
7 -7 -5
7 -7 -6
7 -7 -11
7 -7 -20
7 -7 -21
7 -8 -5
7 -8 -9
7 -9 -8
7 -9 -9
7 -9 -10
7 -9 -22
7 -10 -3
7 -10 -9
7 -10 -18
7 -10 -21
7 -10 -22
7 -11 0
7 -11 -1
7 -11 -4
7 -11 -19
7 -11 -20
7 -12 -3
7 -12 -5
7 -12 -17
7 -13 0
7 -13 -20
7 -14 -1
7 -14 -9
7 -15 -3
7 -15 -9
7 -16 -12
7 -17 -3
7 -17 -8
7 -17 -9
7 -17 -21
7 -18 -7
7 -18 -10
7 -18 -12
7 -19 -6
7 -19 -10
7 -19 -14
7 -20 -15
7 -20 -18
7 -21 -2
7 -21 -4
7 -21 -8
7 -21 -13
7 -21 -17
7 -22 -7
7 -22 -11
7 -22 -13
8 0 -5
8 -2 -4
8 -2 -6
8 -2 -7
8 -2 -15
8 -3 -6
8 -3 -13
8 -4 -3
8 -4 -5
8 -5 -2
8 -5 -5
8 -5 -12
8 -6 -21
8 -7 -2
8 -7 -5
8 -7 -6
8 -7 -11
8 -7 -20
8 -7 -21
8 -8 -5
8 -8 -9
8 -9 -8
8 -9 -9
8 -9 -10
8 -9 -22
8 -10 -3
8 -10 -9
8 -10 -18
8 -10 -21
8 -10 -22
8 -11 0
8 -11 -1
8 -11 -4
8 -11 -19
8 -11 -20
8 -12 -3
8 -12 -5
8 -12 -17
8 -13 0
8 -13 -20
8 -14 -1
8 -14 -9
8 -15 -3
8 -15 -9
8 -16 -12
8 -17 -3
8 -17 -8
8 -17 -9
8 -17 -21
8 -18 -7
8 -18 -10
8 -18 -12
8 -19 -6
8 -19 -10
8 -19 -14
8 -20 -15
8 -20 -18
8 -21 -2
8 -21 -4
8 -21 -8
8 -21 -13
8 -21 -17
8 -22 -7
8 -22 -11
8 -22 -13
9 0 -5
9 -2 -4
9 -2 -6
9 -2 -7
9 -2 -15
9 -3 -6
9 -3 -13
9 -4 -3
9 -4 -5
9 -5 -2
9 -5 -5
9 -5 -12
9 -6 -21
9 -7 -2
9 -7 -5
9 -7 -6
9 -7 -11
9 -7 -20
9 -7 -21
9 -8 -5
9 -8 -9
9 -9 -8
9 -9 -9
9 -9 -10
9 -9 -22
9 -10 -3
9 -10 -9
9 -10 -18
9 -10 -21
9 -10 -22
9 -11 0
9 -11 -1
9 -11 -4
9 -11 -19
9 -11 -20
9 -12 -3
9 -12 -5
9 -12 -17
9 -13 0
9 -13 -20
9 -14 -1
9 -14 -9
9 -15 -3
9 -15 -9
9 -16 -12
9 -17 -3
9 -17 -8
9 -17 -9
9 -17 -21
9 -18 -7
9 -18 -10
9 -18 -12
9 -19 -6
9 -19 -10
9 -19 -14
9 -20 -15
9 -20 -18
9 -21 -2
9 -21 -4
9 -21 -8
9 -21 -13
9 -21 -17
9 -22 -7
9 -22 -11
9 -22 -13
10 0 -5
10 -2 -4
10 -2 -6
10 -2 -7
10 -2 -15
10 -3 -6
10 -3 -13
10 -4 -3
10 -4 -5
10 -5 -2
10 -5 -5
10 -5 -12
10 -6 -21
10 -7 -2
10 -7 -5
10 -7 -6
10 -7 -11
10 -7 -20
10 -7 -21
10 -8 -5
10 -8 -9
10 -9 -8
10 -9 -9
10 -9 -10
10 -9 -22
10 -10 -3
10 -10 -9
10 -10 -18
10 -10 -21
10 -10 -22
10 -11 0
10 -11 -1
10 -11 -4
10 -11 -19
10 -11 -20
10 -12 -3
10 -12 -5
10 -12 -17
10 -13 0
10 -13 -20
10 -14 -1
10 -14 -9
10 -15 -3
10 -15 -9
10 -16 -12
10 -17 -3
10 -17 -8
10 -17 -9
10 -17 -21
10 -18 -7
10 -18 -10
10 -18 -12
10 -19 -6
10 -19 -10
10 -19 -14
10 -20 -15
10 -20 -18
10 -21 -2
10 -21 -4
10 -21 -8
10 -21 -13
10 -21 -17
10 -22 -7
10 -22 -11
10 -22 -13
11 0 -5
11 -2 -4
11 -2 -6
11 -2 -7
11 -2 -15
11 -3 -6
11 -3 -13
11 -4 -3
11 -4 -5
11 -5 -2
11 -5 -5
11 -5 -12
11 -6 -21
11 -7 -2
11 -7 -5
11 -7 -6
11 -7 -11
11 -7 -20
11 -7 -21
11 -8 -5
11 -8 -9
11 -9 -8
11 -9 -9
11 -9 -10
11 -9 -22
11 -10 -3
11 -10 -9
11 -10 -18
11 -10 -21
11 -10 -22
11 -11 0
11 -11 -1
11 -11 -4
11 -11 -19
11 -11 -20
11 -12 -3
11 -12 -5
11 -12 -17
11 -13 0
11 -13 -20
11 -14 -1
11 -14 -9
11 -15 -3
11 -15 -9
11 -16 -12
11 -17 -3
11 -17 -8
11 -17 -9
11 -17 -21
11 -18 -7
11 -18 -10
11 -18 -12
11 -19 -6
11 -19 -10
11 -19 -14
11 -20 -15
11 -20 -18
11 -21 -2
11 -21 -4
11 -21 -8
11 -21 -13
11 -21 -17
11 -22 -7
11 -22 -11
11 -22 -13
12 0 -5
12 -2 -4
12 -2 -6
12 -2 -7
12 -2 -15
12 -3 -6
12 -3 -13
12 -4 -3
12 -4 -5
12 -5 -2
12 -5 -5
12 -5 -12
12 -6 -21
12 -7 -2
12 -7 -5
12 -7 -6
12 -7 -11
12 -7 -20
12 -7 -21
12 -8 -5
12 -8 -9
12 -9 -8
12 -9 -9
12 -9 -10
12 -9 -22
12 -10 -3
12 -10 -9
12 -10 -18
12 -10 -21
12 -10 -22
12 -11 0
12 -11 -1
12 -11 -4
12 -11 -19
12 -11 -20
12 -12 -3
12 -12 -5
12 -12 -17
12 -13 0
12 -13 -20
12 -14 -1
12 -14 -9
12 -15 -3
12 -15 -9
12 -16 -12
12 -17 -3
12 -17 -8
12 -17 -9
12 -17 -21
12 -18 -7
12 -18 -10
12 -18 -12
12 -19 -6
12 -19 -10
12 -19 -14
12 -20 -15
12 -20 -18
12 -21 -2
12 -21 -4
12 -21 -8
12 -21 -13
12 -21 -17
12 -22 -7
12 -22 -11
12 -22 -13
13 0 -5
13 -2 -4
13 -2 -6
13 -2 -7
13 -2 -15
13 -3 -6
13 -3 -13
13 -4 -3
13 -4 -5
13 -5 -2
13 -5 -5
13 -5 -12
13 -6 -21
13 -7 -2
13 -7 -5
13 -7 -6
13 -7 -11
13 -7 -20
13 -7 -21
13 -8 -5
13 -8 -9
13 -9 -8
13 -9 -9
13 -9 -10
13 -9 -22
13 -10 -3
13 -10 -9
13 -10 -18
13 -10 -21
13 -10 -22
13 -11 0
13 -11 -1
13 -11 -4
13 -11 -19
13 -11 -20
13 -12 -3
13 -12 -5
13 -12 -17
13 -13 0
13 -13 -20
13 -14 -1
13 -14 -9
13 -15 -3
13 -15 -9
13 -16 -12
13 -17 -3
13 -17 -8
13 -17 -9
13 -17 -21
13 -18 -7
13 -18 -10
13 -18 -12
13 -19 -6
13 -19 -10
13 -19 -14
13 -20 -15
13 -20 -18
13 -21 -2
13 -21 -4
13 -21 -8
13 -21 -13
13 -21 -17
13 -22 -7
13 -22 -11
13 -22 -13
14 0 -5
14 -2 -4
14 -2 -6
14 -2 -7
14 -2 -15
14 -3 -6
14 -3 -13
14 -4 -3
14 -4 -5
14 -5 -2
14 -5 -5
14 -5 -12
14 -6 -21
14 -7 -2
14 -7 -5
14 -7 -6
14 -7 -11
14 -7 -20
14 -7 -21
14 -8 -5
14 -8 -9
14 -9 -8
14 -9 -9
14 -9 -10
14 -9 -22
14 -10 -3
14 -10 -9
14 -10 -18
14 -10 -21
14 -10 -22
14 -11 0
14 -11 -1
14 -11 -4
14 -11 -19
14 -11 -20
14 -12 -3
14 -12 -5
14 -12 -17
14 -13 0
14 -13 -20
14 -14 -1
14 -14 -9
14 -15 -3
14 -15 -9
14 -16 -12
14 -17 -3
14 -17 -8
14 -17 -9
14 -17 -21
14 -18 -7
14 -18 -10
14 -18 -12
14 -19 -6
14 -19 -10
14 -19 -14
14 -20 -15
14 -20 -18
14 -21 -2
14 -21 -4
14 -21 -8
14 -21 -13
14 -21 -17
14 -22 -7
14 -22 -11
14 -22 -13
15 0 -5
15 -2 -4
15 -2 -6
15 -2 -7
15 -2 -15
15 -3 -6
15 -3 -13
15 -4 -3
15 -4 -5
15 -5 -2
15 -5 -5
15 -5 -12
15 -6 -21
15 -7 -2
15 -7 -5
15 -7 -6
15 -7 -11
15 -7 -20
15 -7 -21
15 -8 -5
15 -8 -9
15 -9 -8
15 -9 -9
15 -9 -10
15 -9 -22
15 -10 -3
15 -10 -9
15 -10 -18
15 -10 -21
15 -10 -22
15 -11 0
15 -11 -1
15 -11 -4
15 -11 -19
15 -11 -20
15 -12 -3
15 -12 -5
15 -12 -17
15 -13 0
15 -13 -20
15 -14 -1
15 -14 -9
15 -15 -3
15 -15 -9
15 -16 -12
15 -17 -3
15 -17 -8
15 -17 -9
15 -17 -21
15 -18 -7
15 -18 -10
15 -18 -12
15 -19 -6
15 -19 -10
15 -19 -14
15 -20 -15
15 -20 -18
15 -21 -2
15 -21 -4
15 -21 -8
15 -21 -13
15 -21 -17
15 -22 -7
15 -22 -11
15 -22 -13
16 0 -5
16 -2 -4
16 -2 -6
16 -2 -7
16 -2 -15
16 -3 -6
16 -3 -13
16 -4 -3
16 -4 -5
16 -5 -2
16 -5 -5
16 -5 -12
16 -6 -21
16 -7 -2
16 -7 -5
16 -7 -6
16 -7 -11
16 -7 -20
16 -7 -21
16 -8 -5
16 -8 -9
16 -9 -8
16 -9 -9
16 -9 -10
16 -9 -22
16 -10 -3
16 -10 -9
16 -10 -18
16 -10 -21
16 -10 -22
16 -11 0
16 -11 -1
16 -11 -4
16 -11 -19
16 -11 -20
16 -12 -3
16 -12 -5
16 -12 -17
16 -13 0
16 -13 -20
16 -14 -1
16 -14 -9
16 -15 -3
16 -15 -9
16 -16 -12
16 -17 -3
16 -17 -8
16 -17 -9
16 -17 -21
16 -18 -7
16 -18 -10
16 -18 -12
16 -19 -6
16 -19 -10
16 -19 -14
16 -20 -15
16 -20 -18
16 -21 -2
16 -21 -4
16 -21 -8
16 -21 -13
16 -21 -17
16 -22 -7
16 -22 -11
16 -22 -13
17 0 -5
17 -2 -4
17 -2 -6
17 -2 -7
17 -2 -15
17 -3 -6
17 -3 -13
17 -4 -3
17 -4 -5
17 -5 -2
17 -5 -5
17 -5 -12
17 -6 -21
17 -7 -2
17 -7 -5
17 -7 -6
17 -7 -11
17 -7 -20
17 -7 -21
17 -8 -5
17 -8 -9
17 -9 -8
17 -9 -9
17 -9 -10
17 -9 -22
17 -10 -3
17 -10 -9
17 -10 -18
17 -10 -21
17 -10 -22
17 -11 0
17 -11 -1
17 -11 -4
17 -11 -19
17 -11 -20
17 -12 -3
17 -12 -5
17 -12 -17
17 -13 0
17 -13 -20
17 -14 -1
17 -14 -9
17 -15 -3
17 -15 -9
17 -16 -12
17 -17 -3
17 -17 -8
17 -17 -9
17 -17 -21
17 -18 -7
17 -18 -10
17 -18 -12
17 -19 -6
17 -19 -10
17 -19 -14
17 -20 -15
17 -20 -18
17 -21 -2
17 -21 -4
17 -21 -8
17 -21 -13
17 -21 -17
17 -22 -7
17 -22 -11
17 -22 -13
18 0 -5
18 -2 -4
18 -2 -6
18 -2 -7
18 -2 -15
18 -3 -6
18 -3 -13
18 -4 -3
18 -4 -5
18 -5 -2
18 -5 -5
18 -5 -12
18 -6 -21
18 -7 -2
18 -7 -5
18 -7 -6
18 -7 -11
18 -7 -20
18 -7 -21
18 -8 -5
18 -8 -9
18 -9 -8
18 -9 -9
18 -9 -10
18 -9 -22
18 -10 -3
18 -10 -9
18 -10 -18
18 -10 -21
18 -10 -22
18 -11 0
18 -11 -1
18 -11 -4
18 -11 -19
18 -11 -20
18 -12 -3
18 -12 -5
18 -12 -17
18 -13 0
18 -13 -20
18 -14 -1
18 -14 -9
18 -15 -3
18 -15 -9
18 -16 -12
18 -17 -3
18 -17 -8
18 -17 -9
18 -17 -21
18 -18 -7
18 -18 -10
18 -18 -12
18 -19 -6
18 -19 -10
18 -19 -14
18 -20 -15
18 -20 -18
18 -21 -2
18 -21 -4
18 -21 -8
18 -21 -13
18 -21 -17
18 -22 -7
18 -22 -11
18 -22 -13
19 0 -5
19 -2 -4
19 -2 -6
19 -2 -7
19 -2 -15
19 -3 -6
19 -3 -13
19 -4 -3
19 -4 -5
19 -5 -2
19 -5 -5
19 -5 -12
19 -6 -21
19 -7 -2
19 -7 -5
19 -7 -6
19 -7 -11
19 -7 -20
19 -7 -21
19 -8 -5
19 -8 -9
19 -9 -8
19 -9 -9
19 -9 -10
19 -9 -22
19 -10 -3
19 -10 -9
19 -10 -18
19 -10 -21
19 -10 -22
19 -11 0
19 -11 -1
19 -11 -4
19 -11 -19
19 -11 -20
19 -12 -3
19 -12 -5
19 -12 -17
19 -13 0
19 -13 -20
19 -14 -1
19 -14 -9
19 -15 -3
19 -15 -9
19 -16 -12
19 -17 -3
19 -17 -8
19 -17 -9
19 -17 -21
19 -18 -7
19 -18 -10
19 -18 -12
19 -19 -6
19 -19 -10
19 -19 -14
19 -20 -15
19 -20 -18
19 -21 -2
19 -21 -4
19 -21 -8
19 -21 -13
19 -21 -17
19 -22 -7
19 -22 -11
19 -22 -13
20 0 -5
20 -2 -4
20 -2 -6
20 -2 -7
20 -2 -15
20 -3 -6
20 -3 -13
20 -4 -3
20 -4 -5
20 -5 -2
20 -5 -5
20 -5 -12
20 -6 -21
20 -7 -2
20 -7 -5
20 -7 -6
20 -7 -11
20 -7 -20
20 -7 -21
20 -8 -5
20 -8 -9
20 -9 -8
20 -9 -9
20 -9 -10
20 -9 -22
20 -10 -3
20 -10 -9
20 -10 -18
20 -10 -21
20 -10 -22
20 -11 0
20 -11 -1
20 -11 -4
20 -11 -19
20 -11 -20
20 -12 -3
20 -12 -5
20 -12 -17
20 -13 0
20 -13 -20
20 -14 -1
20 -14 -9
20 -15 -3
20 -15 -9
20 -16 -12
20 -17 -3
20 -17 -8
20 -17 -9
20 -17 -21
20 -18 -7
20 -18 -10
20 -18 -12
20 -19 -6
20 -19 -10
20 -19 -14
20 -20 -15
20 -20 -18
20 -21 -2
20 -21 -4
20 -21 -8
20 -21 -13
20 -21 -17
20 -22 -7
20 -22 -11
20 -22 -13
21 0 -5
21 -2 -4
21 -2 -6
21 -2 -7
21 -2 -15
21 -3 -6
21 -3 -13
21 -4 -3
21 -4 -5
21 -5 -2
21 -5 -5
21 -5 -12
21 -6 -21
21 -7 -2
21 -7 -5
21 -7 -6
21 -7 -11
21 -7 -20
21 -7 -21
21 -8 -5
21 -8 -9
21 -9 -8
21 -9 -9
21 -9 -10
21 -9 -22
21 -10 -3
21 -10 -9
21 -10 -18
21 -10 -21
21 -10 -22
21 -11 0
21 -11 -1
21 -11 -4
21 -11 -19
21 -11 -20
21 -12 -3
21 -12 -5
21 -12 -17
21 -13 0
21 -13 -20
21 -14 -1
21 -14 -9
21 -15 -3
21 -15 -9
21 -16 -12
21 -17 -3
21 -17 -8
21 -17 -9
21 -17 -21
21 -18 -7
21 -18 -10
21 -18 -12
21 -19 -6
21 -19 -10
21 -19 -14
21 -20 -15
21 -20 -18
21 -21 -2
21 -21 -4
21 -21 -8
21 -21 -13
21 -21 -17
21 -22 -7
21 -22 -11
21 -22 -13
22 0 -5
22 -2 -4
22 -2 -6
22 -2 -7
22 -2 -15
22 -3 -6
22 -3 -13
22 -4 -3
22 -4 -5
22 -5 -2
22 -5 -5
22 -5 -12
22 -6 -21
22 -7 -2
22 -7 -5
22 -7 -6
22 -7 -11
22 -7 -20
22 -7 -21
22 -8 -5
22 -8 -9
22 -9 -8
22 -9 -9
22 -9 -10
22 -9 -22
22 -10 -3
22 -10 -9
22 -10 -18
22 -10 -21
22 -10 -22
22 -11 0
22 -11 -1
22 -11 -4
22 -11 -19
22 -11 -20
22 -12 -3
22 -12 -5
22 -12 -17
22 -13 0
22 -13 -20
22 -14 -1
22 -14 -9
22 -15 -3
22 -15 -9
22 -16 -12
22 -17 -3
22 -17 -8
22 -17 -9
22 -17 -21
22 -18 -7
22 -18 -10
22 -18 -12
22 -19 -6
22 -19 -10
22 -19 -14
22 -20 -15
22 -20 -18
22 -21 -2
22 -21 -4
22 -21 -8
22 -21 -13
22 -21 -17
22 -22 -7
22 -22 -11
22 -22 -13
23 0 -5
23 -2 -4
23 -2 -6
23 -2 -7
23 -2 -15
23 -3 -6
23 -3 -13
23 -4 -3
23 -4 -5
23 -5 -2
23 -5 -5
23 -5 -12
23 -6 -21
23 -7 -2
23 -7 -5
23 -7 -6
23 -7 -11
23 -7 -20
23 -7 -21
23 -8 -5
23 -8 -9
23 -9 -8
23 -9 -9
23 -9 -10
23 -9 -22
23 -10 -3
23 -10 -9
23 -10 -18
23 -10 -21
23 -10 -22
23 -11 0
23 -11 -1
23 -11 -4
23 -11 -19
23 -11 -20
23 -12 -3
23 -12 -5
23 -12 -17
23 -13 0
23 -13 -20
23 -14 -1
23 -14 -9
23 -15 -3
23 -15 -9
23 -16 -12
23 -17 -3
23 -17 -8
23 -17 -9
23 -17 -21
23 -18 -7
23 -18 -10
23 -18 -12
23 -19 -6
23 -19 -10
23 -19 -14
23 -20 -15
23 -20 -18
23 -21 -2
23 -21 -4
23 -21 -8
23 -21 -13
23 -21 -17
23 -22 -7
23 -22 -11
23 -22 -13
24 0 -5
24 -2 -4
24 -2 -6
24 -2 -7
24 -2 -15
24 -3 -6
24 -3 -13
24 -4 -3
24 -4 -5
24 -5 -2
24 -5 -5
24 -5 -12
24 -6 -21
24 -7 -2
24 -7 -5
24 -7 -6
24 -7 -11
24 -7 -20
24 -7 -21
24 -8 -5
24 -8 -9
24 -9 -8
24 -9 -9
24 -9 -10
24 -9 -22
24 -10 -3
24 -10 -9
24 -10 -18
24 -10 -21
24 -10 -22
24 -11 0
24 -11 -1
24 -11 -4
24 -11 -19
24 -11 -20
24 -12 -3
24 -12 -5
24 -12 -17
24 -13 0
24 -13 -20
24 -14 -1
24 -14 -9
24 -15 -3
24 -15 -9
24 -16 -12
24 -17 -3
24 -17 -8
24 -17 -9
24 -17 -21
24 -18 -7
24 -18 -10
24 -18 -12
24 -19 -6
24 -19 -10
24 -19 -14
24 -20 -15
24 -20 -18
24 -21 -2
24 -21 -4
24 -21 -8
24 -21 -13
24 -21 -17
24 -22 -7
24 -22 -11
24 -22 -13
25 0 -5
25 -2 -4
25 -2 -6
25 -2 -7
25 -2 -15
25 -3 -6
25 -3 -13
25 -4 -3
25 -4 -5
25 -5 -2
25 -5 -5
25 -5 -12
25 -6 -21
25 -7 -2
25 -7 -5
25 -7 -6
25 -7 -11
25 -7 -20
25 -7 -21
25 -8 -5
25 -8 -9
25 -9 -8
25 -9 -9
25 -9 -10
25 -9 -22
25 -10 -3
25 -10 -9
25 -10 -18
25 -10 -21
25 -10 -22
25 -11 0
25 -11 -1
25 -11 -4
25 -11 -19
25 -11 -20
25 -12 -3
25 -12 -5
25 -12 -17
25 -13 0
25 -13 -20
25 -14 -1
25 -14 -9
25 -15 -3
25 -15 -9
25 -16 -12
25 -17 -3
25 -17 -8
25 -17 -9
25 -17 -21
25 -18 -7
25 -18 -10
25 -18 -12
25 -19 -6
25 -19 -10
25 -19 -14
25 -20 -15
25 -20 -18
25 -21 -2
25 -21 -4
25 -21 -8
25 -21 -13
25 -21 -17
25 -22 -7
25 -22 -11
25 -22 -13
26 0 -5
26 -2 -4
26 -2 -6
26 -2 -7
26 -2 -15
26 -3 -6
26 -3 -13
26 -4 -3
26 -4 -5
26 -5 -2
26 -5 -5
26 -5 -12
26 -6 -21
26 -7 -2
26 -7 -5
26 -7 -6
26 -7 -11
26 -7 -20
26 -7 -21
26 -8 -5
26 -8 -9
26 -9 -8
26 -9 -9
26 -9 -10
26 -9 -22
26 -10 -3
26 -10 -9
26 -10 -18
26 -10 -21
26 -10 -22
26 -11 0
26 -11 -1
26 -11 -4
26 -11 -19
26 -11 -20
26 -12 -3
26 -12 -5
26 -12 -17
26 -13 0
26 -13 -20
26 -14 -1
26 -14 -9
26 -15 -3
26 -15 -9
26 -16 -12
26 -17 -3
26 -17 -8
26 -17 -9
26 -17 -21
26 -18 -7
26 -18 -10
26 -18 -12
26 -19 -6
26 -19 -10
26 -19 -14
26 -20 -15
26 -20 -18
26 -21 -2
26 -21 -4
26 -21 -8
26 -21 -13
26 -21 -17
26 -22 -7
26 -22 -11
26 -22 -13
27 0 -5
27 -2 -4
27 -2 -6
27 -2 -7
27 -2 -15
27 -3 -6
27 -3 -13
27 -4 -3
27 -4 -5
27 -5 -2
27 -5 -5
27 -5 -12
27 -6 -21
27 -7 -2
27 -7 -5
27 -7 -6
27 -7 -11
27 -7 -20
27 -7 -21
27 -8 -5
27 -8 -9
27 -9 -8
27 -9 -9
27 -9 -10
27 -9 -22
27 -10 -3
27 -10 -9
27 -10 -18
27 -10 -21
27 -10 -22
27 -11 0
27 -11 -1
27 -11 -4
27 -11 -19
27 -11 -20
27 -12 -3
27 -12 -5
27 -12 -17
27 -13 0
27 -13 -20
27 -14 -1
27 -14 -9
27 -15 -3
27 -15 -9
27 -16 -12
27 -17 -3
27 -17 -8
27 -17 -9
27 -17 -21
27 -18 -7
27 -18 -10
27 -18 -12
27 -19 -6
27 -19 -10
27 -19 -14
27 -20 -15
27 -20 -18
27 -21 -2
27 -21 -4
27 -21 -8
27 -21 -13
27 -21 -17
27 -22 -7
27 -22 -11
27 -22 -13
28 0 -5
28 -2 -4
28 -2 -6
28 -2 -7
28 -2 -15
28 -3 -6
28 -3 -13
28 -4 -3
28 -4 -5
28 -5 -2
28 -5 -5
28 -5 -12
28 -6 -21
28 -7 -2
28 -7 -5
28 -7 -6
28 -7 -11
28 -7 -20
28 -7 -21
28 -8 -5
28 -8 -9
28 -9 -8
28 -9 -9
28 -9 -10
28 -9 -22
28 -10 -3
28 -10 -9
28 -10 -18
28 -10 -21
28 -10 -22
28 -11 0
28 -11 -1
28 -11 -4
28 -11 -19
28 -11 -20
28 -12 -3
28 -12 -5
28 -12 -17
28 -13 0
28 -13 -20
28 -14 -1
28 -14 -9
28 -15 -3
28 -15 -9
28 -16 -12
28 -17 -3
28 -17 -8
28 -17 -9
28 -17 -21
28 -18 -7
28 -18 -10
28 -18 -12
28 -19 -6
28 -19 -10
28 -19 -14
28 -20 -15
28 -20 -18
28 -21 -2
28 -21 -4
28 -21 -8
28 -21 -13
28 -21 -17
28 -22 -7
28 -22 -11
28 -22 -13
29 0 -5
29 -2 -4
29 -2 -6
29 -2 -7
29 -2 -15
29 -3 -6
29 -3 -13
29 -4 -3
29 -4 -5
29 -5 -2
29 -5 -5
29 -5 -12
29 -6 -21
29 -7 -2
29 -7 -5
29 -7 -6
29 -7 -11
29 -7 -20
29 -7 -21
29 -8 -5
29 -8 -9
29 -9 -8
29 -9 -9
29 -9 -10
29 -9 -22
29 -10 -3
29 -10 -9
29 -10 -18
29 -10 -21
29 -10 -22
29 -11 0
29 -11 -1
29 -11 -4
29 -11 -19
29 -11 -20
29 -12 -3
29 -12 -5
29 -12 -17
29 -13 0
29 -13 -20
29 -14 -1
29 -14 -9
29 -15 -3
29 -15 -9
29 -16 -12
29 -17 -3
29 -17 -8
29 -17 -9
29 -17 -21
29 -18 -7
29 -18 -10
29 -18 -12
29 -19 -6
29 -19 -10
29 -19 -14
29 -20 -15
29 -20 -18
29 -21 -2
29 -21 -4
29 -21 -8
29 -21 -13
29 -21 -17
29 -22 -7
29 -22 -11
29 -22 -13
30 0 -5
30 -2 -4
30 -2 -6
30 -2 -7
30 -2 -15
30 -3 -6
30 -3 -13
30 -4 -3
30 -4 -5
30 -5 -2
30 -5 -5
30 -5 -12
30 -6 -21
30 -7 -2
30 -7 -5
30 -7 -6
30 -7 -11
30 -7 -20
30 -7 -21
30 -8 -5
30 -8 -9
30 -9 -8
30 -9 -9
30 -9 -10
30 -9 -22
30 -10 -3
30 -10 -9
30 -10 -18
30 -10 -21
30 -10 -22
30 -11 0
30 -11 -1
30 -11 -4
30 -11 -19
30 -11 -20
30 -12 -3
30 -12 -5
30 -12 -17
30 -13 0
30 -13 -20
30 -14 -1
30 -14 -9
30 -15 -3
30 -15 -9
30 -16 -12
30 -17 -3
30 -17 -8
30 -17 -9
30 -17 -21
30 -18 -7
30 -18 -10
30 -18 -12
30 -19 -6
30 -19 -10
30 -19 -14
30 -20 -15
30 -20 -18
30 -21 -2
30 -21 -4
30 -21 -8
30 -21 -13
30 -21 -17
30 -22 -7
30 -22 -11
30 -22 -13
31 0 -5
31 -2 -4
31 -2 -6
31 -2 -7
31 -2 -15
31 -3 -6
31 -3 -13
31 -4 -3
31 -4 -5
31 -5 -2
31 -5 -5
31 -5 -12
31 -6 -21
31 -7 -2
31 -7 -5
31 -7 -6
31 -7 -11
31 -7 -20
31 -7 -21
31 -8 -5
31 -8 -9
31 -9 -8
31 -9 -9
31 -9 -10
31 -9 -22
31 -10 -3
31 -10 -9
31 -10 -18
31 -10 -21
31 -10 -22
31 -11 0
31 -11 -1
31 -11 -4
31 -11 -19
31 -11 -20
31 -12 -3
31 -12 -5
31 -12 -17
31 -13 0
31 -13 -20
31 -14 -1
31 -14 -9
31 -15 -3
31 -15 -9
31 -16 -12
31 -17 -3
31 -17 -8
31 -17 -9
31 -17 -21
31 -18 -7
31 -18 -10
31 -18 -12
31 -19 -6
31 -19 -10
31 -19 -14
31 -20 -15
31 -20 -18
31 -21 -2
31 -21 -4
31 -21 -8
31 -21 -13
31 -21 -17
31 -22 -7
31 -22 -11
31 -22 -13
32 0 -5
32 -2 -4
32 -2 -6
32 -2 -7
32 -2 -15
32 -3 -6
32 -3 -13
32 -4 -3
32 -4 -5
32 -5 -2
32 -5 -5
32 -5 -12
32 -6 -21
32 -7 -2
32 -7 -5
32 -7 -6
32 -7 -11
32 -7 -20
32 -7 -21
32 -8 -5
32 -8 -9
32 -9 -8
32 -9 -9
32 -9 -10
32 -9 -22
32 -10 -3
32 -10 -9
32 -10 -18
32 -10 -21
32 -10 -22
32 -11 0
32 -11 -1
32 -11 -4
32 -11 -19
32 -11 -20
32 -12 -3
32 -12 -5
32 -12 -17
32 -13 0
32 -13 -20
32 -14 -1
32 -14 -9
32 -15 -3
32 -15 -9
32 -16 -12
32 -17 -3
32 -17 -8
32 -17 -9
32 -17 -21
32 -18 -7
32 -18 -10
32 -18 -12
32 -19 -6
32 -19 -10
32 -19 -14
32 -20 -15
32 -20 -18
32 -21 -2
32 -21 -4
32 -21 -8
32 -21 -13
32 -21 -17
32 -22 -7
32 -22 -11
32 -22 -13
33 0 -5
33 -2 -4
33 -2 -6
33 -2 -7
33 -2 -15
33 -3 -6
33 -3 -13
33 -4 -3
33 -4 -5
33 -5 -2
33 -5 -5
33 -5 -12
33 -6 -21
33 -7 -2
33 -7 -5
33 -7 -6
33 -7 -11
33 -7 -20
33 -7 -21
33 -8 -5
33 -8 -9
33 -9 -8
33 -9 -9
33 -9 -10
33 -9 -22
33 -10 -3
33 -10 -9
33 -10 -18
33 -10 -21
33 -10 -22
33 -11 0
33 -11 -1
33 -11 -4
33 -11 -19
33 -11 -20
33 -12 -3
33 -12 -5
33 -12 -17
33 -13 0
33 -13 -20
33 -14 -1
33 -14 -9
33 -15 -3
33 -15 -9
33 -16 -12
33 -17 -3
33 -17 -8
33 -17 -9
33 -17 -21
33 -18 -7
33 -18 -10
33 -18 -12
33 -19 -6
33 -19 -10
33 -19 -14
33 -20 -15
33 -20 -18
33 -21 -2
33 -21 -4
33 -21 -8
33 -21 -13
33 -21 -17
33 -22 -7
33 -22 -11
33 -22 -13
34 0 -5
34 -2 -4
34 -2 -6
34 -2 -7
34 -2 -15
34 -3 -6
34 -3 -13
34 -4 -3
34 -4 -5
34 -5 -2
34 -5 -5
34 -5 -12
34 -6 -21
34 -7 -2
34 -7 -5
34 -7 -6
34 -7 -11
34 -7 -20
34 -7 -21
34 -8 -5
34 -8 -9
34 -9 -8
34 -9 -9
34 -9 -10
34 -9 -22
34 -10 -3
34 -10 -9
34 -10 -18
34 -10 -21
34 -10 -22
34 -11 0
34 -11 -1
34 -11 -4
34 -11 -19
34 -11 -20
34 -12 -3
34 -12 -5
34 -12 -17
34 -13 0
34 -13 -20
34 -14 -1
34 -14 -9
34 -15 -3
34 -15 -9
34 -16 -12
34 -17 -3
34 -17 -8
34 -17 -9
34 -17 -21
34 -18 -7
34 -18 -10
34 -18 -12
34 -19 -6
34 -19 -10
34 -19 -14
34 -20 -15
34 -20 -18
34 -21 -2
34 -21 -4
34 -21 -8
34 -21 -13
34 -21 -17
34 -22 -7
34 -22 -11
34 -22 -13
35 0 -5
35 -2 -4
35 -2 -6
35 -2 -7
35 -2 -15
35 -3 -6
35 -3 -13
35 -4 -3
35 -4 -5
35 -5 -2
35 -5 -5
35 -5 -12
35 -6 -21
35 -7 -2
35 -7 -5
35 -7 -6
35 -7 -11
35 -7 -20
35 -7 -21
35 -8 -5
35 -8 -9
35 -9 -8
35 -9 -9
35 -9 -10
35 -9 -22
35 -10 -3
35 -10 -9
35 -10 -18
35 -10 -21
35 -10 -22
35 -11 0
35 -11 -1
35 -11 -4
35 -11 -19
35 -11 -20
35 -12 -3
35 -12 -5
35 -12 -17
35 -13 0
35 -13 -20
35 -14 -1
35 -14 -9
35 -15 -3
35 -15 -9
35 -16 -12
35 -17 -3
35 -17 -8
35 -17 -9
35 -17 -21
35 -18 -7
35 -18 -10
35 -18 -12
35 -19 -6
35 -19 -10
35 -19 -14
35 -20 -15
35 -20 -18
35 -21 -2
35 -21 -4
35 -21 -8
35 -21 -13
35 -21 -17
35 -22 -7
35 -22 -11
35 -22 -13
36 0 -5
36 -2 -4
36 -2 -6
36 -2 -7
36 -2 -15
36 -3 -6
36 -3 -13
36 -4 -3
36 -4 -5
36 -5 -2
36 -5 -5
36 -5 -12
36 -6 -21
36 -7 -2
36 -7 -5
36 -7 -6
36 -7 -11
36 -7 -20
36 -7 -21
36 -8 -5
36 -8 -9
36 -9 -8
36 -9 -9
36 -9 -10
36 -9 -22
36 -10 -3
36 -10 -9
36 -10 -18
36 -10 -21
36 -10 -22
36 -11 0
36 -11 -1
36 -11 -4
36 -11 -19
36 -11 -20
36 -12 -3
36 -12 -5
36 -12 -17
36 -13 0
36 -13 -20
36 -14 -1
36 -14 -9
36 -15 -3
36 -15 -9
36 -16 -12
36 -17 -3
36 -17 -8
36 -17 -9
36 -17 -21
36 -18 -7
36 -18 -10
36 -18 -12
36 -19 -6
36 -19 -10
36 -19 -14
36 -20 -15
36 -20 -18
36 -21 -2
36 -21 -4
36 -21 -8
36 -21 -13
36 -21 -17
36 -22 -7
36 -22 -11
36 -22 -13
37 0 -5
37 -2 -4
37 -2 -6
37 -2 -7
37 -2 -15
37 -3 -6
37 -3 -13
37 -4 -3
37 -4 -5
37 -5 -2
37 -5 -5
37 -5 -12
37 -6 -21
37 -7 -2
37 -7 -5
37 -7 -6
37 -7 -11
37 -7 -20
37 -7 -21
37 -8 -5
37 -8 -9
37 -9 -8
37 -9 -9
37 -9 -10
37 -9 -22
37 -10 -3
37 -10 -9
37 -10 -18
37 -10 -21
37 -10 -22
37 -11 0
37 -11 -1
37 -11 -4
37 -11 -19
37 -11 -20
37 -12 -3
37 -12 -5
37 -12 -17
37 -13 0
37 -13 -20
37 -14 -1
37 -14 -9
37 -15 -3
37 -15 -9
37 -16 -12
37 -17 -3
37 -17 -8
37 -17 -9
37 -17 -21
37 -18 -7
37 -18 -10
37 -18 -12
37 -19 -6
37 -19 -10
37 -19 -14
37 -20 -15
37 -20 -18
37 -21 -2
37 -21 -4
37 -21 -8
37 -21 -13
37 -21 -17
37 -22 -7
37 -22 -11
37 -22 -13
38 0 -5
38 -2 -4
38 -2 -6
38 -2 -7
38 -2 -15
38 -3 -6
38 -3 -13
38 -4 -3
38 -4 -5
38 -5 -2
38 -5 -5
38 -5 -12
38 -6 -21
38 -7 -2
38 -7 -5
38 -7 -6
38 -7 -11
38 -7 -20
38 -7 -21
38 -8 -5
38 -8 -9
38 -9 -8
38 -9 -9
38 -9 -10
38 -9 -22
38 -10 -3
38 -10 -9
38 -10 -18
38 -10 -21
38 -10 -22
38 -11 0
38 -11 -1
38 -11 -4
38 -11 -19
38 -11 -20
38 -12 -3
38 -12 -5
38 -12 -17
38 -13 0
38 -13 -20
38 -14 -1
38 -14 -9
38 -15 -3
38 -15 -9
38 -16 -12
38 -17 -3
38 -17 -8
38 -17 -9
38 -17 -21
38 -18 -7
38 -18 -10
38 -18 -12
38 -19 -6
38 -19 -10
38 -19 -14
38 -20 -15
38 -20 -18
38 -21 -2
38 -21 -4
38 -21 -8
38 -21 -13
38 -21 -17
38 -22 -7
38 -22 -11
38 -22 -13
39 0 -5
39 -2 -4
39 -2 -6
39 -2 -7
39 -2 -15
39 -3 -6
39 -3 -13
39 -4 -3
39 -4 -5
39 -5 -2
39 -5 -5
39 -5 -12
39 -6 -21
39 -7 -2
39 -7 -5
39 -7 -6
39 -7 -11
39 -7 -20
39 -7 -21
39 -8 -5
39 -8 -9
39 -9 -8
39 -9 -9
39 -9 -10
39 -9 -22
39 -10 -3
39 -10 -9
39 -10 -18
39 -10 -21
39 -10 -22
39 -11 0
39 -11 -1
39 -11 -4
39 -11 -19
39 -11 -20
39 -12 -3
39 -12 -5
39 -12 -17
39 -13 0
39 -13 -20
39 -14 -1
39 -14 -9
39 -15 -3
39 -15 -9
39 -16 -12
39 -17 -3
39 -17 -8
39 -17 -9
39 -17 -21
39 -18 -7
39 -18 -10
39 -18 -12
39 -19 -6
39 -19 -10
39 -19 -14
39 -20 -15
39 -20 -18
39 -21 -2
39 -21 -4
39 -21 -8
39 -21 -13
39 -21 -17
39 -22 -7
39 -22 -11
39 -22 -13
40 0 -5
40 -2 -4
40 -2 -6
40 -2 -7
40 -2 -15
40 -3 -6
40 -3 -13
40 -4 -3
40 -4 -5
40 -5 -2
40 -5 -5
40 -5 -12
40 -6 -21
40 -7 -2
40 -7 -5
40 -7 -6
40 -7 -11
40 -7 -20
40 -7 -21
40 -8 -5
40 -8 -9
40 -9 -8
40 -9 -9
40 -9 -10
40 -9 -22
40 -10 -3
40 -10 -9
40 -10 -18
40 -10 -21
40 -10 -22
40 -11 0
40 -11 -1
40 -11 -4
40 -11 -19
40 -11 -20
40 -12 -3
40 -12 -5
40 -12 -17
40 -13 0
40 -13 -20
40 -14 -1
40 -14 -9
40 -15 -3
40 -15 -9
40 -16 -12
40 -17 -3
40 -17 -8
40 -17 -9
40 -17 -21
40 -18 -7
40 -18 -10
40 -18 -12
40 -19 -6
40 -19 -10
40 -19 -14
40 -20 -15
40 -20 -18
40 -21 -2
40 -21 -4
40 -21 -8
40 -21 -13
40 -21 -17
40 -22 -7
40 -22 -11
40 -22 -13
41 0 -5
41 -2 -4
41 -2 -6
41 -2 -7
41 -2 -15
41 -3 -6
41 -3 -13
41 -4 -3
41 -4 -5
41 -5 -2
41 -5 -5
41 -5 -12
41 -6 -21
41 -7 -2
41 -7 -5
41 -7 -6
41 -7 -11
41 -7 -20
41 -7 -21
41 -8 -5
41 -8 -9
41 -9 -8
41 -9 -9
41 -9 -10
41 -9 -22
41 -10 -3
41 -10 -9
41 -10 -18
41 -10 -21
41 -10 -22
41 -11 0
41 -11 -1
41 -11 -4
41 -11 -19
41 -11 -20
41 -12 -3
41 -12 -5
41 -12 -17
41 -13 0
41 -13 -20
41 -14 -1
41 -14 -9
41 -15 -3
41 -15 -9
41 -16 -12
41 -17 -3
41 -17 -8
41 -17 -9
41 -17 -21
41 -18 -7
41 -18 -10
41 -18 -12
41 -19 -6
41 -19 -10
41 -19 -14
41 -20 -15
41 -20 -18
41 -21 -2
41 -21 -4
41 -21 -8
41 -21 -13
41 -21 -17
41 -22 -7
41 -22 -11
41 -22 -13
42 0 -5
42 -2 -4
42 -2 -6
42 -2 -7
42 -2 -15
42 -3 -6
42 -3 -13
42 -4 -3
42 -4 -5
42 -5 -2
42 -5 -5
42 -5 -12
42 -6 -21
42 -7 -2
42 -7 -5
42 -7 -6
42 -7 -11
42 -7 -20
42 -7 -21
42 -8 -5
42 -8 -9
42 -9 -8
42 -9 -9
42 -9 -10
42 -9 -22
42 -10 -3
42 -10 -9
42 -10 -18
42 -10 -21
42 -10 -22
42 -11 0
42 -11 -1
42 -11 -4
42 -11 -19
42 -11 -20
42 -12 -3
42 -12 -5
42 -12 -17
42 -13 0
42 -13 -20
42 -14 -1
42 -14 -9
42 -15 -3
42 -15 -9
42 -16 -12
42 -17 -3
42 -17 -8
42 -17 -9
42 -17 -21
42 -18 -7
42 -18 -10
42 -18 -12
42 -19 -6
42 -19 -10
42 -19 -14
42 -20 -15
42 -20 -18
42 -21 -2
42 -21 -4
42 -21 -8
42 -21 -13
42 -21 -17
42 -22 -7
42 -22 -11
42 -22 -13
43 0 -5
43 -2 -4
43 -2 -6
43 -2 -7
43 -2 -15
43 -3 -6
43 -3 -13
43 -4 -3
43 -4 -5
43 -5 -2
43 -5 -5
43 -5 -12
43 -6 -21
43 -7 -2
43 -7 -5
43 -7 -6
43 -7 -11
43 -7 -20
43 -7 -21
43 -8 -5
43 -8 -9
43 -9 -8
43 -9 -9
43 -9 -10
43 -9 -22
43 -10 -3
43 -10 -9
43 -10 -18
43 -10 -21
43 -10 -22
43 -11 0
43 -11 -1
43 -11 -4
43 -11 -19
43 -11 -20
43 -12 -3
43 -12 -5
43 -12 -17
43 -13 0
43 -13 -20
43 -14 -1
43 -14 -9
43 -15 -3
43 -15 -9
43 -16 -12
43 -17 -3
43 -17 -8
43 -17 -9
43 -17 -21
43 -18 -7
43 -18 -10
43 -18 -12
43 -19 -6
43 -19 -10
43 -19 -14
43 -20 -15
43 -20 -18
43 -21 -2
43 -21 -4
43 -21 -8
43 -21 -13
43 -21 -17
43 -22 -7
43 -22 -11
43 -22 -13
44 0 -5
44 -2 -4
44 -2 -6
44 -2 -7
44 -2 -15
44 -3 -6
44 -3 -13
44 -4 -3
44 -4 -5
44 -5 -2
44 -5 -5
44 -5 -12
44 -6 -21
44 -7 -2
44 -7 -5
44 -7 -6
44 -7 -11
44 -7 -20
44 -7 -21
44 -8 -5
44 -8 -9
44 -9 -8
44 -9 -9
44 -9 -10
44 -9 -22
44 -10 -3
44 -10 -9
44 -10 -18
44 -10 -21
44 -10 -22
44 -11 0
44 -11 -1
44 -11 -4
44 -11 -19
44 -11 -20
44 -12 -3
44 -12 -5
44 -12 -17
44 -13 0
44 -13 -20
44 -14 -1
44 -14 -9
44 -15 -3
44 -15 -9
44 -16 -12
44 -17 -3
44 -17 -8
44 -17 -9
44 -17 -21
44 -18 -7
44 -18 -10
44 -18 -12
44 -19 -6
44 -19 -10
44 -19 -14
44 -20 -15
44 -20 -18
44 -21 -2
44 -21 -4
44 -21 -8
44 -21 -13
44 -21 -17
44 -22 -7
44 -22 -11
44 -22 -13
45 0 -5
45 -2 -4
45 -2 -6
45 -2 -7
45 -2 -15
45 -3 -6
45 -3 -13
45 -4 -3
45 -4 -5
45 -5 -2
45 -5 -5
45 -5 -12
45 -6 -21
45 -7 -2
45 -7 -5
45 -7 -6
45 -7 -11
45 -7 -20
45 -7 -21
45 -8 -5
45 -8 -9
45 -9 -8
45 -9 -9
45 -9 -10
45 -9 -22
45 -10 -3
45 -10 -9
45 -10 -18
45 -10 -21
45 -10 -22
45 -11 0
45 -11 -1
45 -11 -4
45 -11 -19
45 -11 -20
45 -12 -3
45 -12 -5
45 -12 -17
45 -13 0
45 -13 -20
45 -14 -1
45 -14 -9
45 -15 -3
45 -15 -9
45 -16 -12
45 -17 -3
45 -17 -8
45 -17 -9
45 -17 -21
45 -18 -7
45 -18 -10
45 -18 -12
45 -19 -6
45 -19 -10
45 -19 -14
45 -20 -15
45 -20 -18
45 -21 -2
45 -21 -4
45 -21 -8
45 -21 -13
45 -21 -17
45 -22 -7
45 -22 -11
45 -22 -13
46 0 -5
46 -2 -4
46 -2 -6
46 -2 -7
46 -2 -15
46 -3 -6
46 -3 -13
46 -4 -3
46 -4 -5
46 -5 -2
46 -5 -5
46 -5 -12
46 -6 -21
46 -7 -2
46 -7 -5
46 -7 -6
46 -7 -11
46 -7 -20
46 -7 -21
46 -8 -5
46 -8 -9
46 -9 -8
46 -9 -9
46 -9 -10
46 -9 -22
46 -10 -3
46 -10 -9
46 -10 -18
46 -10 -21
46 -10 -22
46 -11 0
46 -11 -1
46 -11 -4
46 -11 -19
46 -11 -20
46 -12 -3
46 -12 -5
46 -12 -17
46 -13 0
46 -13 -20
46 -14 -1
46 -14 -9
46 -15 -3
46 -15 -9
46 -16 -12
46 -17 -3
46 -17 -8
46 -17 -9
46 -17 -21
46 -18 -7
46 -18 -10
46 -18 -12
46 -19 -6
46 -19 -10
46 -19 -14
46 -20 -15
46 -20 -18
46 -21 -2
46 -21 -4
46 -21 -8
46 -21 -13
46 -21 -17
46 -22 -7
46 -22 -11
46 -22 -13
47 0 -5
47 -2 -4
47 -2 -6
47 -2 -7
47 -2 -15
47 -3 -6
47 -3 -13
47 -4 -3
47 -4 -5
47 -5 -2
47 -5 -5
47 -5 -12
47 -6 -21
47 -7 -2
47 -7 -5
47 -7 -6
47 -7 -11
47 -7 -20
47 -7 -21
47 -8 -5
47 -8 -9
47 -9 -8
47 -9 -9
47 -9 -10
47 -9 -22
47 -10 -3
47 -10 -9
47 -10 -18
47 -10 -21
47 -10 -22
47 -11 0
47 -11 -1
47 -11 -4
47 -11 -19
47 -11 -20
47 -12 -3
47 -12 -5
47 -12 -17
47 -13 0
47 -13 -20
47 -14 -1
47 -14 -9
47 -15 -3
47 -15 -9
47 -16 -12
47 -17 -3
47 -17 -8
47 -17 -9
47 -17 -21
47 -18 -7
47 -18 -10
47 -18 -12
47 -19 -6
47 -19 -10
47 -19 -14
47 -20 -15
47 -20 -18
47 -21 -2
47 -21 -4
47 -21 -8
47 -21 -13
47 -21 -17
47 -22 -7
47 -22 -11
47 -22 -13
48 0 -5
48 -2 -4
48 -2 -6
48 -2 -7
48 -2 -15
48 -3 -6
48 -3 -13
48 -4 -3
48 -4 -5
48 -5 -2
48 -5 -5
48 -5 -12
48 -6 -21
48 -7 -2
48 -7 -5
48 -7 -6
48 -7 -11
48 -7 -20
48 -7 -21
48 -8 -5
48 -8 -9
48 -9 -8
48 -9 -9
48 -9 -10
48 -9 -22
48 -10 -3
48 -10 -9
48 -10 -18
48 -10 -21
48 -10 -22
48 -11 0
48 -11 -1
48 -11 -4
48 -11 -19
48 -11 -20
48 -12 -3
48 -12 -5
48 -12 -17
48 -13 0
48 -13 -20
48 -14 -1
48 -14 -9
48 -15 -3
48 -15 -9
48 -16 -12
48 -17 -3
48 -17 -8
48 -17 -9
48 -17 -21
48 -18 -7
48 -18 -10
48 -18 -12
48 -19 -6
48 -19 -10
48 -19 -14
48 -20 -15
48 -20 -18
48 -21 -2
48 -21 -4
48 -21 -8
48 -21 -13
48 -21 -17
48 -22 -7
48 -22 -11
48 -22 -13
49 0 -5
49 -2 -4
49 -2 -6
49 -2 -7
49 -2 -15
49 -3 -6
49 -3 -13
49 -4 -3
49 -4 -5
49 -5 -2
49 -5 -5
49 -5 -12
49 -6 -21
49 -7 -2
49 -7 -5
49 -7 -6
49 -7 -11
49 -7 -20
49 -7 -21
49 -8 -5
49 -8 -9
49 -9 -8
49 -9 -9
49 -9 -10
49 -9 -22
49 -10 -3
49 -10 -9
49 -10 -18
49 -10 -21
49 -10 -22
49 -11 0
49 -11 -1
49 -11 -4
49 -11 -19
49 -11 -20
49 -12 -3
49 -12 -5
49 -12 -17
49 -13 0
49 -13 -20
49 -14 -1
49 -14 -9
49 -15 -3
49 -15 -9
49 -16 -12
49 -17 -3
49 -17 -8
49 -17 -9
49 -17 -21
49 -18 -7
49 -18 -10
49 -18 -12
49 -19 -6
49 -19 -10
49 -19 -14
49 -20 -15
49 -20 -18
49 -21 -2
49 -21 -4
49 -21 -8
49 -21 -13
49 -21 -17
49 -22 -7
49 -22 -11
49 -22 -13
50 0 -5
50 -2 -4
50 -2 -6
50 -2 -7
50 -2 -15
50 -3 -6
50 -3 -13
50 -4 -3
50 -4 -5
50 -5 -2
50 -5 -5
50 -5 -12
50 -6 -21
50 -7 -2
50 -7 -5
50 -7 -6
50 -7 -11
50 -7 -20
50 -7 -21
50 -8 -5
50 -8 -9
50 -9 -8
50 -9 -9
50 -9 -10
50 -9 -22
50 -10 -3
50 -10 -9
50 -10 -18
50 -10 -21
50 -10 -22
50 -11 0
50 -11 -1
50 -11 -4
50 -11 -19
50 -11 -20
50 -12 -3
50 -12 -5
50 -12 -17
50 -13 0
50 -13 -20
50 -14 -1
50 -14 -9
50 -15 -3
50 -15 -9
50 -16 -12
50 -17 -3
50 -17 -8
50 -17 -9
50 -17 -21
50 -18 -7
50 -18 -10
50 -18 -12
50 -19 -6
50 -19 -10
50 -19 -14
50 -20 -15
50 -20 -18
50 -21 -2
50 -21 -4
50 -21 -8
50 -21 -13
50 -21 -17
50 -22 -7
50 -22 -11
50 -22 -13
51 0 -5
51 -2 -4
51 -2 -6
51 -2 -7
51 -2 -15
51 -3 -6
51 -3 -13
51 -4 -3
51 -4 -5
51 -5 -2
51 -5 -5
51 -5 -12
51 -6 -21
51 -7 -2
51 -7 -5
51 -7 -6
51 -7 -11
51 -7 -20
51 -7 -21
51 -8 -5
51 -8 -9
51 -9 -8
51 -9 -9
51 -9 -10
51 -9 -22
51 -10 -3
51 -10 -9
51 -10 -18
51 -10 -21
51 -10 -22
51 -11 0
51 -11 -1
51 -11 -4
51 -11 -19
51 -11 -20
51 -12 -3
51 -12 -5
51 -12 -17
51 -13 0
51 -13 -20
51 -14 -1
51 -14 -9
51 -15 -3
51 -15 -9
51 -16 -12
51 -17 -3
51 -17 -8
51 -17 -9
51 -17 -21
51 -18 -7
51 -18 -10
51 -18 -12
51 -19 -6
51 -19 -10
51 -19 -14
51 -20 -15
51 -20 -18
51 -21 -2
51 -21 -4
51 -21 -8
51 -21 -13
51 -21 -17
51 -22 -7
51 -22 -11
51 -22 -13
52 0 -5
52 -2 -4
52 -2 -6
52 -2 -7
52 -2 -15
52 -3 -6
52 -3 -13
52 -4 -3
52 -4 -5
52 -5 -2
52 -5 -5
52 -5 -12
52 -6 -21
52 -7 -2
52 -7 -5
52 -7 -6
52 -7 -11
52 -7 -20
52 -7 -21
52 -8 -5
52 -8 -9
52 -9 -8
52 -9 -9
52 -9 -10
52 -9 -22
52 -10 -3
52 -10 -9
52 -10 -18
52 -10 -21
52 -10 -22
52 -11 0
52 -11 -1
52 -11 -4
52 -11 -19
52 -11 -20
52 -12 -3
52 -12 -5
52 -12 -17
52 -13 0
52 -13 -20
52 -14 -1
52 -14 -9
52 -15 -3
52 -15 -9
52 -16 -12
52 -17 -3
52 -17 -8
52 -17 -9
52 -17 -21
52 -18 -7
52 -18 -10
52 -18 -12
52 -19 -6
52 -19 -10
52 -19 -14
52 -20 -15
52 -20 -18
52 -21 -2
52 -21 -4
52 -21 -8
52 -21 -13
52 -21 -17
52 -22 -7
52 -22 -11
52 -22 -13
53 0 -5
53 -2 -4
53 -2 -6
53 -2 -7
53 -2 -15
53 -3 -6
53 -3 -13
53 -4 -3
53 -4 -5
53 -5 -2
53 -5 -5
53 -5 -12
53 -6 -21
53 -7 -2
53 -7 -5
53 -7 -6
53 -7 -11
53 -7 -20
53 -7 -21
53 -8 -5
53 -8 -9
53 -9 -8
53 -9 -9
53 -9 -10
53 -9 -22
53 -10 -3
53 -10 -9
53 -10 -18
53 -10 -21
53 -10 -22
53 -11 0
53 -11 -1
53 -11 -4
53 -11 -19
53 -11 -20
53 -12 -3
53 -12 -5
53 -12 -17
53 -13 0
53 -13 -20
53 -14 -1
53 -14 -9
53 -15 -3
53 -15 -9
53 -16 -12
53 -17 -3
53 -17 -8
53 -17 -9
53 -17 -21
53 -18 -7
53 -18 -10
53 -18 -12
53 -19 -6
53 -19 -10
53 -19 -14
53 -20 -15
53 -20 -18
53 -21 -2
53 -21 -4
53 -21 -8
53 -21 -13
53 -21 -17
53 -22 -7
53 -22 -11
53 -22 -13
54 0 -5
54 -2 -4
54 -2 -6
54 -2 -7
54 -2 -15
54 -3 -6
54 -3 -13
54 -4 -3
54 -4 -5
54 -5 -2
54 -5 -5
54 -5 -12
54 -6 -21
54 -7 -2
54 -7 -5
54 -7 -6
54 -7 -11
54 -7 -20
54 -7 -21
54 -8 -5
54 -8 -9
54 -9 -8
54 -9 -9
54 -9 -10
54 -9 -22
54 -10 -3
54 -10 -9
54 -10 -18
54 -10 -21
54 -10 -22
54 -11 0
54 -11 -1
54 -11 -4
54 -11 -19
54 -11 -20
54 -12 -3
54 -12 -5
54 -12 -17
54 -13 0
54 -13 -20
54 -14 -1
54 -14 -9
54 -15 -3
54 -15 -9
54 -16 -12
54 -17 -3
54 -17 -8
54 -17 -9
54 -17 -21
54 -18 -7
54 -18 -10
54 -18 -12
54 -19 -6
54 -19 -10
54 -19 -14
54 -20 -15
54 -20 -18
54 -21 -2
54 -21 -4
54 -21 -8
54 -21 -13
54 -21 -17
54 -22 -7
54 -22 -11
54 -22 -13
55 0 -5
55 -2 -4
55 -2 -6
55 -2 -7
55 -2 -15
55 -3 -6
55 -3 -13
55 -4 -3
55 -4 -5
55 -5 -2
55 -5 -5
55 -5 -12
55 -6 -21
55 -7 -2
55 -7 -5
55 -7 -6
55 -7 -11
55 -7 -20
55 -7 -21
55 -8 -5
55 -8 -9
55 -9 -8
55 -9 -9
55 -9 -10
55 -9 -22
55 -10 -3
55 -10 -9
55 -10 -18
55 -10 -21
55 -10 -22
55 -11 0
55 -11 -1
55 -11 -4
55 -11 -19
55 -11 -20
55 -12 -3
55 -12 -5
55 -12 -17
55 -13 0
55 -13 -20
55 -14 -1
55 -14 -9
55 -15 -3
55 -15 -9
55 -16 -12
55 -17 -3
55 -17 -8
55 -17 -9
55 -17 -21
55 -18 -7
55 -18 -10
55 -18 -12
55 -19 -6
55 -19 -10
55 -19 -14
55 -20 -15
55 -20 -18
55 -21 -2
55 -21 -4
55 -21 -8
55 -21 -13
55 -21 -17
55 -22 -7
55 -22 -11
55 -22 -13
56 0 -5
56 -2 -4
56 -2 -6
56 -2 -7
56 -2 -15
56 -3 -6
56 -3 -13
56 -4 -3
56 -4 -5
56 -5 -2
56 -5 -5
56 -5 -12
56 -6 -21
56 -7 -2
56 -7 -5
56 -7 -6
56 -7 -11
56 -7 -20
56 -7 -21
56 -8 -5
56 -8 -9
56 -9 -8
56 -9 -9
56 -9 -10
56 -9 -22
56 -10 -3
56 -10 -9
56 -10 -18
56 -10 -21
56 -10 -22
56 -11 0
56 -11 -1
56 -11 -4
56 -11 -19
56 -11 -20
56 -12 -3
56 -12 -5
56 -12 -17
56 -13 0
56 -13 -20
56 -14 -1
56 -14 -9
56 -15 -3
56 -15 -9
56 -16 -12
56 -17 -3
56 -17 -8
56 -17 -9
56 -17 -21
56 -18 -7
56 -18 -10
56 -18 -12
56 -19 -6
56 -19 -10
56 -19 -14
56 -20 -15
56 -20 -18
56 -21 -2
56 -21 -4
56 -21 -8
56 -21 -13
56 -21 -17
56 -22 -7
56 -22 -11
56 -22 -13
57 0 -5
57 -2 -4
57 -2 -6
57 -2 -7
57 -2 -15
57 -3 -6
57 -3 -13
57 -4 -3
57 -4 -5
57 -5 -2
57 -5 -5
57 -5 -12
57 -6 -21
57 -7 -2
57 -7 -5
57 -7 -6
57 -7 -11
57 -7 -20
57 -7 -21
57 -8 -5
57 -8 -9
57 -9 -8
57 -9 -9
57 -9 -10
57 -9 -22
57 -10 -3
57 -10 -9
57 -10 -18
57 -10 -21
57 -10 -22
57 -11 0
57 -11 -1
57 -11 -4
57 -11 -19
57 -11 -20
57 -12 -3
57 -12 -5
57 -12 -17
57 -13 0
57 -13 -20
57 -14 -1
57 -14 -9
57 -15 -3
57 -15 -9
57 -16 -12
57 -17 -3
57 -17 -8
57 -17 -9
57 -17 -21
57 -18 -7
57 -18 -10
57 -18 -12
57 -19 -6
57 -19 -10
57 -19 -14
57 -20 -15
57 -20 -18
57 -21 -2
57 -21 -4
57 -21 -8
57 -21 -13
57 -21 -17
57 -22 -7
57 -22 -11
57 -22 -13
58 0 -5
58 -2 -4
58 -2 -6
58 -2 -7
58 -2 -15
58 -3 -6
58 -3 -13
58 -4 -3
58 -4 -5
58 -5 -2
58 -5 -5
58 -5 -12
58 -6 -21
58 -7 -2
58 -7 -5
58 -7 -6
58 -7 -11
58 -7 -20
58 -7 -21
58 -8 -5
58 -8 -9
58 -9 -8
58 -9 -9
58 -9 -10
58 -9 -22
58 -10 -3
58 -10 -9
58 -10 -18
58 -10 -21
58 -10 -22
58 -11 0
58 -11 -1
58 -11 -4
58 -11 -19
58 -11 -20
58 -12 -3
58 -12 -5
58 -12 -17
58 -13 0
58 -13 -20
58 -14 -1
58 -14 -9
58 -15 -3
58 -15 -9
58 -16 -12
58 -17 -3
58 -17 -8
58 -17 -9
58 -17 -21
58 -18 -7
58 -18 -10
58 -18 -12
58 -19 -6
58 -19 -10
58 -19 -14
58 -20 -15
58 -20 -18
58 -21 -2
58 -21 -4
58 -21 -8
58 -21 -13
58 -21 -17
58 -22 -7
58 -22 -11
58 -22 -13
59 0 -5
59 -2 -4
59 -2 -6
59 -2 -7
59 -2 -15
59 -3 -6
59 -3 -13
59 -4 -3
59 -4 -5
59 -5 -2
59 -5 -5
59 -5 -12
59 -6 -21
59 -7 -2
59 -7 -5
59 -7 -6
59 -7 -11
59 -7 -20
59 -7 -21
59 -8 -5
59 -8 -9
59 -9 -8
59 -9 -9
59 -9 -10
59 -9 -22
59 -10 -3
59 -10 -9
59 -10 -18
59 -10 -21
59 -10 -22
59 -11 0
59 -11 -1
59 -11 -4
59 -11 -19
59 -11 -20
59 -12 -3
59 -12 -5
59 -12 -17
59 -13 0
59 -13 -20
59 -14 -1
59 -14 -9
59 -15 -3
59 -15 -9
59 -16 -12
59 -17 -3
59 -17 -8
59 -17 -9
59 -17 -21
59 -18 -7
59 -18 -10
59 -18 -12
59 -19 -6
59 -19 -10
59 -19 -14
59 -20 -15
59 -20 -18
59 -21 -2
59 -21 -4
59 -21 -8
59 -21 -13
59 -21 -17
59 -22 -7
59 -22 -11
59 -22 -13
60 0 -5
60 -2 -4
60 -2 -6
60 -2 -7
60 -2 -15
60 -3 -6
60 -3 -13
60 -4 -3
60 -4 -5
60 -5 -2
60 -5 -5
60 -5 -12
60 -6 -21
60 -7 -2
60 -7 -5
60 -7 -6
60 -7 -11
60 -7 -20
60 -7 -21
60 -8 -5
60 -8 -9
60 -9 -8
60 -9 -9
60 -9 -10
60 -9 -22
60 -10 -3
60 -10 -9
60 -10 -18
60 -10 -21
60 -10 -22
60 -11 0
60 -11 -1
60 -11 -4
60 -11 -19
60 -11 -20
60 -12 -3
60 -12 -5
60 -12 -17
60 -13 0
60 -13 -20
60 -14 -1
60 -14 -9
60 -15 -3
60 -15 -9
60 -16 -12
60 -17 -3
60 -17 -8
60 -17 -9
60 -17 -21
60 -18 -7
60 -18 -10
60 -18 -12
60 -19 -6
60 -19 -10
60 -19 -14
60 -20 -15
60 -20 -18
60 -21 -2
60 -21 -4
60 -21 -8
60 -21 -13
60 -21 -17
60 -22 -7
60 -22 -11
60 -22 -13
61 0 -5
61 -2 -4
61 -2 -6
61 -2 -7
61 -2 -15
61 -3 -6
61 -3 -13
61 -4 -3
61 -4 -5
61 -5 -2
61 -5 -5
61 -5 -12
61 -6 -21
61 -7 -2
61 -7 -5
61 -7 -6
61 -7 -11
61 -7 -20
61 -7 -21
61 -8 -5
61 -8 -9
61 -9 -8
61 -9 -9
61 -9 -10
61 -9 -22
61 -10 -3
61 -10 -9
61 -10 -18
61 -10 -21
61 -10 -22
61 -11 0
61 -11 -1
61 -11 -4
61 -11 -19
61 -11 -20
61 -12 -3
61 -12 -5
61 -12 -17
61 -13 0
61 -13 -20
61 -14 -1
61 -14 -9
61 -15 -3
61 -15 -9
61 -16 -12
61 -17 -3
61 -17 -8
61 -17 -9
61 -17 -21
61 -18 -7
61 -18 -10
61 -18 -12
61 -19 -6
61 -19 -10
61 -19 -14
61 -20 -15
61 -20 -18
61 -21 -2
61 -21 -4
61 -21 -8
61 -21 -13
61 -21 -17
61 -22 -7
61 -22 -11
61 -22 -13
62 0 -5
62 -2 -4
62 -2 -6
62 -2 -7
62 -2 -15
62 -3 -6
62 -3 -13
62 -4 -3
62 -4 -5
62 -5 -2
62 -5 -5
62 -5 -12
62 -6 -21
62 -7 -2
62 -7 -5
62 -7 -6
62 -7 -11
62 -7 -20
62 -7 -21
62 -8 -5
62 -8 -9
62 -9 -8
62 -9 -9
62 -9 -10
62 -9 -22
62 -10 -3
62 -10 -9
62 -10 -18
62 -10 -21
62 -10 -22
62 -11 0
62 -11 -1
62 -11 -4
62 -11 -19
62 -11 -20
62 -12 -3
62 -12 -5
62 -12 -17
62 -13 0
62 -13 -20
62 -14 -1
62 -14 -9
62 -15 -3
62 -15 -9
62 -16 -12
62 -17 -3
62 -17 -8
62 -17 -9
62 -17 -21
62 -18 -7
62 -18 -10
62 -18 -12
62 -19 -6
62 -19 -10
62 -19 -14
62 -20 -15
62 -20 -18
62 -21 -2
62 -21 -4
62 -21 -8
62 -21 -13
62 -21 -17
62 -22 -7
62 -22 -11
62 -22 -13
63 0 -5
63 -2 -4
63 -2 -6
63 -2 -7
63 -2 -15
63 -3 -6
63 -3 -13
63 -4 -3
63 -4 -5
63 -5 -2
63 -5 -5
63 -5 -12
63 -6 -21
63 -7 -2
63 -7 -5
63 -7 -6
63 -7 -11
63 -7 -20
63 -7 -21
63 -8 -5
63 -8 -9
63 -9 -8
63 -9 -9
63 -9 -10
63 -9 -22
63 -10 -3
63 -10 -9
63 -10 -18
63 -10 -21
63 -10 -22
63 -11 0
63 -11 -1
63 -11 -4
63 -11 -19
63 -11 -20
63 -12 -3
63 -12 -5
63 -12 -17
63 -13 0
63 -13 -20
63 -14 -1
63 -14 -9
63 -15 -3
63 -15 -9
63 -16 -12
63 -17 -3
63 -17 -8
63 -17 -9
63 -17 -21
63 -18 -7
63 -18 -10
63 -18 -12
63 -19 -6
63 -19 -10
63 -19 -14
63 -20 -15
63 -20 -18
63 -21 -2
63 -21 -4
63 -21 -8
63 -21 -13
63 -21 -17
63 -22 -7
63 -22 -11
63 -22 -13
64 0 -5
64 -2 -4
64 -2 -6
64 -2 -7
64 -2 -15
64 -3 -6
64 -3 -13
64 -4 -3
64 -4 -5
64 -5 -2
64 -5 -5
64 -5 -12
64 -6 -21
64 -7 -2
64 -7 -5
64 -7 -6
64 -7 -11
64 -7 -20
64 -7 -21
64 -8 -5
64 -8 -9
64 -9 -8
64 -9 -9
64 -9 -10
64 -9 -22
64 -10 -3
64 -10 -9
64 -10 -18
64 -10 -21
64 -10 -22
64 -11 0
64 -11 -1
64 -11 -4
64 -11 -19
64 -11 -20
64 -12 -3
64 -12 -5
64 -12 -17
64 -13 0
64 -13 -20
64 -14 -1
64 -14 -9
64 -15 -3
64 -15 -9
64 -16 -12
64 -17 -3
64 -17 -8
64 -17 -9
64 -17 -21
64 -18 -7
64 -18 -10
64 -18 -12
64 -19 -6
64 -19 -10
64 -19 -14
64 -20 -15
64 -20 -18
64 -21 -2
64 -21 -4
64 -21 -8
64 -21 -13
64 -21 -17
64 -22 -7
64 -22 -11
64 -22 -13
-1 -1 -1
47
28
13
64
56
1
39
50
53
49
7
41
9
61
23
55
48
3
29
21
58
6
38
57
4
63
11
17
35
20
36
10
45
42
37
54
24
59
25
62
31
60
34
15
19
46
14
22
12
16
52
8
0
26
32
51
2
18
40
33
30
27
44
43
5
  0.038201 seconds (103.64 k allocations: 3.526 MiB)
