143 1
1 0
158 1
2 0
167 1
3 0
66 1
4 0
58 1
5 0
76 1
6 0
67 2
7 0
199 1
8 0
76 1
9 0
22 1
10 0
26 2
11 0
108 1
12 0
119 2
13 0
36 1
14 0
84 1
15 0
96 1
16 0
40 1
17 0
99 1
18 0
72 2
19 0
125 1
20 0
83 2
21 0
44 1
22 0
179 1
23 0
187 2
24 0
108 2
25 0
165 1
26 0
61 1
27 0
70 1
28 0
46 2
29 0
77 1
30 0
58 2
31 0
84 2
32 0
194 1
33 0
75 2
34 0
63 1
35 0
63 2
36 0
160 1
37 0
107 2
38 0
57 2
39 0
192 1
40 0
58 2
41 0
56 2
42 0
145 2
43 0
131 1
44 0
45 0
86 1
46 0
73 2
47 0
57 1
48 0
124 2
49 0
63 1
50 0
154 1
51 0
169 1
52 0
57 2
53 0
59 1
54 0
184 1
55 0
70 1
56 0
98 1
57 0
95 2
58 0
184 1
59 0
171 2
60 0
188 1
61 0
62 0
158 2
63 0
88 1
64 0
82 2
65 0
180 1
66 0
98 2
67 0
188 1
68 0
86 1
69 0
114 2
70 0
184 2
71 0
124 2
72 0
107 1
73 0
82 1
74 0
110 2
75 0
89 2
76 0
192 1
77 0
132 2
78 0
197 1
79 0
114 1
80 0
106 2
81 0
92 1
82 0
140 2
83 0
96 1
84 0
191 1
85 0
130 2
86 0
166 1
87 0
115 2
88 0
142 2
89 0
170 1
90 0
139 1
91 0
167 1
92 0
137 2
93 0
94 0
132 1
95 0
117 2
96 0
173 2
97 0
162 1
98 0
110 2
99 0
157 1
100 0
101 0
116 2
102 0
103 0
200 1
104 0
190 1
105 0
162 1
106 0
110 1
107 0
160 2
108 0
131 1
109 0
198 2
110 0
155 1
111 0
173 2
112 0
151 2
113 0
150 1
114 0
174 1
115 0
182 2
116 0
166 2
117 0
187 1
118 0
199 1
119 0
126 2
120 0
199 1
121 0
139 2
122 0
123 0
131 1
124 0
160 2
125 0
179 1
126 0
183 1
127 0
164 2
128 0
167 1
129 0
154 2
130 0
191 1
131 0
146 2
132 0
173 1
133 0
178 2
134 0
156 1
135 0
136 0
145 1
137 0
158 1
138 0
154 1
139 0
151 2
140 0
168 1
141 0
174 1
142 0
164 2
143 0
148 2
144 0
169 1
145 0
157 2
146 0
174 2
147 0
177 1
148 0
176 2
149 0
173 2
150 0
188 1
151 0
200 2
152 0
159 1
153 0
198 2
154 0
187 1
155 0
157 1
156 0
199 2
157 0
191 2
158 0
159 0
191 1
160 0
177 1
161 0
182 2
162 0
180 2
163 0
197 1
164 0
183 2
165 0
199 2
166 0
190 1
167 0
182 2
168 0
184 1
169 0
173 1
170 0
171 0
189 2
172 0
175 1
173 0
200 1
174 0
200 2
175 0
198 1
176 0
200 1
177 0
196 1
178 0
187 2
179 0
180 0
184 2
181 0
185 1
182 0
184 2
183 0
184 0
200 2
185 0
186 0
192 1
187 0
189 2
188 0
190 1
189 0
199 2
190 0
197 2
191 0
200 1
192 0
193 0
194 0
195 0
197 1
196 0
198 2
197 0
198 0
199 0
200 0
