187 1
1 0
60 1
2 0
40 1
3 0
86 1
4 0
45 2
5 0
164 1
6 0
134 1
7 0
48 1
8 0
126 1
9 0
43 1
10 0
104 1
11 0
12 0
58 1
13 0
46 1
14 0
158 2
15 0
121 1
16 0
107 1
17 0
130 2
18 0
45 1
19 0
49 1
20 0
150 1
21 0
82 1
22 0
45 2
23 0
85 1
24 0
164 2
25 0
147 1
26 0
60 2
27 0
129 1
28 0
158 1
29 0
86 2
30 0
135 1
31 0
187 2
32 0
47 1
33 0
34 0
79 1
35 0
140 2
36 0
175 1
37 0
128 1
38 0
88 2
39 0
183 1
40 0
165 1
41 0
195 2
42 0
180 2
43 0
74 2
44 0
47 1
45 0
107 2
46 0
192 2
47 0
170 1
48 0
191 1
49 0
119 1
50 0
75 2
51 0
69 1
52 0
94 2
53 0
118 2
54 0
101 1
55 0
160 1
56 0
81 1
57 0
172 2
58 0
180 1
59 0
120 1
60 0
145 2
61 0
80 1
62 0
63 0
112 1
64 0
65 0
118 2
66 0
101 2
67 0
107 1
68 0
149 1
69 0
163 1
70 0
157 2
71 0
113 2
72 0
83 2
73 0
138 1
74 0
162 2
75 0
192 1
76 0
137 1
77 0
171 2
78 0
81 2
79 0
163 1
80 0
174 2
81 0
84 1
82 0
144 2
83 0
86 1
84 0
200 2
85 0
176 1
86 0
188 2
87 0
143 1
88 0
189 1
89 0
173 1
90 0
166 1
91 0
159 2
92 0
198 1
93 0
193 2
94 0
95 0
161 1
96 0
97 0
112 1
98 0
194 1
99 0
156 2
100 0
189 1
101 0
102 0
144 1
103 0
168 1
104 0
116 1
105 0
106 0
194 2
107 0
190 1
108 0
174 2
109 0
195 2
110 0
150 1
111 0
159 2
112 0
164 1
113 0
115 2
114 0
119 1
115 0
149 2
116 0
156 2
117 0
184 1
118 0
123 2
119 0
150 1
120 0
129 2
121 0
143 2
122 0
194 1
123 0
133 2
124 0
125 0
190 2
126 0
181 1
127 0
183 2
128 0
158 1
129 0
135 2
130 0
146 1
131 0
144 1
132 0
191 1
133 0
167 2
134 0
188 1
135 0
157 1
136 0
200 2
137 0
176 2
138 0
160 1
139 0
168 2
140 0
141 0
158 2
142 0
188 1
143 0
196 1
144 0
167 1
145 0
164 2
146 0
175 2
147 0
148 0
180 1
149 0
167 2
150 0
151 0
172 2
152 0
173 1
153 0
154 0
158 1
155 0
169 2
156 0
196 1
157 0
182 2
158 0
176 2
159 0
165 1
160 0
169 1
161 0
184 1
162 0
176 2
163 0
176 1
164 0
167 2
165 0
166 0
187 1
167 0
168 0
194 2
169 0
186 2
170 0
178 1
171 0
193 2
172 0
187 2
173 0
199 1
174 0
183 1
175 0
187 2
176 0
190 2
177 0
186 1
178 0
198 1
179 0
195 2
180 0
185 2
181 0
184 1
182 0
185 2
183 0
193 2
184 0
188 1
185 0
191 2
186 0
187 0
188 0
189 0
193 1
190 0
196 1
191 0
198 2
192 0
195 2
193 0
198 1
194 0
199 2
195 0
196 0
197 0
198 0
200 1
199 0
200 0
