#c 0 1 2 3 4 5 6 7 8 9 0 1 2 3 4 5 6 7 8 9 0 1 2 3 4 5 6 7 8 9 0 1 2 3 4 5 6 7 8 9 0 1
#c 0 1 2 3 4 5 6 7 8 9 0 1 2 3 4 5 6 7 8 9 0 1 2 3 4 5 6 7 8 9 0 1 2 3 4 5 6 7 8 9 0 1
5 5 0 10 20 30 40 1 11 21 31 41
5 4 1 11 21 31 41 2 12 22 32
5 4 0 10 20 30 40 2 12 22 32
5 4 1 11 21 31 41 3 13 23 33
5 4 0 10 20 30 40 3 13 23 33
5 4 1 11 21 31 41 4 14 24 34
4 4 3 13 23 33 4 14 24 34
5 4 1 11 21 31 41 5 15 25 35
4 4 4 14 24 34 5 15 25 35
5 4 1 11 21 31 41 6 16 26 36
4 4 4 14 24 34 6 16 26 36
5 4 1 11 21 31 41 7 17 27 37
4 4 4 14 24 34 7 17 27 37
5 4 1 11 21 31 41 8 18 28 38
4 4 7 17 27 37 8 18 28 38
5 4 1 11 21 31 41 9 19 29 39
4 4 8 18 28 38 9 19 29 39
1 1 9 19
1 1 19 29
1 1 29 39
# 29 : 9 -> 1
#c 0 1 2 3 4 5 6 7 8 9 0 1 2 3 4 5 6 7 8 9 0 1 2 3 4 5 6 7 8 1 0 1 2 3 4 5 6 7 8 9 0 1
5 6 0 10 20 30 40 1 11 21 29 31 41
6 4 1 11 21 29 31 41 2 12 22 32
6 4 1 11 21 29 31 41 3 13 23 33
6 4 1 11 21 29 31 41 4 14 24 34
6 4 1 11 21 29 31 41 5 15 25 35
6 4 1 11 21 29 31 41 6 16 26 36
6 4 1 11 21 29 31 41 7 17 27 37
6 4 1 11 21 29 31 41 8 18 28 38
6 3 1 11 21 29 31 41 9 19 39
4 3 8 18 28 38 9 19 39
1 1 8 18
1 1 18 28
1 1 28 38
# skipped!
# 28 : 8 -> 1
#c 0 1 2 3 4 5 6 7 8 9 0 1 2 3 4 5 6 7 8 9 0 1 2 3 4 5 6 7 1 1 0 1 2 3 4 5 6 7 8 9 0 1
5 7 0 10 20 30 40 1 11 21 28 29 31 41
7 4 1 11 21 28 29 31 41 2 12 22 32
4 4 2 12 22 32 3 13 23 33
4 4 2 12 22 32 4 14 24 34
4 4 2 12 22 32 5 15 25 35
4 4 2 12 22 32 6 16 26 36
4 4 2 12 22 32 7 17 27 37
4 3 2 12 22 32 8 18 38
4 3 7 17 27 37 8 18 38
4 3 2 12 22 32 9 19 39
3 3 8 18 38 9 19 39
1 1 18 38
# 18 : 8 -> 2
#c 0 1 2 3 4 5 6 7 8 9 0 1 2 3 4 5 6 7 2 9 0 1 2 3 4 5 6 7 1 1 0 1 2 3 4 5 6 7 8 9 0 1
7 5 1 11 21 28 29 31 41 2 12 18 22 32
5 5 0 10 20 30 40 2 12 18 22 32
7 4 1 11 21 28 29 31 41 3 13 23 33
7 4 1 11 21 28 29 31 41 4 14 24 34
7 4 1 11 21 28 29 31 41 5 15 25 35
4 4 5 15 25 35 6 16 26 36
4 4 5 15 25 35 7 17 27 37
4 2 5 15 25 35 8 38
4 2 7 17 27 37 8 38
4 3 5 15 25 35 9 19 39
4 3 7 17 27 37 9 19 39
1 1 19 39
# skipped!
# 39 : 9 -> 5
#c 0 1 2 3 4 5 6 7 8 9 0 1 2 3 4 5 6 7 2 9 0 1 2 3 4 5 6 7 1 1 0 1 2 3 4 5 6 7 8 5 0 1
7 5 1 11 21 28 29 31 41 5 15 25 35 39
4 5 4 14 24 34 5 15 25 35 39
7 4 1 11 21 28 29 31 41 6 16 26 36
7 4 1 11 21 28 29 31 41 7 17 27 37
7 2 1 11 21 28 29 31 41 8 38
7 2 1 11 21 28 29 31 41 9 19
4 2 7 17 27 37 9 19
1 1 7 17
1 1 17 27
1 1 17 37
# 17 : 7 -> 1
#c 0 1 2 3 4 5 6 7 8 9 0 1 2 3 4 5 6 1 2 9 0 1 2 3 4 5 6 7 1 1 0 1 2 3 4 5 6 7 8 5 0 1
5 8 0 10 20 30 40 1 11 17 21 28 29 31 41
8 5 1 11 17 21 28 29 31 41 2 12 18 22 32
5 4 2 12 18 22 32 3 13 23 33
5 4 2 12 18 22 32 4 14 24 34
5 5 2 12 18 22 32 5 15 25 35 39
5 4 2 12 18 22 32 6 16 26 36
5 3 2 12 18 22 32 7 27 37
4 3 4 14 24 34 7 27 37
5 2 2 12 18 22 32 8 38
3 2 7 27 37 8 38
5 2 2 12 18 22 32 9 19
2 2 8 38 9 19
1 1 8 38
# skipped!
# skipped!
# skipped!
# skipped!
# 38 : 8 -> 2
#c 0 1 2 3 4 5 6 7 8 9 0 1 2 3 4 5 6 1 2 9 0 1 2 3 4 5 6 7 1 1 0 1 2 3 4 5 6 7 2 5 0 1
8 6 1 11 17 21 28 29 31 41 2 12 18 22 32 38
5 6 0 10 20 30 40 2 12 18 22 32 38
8 4 1 11 17 21 28 29 31 41 3 13 23 33
6 4 2 12 18 22 32 38 3 13 23 33
8 4 1 11 17 21 28 29 31 41 4 14 24 34
6 4 2 12 18 22 32 38 4 14 24 34
8 5 1 11 17 21 28 29 31 41 5 15 25 35 39
6 5 2 12 18 22 32 38 5 15 25 35 39
8 4 1 11 17 21 28 29 31 41 6 16 26 36
6 4 2 12 18 22 32 38 6 16 26 36
8 3 1 11 17 21 28 29 31 41 7 27 37
6 3 2 12 18 22 32 38 7 27 37
8 1 1 11 17 21 28 29 31 41 8
6 1 2 12 18 22 32 38 8
1 2 8 9 19
6 2 2 12 18 22 32 38 9 19
1 1 2 12
1 1 2 18
1 1 2 22
1 1 2 32
1 1 2 38
# 2 : 2 -> 8
#c 0 1 8 3 4 5 6 7 8 9 0 1 2 3 4 5 6 1 2 9 0 1 2 3 4 5 6 7 1 1 0 1 2 3 4 5 6 7 2 5 0 1
8 5 1 11 17 21 28 29 31 41 12 18 22 32 38
5 5 0 10 20 30 40 12 18 22 32 38
5 4 12 18 22 32 38 3 13 23 33
5 4 12 18 22 32 38 4 14 24 34
5 5 12 18 22 32 38 5 15 25 35 39
5 4 12 18 22 32 38 6 16 26 36
5 3 12 18 22 32 38 7 27 37
8 2 1 11 17 21 28 29 31 41 2 8
5 2 12 18 22 32 38 2 8
2 2 2 8 9 19
5 2 12 18 22 32 38 9 19
1 1 12 18
1 1 12 22
1 1 22 32
1 1 22 38
# 22 : 2 -> 8
#c 0 1 8 3 4 5 6 7 8 9 0 1 2 3 4 5 6 1 2 9 0 1 8 3 4 5 6 7 1 1 0 1 2 3 4 5 6 7 2 5 0 1
8 4 1 11 17 21 28 29 31 41 12 18 32 38
5 4 0 10 20 30 40 12 18 32 38
4 4 12 18 32 38 3 13 23 33
4 4 12 18 32 38 4 14 24 34
4 5 12 18 32 38 5 15 25 35 39
4 4 12 18 32 38 6 16 26 36
4 3 12 18 32 38 7 27 37
8 3 1 11 17 21 28 29 31 41 2 8 22
3 3 7 27 37 2 8 22
8 2 1 11 17 21 28 29 31 41 9 19
3 2 7 27 37 9 19
1 1 7 27
1 1 7 37
# skipped!
# skipped!
# skipped!
# 7 : 7 -> 1
#c 0 1 8 3 4 5 6 1 8 9 0 1 2 3 4 5 6 1 2 9 0 1 8 3 4 5 6 7 1 1 0 1 2 3 4 5 6 7 2 5 0 1
5 9 0 10 20 30 40 1 7 11 17 21 28 29 31 41
9 4 1 7 11 17 21 28 29 31 41 12 18 32 38
5 4 0 10 20 30 40 4 14 24 34
5 5 0 10 20 30 40 5 15 25 35 39
5 4 5 15 25 35 39 6 16 26 36
5 2 5 15 25 35 39 27 37
4 2 12 18 32 38 27 37
5 3 5 15 25 35 39 2 8 22
4 3 12 18 32 38 2 8 22
3 2 2 8 22 9 19
4 2 12 18 32 38 9 19
1 1 12 32
1 1 12 38
# skipped!
# 12 : 2 -> 8
#c 0 1 8 3 4 5 6 1 8 9 0 1 8 3 4 5 6 1 2 9 0 1 8 3 4 5 6 7 1 1 0 1 2 3 4 5 6 7 2 5 0 1
5 3 0 10 20 30 40 18 32 38
9 3 1 7 11 17 21 28 29 31 41 18 32 38
9 4 1 7 11 17 21 28 29 31 41 3 13 23 33
9 4 1 7 11 17 21 28 29 31 41 4 14 24 34
4 2 4 14 24 34 27 37
5 4 5 15 25 35 39 2 8 12 22
4 4 4 14 24 34 2 8 12 22
5 2 5 15 25 35 39 9 19
4 2 4 14 24 34 9 19
1 1 4 14
1 1 4 24
1 1 4 34
# 34 : 4 -> 5
#c 0 1 8 3 4 5 6 1 8 9 0 1 8 3 4 5 6 1 2 9 0 1 8 3 4 5 6 7 1 1 0 1 2 3 5 5 6 7 2 5 0 1
5 3 0 10 20 30 40 4 14 24
9 3 1 7 11 17 21 28 29 31 41 4 14 24
5 6 0 10 20 30 40 5 15 25 34 35 39
3 6 4 14 24 5 15 25 34 35 39
6 4 5 15 25 34 35 39 6 16 26 36
3 4 4 14 24 6 16 26 36
6 2 5 15 25 34 35 39 27 37
3 2 4 14 24 27 37
6 4 5 15 25 34 35 39 2 8 12 22
3 4 4 14 24 2 8 12 22
6 2 5 15 25 34 35 39 9 19
3 2 4 14 24 9 19
# skipped!
# 4 : 4 -> 5
#c 0 1 8 3 5 5 6 1 8 9 0 1 8 3 4 5 6 1 2 9 0 1 8 3 4 5 6 7 1 1 0 1 2 3 5 5 6 7 2 5 0 1
5 2 0 10 20 30 40 14 24
9 2 1 7 11 17 21 28 29 31 41 14 24
5 7 0 10 20 30 40 4 5 15 25 34 35 39
9 7 1 7 11 17 21 28 29 31 41 4 5 15 25 34 35 39
5 4 0 10 20 30 40 6 16 26 36
9 4 1 7 11 17 21 28 29 31 41 6 16 26 36
5 2 0 10 20 30 40 27 37
9 2 1 7 11 17 21 28 29 31 41 27 37
5 4 0 10 20 30 40 2 8 12 22
9 4 1 7 11 17 21 28 29 31 41 2 8 12 22
5 2 0 10 20 30 40 9 19
9 2 1 7 11 17 21 28 29 31 41 9 19
# skipped!
# skipped!
# skipped!
# 19 : 9 -> 0
#c 0 1 8 3 5 5 6 1 8 9 0 1 8 3 4 5 6 1 2 0 0 1 8 3 4 5 6 7 1 1 0 1 2 3 5 5 6 7 2 5 0 1
6 9 0 10 19 20 30 40 1 7 11 17 21 28 29 31 41
6 3 0 10 19 20 30 40 18 32 38
3 4 18 32 38 3 13 23 33
6 4 0 10 19 20 30 40 3 13 23 33
4 2 3 13 23 33 14 24
6 2 0 10 19 20 30 40 14 24
4 7 3 13 23 33 4 5 15 25 34 35 39
6 7 0 10 19 20 30 40 4 5 15 25 34 35 39
4 4 3 13 23 33 6 16 26 36
6 4 0 10 19 20 30 40 6 16 26 36
4 2 3 13 23 33 27 37
6 2 0 10 19 20 30 40 27 37
2 4 27 37 2 8 12 22
6 4 0 10 19 20 30 40 2 8 12 22
2 1 27 37 9
6 1 0 10 19 20 30 40 9
1 1 0 10
1 1 10 19
1 1 10 20
1 1 20 30
1 1 30 40
# skipped!
# 30 : 0 -> 9
#c 0 1 8 3 5 5 6 1 8 9 0 1 8 3 4 5 6 1 2 0 0 1 8 3 4 5 6 7 1 1 9 1 2 3 5 5 6 7 2 5 0 1
5 9 0 10 19 20 40 1 7 11 17 21 28 29 31 41
5 3 0 10 19 20 40 18 32 38
5 4 0 10 19 20 40 3 13 23 33
0 1 8 3 5 5 6 1 8 9 0 1 8 3 4 5 6 1 2 9 0 1 8 3 4 5 6 7 1 1 0 1 2 3 5 5 6 7 2 5 0 1
