#c 0 1 2 3 4 5 6 0 1 2 3 4 5 6 0 1 2 3 4 5 6 0 1 2 3 4 5 6 0 1 2 3 4 5 6 0 1 2 3
#c 0 1 2 3 4 5 6 0 1 2 3 4 5 6 0 1 2 3 4 5 6 0 1 2 3 4 5 6 0 1 2 3 4 5 6 0 1 2 3
6 6 0 7 14 21 28 35 1 8 15 22 29 36
6 6 0 7 14 21 28 35 2 9 16 23 30 37
6 6 1 8 15 22 29 36 2 9 16 23 30 37
6 6 2 9 16 23 30 37 3 10 17 24 31 38
6 6 1 8 15 22 29 36 3 10 17 24 31 38
6 5 2 9 16 23 30 37 4 11 18 25 32
6 5 1 8 15 22 29 36 4 11 18 25 32
6 5 2 9 16 23 30 37 5 12 19 26 33
6 5 1 8 15 22 29 36 5 12 19 26 33
6 5 2 9 16 23 30 37 6 13 20 27 34
6 5 1 8 15 22 29 36 6 13 20 27 34
1 1 1 8
1 1 1 15
1 1 1 22
1 1 1 29
1 1 1 36
# 1 : 1 -> 6
#c 0 6 2 3 4 5 6 0 1 2 3 4 5 6 0 1 2 3 4 5 6 0 1 2 3 4 5 6 0 1 2 3 4 5 6 0 1 2 3
6 5 0 7 14 21 28 35 8 15 22 29 36
5 6 8 15 22 29 36 2 9 16 23 30 37
5 6 8 15 22 29 36 3 10 17 24 31 38
5 5 8 15 22 29 36 4 11 18 25 32
5 5 8 15 22 29 36 5 12 19 26 33
6 6 2 9 16 23 30 37 1 6 13 20 27 34
5 6 8 15 22 29 36 1 6 13 20 27 34
1 1 8 15
1 1 15 22
1 1 15 29
1 1 15 36
# 15 : 1 -> 6
#c 0 6 2 3 4 5 6 0 1 2 3 4 5 6 0 6 2 3 4 5 6 0 1 2 3 4 5 6 0 1 2 3 4 5 6 0 1 2 3
6 4 0 7 14 21 28 35 8 22 29 36
4 6 8 22 29 36 2 9 16 23 30 37
6 6 0 7 14 21 28 35 3 10 17 24 31 38
6 5 0 7 14 21 28 35 4 11 18 25 32
6 5 0 7 14 21 28 35 5 12 19 26 33
6 7 2 9 16 23 30 37 1 6 13 15 20 27 34
6 7 0 7 14 21 28 35 1 6 13 15 20 27 34
1 1 0 7
1 1 0 14
1 1 0 21
1 1 21 28
1 1 21 35
# 21 : 0 -> 2
#c 0 6 2 3 4 5 6 0 1 2 3 4 5 6 0 6 2 3 4 5 6 2 1 2 3 4 5 6 0 1 2 3 4 5 6 0 1 2 3
5 4 0 7 14 28 35 8 22 29 36
4 7 8 22 29 36 2 9 16 21 23 30 37
5 7 0 7 14 28 35 2 9 16 21 23 30 37
7 6 2 9 16 21 23 30 37 3 10 17 24 31 38
5 6 0 7 14 28 35 3 10 17 24 31 38
7 5 2 9 16 21 23 30 37 4 11 18 25 32
5 5 0 7 14 28 35 4 11 18 25 32
7 5 2 9 16 21 23 30 37 5 12 19 26 33
5 5 0 7 14 28 35 5 12 19 26 33
7 7 2 9 16 21 23 30 37 1 6 13 15 20 27 34
5 7 0 7 14 28 35 1 6 13 15 20 27 34
1 1 0 28
1 1 0 35
# skipped!
# skipped!
# 0 : 0 -> 2
#c 2 6 2 3 4 5 6 0 1 2 3 4 5 6 0 6 2 3 4 5 6 2 1 2 3 4 5 6 0 1 2 3 4 5 6 0 1 2 3
4 4 7 14 28 35 8 22 29 36
4 8 7 14 28 35 0 2 9 16 21 23 30 37
4 8 8 22 29 36 0 2 9 16 21 23 30 37
8 6 0 2 9 16 21 23 30 37 3 10 17 24 31 38
4 6 8 22 29 36 3 10 17 24 31 38
8 5 0 2 9 16 21 23 30 37 4 11 18 25 32
4 5 8 22 29 36 4 11 18 25 32
8 5 0 2 9 16 21 23 30 37 5 12 19 26 33
4 5 8 22 29 36 5 12 19 26 33
8 7 0 2 9 16 21 23 30 37 1 6 13 15 20 27 34
4 7 8 22 29 36 1 6 13 15 20 27 34
1 1 8 22
1 1 8 29
1 1 8 36
# 8 : 1 -> 2
#c 2 6 2 3 4 5 6 0 2 2 3 4 5 6 0 6 2 3 4 5 6 2 1 2 3 4 5 6 0 1 2 3 4 5 6 0 1 2 3
4 3 7 14 28 35 22 29 36
3 9 22 29 36 0 2 8 9 16 21 23 30 37
4 9 7 14 28 35 0 2 8 9 16 21 23 30 37
9 6 0 2 8 9 16 21 23 30 37 3 10 17 24 31 38
4 6 7 14 28 35 3 10 17 24 31 38
9 5 0 2 8 9 16 21 23 30 37 4 11 18 25 32
4 5 7 14 28 35 4 11 18 25 32
9 5 0 2 8 9 16 21 23 30 37 5 12 19 26 33
4 5 7 14 28 35 5 12 19 26 33
9 7 0 2 8 9 16 21 23 30 37 1 6 13 15 20 27 34
4 7 7 14 28 35 1 6 13 15 20 27 34
1 1 7 14
1 1 14 28
1 1 14 35
# skipped!
# 14 : 0 -> 6
#c 2 6 2 3 4 5 6 0 2 2 3 4 5 6 6 6 2 3 4 5 6 2 1 2 3 4 5 6 0 1 2 3 4 5 6 0 1 2 3
3 3 7 28 35 22 29 36
3 9 7 28 35 0 2 8 9 16 21 23 30 37
3 6 7 28 35 3 10 17 24 31 38
3 5 7 28 35 4 11 18 25 32
3 5 7 28 35 5 12 19 26 33
9 8 0 2 8 9 16 21 23 30 37 1 6 13 14 15 20 27 34
3 8 7 28 35 1 6 13 14 15 20 27 34
1 1 7 28
1 1 28 35
# skipped!
# 28 : 0 -> 6
#c 2 6 2 3 4 5 6 0 2 2 3 4 5 6 6 6 2 3 4 5 6 2 1 2 3 4 5 6 6 1 2 3 4 5 6 0 1 2 3
2 3 7 35 22 29 36
2 9 7 35 0 2 8 9 16 21 23 30 37
2 6 7 35 3 10 17 24 31 38
2 5 7 35 4 11 18 25 32
2 5 7 35 5 12 19 26 33
9 9 0 2 8 9 16 21 23 30 37 1 6 13 14 15 20 27 28 34
2 9 7 35 1 6 13 14 15 20 27 28 34
1 1 7 35
# skipped!
# skipped!
# skipped!
# 35 : 0 -> 2
#c 2 6 2 3 4 5 6 0 2 2 3 4 5 6 6 6 2 3 4 5 6 2 1 2 3 4 5 6 6 1 2 3 4 5 6 2 1 2 3
1 3 7 22 29 36
1 10 7 0 2 8 9 16 21 23 30 35 37
3 10 22 29 36 0 2 8 9 16 21 23 30 35 37
10 6 0 2 8 9 16 21 23 30 35 37 3 10 17 24 31 38
3 6 22 29 36 3 10 17 24 31 38
10 5 0 2 8 9 16 21 23 30 35 37 4 11 18 25 32
3 5 22 29 36 4 11 18 25 32
5 5 4 11 18 25 32 5 12 19 26 33
3 5 22 29 36 5 12 19 26 33
5 9 5 12 19 26 33 1 6 13 14 15 20 27 28 34
3 9 22 29 36 1 6 13 14 15 20 27 28 34
1 1 22 29
1 1 22 36
# skipped!
# 36 : 1 -> 6
#c 2 6 2 3 4 5 6 0 2 2 3 4 5 6 6 6 2 3 4 5 6 2 1 2 3 4 5 6 6 1 2 3 4 5 6 2 6 2 3
1 2 7 22 29
2 10 22 29 0 2 8 9 16 21 23 30 35 37
2 6 22 29 3 10 17 24 31 38
1 6 7 3 10 17 24 31 38
2 5 22 29 4 11 18 25 32
1 5 7 4 11 18 25 32
1 5 7 5 12 19 26 33
5 10 5 12 19 26 33 1 6 13 14 15 20 27 28 34 36
1 10 7 1 6 13 14 15 20 27 28 34 36
1 1 1 6
1 1 6 13
1 1 6 14
1 1 14 15
1 1 14 20
1 1 14 27
1 1 14 34
1 1 14 36
# skipped!
# skipped!
# skipped!
# 14 : 6 -> 5
#c 2 6 2 3 4 5 6 0 2 2 3 4 5 6 5 6 2 3 4 5 6 2 1 2 3 4 5 6 6 1 2 3 4 5 6 2 6 2 3
5 6 4 11 18 25 32 5 12 14 19 26 33
1 6 7 5 12 14 19 26 33
6 9 5 12 14 19 26 33 1 6 13 15 20 27 28 34 36
1 9 7 1 6 13 15 20 27 28 34 36
1 1 6 15
1 1 6 20
1 1 6 27
1 1 6 28
1 1 6 34
1 1 6 36
# skipped!
# skipped!
# skipped!
# 6 : 6 -> 5
#c 2 6 2 3 4 5 5 0 2 2 3 4 5 6 5 6 2 3 4 5 6 2 1 2 3 4 5 6 6 1 2 3 4 5 6 2 6 2 3
5 7 4 11 18 25 32 5 6 12 14 19 26 33
1 7 7 5 6 12 14 19 26 33
5 8 4 11 18 25 32 1 13 15 20 27 28 34 36
1 8 7 1 13 15 20 27 28 34 36
1 1 0 1
1 1 0 1
1 1 0 1
1 1 0 1
1 1 0 1
1 1 0 1
1 1 0 1
1 1 0 1
1 1 0 1
1 1 0 1
1 1 0 1
1 1 0 1
1 1 0 1
1 1 0 1
1 1 0 1
1 1 0 1
1 1 0 1
1 1 0 1
1 1 0 1
1 1 0 1
1 1 0 1
1 1 0 1
1 1 0 1
1 1 0 1
1 1 0 1
1 1 0 1
1 1 0 1
1 1 0 1
1 1 0 1
1 1 0 1
1 1 0 1
1 1 0 1
1 1 0 1
1 1 0 1
1 1 0 1
1 1 0 1
1 1 0 1
1 1 0 1
1 1 0 1
1 1 0 1
1 1 0 1
1 1 0 1
1 1 0 1
1 1 0 1
1 1 0 1
1 1 0 1
1 1 0 1
1 1 0 1
1 1 0 1
1 1 0 1
1 1 0 1
1 1 0 1
1 1 0 1
1 1 0 1
1 1 0 1
1 1 0 1
2 6 2 3 4 5 5 0 2 2 3 4 5 6 5 6 2 3 4 5 6 2 1 2 3 4 5 6 6 1 2 3 4 5 6 2 6 2 3
