#c 0 1 2 3 0 1 2 3 0 1 2 3 0 1 2 3 0 1 2 3 0 1 2 3 0 1 2 3 0 1 2 3 0 1 2 3 0 1 2 3 0 1 2 3 0
#c 0 1 2 3 0 1 2 3 0 1 2 3 0 1 2 3 0 1 2 3 0 1 2 3 0 1 2 3 0 1 2 3 0 1 2 3 0 1 2 3 0 1 2 3 0
12 11 0 4 8 12 16 20 24 28 32 36 40 44 1 5 9 13 17 21 25 29 33 37 41
11 11 1 5 9 13 17 21 25 29 33 37 41 2 6 10 14 18 22 26 30 34 38 42
12 11 0 4 8 12 16 20 24 28 32 36 40 44 2 6 10 14 18 22 26 30 34 38 42
11 11 1 5 9 13 17 21 25 29 33 37 41 3 7 11 15 19 23 27 31 35 39 43
12 11 0 4 8 12 16 20 24 28 32 36 40 44 3 7 11 15 19 23 27 31 35 39 43
1 1 0 4
1 1 4 8
1 1 4 12
1 1 4 16
1 1 4 20
1 1 4 24
1 1 4 28
1 1 4 32
1 1 4 36
1 1 36 40
1 1 36 44
# 44 : 0 -> 3
#c 0 1 2 3 0 1 2 3 0 1 2 3 0 1 2 3 0 1 2 3 0 1 2 3 0 1 2 3 0 1 2 3 0 1 2 3 0 1 2 3 0 1 2 3 3
11 11 0 4 8 12 16 20 24 28 32 36 40 1 5 9 13 17 21 25 29 33 37 41
11 11 0 4 8 12 16 20 24 28 32 36 40 2 6 10 14 18 22 26 30 34 38 42
11 12 1 5 9 13 17 21 25 29 33 37 41 3 7 11 15 19 23 27 31 35 39 43 44
11 12 0 4 8 12 16 20 24 28 32 36 40 3 7 11 15 19 23 27 31 35 39 43 44
# 36 : 0 -> 3
#c 0 1 2 3 0 1 2 3 0 1 2 3 0 1 2 3 0 1 2 3 0 1 2 3 0 1 2 3 0 1 2 3 0 1 2 3 3 1 2 3 0 1 2 3 3
10 11 0 4 8 12 16 20 24 28 32 40 1 5 9 13 17 21 25 29 33 37 41
10 11 0 4 8 12 16 20 24 28 32 40 2 6 10 14 18 22 26 30 34 38 42
11 13 1 5 9 13 17 21 25 29 33 37 41 3 7 11 15 19 23 27 31 35 36 39 43 44
10 13 0 4 8 12 16 20 24 28 32 40 3 7 11 15 19 23 27 31 35 36 39 43 44
1 1 4 40
# 4 : 0 -> 3
#c 0 1 2 3 3 1 2 3 0 1 2 3 0 1 2 3 0 1 2 3 0 1 2 3 0 1 2 3 0 1 2 3 0 1 2 3 3 1 2 3 0 1 2 3 3
9 11 0 8 12 16 20 24 28 32 40 1 5 9 13 17 21 25 29 33 37 41
9 11 0 8 12 16 20 24 28 32 40 2 6 10 14 18 22 26 30 34 38 42
11 14 1 5 9 13 17 21 25 29 33 37 41 3 4 7 11 15 19 23 27 31 35 36 39 43 44
9 14 0 8 12 16 20 24 28 32 40 3 4 7 11 15 19 23 27 31 35 36 39 43 44
1 1 0 8
1 1 8 12
1 1 8 16
1 1 8 20
1 1 8 24
1 1 8 28
1 1 8 32
1 1 8 40
# 8 : 0 -> 1
#c 0 1 2 3 3 1 2 3 1 1 2 3 0 1 2 3 0 1 2 3 0 1 2 3 0 1 2 3 0 1 2 3 0 1 2 3 3 1 2 3 0 1 2 3 3
8 12 0 12 16 20 24 28 32 40 1 5 8 9 13 17 21 25 29 33 37 41
12 11 1 5 8 9 13 17 21 25 29 33 37 41 2 6 10 14 18 22 26 30 34 38 42
8 11 0 12 16 20 24 28 32 40 2 6 10 14 18 22 26 30 34 38 42
11 14 2 6 10 14 18 22 26 30 34 38 42 3 4 7 11 15 19 23 27 31 35 36 39 43 44
8 14 0 12 16 20 24 28 32 40 3 4 7 11 15 19 23 27 31 35 36 39 43 44
1 1 0 12
1 1 12 16
1 1 16 20
1 1 16 24
1 1 16 28
1 1 16 32
1 1 32 40
# skipped!
# 32 : 0 -> 2
#c 0 1 2 3 3 1 2 3 1 1 2 3 0 1 2 3 0 1 2 3 0 1 2 3 0 1 2 3 0 1 2 3 2 1 2 3 3 1 2 3 0 1 2 3 3
7 12 0 12 16 20 24 28 40 1 5 8 9 13 17 21 25 29 33 37 41
12 12 1 5 8 9 13 17 21 25 29 33 37 41 2 6 10 14 18 22 26 30 32 34 38 42
7 12 0 12 16 20 24 28 40 2 6 10 14 18 22 26 30 32 34 38 42
12 14 1 5 8 9 13 17 21 25 29 33 37 41 3 4 7 11 15 19 23 27 31 35 36 39 43 44
7 14 0 12 16 20 24 28 40 3 4 7 11 15 19 23 27 31 35 36 39 43 44
1 1 16 40
# 40 : 0 -> 3
#c 0 1 2 3 3 1 2 3 1 1 2 3 0 1 2 3 0 1 2 3 0 1 2 3 0 1 2 3 0 1 2 3 2 1 2 3 3 1 2 3 3 1 2 3 3
6 12 0 12 16 20 24 28 1 5 8 9 13 17 21 25 29 33 37 41
6 12 0 12 16 20 24 28 2 6 10 14 18 22 26 30 32 34 38 42
12 15 1 5 8 9 13 17 21 25 29 33 37 41 3 4 7 11 15 19 23 27 31 35 36 39 40 43 44
6 15 0 12 16 20 24 28 3 4 7 11 15 19 23 27 31 35 36 39 40 43 44
# skipped!
# 16 : 0 -> 1
#c 0 1 2 3 3 1 2 3 1 1 2 3 0 1 2 3 1 1 2 3 0 1 2 3 0 1 2 3 0 1 2 3 2 1 2 3 3 1 2 3 3 1 2 3 3
5 13 0 12 20 24 28 1 5 8 9 13 16 17 21 25 29 33 37 41
13 12 1 5 8 9 13 16 17 21 25 29 33 37 41 2 6 10 14 18 22 26 30 32 34 38 42
5 12 0 12 20 24 28 2 6 10 14 18 22 26 30 32 34 38 42
12 15 2 6 10 14 18 22 26 30 32 34 38 42 3 4 7 11 15 19 23 27 31 35 36 39 40 43 44
5 15 0 12 20 24 28 3 4 7 11 15 19 23 27 31 35 36 39 40 43 44
1 1 12 20
1 1 12 24
1 1 12 28
# skipped!
# 12 : 0 -> 2
#c 0 1 2 3 3 1 2 3 1 1 2 3 2 1 2 3 1 1 2 3 0 1 2 3 0 1 2 3 0 1 2 3 2 1 2 3 3 1 2 3 3 1 2 3 3
4 13 0 20 24 28 1 5 8 9 13 16 17 21 25 29 33 37 41
13 13 1 5 8 9 13 16 17 21 25 29 33 37 41 2 6 10 12 14 18 22 26 30 32 34 38 42
4 13 0 20 24 28 2 6 10 12 14 18 22 26 30 32 34 38 42
13 15 1 5 8 9 13 16 17 21 25 29 33 37 41 3 4 7 11 15 19 23 27 31 35 36 39 40 43 44
4 15 0 20 24 28 3 4 7 11 15 19 23 27 31 35 36 39 40 43 44
1 1 0 20
1 1 0 24
1 1 0 28
# skipped!
# skipped!
# 0 : 0 -> 3
#c 3 1 2 3 3 1 2 3 1 1 2 3 2 1 2 3 1 1 2 3 0 1 2 3 0 1 2 3 0 1 2 3 2 1 2 3 3 1 2 3 3 1 2 3 3
3 13 20 24 28 1 5 8 9 13 16 17 21 25 29 33 37 41
3 13 20 24 28 2 6 10 12 14 18 22 26 30 32 34 38 42
13 16 1 5 8 9 13 16 17 21 25 29 33 37 41 0 3 4 7 11 15 19 23 27 31 35 36 39 40 43 44
3 16 20 24 28 0 3 4 7 11 15 19 23 27 31 35 36 39 40 43 44
1 1 20 24
1 1 20 28
# 20 : 0 -> 1
#c 3 1 2 3 3 1 2 3 1 1 2 3 2 1 2 3 1 1 2 3 1 1 2 3 0 1 2 3 0 1 2 3 2 1 2 3 3 1 2 3 3 1 2 3 3
2 14 24 28 1 5 8 9 13 16 17 20 21 25 29 33 37 41
2 13 24 28 2 6 10 12 14 18 22 26 30 32 34 38 42
14 13 1 5 8 9 13 16 17 20 21 25 29 33 37 41 2 6 10 12 14 18 22 26 30 32 34 38 42
13 16 2 6 10 12 14 18 22 26 30 32 34 38 42 0 3 4 7 11 15 19 23 27 31 35 36 39 40 43 44
14 16 1 5 8 9 13 16 17 20 21 25 29 33 37 41 0 3 4 7 11 15 19 23 27 31 35 36 39 40 43 44
1 1 1 5
1 1 5 8
1 1 5 9
1 1 5 13
1 1 13 16
1 1 13 17
1 1 13 20
1 1 13 21
1 1 13 25
1 1 13 29
1 1 13 33
1 1 13 37
1 1 13 41
# skipped!
# 13 : 1 -> 2
#c 3 1 2 3 3 1 2 3 1 1 2 3 2 2 2 3 1 1 2 3 1 1 2 3 0 1 2 3 0 1 2 3 2 1 2 3 3 1 2 3 3 1 2 3 3
2 13 24 28 1 5 8 9 16 17 20 21 25 29 33 37 41
2 14 24 28 2 6 10 12 13 14 18 22 26 30 32 34 38 42
13 14 1 5 8 9 16 17 20 21 25 29 33 37 41 2 6 10 12 13 14 18 22 26 30 32 34 38 42
14 16 2 6 10 12 13 14 18 22 26 30 32 34 38 42 0 3 4 7 11 15 19 23 27 31 35 36 39 40 43 44
13 16 1 5 8 9 16 17 20 21 25 29 33 37 41 0 3 4 7 11 15 19 23 27 31 35 36 39 40 43 44
1 1 5 16
1 1 5 17
1 1 5 20
1 1 5 21
1 1 5 25
1 1 5 29
1 1 5 33
1 1 5 37
1 1 5 41
# 5 : 1 -> 2
#c 3 1 2 3 3 2 2 3 1 1 2 3 2 2 2 3 1 1 2 3 1 1 2 3 0 1 2 3 0 1 2 3 2 1 2 3 3 1 2 3 3 1 2 3 3
2 12 24 28 1 8 9 16 17 20 21 25 29 33 37 41
2 15 24 28 2 5 6 10 12 13 14 18 22 26 30 32 34 38 42
12 15 1 8 9 16 17 20 21 25 29 33 37 41 2 5 6 10 12 13 14 18 22 26 30 32 34 38 42
15 16 2 5 6 10 12 13 14 18 22 26 30 32 34 38 42 0 3 4 7 11 15 19 23 27 31 35 36 39 40 43 44
12 16 1 8 9 16 17 20 21 25 29 33 37 41 0 3 4 7 11 15 19 23 27 31 35 36 39 40 43 44
1 1 1 8
1 1 8 9
1 1 8 17
1 1 8 21
1 1 8 25
1 1 8 29
1 1 8 33
1 1 8 37
1 1 8 41
# skipped!
# skipped!
# skipped!
# skipped!
# 8 : 1 -> 3
#c 3 1 2 3 3 2 2 3 3 1 2 3 2 2 2 3 1 1 2 3 1 1 2 3 0 1 2 3 0 1 2 3 2 1 2 3 3 1 2 3 3 1 2 3 3
2 11 24 28 1 9 16 17 20 21 25 29 33 37 41
11 15 1 9 16 17 20 21 25 29 33 37 41 2 5 6 10 12 13 14 18 22 26 30 32 34 38 42
15 17 2 5 6 10 12 13 14 18 22 26 30 32 34 38 42 0 3 4 7 8 11 15 19 23 27 31 35 36 39 40 43 44
11 17 1 9 16 17 20 21 25 29 33 37 41 0 3 4 7 8 11 15 19 23 27 31 35 36 39 40 43 44
1 1 1 9
1 1 9 16
1 1 16 17
1 1 17 20
1 1 17 21
1 1 21 25
1 1 21 29
1 1 21 33
1 1 21 37
1 1 21 41
# skipped!
# 21 : 1 -> 2
#c 3 1 2 3 3 2 2 3 3 1 2 3 2 2 2 3 1 1 2 3 1 2 2 3 0 1 2 3 0 1 2 3 2 1 2 3 3 1 2 3 3 1 2 3 3
2 10 24 28 1 9 16 17 20 25 29 33 37 41
2 16 24 28 2 5 6 10 12 13 14 18 21 22 26 30 32 34 38 42
10 16 1 9 16 17 20 25 29 33 37 41 2 5 6 10 12 13 14 18 21 22 26 30 32 34 38 42
2 17 24 28 0 3 4 7 8 11 15 19 23 27 31 35 36 39 40 43 44
10 17 1 9 16 17 20 25 29 33 37 41 0 3 4 7 8 11 15 19 23 27 31 35 36 39 40 43 44
1 1 17 25
1 1 25 29
1 1 25 33
1 1 33 37
1 1 33 41
# skipped!
# skipped!
# 33 : 1 -> 3
#c 3 1 2 3 3 2 2 3 3 1 2 3 2 2 2 3 1 1 2 3 1 2 2 3 0 1 2 3 0 1 2 3 2 3 2 3 3 1 2 3 3 1 2 3 3
2 9 24 28 1 9 16 17 20 25 29 37 41
9 16 1 9 16 17 20 25 29 37 41 2 5 6 10 12 13 14 18 21 22 26 30 32 34 38 42
2 18 24 28 0 3 4 7 8 11 15 19 23 27 31 33 35 36 39 40 43 44
9 18 1 9 16 17 20 25 29 37 41 0 3 4 7 8 11 15 19 23 27 31 33 35 36 39 40 43 44
1 1 25 37
1 1 25 41
# skipped!
# skipped!
# 25 : 1 -> 0
#c 3 1 2 3 3 2 2 3 3 1 2 3 2 2 2 3 1 1 2 3 1 2 2 3 0 0 2 3 0 1 2 3 2 3 2 3 3 1 2 3 3 1 2 3 3
3 8 24 25 28 1 9 16 17 20 29 37 41
8 16 1 9 16 17 20 29 37 41 2 5 6 10 12 13 14 18 21 22 26 30 32 34 38 42
3 16 24 25 28 2 5 6 10 12 13 14 18 21 22 26 30 32 34 38 42
16 18 2 5 6 10 12 13 14 18 21 22 26 30 32 34 38 42 0 3 4 7 8 11 15 19 23 27 31 33 35 36 39 40 43 44
3 18 24 25 28 0 3 4 7 8 11 15 19 23 27 31 33 35 36 39 40 43 44
1 1 24 25
1 1 25 28
# skipped!
# skipped!
# skipped!
# 25 : 0 -> 2
#c 3 1 2 3 3 2 2 3 3 1 2 3 2 2 2 3 1 1 2 3 1 2 2 3 0 2 2 3 0 1 2 3 2 3 2 3 3 1 2 3 3 1 2 3 3
2 8 24 28 1 9 16 17 20 29 37 41
2 17 24 28 2 5 6 10 12 13 14 18 21 22 25 26 30 32 34 38 42
8 17 1 9 16 17 20 29 37 41 2 5 6 10 12 13 14 18 21 22 25 26 30 32 34 38 42
17 18 2 5 6 10 12 13 14 18 21 22 25 26 30 32 34 38 42 0 3 4 7 8 11 15 19 23 27 31 33 35 36 39 40 43 44
1 1 2 5
1 1 2 6
1 1 2 10
1 1 2 12
1 1 2 13
1 1 2 14
1 1 2 18
1 1 2 21
1 1 2 22
1 1 2 25
1 1 2 26
1 1 2 30
1 1 2 32
1 1 2 34
1 1 2 38
1 1 2 42
# skipped!
# skipped!
# skipped!
# skipped!
# skipped!
# skipped!
# 2 : 2 -> 0
#c 3 1 0 3 3 2 2 3 3 1 2 3 2 2 2 3 1 1 2 3 1 2 2 3 0 2 2 3 0 1 2 3 2 3 2 3 3 1 2 3 3 1 2 3 3
3 8 2 24 28 1 9 16 17 20 29 37 41
3 16 2 24 28 5 6 10 12 13 14 18 21 22 25 26 30 32 34 38 42
8 16 1 9 16 17 20 29 37 41 5 6 10 12 13 14 18 21 22 25 26 30 32 34 38 42
3 18 2 24 28 0 3 4 7 8 11 15 19 23 27 31 33 35 36 39 40 43 44
16 18 5 6 10 12 13 14 18 21 22 25 26 30 32 34 38 42 0 3 4 7 8 11 15 19 23 27 31 33 35 36 39 40 43 44
1 1 5 6
1 1 6 10
1 1 6 12
1 1 6 13
1 1 13 14
1 1 13 18
1 1 13 22
1 1 13 26
1 1 13 30
1 1 13 32
1 1 13 34
1 1 13 38
1 1 13 42
# skipped!
# skipped!
# skipped!
# skipped!
# skipped!
# skipped!
# skipped!
# skipped!
# skipped!
# skipped!
# skipped!
# skipped!
# skipped!
# skipped!
# skipped!
# skipped!
# skipped!
# skipped!
# skipped!
# skipped!
# 13 : 2 -> 0
#c 3 1 0 3 3 2 2 3 3 1 2 3 2 0 2 3 1 1 2 3 1 2 2 3 0 2 2 3 0 1 2 3 2 3 2 3 3 1 2 3 3 1 2 3 3
4 8 2 13 24 28 1 9 16 17 20 29 37 41
4 15 2 13 24 28 5 6 10 12 14 18 21 22 25 26 30 32 34 38 42
8 15 1 9 16 17 20 29 37 41 5 6 10 12 14 18 21 22 25 26 30 32 34 38 42
4 18 2 13 24 28 0 3 4 7 8 11 15 19 23 27 31 33 35 36 39 40 43 44
15 18 5 6 10 12 14 18 21 22 25 26 30 32 34 38 42 0 3 4 7 8 11 15 19 23 27 31 33 35 36 39 40 43 44
1 1 6 14
1 1 14 18
1 1 14 21
1 1 14 22
1 1 22 25
1 1 22 26
1 1 22 30
1 1 22 32
1 1 22 34
1 1 22 38
1 1 22 42
# skipped!
# 22 : 2 -> 0
#c 3 1 0 3 3 2 2 3 3 1 2 3 2 0 2 3 1 1 2 3 1 2 0 3 0 2 2 3 0 1 2 3 2 3 2 3 3 1 2 3 3 1 2 3 3
5 8 2 13 22 24 28 1 9 16 17 20 29 37 41
5 14 2 13 22 24 28 5 6 10 12 14 18 21 25 26 30 32 34 38 42
8 14 1 9 16 17 20 29 37 41 5 6 10 12 14 18 21 25 26 30 32 34 38 42
3 1 0 3 3 2 2 3 3 1 2 3 2 0 2 3 1 1 2 3 1 2 0 3 0 2 2 3 0 1 2 3 2 3 2 3 3 1 2 3 3 1 2 3 3
