#c 0 1 2 3 4 5 0 1 2 3 4 5 0 1 2 3 4 5 0 1 2 3 4 5 0 1 2 3 4 5 0 1 2 3 4 5 0 1 2 3 4 5 0
#c 0 1 2 3 4 5 0 1 2 3 4 5 0 1 2 3 4 5 0 1 2 3 4 5 0 1 2 3 4 5 0 1 2 3 4 5 0 1 2 3 4 5 0
8 7 0 6 12 18 24 30 36 42 1 7 13 19 25 31 37
7 7 1 7 13 19 25 31 37 2 8 14 20 26 32 38
8 7 0 6 12 18 24 30 36 42 2 8 14 20 26 32 38
7 7 2 8 14 20 26 32 38 3 9 15 21 27 33 39
8 7 0 6 12 18 24 30 36 42 3 9 15 21 27 33 39
7 7 3 9 15 21 27 33 39 4 10 16 22 28 34 40
8 7 0 6 12 18 24 30 36 42 4 10 16 22 28 34 40
7 7 3 9 15 21 27 33 39 5 11 17 23 29 35 41
8 7 0 6 12 18 24 30 36 42 5 11 17 23 29 35 41
1 1 5 11
1 1 5 17
1 1 17 23
1 1 17 29
1 1 17 35
1 1 17 41
# 17 : 5 -> 3
#c 0 1 2 3 4 5 0 1 2 3 4 5 0 1 2 3 4 3 0 1 2 3 4 5 0 1 2 3 4 5 0 1 2 3 4 5 0 1 2 3 4 5 0
7 8 2 8 14 20 26 32 38 3 9 15 17 21 27 33 39
8 8 0 6 12 18 24 30 36 42 3 9 15 17 21 27 33 39
8 7 3 9 15 17 21 27 33 39 4 10 16 22 28 34 40
8 6 3 9 15 17 21 27 33 39 5 11 23 29 35 41
8 6 0 6 12 18 24 30 36 42 5 11 23 29 35 41
1 1 5 23
1 1 5 29
1 1 5 35
1 1 35 41
# 41 : 5 -> 3
#c 0 1 2 3 4 5 0 1 2 3 4 5 0 1 2 3 4 3 0 1 2 3 4 5 0 1 2 3 4 5 0 1 2 3 4 5 0 1 2 3 4 3 0
7 9 2 8 14 20 26 32 38 3 9 15 17 21 27 33 39 41
8 9 0 6 12 18 24 30 36 42 3 9 15 17 21 27 33 39 41
7 7 2 8 14 20 26 32 38 4 10 16 22 28 34 40
7 5 2 8 14 20 26 32 38 5 11 23 29 35
8 5 0 6 12 18 24 30 36 42 5 11 23 29 35
1 1 0 6
1 1 0 12
1 1 0 18
1 1 0 24
1 1 0 30
1 1 0 36
1 1 0 42
# 0 : 0 -> 2
#c 2 1 2 3 4 5 0 1 2 3 4 5 0 1 2 3 4 3 0 1 2 3 4 5 0 1 2 3 4 5 0 1 2 3 4 5 0 1 2 3 4 3 0
7 7 6 12 18 24 30 36 42 1 7 13 19 25 31 37
7 8 1 7 13 19 25 31 37 0 2 8 14 20 26 32 38
7 8 6 12 18 24 30 36 42 0 2 8 14 20 26 32 38
8 9 0 2 8 14 20 26 32 38 3 9 15 17 21 27 33 39 41
7 9 6 12 18 24 30 36 42 3 9 15 17 21 27 33 39 41
9 7 3 9 15 17 21 27 33 39 41 4 10 16 22 28 34 40
7 7 6 12 18 24 30 36 42 4 10 16 22 28 34 40
9 5 3 9 15 17 21 27 33 39 41 5 11 23 29 35
7 5 6 12 18 24 30 36 42 5 11 23 29 35
1 1 6 12
1 1 6 18
1 1 6 24
1 1 24 30
1 1 24 36
1 1 24 42
# skipped!
# skipped!
# 24 : 0 -> 3
#c 2 1 2 3 4 5 0 1 2 3 4 5 0 1 2 3 4 3 0 1 2 3 4 5 3 1 2 3 4 5 0 1 2 3 4 5 0 1 2 3 4 3 0
6 7 6 12 18 30 36 42 1 7 13 19 25 31 37
6 8 6 12 18 30 36 42 0 2 8 14 20 26 32 38
8 10 0 2 8 14 20 26 32 38 3 9 15 17 21 24 27 33 39 41
6 10 6 12 18 30 36 42 3 9 15 17 21 24 27 33 39 41
8 7 0 2 8 14 20 26 32 38 4 10 16 22 28 34 40
6 7 6 12 18 30 36 42 4 10 16 22 28 34 40
8 5 0 2 8 14 20 26 32 38 5 11 23 29 35
6 5 6 12 18 30 36 42 5 11 23 29 35
1 1 6 30
1 1 6 36
1 1 6 42
# 42 : 0 -> 2
#c 2 1 2 3 4 5 0 1 2 3 4 5 0 1 2 3 4 3 0 1 2 3 4 5 3 1 2 3 4 5 0 1 2 3 4 5 0 1 2 3 4 3 2
5 7 6 12 18 30 36 1 7 13 19 25 31 37
7 9 1 7 13 19 25 31 37 0 2 8 14 20 26 32 38 42
5 9 6 12 18 30 36 0 2 8 14 20 26 32 38 42
9 10 0 2 8 14 20 26 32 38 42 3 9 15 17 21 24 27 33 39 41
5 10 6 12 18 30 36 3 9 15 17 21 24 27 33 39 41
10 7 3 9 15 17 21 24 27 33 39 41 4 10 16 22 28 34 40
5 7 6 12 18 30 36 4 10 16 22 28 34 40
10 5 3 9 15 17 21 24 27 33 39 41 5 11 23 29 35
7 5 4 10 16 22 28 34 40 5 11 23 29 35
1 1 4 10
1 1 4 16
1 1 4 22
1 1 4 28
1 1 4 34
1 1 4 40
# skipped!
# skipped!
# skipped!
# skipped!
# 4 : 4 -> 3
#c 2 1 2 3 3 5 0 1 2 3 4 5 0 1 2 3 4 3 0 1 2 3 4 5 3 1 2 3 4 5 0 1 2 3 4 5 0 1 2 3 4 3 2
9 11 0 2 8 14 20 26 32 38 42 3 4 9 15 17 21 24 27 33 39 41
5 11 6 12 18 30 36 3 4 9 15 17 21 24 27 33 39 41
11 6 3 4 9 15 17 21 24 27 33 39 41 10 16 22 28 34 40
5 6 6 12 18 30 36 10 16 22 28 34 40
11 5 3 4 9 15 17 21 24 27 33 39 41 5 11 23 29 35
6 5 10 16 22 28 34 40 5 11 23 29 35
1 1 10 16
1 1 16 22
1 1 22 28
1 1 22 34
1 1 22 40
# skipped!
# skipped!
# 22 : 4 -> 3
#c 2 1 2 3 3 5 0 1 2 3 4 5 0 1 2 3 4 3 0 1 2 3 3 5 3 1 2 3 4 5 0 1 2 3 4 5 0 1 2 3 4 3 2
9 12 0 2 8 14 20 26 32 38 42 3 4 9 15 17 21 22 24 27 33 39 41
5 12 6 12 18 30 36 3 4 9 15 17 21 22 24 27 33 39 41
9 5 0 2 8 14 20 26 32 38 42 10 16 28 34 40
5 5 6 12 18 30 36 10 16 28 34 40
9 5 0 2 8 14 20 26 32 38 42 5 11 23 29 35
5 5 10 16 28 34 40 5 11 23 29 35
# skipped!
# skipped!
# skipped!
# skipped!
# skipped!
# skipped!
# 35 : 5 -> 2
#c 2 1 2 3 3 5 0 1 2 3 4 5 0 1 2 3 4 3 0 1 2 3 3 5 3 1 2 3 4 5 0 1 2 3 4 2 0 1 2 3 4 3 2
7 10 1 7 13 19 25 31 37 0 2 8 14 20 26 32 35 38 42
5 10 6 12 18 30 36 0 2 8 14 20 26 32 35 38 42
7 12 1 7 13 19 25 31 37 3 4 9 15 17 21 22 24 27 33 39 41
2 1 2 3 3 5 0 1 2 3 4 5 0 1 2 3 4 3 0 1 2 3 3 5 3 1 2 3 4 5 0 1 2 3 4 2 0 1 2 3 4 3 2
