#c 0 1 2 3 4 5 6 7 0 1 2 3 4 5 6 7 0 1 2 3 4 5 6 7 0 1 2 3 4 5 6 7 0 1 2 3 4 5 6 7 0 1 2
#c 0 1 2 3 4 5 6 7 0 1 2 3 4 5 6 7 0 1 2 3 4 5 6 7 0 1 2 3 4 5 6 7 0 1 2 3 4 5 6 7 0 1 2
6 6 0 8 16 24 32 40 1 9 17 25 33 41
6 6 0 8 16 24 32 40 2 10 18 26 34 42
6 6 1 9 17 25 33 41 2 10 18 26 34 42
6 5 0 8 16 24 32 40 3 11 19 27 35
6 5 2 10 18 26 34 42 3 11 19 27 35
5 5 3 11 19 27 35 4 12 20 28 36
6 5 2 10 18 26 34 42 4 12 20 28 36
5 5 3 11 19 27 35 5 13 21 29 37
6 5 2 10 18 26 34 42 5 13 21 29 37
5 5 3 11 19 27 35 6 14 22 30 38
6 5 2 10 18 26 34 42 6 14 22 30 38
5 5 6 14 22 30 38 7 15 23 31 39
6 5 2 10 18 26 34 42 7 15 23 31 39
1 1 2 10
1 1 10 18
1 1 10 26
1 1 10 34
1 1 10 42
# 42 : 2 -> 6
#c 0 1 2 3 4 5 6 7 0 1 2 3 4 5 6 7 0 1 2 3 4 5 6 7 0 1 2 3 4 5 6 7 0 1 2 3 4 5 6 7 0 1 6
6 5 0 8 16 24 32 40 2 10 18 26 34
6 5 1 9 17 25 33 41 2 10 18 26 34
5 5 2 10 18 26 34 3 11 19 27 35
5 5 2 10 18 26 34 4 12 20 28 36
5 5 2 10 18 26 34 5 13 21 29 37
5 6 3 11 19 27 35 6 14 22 30 38 42
5 6 2 10 18 26 34 6 14 22 30 38 42
6 5 6 14 22 30 38 42 7 15 23 31 39
5 5 2 10 18 26 34 7 15 23 31 39
# 10 : 2 -> 6
#c 0 1 2 3 4 5 6 7 0 1 6 3 4 5 6 7 0 1 2 3 4 5 6 7 0 1 2 3 4 5 6 7 0 1 2 3 4 5 6 7 0 1 6
6 4 0 8 16 24 32 40 2 18 26 34
6 4 1 9 17 25 33 41 2 18 26 34
4 5 2 18 26 34 3 11 19 27 35
4 5 2 18 26 34 4 12 20 28 36
4 5 2 18 26 34 5 13 21 29 37
5 7 3 11 19 27 35 6 10 14 22 30 38 42
4 7 2 18 26 34 6 10 14 22 30 38 42
5 5 3 11 19 27 35 7 15 23 31 39
4 5 2 18 26 34 7 15 23 31 39
1 1 2 18
1 1 2 26
1 1 2 34
# 2 : 2 -> 7
#c 0 1 7 3 4 5 6 7 0 1 6 3 4 5 6 7 0 1 2 3 4 5 6 7 0 1 2 3 4 5 6 7 0 1 2 3 4 5 6 7 0 1 6
6 3 0 8 16 24 32 40 18 26 34
6 3 1 9 17 25 33 41 18 26 34
3 5 18 26 34 3 11 19 27 35
6 5 1 9 17 25 33 41 3 11 19 27 35
6 5 1 9 17 25 33 41 4 12 20 28 36
6 5 1 9 17 25 33 41 5 13 21 29 37
6 7 1 9 17 25 33 41 6 10 14 22 30 38 42
5 6 3 11 19 27 35 2 7 15 23 31 39
6 6 1 9 17 25 33 41 2 7 15 23 31 39
1 1 1 9
1 1 1 17
1 1 17 25
1 1 25 33
1 1 25 41
# 41 : 1 -> 3
#c 0 1 7 3 4 5 6 7 0 1 6 3 4 5 6 7 0 1 2 3 4 5 6 7 0 1 2 3 4 5 6 7 0 1 2 3 4 5 6 7 0 3 6
6 5 0 8 16 24 32 40 1 9 17 25 33
5 3 1 9 17 25 33 18 26 34
3 6 18 26 34 3 11 19 27 35 41
5 6 1 9 17 25 33 3 11 19 27 35 41
6 5 3 11 19 27 35 41 4 12 20 28 36
5 5 1 9 17 25 33 4 12 20 28 36
6 5 3 11 19 27 35 41 5 13 21 29 37
5 5 1 9 17 25 33 5 13 21 29 37
6 7 3 11 19 27 35 41 6 10 14 22 30 38 42
5 7 1 9 17 25 33 6 10 14 22 30 38 42
6 6 3 11 19 27 35 41 2 7 15 23 31 39
5 6 1 9 17 25 33 2 7 15 23 31 39
# 25 : 1 -> 3
#c 0 1 7 3 4 5 6 7 0 1 6 3 4 5 6 7 0 1 2 3 4 5 6 7 0 3 2 3 4 5 6 7 0 1 2 3 4 5 6 7 0 3 6
6 4 0 8 16 24 32 40 1 9 17 33
4 3 1 9 17 33 18 26 34
3 7 18 26 34 3 11 19 25 27 35 41
4 7 1 9 17 33 3 11 19 25 27 35 41
7 5 3 11 19 25 27 35 41 4 12 20 28 36
4 5 1 9 17 33 4 12 20 28 36
7 5 3 11 19 25 27 35 41 5 13 21 29 37
4 5 1 9 17 33 5 13 21 29 37
5 7 5 13 21 29 37 6 10 14 22 30 38 42
4 7 1 9 17 33 6 10 14 22 30 38 42
5 6 5 13 21 29 37 2 7 15 23 31 39
4 6 1 9 17 33 2 7 15 23 31 39
1 1 17 33
# 33 : 1 -> 5
#c 0 1 7 3 4 5 6 7 0 1 6 3 4 5 6 7 0 1 2 3 4 5 6 7 0 3 2 3 4 5 6 7 0 5 2 3 4 5 6 7 0 3 6
6 3 0 8 16 24 32 40 1 9 17
3 3 1 9 17 18 26 34
6 7 0 8 16 24 32 40 3 11 19 25 27 35 41
6 5 0 8 16 24 32 40 4 12 20 28 36
7 6 3 11 19 25 27 35 41 5 13 21 29 33 37
6 6 0 8 16 24 32 40 5 13 21 29 33 37
7 7 3 11 19 25 27 35 41 6 10 14 22 30 38 42
6 7 0 8 16 24 32 40 6 10 14 22 30 38 42
7 6 3 11 19 25 27 35 41 2 7 15 23 31 39
6 6 0 8 16 24 32 40 2 7 15 23 31 39
1 1 0 8
1 1 8 16
1 1 16 24
1 1 16 32
1 1 16 40
# 40 : 0 -> 3
#c 0 1 7 3 4 5 6 7 0 1 6 3 4 5 6 7 0 1 2 3 4 5 6 7 0 3 2 3 4 5 6 7 0 5 2 3 4 5 6 7 3 3 6
5 3 0 8 16 24 32 1 9 17
5 3 0 8 16 24 32 18 26 34
3 8 18 26 34 3 11 19 25 27 35 40 41
3 8 1 9 17 3 11 19 25 27 35 40 41
8 5 3 11 19 25 27 35 40 41 4 12 20 28 36
3 5 1 9 17 4 12 20 28 36
5 6 4 12 20 28 36 5 13 21 29 33 37
3 6 1 9 17 5 13 21 29 33 37
5 7 4 12 20 28 36 6 10 14 22 30 38 42
3 7 1 9 17 6 10 14 22 30 38 42
7 6 6 10 14 22 30 38 42 2 7 15 23 31 39
3 6 1 9 17 2 7 15 23 31 39
# 17 : 1 -> 6
#c 0 1 7 3 4 5 6 7 0 1 6 3 4 5 6 7 0 6 2 3 4 5 6 7 0 3 2 3 4 5 6 7 0 5 2 3 4 5 6 7 3 3 6
5 2 0 8 16 24 32 1 9
2 3 1 9 18 26 34
2 8 1 9 3 11 19 25 27 35 40 41
5 8 0 8 16 24 32 3 11 19 25 27 35 40 41
5 5 0 8 16 24 32 4 12 20 28 36
5 6 0 8 16 24 32 5 13 21 29 33 37
5 8 4 12 20 28 36 6 10 14 17 22 30 38 42
5 8 0 8 16 24 32 6 10 14 17 22 30 38 42
5 6 4 12 20 28 36 2 7 15 23 31 39
5 6 0 8 16 24 32 2 7 15 23 31 39
# 16 : 0 -> 4
#c 0 1 7 3 4 5 6 7 0 1 6 3 4 5 6 7 4 6 2 3 4 5 6 7 0 3 2 3 4 5 6 7 0 5 2 3 4 5 6 7 3 3 6
4 2 0 8 24 32 1 9
4 3 0 8 24 32 18 26 34
8 6 3 11 19 25 27 35 40 41 4 12 16 20 28 36
3 6 18 26 34 4 12 16 20 28 36
8 6 3 11 19 25 27 35 40 41 5 13 21 29 33 37
3 6 18 26 34 5 13 21 29 33 37
8 8 3 11 19 25 27 35 40 41 6 10 14 17 22 30 38 42
3 8 18 26 34 6 10 14 17 22 30 38 42
8 6 3 11 19 25 27 35 40 41 2 7 15 23 31 39
3 6 18 26 34 2 7 15 23 31 39
1 1 18 26
1 1 26 34
# 34 : 2 -> 3
#c 0 1 7 3 4 5 6 7 0 1 6 3 4 5 6 7 4 6 2 3 4 5 6 7 0 3 2 3 4 5 6 7 0 5 3 3 4 5 6 7 3 3 6
2 2 1 9 18 26
4 2 0 8 24 32 18 26
2 9 1 9 3 11 19 25 27 34 35 40 41
4 9 0 8 24 32 3 11 19 25 27 34 35 40 41
2 6 1 9 4 12 16 20 28 36
4 6 0 8 24 32 4 12 16 20 28 36
6 6 4 12 16 20 28 36 5 13 21 29 33 37
4 6 0 8 24 32 5 13 21 29 33 37
6 8 5 13 21 29 33 37 6 10 14 17 22 30 38 42
4 8 0 8 24 32 6 10 14 17 22 30 38 42
6 6 5 13 21 29 33 37 2 7 15 23 31 39
4 6 0 8 24 32 2 7 15 23 31 39
1 1 8 24
1 1 8 32
# 8 : 0 -> 5
#c 0 1 7 3 4 5 6 7 5 1 6 3 4 5 6 7 4 6 2 3 4 5 6 7 0 3 2 3 4 5 6 7 0 5 3 3 4 5 6 7 3 3 6
3 2 0 24 32 1 9
3 2 0 24 32 18 26
3 9 0 24 32 3 11 19 25 27 34 35 40 41
2 9 18 26 3 11 19 25 27 34 35 40 41
3 6 0 24 32 4 12 16 20 28 36
9 6 3 11 19 25 27 34 35 40 41 4 12 16 20 28 36
6 7 4 12 16 20 28 36 5 8 13 21 29 33 37
9 7 3 11 19 25 27 34 35 40 41 5 8 13 21 29 33 37
6 8 4 12 16 20 28 36 6 10 14 17 22 30 38 42
9 8 3 11 19 25 27 34 35 40 41 6 10 14 17 22 30 38 42
6 6 4 12 16 20 28 36 2 7 15 23 31 39
9 6 3 11 19 25 27 34 35 40 41 2 7 15 23 31 39
1 1 3 11
1 1 3 19
1 1 3 25
1 1 3 27
1 1 3 34
1 1 3 35
1 1 35 40
1 1 35 41
# 41 : 3 -> 7
#c 0 1 7 3 4 5 6 7 5 1 6 3 4 5 6 7 4 6 2 3 4 5 6 7 0 3 2 3 4 5 6 7 0 5 3 3 4 5 6 7 3 7 6
3 8 0 24 32 3 11 19 25 27 34 35 40
2 8 18 26 3 11 19 25 27 34 35 40
2 6 18 26 4 12 16 20 28 36
2 7 18 26 5 8 13 21 29 33 37
2 8 18 26 6 10 14 17 22 30 38 42
6 7 4 12 16 20 28 36 2 7 15 23 31 39 41
2 7 18 26 2 7 15 23 31 39 41
# 26 : 2 -> 7
#c 0 1 7 3 4 5 6 7 5 1 6 3 4 5 6 7 4 6 2 3 4 5 6 7 0 3 7 3 4 5 6 7 0 5 3 3 4 5 6 7 3 7 6
3 1 0 24 32 18
2 1 1 9 18
1 8 18 3 11 19 25 27 34 35 40
2 8 1 9 3 11 19 25 27 34 35 40
1 6 18 4 12 16 20 28 36
1 7 18 5 8 13 21 29 33 37
2 7 1 9 5 8 13 21 29 33 37
1 8 18 6 10 14 17 22 30 38 42
2 8 1 9 6 10 14 17 22 30 38 42
1 8 18 2 7 15 23 26 31 39 41
2 8 1 9 2 7 15 23 26 31 39 41
1 1 2 7
1 1 7 15
1 1 7 23
1 1 7 26
1 1 7 31
1 1 7 39
1 1 39 41
# 39 : 7 -> 2
#c 0 1 7 3 4 5 6 7 5 1 6 3 4 5 6 7 4 6 2 3 4 5 6 7 0 3 7 3 4 5 6 7 0 5 3 3 4 5 6 2 3 7 6
3 2 0 24 32 18 39
2 2 1 9 18 39
2 8 18 39 3 11 19 25 27 34 35 40
2 6 18 39 4 12 16 20 28 36
2 7 18 39 5 8 13 21 29 33 37
2 8 18 39 6 10 14 17 22 30 38 42
2 7 18 39 2 7 15 23 26 31 41
2 7 1 9 2 7 15 23 26 31 41
1 1 7 41
# 41 : 7 -> 2
#c 0 1 7 3 4 5 6 7 5 1 6 3 4 5 6 7 4 6 2 3 4 5 6 7 0 3 7 3 4 5 6 7 0 5 3 3 4 5 6 2 3 2 6
3 3 0 24 32 18 39 41
2 3 1 9 18 39 41
3 8 18 39 41 3 11 19 25 27 34 35 40
3 6 18 39 41 4 12 16 20 28 36
3 7 18 39 41 5 8 13 21 29 33 37
3 8 18 39 41 6 10 14 17 22 30 38 42
3 6 18 39 41 2 7 15 23 26 31
2 6 1 9 2 7 15 23 26 31
# 7 : 7 -> 2
#c 0 1 7 3 4 5 6 2 5 1 6 3 4 5 6 7 4 6 2 3 4 5 6 7 0 3 7 3 4 5 6 7 0 5 3 3 4 5 6 2 3 2 6
3 4 0 24 32 7 18 39 41
2 4 1 9 7 18 39 41
4 8 7 18 39 41 3 11 19 25 27 34 35 40
4 6 7 18 39 41 4 12 16 20 28 36
4 7 7 18 39 41 5 8 13 21 29 33 37
4 8 7 18 39 41 6 10 14 17 22 30 38 42
4 5 7 18 39 41 2 15 23 26 31
2 5 1 9 2 15 23 26 31
1 1 2 15
1 1 15 23
1 1 23 26
1 1 23 31
# 23 : 7 -> 2
#c 0 1 7 3 4 5 6 2 5 1 6 3 4 5 6 7 4 6 2 3 4 5 6 2 0 3 7 3 4 5 6 7 0 5 3 3 4 5 6 2 3 2 6
3 5 0 24 32 7 18 23 39 41
2 5 1 9 7 18 23 39 41
5 8 7 18 23 39 41 3 11 19 25 27 34 35 40
5 6 7 18 23 39 41 4 12 16 20 28 36
5 7 7 18 23 39 41 5 8 13 21 29 33 37
5 8 7 18 23 39 41 6 10 14 17 22 30 38 42
5 4 7 18 23 39 41 2 15 26 31
2 4 1 9 2 15 26 31
1 1 15 26
1 1 15 31
# 15 : 7 -> 2
#c 0 1 7 3 4 5 6 2 5 1 6 3 4 5 6 2 4 6 2 3 4 5 6 2 0 3 7 3 4 5 6 7 0 5 3 3 4 5 6 2 3 2 6
3 6 0 24 32 7 15 18 23 39 41
2 6 1 9 7 15 18 23 39 41
6 3 4 12 16 20 28 36 2 26 31
2 3 1 9 2 26 31
# 1 : 1 -> 4
#c 0 4 7 3 4 5 6 2 5 1 6 3 4 5 6 2 4 6 2 3 4 5 6 2 0 3 7 3 4 5 6 7 0 5 3 3 4 5 6 2 3 2 6
3 1 0 24 32 9
1 6 9 7 15 18 23 39 41
1 8 9 3 11 19 25 27 34 35 40
6 8 7 15 18 23 39 41 3 11 19 25 27 34 35 40
1 7 9 1 4 12 16 20 28 36
6 7 7 15 18 23 39 41 1 4 12 16 20 28 36
1 7 9 5 8 13 21 29 33 37
7 7 1 4 12 16 20 28 36 5 8 13 21 29 33 37
1 8 9 6 10 14 17 22 30 38 42
7 8 1 4 12 16 20 28 36 6 10 14 17 22 30 38 42
1 3 9 2 26 31
7 3 1 4 12 16 20 28 36 2 26 31
1 1 1 4
1 1 4 12
1 1 12 16
1 1 12 20
1 1 12 28
1 1 28 36
# 36 : 4 -> 1
#c 0 4 7 3 4 5 6 2 5 1 6 3 4 5 6 2 4 6 2 3 4 5 6 2 0 3 7 3 4 5 6 7 0 5 3 3 1 5 6 2 3 2 6
3 2 0 24 32 9 36
2 6 9 36 7 15 18 23 39 41
2 8 9 36 3 11 19 25 27 34 35 40
2 6 9 36 1 4 12 16 20 28
6 6 7 15 18 23 39 41 1 4 12 16 20 28
2 7 9 36 5 8 13 21 29 33 37
6 7 1 4 12 16 20 28 5 8 13 21 29 33 37
2 8 9 36 6 10 14 17 22 30 38 42
6 8 1 4 12 16 20 28 6 10 14 17 22 30 38 42
2 3 9 36 2 26 31
6 3 1 4 12 16 20 28 2 26 31
# 28 : 4 -> 1
#c 0 4 7 3 4 5 6 2 5 1 6 3 4 5 6 2 4 6 2 3 4 5 6 2 0 3 7 3 1 5 6 7 0 5 3 3 1 5 6 2 3 2 6
3 3 0 24 32 9 28 36
3 6 9 28 36 7 15 18 23 39 41
3 8 9 28 36 3 11 19 25 27 34 35 40
3 5 9 28 36 1 4 12 16 20
6 5 7 15 18 23 39 41 1 4 12 16 20
3 7 9 28 36 5 8 13 21 29 33 37
5 7 1 4 12 16 20 5 8 13 21 29 33 37
3 8 9 28 36 6 10 14 17 22 30 38 42
5 8 1 4 12 16 20 6 10 14 17 22 30 38 42
3 3 9 28 36 2 26 31
5 3 1 4 12 16 20 2 26 31
# 12 : 4 -> 1
#c 0 4 7 3 4 5 6 2 5 1 6 3 1 5 6 2 4 6 2 3 4 5 6 2 0 3 7 3 1 5 6 7 0 5 3 3 1 5 6 2 3 2 6
3 4 0 24 32 9 12 28 36
4 6 9 12 28 36 7 15 18 23 39 41
4 8 9 12 28 36 3 11 19 25 27 34 35 40
4 4 9 12 28 36 1 4 16 20
6 4 7 15 18 23 39 41 1 4 16 20
4 7 9 12 28 36 5 8 13 21 29 33 37
4 7 1 4 16 20 5 8 13 21 29 33 37
4 8 9 12 28 36 6 10 14 17 22 30 38 42
4 8 1 4 16 20 6 10 14 17 22 30 38 42
4 3 9 12 28 36 2 26 31
4 3 1 4 16 20 2 26 31
1 1 4 16
1 1 4 20
# 4 : 4 -> 1
#c 0 4 7 3 1 5 6 2 5 1 6 3 1 5 6 2 4 6 2 3 4 5 6 2 0 3 7 3 1 5 6 7 0 5 3 3 1 5 6 2 3 2 6
3 5 0 24 32 4 9 12 28 36
5 6 4 9 12 28 36 7 15 18 23 39 41
5 8 4 9 12 28 36 3 11 19 25 27 34 35 40
5 3 4 9 12 28 36 1 16 20
6 3 7 15 18 23 39 41 1 16 20
5 7 4 9 12 28 36 5 8 13 21 29 33 37
3 7 1 16 20 5 8 13 21 29 33 37
5 8 4 9 12 28 36 6 10 14 17 22 30 38 42
3 8 1 16 20 6 10 14 17 22 30 38 42
5 3 4 9 12 28 36 2 26 31
3 3 1 16 20 2 26 31
1 1 1 16
1 1 16 20
# 16 : 4 -> 1
#c 0 4 7 3 1 5 6 2 5 1 6 3 1 5 6 2 1 6 2 3 4 5 6 2 0 3 7 3 1 5 6 7 0 5 3 3 1 5 6 2 3 2 6
3 6 0 24 32 4 9 12 16 28 36
6 6 4 9 12 16 28 36 7 15 18 23 39 41
6 8 4 9 12 16 28 36 3 11 19 25 27 34 35 40
6 2 4 9 12 16 28 36 1 20
6 2 7 15 18 23 39 41 1 20
2 7 1 20 5 8 13 21 29 33 37
6 7 7 15 18 23 39 41 5 8 13 21 29 33 37
2 8 1 20 6 10 14 17 22 30 38 42
6 8 7 15 18 23 39 41 6 10 14 17 22 30 38 42
2 3 1 20 2 26 31
6 3 7 15 18 23 39 41 2 26 31
1 1 7 18
# 39 : 2 -> 7
#c 0 4 7 3 1 5 6 2 5 1 6 3 1 5 6 2 1 6 2 3 4 5 6 2 0 3 7 3 1 5 6 7 0 5 3 3 1 5 6 7 3 2 6
6 5 4 9 12 16 28 36 7 15 18 23 41
3 5 0 24 32 7 15 18 23 41
5 8 7 15 18 23 41 3 11 19 25 27 34 35 40
8 2 3 11 19 25 27 34 35 40 1 20
8 7 3 11 19 25 27 34 35 40 5 8 13 21 29 33 37
8 8 3 11 19 25 27 34 35 40 6 10 14 17 22 30 38 42
2 4 1 20 2 26 31 39
8 4 3 11 19 25 27 34 35 40 2 26 31 39
# 35 : 3 -> 7
#c 0 4 7 3 1 5 6 2 5 1 6 3 1 5 6 2 1 6 2 3 4 5 6 2 0 3 7 3 1 5 6 7 0 5 3 7 1 5 6 7 3 2 6
6 7 4 9 12 16 28 36 3 11 19 25 27 34 40
5 7 7 15 18 23 41 3 11 19 25 27 34 40
7 2 3 11 19 25 27 34 40 1 20
5 2 7 15 18 23 41 1 20
5 7 7 15 18 23 41 5 8 13 21 29 33 37
5 8 7 15 18 23 41 6 10 14 17 22 30 38 42
2 5 1 20 2 26 31 35 39
5 5 7 15 18 23 41 2 26 31 35 39
# 41 : 2 -> 4
#c 0 4 7 3 1 5 6 2 5 1 6 3 1 5 6 2 1 6 2 3 4 5 6 2 0 3 7 3 1 5 6 7 0 5 3 7 1 5 6 7 3 4 6
6 4 4 9 12 16 28 36 7 15 18 23
3 4 0 24 32 7 15 18 23
4 7 7 15 18 23 3 11 19 25 27 34 40
3 7 0 24 32 3 11 19 25 27 34 40
7 3 3 11 19 25 27 34 40 1 20 41
3 3 0 24 32 1 20 41
3 7 1 20 41 5 8 13 21 29 33 37
3 7 0 24 32 5 8 13 21 29 33 37
3 8 1 20 41 6 10 14 17 22 30 38 42
3 8 0 24 32 6 10 14 17 22 30 38 42
3 5 1 20 41 2 26 31 35 39
3 5 0 24 32 2 26 31 35 39
1 1 0 24
1 1 24 32
# 32 : 0 -> 7
#c 0 4 7 3 1 5 6 2 5 1 6 3 1 5 6 2 1 6 2 3 4 5 6 2 0 3 7 3 1 5 6 7 7 5 3 7 1 5 6 7 3 4 6
2 6 0 24 4 9 12 16 28 36
2 4 0 24 7 15 18 23
2 7 0 24 3 11 19 25 27 34 40
2 3 0 24 1 20 41
6 3 4 9 12 16 28 36 1 20 41
2 7 0 24 5 8 13 21 29 33 37
6 7 4 9 12 16 28 36 5 8 13 21 29 33 37
2 8 0 24 6 10 14 17 22 30 38 42
6 8 4 9 12 16 28 36 6 10 14 17 22 30 38 42
2 6 0 24 2 26 31 32 35 39
6 6 4 9 12 16 28 36 2 26 31 32 35 39
1 1 2 31
1 1 2 32
1 1 2 35
1 1 35 39
# 39 : 7 -> 0
#c 0 4 7 3 1 5 6 2 5 1 6 3 1 5 6 2 1 6 2 3 4 5 6 2 0 3 7 3 1 5 6 7 7 5 3 7 1 5 6 0 3 4 6
3 6 0 24 39 4 9 12 16 28 36
3 4 0 24 39 7 15 18 23
3 7 0 24 39 3 11 19 25 27 34 40
3 3 0 24 39 1 20 41
3 7 0 24 39 5 8 13 21 29 33 37
3 8 0 24 39 6 10 14 17 22 30 38 42
3 5 0 24 39 2 26 31 32 35
6 5 4 9 12 16 28 36 2 26 31 32 35
# 35 : 7 -> 0
#c 0 4 7 3 1 5 6 2 5 1 6 3 1 5 6 2 1 6 2 3 4 5 6 2 0 3 7 3 1 5 6 7 7 5 3 0 1 5 6 0 3 4 6
4 6 0 24 35 39 4 9 12 16 28 36
4 4 0 24 35 39 7 15 18 23
4 7 0 24 35 39 3 11 19 25 27 34 40
4 3 0 24 35 39 1 20 41
4 7 0 24 35 39 5 8 13 21 29 33 37
4 8 0 24 35 39 6 10 14 17 22 30 38 42
4 4 0 24 35 39 2 26 31 32
6 4 4 9 12 16 28 36 2 26 31 32
# 2 : 7 -> 0
#c 0 4 0 3 1 5 6 2 5 1 6 3 1 5 6 2 1 6 2 3 4 5 6 2 0 3 7 3 1 5 6 7 7 5 3 0 1 5 6 0 3 4 6
5 6 0 2 24 35 39 4 9 12 16 28 36
5 4 0 2 24 35 39 7 15 18 23
5 7 0 2 24 35 39 3 11 19 25 27 34 40
5 3 0 2 24 35 39 1 20 41
5 7 0 2 24 35 39 5 8 13 21 29 33 37
5 8 0 2 24 35 39 6 10 14 17 22 30 38 42
3 3 1 20 41 26 31 32
5 3 0 2 24 35 39 26 31 32
1 1 0 2
1 1 2 24
# 39 : 0 -> 7
#c 0 4 0 3 1 5 6 2 5 1 6 3 1 5 6 2 1 6 2 3 4 5 6 2 0 3 7 3 1 5 6 7 7 5 3 0 1 5 6 7 3 4 6
4 6 0 2 24 35 4 9 12 16 28 36
4 4 0 2 24 35 7 15 18 23
4 7 0 2 24 35 3 11 19 25 27 34 40
4 3 0 2 24 35 1 20 41
4 7 0 2 24 35 5 8 13 21 29 33 37
4 8 0 2 24 35 6 10 14 17 22 30 38 42
3 4 1 20 41 26 31 32 39
4 4 0 2 24 35 26 31 32 39
# 35 : 0 -> 7
#c 0 4 0 3 1 5 6 2 5 1 6 3 1 5 6 2 1 6 2 3 4 5 6 2 0 3 7 3 1 5 6 7 7 5 3 7 1 5 6 7 3 4 6
3 6 0 2 24 4 9 12 16 28 36
3 4 0 2 24 7 15 18 23
3 7 0 2 24 3 11 19 25 27 34 40
3 3 0 2 24 1 20 41
3 7 0 2 24 5 8 13 21 29 33 37
3 8 0 2 24 6 10 14 17 22 30 38 42
3 5 1 20 41 26 31 32 35 39
3 5 0 2 24 26 31 32 35 39
# 2 : 0 -> 4
#c 0 4 4 3 1 5 6 2 5 1 6 3 1 5 6 2 1 6 2 3 4 5 6 2 0 3 7 3 1 5 6 7 7 5 3 7 1 5 6 7 3 4 6
2 4 0 24 1 2 20 41
0 4 0 3 1 5 6 2 5 1 6 3 1 5 6 2 1 6 2 3 4 5 6 2 0 3 7 3 1 5 6 7 7 5 3 7 1 5 6 7 3 4 6
#c 0 1 2 3 4 5 6 7 0 0 0 0 0 0 0 0 0 0 0 0 0 0 0 0 0 0 0 0 0 0 0 0 0 0 0 0 0 0 0 0 0 0 0
#c 0 1 2 3 4 5 6 7 0 0 0 0 0 0 0 0 0 0 0 0 0 0 0 0 0 0 0 0 0 0 0 0 0 0 0 0 0 0 0 0 0 0 0
36 1 0 8 9 10 11 12 13 14 15 16 17 18 19 20 21 22 23 24 25 26 27 28 29 30 31 32 33 34 35 36 37 38 39 40 41 42 1
1 1 1 2
36 1 0 8 9 10 11 12 13 14 15 16 17 18 19 20 21 22 23 24 25 26 27 28 29 30 31 32 33 34 35 36 37 38 39 40 41 42 2
1 1 2 3
36 1 0 8 9 10 11 12 13 14 15 16 17 18 19 20 21 22 23 24 25 26 27 28 29 30 31 32 33 34 35 36 37 38 39 40 41 42 3
1 1 3 4
36 1 0 8 9 10 11 12 13 14 15 16 17 18 19 20 21 22 23 24 25 26 27 28 29 30 31 32 33 34 35 36 37 38 39 40 41 42 4
1 1 3 5
36 1 0 8 9 10 11 12 13 14 15 16 17 18 19 20 21 22 23 24 25 26 27 28 29 30 31 32 33 34 35 36 37 38 39 40 41 42 5
1 1 3 6
36 1 0 8 9 10 11 12 13 14 15 16 17 18 19 20 21 22 23 24 25 26 27 28 29 30 31 32 33 34 35 36 37 38 39 40 41 42 6
1 1 3 7
36 1 0 8 9 10 11 12 13 14 15 16 17 18 19 20 21 22 23 24 25 26 27 28 29 30 31 32 33 34 35 36 37 38 39 40 41 42 7
1 1 0 8
1 1 8 9
1 1 8 10
1 1 8 11
1 1 8 12
1 1 12 13
1 1 12 14
1 1 12 15
1 1 12 16
1 1 12 17
1 1 12 18
1 1 12 19
1 1 12 20
1 1 12 21
1 1 21 22
1 1 22 23
1 1 22 24
1 1 22 25
1 1 22 26
1 1 22 27
1 1 22 28
1 1 22 29
1 1 29 30
1 1 29 31
1 1 29 32
1 1 29 33
1 1 29 34
1 1 29 35
1 1 29 36
1 1 29 37
1 1 29 38
1 1 29 39
1 1 29 40
1 1 29 41
1 1 29 42
# 29 : 0 -> 3
#c 0 1 2 3 4 5 6 7 0 0 0 0 0 0 0 0 0 0 0 0 0 0 0 0 0 0 0 0 0 3 0 0 0 0 0 0 0 0 0 0 0 0 0
35 1 0 8 9 10 11 12 13 14 15 16 17 18 19 20 21 22 23 24 25 26 27 28 30 31 32 33 34 35 36 37 38 39 40 41 42 1
35 1 0 8 9 10 11 12 13 14 15 16 17 18 19 20 21 22 23 24 25 26 27 28 30 31 32 33 34 35 36 37 38 39 40 41 42 2
1 2 2 3 29
35 2 0 8 9 10 11 12 13 14 15 16 17 18 19 20 21 22 23 24 25 26 27 28 30 31 32 33 34 35 36 37 38 39 40 41 42 3 29
2 1 3 29 4
35 1 0 8 9 10 11 12 13 14 15 16 17 18 19 20 21 22 23 24 25 26 27 28 30 31 32 33 34 35 36 37 38 39 40 41 42 4
2 1 3 29 5
35 1 0 8 9 10 11 12 13 14 15 16 17 18 19 20 21 22 23 24 25 26 27 28 30 31 32 33 34 35 36 37 38 39 40 41 42 5
2 1 3 29 6
35 1 0 8 9 10 11 12 13 14 15 16 17 18 19 20 21 22 23 24 25 26 27 28 30 31 32 33 34 35 36 37 38 39 40 41 42 6
1 1 6 7
35 1 0 8 9 10 11 12 13 14 15 16 17 18 19 20 21 22 23 24 25 26 27 28 30 31 32 33 34 35 36 37 38 39 40 41 42 7
1 1 22 30
1 1 30 31
1 1 30 32
1 1 30 33
1 1 30 34
1 1 30 35
1 1 30 36
1 1 36 37
1 1 36 38
1 1 36 39
1 1 36 40
1 1 36 41
1 1 36 42
# 36 : 0 -> 7
#c 0 1 2 3 4 5 6 7 0 0 0 0 0 0 0 0 0 0 0 0 0 0 0 0 0 0 0 0 0 3 0 0 0 0 0 0 7 0 0 0 0 0 0
34 1 0 8 9 10 11 12 13 14 15 16 17 18 19 20 21 22 23 24 25 26 27 28 30 31 32 33 34 35 37 38 39 40 41 42 1
34 1 0 8 9 10 11 12 13 14 15 16 17 18 19 20 21 22 23 24 25 26 27 28 30 31 32 33 34 35 37 38 39 40 41 42 2
34 2 0 8 9 10 11 12 13 14 15 16 17 18 19 20 21 22 23 24 25 26 27 28 30 31 32 33 34 35 37 38 39 40 41 42 3 29
34 1 0 8 9 10 11 12 13 14 15 16 17 18 19 20 21 22 23 24 25 26 27 28 30 31 32 33 34 35 37 38 39 40 41 42 4
34 1 0 8 9 10 11 12 13 14 15 16 17 18 19 20 21 22 23 24 25 26 27 28 30 31 32 33 34 35 37 38 39 40 41 42 5
34 1 0 8 9 10 11 12 13 14 15 16 17 18 19 20 21 22 23 24 25 26 27 28 30 31 32 33 34 35 37 38 39 40 41 42 6
1 2 6 7 36
34 2 0 8 9 10 11 12 13 14 15 16 17 18 19 20 21 22 23 24 25 26 27 28 30 31 32 33 34 35 37 38 39 40 41 42 7 36
1 1 30 37
1 1 30 38
1 1 30 39
1 1 39 40
1 1 39 41
1 1 39 42
# 39 : 0 -> 6
#c 0 1 2 3 4 5 6 7 0 0 0 0 0 0 0 0 0 0 0 0 0 0 0 0 0 0 0 0 0 3 0 0 0 0 0 0 7 0 0 6 0 0 0
33 1 0 8 9 10 11 12 13 14 15 16 17 18 19 20 21 22 23 24 25 26 27 28 30 31 32 33 34 35 37 38 40 41 42 1
33 1 0 8 9 10 11 12 13 14 15 16 17 18 19 20 21 22 23 24 25 26 27 28 30 31 32 33 34 35 37 38 40 41 42 2
33 2 0 8 9 10 11 12 13 14 15 16 17 18 19 20 21 22 23 24 25 26 27 28 30 31 32 33 34 35 37 38 40 41 42 3 29
33 1 0 8 9 10 11 12 13 14 15 16 17 18 19 20 21 22 23 24 25 26 27 28 30 31 32 33 34 35 37 38 40 41 42 4
33 1 0 8 9 10 11 12 13 14 15 16 17 18 19 20 21 22 23 24 25 26 27 28 30 31 32 33 34 35 37 38 40 41 42 5
2 2 3 29 6 39
33 2 0 8 9 10 11 12 13 14 15 16 17 18 19 20 21 22 23 24 25 26 27 28 30 31 32 33 34 35 37 38 40 41 42 6 39
2 2 3 29 7 36
33 2 0 8 9 10 11 12 13 14 15 16 17 18 19 20 21 22 23 24 25 26 27 28 30 31 32 33 34 35 37 38 40 41 42 7 36
1 1 30 40
1 1 30 41
1 1 41 42
# 41 : 0 -> 3
#c 0 1 2 3 4 5 6 7 0 0 0 0 0 0 0 0 0 0 0 0 0 0 0 0 0 0 0 0 0 3 0 0 0 0 0 0 7 0 0 6 0 3 0
32 1 0 8 9 10 11 12 13 14 15 16 17 18 19 20 21 22 23 24 25 26 27 28 30 31 32 33 34 35 37 38 40 42 1
32 1 0 8 9 10 11 12 13 14 15 16 17 18 19 20 21 22 23 24 25 26 27 28 30 31 32 33 34 35 37 38 40 42 2
1 3 2 3 29 41
32 3 0 8 9 10 11 12 13 14 15 16 17 18 19 20 21 22 23 24 25 26 27 28 30 31 32 33 34 35 37 38 40 42 3 29 41
3 1 3 29 41 4
32 1 0 8 9 10 11 12 13 14 15 16 17 18 19 20 21 22 23 24 25 26 27 28 30 31 32 33 34 35 37 38 40 42 4
3 1 3 29 41 5
32 1 0 8 9 10 11 12 13 14 15 16 17 18 19 20 21 22 23 24 25 26 27 28 30 31 32 33 34 35 37 38 40 42 5
3 2 3 29 41 6 39
32 2 0 8 9 10 11 12 13 14 15 16 17 18 19 20 21 22 23 24 25 26 27 28 30 31 32 33 34 35 37 38 40 42 6 39
2 2 6 39 7 36
32 2 0 8 9 10 11 12 13 14 15 16 17 18 19 20 21 22 23 24 25 26 27 28 30 31 32 33 34 35 37 38 40 42 7 36
1 1 30 42
# 30 : 0 -> 7
#c 0 1 2 3 4 5 6 7 0 0 0 0 0 0 0 0 0 0 0 0 0 0 0 0 0 0 0 0 0 3 7 0 0 0 0 0 7 0 0 6 0 3 0
31 1 0 8 9 10 11 12 13 14 15 16 17 18 19 20 21 22 23 24 25 26 27 28 31 32 33 34 35 37 38 40 42 1
31 1 0 8 9 10 11 12 13 14 15 16 17 18 19 20 21 22 23 24 25 26 27 28 31 32 33 34 35 37 38 40 42 2
31 3 0 8 9 10 11 12 13 14 15 16 17 18 19 20 21 22 23 24 25 26 27 28 31 32 33 34 35 37 38 40 42 3 29 41
31 1 0 8 9 10 11 12 13 14 15 16 17 18 19 20 21 22 23 24 25 26 27 28 31 32 33 34 35 37 38 40 42 4
31 1 0 8 9 10 11 12 13 14 15 16 17 18 19 20 21 22 23 24 25 26 27 28 31 32 33 34 35 37 38 40 42 5
31 2 0 8 9 10 11 12 13 14 15 16 17 18 19 20 21 22 23 24 25 26 27 28 31 32 33 34 35 37 38 40 42 6 39
2 3 6 39 7 30 36
31 3 0 8 9 10 11 12 13 14 15 16 17 18 19 20 21 22 23 24 25 26 27 28 31 32 33 34 35 37 38 40 42 7 30 36
1 1 22 31
1 1 22 32
1 1 22 33
1 1 22 34
1 1 22 35
1 1 22 37
1 1 22 38
1 1 22 40
1 1 22 42
# 22 : 0 -> 6
#c 0 1 2 3 4 5 6 7 0 0 0 0 0 0 0 0 0 0 0 0 0 0 6 0 0 0 0 0 0 3 7 0 0 0 0 0 7 0 0 6 0 3 0
30 1 0 8 9 10 11 12 13 14 15 16 17 18 19 20 21 23 24 25 26 27 28 31 32 33 34 35 37 38 40 42 1
30 1 0 8 9 10 11 12 13 14 15 16 17 18 19 20 21 23 24 25 26 27 28 31 32 33 34 35 37 38 40 42 2
30 3 0 8 9 10 11 12 13 14 15 16 17 18 19 20 21 23 24 25 26 27 28 31 32 33 34 35 37 38 40 42 3 29 41
30 1 0 8 9 10 11 12 13 14 15 16 17 18 19 20 21 23 24 25 26 27 28 31 32 33 34 35 37 38 40 42 4
30 1 0 8 9 10 11 12 13 14 15 16 17 18 19 20 21 23 24 25 26 27 28 31 32 33 34 35 37 38 40 42 5
3 3 3 29 41 6 22 39
30 3 0 8 9 10 11 12 13 14 15 16 17 18 19 20 21 23 24 25 26 27 28 31 32 33 34 35 37 38 40 42 6 22 39
3 3 3 29 41 7 30 36
30 3 0 8 9 10 11 12 13 14 15 16 17 18 19 20 21 23 24 25 26 27 28 31 32 33 34 35 37 38 40 42 7 30 36
1 1 21 23
1 1 21 24
1 1 21 25
1 1 25 26
1 1 25 27
1 1 25 28
1 1 25 31
1 1 25 32
1 1 25 33
1 1 25 34
1 1 25 35
1 1 35 37
1 1 35 38
1 1 35 40
1 1 35 42
# 35 : 0 -> 3
#c 0 1 2 3 4 5 6 7 0 0 0 0 0 0 0 0 0 0 0 0 0 0 6 0 0 0 0 0 0 3 7 0 0 0 0 3 7 0 0 6 0 3 0
29 1 0 8 9 10 11 12 13 14 15 16 17 18 19 20 21 23 24 25 26 27 28 31 32 33 34 37 38 40 42 1
29 1 0 8 9 10 11 12 13 14 15 16 17 18 19 20 21 23 24 25 26 27 28 31 32 33 34 37 38 40 42 2
1 4 2 3 29 35 41
29 4 0 8 9 10 11 12 13 14 15 16 17 18 19 20 21 23 24 25 26 27 28 31 32 33 34 37 38 40 42 3 29 35 41
4 1 3 29 35 41 4
29 1 0 8 9 10 11 12 13 14 15 16 17 18 19 20 21 23 24 25 26 27 28 31 32 33 34 37 38 40 42 4
4 1 3 29 35 41 5
29 1 0 8 9 10 11 12 13 14 15 16 17 18 19 20 21 23 24 25 26 27 28 31 32 33 34 37 38 40 42 5
4 3 3 29 35 41 6 22 39
29 3 0 8 9 10 11 12 13 14 15 16 17 18 19 20 21 23 24 25 26 27 28 31 32 33 34 37 38 40 42 6 22 39
3 3 6 22 39 7 30 36
29 3 0 8 9 10 11 12 13 14 15 16 17 18 19 20 21 23 24 25 26 27 28 31 32 33 34 37 38 40 42 7 30 36
1 1 25 37
1 1 25 38
1 1 25 40
1 1 25 42
# 25 : 0 -> 7
#c 0 1 2 3 4 5 6 7 0 0 0 0 0 0 0 0 0 0 0 0 0 0 6 0 0 7 0 0 0 3 7 0 0 0 0 3 7 0 0 6 0 3 0
28 1 0 8 9 10 11 12 13 14 15 16 17 18 19 20 21 23 24 26 27 28 31 32 33 34 37 38 40 42 1
28 1 0 8 9 10 11 12 13 14 15 16 17 18 19 20 21 23 24 26 27 28 31 32 33 34 37 38 40 42 2
28 4 0 8 9 10 11 12 13 14 15 16 17 18 19 20 21 23 24 26 27 28 31 32 33 34 37 38 40 42 3 29 35 41
28 1 0 8 9 10 11 12 13 14 15 16 17 18 19 20 21 23 24 26 27 28 31 32 33 34 37 38 40 42 4
28 1 0 8 9 10 11 12 13 14 15 16 17 18 19 20 21 23 24 26 27 28 31 32 33 34 37 38 40 42 5
28 3 0 8 9 10 11 12 13 14 15 16 17 18 19 20 21 23 24 26 27 28 31 32 33 34 37 38 40 42 6 22 39
3 4 6 22 39 7 25 30 36
28 4 0 8 9 10 11 12 13 14 15 16 17 18 19 20 21 23 24 26 27 28 31 32 33 34 37 38 40 42 7 25 30 36
1 1 21 26
1 1 21 27
1 1 21 28
1 1 21 31
1 1 21 32
1 1 21 33
1 1 21 34
1 1 21 37
1 1 21 38
1 1 21 40
1 1 21 42
# 21 : 0 -> 6
#c 0 1 2 3 4 5 6 7 0 0 0 0 0 0 0 0 0 0 0 0 0 6 6 0 0 7 0 0 0 3 7 0 0 0 0 3 7 0 0 6 0 3 0
27 1 0 8 9 10 11 12 13 14 15 16 17 18 19 20 23 24 26 27 28 31 32 33 34 37 38 40 42 1
27 1 0 8 9 10 11 12 13 14 15 16 17 18 19 20 23 24 26 27 28 31 32 33 34 37 38 40 42 2
27 4 0 8 9 10 11 12 13 14 15 16 17 18 19 20 23 24 26 27 28 31 32 33 34 37 38 40 42 3 29 35 41
27 1 0 8 9 10 11 12 13 14 15 16 17 18 19 20 23 24 26 27 28 31 32 33 34 37 38 40 42 4
27 1 0 8 9 10 11 12 13 14 15 16 17 18 19 20 23 24 26 27 28 31 32 33 34 37 38 40 42 5
4 4 3 29 35 41 6 21 22 39
27 4 0 8 9 10 11 12 13 14 15 16 17 18 19 20 23 24 26 27 28 31 32 33 34 37 38 40 42 6 21 22 39
4 4 3 29 35 41 7 25 30 36
27 4 0 8 9 10 11 12 13 14 15 16 17 18 19 20 23 24 26 27 28 31 32 33 34 37 38 40 42 7 25 30 36
1 1 12 23
1 1 23 24
1 1 23 26
1 1 23 27
1 1 23 28
1 1 23 31
1 1 23 32
1 1 23 33
1 1 23 34
1 1 23 37
1 1 23 38
1 1 23 40
1 1 23 42
# 42 : 0 -> 3
#c 0 1 2 3 4 5 6 7 0 0 0 0 0 0 0 0 0 0 0 0 0 6 6 0 0 7 0 0 0 3 7 0 0 0 0 3 7 0 0 6 0 3 3
26 1 0 8 9 10 11 12 13 14 15 16 17 18 19 20 23 24 26 27 28 31 32 33 34 37 38 40 1
26 1 0 8 9 10 11 12 13 14 15 16 17 18 19 20 23 24 26 27 28 31 32 33 34 37 38 40 2
1 5 2 3 29 35 41 42
26 5 0 8 9 10 11 12 13 14 15 16 17 18 19 20 23 24 26 27 28 31 32 33 34 37 38 40 3 29 35 41 42
5 1 3 29 35 41 42 4
26 1 0 8 9 10 11 12 13 14 15 16 17 18 19 20 23 24 26 27 28 31 32 33 34 37 38 40 4
1 1 4 5
26 1 0 8 9 10 11 12 13 14 15 16 17 18 19 20 23 24 26 27 28 31 32 33 34 37 38 40 5
1 4 4 6 21 22 39
26 4 0 8 9 10 11 12 13 14 15 16 17 18 19 20 23 24 26 27 28 31 32 33 34 37 38 40 6 21 22 39
4 4 6 21 22 39 7 25 30 36
26 4 0 8 9 10 11 12 13 14 15 16 17 18 19 20 23 24 26 27 28 31 32 33 34 37 38 40 7 25 30 36
# 23 : 0 -> 7
#c 0 1 2 3 4 5 6 7 0 0 0 0 0 0 0 0 0 0 0 0 0 6 6 7 0 7 0 0 0 3 7 0 0 0 0 3 7 0 0 6 0 3 3
25 1 0 8 9 10 11 12 13 14 15 16 17 18 19 20 24 26 27 28 31 32 33 34 37 38 40 1
25 1 0 8 9 10 11 12 13 14 15 16 17 18 19 20 24 26 27 28 31 32 33 34 37 38 40 2
25 5 0 8 9 10 11 12 13 14 15 16 17 18 19 20 24 26 27 28 31 32 33 34 37 38 40 3 29 35 41 42
25 1 0 8 9 10 11 12 13 14 15 16 17 18 19 20 24 26 27 28 31 32 33 34 37 38 40 4
25 1 0 8 9 10 11 12 13 14 15 16 17 18 19 20 24 26 27 28 31 32 33 34 37 38 40 5
25 4 0 8 9 10 11 12 13 14 15 16 17 18 19 20 24 26 27 28 31 32 33 34 37 38 40 6 21 22 39
4 5 6 21 22 39 7 23 25 30 36
25 5 0 8 9 10 11 12 13 14 15 16 17 18 19 20 24 26 27 28 31 32 33 34 37 38 40 7 23 25 30 36
1 1 12 24
1 1 12 26
1 1 12 27
1 1 12 28
1 1 28 31
1 1 28 32
1 1 28 33
1 1 28 34
1 1 28 37
1 1 28 38
1 1 38 40
# 38 : 0 -> 6
#c 0 1 2 3 4 5 6 7 0 0 0 0 0 0 0 0 0 0 0 0 0 6 6 7 0 7 0 0 0 3 7 0 0 0 0 3 7 0 6 6 0 3 3
24 1 0 8 9 10 11 12 13 14 15 16 17 18 19 20 24 26 27 28 31 32 33 34 37 40 1
24 1 0 8 9 10 11 12 13 14 15 16 17 18 19 20 24 26 27 28 31 32 33 34 37 40 2
24 5 0 8 9 10 11 12 13 14 15 16 17 18 19 20 24 26 27 28 31 32 33 34 37 40 3 29 35 41 42
24 1 0 8 9 10 11 12 13 14 15 16 17 18 19 20 24 26 27 28 31 32 33 34 37 40 4
24 1 0 8 9 10 11 12 13 14 15 16 17 18 19 20 24 26 27 28 31 32 33 34 37 40 5
1 5 4 6 21 22 38 39
24 5 0 8 9 10 11 12 13 14 15 16 17 18 19 20 24 26 27 28 31 32 33 34 37 40 6 21 22 38 39
1 5 4 7 23 25 30 36
24 5 0 8 9 10 11 12 13 14 15 16 17 18 19 20 24 26 27 28 31 32 33 34 37 40 7 23 25 30 36
1 1 28 40
# 40 : 0 -> 4
#c 0 1 2 3 4 5 6 7 0 0 0 0 0 0 0 0 0 0 0 0 0 6 6 7 0 7 0 0 0 3 7 0 0 0 0 3 7 0 6 6 4 3 3
23 1 0 8 9 10 11 12 13 14 15 16 17 18 19 20 24 26 27 28 31 32 33 34 37 1
23 1 0 8 9 10 11 12 13 14 15 16 17 18 19 20 24 26 27 28 31 32 33 34 37 2
23 5 0 8 9 10 11 12 13 14 15 16 17 18 19 20 24 26 27 28 31 32 33 34 37 3 29 35 41 42
5 2 3 29 35 41 42 4 40
23 2 0 8 9 10 11 12 13 14 15 16 17 18 19 20 24 26 27 28 31 32 33 34 37 4 40
5 1 3 29 35 41 42 5
23 1 0 8 9 10 11 12 13 14 15 16 17 18 19 20 24 26 27 28 31 32 33 34 37 5
5 5 3 29 35 41 42 6 21 22 38 39
23 5 0 8 9 10 11 12 13 14 15 16 17 18 19 20 24 26 27 28 31 32 33 34 37 6 21 22 38 39
5 5 3 29 35 41 42 7 23 25 30 36
23 5 0 8 9 10 11 12 13 14 15 16 17 18 19 20 24 26 27 28 31 32 33 34 37 7 23 25 30 36
# 28 : 0 -> 3
#c 0 1 2 3 4 5 6 7 0 0 0 0 0 0 0 0 0 0 0 0 0 6 6 7 0 7 0 0 3 3 7 0 0 0 0 3 7 0 6 6 4 3 3
22 1 0 8 9 10 11 12 13 14 15 16 17 18 19 20 24 26 27 31 32 33 34 37 1
22 1 0 8 9 10 11 12 13 14 15 16 17 18 19 20 24 26 27 31 32 33 34 37 2
1 6 2 3 28 29 35 41 42
22 6 0 8 9 10 11 12 13 14 15 16 17 18 19 20 24 26 27 31 32 33 34 37 3 28 29 35 41 42
6 2 3 28 29 35 41 42 4 40
22 2 0 8 9 10 11 12 13 14 15 16 17 18 19 20 24 26 27 31 32 33 34 37 4 40
2 1 4 40 5
22 1 0 8 9 10 11 12 13 14 15 16 17 18 19 20 24 26 27 31 32 33 34 37 5
2 5 4 40 6 21 22 38 39
22 5 0 8 9 10 11 12 13 14 15 16 17 18 19 20 24 26 27 31 32 33 34 37 6 21 22 38 39
5 5 6 21 22 38 39 7 23 25 30 36
22 5 0 8 9 10 11 12 13 14 15 16 17 18 19 20 24 26 27 31 32 33 34 37 7 23 25 30 36
1 1 12 31
1 1 12 32
1 1 12 33
1 1 12 34
1 1 12 37
# 12 : 0 -> 7
#c 0 1 2 3 4 5 6 7 0 0 0 0 7 0 0 0 0 0 0 0 0 6 6 7 0 7 0 0 3 3 7 0 0 0 0 3 7 0 6 6 4 3 3
21 1 0 8 9 10 11 13 14 15 16 17 18 19 20 24 26 27 31 32 33 34 37 1
21 1 0 8 9 10 11 13 14 15 16 17 18 19 20 24 26 27 31 32 33 34 37 2
21 6 0 8 9 10 11 13 14 15 16 17 18 19 20 24 26 27 31 32 33 34 37 3 28 29 35 41 42
21 2 0 8 9 10 11 13 14 15 16 17 18 19 20 24 26 27 31 32 33 34 37 4 40
21 1 0 8 9 10 11 13 14 15 16 17 18 19 20 24 26 27 31 32 33 34 37 5
21 5 0 8 9 10 11 13 14 15 16 17 18 19 20 24 26 27 31 32 33 34 37 6 21 22 38 39
5 6 6 21 22 38 39 7 12 23 25 30 36
21 6 0 8 9 10 11 13 14 15 16 17 18 19 20 24 26 27 31 32 33 34 37 7 12 23 25 30 36
1 1 8 13
1 1 8 14
1 1 8 15
1 1 8 16
1 1 16 17
1 1 16 18
1 1 16 19
1 1 16 20
1 1 16 24
1 1 16 26
1 1 16 27
1 1 16 31
1 1 16 32
1 1 16 33
1 1 33 34
1 1 33 37
# 33 : 0 -> 6
#c 0 1 2 3 4 5 6 7 0 0 0 0 7 0 0 0 0 0 0 0 0 6 6 7 0 7 0 0 3 3 7 0 0 6 0 3 7 0 6 6 4 3 3
20 1 0 8 9 10 11 13 14 15 16 17 18 19 20 24 26 27 31 32 34 37 1
20 1 0 8 9 10 11 13 14 15 16 17 18 19 20 24 26 27 31 32 34 37 2
20 6 0 8 9 10 11 13 14 15 16 17 18 19 20 24 26 27 31 32 34 37 3 28 29 35 41 42
20 2 0 8 9 10 11 13 14 15 16 17 18 19 20 24 26 27 31 32 34 37 4 40
20 1 0 8 9 10 11 13 14 15 16 17 18 19 20 24 26 27 31 32 34 37 5
2 6 4 40 6 21 22 33 38 39
20 6 0 8 9 10 11 13 14 15 16 17 18 19 20 24 26 27 31 32 34 37 6 21 22 33 38 39
2 6 4 40 7 12 23 25 30 36
20 6 0 8 9 10 11 13 14 15 16 17 18 19 20 24 26 27 31 32 34 37 7 12 23 25 30 36
1 1 16 34
1 1 16 37
# 16 : 0 -> 4
#c 0 1 2 3 4 5 6 7 0 0 0 0 7 0 0 0 4 0 0 0 0 6 6 7 0 7 0 0 3 3 7 0 0 6 0 3 7 0 6 6 4 3 3
19 1 0 8 9 10 11 13 14 15 17 18 19 20 24 26 27 31 32 34 37 1
19 1 0 8 9 10 11 13 14 15 17 18 19 20 24 26 27 31 32 34 37 2
19 6 0 8 9 10 11 13 14 15 17 18 19 20 24 26 27 31 32 34 37 3 28 29 35 41 42
6 3 3 28 29 35 41 42 4 16 40
19 3 0 8 9 10 11 13 14 15 17 18 19 20 24 26 27 31 32 34 37 4 16 40
6 1 3 28 29 35 41 42 5
19 1 0 8 9 10 11 13 14 15 17 18 19 20 24 26 27 31 32 34 37 5
6 6 3 28 29 35 41 42 6 21 22 33 38 39
19 6 0 8 9 10 11 13 14 15 17 18 19 20 24 26 27 31 32 34 37 6 21 22 33 38 39
6 6 3 28 29 35 41 42 7 12 23 25 30 36
19 6 0 8 9 10 11 13 14 15 17 18 19 20 24 26 27 31 32 34 37 7 12 23 25 30 36
1 1 8 17
1 1 8 18
1 1 8 19
1 1 8 20
1 1 8 24
1 1 8 26
1 1 8 27
1 1 8 31
1 1 8 32
1 1 8 34
1 1 8 37
# 8 : 0 -> 3
#c 0 1 2 3 4 5 6 7 3 0 0 0 7 0 0 0 4 0 0 0 0 6 6 7 0 7 0 0 3 3 7 0 0 6 0 3 7 0 6 6 4 3 3
18 1 0 9 10 11 13 14 15 17 18 19 20 24 26 27 31 32 34 37 1
18 1 0 9 10 11 13 14 15 17 18 19 20 24 26 27 31 32 34 37 2
1 7 2 3 8 28 29 35 41 42
18 7 0 9 10 11 13 14 15 17 18 19 20 24 26 27 31 32 34 37 3 8 28 29 35 41 42
1 3 2 4 16 40
18 3 0 9 10 11 13 14 15 17 18 19 20 24 26 27 31 32 34 37 4 16 40
1 1 2 5
18 1 0 9 10 11 13 14 15 17 18 19 20 24 26 27 31 32 34 37 5
1 6 2 6 21 22 33 38 39
18 6 0 9 10 11 13 14 15 17 18 19 20 24 26 27 31 32 34 37 6 21 22 33 38 39
1 6 2 7 12 23 25 30 36
18 6 0 9 10 11 13 14 15 17 18 19 20 24 26 27 31 32 34 37 7 12 23 25 30 36
1 1 0 9
1 1 0 10
1 1 10 11
1 1 11 13
1 1 11 14
1 1 11 15
1 1 11 17
1 1 11 18
1 1 11 19
1 1 11 20
1 1 11 24
1 1 11 26
1 1 11 27
1 1 11 31
1 1 11 32
1 1 11 34
1 1 11 37
# 37 : 0 -> 2
#c 0 1 2 3 4 5 6 7 3 0 0 0 7 0 0 0 4 0 0 0 0 6 6 7 0 7 0 0 3 3 7 0 0 6 0 3 7 2 6 6 4 3 3
17 1 0 9 10 11 13 14 15 17 18 19 20 24 26 27 31 32 34 1
1 2 1 2 37
17 2 0 9 10 11 13 14 15 17 18 19 20 24 26 27 31 32 34 2 37
2 7 2 37 3 8 28 29 35 41 42
17 7 0 9 10 11 13 14 15 17 18 19 20 24 26 27 31 32 34 3 8 28 29 35 41 42
7 3 3 8 28 29 35 41 42 4 16 40
17 3 0 9 10 11 13 14 15 17 18 19 20 24 26 27 31 32 34 4 16 40
3 1 4 16 40 5
17 1 0 9 10 11 13 14 15 17 18 19 20 24 26 27 31 32 34 5
1 6 5 6 21 22 33 38 39
17 6 0 9 10 11 13 14 15 17 18 19 20 24 26 27 31 32 34 6 21 22 33 38 39
1 6 5 7 12 23 25 30 36
17 6 0 9 10 11 13 14 15 17 18 19 20 24 26 27 31 32 34 7 12 23 25 30 36
# 11 : 0 -> 7
#c 0 1 2 3 4 5 6 7 3 0 0 7 7 0 0 0 4 0 0 0 0 6 6 7 0 7 0 0 3 3 7 0 0 6 0 3 7 2 6 6 4 3 3
16 1 0 9 10 13 14 15 17 18 19 20 24 26 27 31 32 34 1
16 2 0 9 10 13 14 15 17 18 19 20 24 26 27 31 32 34 2 37
16 7 0 9 10 13 14 15 17 18 19 20 24 26 27 31 32 34 3 8 28 29 35 41 42
16 3 0 9 10 13 14 15 17 18 19 20 24 26 27 31 32 34 4 16 40
16 1 0 9 10 13 14 15 17 18 19 20 24 26 27 31 32 34 5
16 6 0 9 10 13 14 15 17 18 19 20 24 26 27 31 32 34 6 21 22 33 38 39
1 7 5 7 11 12 23 25 30 36
16 7 0 9 10 13 14 15 17 18 19 20 24 26 27 31 32 34 7 11 12 23 25 30 36
1 1 10 13
1 1 10 14
1 1 10 15
1 1 15 17
1 1 15 18
1 1 15 19
1 1 15 20
1 1 15 24
1 1 15 26
# 15 : 0 -> 5
0 1 2 3 4 5 6 7 3 0 0 7 7 0 0 5 4 0 0 0 0 6 6 7 0 7 0 0 3 3 7 0 0 6 0 3 7 2 6 6 4 3 3
