#c 0 1 2 3 4 5 6 7 0 1 2 3 4 5 6 7 0 1 2 3 4 5 6 7 0 1 2 3 4 5 6 7 0 1 2 3 4 5 6 7 0 1 2 3 4 5 6 7 0 1 2 3 4 5 6 7 0 1 2 3 4 5 6 7 0 1 2 3 4 5 6
#c 0 1 2 3 4 5 6 7 0 1 2 3 4 5 6 7 0 1 2 3 4 5 6 7 0 1 2 3 4 5 6 7 0 1 2 3 4 5 6 7 0 1 2 3 4 5 6 7 0 1 2 3 4 5 6 7 0 1 2 3 4 5 6 7 0 1 2 3 4 5 6
9 9 0 8 16 24 32 40 48 56 64 1 9 17 25 33 41 49 57 65
9 9 1 9 17 25 33 41 49 57 65 2 10 18 26 34 42 50 58 66
9 9 0 8 16 24 32 40 48 56 64 2 10 18 26 34 42 50 58 66
9 9 2 10 18 26 34 42 50 58 66 3 11 19 27 35 43 51 59 67
9 9 0 8 16 24 32 40 48 56 64 3 11 19 27 35 43 51 59 67
9 9 2 10 18 26 34 42 50 58 66 4 12 20 28 36 44 52 60 68
9 9 3 11 19 27 35 43 51 59 67 4 12 20 28 36 44 52 60 68
9 9 4 12 20 28 36 44 52 60 68 5 13 21 29 37 45 53 61 69
9 9 3 11 19 27 35 43 51 59 67 5 13 21 29 37 45 53 61 69
9 9 4 12 20 28 36 44 52 60 68 6 14 22 30 38 46 54 62 70
9 9 3 11 19 27 35 43 51 59 67 6 14 22 30 38 46 54 62 70
9 8 4 12 20 28 36 44 52 60 68 7 15 23 31 39 47 55 63
9 8 6 14 22 30 38 46 54 62 70 7 15 23 31 39 47 55 63
1 1 6 14
1 1 14 22
1 1 14 30
1 1 14 38
1 1 38 46
1 1 38 54
1 1 38 62
1 1 38 70
# 38 : 6 -> 4
#c 0 1 2 3 4 5 6 7 0 1 2 3 4 5 6 7 0 1 2 3 4 5 6 7 0 1 2 3 4 5 6 7 0 1 2 3 4 5 4 7 0 1 2 3 4 5 6 7 0 1 2 3 4 5 6 7 0 1 2 3 4 5 6 7 0 1 2 3 4 5 6
9 10 2 10 18 26 34 42 50 58 66 4 12 20 28 36 38 44 52 60 68
9 10 3 11 19 27 35 43 51 59 67 4 12 20 28 36 38 44 52 60 68
10 9 4 12 20 28 36 38 44 52 60 68 5 13 21 29 37 45 53 61 69
10 8 4 12 20 28 36 38 44 52 60 68 6 14 22 30 46 54 62 70
9 8 3 11 19 27 35 43 51 59 67 6 14 22 30 46 54 62 70
10 8 4 12 20 28 36 38 44 52 60 68 7 15 23 31 39 47 55 63
8 8 6 14 22 30 46 54 62 70 7 15 23 31 39 47 55 63
1 1 14 46
1 1 14 54
1 1 14 62
1 1 14 70
# 14 : 6 -> 4
#c 0 1 2 3 4 5 6 7 0 1 2 3 4 5 4 7 0 1 2 3 4 5 6 7 0 1 2 3 4 5 6 7 0 1 2 3 4 5 4 7 0 1 2 3 4 5 6 7 0 1 2 3 4 5 6 7 0 1 2 3 4 5 6 7 0 1 2 3 4 5 6
9 11 2 10 18 26 34 42 50 58 66 4 12 14 20 28 36 38 44 52 60 68
9 11 3 11 19 27 35 43 51 59 67 4 12 14 20 28 36 38 44 52 60 68
11 9 4 12 14 20 28 36 38 44 52 60 68 5 13 21 29 37 45 53 61 69
11 7 4 12 14 20 28 36 38 44 52 60 68 6 22 30 46 54 62 70
9 7 3 11 19 27 35 43 51 59 67 6 22 30 46 54 62 70
11 8 4 12 14 20 28 36 38 44 52 60 68 7 15 23 31 39 47 55 63
7 8 6 22 30 46 54 62 70 7 15 23 31 39 47 55 63
1 1 6 22
1 1 6 30
1 1 30 46
1 1 30 54
1 1 30 62
1 1 30 70
# 30 : 6 -> 4
#c 0 1 2 3 4 5 6 7 0 1 2 3 4 5 4 7 0 1 2 3 4 5 6 7 0 1 2 3 4 5 4 7 0 1 2 3 4 5 4 7 0 1 2 3 4 5 6 7 0 1 2 3 4 5 6 7 0 1 2 3 4 5 6 7 0 1 2 3 4 5 6
9 12 2 10 18 26 34 42 50 58 66 4 12 14 20 28 30 36 38 44 52 60 68
9 12 3 11 19 27 35 43 51 59 67 4 12 14 20 28 30 36 38 44 52 60 68
12 9 4 12 14 20 28 30 36 38 44 52 60 68 5 13 21 29 37 45 53 61 69
12 6 4 12 14 20 28 30 36 38 44 52 60 68 6 22 46 54 62 70
9 6 3 11 19 27 35 43 51 59 67 6 22 46 54 62 70
12 8 4 12 14 20 28 30 36 38 44 52 60 68 7 15 23 31 39 47 55 63
6 8 6 22 46 54 62 70 7 15 23 31 39 47 55 63
1 1 6 46
1 1 6 54
1 1 54 62
1 1 54 70
# 54 : 6 -> 4
#c 0 1 2 3 4 5 6 7 0 1 2 3 4 5 4 7 0 1 2 3 4 5 6 7 0 1 2 3 4 5 4 7 0 1 2 3 4 5 4 7 0 1 2 3 4 5 6 7 0 1 2 3 4 5 4 7 0 1 2 3 4 5 6 7 0 1 2 3 4 5 6
9 13 2 10 18 26 34 42 50 58 66 4 12 14 20 28 30 36 38 44 52 54 60 68
9 13 3 11 19 27 35 43 51 59 67 4 12 14 20 28 30 36 38 44 52 54 60 68
13 9 4 12 14 20 28 30 36 38 44 52 54 60 68 5 13 21 29 37 45 53 61 69
9 5 5 13 21 29 37 45 53 61 69 6 22 46 62 70
9 5 3 11 19 27 35 43 51 59 67 6 22 46 62 70
9 8 5 13 21 29 37 45 53 61 69 7 15 23 31 39 47 55 63
5 8 6 22 46 62 70 7 15 23 31 39 47 55 63
1 1 7 15
1 1 15 23
1 1 23 31
1 1 23 39
1 1 23 47
1 1 23 55
1 1 23 63
# 23 : 7 -> 5
#c 0 1 2 3 4 5 6 7 0 1 2 3 4 5 4 7 0 1 2 3 4 5 6 5 0 1 2 3 4 5 4 7 0 1 2 3 4 5 4 7 0 1 2 3 4 5 6 7 0 1 2 3 4 5 4 7 0 1 2 3 4 5 6 7 0 1 2 3 4 5 6
13 10 4 12 14 20 28 30 36 38 44 52 54 60 68 5 13 21 23 29 37 45 53 61 69
9 10 3 11 19 27 35 43 51 59 67 5 13 21 23 29 37 45 53 61 69
10 5 5 13 21 23 29 37 45 53 61 69 6 22 46 62 70
10 7 5 13 21 23 29 37 45 53 61 69 7 15 31 39 47 55 63
5 7 6 22 46 62 70 7 15 31 39 47 55 63
1 1 15 31
1 1 15 39
1 1 15 47
1 1 15 55
1 1 15 63
# 15 : 7 -> 5
#c 0 1 2 3 4 5 6 7 0 1 2 3 4 5 4 5 0 1 2 3 4 5 6 5 0 1 2 3 4 5 4 7 0 1 2 3 4 5 4 7 0 1 2 3 4 5 6 7 0 1 2 3 4 5 4 7 0 1 2 3 4 5 6 7 0 1 2 3 4 5 6
13 11 4 12 14 20 28 30 36 38 44 52 54 60 68 5 13 15 21 23 29 37 45 53 61 69
9 11 3 11 19 27 35 43 51 59 67 5 13 15 21 23 29 37 45 53 61 69
13 5 4 12 14 20 28 30 36 38 44 52 54 60 68 6 22 46 62 70
13 6 4 12 14 20 28 30 36 38 44 52 54 60 68 7 31 39 47 55 63
5 6 6 22 46 62 70 7 31 39 47 55 63
1 1 7 31
1 1 7 39
1 1 39 47
1 1 39 55
1 1 39 63
# 39 : 7 -> 4
#c 0 1 2 3 4 5 6 7 0 1 2 3 4 5 4 5 0 1 2 3 4 5 6 5 0 1 2 3 4 5 4 7 0 1 2 3 4 5 4 4 0 1 2 3 4 5 6 7 0 1 2 3 4 5 4 7 0 1 2 3 4 5 6 7 0 1 2 3 4 5 6
9 14 2 10 18 26 34 42 50 58 66 4 12 14 20 28 30 36 38 39 44 52 54 60 68
9 14 3 11 19 27 35 43 51 59 67 4 12 14 20 28 30 36 38 39 44 52 54 60 68
14 11 4 12 14 20 28 30 36 38 39 44 52 54 60 68 5 13 15 21 23 29 37 45 53 61 69
11 5 5 13 15 21 23 29 37 45 53 61 69 6 22 46 62 70
11 5 5 13 15 21 23 29 37 45 53 61 69 7 31 47 55 63
5 5 6 22 46 62 70 7 31 47 55 63
1 1 6 62
1 1 6 70
# 70 : 6 -> 5
#c 0 1 2 3 4 5 6 7 0 1 2 3 4 5 4 5 0 1 2 3 4 5 6 5 0 1 2 3 4 5 4 7 0 1 2 3 4 5 4 4 0 1 2 3 4 5 6 7 0 1 2 3 4 5 4 7 0 1 2 3 4 5 6 7 0 1 2 3 4 5 5
14 12 4 12 14 20 28 30 36 38 39 44 52 54 60 68 5 13 15 21 23 29 37 45 53 61 69 70
9 12 3 11 19 27 35 43 51 59 67 5 13 15 21 23 29 37 45 53 61 69 70
14 4 4 12 14 20 28 30 36 38 39 44 52 54 60 68 6 22 46 62
9 4 3 11 19 27 35 43 51 59 67 6 22 46 62
14 5 4 12 14 20 28 30 36 38 39 44 52 54 60 68 7 31 47 55 63
9 5 3 11 19 27 35 43 51 59 67 7 31 47 55 63
1 1 7 47
1 1 7 55
1 1 7 63
# 7 : 7 -> 4
#c 0 1 2 3 4 5 6 4 0 1 2 3 4 5 4 5 0 1 2 3 4 5 6 5 0 1 2 3 4 5 4 7 0 1 2 3 4 5 4 4 0 1 2 3 4 5 6 7 0 1 2 3 4 5 4 7 0 1 2 3 4 5 6 7 0 1 2 3 4 5 5
9 15 2 10 18 26 34 42 50 58 66 4 7 12 14 20 28 30 36 38 39 44 52 54 60 68
9 15 3 11 19 27 35 43 51 59 67 4 7 12 14 20 28 30 36 38 39 44 52 54 60 68
9 12 2 10 18 26 34 42 50 58 66 5 13 15 21 23 29 37 45 53 61 69 70
9 4 2 10 18 26 34 42 50 58 66 6 22 46 62
9 4 2 10 18 26 34 42 50 58 66 31 47 55 63
9 4 3 11 19 27 35 43 51 59 67 31 47 55 63
1 1 3 11
1 1 11 19
1 1 11 27
1 1 11 35
1 1 11 43
1 1 11 51
1 1 11 59
1 1 11 67
# 11 : 3 -> 2
#c 0 1 2 3 4 5 6 4 0 1 2 2 4 5 4 5 0 1 2 3 4 5 6 5 0 1 2 3 4 5 4 7 0 1 2 3 4 5 4 4 0 1 2 3 4 5 6 7 0 1 2 3 4 5 4 7 0 1 2 3 4 5 6 7 0 1 2 3 4 5 5
9 10 1 9 17 25 33 41 49 57 65 2 10 11 18 26 34 42 50 58 66
9 10 0 8 16 24 32 40 48 56 64 2 10 11 18 26 34 42 50 58 66
10 8 2 10 11 18 26 34 42 50 58 66 3 19 27 35 43 51 59 67
9 8 0 8 16 24 32 40 48 56 64 3 19 27 35 43 51 59 67
10 15 2 10 11 18 26 34 42 50 58 66 4 7 12 14 20 28 30 36 38 39 44 52 54 60 68
8 15 3 19 27 35 43 51 59 67 4 7 12 14 20 28 30 36 38 39 44 52 54 60 68
15 12 4 7 12 14 20 28 30 36 38 39 44 52 54 60 68 5 13 15 21 23 29 37 45 53 61 69 70
8 12 3 19 27 35 43 51 59 67 5 13 15 21 23 29 37 45 53 61 69 70
15 4 4 7 12 14 20 28 30 36 38 39 44 52 54 60 68 6 22 46 62
8 4 3 19 27 35 43 51 59 67 6 22 46 62
15 4 4 7 12 14 20 28 30 36 38 39 44 52 54 60 68 31 47 55 63
8 4 3 19 27 35 43 51 59 67 31 47 55 63
1 1 3 19
1 1 19 27
1 1 27 35
1 1 35 43
1 1 43 51
1 1 43 59
1 1 43 67
# 67 : 3 -> 4
#c 0 1 2 3 4 5 6 4 0 1 2 2 4 5 4 5 0 1 2 3 4 5 6 5 0 1 2 3 4 5 4 7 0 1 2 3 4 5 4 4 0 1 2 3 4 5 6 7 0 1 2 3 4 5 4 7 0 1 2 3 4 5 6 7 0 1 2 4 4 5 5
10 7 2 10 11 18 26 34 42 50 58 66 3 19 27 35 43 51 59
9 7 0 8 16 24 32 40 48 56 64 3 19 27 35 43 51 59
10 16 2 10 11 18 26 34 42 50 58 66 4 7 12 14 20 28 30 36 38 39 44 52 54 60 67 68
7 16 3 19 27 35 43 51 59 4 7 12 14 20 28 30 36 38 39 44 52 54 60 67 68
10 12 2 10 11 18 26 34 42 50 58 66 5 13 15 21 23 29 37 45 53 61 69 70
7 12 3 19 27 35 43 51 59 5 13 15 21 23 29 37 45 53 61 69 70
10 4 2 10 11 18 26 34 42 50 58 66 6 22 46 62
7 4 3 19 27 35 43 51 59 6 22 46 62
10 4 2 10 11 18 26 34 42 50 58 66 31 47 55 63
7 4 3 19 27 35 43 51 59 31 47 55 63
1 1 31 47
1 1 47 55
1 1 47 63
# 47 : 7 -> 2
#c 0 1 2 3 4 5 6 4 0 1 2 2 4 5 4 5 0 1 2 3 4 5 6 5 0 1 2 3 4 5 4 7 0 1 2 3 4 5 4 4 0 1 2 3 4 5 6 2 0 1 2 3 4 5 4 7 0 1 2 3 4 5 6 7 0 1 2 4 4 5 5
9 11 1 9 17 25 33 41 49 57 65 2 10 11 18 26 34 42 47 50 58 66
9 11 0 8 16 24 32 40 48 56 64 2 10 11 18 26 34 42 47 50 58 66
11 7 2 10 11 18 26 34 42 47 50 58 66 3 19 27 35 43 51 59
11 16 2 10 11 18 26 34 42 47 50 58 66 4 7 12 14 20 28 30 36 38 39 44 52 54 60 67 68
16 12 4 7 12 14 20 28 30 36 38 39 44 52 54 60 67 68 5 13 15 21 23 29 37 45 53 61 69 70
16 4 4 7 12 14 20 28 30 36 38 39 44 52 54 60 67 68 6 22 46 62
16 3 4 7 12 14 20 28 30 36 38 39 44 52 54 60 67 68 31 55 63
7 3 3 19 27 35 43 51 59 31 55 63
# 43 : 3 -> 4
#c 0 1 2 3 4 5 6 4 0 1 2 2 4 5 4 5 0 1 2 3 4 5 6 5 0 1 2 3 4 5 4 7 0 1 2 3 4 5 4 4 0 1 2 4 4 5 6 2 0 1 2 3 4 5 4 7 0 1 2 3 4 5 6 7 0 1 2 4 4 5 5
11 6 2 10 11 18 26 34 42 47 50 58 66 3 19 27 35 51 59
9 6 0 8 16 24 32 40 48 56 64 3 19 27 35 51 59
11 17 2 10 11 18 26 34 42 47 50 58 66 4 7 12 14 20 28 30 36 38 39 43 44 52 54 60 67 68
9 17 0 8 16 24 32 40 48 56 64 4 7 12 14 20 28 30 36 38 39 43 44 52 54 60 67 68
17 12 4 7 12 14 20 28 30 36 38 39 43 44 52 54 60 67 68 5 13 15 21 23 29 37 45 53 61 69 70
9 12 0 8 16 24 32 40 48 56 64 5 13 15 21 23 29 37 45 53 61 69 70
12 4 5 13 15 21 23 29 37 45 53 61 69 70 6 22 46 62
9 4 0 8 16 24 32 40 48 56 64 6 22 46 62
12 3 5 13 15 21 23 29 37 45 53 61 69 70 31 55 63
9 3 0 8 16 24 32 40 48 56 64 31 55 63
1 1 0 8
1 1 0 16
1 1 16 24
1 1 16 32
1 1 16 40
1 1 16 48
1 1 16 56
1 1 16 64
# 16 : 0 -> 5
#c 0 1 2 3 4 5 6 4 0 1 2 2 4 5 4 5 5 1 2 3 4 5 6 5 0 1 2 3 4 5 4 7 0 1 2 3 4 5 4 4 0 1 2 4 4 5 6 2 0 1 2 3 4 5 4 7 0 1 2 3 4 5 6 7 0 1 2 4 4 5 5
8 9 0 8 24 32 40 48 56 64 1 9 17 25 33 41 49 57 65
8 11 0 8 24 32 40 48 56 64 2 10 11 18 26 34 42 47 50 58 66
8 6 0 8 24 32 40 48 56 64 3 19 27 35 51 59
8 17 0 8 24 32 40 48 56 64 4 7 12 14 20 28 30 36 38 39 43 44 52 54 60 67 68
17 13 4 7 12 14 20 28 30 36 38 39 43 44 52 54 60 67 68 5 13 15 16 21 23 29 37 45 53 61 69 70
8 13 0 8 24 32 40 48 56 64 5 13 15 16 21 23 29 37 45 53 61 69 70
13 4 5 13 15 16 21 23 29 37 45 53 61 69 70 6 22 46 62
8 4 0 8 24 32 40 48 56 64 6 22 46 62
13 3 5 13 15 16 21 23 29 37 45 53 61 69 70 31 55 63
8 3 0 8 24 32 40 48 56 64 31 55 63
1 1 0 24
1 1 0 32
1 1 32 40
1 1 40 48
1 1 48 56
1 1 48 64
# 64 : 0 -> 5
#c 0 1 2 3 4 5 6 4 0 1 2 2 4 5 4 5 5 1 2 3 4 5 6 5 0 1 2 3 4 5 4 7 0 1 2 3 4 5 4 4 0 1 2 4 4 5 6 2 0 1 2 3 4 5 4 7 0 1 2 3 4 5 6 7 5 1 2 4 4 5 5
7 9 0 8 24 32 40 48 56 1 9 17 25 33 41 49 57 65
7 11 0 8 24 32 40 48 56 2 10 11 18 26 34 42 47 50 58 66
7 6 0 8 24 32 40 48 56 3 19 27 35 51 59
7 17 0 8 24 32 40 48 56 4 7 12 14 20 28 30 36 38 39 43 44 52 54 60 67 68
17 14 4 7 12 14 20 28 30 36 38 39 43 44 52 54 60 67 68 5 13 15 16 21 23 29 37 45 53 61 64 69 70
7 14 0 8 24 32 40 48 56 5 13 15 16 21 23 29 37 45 53 61 64 69 70
14 4 5 13 15 16 21 23 29 37 45 53 61 64 69 70 6 22 46 62
7 4 0 8 24 32 40 48 56 6 22 46 62
14 3 5 13 15 16 21 23 29 37 45 53 61 64 69 70 31 55 63
7 3 0 8 24 32 40 48 56 31 55 63
# 48 : 0 -> 5
#c 0 1 2 3 4 5 6 4 0 1 2 2 4 5 4 5 5 1 2 3 4 5 6 5 0 1 2 3 4 5 4 7 0 1 2 3 4 5 4 4 0 1 2 4 4 5 6 2 5 1 2 3 4 5 4 7 0 1 2 3 4 5 6 7 5 1 2 4 4 5 5
6 9 0 8 24 32 40 56 1 9 17 25 33 41 49 57 65
6 11 0 8 24 32 40 56 2 10 11 18 26 34 42 47 50 58 66
9 6 1 9 17 25 33 41 49 57 65 3 19 27 35 51 59
9 17 1 9 17 25 33 41 49 57 65 4 7 12 14 20 28 30 36 38 39 43 44 52 54 60 67 68
17 15 4 7 12 14 20 28 30 36 38 39 43 44 52 54 60 67 68 5 13 15 16 21 23 29 37 45 48 53 61 64 69 70
9 15 1 9 17 25 33 41 49 57 65 5 13 15 16 21 23 29 37 45 48 53 61 64 69 70
17 4 4 7 12 14 20 28 30 36 38 39 43 44 52 54 60 67 68 6 22 46 62
9 4 1 9 17 25 33 41 49 57 65 6 22 46 62
17 3 4 7 12 14 20 28 30 36 38 39 43 44 52 54 60 67 68 31 55 63
4 3 6 22 46 62 31 55 63
# 6 : 6 -> 4
#c 0 1 2 3 4 5 4 4 0 1 2 2 4 5 4 5 5 1 2 3 4 5 6 5 0 1 2 3 4 5 4 7 0 1 2 3 4 5 4 4 0 1 2 4 4 5 6 2 5 1 2 3 4 5 4 7 0 1 2 3 4 5 6 7 5 1 2 4 4 5 5
11 18 2 10 11 18 26 34 42 47 50 58 66 4 6 7 12 14 20 28 30 36 38 39 43 44 52 54 60 67 68
9 18 1 9 17 25 33 41 49 57 65 4 6 7 12 14 20 28 30 36 38 39 43 44 52 54 60 67 68
11 15 2 10 11 18 26 34 42 47 50 58 66 5 13 15 16 21 23 29 37 45 48 53 61 64 69 70
15 3 5 13 15 16 21 23 29 37 45 48 53 61 64 69 70 22 46 62
9 3 1 9 17 25 33 41 49 57 65 22 46 62
15 3 5 13 15 16 21 23 29 37 45 48 53 61 64 69 70 31 55 63
9 3 1 9 17 25 33 41 49 57 65 31 55 63
1 1 1 9
1 1 1 17
1 1 1 25
1 1 1 33
1 1 1 41
1 1 41 49
1 1 41 57
1 1 41 65
# 41 : 1 -> 5
#c 0 1 2 3 4 5 4 4 0 1 2 2 4 5 4 5 5 1 2 3 4 5 6 5 0 1 2 3 4 5 4 7 0 1 2 3 4 5 4 4 0 5 2 4 4 5 6 2 5 1 2 3 4 5 4 7 0 1 2 3 4 5 6 7 5 1 2 4 4 5 5
6 8 0 8 24 32 40 56 1 9 17 25 33 49 57 65
8 11 1 9 17 25 33 49 57 65 2 10 11 18 26 34 42 47 50 58 66
6 6 0 8 24 32 40 56 3 19 27 35 51 59
6 18 0 8 24 32 40 56 4 6 7 12 14 20 28 30 36 38 39 43 44 52 54 60 67 68
11 16 2 10 11 18 26 34 42 47 50 58 66 5 13 15 16 21 23 29 37 41 45 48 53 61 64 69 70
6 16 0 8 24 32 40 56 5 13 15 16 21 23 29 37 41 45 48 53 61 64 69 70
16 3 5 13 15 16 21 23 29 37 41 45 48 53 61 64 69 70 22 46 62
6 3 0 8 24 32 40 56 22 46 62
16 3 5 13 15 16 21 23 29 37 41 45 48 53 61 64 69 70 31 55 63
6 3 0 8 24 32 40 56 31 55 63
1 1 40 56
# 40 : 0 -> 5
#c 0 1 2 3 4 5 4 4 0 1 2 2 4 5 4 5 5 1 2 3 4 5 6 5 0 1 2 3 4 5 4 7 0 1 2 3 4 5 4 4 5 5 2 4 4 5 6 2 5 1 2 3 4 5 4 7 0 1 2 3 4 5 6 7 5 1 2 4 4 5 5
5 8 0 8 24 32 56 1 9 17 25 33 49 57 65
5 11 0 8 24 32 56 2 10 11 18 26 34 42 47 50 58 66
8 6 1 9 17 25 33 49 57 65 3 19 27 35 51 59
8 18 1 9 17 25 33 49 57 65 4 6 7 12 14 20 28 30 36 38 39 43 44 52 54 60 67 68
11 17 2 10 11 18 26 34 42 47 50 58 66 5 13 15 16 21 23 29 37 40 41 45 48 53 61 64 69 70
8 17 1 9 17 25 33 49 57 65 5 13 15 16 21 23 29 37 40 41 45 48 53 61 64 69 70
11 3 2 10 11 18 26 34 42 47 50 58 66 22 46 62
8 3 1 9 17 25 33 49 57 65 22 46 62
3 3 22 46 62 31 55 63
8 3 1 9 17 25 33 49 57 65 31 55 63
1 1 1 49
1 1 49 57
1 1 49 65
# 49 : 1 -> 6
#c 0 1 2 3 4 5 4 4 0 1 2 2 4 5 4 5 5 1 2 3 4 5 6 5 0 1 2 3 4 5 4 7 0 1 2 3 4 5 4 4 5 5 2 4 4 5 6 2 5 6 2 3 4 5 4 7 0 1 2 3 4 5 6 7 5 1 2 4 4 5 5
5 7 0 8 24 32 56 1 9 17 25 33 57 65
7 11 1 9 17 25 33 57 65 2 10 11 18 26 34 42 47 50 58 66
7 6 1 9 17 25 33 57 65 3 19 27 35 51 59
6 18 3 19 27 35 51 59 4 6 7 12 14 20 28 30 36 38 39 43 44 52 54 60 67 68
6 17 3 19 27 35 51 59 5 13 15 16 21 23 29 37 40 41 45 48 53 61 64 69 70
11 4 2 10 11 18 26 34 42 47 50 58 66 22 46 49 62
6 4 3 19 27 35 51 59 22 46 49 62
11 3 2 10 11 18 26 34 42 47 50 58 66 31 55 63
6 3 3 19 27 35 51 59 31 55 63
1 1 35 51
1 1 35 59
# 35 : 3 -> 2
#c 0 1 2 3 4 5 4 4 0 1 2 2 4 5 4 5 5 1 2 3 4 5 6 5 0 1 2 3 4 5 4 7 0 1 2 2 4 5 4 4 5 5 2 4 4 5 6 2 5 6 2 3 4 5 4 7 0 1 2 3 4 5 6 7 5 1 2 4 4 5 5
5 12 0 8 24 32 56 2 10 11 18 26 34 35 42 47 50 58 66
7 12 1 9 17 25 33 57 65 2 10 11 18 26 34 35 42 47 50 58 66
12 5 2 10 11 18 26 34 35 42 47 50 58 66 3 19 27 51 59
7 5 1 9 17 25 33 57 65 3 19 27 51 59
5 18 3 19 27 51 59 4 6 7 12 14 20 28 30 36 38 39 43 44 52 54 60 67 68
7 18 1 9 17 25 33 57 65 4 6 7 12 14 20 28 30 36 38 39 43 44 52 54 60 67 68
5 17 3 19 27 51 59 5 13 15 16 21 23 29 37 40 41 45 48 53 61 64 69 70
7 17 1 9 17 25 33 57 65 5 13 15 16 21 23 29 37 40 41 45 48 53 61 64 69 70
17 4 5 13 15 16 21 23 29 37 40 41 45 48 53 61 64 69 70 22 46 49 62
7 4 1 9 17 25 33 57 65 22 46 49 62
4 3 22 46 49 62 31 55 63
7 3 1 9 17 25 33 57 65 31 55 63
1 1 1 57
1 1 57 65
# 57 : 1 -> 6
#c 0 1 2 3 4 5 4 4 0 1 2 2 4 5 4 5 5 1 2 3 4 5 6 5 0 1 2 3 4 5 4 7 0 1 2 2 4 5 4 4 5 5 2 4 4 5 6 2 5 6 2 3 4 5 4 7 0 6 2 3 4 5 6 7 5 1 2 4 4 5 5
5 6 0 8 24 32 56 1 9 17 25 33 65
6 12 1 9 17 25 33 65 2 10 11 18 26 34 35 42 47 50 58 66
6 5 1 9 17 25 33 65 3 19 27 51 59
5 5 0 8 24 32 56 3 19 27 51 59
5 18 0 8 24 32 56 4 6 7 12 14 20 28 30 36 38 39 43 44 52 54 60 67 68
18 17 4 6 7 12 14 20 28 30 36 38 39 43 44 52 54 60 67 68 5 13 15 16 21 23 29 37 40 41 45 48 53 61 64 69 70
17 5 5 13 15 16 21 23 29 37 40 41 45 48 53 61 64 69 70 22 46 49 57 62
18 5 4 6 7 12 14 20 28 30 36 38 39 43 44 52 54 60 67 68 22 46 49 57 62
17 3 5 13 15 16 21 23 29 37 40 41 45 48 53 61 64 69 70 31 55 63
18 3 4 6 7 12 14 20 28 30 36 38 39 43 44 52 54 60 67 68 31 55 63
1 1 4 6
1 1 4 7
1 1 7 12
1 1 12 14
1 1 14 20
1 1 14 28
1 1 14 36
1 1 38 39
1 1 38 43
1 1 38 44
1 1 38 52
1 1 38 60
# 60 : 4 -> 5
0 1 2 3 4 5 4 4 0 1 2 2 4 5 4 5 5 1 2 3 4 5 6 5 0 1 2 3 4 5 4 7 0 1 2 2 4 5 4 4 5 5 2 4 4 5 6 2 5 6 2 3 4 5 4 7 0 6 2 3 5 5 6 7 5 1 2 4 4 5 5
#c 0 1 2 3 4 5 6 7 0 0 0 0 0 0 0 0 0 0 0 0 0 0 0 0 0 0 0 0 0 0 0 0 0 0 0 0 0 0 0 0 0 0 0 0 0 0 0 0 0 0 0 0 0 0 0 0 0 0 0 0 0 0 0 0 0 0 0 0 0 0 0
#c 0 1 2 3 4 5 6 7 0 0 0 0 0 0 0 0 0 0 0 0 0 0 0 0 0 0 0 0 0 0 0 0 0 0 0 0 0 0 0 0 0 0 0 0 0 0 0 0 0 0 0 0 0 0 0 0 0 0 0 0 0 0 0 0 0 0 0 0 0 0 0
64 1 0 8 9 10 11 12 13 14 15 16 17 18 19 20 21 22 23 24 25 26 27 28 29 30 31 32 33 34 35 36 37 38 39 40 41 42 43 44 45 46 47 48 49 50 51 52 53 54 55 56 57 58 59 60 61 62 63 64 65 66 67 68 69 70 1
1 1 1 2
64 1 0 8 9 10 11 12 13 14 15 16 17 18 19 20 21 22 23 24 25 26 27 28 29 30 31 32 33 34 35 36 37 38 39 40 41 42 43 44 45 46 47 48 49 50 51 52 53 54 55 56 57 58 59 60 61 62 63 64 65 66 67 68 69 70 2
1 1 2 3
64 1 0 8 9 10 11 12 13 14 15 16 17 18 19 20 21 22 23 24 25 26 27 28 29 30 31 32 33 34 35 36 37 38 39 40 41 42 43 44 45 46 47 48 49 50 51 52 53 54 55 56 57 58 59 60 61 62 63 64 65 66 67 68 69 70 3
1 1 2 4
64 1 0 8 9 10 11 12 13 14 15 16 17 18 19 20 21 22 23 24 25 26 27 28 29 30 31 32 33 34 35 36 37 38 39 40 41 42 43 44 45 46 47 48 49 50 51 52 53 54 55 56 57 58 59 60 61 62 63 64 65 66 67 68 69 70 4
1 1 2 5
64 1 0 8 9 10 11 12 13 14 15 16 17 18 19 20 21 22 23 24 25 26 27 28 29 30 31 32 33 34 35 36 37 38 39 40 41 42 43 44 45 46 47 48 49 50 51 52 53 54 55 56 57 58 59 60 61 62 63 64 65 66 67 68 69 70 5
1 1 2 6
64 1 0 8 9 10 11 12 13 14 15 16 17 18 19 20 21 22 23 24 25 26 27 28 29 30 31 32 33 34 35 36 37 38 39 40 41 42 43 44 45 46 47 48 49 50 51 52 53 54 55 56 57 58 59 60 61 62 63 64 65 66 67 68 69 70 6
1 1 2 7
64 1 0 8 9 10 11 12 13 14 15 16 17 18 19 20 21 22 23 24 25 26 27 28 29 30 31 32 33 34 35 36 37 38 39 40 41 42 43 44 45 46 47 48 49 50 51 52 53 54 55 56 57 58 59 60 61 62 63 64 65 66 67 68 69 70 7
1 1 0 8
1 1 0 9
1 1 0 10
1 1 0 11
1 1 11 12
1 1 11 13
1 1 11 14
1 1 11 15
1 1 11 16
1 1 16 17
1 1 16 18
1 1 16 19
1 1 16 20
1 1 16 21
1 1 16 22
1 1 16 23
1 1 16 24
1 1 16 25
1 1 16 26
1 1 16 27
1 1 16 28
1 1 16 29
1 1 16 30
1 1 16 31
1 1 16 32
1 1 16 33
1 1 16 34
1 1 16 35
1 1 16 36
1 1 16 37
1 1 37 38
1 1 38 39
1 1 38 40
1 1 38 41
1 1 38 42
1 1 38 43
1 1 38 44
1 1 38 45
1 1 38 46
1 1 38 47
1 1 38 48
1 1 38 49
1 1 38 50
1 1 38 51
1 1 38 52
1 1 38 53
1 1 38 54
1 1 38 55
1 1 38 56
1 1 38 57
1 1 38 58
1 1 38 59
1 1 38 60
1 1 60 61
1 1 60 62
1 1 60 63
1 1 60 64
1 1 60 65
1 1 60 66
1 1 60 67
1 1 60 68
1 1 68 69
1 1 68 70
# 68 : 0 -> 2
#c 0 1 2 3 4 5 6 7 0 0 0 0 0 0 0 0 0 0 0 0 0 0 0 0 0 0 0 0 0 0 0 0 0 0 0 0 0 0 0 0 0 0 0 0 0 0 0 0 0 0 0 0 0 0 0 0 0 0 0 0 0 0 0 0 0 0 0 0 2 0 0
63 1 0 8 9 10 11 12 13 14 15 16 17 18 19 20 21 22 23 24 25 26 27 28 29 30 31 32 33 34 35 36 37 38 39 40 41 42 43 44 45 46 47 48 49 50 51 52 53 54 55 56 57 58 59 60 61 62 63 64 65 66 67 69 70 1
1 2 1 2 68
63 2 0 8 9 10 11 12 13 14 15 16 17 18 19 20 21 22 23 24 25 26 27 28 29 30 31 32 33 34 35 36 37 38 39 40 41 42 43 44 45 46 47 48 49 50 51 52 53 54 55 56 57 58 59 60 61 62 63 64 65 66 67 69 70 2 68
2 1 2 68 3
63 1 0 8 9 10 11 12 13 14 15 16 17 18 19 20 21 22 23 24 25 26 27 28 29 30 31 32 33 34 35 36 37 38 39 40 41 42 43 44 45 46 47 48 49 50 51 52 53 54 55 56 57 58 59 60 61 62 63 64 65 66 67 69 70 3
2 1 2 68 4
63 1 0 8 9 10 11 12 13 14 15 16 17 18 19 20 21 22 23 24 25 26 27 28 29 30 31 32 33 34 35 36 37 38 39 40 41 42 43 44 45 46 47 48 49 50 51 52 53 54 55 56 57 58 59 60 61 62 63 64 65 66 67 69 70 4
2 1 2 68 5
63 1 0 8 9 10 11 12 13 14 15 16 17 18 19 20 21 22 23 24 25 26 27 28 29 30 31 32 33 34 35 36 37 38 39 40 41 42 43 44 45 46 47 48 49 50 51 52 53 54 55 56 57 58 59 60 61 62 63 64 65 66 67 69 70 5
2 1 2 68 6
63 1 0 8 9 10 11 12 13 14 15 16 17 18 19 20 21 22 23 24 25 26 27 28 29 30 31 32 33 34 35 36 37 38 39 40 41 42 43 44 45 46 47 48 49 50 51 52 53 54 55 56 57 58 59 60 61 62 63 64 65 66 67 69 70 6
2 1 2 68 7
63 1 0 8 9 10 11 12 13 14 15 16 17 18 19 20 21 22 23 24 25 26 27 28 29 30 31 32 33 34 35 36 37 38 39 40 41 42 43 44 45 46 47 48 49 50 51 52 53 54 55 56 57 58 59 60 61 62 63 64 65 66 67 69 70 7
1 1 60 69
1 1 60 70
# 60 : 0 -> 2
#c 0 1 2 3 4 5 6 7 0 0 0 0 0 0 0 0 0 0 0 0 0 0 0 0 0 0 0 0 0 0 0 0 0 0 0 0 0 0 0 0 0 0 0 0 0 0 0 0 0 0 0 0 0 0 0 0 0 0 0 0 2 0 0 0 0 0 0 0 2 0 0
62 1 0 8 9 10 11 12 13 14 15 16 17 18 19 20 21 22 23 24 25 26 27 28 29 30 31 32 33 34 35 36 37 38 39 40 41 42 43 44 45 46 47 48 49 50 51 52 53 54 55 56 57 58 59 61 62 63 64 65 66 67 69 70 1
1 3 1 2 60 68
62 3 0 8 9 10 11 12 13 14 15 16 17 18 19 20 21 22 23 24 25 26 27 28 29 30 31 32 33 34 35 36 37 38 39 40 41 42 43 44 45 46 47 48 49 50 51 52 53 54 55 56 57 58 59 61 62 63 64 65 66 67 69 70 2 60 68
3 1 2 60 68 3
62 1 0 8 9 10 11 12 13 14 15 16 17 18 19 20 21 22 23 24 25 26 27 28 29 30 31 32 33 34 35 36 37 38 39 40 41 42 43 44 45 46 47 48 49 50 51 52 53 54 55 56 57 58 59 61 62 63 64 65 66 67 69 70 3
3 1 2 60 68 4
62 1 0 8 9 10 11 12 13 14 15 16 17 18 19 20 21 22 23 24 25 26 27 28 29 30 31 32 33 34 35 36 37 38 39 40 41 42 43 44 45 46 47 48 49 50 51 52 53 54 55 56 57 58 59 61 62 63 64 65 66 67 69 70 4
3 1 2 60 68 5
62 1 0 8 9 10 11 12 13 14 15 16 17 18 19 20 21 22 23 24 25 26 27 28 29 30 31 32 33 34 35 36 37 38 39 40 41 42 43 44 45 46 47 48 49 50 51 52 53 54 55 56 57 58 59 61 62 63 64 65 66 67 69 70 5
3 1 2 60 68 6
62 1 0 8 9 10 11 12 13 14 15 16 17 18 19 20 21 22 23 24 25 26 27 28 29 30 31 32 33 34 35 36 37 38 39 40 41 42 43 44 45 46 47 48 49 50 51 52 53 54 55 56 57 58 59 61 62 63 64 65 66 67 69 70 6
3 1 2 60 68 7
62 1 0 8 9 10 11 12 13 14 15 16 17 18 19 20 21 22 23 24 25 26 27 28 29 30 31 32 33 34 35 36 37 38 39 40 41 42 43 44 45 46 47 48 49 50 51 52 53 54 55 56 57 58 59 61 62 63 64 65 66 67 69 70 7
1 1 38 61
1 1 38 62
1 1 38 63
1 1 38 64
1 1 38 65
1 1 38 66
1 1 38 67
1 1 38 69
1 1 38 70
# 38 : 0 -> 2
#c 0 1 2 3 4 5 6 7 0 0 0 0 0 0 0 0 0 0 0 0 0 0 0 0 0 0 0 0 0 0 0 0 0 0 0 0 0 0 2 0 0 0 0 0 0 0 0 0 0 0 0 0 0 0 0 0 0 0 0 0 2 0 0 0 0 0 0 0 2 0 0
61 1 0 8 9 10 11 12 13 14 15 16 17 18 19 20 21 22 23 24 25 26 27 28 29 30 31 32 33 34 35 36 37 39 40 41 42 43 44 45 46 47 48 49 50 51 52 53 54 55 56 57 58 59 61 62 63 64 65 66 67 69 70 1
1 4 1 2 38 60 68
61 4 0 8 9 10 11 12 13 14 15 16 17 18 19 20 21 22 23 24 25 26 27 28 29 30 31 32 33 34 35 36 37 39 40 41 42 43 44 45 46 47 48 49 50 51 52 53 54 55 56 57 58 59 61 62 63 64 65 66 67 69 70 2 38 60 68
4 1 2 38 60 68 3
61 1 0 8 9 10 11 12 13 14 15 16 17 18 19 20 21 22 23 24 25 26 27 28 29 30 31 32 33 34 35 36 37 39 40 41 42 43 44 45 46 47 48 49 50 51 52 53 54 55 56 57 58 59 61 62 63 64 65 66 67 69 70 3
4 1 2 38 60 68 4
61 1 0 8 9 10 11 12 13 14 15 16 17 18 19 20 21 22 23 24 25 26 27 28 29 30 31 32 33 34 35 36 37 39 40 41 42 43 44 45 46 47 48 49 50 51 52 53 54 55 56 57 58 59 61 62 63 64 65 66 67 69 70 4
4 1 2 38 60 68 5
61 1 0 8 9 10 11 12 13 14 15 16 17 18 19 20 21 22 23 24 25 26 27 28 29 30 31 32 33 34 35 36 37 39 40 41 42 43 44 45 46 47 48 49 50 51 52 53 54 55 56 57 58 59 61 62 63 64 65 66 67 69 70 5
4 1 2 38 60 68 6
61 1 0 8 9 10 11 12 13 14 15 16 17 18 19 20 21 22 23 24 25 26 27 28 29 30 31 32 33 34 35 36 37 39 40 41 42 43 44 45 46 47 48 49 50 51 52 53 54 55 56 57 58 59 61 62 63 64 65 66 67 69 70 6
4 1 2 38 60 68 7
61 1 0 8 9 10 11 12 13 14 15 16 17 18 19 20 21 22 23 24 25 26 27 28 29 30 31 32 33 34 35 36 37 39 40 41 42 43 44 45 46 47 48 49 50 51 52 53 54 55 56 57 58 59 61 62 63 64 65 66 67 69 70 7
1 1 37 39
1 1 37 40
1 1 37 41
1 1 37 42
1 1 37 43
1 1 37 44
1 1 37 45
1 1 37 46
1 1 37 47
1 1 37 48
1 1 37 49
1 1 37 50
1 1 37 51
1 1 37 52
1 1 37 53
1 1 37 54
1 1 37 55
1 1 37 56
1 1 37 57
1 1 37 58
1 1 37 59
1 1 37 61
1 1 37 62
1 1 37 63
1 1 37 64
1 1 37 65
1 1 37 66
1 1 37 67
1 1 37 69
1 1 37 70
# 37 : 0 -> 7
#c 0 1 2 3 4 5 6 7 0 0 0 0 0 0 0 0 0 0 0 0 0 0 0 0 0 0 0 0 0 0 0 0 0 0 0 0 0 7 2 0 0 0 0 0 0 0 0 0 0 0 0 0 0 0 0 0 0 0 0 0 2 0 0 0 0 0 0 0 2 0 0
60 1 0 8 9 10 11 12 13 14 15 16 17 18 19 20 21 22 23 24 25 26 27 28 29 30 31 32 33 34 35 36 39 40 41 42 43 44 45 46 47 48 49 50 51 52 53 54 55 56 57 58 59 61 62 63 64 65 66 67 69 70 1
60 4 0 8 9 10 11 12 13 14 15 16 17 18 19 20 21 22 23 24 25 26 27 28 29 30 31 32 33 34 35 36 39 40 41 42 43 44 45 46 47 48 49 50 51 52 53 54 55 56 57 58 59 61 62 63 64 65 66 67 69 70 2 38 60 68
60 1 0 8 9 10 11 12 13 14 15 16 17 18 19 20 21 22 23 24 25 26 27 28 29 30 31 32 33 34 35 36 39 40 41 42 43 44 45 46 47 48 49 50 51 52 53 54 55 56 57 58 59 61 62 63 64 65 66 67 69 70 3
60 1 0 8 9 10 11 12 13 14 15 16 17 18 19 20 21 22 23 24 25 26 27 28 29 30 31 32 33 34 35 36 39 40 41 42 43 44 45 46 47 48 49 50 51 52 53 54 55 56 57 58 59 61 62 63 64 65 66 67 69 70 4
60 1 0 8 9 10 11 12 13 14 15 16 17 18 19 20 21 22 23 24 25 26 27 28 29 30 31 32 33 34 35 36 39 40 41 42 43 44 45 46 47 48 49 50 51 52 53 54 55 56 57 58 59 61 62 63 64 65 66 67 69 70 5
60 1 0 8 9 10 11 12 13 14 15 16 17 18 19 20 21 22 23 24 25 26 27 28 29 30 31 32 33 34 35 36 39 40 41 42 43 44 45 46 47 48 49 50 51 52 53 54 55 56 57 58 59 61 62 63 64 65 66 67 69 70 6
4 2 2 38 60 68 7 37
60 2 0 8 9 10 11 12 13 14 15 16 17 18 19 20 21 22 23 24 25 26 27 28 29 30 31 32 33 34 35 36 39 40 41 42 43 44 45 46 47 48 49 50 51 52 53 54 55 56 57 58 59 61 62 63 64 65 66 67 69 70 7 37
1 1 16 39
1 1 16 40
1 1 16 41
1 1 16 42
1 1 16 43
1 1 16 44
1 1 16 45
1 1 16 46
1 1 16 47
1 1 16 48
1 1 16 49
1 1 16 50
1 1 16 51
1 1 16 52
1 1 16 53
1 1 16 54
1 1 16 55
1 1 16 56
1 1 16 57
1 1 16 58
1 1 16 59
1 1 16 61
1 1 16 62
1 1 16 63
1 1 16 64
1 1 16 65
1 1 16 66
1 1 16 67
1 1 16 69
1 1 16 70
# 16 : 0 -> 2
#c 0 1 2 3 4 5 6 7 0 0 0 0 0 0 0 0 2 0 0 0 0 0 0 0 0 0 0 0 0 0 0 0 0 0 0 0 0 7 2 0 0 0 0 0 0 0 0 0 0 0 0 0 0 0 0 0 0 0 0 0 2 0 0 0 0 0 0 0 2 0 0
59 1 0 8 9 10 11 12 13 14 15 17 18 19 20 21 22 23 24 25 26 27 28 29 30 31 32 33 34 35 36 39 40 41 42 43 44 45 46 47 48 49 50 51 52 53 54 55 56 57 58 59 61 62 63 64 65 66 67 69 70 1
1 5 1 2 16 38 60 68
59 5 0 8 9 10 11 12 13 14 15 17 18 19 20 21 22 23 24 25 26 27 28 29 30 31 32 33 34 35 36 39 40 41 42 43 44 45 46 47 48 49 50 51 52 53 54 55 56 57 58 59 61 62 63 64 65 66 67 69 70 2 16 38 60 68
5 1 2 16 38 60 68 3
59 1 0 8 9 10 11 12 13 14 15 17 18 19 20 21 22 23 24 25 26 27 28 29 30 31 32 33 34 35 36 39 40 41 42 43 44 45 46 47 48 49 50 51 52 53 54 55 56 57 58 59 61 62 63 64 65 66 67 69 70 3
5 1 2 16 38 60 68 4
59 1 0 8 9 10 11 12 13 14 15 17 18 19 20 21 22 23 24 25 26 27 28 29 30 31 32 33 34 35 36 39 40 41 42 43 44 45 46 47 48 49 50 51 52 53 54 55 56 57 58 59 61 62 63 64 65 66 67 69 70 4
5 1 2 16 38 60 68 5
59 1 0 8 9 10 11 12 13 14 15 17 18 19 20 21 22 23 24 25 26 27 28 29 30 31 32 33 34 35 36 39 40 41 42 43 44 45 46 47 48 49 50 51 52 53 54 55 56 57 58 59 61 62 63 64 65 66 67 69 70 5
5 1 2 16 38 60 68 6
59 1 0 8 9 10 11 12 13 14 15 17 18 19 20 21 22 23 24 25 26 27 28 29 30 31 32 33 34 35 36 39 40 41 42 43 44 45 46 47 48 49 50 51 52 53 54 55 56 57 58 59 61 62 63 64 65 66 67 69 70 6
5 2 2 16 38 60 68 7 37
59 2 0 8 9 10 11 12 13 14 15 17 18 19 20 21 22 23 24 25 26 27 28 29 30 31 32 33 34 35 36 39 40 41 42 43 44 45 46 47 48 49 50 51 52 53 54 55 56 57 58 59 61 62 63 64 65 66 67 69 70 7 37
1 1 11 17
1 1 11 18
1 1 11 19
1 1 11 20
1 1 11 21
1 1 11 22
1 1 11 23
1 1 11 24
1 1 11 25
1 1 11 26
1 1 11 27
1 1 11 28
1 1 11 29
1 1 11 30
1 1 11 31
1 1 11 32
1 1 11 33
1 1 11 34
1 1 11 35
1 1 11 36
1 1 11 39
1 1 11 40
1 1 11 41
1 1 11 42
1 1 11 43
1 1 11 44
1 1 11 45
1 1 11 46
1 1 11 47
1 1 11 48
1 1 11 49
1 1 11 50
1 1 50 51
1 1 50 52
1 1 50 53
1 1 50 54
1 1 50 55
1 1 50 56
1 1 50 57
1 1 50 58
1 1 50 59
1 1 50 61
1 1 50 62
1 1 50 63
1 1 50 64
1 1 64 65
1 1 64 66
1 1 64 67
1 1 64 69
1 1 64 70
# 64 : 0 -> 7
#c 0 1 2 3 4 5 6 7 0 0 0 0 0 0 0 0 2 0 0 0 0 0 0 0 0 0 0 0 0 0 0 0 0 0 0 0 0 7 2 0 0 0 0 0 0 0 0 0 0 0 0 0 0 0 0 0 0 0 0 0 2 0 0 0 7 0 0 0 2 0 0
58 1 0 8 9 10 11 12 13 14 15 17 18 19 20 21 22 23 24 25 26 27 28 29 30 31 32 33 34 35 36 39 40 41 42 43 44 45 46 47 48 49 50 51 52 53 54 55 56 57 58 59 61 62 63 65 66 67 69 70 1
58 5 0 8 9 10 11 12 13 14 15 17 18 19 20 21 22 23 24 25 26 27 28 29 30 31 32 33 34 35 36 39 40 41 42 43 44 45 46 47 48 49 50 51 52 53 54 55 56 57 58 59 61 62 63 65 66 67 69 70 2 16 38 60 68
58 1 0 8 9 10 11 12 13 14 15 17 18 19 20 21 22 23 24 25 26 27 28 29 30 31 32 33 34 35 36 39 40 41 42 43 44 45 46 47 48 49 50 51 52 53 54 55 56 57 58 59 61 62 63 65 66 67 69 70 3
58 1 0 8 9 10 11 12 13 14 15 17 18 19 20 21 22 23 24 25 26 27 28 29 30 31 32 33 34 35 36 39 40 41 42 43 44 45 46 47 48 49 50 51 52 53 54 55 56 57 58 59 61 62 63 65 66 67 69 70 4
58 1 0 8 9 10 11 12 13 14 15 17 18 19 20 21 22 23 24 25 26 27 28 29 30 31 32 33 34 35 36 39 40 41 42 43 44 45 46 47 48 49 50 51 52 53 54 55 56 57 58 59 61 62 63 65 66 67 69 70 5
58 1 0 8 9 10 11 12 13 14 15 17 18 19 20 21 22 23 24 25 26 27 28 29 30 31 32 33 34 35 36 39 40 41 42 43 44 45 46 47 48 49 50 51 52 53 54 55 56 57 58 59 61 62 63 65 66 67 69 70 6
5 3 2 16 38 60 68 7 37 64
58 3 0 8 9 10 11 12 13 14 15 17 18 19 20 21 22 23 24 25 26 27 28 29 30 31 32 33 34 35 36 39 40 41 42 43 44 45 46 47 48 49 50 51 52 53 54 55 56 57 58 59 61 62 63 65 66 67 69 70 7 37 64
1 1 50 65
1 1 50 66
1 1 50 67
1 1 50 69
1 1 50 70
# 50 : 0 -> 2
#c 0 1 2 3 4 5 6 7 0 0 0 0 0 0 0 0 2 0 0 0 0 0 0 0 0 0 0 0 0 0 0 0 0 0 0 0 0 7 2 0 0 0 0 0 0 0 0 0 0 0 2 0 0 0 0 0 0 0 0 0 2 0 0 0 7 0 0 0 2 0 0
57 1 0 8 9 10 11 12 13 14 15 17 18 19 20 21 22 23 24 25 26 27 28 29 30 31 32 33 34 35 36 39 40 41 42 43 44 45 46 47 48 49 51 52 53 54 55 56 57 58 59 61 62 63 65 66 67 69 70 1
1 6 1 2 16 38 50 60 68
57 6 0 8 9 10 11 12 13 14 15 17 18 19 20 21 22 23 24 25 26 27 28 29 30 31 32 33 34 35 36 39 40 41 42 43 44 45 46 47 48 49 51 52 53 54 55 56 57 58 59 61 62 63 65 66 67 69 70 2 16 38 50 60 68
6 1 2 16 38 50 60 68 3
57 1 0 8 9 10 11 12 13 14 15 17 18 19 20 21 22 23 24 25 26 27 28 29 30 31 32 33 34 35 36 39 40 41 42 43 44 45 46 47 48 49 51 52 53 54 55 56 57 58 59 61 62 63 65 66 67 69 70 3
6 1 2 16 38 50 60 68 4
57 1 0 8 9 10 11 12 13 14 15 17 18 19 20 21 22 23 24 25 26 27 28 29 30 31 32 33 34 35 36 39 40 41 42 43 44 45 46 47 48 49 51 52 53 54 55 56 57 58 59 61 62 63 65 66 67 69 70 4
6 1 2 16 38 50 60 68 5
57 1 0 8 9 10 11 12 13 14 15 17 18 19 20 21 22 23 24 25 26 27 28 29 30 31 32 33 34 35 36 39 40 41 42 43 44 45 46 47 48 49 51 52 53 54 55 56 57 58 59 61 62 63 65 66 67 69 70 5
6 1 2 16 38 50 60 68 6
57 1 0 8 9 10 11 12 13 14 15 17 18 19 20 21 22 23 24 25 26 27 28 29 30 31 32 33 34 35 36 39 40 41 42 43 44 45 46 47 48 49 51 52 53 54 55 56 57 58 59 61 62 63 65 66 67 69 70 6
6 3 2 16 38 50 60 68 7 37 64
57 3 0 8 9 10 11 12 13 14 15 17 18 19 20 21 22 23 24 25 26 27 28 29 30 31 32 33 34 35 36 39 40 41 42 43 44 45 46 47 48 49 51 52 53 54 55 56 57 58 59 61 62 63 65 66 67 69 70 7 37 64
1 1 11 51
1 1 11 52
1 1 11 53
1 1 11 54
1 1 11 55
1 1 11 56
1 1 11 57
1 1 11 58
1 1 11 59
1 1 11 61
1 1 11 62
1 1 11 63
1 1 11 65
1 1 11 66
1 1 11 67
1 1 11 69
1 1 69 70
# 69 : 0 -> 7
#c 0 1 2 3 4 5 6 7 0 0 0 0 0 0 0 0 2 0 0 0 0 0 0 0 0 0 0 0 0 0 0 0 0 0 0 0 0 7 2 0 0 0 0 0 0 0 0 0 0 0 2 0 0 0 0 0 0 0 0 0 2 0 0 0 7 0 0 0 2 7 0
56 1 0 8 9 10 11 12 13 14 15 17 18 19 20 21 22 23 24 25 26 27 28 29 30 31 32 33 34 35 36 39 40 41 42 43 44 45 46 47 48 49 51 52 53 54 55 56 57 58 59 61 62 63 65 66 67 70 1
0 1 2 3 4 5 6 7 0 0 0 0 0 0 0 0 2 0 0 0 0 0 0 0 0 0 0 0 0 0 0 0 0 0 0 0 0 7 2 0 0 0 0 0 0 0 0 0 0 0 2 0 0 0 0 0 0 0 0 0 2 0 0 0 7 0 0 0 2 7 0
