#c 0 1 2 3 4 5 6 7 8 9 10 11 12 13 14 15 16 17 18 19 20 0 1 2 3 4 5 6 7 8 9 10 11 12 13 14 15 16 17 18 19 20 0 1 2 3 4 5 6 7 8 9 10 11 12 13 14 15 16 17 18 19 20 0 1 2 3 4 5 6 7 8 9 10 11 12 13 14 15 16 17 18 19 20 0 1
#c 0 1 2 3 4 5 6 7 8 9 10 11 12 13 14 15 16 17 18 19 20 0 1 2 3 4 5 6 7 8 9 10 11 12 13 14 15 16 17 18 19 20 0 1 2 3 4 5 6 7 8 9 10 11 12 13 14 15 16 17 18 19 20 0 1 2 3 4 5 6 7 8 9 10 11 12 13 14 15 16 17 18 19 20 0 1
5 5 0 21 42 63 84 1 22 43 64 85
5 4 0 21 42 63 84 2 23 44 65
5 4 1 22 43 64 85 2 23 44 65
5 4 0 21 42 63 84 3 24 45 66
5 4 1 22 43 64 85 3 24 45 66
4 4 3 24 45 66 4 25 46 67
5 4 1 22 43 64 85 4 25 46 67
4 4 3 24 45 66 5 26 47 68
5 4 1 22 43 64 85 5 26 47 68
4 4 3 24 45 66 6 27 48 69
5 4 1 22 43 64 85 6 27 48 69
4 4 3 24 45 66 7 28 49 70
5 4 1 22 43 64 85 7 28 49 70
4 4 3 24 45 66 8 29 50 71
5 4 1 22 43 64 85 8 29 50 71
4 4 3 24 45 66 9 30 51 72
5 4 1 22 43 64 85 9 30 51 72
4 4 3 24 45 66 10 31 52 73
5 4 1 22 43 64 85 10 31 52 73
4 4 3 24 45 66 11 32 53 74
5 4 1 22 43 64 85 11 32 53 74
4 4 3 24 45 66 12 33 54 75
5 4 1 22 43 64 85 12 33 54 75
4 4 3 24 45 66 13 34 55 76
5 4 1 22 43 64 85 13 34 55 76
4 4 3 24 45 66 14 35 56 77
4 4 13 34 55 76 14 35 56 77
4 4 3 24 45 66 15 36 57 78
4 4 13 34 55 76 15 36 57 78
4 4 3 24 45 66 16 37 58 79
4 4 13 34 55 76 16 37 58 79
4 4 16 37 58 79 17 38 59 80
4 4 13 34 55 76 17 38 59 80
4 4 16 37 58 79 18 39 60 81
4 4 13 34 55 76 18 39 60 81
4 4 16 37 58 79 19 40 61 82
4 4 13 34 55 76 19 40 61 82
4 4 19 40 61 82 20 41 62 83
4 4 13 34 55 76 20 41 62 83
1 1 13 34
1 1 13 55
1 1 55 76
# 55 : 13 -> 19
#c 0 1 2 3 4 5 6 7 8 9 10 11 12 13 14 15 16 17 18 19 20 0 1 2 3 4 5 6 7 8 9 10 11 12 13 14 15 16 17 18 19 20 0 1 2 3 4 5 6 7 8 9 10 11 12 19 14 15 16 17 18 19 20 0 1 2 3 4 5 6 7 8 9 10 11 12 13 14 15 16 17 18 19 20 0 1
4 3 3 24 45 66 13 34 76
5 3 1 22 43 64 85 13 34 76
3 4 13 34 76 14 35 56 77
3 4 13 34 76 15 36 57 78
3 4 13 34 76 16 37 58 79
3 4 13 34 76 17 38 59 80
3 4 13 34 76 18 39 60 81
4 5 16 37 58 79 19 40 55 61 82
3 5 13 34 76 19 40 55 61 82
4 4 16 37 58 79 20 41 62 83
3 4 13 34 76 20 41 62 83
1 1 13 76
# 76 : 13 -> 16
#c 0 1 2 3 4 5 6 7 8 9 10 11 12 13 14 15 16 17 18 19 20 0 1 2 3 4 5 6 7 8 9 10 11 12 13 14 15 16 17 18 19 20 0 1 2 3 4 5 6 7 8 9 10 11 12 19 14 15 16 17 18 19 20 0 1 2 3 4 5 6 7 8 9 10 11 12 16 14 15 16 17 18 19 20 0 1
4 2 3 24 45 66 13 34
5 2 1 22 43 64 85 13 34
5 4 1 22 43 64 85 14 35 56 77
5 4 1 22 43 64 85 15 36 57 78
4 5 3 24 45 66 16 37 58 76 79
5 5 1 22 43 64 85 16 37 58 76 79
4 4 3 24 45 66 17 38 59 80
5 4 1 22 43 64 85 17 38 59 80
4 4 3 24 45 66 18 39 60 81
5 4 1 22 43 64 85 18 39 60 81
4 5 3 24 45 66 19 40 55 61 82
5 5 1 22 43 64 85 19 40 55 61 82
5 4 19 40 55 61 82 20 41 62 83
5 4 1 22 43 64 85 20 41 62 83
1 1 1 22
1 1 1 43
1 1 1 64
1 1 1 85
# 1 : 1 -> 19
#c 0 19 2 3 4 5 6 7 8 9 10 11 12 13 14 15 16 17 18 19 20 0 1 2 3 4 5 6 7 8 9 10 11 12 13 14 15 16 17 18 19 20 0 1 2 3 4 5 6 7 8 9 10 11 12 19 14 15 16 17 18 19 20 0 1 2 3 4 5 6 7 8 9 10 11 12 16 14 15 16 17 18 19 20 0 1
5 4 0 21 42 63 84 22 43 64 85
4 4 22 43 64 85 2 23 44 65
4 4 22 43 64 85 3 24 45 66
4 4 22 43 64 85 4 25 46 67
4 4 22 43 64 85 5 26 47 68
4 4 22 43 64 85 6 27 48 69
4 4 22 43 64 85 7 28 49 70
4 4 22 43 64 85 8 29 50 71
4 4 22 43 64 85 9 30 51 72
4 4 22 43 64 85 10 31 52 73
4 4 22 43 64 85 11 32 53 74
4 4 22 43 64 85 12 33 54 75
4 2 22 43 64 85 13 34
4 4 22 43 64 85 14 35 56 77
4 4 22 43 64 85 15 36 57 78
4 5 22 43 64 85 16 37 58 76 79
4 4 22 43 64 85 17 38 59 80
4 4 22 43 64 85 18 39 60 81
4 6 3 24 45 66 1 19 40 55 61 82
4 6 22 43 64 85 1 19 40 55 61 82
4 4 3 24 45 66 20 41 62 83
4 4 22 43 64 85 20 41 62 83
1 1 22 43
1 1 43 64
1 1 43 85
# 43 : 1 -> 3
#c 0 19 2 3 4 5 6 7 8 9 10 11 12 13 14 15 16 17 18 19 20 0 1 2 3 4 5 6 7 8 9 10 11 12 13 14 15 16 17 18 19 20 0 3 2 3 4 5 6 7 8 9 10 11 12 19 14 15 16 17 18 19 20 0 1 2 3 4 5 6 7 8 9 10 11 12 16 14 15 16 17 18 19 20 0 1
5 3 0 21 42 63 84 22 64 85
3 4 22 64 85 2 23 44 65
5 5 0 21 42 63 84 3 24 43 45 66
3 5 22 64 85 3 24 43 45 66
5 4 3 24 43 45 66 4 25 46 67
3 4 22 64 85 4 25 46 67
5 4 3 24 43 45 66 5 26 47 68
3 4 22 64 85 5 26 47 68
5 4 3 24 43 45 66 6 27 48 69
3 4 22 64 85 6 27 48 69
5 4 3 24 43 45 66 7 28 49 70
3 4 22 64 85 7 28 49 70
5 4 3 24 43 45 66 8 29 50 71
3 4 22 64 85 8 29 50 71
4 4 8 29 50 71 9 30 51 72
3 4 22 64 85 9 30 51 72
4 4 8 29 50 71 10 31 52 73
3 4 22 64 85 10 31 52 73
4 4 8 29 50 71 11 32 53 74
3 4 22 64 85 11 32 53 74
4 4 8 29 50 71 12 33 54 75
3 4 22 64 85 12 33 54 75
4 2 8 29 50 71 13 34
4 2 12 33 54 75 13 34
4 4 8 29 50 71 14 35 56 77
4 4 12 33 54 75 14 35 56 77
4 4 8 29 50 71 15 36 57 78
4 4 12 33 54 75 15 36 57 78
4 5 8 29 50 71 16 37 58 76 79
4 5 12 33 54 75 16 37 58 76 79
4 4 8 29 50 71 17 38 59 80
4 4 12 33 54 75 17 38 59 80
4 4 8 29 50 71 18 39 60 81
4 4 12 33 54 75 18 39 60 81
4 6 8 29 50 71 1 19 40 55 61 82
4 6 12 33 54 75 1 19 40 55 61 82
6 4 1 19 40 55 61 82 20 41 62 83
4 4 12 33 54 75 20 41 62 83
1 1 12 33
1 1 33 54
1 1 33 75
# 33 : 12 -> 19
#c 0 19 2 3 4 5 6 7 8 9 10 11 12 13 14 15 16 17 18 19 20 0 1 2 3 4 5 6 7 8 9 10 11 19 13 14 15 16 17 18 19 20 0 3 2 3 4 5 6 7 8 9 10 11 12 19 14 15 16 17 18 19 20 0 1 2 3 4 5 6 7 8 9 10 11 12 16 14 15 16 17 18 19 20 0 1
4 3 8 29 50 71 12 54 75
3 3 22 64 85 12 54 75
3 2 22 64 85 13 34
3 4 22 64 85 14 35 56 77
3 4 22 64 85 15 36 57 78
3 5 22 64 85 16 37 58 76 79
3 4 22 64 85 17 38 59 80
3 4 22 64 85 18 39 60 81
4 7 8 29 50 71 1 19 33 40 55 61 82
4 7 18 39 60 81 1 19 33 40 55 61 82
4 4 8 29 50 71 20 41 62 83
4 4 18 39 60 81 20 41 62 83
1 1 18 39
1 1 39 60
1 1 39 81
# 39 : 18 -> 8
#c 0 19 2 3 4 5 6 7 8 9 10 11 12 13 14 15 16 17 18 19 20 0 1 2 3 4 5 6 7 8 9 10 11 19 13 14 15 16 17 8 19 20 0 3 2 3 4 5 6 7 8 9 10 11 12 19 14 15 16 17 18 19 20 0 1 2 3 4 5 6 7 8 9 10 11 12 16 14 15 16 17 18 19 20 0 1
5 5 3 24 43 45 66 8 29 39 50 71
3 5 22 64 85 8 29 39 50 71
5 4 8 29 39 50 71 9 30 51 72
5 4 8 29 39 50 71 10 31 52 73
5 4 8 29 39 50 71 11 32 53 74
5 3 8 29 39 50 71 12 54 75
5 2 8 29 39 50 71 13 34
5 4 8 29 39 50 71 14 35 56 77
5 4 8 29 39 50 71 15 36 57 78
5 5 8 29 39 50 71 16 37 58 76 79
5 4 8 29 39 50 71 17 38 59 80
5 3 8 29 39 50 71 18 60 81
3 3 22 64 85 18 60 81
5 7 8 29 39 50 71 1 19 33 40 55 61 82
3 7 22 64 85 1 19 33 40 55 61 82
5 4 8 29 39 50 71 20 41 62 83
3 4 22 64 85 20 41 62 83
1 1 22 64
1 1 22 85
# 85 : 1 -> 8
#c 0 19 2 3 4 5 6 7 8 9 10 11 12 13 14 15 16 17 18 19 20 0 1 2 3 4 5 6 7 8 9 10 11 19 13 14 15 16 17 8 19 20 0 3 2 3 4 5 6 7 8 9 10 11 12 19 14 15 16 17 18 19 20 0 1 2 3 4 5 6 7 8 9 10 11 12 16 14 15 16 17 18 19 20 0 8
5 2 0 21 42 63 84 22 64
2 4 22 64 2 23 44 65
2 5 22 64 3 24 43 45 66
2 4 22 64 4 25 46 67
2 4 22 64 5 26 47 68
2 4 22 64 6 27 48 69
2 4 22 64 7 28 49 70
5 6 3 24 43 45 66 8 29 39 50 71 85
2 6 22 64 8 29 39 50 71 85
5 4 3 24 43 45 66 9 30 51 72
2 4 22 64 9 30 51 72
5 4 3 24 43 45 66 10 31 52 73
2 4 22 64 10 31 52 73
5 4 3 24 43 45 66 11 32 53 74
2 4 22 64 11 32 53 74
5 3 3 24 43 45 66 12 54 75
2 3 22 64 12 54 75
5 2 3 24 43 45 66 13 34
3 2 12 54 75 13 34
5 4 3 24 43 45 66 14 35 56 77
3 4 12 54 75 14 35 56 77
5 4 3 24 43 45 66 15 36 57 78
4 4 14 35 56 77 15 36 57 78
5 5 3 24 43 45 66 16 37 58 76 79
4 5 14 35 56 77 16 37 58 76 79
5 4 3 24 43 45 66 17 38 59 80
4 4 14 35 56 77 17 38 59 80
5 3 3 24 43 45 66 18 60 81
4 3 17 38 59 80 18 60 81
5 7 3 24 43 45 66 1 19 33 40 55 61 82
3 7 18 60 81 1 19 33 40 55 61 82
5 4 3 24 43 45 66 20 41 62 83
3 4 18 60 81 20 41 62 83
1 1 18 60
1 1 18 81
# 18 : 18 -> 3
#c 0 19 2 3 4 5 6 7 8 9 10 11 12 13 14 15 16 17 3 19 20 0 1 2 3 4 5 6 7 8 9 10 11 19 13 14 15 16 17 8 19 20 0 3 2 3 4 5 6 7 8 9 10 11 12 19 14 15 16 17 18 19 20 0 1 2 3 4 5 6 7 8 9 10 11 12 16 14 15 16 17 18 19 20 0 8
5 6 0 21 42 63 84 3 18 24 43 45 66
2 6 22 64 3 18 24 43 45 66
5 4 0 21 42 63 84 4 25 46 67
5 4 0 21 42 63 84 5 26 47 68
5 4 0 21 42 63 84 6 27 48 69
5 4 0 21 42 63 84 7 28 49 70
4 6 7 28 49 70 8 29 39 50 71 85
4 4 7 28 49 70 9 30 51 72
4 4 7 28 49 70 10 31 52 73
4 4 7 28 49 70 11 32 53 74
4 3 7 28 49 70 12 54 75
4 2 7 28 49 70 13 34
4 4 7 28 49 70 14 35 56 77
4 4 7 28 49 70 15 36 57 78
4 5 7 28 49 70 16 37 58 76 79
4 4 7 28 49 70 17 38 59 80
4 2 7 28 49 70 60 81
4 2 17 38 59 80 60 81
4 7 7 28 49 70 1 19 33 40 55 61 82
4 7 17 38 59 80 1 19 33 40 55 61 82
4 4 7 28 49 70 20 41 62 83
4 4 17 38 59 80 20 41 62 83
1 1 17 38
1 1 38 59
1 1 59 80
# 59 : 17 -> 7
#c 0 19 2 3 4 5 6 7 8 9 10 11 12 13 14 15 16 17 3 19 20 0 1 2 3 4 5 6 7 8 9 10 11 19 13 14 15 16 17 8 19 20 0 3 2 3 4 5 6 7 8 9 10 11 12 19 14 15 16 7 18 19 20 0 1 2 3 4 5 6 7 8 9 10 11 12 16 14 15 16 17 18 19 20 0 8
5 5 0 21 42 63 84 7 28 49 59 70
2 5 22 64 7 28 49 59 70
5 6 0 21 42 63 84 8 29 39 50 71 85
5 4 0 21 42 63 84 9 30 51 72
5 4 0 21 42 63 84 10 31 52 73
5 4 0 21 42 63 84 11 32 53 74
5 3 0 21 42 63 84 12 54 75
5 2 0 21 42 63 84 13 34
5 4 0 21 42 63 84 14 35 56 77
5 4 0 21 42 63 84 15 36 57 78
5 5 0 21 42 63 84 16 37 58 76 79
5 3 0 21 42 63 84 17 38 80
4 3 14 35 56 77 17 38 80
5 2 0 21 42 63 84 60 81
3 2 17 38 80 60 81
5 7 0 21 42 63 84 1 19 33 40 55 61 82
3 7 17 38 80 1 19 33 40 55 61 82
5 4 0 21 42 63 84 20 41 62 83
3 4 17 38 80 20 41 62 83
1 1 38 80
# 38 : 17 -> 0
#c 0 19 2 3 4 5 6 7 8 9 10 11 12 13 14 15 16 17 3 19 20 0 1 2 3 4 5 6 7 8 9 10 11 19 13 14 15 16 0 8 19 20 0 3 2 3 4 5 6 7 8 9 10 11 12 19 14 15 16 7 18 19 20 0 1 2 3 4 5 6 7 8 9 10 11 12 16 14 15 16 17 18 19 20 0 8
6 2 0 21 38 42 63 84 22 64
6 4 0 21 38 42 63 84 2 23 44 65
6 6 0 21 38 42 63 84 3 18 24 43 45 66
6 4 0 21 38 42 63 84 4 25 46 67
6 4 0 21 38 42 63 84 5 26 47 68
4 4 5 26 47 68 6 27 48 69
4 5 5 26 47 68 7 28 49 59 70
4 6 5 26 47 68 8 29 39 50 71 85
4 4 5 26 47 68 9 30 51 72
4 4 5 26 47 68 10 31 52 73
4 4 5 26 47 68 11 32 53 74
4 3 11 32 53 74 12 54 75
4 2 11 32 53 74 13 34
4 4 11 32 53 74 14 35 56 77
4 4 11 32 53 74 15 36 57 78
4 5 11 32 53 74 16 37 58 76 79
4 2 11 32 53 74 17 80
4 2 14 35 56 77 17 80
4 2 11 32 53 74 60 81
4 2 14 35 56 77 60 81
4 7 11 32 53 74 1 19 33 40 55 61 82
4 7 14 35 56 77 1 19 33 40 55 61 82
4 4 11 32 53 74 20 41 62 83
4 4 14 35 56 77 20 41 62 83
1 1 14 35
1 1 35 56
1 1 56 77
# 77 : 14 -> 11
#c 0 19 2 3 4 5 6 7 8 9 10 11 12 13 14 15 16 17 3 19 20 0 1 2 3 4 5 6 7 8 9 10 11 19 13 14 15 16 0 8 19 20 0 3 2 3 4 5 6 7 8 9 10 11 12 19 14 15 16 7 18 19 20 0 1 2 3 4 5 6 7 8 9 10 11 12 16 11 15 16 17 18 19 20 0 8
4 5 5 26 47 68 11 32 53 74 77
2 5 22 64 11 32 53 74 77
5 3 11 32 53 74 77 12 54 75
5 2 11 32 53 74 77 13 34
5 3 11 32 53 74 77 14 35 56
3 3 12 54 75 14 35 56
5 4 11 32 53 74 77 15 36 57 78
3 4 12 54 75 15 36 57 78
5 5 11 32 53 74 77 16 37 58 76 79
3 5 12 54 75 16 37 58 76 79
5 2 11 32 53 74 77 17 80
3 2 12 54 75 17 80
5 2 11 32 53 74 77 60 81
3 2 12 54 75 60 81
5 7 11 32 53 74 77 1 19 33 40 55 61 82
3 7 12 54 75 1 19 33 40 55 61 82
7 4 1 19 33 40 55 61 82 20 41 62 83
3 4 12 54 75 20 41 62 83
1 1 12 54
1 1 12 75
# 12 : 12 -> 19
#c 0 19 2 3 4 5 6 7 8 9 10 11 19 13 14 15 16 17 3 19 20 0 1 2 3 4 5 6 7 8 9 10 11 19 13 14 15 16 0 8 19 20 0 3 2 3 4 5 6 7 8 9 10 11 12 19 14 15 16 7 18 19 20 0 1 2 3 4 5 6 7 8 9 10 11 12 16 11 15 16 17 18 19 20 0 8
5 2 11 32 53 74 77 54 75
2 2 22 64 54 75
2 2 22 64 13 34
2 3 22 64 14 35 56
2 4 22 64 15 36 57 78
2 5 22 64 16 37 58 76 79
2 2 22 64 17 80
2 2 22 64 60 81
5 8 11 32 53 74 77 1 12 19 33 40 55 61 82
2 8 22 64 1 12 19 33 40 55 61 82
5 4 11 32 53 74 77 20 41 62 83
2 4 22 64 20 41 62 83
# 22 : 1 -> 11
#c 0 19 2 3 4 5 6 7 8 9 10 11 19 13 14 15 16 17 3 19 20 0 11 2 3 4 5 6 7 8 9 10 11 19 13 14 15 16 0 8 19 20 0 3 2 3 4 5 6 7 8 9 10 11 12 19 14 15 16 7 18 19 20 0 1 2 3 4 5 6 7 8 9 10 11 12 16 11 15 16 17 18 19 20 0 8
6 1 0 21 38 42 63 84 64
1 4 64 2 23 44 65
1 6 64 3 18 24 43 45 66
4 6 2 23 44 65 3 18 24 43 45 66
1 4 64 4 25 46 67
4 4 2 23 44 65 4 25 46 67
1 4 64 5 26 47 68
4 4 2 23 44 65 5 26 47 68
4 4 2 23 44 65 6 27 48 69
4 5 2 23 44 65 7 28 49 59 70
4 6 2 23 44 65 8 29 39 50 71 85
4 4 2 23 44 65 9 30 51 72
4 4 2 23 44 65 10 31 52 73
4 6 5 26 47 68 11 22 32 53 74 77
4 6 2 23 44 65 11 22 32 53 74 77
4 2 5 26 47 68 54 75
4 2 2 23 44 65 54 75
4 2 5 26 47 68 13 34
4 2 2 23 44 65 13 34
4 3 5 26 47 68 14 35 56
4 3 2 23 44 65 14 35 56
4 4 5 26 47 68 15 36 57 78
4 4 2 23 44 65 15 36 57 78
4 5 5 26 47 68 16 37 58 76 79
4 5 2 23 44 65 16 37 58 76 79
4 2 5 26 47 68 17 80
4 2 2 23 44 65 17 80
4 2 5 26 47 68 60 81
4 2 2 23 44 65 60 81
4 8 5 26 47 68 1 12 19 33 40 55 61 82
4 8 2 23 44 65 1 12 19 33 40 55 61 82
4 4 5 26 47 68 20 41 62 83
4 4 2 23 44 65 20 41 62 83
1 1 2 23
1 1 2 44
1 1 2 65
# 2 : 2 -> 20
#c 0 19 20 3 4 5 6 7 8 9 10 11 19 13 14 15 16 17 3 19 20 0 11 2 3 4 5 6 7 8 9 10 11 19 13 14 15 16 0 8 19 20 0 3 2 3 4 5 6 7 8 9 10 11 12 19 14 15 16 7 18 19 20 0 1 2 3 4 5 6 7 8 9 10 11 12 16 11 15 16 17 18 19 20 0 8
1 3 64 23 44 65
6 3 0 21 38 42 63 84 23 44 65
3 6 23 44 65 3 18 24 43 45 66
3 4 23 44 65 4 25 46 67
3 4 23 44 65 5 26 47 68
3 4 23 44 65 6 27 48 69
3 5 23 44 65 7 28 49 59 70
3 6 23 44 65 8 29 39 50 71 85
3 4 23 44 65 9 30 51 72
3 4 23 44 65 10 31 52 73
3 6 23 44 65 11 22 32 53 74 77
3 2 23 44 65 54 75
3 2 23 44 65 13 34
2 3 13 34 14 35 56
2 4 13 34 15 36 57 78
2 5 13 34 16 37 58 76 79
2 2 13 34 17 80
2 2 13 34 60 81
2 8 13 34 1 12 19 33 40 55 61 82
4 5 5 26 47 68 2 20 41 62 83
2 5 13 34 2 20 41 62 83
# 13 : 13 -> 5
#c 0 19 20 3 4 5 6 7 8 9 10 11 19 5 14 15 16 17 3 19 20 0 11 2 3 4 5 6 7 8 9 10 11 19 13 14 15 16 0 8 19 20 0 3 2 3 4 5 6 7 8 9 10 11 12 19 14 15 16 7 18 19 20 0 1 2 3 4 5 6 7 8 9 10 11 12 16 11 15 16 17 18 19 20 0 8
1 5 64 5 13 26 47 68
3 5 23 44 65 5 13 26 47 68
1 4 64 6 27 48 69
5 4 5 13 26 47 68 6 27 48 69
1 5 64 7 28 49 59 70
5 5 5 13 26 47 68 7 28 49 59 70
5 6 7 28 49 59 70 8 29 39 50 71 85
5 6 5 13 26 47 68 8 29 39 50 71 85
5 4 7 28 49 59 70 9 30 51 72
5 4 5 13 26 47 68 9 30 51 72
5 4 7 28 49 59 70 10 31 52 73
5 4 5 13 26 47 68 10 31 52 73
5 6 7 28 49 59 70 11 22 32 53 74 77
5 6 5 13 26 47 68 11 22 32 53 74 77
0 19 20 3 4 5 6 7 8 9 10 11 19 13 14 15 16 17 3 19 20 0 11 2 3 4 5 6 7 8 9 10 11 19 13 14 15 16 0 8 19 20 0 3 2 3 4 5 6 7 8 9 10 11 12 19 14 15 16 7 18 19 20 0 1 2 3 4 5 6 7 8 9 10 11 12 16 11 15 16 17 18 19 20 0 8
#c 0 1 2 3 4 5 6 7 8 9 10 11 12 13 14 15 16 17 18 19 20 0 0 0 0 0 0 0 0 0 0 0 0 0 0 0 0 0 0 0 0 0 0 0 0 0 0 0 0 0 0 0 0 0 0 0 0 0 0 0 0 0 0 0 0 0 0 0 0 0 0 0 0 0 0 0 0 0 0 0 0 0 0 0 0 0
#c 0 1 2 3 4 5 6 7 8 9 10 11 12 13 14 15 16 17 18 19 20 0 0 0 0 0 0 0 0 0 0 0 0 0 0 0 0 0 0 0 0 0 0 0 0 0 0 0 0 0 0 0 0 0 0 0 0 0 0 0 0 0 0 0 0 0 0 0 0 0 0 0 0 0 0 0 0 0 0 0 0 0 0 0 0 0
66 1 0 21 22 23 24 25 26 27 28 29 30 31 32 33 34 35 36 37 38 39 40 41 42 43 44 45 46 47 48 49 50 51 52 53 54 55 56 57 58 59 60 61 62 63 64 65 66 67 68 69 70 71 72 73 74 75 76 77 78 79 80 81 82 83 84 85 1
1 1 1 2
66 1 0 21 22 23 24 25 26 27 28 29 30 31 32 33 34 35 36 37 38 39 40 41 42 43 44 45 46 47 48 49 50 51 52 53 54 55 56 57 58 59 60 61 62 63 64 65 66 67 68 69 70 71 72 73 74 75 76 77 78 79 80 81 82 83 84 85 2
1 1 2 3
66 1 0 21 22 23 24 25 26 27 28 29 30 31 32 33 34 35 36 37 38 39 40 41 42 43 44 45 46 47 48 49 50 51 52 53 54 55 56 57 58 59 60 61 62 63 64 65 66 67 68 69 70 71 72 73 74 75 76 77 78 79 80 81 82 83 84 85 3
1 1 2 4
66 1 0 21 22 23 24 25 26 27 28 29 30 31 32 33 34 35 36 37 38 39 40 41 42 43 44 45 46 47 48 49 50 51 52 53 54 55 56 57 58 59 60 61 62 63 64 65 66 67 68 69 70 71 72 73 74 75 76 77 78 79 80 81 82 83 84 85 4
1 1 2 5
66 1 0 21 22 23 24 25 26 27 28 29 30 31 32 33 34 35 36 37 38 39 40 41 42 43 44 45 46 47 48 49 50 51 52 53 54 55 56 57 58 59 60 61 62 63 64 65 66 67 68 69 70 71 72 73 74 75 76 77 78 79 80 81 82 83 84 85 5
1 1 2 6
66 1 0 21 22 23 24 25 26 27 28 29 30 31 32 33 34 35 36 37 38 39 40 41 42 43 44 45 46 47 48 49 50 51 52 53 54 55 56 57 58 59 60 61 62 63 64 65 66 67 68 69 70 71 72 73 74 75 76 77 78 79 80 81 82 83 84 85 6
1 1 2 7
66 1 0 21 22 23 24 25 26 27 28 29 30 31 32 33 34 35 36 37 38 39 40 41 42 43 44 45 46 47 48 49 50 51 52 53 54 55 56 57 58 59 60 61 62 63 64 65 66 67 68 69 70 71 72 73 74 75 76 77 78 79 80 81 82 83 84 85 7
1 1 2 8
66 1 0 21 22 23 24 25 26 27 28 29 30 31 32 33 34 35 36 37 38 39 40 41 42 43 44 45 46 47 48 49 50 51 52 53 54 55 56 57 58 59 60 61 62 63 64 65 66 67 68 69 70 71 72 73 74 75 76 77 78 79 80 81 82 83 84 85 8
1 1 2 9
66 1 0 21 22 23 24 25 26 27 28 29 30 31 32 33 34 35 36 37 38 39 40 41 42 43 44 45 46 47 48 49 50 51 52 53 54 55 56 57 58 59 60 61 62 63 64 65 66 67 68 69 70 71 72 73 74 75 76 77 78 79 80 81 82 83 84 85 9
1 1 2 10
66 1 0 21 22 23 24 25 26 27 28 29 30 31 32 33 34 35 36 37 38 39 40 41 42 43 44 45 46 47 48 49 50 51 52 53 54 55 56 57 58 59 60 61 62 63 64 65 66 67 68 69 70 71 72 73 74 75 76 77 78 79 80 81 82 83 84 85 10
1 1 2 11
66 1 0 21 22 23 24 25 26 27 28 29 30 31 32 33 34 35 36 37 38 39 40 41 42 43 44 45 46 47 48 49 50 51 52 53 54 55 56 57 58 59 60 61 62 63 64 65 66 67 68 69 70 71 72 73 74 75 76 77 78 79 80 81 82 83 84 85 11
1 1 2 12
66 1 0 21 22 23 24 25 26 27 28 29 30 31 32 33 34 35 36 37 38 39 40 41 42 43 44 45 46 47 48 49 50 51 52 53 54 55 56 57 58 59 60 61 62 63 64 65 66 67 68 69 70 71 72 73 74 75 76 77 78 79 80 81 82 83 84 85 12
1 1 2 13
66 1 0 21 22 23 24 25 26 27 28 29 30 31 32 33 34 35 36 37 38 39 40 41 42 43 44 45 46 47 48 49 50 51 52 53 54 55 56 57 58 59 60 61 62 63 64 65 66 67 68 69 70 71 72 73 74 75 76 77 78 79 80 81 82 83 84 85 13
1 1 2 14
66 1 0 21 22 23 24 25 26 27 28 29 30 31 32 33 34 35 36 37 38 39 40 41 42 43 44 45 46 47 48 49 50 51 52 53 54 55 56 57 58 59 60 61 62 63 64 65 66 67 68 69 70 71 72 73 74 75 76 77 78 79 80 81 82 83 84 85 14
1 1 2 15
66 1 0 21 22 23 24 25 26 27 28 29 30 31 32 33 34 35 36 37 38 39 40 41 42 43 44 45 46 47 48 49 50 51 52 53 54 55 56 57 58 59 60 61 62 63 64 65 66 67 68 69 70 71 72 73 74 75 76 77 78 79 80 81 82 83 84 85 15
1 1 15 16
66 1 0 21 22 23 24 25 26 27 28 29 30 31 32 33 34 35 36 37 38 39 40 41 42 43 44 45 46 47 48 49 50 51 52 53 54 55 56 57 58 59 60 61 62 63 64 65 66 67 68 69 70 71 72 73 74 75 76 77 78 79 80 81 82 83 84 85 16
1 1 15 17
66 1 0 21 22 23 24 25 26 27 28 29 30 31 32 33 34 35 36 37 38 39 40 41 42 43 44 45 46 47 48 49 50 51 52 53 54 55 56 57 58 59 60 61 62 63 64 65 66 67 68 69 70 71 72 73 74 75 76 77 78 79 80 81 82 83 84 85 17
1 1 15 18
66 1 0 21 22 23 24 25 26 27 28 29 30 31 32 33 34 35 36 37 38 39 40 41 42 43 44 45 46 47 48 49 50 51 52 53 54 55 56 57 58 59 60 61 62 63 64 65 66 67 68 69 70 71 72 73 74 75 76 77 78 79 80 81 82 83 84 85 18
1 1 15 19
66 1 0 21 22 23 24 25 26 27 28 29 30 31 32 33 34 35 36 37 38 39 40 41 42 43 44 45 46 47 48 49 50 51 52 53 54 55 56 57 58 59 60 61 62 63 64 65 66 67 68 69 70 71 72 73 74 75 76 77 78 79 80 81 82 83 84 85 19
1 1 15 20
66 1 0 21 22 23 24 25 26 27 28 29 30 31 32 33 34 35 36 37 38 39 40 41 42 43 44 45 46 47 48 49 50 51 52 53 54 55 56 57 58 59 60 61 62 63 64 65 66 67 68 69 70 71 72 73 74 75 76 77 78 79 80 81 82 83 84 85 20
1 1 0 21
1 1 0 22
1 1 0 23
1 1 0 24
1 1 0 25
1 1 0 26
1 1 0 27
1 1 0 28
1 1 0 29
1 1 0 30
1 1 0 31
1 1 0 32
1 1 0 33
1 1 0 34
1 1 0 35
1 1 0 36
1 1 0 37
1 1 0 38
1 1 0 39
1 1 0 40
1 1 0 41
1 1 0 42
1 1 0 43
1 1 0 44
1 1 0 45
1 1 0 46
1 1 0 47
1 1 0 48
1 1 0 49
1 1 0 50
1 1 0 51
1 1 0 52
1 1 0 53
1 1 0 54
1 1 0 55
1 1 0 56
1 1 0 57
1 1 0 58
1 1 0 59
1 1 0 60
1 1 0 61
1 1 0 62
1 1 0 63
1 1 0 64
1 1 0 65
1 1 0 66
1 1 0 67
1 1 0 68
1 1 0 69
1 1 0 70
1 1 0 71
1 1 0 72
1 1 0 73
1 1 0 74
1 1 0 75
1 1 0 76
1 1 0 77
1 1 0 78
1 1 0 79
1 1 0 80
1 1 0 81
1 1 0 82
1 1 0 83
1 1 0 84
1 1 0 85
# 0 : 0 -> 15
#c 15 1 2 3 4 5 6 7 8 9 10 11 12 13 14 15 16 17 18 19 20 0 0 0 0 0 0 0 0 0 0 0 0 0 0 0 0 0 0 0 0 0 0 0 0 0 0 0 0 0 0 0 0 0 0 0 0 0 0 0 0 0 0 0 0 0 0 0 0 0 0 0 0 0 0 0 0 0 0 0 0 0 0 0 0 0
65 1 21 22 23 24 25 26 27 28 29 30 31 32 33 34 35 36 37 38 39 40 41 42 43 44 45 46 47 48 49 50 51 52 53 54 55 56 57 58 59 60 61 62 63 64 65 66 67 68 69 70 71 72 73 74 75 76 77 78 79 80 81 82 83 84 85 1
65 1 21 22 23 24 25 26 27 28 29 30 31 32 33 34 35 36 37 38 39 40 41 42 43 44 45 46 47 48 49 50 51 52 53 54 55 56 57 58 59 60 61 62 63 64 65 66 67 68 69 70 71 72 73 74 75 76 77 78 79 80 81 82 83 84 85 2
65 1 21 22 23 24 25 26 27 28 29 30 31 32 33 34 35 36 37 38 39 40 41 42 43 44 45 46 47 48 49 50 51 52 53 54 55 56 57 58 59 60 61 62 63 64 65 66 67 68 69 70 71 72 73 74 75 76 77 78 79 80 81 82 83 84 85 3
65 1 21 22 23 24 25 26 27 28 29 30 31 32 33 34 35 36 37 38 39 40 41 42 43 44 45 46 47 48 49 50 51 52 53 54 55 56 57 58 59 60 61 62 63 64 65 66 67 68 69 70 71 72 73 74 75 76 77 78 79 80 81 82 83 84 85 4
65 1 21 22 23 24 25 26 27 28 29 30 31 32 33 34 35 36 37 38 39 40 41 42 43 44 45 46 47 48 49 50 51 52 53 54 55 56 57 58 59 60 61 62 63 64 65 66 67 68 69 70 71 72 73 74 75 76 77 78 79 80 81 82 83 84 85 5
65 1 21 22 23 24 25 26 27 28 29 30 31 32 33 34 35 36 37 38 39 40 41 42 43 44 45 46 47 48 49 50 51 52 53 54 55 56 57 58 59 60 61 62 63 64 65 66 67 68 69 70 71 72 73 74 75 76 77 78 79 80 81 82 83 84 85 6
65 1 21 22 23 24 25 26 27 28 29 30 31 32 33 34 35 36 37 38 39 40 41 42 43 44 45 46 47 48 49 50 51 52 53 54 55 56 57 58 59 60 61 62 63 64 65 66 67 68 69 70 71 72 73 74 75 76 77 78 79 80 81 82 83 84 85 7
65 1 21 22 23 24 25 26 27 28 29 30 31 32 33 34 35 36 37 38 39 40 41 42 43 44 45 46 47 48 49 50 51 52 53 54 55 56 57 58 59 60 61 62 63 64 65 66 67 68 69 70 71 72 73 74 75 76 77 78 79 80 81 82 83 84 85 8
65 1 21 22 23 24 25 26 27 28 29 30 31 32 33 34 35 36 37 38 39 40 41 42 43 44 45 46 47 48 49 50 51 52 53 54 55 56 57 58 59 60 61 62 63 64 65 66 67 68 69 70 71 72 73 74 75 76 77 78 79 80 81 82 83 84 85 9
65 1 21 22 23 24 25 26 27 28 29 30 31 32 33 34 35 36 37 38 39 40 41 42 43 44 45 46 47 48 49 50 51 52 53 54 55 56 57 58 59 60 61 62 63 64 65 66 67 68 69 70 71 72 73 74 75 76 77 78 79 80 81 82 83 84 85 10
65 1 21 22 23 24 25 26 27 28 29 30 31 32 33 34 35 36 37 38 39 40 41 42 43 44 45 46 47 48 49 50 51 52 53 54 55 56 57 58 59 60 61 62 63 64 65 66 67 68 69 70 71 72 73 74 75 76 77 78 79 80 81 82 83 84 85 11
65 1 21 22 23 24 25 26 27 28 29 30 31 32 33 34 35 36 37 38 39 40 41 42 43 44 45 46 47 48 49 50 51 52 53 54 55 56 57 58 59 60 61 62 63 64 65 66 67 68 69 70 71 72 73 74 75 76 77 78 79 80 81 82 83 84 85 12
65 1 21 22 23 24 25 26 27 28 29 30 31 32 33 34 35 36 37 38 39 40 41 42 43 44 45 46 47 48 49 50 51 52 53 54 55 56 57 58 59 60 61 62 63 64 65 66 67 68 69 70 71 72 73 74 75 76 77 78 79 80 81 82 83 84 85 13
65 1 21 22 23 24 25 26 27 28 29 30 31 32 33 34 35 36 37 38 39 40 41 42 43 44 45 46 47 48 49 50 51 52 53 54 55 56 57 58 59 60 61 62 63 64 65 66 67 68 69 70 71 72 73 74 75 76 77 78 79 80 81 82 83 84 85 14
1 2 2 0 15
65 2 21 22 23 24 25 26 27 28 29 30 31 32 33 34 35 36 37 38 39 40 41 42 43 44 45 46 47 48 49 50 51 52 53 54 55 56 57 58 59 60 61 62 63 64 65 66 67 68 69 70 71 72 73 74 75 76 77 78 79 80 81 82 83 84 85 0 15
2 1 0 15 16
65 1 21 22 23 24 25 26 27 28 29 30 31 32 33 34 35 36 37 38 39 40 41 42 43 44 45 46 47 48 49 50 51 52 53 54 55 56 57 58 59 60 61 62 63 64 65 66 67 68 69 70 71 72 73 74 75 76 77 78 79 80 81 82 83 84 85 16
2 1 0 15 17
65 1 21 22 23 24 25 26 27 28 29 30 31 32 33 34 35 36 37 38 39 40 41 42 43 44 45 46 47 48 49 50 51 52 53 54 55 56 57 58 59 60 61 62 63 64 65 66 67 68 69 70 71 72 73 74 75 76 77 78 79 80 81 82 83 84 85 17
2 1 0 15 18
65 1 21 22 23 24 25 26 27 28 29 30 31 32 33 34 35 36 37 38 39 40 41 42 43 44 45 46 47 48 49 50 51 52 53 54 55 56 57 58 59 60 61 62 63 64 65 66 67 68 69 70 71 72 73 74 75 76 77 78 79 80 81 82 83 84 85 18
2 1 0 15 19
65 1 21 22 23 24 25 26 27 28 29 30 31 32 33 34 35 36 37 38 39 40 41 42 43 44 45 46 47 48 49 50 51 52 53 54 55 56 57 58 59 60 61 62 63 64 65 66 67 68 69 70 71 72 73 74 75 76 77 78 79 80 81 82 83 84 85 19
2 1 0 15 20
65 1 21 22 23 24 25 26 27 28 29 30 31 32 33 34 35 36 37 38 39 40 41 42 43 44 45 46 47 48 49 50 51 52 53 54 55 56 57 58 59 60 61 62 63 64 65 66 67 68 69 70 71 72 73 74 75 76 77 78 79 80 81 82 83 84 85 20
1 1 21 22
1 1 21 23
1 1 23 24
1 1 23 25
1 1 25 26
1 1 25 27
1 1 25 28
1 1 25 29
1 1 25 30
1 1 25 31
1 1 31 32
1 1 31 33
1 1 31 34
1 1 31 35
1 1 31 36
1 1 31 37
1 1 31 38
1 1 31 39
1 1 31 40
1 1 40 41
1 1 40 42
1 1 40 43
1 1 40 44
1 1 40 45
1 1 40 46
1 1 40 47
1 1 40 48
1 1 40 49
1 1 40 50
1 1 40 51
1 1 40 52
1 1 40 53
1 1 40 54
1 1 40 55
1 1 40 56
1 1 40 57
1 1 40 58
1 1 40 59
1 1 40 60
1 1 40 61
1 1 40 62
1 1 40 63
1 1 40 64
1 1 40 65
1 1 40 66
1 1 40 67
1 1 40 68
1 1 40 69
1 1 40 70
1 1 40 71
1 1 40 72
1 1 40 73
1 1 40 74
1 1 40 75
1 1 40 76
1 1 40 77
1 1 40 78
1 1 40 79
1 1 40 80
1 1 40 81
1 1 40 82
1 1 40 83
1 1 40 84
1 1 40 85
# 40 : 0 -> 15
#c 15 1 2 3 4 5 6 7 8 9 10 11 12 13 14 15 16 17 18 19 20 0 0 0 0 0 0 0 0 0 0 0 0 0 0 0 0 0 0 0 15 0 0 0 0 0 0 0 0 0 0 0 0 0 0 0 0 0 0 0 0 0 0 0 0 0 0 0 0 0 0 0 0 0 0 0 0 0 0 0 0 0 0 0 0 0
64 1 21 22 23 24 25 26 27 28 29 30 31 32 33 34 35 36 37 38 39 41 42 43 44 45 46 47 48 49 50 51 52 53 54 55 56 57 58 59 60 61 62 63 64 65 66 67 68 69 70 71 72 73 74 75 76 77 78 79 80 81 82 83 84 85 1
64 1 21 22 23 24 25 26 27 28 29 30 31 32 33 34 35 36 37 38 39 41 42 43 44 45 46 47 48 49 50 51 52 53 54 55 56 57 58 59 60 61 62 63 64 65 66 67 68 69 70 71 72 73 74 75 76 77 78 79 80 81 82 83 84 85 2
64 1 21 22 23 24 25 26 27 28 29 30 31 32 33 34 35 36 37 38 39 41 42 43 44 45 46 47 48 49 50 51 52 53 54 55 56 57 58 59 60 61 62 63 64 65 66 67 68 69 70 71 72 73 74 75 76 77 78 79 80 81 82 83 84 85 3
64 1 21 22 23 24 25 26 27 28 29 30 31 32 33 34 35 36 37 38 39 41 42 43 44 45 46 47 48 49 50 51 52 53 54 55 56 57 58 59 60 61 62 63 64 65 66 67 68 69 70 71 72 73 74 75 76 77 78 79 80 81 82 83 84 85 4
64 1 21 22 23 24 25 26 27 28 29 30 31 32 33 34 35 36 37 38 39 41 42 43 44 45 46 47 48 49 50 51 52 53 54 55 56 57 58 59 60 61 62 63 64 65 66 67 68 69 70 71 72 73 74 75 76 77 78 79 80 81 82 83 84 85 5
64 1 21 22 23 24 25 26 27 28 29 30 31 32 33 34 35 36 37 38 39 41 42 43 44 45 46 47 48 49 50 51 52 53 54 55 56 57 58 59 60 61 62 63 64 65 66 67 68 69 70 71 72 73 74 75 76 77 78 79 80 81 82 83 84 85 6
64 1 21 22 23 24 25 26 27 28 29 30 31 32 33 34 35 36 37 38 39 41 42 43 44 45 46 47 48 49 50 51 52 53 54 55 56 57 58 59 60 61 62 63 64 65 66 67 68 69 70 71 72 73 74 75 76 77 78 79 80 81 82 83 84 85 7
64 1 21 22 23 24 25 26 27 28 29 30 31 32 33 34 35 36 37 38 39 41 42 43 44 45 46 47 48 49 50 51 52 53 54 55 56 57 58 59 60 61 62 63 64 65 66 67 68 69 70 71 72 73 74 75 76 77 78 79 80 81 82 83 84 85 8
64 1 21 22 23 24 25 26 27 28 29 30 31 32 33 34 35 36 37 38 39 41 42 43 44 45 46 47 48 49 50 51 52 53 54 55 56 57 58 59 60 61 62 63 64 65 66 67 68 69 70 71 72 73 74 75 76 77 78 79 80 81 82 83 84 85 9
64 1 21 22 23 24 25 26 27 28 29 30 31 32 33 34 35 36 37 38 39 41 42 43 44 45 46 47 48 49 50 51 52 53 54 55 56 57 58 59 60 61 62 63 64 65 66 67 68 69 70 71 72 73 74 75 76 77 78 79 80 81 82 83 84 85 10
64 1 21 22 23 24 25 26 27 28 29 30 31 32 33 34 35 36 37 38 39 41 42 43 44 45 46 47 48 49 50 51 52 53 54 55 56 57 58 59 60 61 62 63 64 65 66 67 68 69 70 71 72 73 74 75 76 77 78 79 80 81 82 83 84 85 11
64 1 21 22 23 24 25 26 27 28 29 30 31 32 33 34 35 36 37 38 39 41 42 43 44 45 46 47 48 49 50 51 52 53 54 55 56 57 58 59 60 61 62 63 64 65 66 67 68 69 70 71 72 73 74 75 76 77 78 79 80 81 82 83 84 85 12
64 1 21 22 23 24 25 26 27 28 29 30 31 32 33 34 35 36 37 38 39 41 42 43 44 45 46 47 48 49 50 51 52 53 54 55 56 57 58 59 60 61 62 63 64 65 66 67 68 69 70 71 72 73 74 75 76 77 78 79 80 81 82 83 84 85 13
64 1 21 22 23 24 25 26 27 28 29 30 31 32 33 34 35 36 37 38 39 41 42 43 44 45 46 47 48 49 50 51 52 53 54 55 56 57 58 59 60 61 62 63 64 65 66 67 68 69 70 71 72 73 74 75 76 77 78 79 80 81 82 83 84 85 14
1 3 2 0 15 40
64 3 21 22 23 24 25 26 27 28 29 30 31 32 33 34 35 36 37 38 39 41 42 43 44 45 46 47 48 49 50 51 52 53 54 55 56 57 58 59 60 61 62 63 64 65 66 67 68 69 70 71 72 73 74 75 76 77 78 79 80 81 82 83 84 85 0 15 40
3 1 0 15 40 16
64 1 21 22 23 24 25 26 27 28 29 30 31 32 33 34 35 36 37 38 39 41 42 43 44 45 46 47 48 49 50 51 52 53 54 55 56 57 58 59 60 61 62 63 64 65 66 67 68 69 70 71 72 73 74 75 76 77 78 79 80 81 82 83 84 85 16
3 1 0 15 40 17
64 1 21 22 23 24 25 26 27 28 29 30 31 32 33 34 35 36 37 38 39 41 42 43 44 45 46 47 48 49 50 51 52 53 54 55 56 57 58 59 60 61 62 63 64 65 66 67 68 69 70 71 72 73 74 75 76 77 78 79 80 81 82 83 84 85 17
3 1 0 15 40 18
64 1 21 22 23 24 25 26 27 28 29 30 31 32 33 34 35 36 37 38 39 41 42 43 44 45 46 47 48 49 50 51 52 53 54 55 56 57 58 59 60 61 62 63 64 65 66 67 68 69 70 71 72 73 74 75 76 77 78 79 80 81 82 83 84 85 18
3 1 0 15 40 19
64 1 21 22 23 24 25 26 27 28 29 30 31 32 33 34 35 36 37 38 39 41 42 43 44 45 46 47 48 49 50 51 52 53 54 55 56 57 58 59 60 61 62 63 64 65 66 67 68 69 70 71 72 73 74 75 76 77 78 79 80 81 82 83 84 85 19
3 1 0 15 40 20
64 1 21 22 23 24 25 26 27 28 29 30 31 32 33 34 35 36 37 38 39 41 42 43 44 45 46 47 48 49 50 51 52 53 54 55 56 57 58 59 60 61 62 63 64 65 66 67 68 69 70 71 72 73 74 75 76 77 78 79 80 81 82 83 84 85 20
1 1 31 41
1 1 31 42
1 1 31 43
1 1 31 44
1 1 31 45
1 1 31 46
1 1 31 47
1 1 31 48
1 1 31 49
1 1 31 50
1 1 31 51
1 1 31 52
1 1 31 53
1 1 31 54
1 1 31 55
1 1 31 56
1 1 31 57
1 1 31 58
1 1 31 59
1 1 31 60
1 1 31 61
1 1 31 62
1 1 31 63
1 1 31 64
1 1 31 65
1 1 31 66
1 1 31 67
1 1 31 68
1 1 31 69
1 1 31 70
1 1 31 71
1 1 31 72
1 1 31 73
1 1 31 74
1 1 31 75
1 1 31 76
1 1 31 77
1 1 31 78
1 1 31 79
1 1 31 80
1 1 31 81
1 1 31 82
1 1 31 83
1 1 31 84
1 1 31 85
# 31 : 0 -> 15
#c 15 1 2 3 4 5 6 7 8 9 10 11 12 13 14 15 16 17 18 19 20 0 0 0 0 0 0 0 0 0 0 15 0 0 0 0 0 0 0 0 15 0 0 0 0 0 0 0 0 0 0 0 0 0 0 0 0 0 0 0 0 0 0 0 0 0 0 0 0 0 0 0 0 0 0 0 0 0 0 0 0 0 0 0 0 0
63 1 21 22 23 24 25 26 27 28 29 30 32 33 34 35 36 37 38 39 41 42 43 44 45 46 47 48 49 50 51 52 53 54 55 56 57 58 59 60 61 62 63 64 65 66 67 68 69 70 71 72 73 74 75 76 77 78 79 80 81 82 83 84 85 1
63 1 21 22 23 24 25 26 27 28 29 30 32 33 34 35 36 37 38 39 41 42 43 44 45 46 47 48 49 50 51 52 53 54 55 56 57 58 59 60 61 62 63 64 65 66 67 68 69 70 71 72 73 74 75 76 77 78 79 80 81 82 83 84 85 2
63 1 21 22 23 24 25 26 27 28 29 30 32 33 34 35 36 37 38 39 41 42 43 44 45 46 47 48 49 50 51 52 53 54 55 56 57 58 59 60 61 62 63 64 65 66 67 68 69 70 71 72 73 74 75 76 77 78 79 80 81 82 83 84 85 3
63 1 21 22 23 24 25 26 27 28 29 30 32 33 34 35 36 37 38 39 41 42 43 44 45 46 47 48 49 50 51 52 53 54 55 56 57 58 59 60 61 62 63 64 65 66 67 68 69 70 71 72 73 74 75 76 77 78 79 80 81 82 83 84 85 4
63 1 21 22 23 24 25 26 27 28 29 30 32 33 34 35 36 37 38 39 41 42 43 44 45 46 47 48 49 50 51 52 53 54 55 56 57 58 59 60 61 62 63 64 65 66 67 68 69 70 71 72 73 74 75 76 77 78 79 80 81 82 83 84 85 5
63 1 21 22 23 24 25 26 27 28 29 30 32 33 34 35 36 37 38 39 41 42 43 44 45 46 47 48 49 50 51 52 53 54 55 56 57 58 59 60 61 62 63 64 65 66 67 68 69 70 71 72 73 74 75 76 77 78 79 80 81 82 83 84 85 6
63 1 21 22 23 24 25 26 27 28 29 30 32 33 34 35 36 37 38 39 41 42 43 44 45 46 47 48 49 50 51 52 53 54 55 56 57 58 59 60 61 62 63 64 65 66 67 68 69 70 71 72 73 74 75 76 77 78 79 80 81 82 83 84 85 7
63 1 21 22 23 24 25 26 27 28 29 30 32 33 34 35 36 37 38 39 41 42 43 44 45 46 47 48 49 50 51 52 53 54 55 56 57 58 59 60 61 62 63 64 65 66 67 68 69 70 71 72 73 74 75 76 77 78 79 80 81 82 83 84 85 8
63 1 21 22 23 24 25 26 27 28 29 30 32 33 34 35 36 37 38 39 41 42 43 44 45 46 47 48 49 50 51 52 53 54 55 56 57 58 59 60 61 62 63 64 65 66 67 68 69 70 71 72 73 74 75 76 77 78 79 80 81 82 83 84 85 9
63 1 21 22 23 24 25 26 27 28 29 30 32 33 34 35 36 37 38 39 41 42 43 44 45 46 47 48 49 50 51 52 53 54 55 56 57 58 59 60 61 62 63 64 65 66 67 68 69 70 71 72 73 74 75 76 77 78 79 80 81 82 83 84 85 10
63 1 21 22 23 24 25 26 27 28 29 30 32 33 34 35 36 37 38 39 41 42 43 44 45 46 47 48 49 50 51 52 53 54 55 56 57 58 59 60 61 62 63 64 65 66 67 68 69 70 71 72 73 74 75 76 77 78 79 80 81 82 83 84 85 11
63 1 21 22 23 24 25 26 27 28 29 30 32 33 34 35 36 37 38 39 41 42 43 44 45 46 47 48 49 50 51 52 53 54 55 56 57 58 59 60 61 62 63 64 65 66 67 68 69 70 71 72 73 74 75 76 77 78 79 80 81 82 83 84 85 12
63 1 21 22 23 24 25 26 27 28 29 30 32 33 34 35 36 37 38 39 41 42 43 44 45 46 47 48 49 50 51 52 53 54 55 56 57 58 59 60 61 62 63 64 65 66 67 68 69 70 71 72 73 74 75 76 77 78 79 80 81 82 83 84 85 13
63 1 21 22 23 24 25 26 27 28 29 30 32 33 34 35 36 37 38 39 41 42 43 44 45 46 47 48 49 50 51 52 53 54 55 56 57 58 59 60 61 62 63 64 65 66 67 68 69 70 71 72 73 74 75 76 77 78 79 80 81 82 83 84 85 14
1 4 2 0 15 31 40
63 4 21 22 23 24 25 26 27 28 29 30 32 33 34 35 36 37 38 39 41 42 43 44 45 46 47 48 49 50 51 52 53 54 55 56 57 58 59 60 61 62 63 64 65 66 67 68 69 70 71 72 73 74 75 76 77 78 79 80 81 82 83 84 85 0 15 31 40
4 1 0 15 31 40 16
63 1 21 22 23 24 25 26 27 28 29 30 32 33 34 35 36 37 38 39 41 42 43 44 45 46 47 48 49 50 51 52 53 54 55 56 57 58 59 60 61 62 63 64 65 66 67 68 69 70 71 72 73 74 75 76 77 78 79 80 81 82 83 84 85 16
4 1 0 15 31 40 17
63 1 21 22 23 24 25 26 27 28 29 30 32 33 34 35 36 37 38 39 41 42 43 44 45 46 47 48 49 50 51 52 53 54 55 56 57 58 59 60 61 62 63 64 65 66 67 68 69 70 71 72 73 74 75 76 77 78 79 80 81 82 83 84 85 17
4 1 0 15 31 40 18
63 1 21 22 23 24 25 26 27 28 29 30 32 33 34 35 36 37 38 39 41 42 43 44 45 46 47 48 49 50 51 52 53 54 55 56 57 58 59 60 61 62 63 64 65 66 67 68 69 70 71 72 73 74 75 76 77 78 79 80 81 82 83 84 85 18
4 1 0 15 31 40 19
63 1 21 22 23 24 25 26 27 28 29 30 32 33 34 35 36 37 38 39 41 42 43 44 45 46 47 48 49 50 51 52 53 54 55 56 57 58 59 60 61 62 63 64 65 66 67 68 69 70 71 72 73 74 75 76 77 78 79 80 81 82 83 84 85 19
4 1 0 15 31 40 20
63 1 21 22 23 24 25 26 27 28 29 30 32 33 34 35 36 37 38 39 41 42 43 44 45 46 47 48 49 50 51 52 53 54 55 56 57 58 59 60 61 62 63 64 65 66 67 68 69 70 71 72 73 74 75 76 77 78 79 80 81 82 83 84 85 20
1 1 25 32
1 1 25 33
1 1 25 34
1 1 25 35
1 1 25 36
1 1 25 37
1 1 37 38
1 1 37 39
1 1 37 41
1 1 37 42
1 1 37 43
1 1 37 44
1 1 37 45
1 1 37 46
1 1 37 47
1 1 37 48
1 1 37 49
1 1 37 50
1 1 37 51
1 1 37 52
1 1 37 53
1 1 37 54
1 1 37 55
1 1 37 56
1 1 37 57
1 1 37 58
1 1 37 59
1 1 37 60
1 1 37 61
1 1 37 62
1 1 37 63
1 1 37 64
1 1 37 65
1 1 37 66
1 1 37 67
1 1 37 68
1 1 37 69
1 1 37 70
1 1 37 71
1 1 37 72
1 1 37 73
1 1 37 74
1 1 37 75
1 1 37 76
1 1 37 77
1 1 37 78
1 1 37 79
1 1 37 80
1 1 37 81
1 1 37 82
1 1 37 83
1 1 37 84
1 1 37 85
# 37 : 0 -> 15
#c 15 1 2 3 4 5 6 7 8 9 10 11 12 13 14 15 16 17 18 19 20 0 0 0 0 0 0 0 0 0 0 15 0 0 0 0 0 15 0 0 15 0 0 0 0 0 0 0 0 0 0 0 0 0 0 0 0 0 0 0 0 0 0 0 0 0 0 0 0 0 0 0 0 0 0 0 0 0 0 0 0 0 0 0 0 0
62 1 21 22 23 24 25 26 27 28 29 30 32 33 34 35 36 38 39 41 42 43 44 45 46 47 48 49 50 51 52 53 54 55 56 57 58 59 60 61 62 63 64 65 66 67 68 69 70 71 72 73 74 75 76 77 78 79 80 81 82 83 84 85 1
62 1 21 22 23 24 25 26 27 28 29 30 32 33 34 35 36 38 39 41 42 43 44 45 46 47 48 49 50 51 52 53 54 55 56 57 58 59 60 61 62 63 64 65 66 67 68 69 70 71 72 73 74 75 76 77 78 79 80 81 82 83 84 85 2
62 1 21 22 23 24 25 26 27 28 29 30 32 33 34 35 36 38 39 41 42 43 44 45 46 47 48 49 50 51 52 53 54 55 56 57 58 59 60 61 62 63 64 65 66 67 68 69 70 71 72 73 74 75 76 77 78 79 80 81 82 83 84 85 3
62 1 21 22 23 24 25 26 27 28 29 30 32 33 34 35 36 38 39 41 42 43 44 45 46 47 48 49 50 51 52 53 54 55 56 57 58 59 60 61 62 63 64 65 66 67 68 69 70 71 72 73 74 75 76 77 78 79 80 81 82 83 84 85 4
62 1 21 22 23 24 25 26 27 28 29 30 32 33 34 35 36 38 39 41 42 43 44 45 46 47 48 49 50 51 52 53 54 55 56 57 58 59 60 61 62 63 64 65 66 67 68 69 70 71 72 73 74 75 76 77 78 79 80 81 82 83 84 85 5
62 1 21 22 23 24 25 26 27 28 29 30 32 33 34 35 36 38 39 41 42 43 44 45 46 47 48 49 50 51 52 53 54 55 56 57 58 59 60 61 62 63 64 65 66 67 68 69 70 71 72 73 74 75 76 77 78 79 80 81 82 83 84 85 6
62 1 21 22 23 24 25 26 27 28 29 30 32 33 34 35 36 38 39 41 42 43 44 45 46 47 48 49 50 51 52 53 54 55 56 57 58 59 60 61 62 63 64 65 66 67 68 69 70 71 72 73 74 75 76 77 78 79 80 81 82 83 84 85 7
62 1 21 22 23 24 25 26 27 28 29 30 32 33 34 35 36 38 39 41 42 43 44 45 46 47 48 49 50 51 52 53 54 55 56 57 58 59 60 61 62 63 64 65 66 67 68 69 70 71 72 73 74 75 76 77 78 79 80 81 82 83 84 85 8
62 1 21 22 23 24 25 26 27 28 29 30 32 33 34 35 36 38 39 41 42 43 44 45 46 47 48 49 50 51 52 53 54 55 56 57 58 59 60 61 62 63 64 65 66 67 68 69 70 71 72 73 74 75 76 77 78 79 80 81 82 83 84 85 9
62 1 21 22 23 24 25 26 27 28 29 30 32 33 34 35 36 38 39 41 42 43 44 45 46 47 48 49 50 51 52 53 54 55 56 57 58 59 60 61 62 63 64 65 66 67 68 69 70 71 72 73 74 75 76 77 78 79 80 81 82 83 84 85 10
62 1 21 22 23 24 25 26 27 28 29 30 32 33 34 35 36 38 39 41 42 43 44 45 46 47 48 49 50 51 52 53 54 55 56 57 58 59 60 61 62 63 64 65 66 67 68 69 70 71 72 73 74 75 76 77 78 79 80 81 82 83 84 85 11
62 1 21 22 23 24 25 26 27 28 29 30 32 33 34 35 36 38 39 41 42 43 44 45 46 47 48 49 50 51 52 53 54 55 56 57 58 59 60 61 62 63 64 65 66 67 68 69 70 71 72 73 74 75 76 77 78 79 80 81 82 83 84 85 12
62 1 21 22 23 24 25 26 27 28 29 30 32 33 34 35 36 38 39 41 42 43 44 45 46 47 48 49 50 51 52 53 54 55 56 57 58 59 60 61 62 63 64 65 66 67 68 69 70 71 72 73 74 75 76 77 78 79 80 81 82 83 84 85 13
62 1 21 22 23 24 25 26 27 28 29 30 32 33 34 35 36 38 39 41 42 43 44 45 46 47 48 49 50 51 52 53 54 55 56 57 58 59 60 61 62 63 64 65 66 67 68 69 70 71 72 73 74 75 76 77 78 79 80 81 82 83 84 85 14
1 5 2 0 15 31 37 40
62 5 21 22 23 24 25 26 27 28 29 30 32 33 34 35 36 38 39 41 42 43 44 45 46 47 48 49 50 51 52 53 54 55 56 57 58 59 60 61 62 63 64 65 66 67 68 69 70 71 72 73 74 75 76 77 78 79 80 81 82 83 84 85 0 15 31 37 40
1 1 2 16
62 1 21 22 23 24 25 26 27 28 29 30 32 33 34 35 36 38 39 41 42 43 44 45 46 47 48 49 50 51 52 53 54 55 56 57 58 59 60 61 62 63 64 65 66 67 68 69 70 71 72 73 74 75 76 77 78 79 80 81 82 83 84 85 16
1 1 2 17
62 1 21 22 23 24 25 26 27 28 29 30 32 33 34 35 36 38 39 41 42 43 44 45 46 47 48 49 50 51 52 53 54 55 56 57 58 59 60 61 62 63 64 65 66 67 68 69 70 71 72 73 74 75 76 77 78 79 80 81 82 83 84 85 17
1 1 2 18
62 1 21 22 23 24 25 26 27 28 29 30 32 33 34 35 36 38 39 41 42 43 44 45 46 47 48 49 50 51 52 53 54 55 56 57 58 59 60 61 62 63 64 65 66 67 68 69 70 71 72 73 74 75 76 77 78 79 80 81 82 83 84 85 18
1 1 2 19
62 1 21 22 23 24 25 26 27 28 29 30 32 33 34 35 36 38 39 41 42 43 44 45 46 47 48 49 50 51 52 53 54 55 56 57 58 59 60 61 62 63 64 65 66 67 68 69 70 71 72 73 74 75 76 77 78 79 80 81 82 83 84 85 19
1 1 2 20
62 1 21 22 23 24 25 26 27 28 29 30 32 33 34 35 36 38 39 41 42 43 44 45 46 47 48 49 50 51 52 53 54 55 56 57 58 59 60 61 62 63 64 65 66 67 68 69 70 71 72 73 74 75 76 77 78 79 80 81 82 83 84 85 20
1 1 25 38
1 1 25 39
1 1 39 41
1 1 41 42
1 1 41 43
1 1 41 44
1 1 41 45
1 1 41 46
1 1 41 47
1 1 41 48
1 1 41 49
1 1 41 50
# 41 : 0 -> 2
15 1 2 3 4 5 6 7 8 9 10 11 12 13 14 15 16 17 18 19 20 0 0 0 0 0 0 0 0 0 0 15 0 0 0 0 0 15 0 0 15 2 0 0 0 0 0 0 0 0 0 0 0 0 0 0 0 0 0 0 0 0 0 0 0 0 0 0 0 0 0 0 0 0 0 0 0 0 0 0 0 0 0 0 0 0
