#c 0 1 2 3 4 5 0 1 2 3 4 5 0 1 2 3 4 5 0 1 2 3 4 5 0 1 2 3 4 5 0 1 2 3 4 5 0 1 2 3 4 5 0 1 2 3
#c 0 1 2 3 4 5 0 1 2 3 4 5 0 1 2 3 4 5 0 1 2 3 4 5 0 1 2 3 4 5 0 1 2 3 4 5 0 1 2 3 4 5 0 1 2 3
8 8 0 6 12 18 24 30 36 42 1 7 13 19 25 31 37 43
8 8 0 6 12 18 24 30 36 42 2 8 14 20 26 32 38 44
8 8 1 7 13 19 25 31 37 43 2 8 14 20 26 32 38 44
8 8 0 6 12 18 24 30 36 42 3 9 15 21 27 33 39 45
8 8 1 7 13 19 25 31 37 43 3 9 15 21 27 33 39 45
8 7 0 6 12 18 24 30 36 42 4 10 16 22 28 34 40
8 7 3 9 15 21 27 33 39 45 4 10 16 22 28 34 40
7 7 4 10 16 22 28 34 40 5 11 17 23 29 35 41
8 7 3 9 15 21 27 33 39 45 5 11 17 23 29 35 41
1 1 3 9
1 1 9 15
1 1 15 21
1 1 15 27
1 1 15 33
1 1 15 39
1 1 15 45
# 15 : 3 -> 4
#c 0 1 2 3 4 5 0 1 2 3 4 5 0 1 2 4 4 5 0 1 2 3 4 5 0 1 2 3 4 5 0 1 2 3 4 5 0 1 2 3 4 5 0 1 2 3
8 7 0 6 12 18 24 30 36 42 3 9 21 27 33 39 45
8 7 1 7 13 19 25 31 37 43 3 9 21 27 33 39 45
8 8 0 6 12 18 24 30 36 42 4 10 15 16 22 28 34 40
7 8 3 9 21 27 33 39 45 4 10 15 16 22 28 34 40
8 7 4 10 15 16 22 28 34 40 5 11 17 23 29 35 41
7 7 3 9 21 27 33 39 45 5 11 17 23 29 35 41
1 1 9 21
1 1 9 27
1 1 27 33
1 1 27 39
1 1 27 45
# 27 : 3 -> 4
#c 0 1 2 3 4 5 0 1 2 3 4 5 0 1 2 4 4 5 0 1 2 3 4 5 0 1 2 4 4 5 0 1 2 3 4 5 0 1 2 3 4 5 0 1 2 3
8 6 0 6 12 18 24 30 36 42 3 9 21 33 39 45
8 6 1 7 13 19 25 31 37 43 3 9 21 33 39 45
8 9 0 6 12 18 24 30 36 42 4 10 15 16 22 27 28 34 40
6 9 3 9 21 33 39 45 4 10 15 16 22 27 28 34 40
9 7 4 10 15 16 22 27 28 34 40 5 11 17 23 29 35 41
6 7 3 9 21 33 39 45 5 11 17 23 29 35 41
1 1 9 33
1 1 9 39
1 1 9 45
# 9 : 3 -> 4
#c 0 1 2 3 4 5 0 1 2 4 4 5 0 1 2 4 4 5 0 1 2 3 4 5 0 1 2 4 4 5 0 1 2 3 4 5 0 1 2 3 4 5 0 1 2 3
8 5 0 6 12 18 24 30 36 42 3 21 33 39 45
8 5 1 7 13 19 25 31 37 43 3 21 33 39 45
8 10 0 6 12 18 24 30 36 42 4 9 10 15 16 22 27 28 34 40
8 10 1 7 13 19 25 31 37 43 4 9 10 15 16 22 27 28 34 40
8 7 0 6 12 18 24 30 36 42 5 11 17 23 29 35 41
8 7 1 7 13 19 25 31 37 43 5 11 17 23 29 35 41
1 1 1 7
1 1 1 13
1 1 1 19
1 1 1 25
1 1 1 31
1 1 1 37
1 1 37 43
# 37 : 1 -> 0
#c 0 1 2 3 4 5 0 1 2 4 4 5 0 1 2 4 4 5 0 1 2 3 4 5 0 1 2 4 4 5 0 1 2 3 4 5 0 0 2 3 4 5 0 1 2 3
9 7 0 6 12 18 24 30 36 37 42 1 7 13 19 25 31 43
9 8 0 6 12 18 24 30 36 37 42 2 8 14 20 26 32 38 44
7 8 1 7 13 19 25 31 43 2 8 14 20 26 32 38 44
8 5 2 8 14 20 26 32 38 44 3 21 33 39 45
7 5 1 7 13 19 25 31 43 3 21 33 39 45
8 10 2 8 14 20 26 32 38 44 4 9 10 15 16 22 27 28 34 40
7 10 1 7 13 19 25 31 43 4 9 10 15 16 22 27 28 34 40
8 7 2 8 14 20 26 32 38 44 5 11 17 23 29 35 41
7 7 1 7 13 19 25 31 43 5 11 17 23 29 35 41
1 1 1 43
# 1 : 1 -> 2
#c 0 2 2 3 4 5 0 1 2 4 4 5 0 1 2 4 4 5 0 1 2 3 4 5 0 1 2 4 4 5 0 1 2 3 4 5 0 0 2 3 4 5 0 1 2 3
9 6 0 6 12 18 24 30 36 37 42 7 13 19 25 31 43
9 9 0 6 12 18 24 30 36 37 42 1 2 8 14 20 26 32 38 44
6 9 7 13 19 25 31 43 1 2 8 14 20 26 32 38 44
9 5 0 6 12 18 24 30 36 37 42 3 21 33 39 45
6 5 7 13 19 25 31 43 3 21 33 39 45
9 10 0 6 12 18 24 30 36 37 42 4 9 10 15 16 22 27 28 34 40
5 10 3 21 33 39 45 4 9 10 15 16 22 27 28 34 40
9 7 0 6 12 18 24 30 36 37 42 5 11 17 23 29 35 41
5 7 3 21 33 39 45 5 11 17 23 29 35 41
1 1 3 21
1 1 21 33
1 1 21 39
1 1 21 45
# 21 : 3 -> 0
#c 0 2 2 3 4 5 0 1 2 4 4 5 0 1 2 4 4 5 0 1 2 0 4 5 0 1 2 4 4 5 0 1 2 3 4 5 0 0 2 3 4 5 0 1 2 3
10 6 0 6 12 18 21 24 30 36 37 42 7 13 19 25 31 43
10 9 0 6 12 18 21 24 30 36 37 42 1 2 8 14 20 26 32 38 44
9 4 1 2 8 14 20 26 32 38 44 3 33 39 45
6 4 7 13 19 25 31 43 3 33 39 45
9 10 1 2 8 14 20 26 32 38 44 4 9 10 15 16 22 27 28 34 40
6 10 7 13 19 25 31 43 4 9 10 15 16 22 27 28 34 40
9 7 1 2 8 14 20 26 32 38 44 5 11 17 23 29 35 41
6 7 7 13 19 25 31 43 5 11 17 23 29 35 41
1 1 7 13
1 1 7 19
1 1 19 25
1 1 25 31
1 1 25 43
# 25 : 1 -> 2
#c 0 2 2 3 4 5 0 1 2 4 4 5 0 1 2 4 4 5 0 1 2 0 4 5 0 2 2 4 4 5 0 1 2 3 4 5 0 0 2 3 4 5 0 1 2 3
10 5 0 6 12 18 21 24 30 36 37 42 7 13 19 31 43
10 10 0 6 12 18 21 24 30 36 37 42 1 2 8 14 20 25 26 32 38 44
5 10 7 13 19 31 43 1 2 8 14 20 25 26 32 38 44
10 4 0 6 12 18 21 24 30 36 37 42 3 33 39 45
5 4 7 13 19 31 43 3 33 39 45
10 10 0 6 12 18 21 24 30 36 37 42 4 9 10 15 16 22 27 28 34 40
4 10 3 33 39 45 4 9 10 15 16 22 27 28 34 40
10 7 4 9 10 15 16 22 27 28 34 40 5 11 17 23 29 35 41
4 7 3 33 39 45 5 11 17 23 29 35 41
1 1 5 11
1 1 11 17
1 1 17 23
1 1 17 29
1 1 17 35
1 1 17 41
# 17 : 5 -> 4
#c 0 2 2 3 4 5 0 1 2 4 4 5 0 1 2 4 4 4 0 1 2 0 4 5 0 2 2 4 4 5 0 1 2 3 4 5 0 0 2 3 4 5 0 1 2 3
10 11 0 6 12 18 21 24 30 36 37 42 4 9 10 15 16 17 22 27 28 34 40
4 11 3 33 39 45 4 9 10 15 16 17 22 27 28 34 40
11 6 4 9 10 15 16 17 22 27 28 34 40 5 11 23 29 35 41
4 6 3 33 39 45 5 11 23 29 35 41
1 1 11 23
1 1 11 29
1 1 29 35
1 1 29 41
# 29 : 5 -> 4
#c 0 2 2 3 4 5 0 1 2 4 4 5 0 1 2 4 4 4 0 1 2 0 4 5 0 2 2 4 4 4 0 1 2 3 4 5 0 0 2 3 4 5 0 1 2 3
10 12 0 6 12 18 21 24 30 36 37 42 4 9 10 15 16 17 22 27 28 29 34 40
4 12 3 33 39 45 4 9 10 15 16 17 22 27 28 29 34 40
10 5 0 6 12 18 21 24 30 36 37 42 5 11 23 35 41
4 5 3 33 39 45 5 11 23 35 41
1 1 11 35
1 1 35 41
# 35 : 5 -> 0
#c 0 2 2 3 4 5 0 1 2 4 4 5 0 1 2 4 4 4 0 1 2 0 4 5 0 2 2 4 4 4 0 1 2 3 4 0 0 0 2 3 4 5 0 1 2 3
11 5 0 6 12 18 21 24 30 35 36 37 42 7 13 19 31 43
11 10 0 6 12 18 21 24 30 35 36 37 42 1 2 8 14 20 25 26 32 38 44
10 4 1 2 8 14 20 25 26 32 38 44 3 33 39 45
10 12 1 2 8 14 20 25 26 32 38 44 4 9 10 15 16 17 22 27 28 29 34 40
12 4 4 9 10 15 16 17 22 27 28 29 34 40 5 11 23 41
4 4 3 33 39 45 5 11 23 41
1 1 3 33
1 1 3 39
1 1 3 45
# 3 : 3 -> 4
#c 0 2 2 4 4 5 0 1 2 4 4 5 0 1 2 4 4 4 0 1 2 0 4 5 0 2 2 4 4 4 0 1 2 3 4 0 0 0 2 3 4 5 0 1 2 3
10 3 1 2 8 14 20 25 26 32 38 44 33 39 45
5 3 7 13 19 31 43 33 39 45
10 13 1 2 8 14 20 25 26 32 38 44 3 4 9 10 15 16 17 22 27 28 29 34 40
5 13 7 13 19 31 43 3 4 9 10 15 16 17 22 27 28 29 34 40
10 4 1 2 8 14 20 25 26 32 38 44 5 11 23 41
5 4 7 13 19 31 43 5 11 23 41
1 1 19 31
1 1 19 43
# 19 : 1 -> 2
#c 0 2 2 4 4 5 0 1 2 4 4 5 0 1 2 4 4 4 0 2 2 0 4 5 0 2 2 4 4 4 0 1 2 3 4 0 0 0 2 3 4 5 0 1 2 3
11 4 0 6 12 18 21 24 30 35 36 37 42 7 13 31 43
11 11 0 6 12 18 21 24 30 35 36 37 42 1 2 8 14 19 20 25 26 32 38 44
4 11 7 13 31 43 1 2 8 14 19 20 25 26 32 38 44
11 3 0 6 12 18 21 24 30 35 36 37 42 33 39 45
4 3 7 13 31 43 33 39 45
11 13 0 6 12 18 21 24 30 35 36 37 42 3 4 9 10 15 16 17 22 27 28 29 34 40
4 13 7 13 31 43 3 4 9 10 15 16 17 22 27 28 29 34 40
11 4 0 6 12 18 21 24 30 35 36 37 42 5 11 23 41
4 4 7 13 31 43 5 11 23 41
1 1 11 41
# 11 : 5 -> 0
#c 0 2 2 4 4 5 0 1 2 4 4 0 0 1 2 4 4 4 0 2 2 0 4 5 0 2 2 4 4 4 0 1 2 3 4 0 0 0 2 3 4 5 0 1 2 3
12 4 0 6 11 12 18 21 24 30 35 36 37 42 7 13 31 43
12 11 0 6 11 12 18 21 24 30 35 36 37 42 1 2 8 14 19 20 25 26 32 38 44
11 3 1 2 8 14 19 20 25 26 32 38 44 33 39 45
12 3 0 6 11 12 18 21 24 30 35 36 37 42 33 39 45
0 2 2 4 4 5 0 1 2 4 4 0 0 1 2 4 4 4 0 2 2 0 4 5 0 2 2 4 4 4 0 1 2 3 4 0 0 0 2 3 4 5 0 1 2 3
#c 0 1 2 3 4 5 0 0 0 0 0 0 0 0 0 0 0 0 0 0 0 0 0 0 0 0 0 0 0 0 0 0 0 0 0 0 0 0 0 0 0 0 0 0 0 0
#c 0 1 2 3 4 5 0 0 0 0 0 0 0 0 0 0 0 0 0 0 0 0 0 0 0 0 0 0 0 0 0 0 0 0 0 0 0 0 0 0 0 0 0 0 0 0
41 1 0 6 7 8 9 10 11 12 13 14 15 16 17 18 19 20 21 22 23 24 25 26 27 28 29 30 31 32 33 34 35 36 37 38 39 40 41 42 43 44 45 1
1 1 1 2
41 1 0 6 7 8 9 10 11 12 13 14 15 16 17 18 19 20 21 22 23 24 25 26 27 28 29 30 31 32 33 34 35 36 37 38 39 40 41 42 43 44 45 2
1 1 1 3
41 1 0 6 7 8 9 10 11 12 13 14 15 16 17 18 19 20 21 22 23 24 25 26 27 28 29 30 31 32 33 34 35 36 37 38 39 40 41 42 43 44 45 3
1 1 1 4
41 1 0 6 7 8 9 10 11 12 13 14 15 16 17 18 19 20 21 22 23 24 25 26 27 28 29 30 31 32 33 34 35 36 37 38 39 40 41 42 43 44 45 4
1 1 1 5
41 1 0 6 7 8 9 10 11 12 13 14 15 16 17 18 19 20 21 22 23 24 25 26 27 28 29 30 31 32 33 34 35 36 37 38 39 40 41 42 43 44 45 5
1 1 0 6
1 1 6 7
1 1 6 8
1 1 8 9
1 1 8 10
1 1 8 11
1 1 8 12
1 1 8 13
1 1 8 14
1 1 8 15
1 1 15 16
1 1 15 17
1 1 17 18
1 1 17 19
1 1 17 20
1 1 17 21
1 1 17 22
1 1 17 23
1 1 17 24
1 1 17 25
1 1 17 26
1 1 17 27
1 1 17 28
1 1 17 29
1 1 17 30
1 1 30 31
1 1 30 32
1 1 30 33
1 1 30 34
1 1 30 35
1 1 30 36
1 1 30 37
1 1 30 38
1 1 30 39
1 1 30 40
1 1 30 41
1 1 30 42
1 1 30 43
1 1 30 44
1 1 30 45
# 30 : 0 -> 1
#c 0 1 2 3 4 5 0 0 0 0 0 0 0 0 0 0 0 0 0 0 0 0 0 0 0 0 0 0 0 0 1 0 0 0 0 0 0 0 0 0 0 0 0 0 0 0
40 2 0 6 7 8 9 10 11 12 13 14 15 16 17 18 19 20 21 22 23 24 25 26 27 28 29 31 32 33 34 35 36 37 38 39 40 41 42 43 44 45 1 30
2 1 1 30 2
40 1 0 6 7 8 9 10 11 12 13 14 15 16 17 18 19 20 21 22 23 24 25 26 27 28 29 31 32 33 34 35 36 37 38 39 40 41 42 43 44 45 2
2 1 1 30 3
40 1 0 6 7 8 9 10 11 12 13 14 15 16 17 18 19 20 21 22 23 24 25 26 27 28 29 31 32 33 34 35 36 37 38 39 40 41 42 43 44 45 3
2 1 1 30 4
40 1 0 6 7 8 9 10 11 12 13 14 15 16 17 18 19 20 21 22 23 24 25 26 27 28 29 31 32 33 34 35 36 37 38 39 40 41 42 43 44 45 4
2 1 1 30 5
40 1 0 6 7 8 9 10 11 12 13 14 15 16 17 18 19 20 21 22 23 24 25 26 27 28 29 31 32 33 34 35 36 37 38 39 40 41 42 43 44 45 5
1 1 17 31
1 1 17 32
1 1 17 33
1 1 17 34
1 1 17 35
1 1 17 36
1 1 17 37
1 1 17 38
1 1 17 39
1 1 17 40
1 1 17 41
1 1 17 42
1 1 17 43
1 1 17 44
1 1 17 45
# 17 : 0 -> 1
#c 0 1 2 3 4 5 0 0 0 0 0 0 0 0 0 0 0 1 0 0 0 0 0 0 0 0 0 0 0 0 1 0 0 0 0 0 0 0 0 0 0 0 0 0 0 0
39 3 0 6 7 8 9 10 11 12 13 14 15 16 18 19 20 21 22 23 24 25 26 27 28 29 31 32 33 34 35 36 37 38 39 40 41 42 43 44 45 1 17 30
3 1 1 17 30 2
39 1 0 6 7 8 9 10 11 12 13 14 15 16 18 19 20 21 22 23 24 25 26 27 28 29 31 32 33 34 35 36 37 38 39 40 41 42 43 44 45 2
1 1 2 3
39 1 0 6 7 8 9 10 11 12 13 14 15 16 18 19 20 21 22 23 24 25 26 27 28 29 31 32 33 34 35 36 37 38 39 40 41 42 43 44 45 3
1 1 2 4
39 1 0 6 7 8 9 10 11 12 13 14 15 16 18 19 20 21 22 23 24 25 26 27 28 29 31 32 33 34 35 36 37 38 39 40 41 42 43 44 45 4
1 1 2 5
39 1 0 6 7 8 9 10 11 12 13 14 15 16 18 19 20 21 22 23 24 25 26 27 28 29 31 32 33 34 35 36 37 38 39 40 41 42 43 44 45 5
1 1 15 18
1 1 15 19
1 1 15 20
1 1 15 21
1 1 15 22
1 1 15 23
1 1 15 24
1 1 15 25
1 1 15 26
1 1 15 27
1 1 15 28
1 1 15 29
1 1 15 31
1 1 15 32
1 1 15 33
1 1 15 34
1 1 15 35
1 1 15 36
1 1 15 37
1 1 37 38
1 1 37 39
1 1 37 40
1 1 37 41
1 1 37 42
1 1 37 43
1 1 37 44
1 1 37 45
# 37 : 0 -> 2
#c 0 1 2 3 4 5 0 0 0 0 0 0 0 0 0 0 0 1 0 0 0 0 0 0 0 0 0 0 0 0 1 0 0 0 0 0 0 2 0 0 0 0 0 0 0 0
38 3 0 6 7 8 9 10 11 12 13 14 15 16 18 19 20 21 22 23 24 25 26 27 28 29 31 32 33 34 35 36 38 39 40 41 42 43 44 45 1 17 30
3 2 1 17 30 2 37
38 2 0 6 7 8 9 10 11 12 13 14 15 16 18 19 20 21 22 23 24 25 26 27 28 29 31 32 33 34 35 36 38 39 40 41 42 43 44 45 2 37
3 1 1 17 30 3
38 1 0 6 7 8 9 10 11 12 13 14 15 16 18 19 20 21 22 23 24 25 26 27 28 29 31 32 33 34 35 36 38 39 40 41 42 43 44 45 3
3 1 1 17 30 4
38 1 0 6 7 8 9 10 11 12 13 14 15 16 18 19 20 21 22 23 24 25 26 27 28 29 31 32 33 34 35 36 38 39 40 41 42 43 44 45 4
3 1 1 17 30 5
38 1 0 6 7 8 9 10 11 12 13 14 15 16 18 19 20 21 22 23 24 25 26 27 28 29 31 32 33 34 35 36 38 39 40 41 42 43 44 45 5
1 1 15 38
1 1 15 39
1 1 15 40
1 1 15 41
1 1 15 42
1 1 15 43
1 1 15 44
1 1 15 45
# 15 : 0 -> 1
#c 0 1 2 3 4 5 0 0 0 0 0 0 0 0 0 1 0 1 0 0 0 0 0 0 0 0 0 0 0 0 1 0 0 0 0 0 0 2 0 0 0 0 0 0 0 0
37 4 0 6 7 8 9 10 11 12 13 14 16 18 19 20 21 22 23 24 25 26 27 28 29 31 32 33 34 35 36 38 39 40 41 42 43 44 45 1 15 17 30
4 2 1 15 17 30 2 37
37 2 0 6 7 8 9 10 11 12 13 14 16 18 19 20 21 22 23 24 25 26 27 28 29 31 32 33 34 35 36 38 39 40 41 42 43 44 45 2 37
2 1 2 37 3
37 1 0 6 7 8 9 10 11 12 13 14 16 18 19 20 21 22 23 24 25 26 27 28 29 31 32 33 34 35 36 38 39 40 41 42 43 44 45 3
2 1 2 37 4
37 1 0 6 7 8 9 10 11 12 13 14 16 18 19 20 21 22 23 24 25 26 27 28 29 31 32 33 34 35 36 38 39 40 41 42 43 44 45 4
2 1 2 37 5
37 1 0 6 7 8 9 10 11 12 13 14 16 18 19 20 21 22 23 24 25 26 27 28 29 31 32 33 34 35 36 38 39 40 41 42 43 44 45 5
1 1 8 16
1 1 8 18
1 1 8 19
1 1 8 20
1 1 8 21
1 1 8 22
1 1 8 23
1 1 8 24
1 1 8 25
1 1 8 26
# 8 : 0 -> 2
0 1 2 3 4 5 0 0 2 0 0 0 0 0 0 1 0 1 0 0 0 0 0 0 0 0 0 0 0 0 1 0 0 0 0 0 0 2 0 0 0 0 0 0 0 0
