#c 0 1 2 3 4 0 1 2 3 4 0 1 2 3 4 0 1 2 3 4 0 1 2 3 4 0 1 2 3 4 0 1 2 3 4 0 1 2 3 4 0 1 2 3 4 0 1 2 3 4 0 1 2 3 4 0 1 2 3 4 0
#c 0 1 2 3 4 0 1 2 3 4 0 1 2 3 4 0 1 2 3 4 0 1 2 3 4 0 1 2 3 4 0 1 2 3 4 0 1 2 3 4 0 1 2 3 4 0 1 2 3 4 0 1 2 3 4 0 1 2 3 4 0
13 12 0 5 10 15 20 25 30 35 40 45 50 55 60 1 6 11 16 21 26 31 36 41 46 51 56
12 12 1 6 11 16 21 26 31 36 41 46 51 56 2 7 12 17 22 27 32 37 42 47 52 57
13 12 0 5 10 15 20 25 30 35 40 45 50 55 60 2 7 12 17 22 27 32 37 42 47 52 57
12 12 1 6 11 16 21 26 31 36 41 46 51 56 3 8 13 18 23 28 33 38 43 48 53 58
13 12 0 5 10 15 20 25 30 35 40 45 50 55 60 3 8 13 18 23 28 33 38 43 48 53 58
12 12 1 6 11 16 21 26 31 36 41 46 51 56 4 9 14 19 24 29 34 39 44 49 54 59
13 12 0 5 10 15 20 25 30 35 40 45 50 55 60 4 9 14 19 24 29 34 39 44 49 54 59
1 1 0 5
1 1 0 10
1 1 0 15
1 1 0 20
1 1 0 25
1 1 0 30
1 1 0 35
1 1 0 40
1 1 0 45
1 1 0 50
1 1 0 55
1 1 55 60
# 60 : 0 -> 4
#c 0 1 2 3 4 0 1 2 3 4 0 1 2 3 4 0 1 2 3 4 0 1 2 3 4 0 1 2 3 4 0 1 2 3 4 0 1 2 3 4 0 1 2 3 4 0 1 2 3 4 0 1 2 3 4 0 1 2 3 4 4
12 12 0 5 10 15 20 25 30 35 40 45 50 55 1 6 11 16 21 26 31 36 41 46 51 56
12 12 0 5 10 15 20 25 30 35 40 45 50 55 2 7 12 17 22 27 32 37 42 47 52 57
12 12 0 5 10 15 20 25 30 35 40 45 50 55 3 8 13 18 23 28 33 38 43 48 53 58
12 13 1 6 11 16 21 26 31 36 41 46 51 56 4 9 14 19 24 29 34 39 44 49 54 59 60
12 13 0 5 10 15 20 25 30 35 40 45 50 55 4 9 14 19 24 29 34 39 44 49 54 59 60
# 55 : 0 -> 4
#c 0 1 2 3 4 0 1 2 3 4 0 1 2 3 4 0 1 2 3 4 0 1 2 3 4 0 1 2 3 4 0 1 2 3 4 0 1 2 3 4 0 1 2 3 4 0 1 2 3 4 0 1 2 3 4 4 1 2 3 4 4
11 12 0 5 10 15 20 25 30 35 40 45 50 1 6 11 16 21 26 31 36 41 46 51 56
11 12 0 5 10 15 20 25 30 35 40 45 50 2 7 12 17 22 27 32 37 42 47 52 57
11 12 0 5 10 15 20 25 30 35 40 45 50 3 8 13 18 23 28 33 38 43 48 53 58
12 14 1 6 11 16 21 26 31 36 41 46 51 56 4 9 14 19 24 29 34 39 44 49 54 55 59 60
11 14 0 5 10 15 20 25 30 35 40 45 50 4 9 14 19 24 29 34 39 44 49 54 55 59 60
# 0 : 0 -> 4
#c 4 1 2 3 4 0 1 2 3 4 0 1 2 3 4 0 1 2 3 4 0 1 2 3 4 0 1 2 3 4 0 1 2 3 4 0 1 2 3 4 0 1 2 3 4 0 1 2 3 4 0 1 2 3 4 4 1 2 3 4 4
10 12 5 10 15 20 25 30 35 40 45 50 1 6 11 16 21 26 31 36 41 46 51 56
10 12 5 10 15 20 25 30 35 40 45 50 2 7 12 17 22 27 32 37 42 47 52 57
10 12 5 10 15 20 25 30 35 40 45 50 3 8 13 18 23 28 33 38 43 48 53 58
12 15 1 6 11 16 21 26 31 36 41 46 51 56 0 4 9 14 19 24 29 34 39 44 49 54 55 59 60
10 15 5 10 15 20 25 30 35 40 45 50 0 4 9 14 19 24 29 34 39 44 49 54 55 59 60
1 1 5 10
1 1 5 15
1 1 15 20
1 1 15 25
1 1 15 30
1 1 15 35
1 1 15 40
1 1 40 45
1 1 40 50
# 40 : 0 -> 4
#c 4 1 2 3 4 0 1 2 3 4 0 1 2 3 4 0 1 2 3 4 0 1 2 3 4 0 1 2 3 4 0 1 2 3 4 0 1 2 3 4 4 1 2 3 4 0 1 2 3 4 0 1 2 3 4 4 1 2 3 4 4
9 12 5 10 15 20 25 30 35 45 50 1 6 11 16 21 26 31 36 41 46 51 56
9 12 5 10 15 20 25 30 35 45 50 2 7 12 17 22 27 32 37 42 47 52 57
12 12 2 7 12 17 22 27 32 37 42 47 52 57 3 8 13 18 23 28 33 38 43 48 53 58
12 16 1 6 11 16 21 26 31 36 41 46 51 56 0 4 9 14 19 24 29 34 39 40 44 49 54 55 59 60
12 16 2 7 12 17 22 27 32 37 42 47 52 57 0 4 9 14 19 24 29 34 39 40 44 49 54 55 59 60
1 1 2 7
1 1 7 12
1 1 7 17
1 1 7 22
1 1 7 27
1 1 7 32
1 1 7 37
1 1 7 42
1 1 7 47
1 1 7 52
1 1 7 57
# 7 : 2 -> 4
#c 4 1 2 3 4 0 1 4 3 4 0 1 2 3 4 0 1 2 3 4 0 1 2 3 4 0 1 2 3 4 0 1 2 3 4 0 1 2 3 4 4 1 2 3 4 0 1 2 3 4 0 1 2 3 4 4 1 2 3 4 4
12 11 1 6 11 16 21 26 31 36 41 46 51 56 2 12 17 22 27 32 37 42 47 52 57
9 11 5 10 15 20 25 30 35 45 50 2 12 17 22 27 32 37 42 47 52 57
11 12 2 12 17 22 27 32 37 42 47 52 57 3 8 13 18 23 28 33 38 43 48 53 58
12 17 1 6 11 16 21 26 31 36 41 46 51 56 0 4 7 9 14 19 24 29 34 39 40 44 49 54 55 59 60
11 17 2 12 17 22 27 32 37 42 47 52 57 0 4 7 9 14 19 24 29 34 39 40 44 49 54 55 59 60
1 1 2 12
1 1 12 17
1 1 17 22
1 1 17 27
1 1 17 32
1 1 17 37
1 1 17 42
1 1 17 47
1 1 17 52
1 1 17 57
# 17 : 2 -> 4
#c 4 1 2 3 4 0 1 4 3 4 0 1 2 3 4 0 1 4 3 4 0 1 2 3 4 0 1 2 3 4 0 1 2 3 4 0 1 2 3 4 4 1 2 3 4 0 1 2 3 4 0 1 2 3 4 4 1 2 3 4 4
12 10 1 6 11 16 21 26 31 36 41 46 51 56 2 12 22 27 32 37 42 47 52 57
9 10 5 10 15 20 25 30 35 45 50 2 12 22 27 32 37 42 47 52 57
9 12 5 10 15 20 25 30 35 45 50 3 8 13 18 23 28 33 38 43 48 53 58
12 18 1 6 11 16 21 26 31 36 41 46 51 56 0 4 7 9 14 17 19 24 29 34 39 40 44 49 54 55 59 60
9 18 5 10 15 20 25 30 35 45 50 0 4 7 9 14 17 19 24 29 34 39 40 44 49 54 55 59 60
1 1 15 45
1 1 15 50
# 15 : 0 -> 4
#c 4 1 2 3 4 0 1 4 3 4 0 1 2 3 4 4 1 4 3 4 0 1 2 3 4 0 1 2 3 4 0 1 2 3 4 0 1 2 3 4 4 1 2 3 4 0 1 2 3 4 0 1 2 3 4 4 1 2 3 4 4
8 12 5 10 20 25 30 35 45 50 1 6 11 16 21 26 31 36 41 46 51 56
8 10 5 10 20 25 30 35 45 50 2 12 22 27 32 37 42 47 52 57
10 12 2 12 22 27 32 37 42 47 52 57 3 8 13 18 23 28 33 38 43 48 53 58
12 19 1 6 11 16 21 26 31 36 41 46 51 56 0 4 7 9 14 15 17 19 24 29 34 39 40 44 49 54 55 59 60
10 19 2 12 22 27 32 37 42 47 52 57 0 4 7 9 14 15 17 19 24 29 34 39 40 44 49 54 55 59 60
1 1 12 22
1 1 12 27
1 1 12 32
1 1 12 37
1 1 12 42
1 1 42 47
1 1 42 52
1 1 42 57
# 42 : 2 -> 4
#c 4 1 2 3 4 0 1 4 3 4 0 1 2 3 4 4 1 4 3 4 0 1 2 3 4 0 1 2 3 4 0 1 2 3 4 0 1 2 3 4 4 1 4 3 4 0 1 2 3 4 0 1 2 3 4 4 1 2 3 4 4
12 9 1 6 11 16 21 26 31 36 41 46 51 56 2 12 22 27 32 37 47 52 57
8 9 5 10 20 25 30 35 45 50 2 12 22 27 32 37 47 52 57
9 12 2 12 22 27 32 37 47 52 57 3 8 13 18 23 28 33 38 43 48 53 58
12 20 1 6 11 16 21 26 31 36 41 46 51 56 0 4 7 9 14 15 17 19 24 29 34 39 40 42 44 49 54 55 59 60
9 20 2 12 22 27 32 37 47 52 57 0 4 7 9 14 15 17 19 24 29 34 39 40 42 44 49 54 55 59 60
1 1 12 47
1 1 12 52
1 1 12 57
# 12 : 2 -> 4
#c 4 1 2 3 4 0 1 4 3 4 0 1 4 3 4 4 1 4 3 4 0 1 2 3 4 0 1 2 3 4 0 1 2 3 4 0 1 2 3 4 4 1 4 3 4 0 1 2 3 4 0 1 2 3 4 4 1 2 3 4 4
12 8 1 6 11 16 21 26 31 36 41 46 51 56 2 22 27 32 37 47 52 57
8 8 5 10 20 25 30 35 45 50 2 22 27 32 37 47 52 57
8 12 5 10 20 25 30 35 45 50 3 8 13 18 23 28 33 38 43 48 53 58
12 21 1 6 11 16 21 26 31 36 41 46 51 56 0 4 7 9 12 14 15 17 19 24 29 34 39 40 42 44 49 54 55 59 60
8 21 5 10 20 25 30 35 45 50 0 4 7 9 12 14 15 17 19 24 29 34 39 40 42 44 49 54 55 59 60
1 1 5 20
1 1 5 25
1 1 5 30
1 1 5 35
1 1 5 45
1 1 5 50
# 5 : 0 -> 1
#c 4 1 2 3 4 1 1 4 3 4 0 1 4 3 4 4 1 4 3 4 0 1 2 3 4 0 1 2 3 4 0 1 2 3 4 0 1 2 3 4 4 1 4 3 4 0 1 2 3 4 0 1 2 3 4 4 1 2 3 4 4
7 13 10 20 25 30 35 45 50 1 5 6 11 16 21 26 31 36 41 46 51 56
13 8 1 5 6 11 16 21 26 31 36 41 46 51 56 2 22 27 32 37 47 52 57
7 8 10 20 25 30 35 45 50 2 22 27 32 37 47 52 57
13 12 1 5 6 11 16 21 26 31 36 41 46 51 56 3 8 13 18 23 28 33 38 43 48 53 58
8 12 2 22 27 32 37 47 52 57 3 8 13 18 23 28 33 38 43 48 53 58
12 21 3 8 13 18 23 28 33 38 43 48 53 58 0 4 7 9 12 14 15 17 19 24 29 34 39 40 42 44 49 54 55 59 60
8 21 2 22 27 32 37 47 52 57 0 4 7 9 12 14 15 17 19 24 29 34 39 40 42 44 49 54 55 59 60
1 1 2 22
1 1 22 27
1 1 27 32
1 1 27 37
1 1 37 47
1 1 37 52
1 1 37 57
# 57 : 2 -> 4
#c 4 1 2 3 4 1 1 4 3 4 0 1 4 3 4 4 1 4 3 4 0 1 2 3 4 0 1 2 3 4 0 1 2 3 4 0 1 2 3 4 4 1 4 3 4 0 1 2 3 4 0 1 2 3 4 4 1 4 3 4 4
13 7 1 5 6 11 16 21 26 31 36 41 46 51 56 2 22 27 32 37 47 52
7 7 10 20 25 30 35 45 50 2 22 27 32 37 47 52
7 12 10 20 25 30 35 45 50 3 8 13 18 23 28 33 38 43 48 53 58
12 22 3 8 13 18 23 28 33 38 43 48 53 58 0 4 7 9 12 14 15 17 19 24 29 34 39 40 42 44 49 54 55 57 59 60
7 22 10 20 25 30 35 45 50 0 4 7 9 12 14 15 17 19 24 29 34 39 40 42 44 49 54 55 57 59 60
1 1 10 20
1 1 20 25
1 1 20 30
1 1 20 35
1 1 20 45
1 1 20 50
# 20 : 0 -> 3
#c 4 1 2 3 4 1 1 4 3 4 0 1 4 3 4 4 1 4 3 4 3 1 2 3 4 0 1 2 3 4 0 1 2 3 4 0 1 2 3 4 4 1 4 3 4 0 1 2 3 4 0 1 2 3 4 4 1 4 3 4 4
6 13 10 25 30 35 45 50 1 5 6 11 16 21 26 31 36 41 46 51 56
6 7 10 25 30 35 45 50 2 22 27 32 37 47 52
6 13 10 25 30 35 45 50 3 8 13 18 20 23 28 33 38 43 48 53 58
7 13 2 22 27 32 37 47 52 3 8 13 18 20 23 28 33 38 43 48 53 58
6 22 10 25 30 35 45 50 0 4 7 9 12 14 15 17 19 24 29 34 39 40 42 44 49 54 55 57 59 60
13 22 3 8 13 18 20 23 28 33 38 43 48 53 58 0 4 7 9 12 14 15 17 19 24 29 34 39 40 42 44 49 54 55 57 59 60
1 1 3 8
1 1 8 13
1 1 8 18
1 1 8 20
1 1 8 23
1 1 8 28
1 1 8 33
1 1 8 38
1 1 8 43
1 1 8 48
1 1 8 53
1 1 8 58
# 8 : 3 -> 0
#c 4 1 2 3 4 1 1 4 0 4 0 1 4 3 4 4 1 4 3 4 3 1 2 3 4 0 1 2 3 4 0 1 2 3 4 0 1 2 3 4 4 1 4 3 4 0 1 2 3 4 0 1 2 3 4 4 1 4 3 4 4
7 13 8 10 25 30 35 45 50 1 5 6 11 16 21 26 31 36 41 46 51 56
7 7 8 10 25 30 35 45 50 2 22 27 32 37 47 52
7 12 8 10 25 30 35 45 50 3 13 18 20 23 28 33 38 43 48 53 58
7 12 2 22 27 32 37 47 52 3 13 18 20 23 28 33 38 43 48 53 58
7 22 8 10 25 30 35 45 50 0 4 7 9 12 14 15 17 19 24 29 34 39 40 42 44 49 54 55 57 59 60
12 22 3 13 18 20 23 28 33 38 43 48 53 58 0 4 7 9 12 14 15 17 19 24 29 34 39 40 42 44 49 54 55 57 59 60
4 1 2 3 4 1 1 4 3 4 0 1 4 3 4 4 1 4 3 4 0 1 2 3 4 0 1 2 3 4 0 1 2 3 4 0 1 2 3 4 4 1 4 3 4 0 1 2 3 4 0 1 2 3 4 4 1 4 3 4 4
#c 0 1 2 3 4 0 0 0 0 0 0 0 0 0 0 0 0 0 0 0 0 0 0 0 0 0 0 0 0 0 0 0 0 0 0 0 0 0 0 0 0 0 0 0 0 0 0 0 0 0 0 0 0 0 0 0 0 0 0 0 0
#c 0 1 2 3 4 0 0 0 0 0 0 0 0 0 0 0 0 0 0 0 0 0 0 0 0 0 0 0 0 0 0 0 0 0 0 0 0 0 0 0 0 0 0 0 0 0 0 0 0 0 0 0 0 0 0 0 0 0 0 0 0
57 1 0 5 6 7 8 9 10 11 12 13 14 15 16 17 18 19 20 21 22 23 24 25 26 27 28 29 30 31 32 33 34 35 36 37 38 39 40 41 42 43 44 45 46 47 48 49 50 51 52 53 54 55 56 57 58 59 60 1
1 1 1 2
57 1 0 5 6 7 8 9 10 11 12 13 14 15 16 17 18 19 20 21 22 23 24 25 26 27 28 29 30 31 32 33 34 35 36 37 38 39 40 41 42 43 44 45 46 47 48 49 50 51 52 53 54 55 56 57 58 59 60 2
1 1 1 3
57 1 0 5 6 7 8 9 10 11 12 13 14 15 16 17 18 19 20 21 22 23 24 25 26 27 28 29 30 31 32 33 34 35 36 37 38 39 40 41 42 43 44 45 46 47 48 49 50 51 52 53 54 55 56 57 58 59 60 3
1 1 1 4
57 1 0 5 6 7 8 9 10 11 12 13 14 15 16 17 18 19 20 21 22 23 24 25 26 27 28 29 30 31 32 33 34 35 36 37 38 39 40 41 42 43 44 45 46 47 48 49 50 51 52 53 54 55 56 57 58 59 60 4
1 1 0 5
1 1 0 6
1 1 0 7
1 1 7 8
1 1 8 9
1 1 8 10
1 1 8 11
1 1 8 12
1 1 8 13
1 1 8 14
1 1 8 15
1 1 8 16
1 1 8 17
1 1 8 18
1 1 8 19
1 1 8 20
1 1 8 21
1 1 8 22
1 1 8 23
1 1 8 24
1 1 8 25
1 1 8 26
1 1 8 27
1 1 8 28
1 1 8 29
1 1 8 30
1 1 8 31
1 1 8 32
1 1 8 33
1 1 8 34
1 1 8 35
1 1 8 36
1 1 8 37
1 1 8 38
1 1 8 39
1 1 8 40
1 1 8 41
1 1 8 42
1 1 8 43
1 1 8 44
1 1 8 45
1 1 8 46
1 1 8 47
1 1 8 48
1 1 8 49
1 1 8 50
1 1 8 51
1 1 8 52
1 1 8 53
1 1 8 54
1 1 8 55
1 1 8 56
1 1 8 57
1 1 8 58
1 1 8 59
1 1 8 60
# 8 : 0 -> 4
#c 0 1 2 3 4 0 0 0 4 0 0 0 0 0 0 0 0 0 0 0 0 0 0 0 0 0 0 0 0 0 0 0 0 0 0 0 0 0 0 0 0 0 0 0 0 0 0 0 0 0 0 0 0 0 0 0 0 0 0 0 0
56 1 0 5 6 7 9 10 11 12 13 14 15 16 17 18 19 20 21 22 23 24 25 26 27 28 29 30 31 32 33 34 35 36 37 38 39 40 41 42 43 44 45 46 47 48 49 50 51 52 53 54 55 56 57 58 59 60 1
56 1 0 5 6 7 9 10 11 12 13 14 15 16 17 18 19 20 21 22 23 24 25 26 27 28 29 30 31 32 33 34 35 36 37 38 39 40 41 42 43 44 45 46 47 48 49 50 51 52 53 54 55 56 57 58 59 60 2
56 1 0 5 6 7 9 10 11 12 13 14 15 16 17 18 19 20 21 22 23 24 25 26 27 28 29 30 31 32 33 34 35 36 37 38 39 40 41 42 43 44 45 46 47 48 49 50 51 52 53 54 55 56 57 58 59 60 3
1 2 1 4 8
56 2 0 5 6 7 9 10 11 12 13 14 15 16 17 18 19 20 21 22 23 24 25 26 27 28 29 30 31 32 33 34 35 36 37 38 39 40 41 42 43 44 45 46 47 48 49 50 51 52 53 54 55 56 57 58 59 60 4 8
1 1 7 9
1 1 9 10
1 1 9 11
1 1 9 12
1 1 9 13
1 1 9 14
1 1 9 15
1 1 9 16
1 1 9 17
1 1 9 18
1 1 9 19
1 1 9 20
1 1 9 21
1 1 9 22
1 1 9 23
1 1 9 24
1 1 9 25
1 1 9 26
1 1 9 27
1 1 9 28
1 1 9 29
1 1 9 30
1 1 9 31
1 1 9 32
1 1 9 33
1 1 9 34
1 1 9 35
1 1 9 36
1 1 9 37
1 1 9 38
1 1 9 39
1 1 9 40
1 1 9 41
1 1 9 42
1 1 9 43
1 1 9 44
1 1 9 45
1 1 9 46
1 1 9 47
1 1 9 48
1 1 9 49
1 1 9 50
1 1 9 51
1 1 9 52
1 1 9 53
1 1 9 54
1 1 9 55
1 1 9 56
1 1 9 57
1 1 9 58
1 1 9 59
1 1 9 60
# 9 : 0 -> 4
#c 0 1 2 3 4 0 0 0 4 4 0 0 0 0 0 0 0 0 0 0 0 0 0 0 0 0 0 0 0 0 0 0 0 0 0 0 0 0 0 0 0 0 0 0 0 0 0 0 0 0 0 0 0 0 0 0 0 0 0 0 0
55 1 0 5 6 7 10 11 12 13 14 15 16 17 18 19 20 21 22 23 24 25 26 27 28 29 30 31 32 33 34 35 36 37 38 39 40 41 42 43 44 45 46 47 48 49 50 51 52 53 54 55 56 57 58 59 60 1
55 1 0 5 6 7 10 11 12 13 14 15 16 17 18 19 20 21 22 23 24 25 26 27 28 29 30 31 32 33 34 35 36 37 38 39 40 41 42 43 44 45 46 47 48 49 50 51 52 53 54 55 56 57 58 59 60 2
55 1 0 5 6 7 10 11 12 13 14 15 16 17 18 19 20 21 22 23 24 25 26 27 28 29 30 31 32 33 34 35 36 37 38 39 40 41 42 43 44 45 46 47 48 49 50 51 52 53 54 55 56 57 58 59 60 3
1 3 1 4 8 9
55 3 0 5 6 7 10 11 12 13 14 15 16 17 18 19 20 21 22 23 24 25 26 27 28 29 30 31 32 33 34 35 36 37 38 39 40 41 42 43 44 45 46 47 48 49 50 51 52 53 54 55 56 57 58 59 60 4 8 9
1 1 7 10
1 1 7 11
1 1 7 12
1 1 7 13
1 1 7 14
1 1 7 15
1 1 7 16
1 1 7 17
1 1 7 18
1 1 18 19
1 1 18 20
1 1 18 21
1 1 18 22
1 1 18 23
1 1 18 24
1 1 18 25
1 1 18 26
1 1 18 27
1 1 18 28
1 1 18 29
1 1 18 30
1 1 18 31
1 1 31 32
1 1 31 33
1 1 31 34
1 1 31 35
1 1 31 36
1 1 31 37
1 1 31 38
1 1 31 39
1 1 31 40
1 1 31 41
1 1 31 42
1 1 31 43
1 1 31 44
1 1 31 45
1 1 31 46
# 31 : 0 -> 4
0 1 2 3 4 0 0 0 4 4 0 0 0 0 0 0 0 0 0 0 0 0 0 0 0 0 0 0 0 0 0 4 0 0 0 0 0 0 0 0 0 0 0 0 0 0 0 0 0 0 0 0 0 0 0 0 0 0 0 0 0
