#c 0 1 2 3 4 5 0 1 2 3 4 5 0 1 2 3 4 5 0 1 2 3 4 5 0 1 2 3 4 5 0 1 2 3 4 5 0 1 2 3 4 5 0 1 2 3 4 5 0
#c 0 1 2 3 4 5 0 1 2 3 4 5 0 1 2 3 4 5 0 1 2 3 4 5 0 1 2 3 4 5 0 1 2 3 4 5 0 1 2 3 4 5 0 1 2 3 4 5 0
9 8 0 6 12 18 24 30 36 42 48 1 7 13 19 25 31 37 43
9 8 0 6 12 18 24 30 36 42 48 2 8 14 20 26 32 38 44
8 8 1 7 13 19 25 31 37 43 2 8 14 20 26 32 38 44
9 8 0 6 12 18 24 30 36 42 48 3 9 15 21 27 33 39 45
8 8 2 8 14 20 26 32 38 44 3 9 15 21 27 33 39 45
9 8 0 6 12 18 24 30 36 42 48 4 10 16 22 28 34 40 46
8 8 2 8 14 20 26 32 38 44 4 10 16 22 28 34 40 46
9 8 0 6 12 18 24 30 36 42 48 5 11 17 23 29 35 41 47
8 8 2 8 14 20 26 32 38 44 5 11 17 23 29 35 41 47
1 1 5 11
1 1 5 17
1 1 5 23
1 1 5 29
1 1 5 35
1 1 5 41
1 1 5 47
# 5 : 5 -> 0
#c 0 1 2 3 4 0 0 1 2 3 4 5 0 1 2 3 4 5 0 1 2 3 4 5 0 1 2 3 4 5 0 1 2 3 4 5 0 1 2 3 4 5 0 1 2 3 4 5 0
10 8 0 5 6 12 18 24 30 36 42 48 1 7 13 19 25 31 37 43
10 8 0 5 6 12 18 24 30 36 42 48 2 8 14 20 26 32 38 44
10 8 0 5 6 12 18 24 30 36 42 48 3 9 15 21 27 33 39 45
10 8 0 5 6 12 18 24 30 36 42 48 4 10 16 22 28 34 40 46
10 7 0 5 6 12 18 24 30 36 42 48 11 17 23 29 35 41 47
8 7 2 8 14 20 26 32 38 44 11 17 23 29 35 41 47
1 1 11 17
1 1 17 23
1 1 23 29
1 1 29 35
1 1 29 41
1 1 29 47
# 29 : 5 -> 0
#c 0 1 2 3 4 0 0 1 2 3 4 5 0 1 2 3 4 5 0 1 2 3 4 5 0 1 2 3 4 0 0 1 2 3 4 5 0 1 2 3 4 5 0 1 2 3 4 5 0
11 8 0 5 6 12 18 24 29 30 36 42 48 1 7 13 19 25 31 37 43
11 8 0 5 6 12 18 24 29 30 36 42 48 2 8 14 20 26 32 38 44
11 8 0 5 6 12 18 24 29 30 36 42 48 3 9 15 21 27 33 39 45
11 8 0 5 6 12 18 24 29 30 36 42 48 4 10 16 22 28 34 40 46
11 6 0 5 6 12 18 24 29 30 36 42 48 11 17 23 35 41 47
8 6 2 8 14 20 26 32 38 44 11 17 23 35 41 47
1 1 23 35
1 1 23 41
1 1 23 47
# 23 : 5 -> 0
#c 0 1 2 3 4 0 0 1 2 3 4 5 0 1 2 3 4 5 0 1 2 3 4 0 0 1 2 3 4 0 0 1 2 3 4 5 0 1 2 3 4 5 0 1 2 3 4 5 0
12 8 0 5 6 12 18 23 24 29 30 36 42 48 1 7 13 19 25 31 37 43
12 8 0 5 6 12 18 23 24 29 30 36 42 48 2 8 14 20 26 32 38 44
12 8 0 5 6 12 18 23 24 29 30 36 42 48 3 9 15 21 27 33 39 45
12 8 0 5 6 12 18 23 24 29 30 36 42 48 4 10 16 22 28 34 40 46
12 5 0 5 6 12 18 23 24 29 30 36 42 48 11 17 35 41 47
8 5 2 8 14 20 26 32 38 44 11 17 35 41 47
1 1 17 35
1 1 17 41
1 1 41 47
# 41 : 5 -> 0
#c 0 1 2 3 4 0 0 1 2 3 4 5 0 1 2 3 4 5 0 1 2 3 4 0 0 1 2 3 4 0 0 1 2 3 4 5 0 1 2 3 4 0 0 1 2 3 4 5 0
13 8 0 5 6 12 18 23 24 29 30 36 41 42 48 1 7 13 19 25 31 37 43
13 8 0 5 6 12 18 23 24 29 30 36 41 42 48 2 8 14 20 26 32 38 44
13 8 0 5 6 12 18 23 24 29 30 36 41 42 48 3 9 15 21 27 33 39 45
8 8 3 9 15 21 27 33 39 45 4 10 16 22 28 34 40 46
8 4 3 9 15 21 27 33 39 45 11 17 35 47
8 4 2 8 14 20 26 32 38 44 11 17 35 47
1 1 17 47
# 17 : 5 -> 3
#c 0 1 2 3 4 0 0 1 2 3 4 5 0 1 2 3 4 3 0 1 2 3 4 0 0 1 2 3 4 0 0 1 2 3 4 5 0 1 2 3 4 0 0 1 2 3 4 5 0
13 9 0 5 6 12 18 23 24 29 30 36 41 42 48 3 9 15 17 21 27 33 39 45
8 9 2 8 14 20 26 32 38 44 3 9 15 17 21 27 33 39 45
13 8 0 5 6 12 18 23 24 29 30 36 41 42 48 4 10 16 22 28 34 40 46
8 3 4 10 16 22 28 34 40 46 11 35 47
8 3 2 8 14 20 26 32 38 44 11 35 47
1 1 2 8
1 1 2 14
1 1 14 20
1 1 20 26
1 1 20 32
1 1 20 38
1 1 20 44
# 20 : 2 -> 4
#c 0 1 2 3 4 0 0 1 2 3 4 5 0 1 2 3 4 3 0 1 4 3 4 0 0 1 2 3 4 0 0 1 2 3 4 5 0 1 2 3 4 0 0 1 2 3 4 5 0
13 7 0 5 6 12 18 23 24 29 30 36 41 42 48 2 8 14 26 32 38 44
8 7 1 7 13 19 25 31 37 43 2 8 14 26 32 38 44
8 9 1 7 13 19 25 31 37 43 3 9 15 17 21 27 33 39 45
13 9 0 5 6 12 18 23 24 29 30 36 41 42 48 4 10 16 20 22 28 34 40 46
8 9 1 7 13 19 25 31 37 43 4 10 16 20 22 28 34 40 46
13 3 0 5 6 12 18 23 24 29 30 36 41 42 48 11 35 47
8 3 1 7 13 19 25 31 37 43 11 35 47
1 1 1 7
1 1 1 13
1 1 1 19
1 1 1 25
1 1 25 31
1 1 25 37
1 1 37 43
# 37 : 1 -> 0
#c 0 1 2 3 4 0 0 1 2 3 4 5 0 1 2 3 4 3 0 1 4 3 4 0 0 1 2 3 4 0 0 1 2 3 4 5 0 0 2 3 4 0 0 1 2 3 4 5 0
14 7 0 5 6 12 18 23 24 29 30 36 37 41 42 48 1 7 13 19 25 31 43
14 7 0 5 6 12 18 23 24 29 30 36 37 41 42 48 2 8 14 26 32 38 44
7 7 1 7 13 19 25 31 43 2 8 14 26 32 38 44
14 9 0 5 6 12 18 23 24 29 30 36 37 41 42 48 3 9 15 17 21 27 33 39 45
7 9 2 8 14 26 32 38 44 3 9 15 17 21 27 33 39 45
14 9 0 5 6 12 18 23 24 29 30 36 37 41 42 48 4 10 16 20 22 28 34 40 46
7 9 2 8 14 26 32 38 44 4 10 16 20 22 28 34 40 46
14 3 0 5 6 12 18 23 24 29 30 36 37 41 42 48 11 35 47
7 3 2 8 14 26 32 38 44 11 35 47
1 1 14 26
1 1 14 32
1 1 14 38
1 1 14 44
# 44 : 2 -> 0
#c 0 1 2 3 4 0 0 1 2 3 4 5 0 1 2 3 4 3 0 1 4 3 4 0 0 1 2 3 4 0 0 1 2 3 4 5 0 0 2 3 4 0 0 1 0 3 4 5 0
15 7 0 5 6 12 18 23 24 29 30 36 37 41 42 44 48 1 7 13 19 25 31 43
15 6 0 5 6 12 18 23 24 29 30 36 37 41 42 44 48 2 8 14 26 32 38
7 6 1 7 13 19 25 31 43 2 8 14 26 32 38
15 9 0 5 6 12 18 23 24 29 30 36 37 41 42 44 48 3 9 15 17 21 27 33 39 45
7 9 1 7 13 19 25 31 43 3 9 15 17 21 27 33 39 45
15 9 0 5 6 12 18 23 24 29 30 36 37 41 42 44 48 4 10 16 20 22 28 34 40 46
7 9 1 7 13 19 25 31 43 4 10 16 20 22 28 34 40 46
9 3 4 10 16 20 22 28 34 40 46 11 35 47
7 3 1 7 13 19 25 31 43 11 35 47
1 1 25 43
# 25 : 1 -> 4
#c 0 1 2 3 4 0 0 1 2 3 4 5 0 1 2 3 4 3 0 1 4 3 4 0 0 4 2 3 4 0 0 1 2 3 4 5 0 0 2 3 4 0 0 1 0 3 4 5 0
15 6 0 5 6 12 18 23 24 29 30 36 37 41 42 44 48 1 7 13 19 31 43
6 6 1 7 13 19 31 43 2 8 14 26 32 38
6 9 1 7 13 19 31 43 3 9 15 17 21 27 33 39 45
15 10 0 5 6 12 18 23 24 29 30 36 37 41 42 44 48 4 10 16 20 22 25 28 34 40 46
6 10 1 7 13 19 31 43 4 10 16 20 22 25 28 34 40 46
10 3 4 10 16 20 22 25 28 34 40 46 11 35 47
6 3 1 7 13 19 31 43 11 35 47
1 1 1 31
1 1 1 43
# 43 : 1 -> 4
#c 0 1 2 3 4 0 0 1 2 3 4 5 0 1 2 3 4 3 0 1 4 3 4 0 0 4 2 3 4 0 0 1 2 3 4 5 0 0 2 3 4 0 0 4 0 3 4 5 0
15 5 0 5 6 12 18 23 24 29 30 36 37 41 42 44 48 1 7 13 19 31
5 6 1 7 13 19 31 2 8 14 26 32 38
6 9 2 8 14 26 32 38 3 9 15 17 21 27 33 39 45
15 11 0 5 6 12 18 23 24 29 30 36 37 41 42 44 48 4 10 16 20 22 25 28 34 40 43 46
6 11 2 8 14 26 32 38 4 10 16 20 22 25 28 34 40 43 46
15 3 0 5 6 12 18 23 24 29 30 36 37 41 42 44 48 11 35 47
6 3 2 8 14 26 32 38 11 35 47
# 14 : 2 -> 0
#c 0 1 2 3 4 0 0 1 2 3 4 5 0 1 0 3 4 3 0 1 4 3 4 0 0 4 2 3 4 0 0 1 2 3 4 5 0 0 2 3 4 0 0 4 0 3 4 5 0
16 5 0 5 6 12 14 18 23 24 29 30 36 37 41 42 44 48 1 7 13 19 31
16 5 0 5 6 12 14 18 23 24 29 30 36 37 41 42 44 48 2 8 26 32 38
5 5 1 7 13 19 31 2 8 26 32 38
16 9 0 5 6 12 14 18 23 24 29 30 36 37 41 42 44 48 3 9 15 17 21 27 33 39 45
5 9 2 8 26 32 38 3 9 15 17 21 27 33 39 45
16 11 0 5 6 12 14 18 23 24 29 30 36 37 41 42 44 48 4 10 16 20 22 25 28 34 40 43 46
5 11 2 8 26 32 38 4 10 16 20 22 25 28 34 40 43 46
16 3 0 5 6 12 14 18 23 24 29 30 36 37 41 42 44 48 11 35 47
5 3 2 8 26 32 38 11 35 47
1 1 11 35
1 1 35 47
# 35 : 5 -> 0
#c 0 1 2 3 4 0 0 1 2 3 4 5 0 1 0 3 4 3 0 1 4 3 4 0 0 4 2 3 4 0 0 1 2 3 4 0 0 0 2 3 4 0 0 4 0 3 4 5 0
17 5 0 5 6 12 14 18 23 24 29 30 35 36 37 41 42 44 48 1 7 13 19 31
17 5 0 5 6 12 14 18 23 24 29 30 35 36 37 41 42 44 48 2 8 26 32 38
5 9 1 7 13 19 31 3 9 15 17 21 27 33 39 45
17 9 0 5 6 12 14 18 23 24 29 30 35 36 37 41 42 44 48 3 9 15 17 21 27 33 39 45
5 11 1 7 13 19 31 4 10 16 20 22 25 28 34 40 43 46
17 11 0 5 6 12 14 18 23 24 29 30 35 36 37 41 42 44 48 4 10 16 20 22 25 28 34 40 43 46
5 2 1 7 13 19 31 11 47
17 2 0 5 6 12 14 18 23 24 29 30 35 36 37 41 42 44 48 11 47
1 1 0 5
1 1 5 6
1 1 5 12
1 1 5 14
1 1 5 18
1 1 5 24
1 1 24 29
1 1 24 30
1 1 24 35
1 1 24 36
1 1 24 37
1 1 24 41
1 1 24 42
1 1 24 44
1 1 24 48
# 24 : 0 -> 5
#c 0 1 2 3 4 0 0 1 2 3 4 5 0 1 0 3 4 3 0 1 4 3 4 0 5 4 2 3 4 0 0 1 2 3 4 0 0 0 2 3 4 0 0 4 0 3 4 5 0
16 5 0 5 6 12 14 18 23 29 30 35 36 37 41 42 44 48 1 7 13 19 31
16 5 0 5 6 12 14 18 23 29 30 35 36 37 41 42 44 48 2 8 26 32 38
16 9 0 5 6 12 14 18 23 29 30 35 36 37 41 42 44 48 3 9 15 17 21 27 33 39 45
16 11 0 5 6 12 14 18 23 29 30 35 36 37 41 42 44 48 4 10 16 20 22 25 28 34 40 43 46
5 3 1 7 13 19 31 11 24 47
16 3 0 5 6 12 14 18 23 29 30 35 36 37 41 42 44 48 11 24 47
1 1 5 30
1 1 5 36
1 1 5 37
1 1 37 41
1 1 37 42
1 1 37 44
1 1 37 48
# 37 : 0 -> 5
#c 0 1 2 3 4 0 0 1 2 3 4 5 0 1 0 3 4 3 0 1 4 3 4 0 5 4 2 3 4 0 0 1 2 3 4 0 0 5 2 3 4 0 0 4 0 3 4 5 0
15 5 0 5 6 12 14 18 23 29 30 35 36 41 42 44 48 1 7 13 19 31
15 5 0 5 6 12 14 18 23 29 30 35 36 41 42 44 48 2 8 26 32 38
15 9 0 5 6 12 14 18 23 29 30 35 36 41 42 44 48 3 9 15 17 21 27 33 39 45
15 11 0 5 6 12 14 18 23 29 30 35 36 41 42 44 48 4 10 16 20 22 25 28 34 40 43 46
5 4 1 7 13 19 31 11 24 37 47
15 4 0 5 6 12 14 18 23 29 30 35 36 41 42 44 48 11 24 37 47
1 1 5 42
1 1 5 44
1 1 5 48
# 5 : 0 -> 5
#c 0 1 2 3 4 5 0 1 2 3 4 5 0 1 0 3 4 3 0 1 4 3 4 0 5 4 2 3 4 0 0 1 2 3 4 0 0 5 2 3 4 0 0 4 0 3 4 5 0
14 5 0 6 12 14 18 23 29 30 35 36 41 42 44 48 1 7 13 19 31
14 5 0 6 12 14 18 23 29 30 35 36 41 42 44 48 2 8 26 32 38
14 9 0 6 12 14 18 23 29 30 35 36 41 42 44 48 3 9 15 17 21 27 33 39 45
14 11 0 6 12 14 18 23 29 30 35 36 41 42 44 48 4 10 16 20 22 25 28 34 40 43 46
5 5 1 7 13 19 31 5 11 24 37 47
14 5 0 6 12 14 18 23 29 30 35 36 41 42 44 48 5 11 24 37 47
1 1 0 6
1 1 0 12
1 1 0 14
1 1 0 18
1 1 0 23
1 1 29 30
1 1 29 36
1 1 29 42
1 1 29 44
1 1 29 48
# 29 : 0 -> 5
#c 0 1 2 3 4 5 0 1 2 3 4 5 0 1 0 3 4 3 0 1 4 3 4 0 5 4 2 3 4 5 0 1 2 3 4 0 0 5 2 3 4 0 0 4 0 3 4 5 0
13 5 0 6 12 14 18 23 30 35 36 41 42 44 48 1 7 13 19 31
13 5 0 6 12 14 18 23 30 35 36 41 42 44 48 2 8 26 32 38
13 9 0 6 12 14 18 23 30 35 36 41 42 44 48 3 9 15 17 21 27 33 39 45
13 11 0 6 12 14 18 23 30 35 36 41 42 44 48 4 10 16 20 22 25 28 34 40 43 46
5 6 1 7 13 19 31 5 11 24 29 37 47
13 6 0 6 12 14 18 23 30 35 36 41 42 44 48 5 11 24 29 37 47
1 1 23 30
1 1 23 36
1 1 23 42
1 1 23 44
1 1 23 48
# 23 : 0 -> 5
#c 0 1 2 3 4 5 0 1 2 3 4 5 0 1 0 3 4 3 0 1 4 3 4 5 5 4 2 3 4 5 0 1 2 3 4 0 0 5 2 3 4 0 0 4 0 3 4 5 0
12 5 0 6 12 14 18 30 35 36 41 42 44 48 1 7 13 19 31
12 5 0 6 12 14 18 30 35 36 41 42 44 48 2 8 26 32 38
12 9 0 6 12 14 18 30 35 36 41 42 44 48 3 9 15 17 21 27 33 39 45
12 11 0 6 12 14 18 30 35 36 41 42 44 48 4 10 16 20 22 25 28 34 40 43 46
5 7 1 7 13 19 31 5 11 23 24 29 37 47
12 7 0 6 12 14 18 30 35 36 41 42 44 48 5 11 23 24 29 37 47
1 1 0 30
1 1 0 35
1 1 0 36
1 1 36 41
1 1 36 42
1 1 36 44
1 1 36 48
# 36 : 0 -> 5
#c 0 1 2 3 4 5 0 1 2 3 4 5 0 1 0 3 4 3 0 1 4 3 4 5 5 4 2 3 4 5 0 1 2 3 4 0 5 5 2 3 4 0 0 4 0 3 4 5 0
11 5 0 6 12 14 18 30 35 41 42 44 48 1 7 13 19 31
11 5 0 6 12 14 18 30 35 41 42 44 48 2 8 26 32 38
11 9 0 6 12 14 18 30 35 41 42 44 48 3 9 15 17 21 27 33 39 45
11 11 0 6 12 14 18 30 35 41 42 44 48 4 10 16 20 22 25 28 34 40 43 46
5 8 1 7 13 19 31 5 11 23 24 29 36 37 47
11 8 0 6 12 14 18 30 35 41 42 44 48 5 11 23 24 29 36 37 47
1 1 0 41
1 1 0 42
1 1 42 44
1 1 42 48
# 42 : 0 -> 5
#c 0 1 2 3 4 5 0 1 2 3 4 5 0 1 0 3 4 3 0 1 4 3 4 5 5 4 2 3 4 5 0 1 2 3 4 0 5 5 2 3 4 0 5 4 0 3 4 5 0
10 5 0 6 12 14 18 30 35 41 44 48 1 7 13 19 31
10 5 0 6 12 14 18 30 35 41 44 48 2 8 26 32 38
10 9 0 6 12 14 18 30 35 41 44 48 3 9 15 17 21 27 33 39 45
10 11 0 6 12 14 18 30 35 41 44 48 4 10 16 20 22 25 28 34 40 43 46
5 9 1 7 13 19 31 5 11 23 24 29 36 37 42 47
10 9 0 6 12 14 18 30 35 41 44 48 5 11 23 24 29 36 37 42 47
1 1 0 44
1 1 0 48
# 0 : 0 -> 5
#c 5 1 2 3 4 5 0 1 2 3 4 5 0 1 0 3 4 3 0 1 4 3 4 5 5 4 2 3 4 5 0 1 2 3 4 0 5 5 2 3 4 0 5 4 0 3 4 5 0
9 5 6 12 14 18 30 35 41 44 48 1 7 13 19 31
9 5 6 12 14 18 30 35 41 44 48 2 8 26 32 38
5 10 1 7 13 19 31 0 5 11 23 24 29 36 37 42 47
5 1 2 3 4 5 0 1 2 3 4 5 0 1 0 3 4 3 0 1 4 3 4 5 5 4 2 3 4 5 0 1 2 3 4 0 5 5 2 3 4 0 5 4 0 3 4 5 0
#c 0 1 2 3 4 5 0 0 0 0 0 0 0 0 0 0 0 0 0 0 0 0 0 0 0 0 0 0 0 0 0 0 0 0 0 0 0 0 0 0 0 0 0 0 0 0 0 0 0
#c 0 1 2 3 4 5 0 0 0 0 0 0 0 0 0 0 0 0 0 0 0 0 0 0 0 0 0 0 0 0 0 0 0 0 0 0 0 0 0 0 0 0 0 0 0 0 0 0 0
44 1 0 6 7 8 9 10 11 12 13 14 15 16 17 18 19 20 21 22 23 24 25 26 27 28 29 30 31 32 33 34 35 36 37 38 39 40 41 42 43 44 45 46 47 48 1
1 1 1 2
44 1 0 6 7 8 9 10 11 12 13 14 15 16 17 18 19 20 21 22 23 24 25 26 27 28 29 30 31 32 33 34 35 36 37 38 39 40 41 42 43 44 45 46 47 48 2
1 1 2 3
44 1 0 6 7 8 9 10 11 12 13 14 15 16 17 18 19 20 21 22 23 24 25 26 27 28 29 30 31 32 33 34 35 36 37 38 39 40 41 42 43 44 45 46 47 48 3
1 1 3 4
44 1 0 6 7 8 9 10 11 12 13 14 15 16 17 18 19 20 21 22 23 24 25 26 27 28 29 30 31 32 33 34 35 36 37 38 39 40 41 42 43 44 45 46 47 48 4
1 1 3 5
44 1 0 6 7 8 9 10 11 12 13 14 15 16 17 18 19 20 21 22 23 24 25 26 27 28 29 30 31 32 33 34 35 36 37 38 39 40 41 42 43 44 45 46 47 48 5
1 1 0 6
1 1 0 7
1 1 0 8
1 1 0 9
1 1 0 10
1 1 0 11
1 1 0 12
1 1 0 13
1 1 0 14
1 1 0 15
1 1 0 16
1 1 16 17
1 1 16 18
1 1 16 19
1 1 16 20
1 1 16 21
1 1 16 22
1 1 16 23
1 1 16 24
1 1 24 25
1 1 24 26
1 1 24 27
1 1 24 28
1 1 24 29
1 1 24 30
1 1 24 31
1 1 24 32
1 1 24 33
1 1 24 34
1 1 24 35
1 1 24 36
1 1 24 37
1 1 24 38
1 1 24 39
1 1 24 40
1 1 24 41
1 1 24 42
1 1 24 43
1 1 24 44
1 1 24 45
1 1 24 46
1 1 24 47
1 1 24 48
# 24 : 0 -> 5
#c 0 1 2 3 4 5 0 0 0 0 0 0 0 0 0 0 0 0 0 0 0 0 0 0 5 0 0 0 0 0 0 0 0 0 0 0 0 0 0 0 0 0 0 0 0 0 0 0 0
43 1 0 6 7 8 9 10 11 12 13 14 15 16 17 18 19 20 21 22 23 25 26 27 28 29 30 31 32 33 34 35 36 37 38 39 40 41 42 43 44 45 46 47 48 1
43 1 0 6 7 8 9 10 11 12 13 14 15 16 17 18 19 20 21 22 23 25 26 27 28 29 30 31 32 33 34 35 36 37 38 39 40 41 42 43 44 45 46 47 48 2
43 1 0 6 7 8 9 10 11 12 13 14 15 16 17 18 19 20 21 22 23 25 26 27 28 29 30 31 32 33 34 35 36 37 38 39 40 41 42 43 44 45 46 47 48 3
43 1 0 6 7 8 9 10 11 12 13 14 15 16 17 18 19 20 21 22 23 25 26 27 28 29 30 31 32 33 34 35 36 37 38 39 40 41 42 43 44 45 46 47 48 4
1 2 3 5 24
43 2 0 6 7 8 9 10 11 12 13 14 15 16 17 18 19 20 21 22 23 25 26 27 28 29 30 31 32 33 34 35 36 37 38 39 40 41 42 43 44 45 46 47 48 5 24
1 1 16 25
1 1 16 26
1 1 16 27
1 1 16 28
1 1 16 29
1 1 29 30
1 1 29 31
1 1 29 32
1 1 29 33
1 1 29 34
1 1 29 35
1 1 29 36
1 1 29 37
1 1 37 38
1 1 37 39
1 1 37 40
1 1 37 41
1 1 37 42
1 1 37 43
1 1 37 44
1 1 37 45
1 1 37 46
1 1 37 47
1 1 37 48
# 37 : 0 -> 3
#c 0 1 2 3 4 5 0 0 0 0 0 0 0 0 0 0 0 0 0 0 0 0 0 0 5 0 0 0 0 0 0 0 0 0 0 0 0 3 0 0 0 0 0 0 0 0 0 0 0
42 1 0 6 7 8 9 10 11 12 13 14 15 16 17 18 19 20 21 22 23 25 26 27 28 29 30 31 32 33 34 35 36 38 39 40 41 42 43 44 45 46 47 48 1
42 1 0 6 7 8 9 10 11 12 13 14 15 16 17 18 19 20 21 22 23 25 26 27 28 29 30 31 32 33 34 35 36 38 39 40 41 42 43 44 45 46 47 48 2
1 2 2 3 37
42 2 0 6 7 8 9 10 11 12 13 14 15 16 17 18 19 20 21 22 23 25 26 27 28 29 30 31 32 33 34 35 36 38 39 40 41 42 43 44 45 46 47 48 3 37
2 1 3 37 4
42 1 0 6 7 8 9 10 11 12 13 14 15 16 17 18 19 20 21 22 23 25 26 27 28 29 30 31 32 33 34 35 36 38 39 40 41 42 43 44 45 46 47 48 4
2 2 3 37 5 24
42 2 0 6 7 8 9 10 11 12 13 14 15 16 17 18 19 20 21 22 23 25 26 27 28 29 30 31 32 33 34 35 36 38 39 40 41 42 43 44 45 46 47 48 5 24
1 1 29 38
1 1 29 39
1 1 29 40
1 1 29 41
1 1 29 42
1 1 29 43
1 1 29 44
1 1 29 45
1 1 29 46
1 1 29 47
1 1 29 48
# 29 : 0 -> 5
#c 0 1 2 3 4 5 0 0 0 0 0 0 0 0 0 0 0 0 0 0 0 0 0 0 5 0 0 0 0 5 0 0 0 0 0 0 0 3 0 0 0 0 0 0 0 0 0 0 0
41 1 0 6 7 8 9 10 11 12 13 14 15 16 17 18 19 20 21 22 23 25 26 27 28 30 31 32 33 34 35 36 38 39 40 41 42 43 44 45 46 47 48 1
41 1 0 6 7 8 9 10 11 12 13 14 15 16 17 18 19 20 21 22 23 25 26 27 28 30 31 32 33 34 35 36 38 39 40 41 42 43 44 45 46 47 48 2
41 2 0 6 7 8 9 10 11 12 13 14 15 16 17 18 19 20 21 22 23 25 26 27 28 30 31 32 33 34 35 36 38 39 40 41 42 43 44 45 46 47 48 3 37
41 1 0 6 7 8 9 10 11 12 13 14 15 16 17 18 19 20 21 22 23 25 26 27 28 30 31 32 33 34 35 36 38 39 40 41 42 43 44 45 46 47 48 4
2 3 3 37 5 24 29
41 3 0 6 7 8 9 10 11 12 13 14 15 16 17 18 19 20 21 22 23 25 26 27 28 30 31 32 33 34 35 36 38 39 40 41 42 43 44 45 46 47 48 5 24 29
1 1 16 30
1 1 16 31
1 1 16 32
1 1 16 33
1 1 16 34
1 1 16 35
1 1 16 36
1 1 16 38
1 1 16 39
1 1 16 40
1 1 16 41
1 1 16 42
1 1 16 43
1 1 16 44
1 1 16 45
1 1 16 46
1 1 16 47
1 1 16 48
# 16 : 0 -> 3
#c 0 1 2 3 4 5 0 0 0 0 0 0 0 0 0 0 3 0 0 0 0 0 0 0 5 0 0 0 0 5 0 0 0 0 0 0 0 3 0 0 0 0 0 0 0 0 0 0 0
40 1 0 6 7 8 9 10 11 12 13 14 15 17 18 19 20 21 22 23 25 26 27 28 30 31 32 33 34 35 36 38 39 40 41 42 43 44 45 46 47 48 1
40 1 0 6 7 8 9 10 11 12 13 14 15 17 18 19 20 21 22 23 25 26 27 28 30 31 32 33 34 35 36 38 39 40 41 42 43 44 45 46 47 48 2
1 3 2 3 16 37
40 3 0 6 7 8 9 10 11 12 13 14 15 17 18 19 20 21 22 23 25 26 27 28 30 31 32 33 34 35 36 38 39 40 41 42 43 44 45 46 47 48 3 16 37
3 1 3 16 37 4
40 1 0 6 7 8 9 10 11 12 13 14 15 17 18 19 20 21 22 23 25 26 27 28 30 31 32 33 34 35 36 38 39 40 41 42 43 44 45 46 47 48 4
3 3 3 16 37 5 24 29
40 3 0 6 7 8 9 10 11 12 13 14 15 17 18 19 20 21 22 23 25 26 27 28 30 31 32 33 34 35 36 38 39 40 41 42 43 44 45 46 47 48 5 24 29
1 1 0 17
1 1 0 18
1 1 0 19
1 1 0 20
1 1 20 21
1 1 20 22
1 1 20 23
1 1 20 25
1 1 20 26
1 1 20 27
1 1 27 28
1 1 27 30
1 1 27 31
1 1 27 32
1 1 27 33
1 1 27 34
1 1 27 35
1 1 27 36
1 1 27 38
1 1 27 39
1 1 27 40
1 1 27 41
1 1 27 42
1 1 27 43
1 1 27 44
1 1 27 45
1 1 27 46
1 1 27 47
1 1 27 48
# 27 : 0 -> 5
#c 0 1 2 3 4 5 0 0 0 0 0 0 0 0 0 0 3 0 0 0 0 0 0 0 5 0 0 5 0 5 0 0 0 0 0 0 0 3 0 0 0 0 0 0 0 0 0 0 0
39 1 0 6 7 8 9 10 11 12 13 14 15 17 18 19 20 21 22 23 25 26 28 30 31 32 33 34 35 36 38 39 40 41 42 43 44 45 46 47 48 1
39 1 0 6 7 8 9 10 11 12 13 14 15 17 18 19 20 21 22 23 25 26 28 30 31 32 33 34 35 36 38 39 40 41 42 43 44 45 46 47 48 2
39 3 0 6 7 8 9 10 11 12 13 14 15 17 18 19 20 21 22 23 25 26 28 30 31 32 33 34 35 36 38 39 40 41 42 43 44 45 46 47 48 3 16 37
39 1 0 6 7 8 9 10 11 12 13 14 15 17 18 19 20 21 22 23 25 26 28 30 31 32 33 34 35 36 38 39 40 41 42 43 44 45 46 47 48 4
3 4 3 16 37 5 24 27 29
39 4 0 6 7 8 9 10 11 12 13 14 15 17 18 19 20 21 22 23 25 26 28 30 31 32 33 34 35 36 38 39 40 41 42 43 44 45 46 47 48 5 24 27 29
1 1 20 28
1 1 20 30
1 1 20 31
1 1 20 32
1 1 20 33
1 1 20 34
1 1 20 35
1 1 20 36
1 1 20 38
1 1 20 39
1 1 20 40
1 1 20 41
1 1 20 42
1 1 20 43
1 1 20 44
1 1 20 45
1 1 20 46
1 1 20 47
1 1 20 48
# 20 : 0 -> 3
#c 0 1 2 3 4 5 0 0 0 0 0 0 0 0 0 0 3 0 0 0 3 0 0 0 5 0 0 5 0 5 0 0 0 0 0 0 0 3 0 0 0 0 0 0 0 0 0 0 0
38 1 0 6 7 8 9 10 11 12 13 14 15 17 18 19 21 22 23 25 26 28 30 31 32 33 34 35 36 38 39 40 41 42 43 44 45 46 47 48 1
38 1 0 6 7 8 9 10 11 12 13 14 15 17 18 19 21 22 23 25 26 28 30 31 32 33 34 35 36 38 39 40 41 42 43 44 45 46 47 48 2
1 4 2 3 16 20 37
38 4 0 6 7 8 9 10 11 12 13 14 15 17 18 19 21 22 23 25 26 28 30 31 32 33 34 35 36 38 39 40 41 42 43 44 45 46 47 48 3 16 20 37
4 1 3 16 20 37 4
38 1 0 6 7 8 9 10 11 12 13 14 15 17 18 19 21 22 23 25 26 28 30 31 32 33 34 35 36 38 39 40 41 42 43 44 45 46 47 48 4
4 4 3 16 20 37 5 24 27 29
38 4 0 6 7 8 9 10 11 12 13 14 15 17 18 19 21 22 23 25 26 28 30 31 32 33 34 35 36 38 39 40 41 42 43 44 45 46 47 48 5 24 27 29
1 1 0 21
1 1 21 22
1 1 21 23
1 1 23 25
1 1 23 26
1 1 23 28
1 1 23 30
1 1 23 31
1 1 23 32
1 1 23 33
1 1 23 34
1 1 23 35
1 1 23 36
1 1 23 38
1 1 23 39
1 1 23 40
1 1 23 41
1 1 23 42
1 1 23 43
1 1 23 44
1 1 23 45
1 1 23 46
1 1 23 47
1 1 23 48
# 23 : 0 -> 5
#c 0 1 2 3 4 5 0 0 0 0 0 0 0 0 0 0 3 0 0 0 3 0 0 5 5 0 0 5 0 5 0 0 0 0 0 0 0 3 0 0 0 0 0 0 0 0 0 0 0
37 1 0 6 7 8 9 10 11 12 13 14 15 17 18 19 21 22 25 26 28 30 31 32 33 34 35 36 38 39 40 41 42 43 44 45 46 47 48 1
37 1 0 6 7 8 9 10 11 12 13 14 15 17 18 19 21 22 25 26 28 30 31 32 33 34 35 36 38 39 40 41 42 43 44 45 46 47 48 2
37 4 0 6 7 8 9 10 11 12 13 14 15 17 18 19 21 22 25 26 28 30 31 32 33 34 35 36 38 39 40 41 42 43 44 45 46 47 48 3 16 20 37
37 1 0 6 7 8 9 10 11 12 13 14 15 17 18 19 21 22 25 26 28 30 31 32 33 34 35 36 38 39 40 41 42 43 44 45 46 47 48 4
4 5 3 16 20 37 5 23 24 27 29
37 5 0 6 7 8 9 10 11 12 13 14 15 17 18 19 21 22 25 26 28 30 31 32 33 34 35 36 38 39 40 41 42 43 44 45 46 47 48 5 23 24 27 29
1 1 21 25
1 1 21 26
1 1 21 28
1 1 21 30
1 1 21 31
1 1 21 32
1 1 21 33
1 1 21 34
1 1 21 35
1 1 21 36
# 21 : 0 -> 3
0 1 2 3 4 5 0 0 0 0 0 0 0 0 0 0 3 0 0 0 3 3 0 5 5 0 0 5 0 5 0 0 0 0 0 0 0 3 0 0 0 0 0 0 0 0 0 0 0
