#c 0 1 0 1 0 1 0 1 0 1 0 1 0 1 0 1 0 1 0 1 0 1 0 1 0 1 0 1 0 1 0 1 0 1 0 1 0 1 0 1 0 1 0 1 0 1 0 1 0 1 0 1 0 1 0 1 0 1
#c 0 1 0 1 0 1 0 1 0 1 0 1 0 1 0 1 0 1 0 1 0 1 0 1 0 1 0 1 0 1 0 1 0 1 0 1 0 1 0 1 0 1 0 1 0 1 0 1 0 1 0 1 0 1 0 1 0 1
29 29 0 2 4 6 8 10 12 14 16 18 20 22 24 26 28 30 32 34 36 38 40 42 44 46 48 50 52 54 56 1 3 5 7 9 11 13 15 17 19 21 23 25 27 29 31 33 35 37 39 41 43 45 47 49 51 53 55 57
1 1 1 3
1 1 1 5
1 1 5 7
1 1 5 9
1 1 5 11
1 1 11 13
1 1 11 15
1 1 11 17
1 1 11 19
1 1 11 21
1 1 11 23
1 1 11 25
1 1 11 27
1 1 11 29
1 1 11 31
1 1 11 33
1 1 11 35
1 1 11 37
1 1 11 39
1 1 11 41
1 1 11 43
1 1 43 45
1 1 43 47
1 1 43 49
1 1 43 51
1 1 43 53
1 1 43 55
1 1 43 57
# 43 : 1 -> 0
#c 0 1 0 1 0 1 0 1 0 1 0 1 0 1 0 1 0 1 0 1 0 1 0 1 0 1 0 1 0 1 0 1 0 1 0 1 0 1 0 1 0 1 0 0 0 1 0 1 0 1 0 1 0 1 0 1 0 1
30 28 0 2 4 6 8 10 12 14 16 18 20 22 24 26 28 30 32 34 36 38 40 42 43 44 46 48 50 52 54 56 1 3 5 7 9 11 13 15 17 19 21 23 25 27 29 31 33 35 37 39 41 45 47 49 51 53 55 57
1 1 11 45
1 1 11 47
1 1 11 49
1 1 11 51
1 1 11 53
1 1 11 55
1 1 11 57
# 11 : 1 -> 0
#c 0 1 0 1 0 1 0 1 0 1 0 0 0 1 0 1 0 1 0 1 0 1 0 1 0 1 0 1 0 1 0 1 0 1 0 1 0 1 0 1 0 1 0 0 0 1 0 1 0 1 0 1 0 1 0 1 0 1
31 27 0 2 4 6 8 10 11 12 14 16 18 20 22 24 26 28 30 32 34 36 38 40 42 43 44 46 48 50 52 54 56 1 3 5 7 9 13 15 17 19 21 23 25 27 29 31 33 35 37 39 41 45 47 49 51 53 55 57
1 1 5 13
1 1 5 15
1 1 5 17
1 1 5 19
1 1 5 21
1 1 21 23
1 1 21 25
1 1 21 27
1 1 21 29
1 1 29 31
1 1 31 33
1 1 31 35
1 1 31 37
1 1 31 39
1 1 31 41
1 1 31 45
1 1 31 47
1 1 31 49
1 1 31 51
1 1 31 53
1 1 31 55
1 1 31 57
# 31 : 1 -> 0
#c 0 1 0 1 0 1 0 1 0 1 0 0 0 1 0 1 0 1 0 1 0 1 0 1 0 1 0 1 0 1 0 0 0 1 0 1 0 1 0 1 0 1 0 0 0 1 0 1 0 1 0 1 0 1 0 1 0 1
32 26 0 2 4 6 8 10 11 12 14 16 18 20 22 24 26 28 30 31 32 34 36 38 40 42 43 44 46 48 50 52 54 56 1 3 5 7 9 13 15 17 19 21 23 25 27 29 33 35 37 39 41 45 47 49 51 53 55 57
1 1 29 33
1 1 29 35
1 1 29 37
1 1 29 39
1 1 29 41
1 1 41 45
1 1 41 47
1 1 41 49
1 1 41 51
1 1 41 53
1 1 41 55
1 1 41 57
# 41 : 1 -> 0
#c 0 1 0 1 0 1 0 1 0 1 0 0 0 1 0 1 0 1 0 1 0 1 0 1 0 1 0 1 0 1 0 0 0 1 0 1 0 1 0 1 0 0 0 0 0 1 0 1 0 1 0 1 0 1 0 1 0 1
33 25 0 2 4 6 8 10 11 12 14 16 18 20 22 24 26 28 30 31 32 34 36 38 40 41 42 43 44 46 48 50 52 54 56 1 3 5 7 9 13 15 17 19 21 23 25 27 29 33 35 37 39 45 47 49 51 53 55 57
1 1 29 45
1 1 29 47
1 1 29 49
1 1 29 51
1 1 29 53
1 1 29 55
1 1 29 57
# 29 : 1 -> 0
#c 0 1 0 1 0 1 0 1 0 1 0 0 0 1 0 1 0 1 0 1 0 1 0 1 0 1 0 1 0 0 0 0 0 1 0 1 0 1 0 1 0 0 0 0 0 1 0 1 0 1 0 1 0 1 0 1 0 1
34 24 0 2 4 6 8 10 11 12 14 16 18 20 22 24 26 28 29 30 31 32 34 36 38 40 41 42 43 44 46 48 50 52 54 56 1 3 5 7 9 13 15 17 19 21 23 25 27 33 35 37 39 45 47 49 51 53 55 57
1 1 21 33
1 1 21 35
1 1 21 37
1 1 21 39
1 1 21 45
1 1 21 47
1 1 21 49
1 1 21 51
1 1 21 53
1 1 21 55
1 1 21 57
# 21 : 1 -> 0
#c 0 1 0 1 0 1 0 1 0 1 0 0 0 1 0 1 0 1 0 1 0 0 0 1 0 1 0 1 0 0 0 0 0 1 0 1 0 1 0 1 0 0 0 0 0 1 0 1 0 1 0 1 0 1 0 1 0 1
35 23 0 2 4 6 8 10 11 12 14 16 18 20 21 22 24 26 28 29 30 31 32 34 36 38 40 41 42 43 44 46 48 50 52 54 56 1 3 5 7 9 13 15 17 19 23 25 27 33 35 37 39 45 47 49 51 53 55 57
1 1 5 23
1 1 5 25
1 1 5 27
1 1 5 33
1 1 5 35
1 1 5 37
1 1 5 39
1 1 5 45
1 1 5 47
1 1 5 49
1 1 5 51
1 1 5 53
1 1 5 55
1 1 5 57
# 5 : 1 -> 0
#c 0 1 0 1 0 0 0 1 0 1 0 0 0 1 0 1 0 1 0 1 0 0 0 1 0 1 0 1 0 0 0 0 0 1 0 1 0 1 0 1 0 0 0 0 0 1 0 1 0 1 0 1 0 1 0 1 0 1
36 22 0 2 4 5 6 8 10 11 12 14 16 18 20 21 22 24 26 28 29 30 31 32 34 36 38 40 41 42 43 44 46 48 50 52 54 56 1 3 7 9 13 15 17 19 23 25 27 33 35 37 39 45 47 49 51 53 55 57
1 1 1 7
1 1 1 9
1 1 1 13
1 1 1 15
1 1 1 17
1 1 1 19
1 1 1 23
1 1 23 25
1 1 23 27
1 1 23 33
1 1 23 35
1 1 23 37
1 1 23 39
1 1 23 45
1 1 23 47
1 1 47 49
# 47 : 1 -> 0
0 1 0 1 0 0 0 1 0 1 0 0 0 1 0 1 0 1 0 1 0 0 0 1 0 1 0 1 0 0 0 0 0 1 0 1 0 1 0 1 0 0 0 0 0 1 0 0 0 1 0 1 0 1 0 1 0 1
#c 0 1 0 0 0 0 0 0 0 0 0 0 0 0 0 0 0 0 0 0 0 0 0 0 0 0 0 0 0 0 0 0 0 0 0 0 0 0 0 0 0 0 0 0 0 0 0 0 0 0 0 0 0 0 0 0 0 0
#c 0 1 0 0 0 0 0 0 0 0 0 0 0 0 0 0 0 0 0 0 0 0 0 0 0 0 0 0 0 0 0 0 0 0 0 0 0 0 0 0 0 0 0 0 0 0 0 0 0 0 0 0 0 0 0 0 0 0
57 1 0 2 3 4 5 6 7 8 9 10 11 12 13 14 15 16 17 18 19 20 21 22 23 24 25 26 27 28 29 30 31 32 33 34 35 36 37 38 39 40 41 42 43 44 45 46 47 48 49 50 51 52 53 54 55 56 57 1
1 1 0 2
1 1 2 3
1 1 2 4
1 1 4 5
1 1 5 6
1 1 5 7
1 1 5 8
1 1 5 9
1 1 5 10
1 1 5 11
1 1 11 12
1 1 11 13
1 1 11 14
1 1 11 15
1 1 11 16
1 1 11 17
1 1 11 18
1 1 11 19
1 1 11 20
1 1 20 21
1 1 20 22
1 1 20 23
1 1 20 24
1 1 20 25
1 1 20 26
1 1 20 27
1 1 20 28
1 1 20 29
1 1 20 30
1 1 20 31
1 1 20 32
1 1 32 33
1 1 32 34
1 1 32 35
1 1 32 36
1 1 32 37
1 1 32 38
1 1 32 39
1 1 32 40
1 1 32 41
1 1 32 42
1 1 32 43
1 1 32 44
1 1 32 45
1 1 32 46
1 1 32 47
1 1 32 48
1 1 32 49
1 1 32 50
1 1 32 51
1 1 32 52
1 1 32 53
1 1 32 54
1 1 32 55
1 1 32 56
1 1 32 57
# 32 : 0 -> 1
#c 0 1 0 0 0 0 0 0 0 0 0 0 0 0 0 0 0 0 0 0 0 0 0 0 0 0 0 0 0 0 0 0 1 0 0 0 0 0 0 0 0 0 0 0 0 0 0 0 0 0 0 0 0 0 0 0 0 0
56 2 0 2 3 4 5 6 7 8 9 10 11 12 13 14 15 16 17 18 19 20 21 22 23 24 25 26 27 28 29 30 31 33 34 35 36 37 38 39 40 41 42 43 44 45 46 47 48 49 50 51 52 53 54 55 56 57 1 32
1 1 20 33
1 1 20 34
1 1 20 35
1 1 20 36
1 1 20 37
1 1 20 38
1 1 20 39
1 1 20 40
1 1 20 41
1 1 20 42
1 1 20 43
1 1 43 44
1 1 43 45
1 1 43 46
1 1 43 47
1 1 43 48
1 1 43 49
1 1 43 50
1 1 43 51
1 1 43 52
1 1 43 53
1 1 43 54
1 1 43 55
1 1 43 56
1 1 43 57
# 43 : 0 -> 1
#c 0 1 0 0 0 0 0 0 0 0 0 0 0 0 0 0 0 0 0 0 0 0 0 0 0 0 0 0 0 0 0 0 1 0 0 0 0 0 0 0 0 0 0 1 0 0 0 0 0 0 0 0 0 0 0 0 0 0
55 3 0 2 3 4 5 6 7 8 9 10 11 12 13 14 15 16 17 18 19 20 21 22 23 24 25 26 27 28 29 30 31 33 34 35 36 37 38 39 40 41 42 44 45 46 47 48 49 50 51 52 53 54 55 56 57 1 32 43
1 1 20 44
1 1 20 45
1 1 20 46
1 1 20 47
1 1 20 48
1 1 20 49
1 1 20 50
1 1 20 51
1 1 20 52
1 1 20 53
1 1 20 54
1 1 20 55
1 1 20 56
1 1 20 57
# 20 : 0 -> 1
#c 0 1 0 0 0 0 0 0 0 0 0 0 0 0 0 0 0 0 0 0 1 0 0 0 0 0 0 0 0 0 0 0 1 0 0 0 0 0 0 0 0 0 0 1 0 0 0 0 0 0 0 0 0 0 0 0 0 0
54 4 0 2 3 4 5 6 7 8 9 10 11 12 13 14 15 16 17 18 19 21 22 23 24 25 26 27 28 29 30 31 33 34 35 36 37 38 39 40 41 42 44 45 46 47 48 49 50 51 52 53 54 55 56 57 1 20 32 43
1 1 11 21
1 1 11 22
1 1 11 23
1 1 11 24
1 1 11 25
1 1 11 26
1 1 11 27
1 1 11 28
1 1 11 29
1 1 11 30
1 1 11 31
1 1 11 33
1 1 11 34
1 1 11 35
1 1 11 36
1 1 11 37
1 1 11 38
1 1 11 39
1 1 11 40
1 1 40 41
1 1 40 42
1 1 42 44
1 1 42 45
1 1 42 46
1 1 42 47
1 1 42 48
# 42 : 0 -> 1
0 1 0 0 0 0 0 0 0 0 0 0 0 0 0 0 0 0 0 0 1 0 0 0 0 0 0 0 0 0 0 0 1 0 0 0 0 0 0 0 0 0 1 1 0 0 0 0 0 0 0 0 0 0 0 0 0 0
