#c 0 1 2 3 4 5 6 7 8 9 10 11 0 1 2 3 4 5 6 7 8 9 10 11 0 1 2 3 4 5 6 7 8 9 10 11 0 1 2 3 4 5 6 7 8 9 10 11 0 1 2 3 4 5 6 7 8 9 10 11 0 1 2 3 4 5 6 7 8 9 10 11 0 1
#c 0 1 2 3 4 5 6 7 8 9 10 11 0 1 2 3 4 5 6 7 8 9 10 11 0 1 2 3 4 5 6 7 8 9 10 11 0 1 2 3 4 5 6 7 8 9 10 11 0 1 2 3 4 5 6 7 8 9 10 11 0 1 2 3 4 5 6 7 8 9 10 11 0 1
7 7 0 12 24 36 48 60 72 1 13 25 37 49 61 73
7 6 0 12 24 36 48 60 72 2 14 26 38 50 62
7 6 1 13 25 37 49 61 73 2 14 26 38 50 62
7 6 0 12 24 36 48 60 72 3 15 27 39 51 63
7 6 1 13 25 37 49 61 73 3 15 27 39 51 63
7 6 0 12 24 36 48 60 72 4 16 28 40 52 64
7 6 1 13 25 37 49 61 73 4 16 28 40 52 64
6 6 4 16 28 40 52 64 5 17 29 41 53 65
7 6 1 13 25 37 49 61 73 5 17 29 41 53 65
6 6 4 16 28 40 52 64 6 18 30 42 54 66
7 6 1 13 25 37 49 61 73 6 18 30 42 54 66
6 6 4 16 28 40 52 64 7 19 31 43 55 67
7 6 1 13 25 37 49 61 73 7 19 31 43 55 67
6 6 4 16 28 40 52 64 8 20 32 44 56 68
7 6 1 13 25 37 49 61 73 8 20 32 44 56 68
6 6 4 16 28 40 52 64 9 21 33 45 57 69
7 6 1 13 25 37 49 61 73 9 21 33 45 57 69
6 6 4 16 28 40 52 64 10 22 34 46 58 70
7 6 1 13 25 37 49 61 73 10 22 34 46 58 70
6 6 4 16 28 40 52 64 11 23 35 47 59 71
7 6 1 13 25 37 49 61 73 11 23 35 47 59 71
1 1 1 13
1 1 1 25
1 1 1 37
1 1 37 49
1 1 49 61
1 1 49 73
# 73 : 1 -> 4
#c 0 1 2 3 4 5 6 7 8 9 10 11 0 1 2 3 4 5 6 7 8 9 10 11 0 1 2 3 4 5 6 7 8 9 10 11 0 1 2 3 4 5 6 7 8 9 10 11 0 1 2 3 4 5 6 7 8 9 10 11 0 1 2 3 4 5 6 7 8 9 10 11 0 4
7 6 0 12 24 36 48 60 72 1 13 25 37 49 61
6 6 1 13 25 37 49 61 2 14 26 38 50 62
6 6 1 13 25 37 49 61 3 15 27 39 51 63
7 7 0 12 24 36 48 60 72 4 16 28 40 52 64 73
6 7 1 13 25 37 49 61 4 16 28 40 52 64 73
7 6 4 16 28 40 52 64 73 5 17 29 41 53 65
6 6 1 13 25 37 49 61 5 17 29 41 53 65
7 6 4 16 28 40 52 64 73 6 18 30 42 54 66
6 6 1 13 25 37 49 61 6 18 30 42 54 66
7 6 4 16 28 40 52 64 73 7 19 31 43 55 67
6 6 1 13 25 37 49 61 7 19 31 43 55 67
7 6 4 16 28 40 52 64 73 8 20 32 44 56 68
6 6 1 13 25 37 49 61 8 20 32 44 56 68
7 6 4 16 28 40 52 64 73 9 21 33 45 57 69
6 6 1 13 25 37 49 61 9 21 33 45 57 69
7 6 4 16 28 40 52 64 73 10 22 34 46 58 70
6 6 1 13 25 37 49 61 10 22 34 46 58 70
7 6 4 16 28 40 52 64 73 11 23 35 47 59 71
6 6 1 13 25 37 49 61 11 23 35 47 59 71
# 49 : 1 -> 4
#c 0 1 2 3 4 5 6 7 8 9 10 11 0 1 2 3 4 5 6 7 8 9 10 11 0 1 2 3 4 5 6 7 8 9 10 11 0 1 2 3 4 5 6 7 8 9 10 11 0 4 2 3 4 5 6 7 8 9 10 11 0 1 2 3 4 5 6 7 8 9 10 11 0 4
7 5 0 12 24 36 48 60 72 1 13 25 37 61
5 6 1 13 25 37 61 2 14 26 38 50 62
5 6 1 13 25 37 61 3 15 27 39 51 63
7 8 0 12 24 36 48 60 72 4 16 28 40 49 52 64 73
5 8 1 13 25 37 61 4 16 28 40 49 52 64 73
8 6 4 16 28 40 49 52 64 73 5 17 29 41 53 65
5 6 1 13 25 37 61 5 17 29 41 53 65
8 6 4 16 28 40 49 52 64 73 6 18 30 42 54 66
5 6 1 13 25 37 61 6 18 30 42 54 66
8 6 4 16 28 40 49 52 64 73 7 19 31 43 55 67
5 6 1 13 25 37 61 7 19 31 43 55 67
8 6 4 16 28 40 49 52 64 73 8 20 32 44 56 68
5 6 1 13 25 37 61 8 20 32 44 56 68
8 6 4 16 28 40 49 52 64 73 9 21 33 45 57 69
5 6 1 13 25 37 61 9 21 33 45 57 69
8 6 4 16 28 40 49 52 64 73 10 22 34 46 58 70
5 6 1 13 25 37 61 10 22 34 46 58 70
8 6 4 16 28 40 49 52 64 73 11 23 35 47 59 71
5 6 1 13 25 37 61 11 23 35 47 59 71
1 1 37 61
# 37 : 1 -> 4
#c 0 1 2 3 4 5 6 7 8 9 10 11 0 1 2 3 4 5 6 7 8 9 10 11 0 1 2 3 4 5 6 7 8 9 10 11 0 4 2 3 4 5 6 7 8 9 10 11 0 4 2 3 4 5 6 7 8 9 10 11 0 1 2 3 4 5 6 7 8 9 10 11 0 4
7 4 0 12 24 36 48 60 72 1 13 25 61
4 6 1 13 25 61 2 14 26 38 50 62
4 6 1 13 25 61 3 15 27 39 51 63
7 9 0 12 24 36 48 60 72 4 16 28 37 40 49 52 64 73
4 9 1 13 25 61 4 16 28 37 40 49 52 64 73
7 6 0 12 24 36 48 60 72 5 17 29 41 53 65
4 6 1 13 25 61 5 17 29 41 53 65
7 6 0 12 24 36 48 60 72 6 18 30 42 54 66
4 6 1 13 25 61 6 18 30 42 54 66
7 6 0 12 24 36 48 60 72 7 19 31 43 55 67
4 6 1 13 25 61 7 19 31 43 55 67
7 6 0 12 24 36 48 60 72 8 20 32 44 56 68
4 6 1 13 25 61 8 20 32 44 56 68
7 6 0 12 24 36 48 60 72 9 21 33 45 57 69
6 6 8 20 32 44 56 68 9 21 33 45 57 69
7 6 0 12 24 36 48 60 72 10 22 34 46 58 70
6 6 8 20 32 44 56 68 10 22 34 46 58 70
6 6 10 22 34 46 58 70 11 23 35 47 59 71
6 6 8 20 32 44 56 68 11 23 35 47 59 71
1 1 8 20
1 1 20 32
1 1 32 44
1 1 32 56
1 1 32 68
# 32 : 8 -> 10
#c 0 1 2 3 4 5 6 7 8 9 10 11 0 1 2 3 4 5 6 7 8 9 10 11 0 1 2 3 4 5 6 7 10 9 10 11 0 4 2 3 4 5 6 7 8 9 10 11 0 4 2 3 4 5 6 7 8 9 10 11 0 1 2 3 4 5 6 7 8 9 10 11 0 4
7 5 0 12 24 36 48 60 72 8 20 44 56 68
4 5 1 13 25 61 8 20 44 56 68
5 6 8 20 44 56 68 9 21 33 45 57 69
7 7 0 12 24 36 48 60 72 10 22 32 34 46 58 70
5 7 8 20 44 56 68 10 22 32 34 46 58 70
7 6 0 12 24 36 48 60 72 11 23 35 47 59 71
5 6 8 20 44 56 68 11 23 35 47 59 71
1 1 20 44
1 1 20 56
1 1 20 68
# 20 : 8 -> 0
#c 0 1 2 3 4 5 6 7 8 9 10 11 0 1 2 3 4 5 6 7 0 9 10 11 0 1 2 3 4 5 6 7 10 9 10 11 0 4 2 3 4 5 6 7 8 9 10 11 0 4 2 3 4 5 6 7 8 9 10 11 0 1 2 3 4 5 6 7 8 9 10 11 0 4
8 4 0 12 20 24 36 48 60 72 1 13 25 61
8 6 0 12 20 24 36 48 60 72 2 14 26 38 50 62
8 6 0 12 20 24 36 48 60 72 3 15 27 39 51 63
8 9 0 12 20 24 36 48 60 72 4 16 28 37 40 49 52 64 73
8 6 0 12 20 24 36 48 60 72 5 17 29 41 53 65
8 6 0 12 20 24 36 48 60 72 6 18 30 42 54 66
8 6 0 12 20 24 36 48 60 72 7 19 31 43 55 67
8 4 0 12 20 24 36 48 60 72 8 44 56 68
4 4 1 13 25 61 8 44 56 68
8 6 0 12 20 24 36 48 60 72 9 21 33 45 57 69
4 6 1 13 25 61 9 21 33 45 57 69
8 7 0 12 20 24 36 48 60 72 10 22 32 34 46 58 70
4 7 1 13 25 61 10 22 32 34 46 58 70
7 6 10 22 32 34 46 58 70 11 23 35 47 59 71
4 6 1 13 25 61 11 23 35 47 59 71
1 1 1 61
# 1 : 1 -> 10
#c 0 10 2 3 4 5 6 7 8 9 10 11 0 1 2 3 4 5 6 7 0 9 10 11 0 1 2 3 4 5 6 7 10 9 10 11 0 4 2 3 4 5 6 7 8 9 10 11 0 4 2 3 4 5 6 7 8 9 10 11 0 1 2 3 4 5 6 7 8 9 10 11 0 4
8 3 0 12 20 24 36 48 60 72 13 25 61
3 6 13 25 61 2 14 26 38 50 62
3 6 13 25 61 3 15 27 39 51 63
3 9 13 25 61 4 16 28 37 40 49 52 64 73
3 6 13 25 61 5 17 29 41 53 65
3 6 13 25 61 6 18 30 42 54 66
3 6 13 25 61 7 19 31 43 55 67
3 4 13 25 61 8 44 56 68
4 6 8 44 56 68 9 21 33 45 57 69
8 8 0 12 20 24 36 48 60 72 1 10 22 32 34 46 58 70
4 8 8 44 56 68 1 10 22 32 34 46 58 70
8 6 0 12 20 24 36 48 60 72 11 23 35 47 59 71
4 6 8 44 56 68 11 23 35 47 59 71
1 1 8 44
1 1 44 56
1 1 44 68
# 68 : 8 -> 0
#c 0 10 2 3 4 5 6 7 8 9 10 11 0 1 2 3 4 5 6 7 0 9 10 11 0 1 2 3 4 5 6 7 10 9 10 11 0 4 2 3 4 5 6 7 8 9 10 11 0 4 2 3 4 5 6 7 8 9 10 11 0 1 2 3 4 5 6 7 0 9 10 11 0 4
9 3 0 12 20 24 36 48 60 68 72 13 25 61
9 6 0 12 20 24 36 48 60 68 72 2 14 26 38 50 62
9 6 0 12 20 24 36 48 60 68 72 3 15 27 39 51 63
9 9 0 12 20 24 36 48 60 68 72 4 16 28 37 40 49 52 64 73
9 6 4 16 28 37 40 49 52 64 73 5 17 29 41 53 65
9 6 4 16 28 37 40 49 52 64 73 6 18 30 42 54 66
6 6 6 18 30 42 54 66 7 19 31 43 55 67
6 3 6 18 30 42 54 66 8 44 56
3 3 13 25 61 8 44 56
6 6 6 18 30 42 54 66 9 21 33 45 57 69
3 6 13 25 61 9 21 33 45 57 69
6 8 6 18 30 42 54 66 1 10 22 32 34 46 58 70
3 8 13 25 61 1 10 22 32 34 46 58 70
6 6 6 18 30 42 54 66 11 23 35 47 59 71
3 6 13 25 61 11 23 35 47 59 71
1 1 11 23
1 1 11 35
1 1 11 47
1 1 11 59
1 1 11 71
# 11 : 11 -> 6
#c 0 10 2 3 4 5 6 7 8 9 10 6 0 1 2 3 4 5 6 7 0 9 10 11 0 1 2 3 4 5 6 7 10 9 10 11 0 4 2 3 4 5 6 7 8 9 10 11 0 4 2 3 4 5 6 7 8 9 10 11 0 1 2 3 4 5 6 7 0 9 10 11 0 4
9 7 4 16 28 37 40 49 52 64 73 6 11 18 30 42 54 66
3 7 13 25 61 6 11 18 30 42 54 66
7 6 6 11 18 30 42 54 66 7 19 31 43 55 67
7 3 6 11 18 30 42 54 66 8 44 56
7 6 6 11 18 30 42 54 66 9 21 33 45 57 69
7 8 6 11 18 30 42 54 66 1 10 22 32 34 46 58 70
7 5 6 11 18 30 42 54 66 23 35 47 59 71
3 5 13 25 61 23 35 47 59 71
1 1 23 35
# 35 : 11 -> 6
0 10 2 3 4 5 6 7 8 9 10 6 0 1 2 3 4 5 6 7 0 9 10 11 0 1 2 3 4 5 6 7 10 9 10 6 0 4 2 3 4 5 6 7 8 9 10 11 0 4 2 3 4 5 6 7 8 9 10 11 0 1 2 3 4 5 6 7 0 9 10 11 0 4
#c 0 1 2 3 4 5 6 7 8 9 10 11 0 0 0 0 0 0 0 0 0 0 0 0 0 0 0 0 0 0 0 0 0 0 0 0 0 0 0 0 0 0 0 0 0 0 0 0 0 0 0 0 0 0 0 0 0 0 0 0 0 0 0 0 0 0 0 0 0 0 0 0 0 0
#c 0 1 2 3 4 5 6 7 8 9 10 11 0 0 0 0 0 0 0 0 0 0 0 0 0 0 0 0 0 0 0 0 0 0 0 0 0 0 0 0 0 0 0 0 0 0 0 0 0 0 0 0 0 0 0 0 0 0 0 0 0 0 0 0 0 0 0 0 0 0 0 0 0 0
63 1 0 12 13 14 15 16 17 18 19 20 21 22 23 24 25 26 27 28 29 30 31 32 33 34 35 36 37 38 39 40 41 42 43 44 45 46 47 48 49 50 51 52 53 54 55 56 57 58 59 60 61 62 63 64 65 66 67 68 69 70 71 72 73 1
1 1 1 2
63 1 0 12 13 14 15 16 17 18 19 20 21 22 23 24 25 26 27 28 29 30 31 32 33 34 35 36 37 38 39 40 41 42 43 44 45 46 47 48 49 50 51 52 53 54 55 56 57 58 59 60 61 62 63 64 65 66 67 68 69 70 71 72 73 2
1 1 2 3
63 1 0 12 13 14 15 16 17 18 19 20 21 22 23 24 25 26 27 28 29 30 31 32 33 34 35 36 37 38 39 40 41 42 43 44 45 46 47 48 49 50 51 52 53 54 55 56 57 58 59 60 61 62 63 64 65 66 67 68 69 70 71 72 73 3
1 1 2 4
63 1 0 12 13 14 15 16 17 18 19 20 21 22 23 24 25 26 27 28 29 30 31 32 33 34 35 36 37 38 39 40 41 42 43 44 45 46 47 48 49 50 51 52 53 54 55 56 57 58 59 60 61 62 63 64 65 66 67 68 69 70 71 72 73 4
1 1 4 5
63 1 0 12 13 14 15 16 17 18 19 20 21 22 23 24 25 26 27 28 29 30 31 32 33 34 35 36 37 38 39 40 41 42 43 44 45 46 47 48 49 50 51 52 53 54 55 56 57 58 59 60 61 62 63 64 65 66 67 68 69 70 71 72 73 5
1 1 4 6
63 1 0 12 13 14 15 16 17 18 19 20 21 22 23 24 25 26 27 28 29 30 31 32 33 34 35 36 37 38 39 40 41 42 43 44 45 46 47 48 49 50 51 52 53 54 55 56 57 58 59 60 61 62 63 64 65 66 67 68 69 70 71 72 73 6
1 1 4 7
63 1 0 12 13 14 15 16 17 18 19 20 21 22 23 24 25 26 27 28 29 30 31 32 33 34 35 36 37 38 39 40 41 42 43 44 45 46 47 48 49 50 51 52 53 54 55 56 57 58 59 60 61 62 63 64 65 66 67 68 69 70 71 72 73 7
1 1 4 8
63 1 0 12 13 14 15 16 17 18 19 20 21 22 23 24 25 26 27 28 29 30 31 32 33 34 35 36 37 38 39 40 41 42 43 44 45 46 47 48 49 50 51 52 53 54 55 56 57 58 59 60 61 62 63 64 65 66 67 68 69 70 71 72 73 8
1 1 4 9
63 1 0 12 13 14 15 16 17 18 19 20 21 22 23 24 25 26 27 28 29 30 31 32 33 34 35 36 37 38 39 40 41 42 43 44 45 46 47 48 49 50 51 52 53 54 55 56 57 58 59 60 61 62 63 64 65 66 67 68 69 70 71 72 73 9
1 1 4 10
63 1 0 12 13 14 15 16 17 18 19 20 21 22 23 24 25 26 27 28 29 30 31 32 33 34 35 36 37 38 39 40 41 42 43 44 45 46 47 48 49 50 51 52 53 54 55 56 57 58 59 60 61 62 63 64 65 66 67 68 69 70 71 72 73 10
1 1 4 11
63 1 0 12 13 14 15 16 17 18 19 20 21 22 23 24 25 26 27 28 29 30 31 32 33 34 35 36 37 38 39 40 41 42 43 44 45 46 47 48 49 50 51 52 53 54 55 56 57 58 59 60 61 62 63 64 65 66 67 68 69 70 71 72 73 11
1 1 0 12
1 1 0 13
1 1 0 14
1 1 0 15
1 1 0 16
1 1 0 17
1 1 0 18
1 1 18 19
1 1 18 20
1 1 18 21
1 1 18 22
1 1 18 23
1 1 18 24
1 1 18 25
1 1 18 26
1 1 18 27
1 1 18 28
1 1 18 29
1 1 18 30
1 1 18 31
1 1 18 32
1 1 18 33
1 1 18 34
1 1 18 35
1 1 18 36
1 1 18 37
1 1 18 38
1 1 18 39
1 1 18 40
1 1 18 41
1 1 18 42
1 1 18 43
1 1 43 44
1 1 43 45
1 1 43 46
1 1 43 47
1 1 43 48
1 1 43 49
1 1 43 50
1 1 43 51
1 1 43 52
1 1 43 53
1 1 43 54
1 1 43 55
1 1 43 56
1 1 43 57
1 1 43 58
1 1 43 59
1 1 43 60
1 1 43 61
1 1 43 62
1 1 43 63
1 1 43 64
1 1 43 65
1 1 43 66
1 1 43 67
1 1 43 68
1 1 43 69
1 1 43 70
1 1 43 71
1 1 43 72
1 1 43 73
# 43 : 0 -> 11
#c 0 1 2 3 4 5 6 7 8 9 10 11 0 0 0 0 0 0 0 0 0 0 0 0 0 0 0 0 0 0 0 0 0 0 0 0 0 0 0 0 0 0 0 11 0 0 0 0 0 0 0 0 0 0 0 0 0 0 0 0 0 0 0 0 0 0 0 0 0 0 0 0 0 0
62 1 0 12 13 14 15 16 17 18 19 20 21 22 23 24 25 26 27 28 29 30 31 32 33 34 35 36 37 38 39 40 41 42 44 45 46 47 48 49 50 51 52 53 54 55 56 57 58 59 60 61 62 63 64 65 66 67 68 69 70 71 72 73 1
62 1 0 12 13 14 15 16 17 18 19 20 21 22 23 24 25 26 27 28 29 30 31 32 33 34 35 36 37 38 39 40 41 42 44 45 46 47 48 49 50 51 52 53 54 55 56 57 58 59 60 61 62 63 64 65 66 67 68 69 70 71 72 73 2
62 1 0 12 13 14 15 16 17 18 19 20 21 22 23 24 25 26 27 28 29 30 31 32 33 34 35 36 37 38 39 40 41 42 44 45 46 47 48 49 50 51 52 53 54 55 56 57 58 59 60 61 62 63 64 65 66 67 68 69 70 71 72 73 3
62 1 0 12 13 14 15 16 17 18 19 20 21 22 23 24 25 26 27 28 29 30 31 32 33 34 35 36 37 38 39 40 41 42 44 45 46 47 48 49 50 51 52 53 54 55 56 57 58 59 60 61 62 63 64 65 66 67 68 69 70 71 72 73 4
62 1 0 12 13 14 15 16 17 18 19 20 21 22 23 24 25 26 27 28 29 30 31 32 33 34 35 36 37 38 39 40 41 42 44 45 46 47 48 49 50 51 52 53 54 55 56 57 58 59 60 61 62 63 64 65 66 67 68 69 70 71 72 73 5
62 1 0 12 13 14 15 16 17 18 19 20 21 22 23 24 25 26 27 28 29 30 31 32 33 34 35 36 37 38 39 40 41 42 44 45 46 47 48 49 50 51 52 53 54 55 56 57 58 59 60 61 62 63 64 65 66 67 68 69 70 71 72 73 6
62 1 0 12 13 14 15 16 17 18 19 20 21 22 23 24 25 26 27 28 29 30 31 32 33 34 35 36 37 38 39 40 41 42 44 45 46 47 48 49 50 51 52 53 54 55 56 57 58 59 60 61 62 63 64 65 66 67 68 69 70 71 72 73 7
62 1 0 12 13 14 15 16 17 18 19 20 21 22 23 24 25 26 27 28 29 30 31 32 33 34 35 36 37 38 39 40 41 42 44 45 46 47 48 49 50 51 52 53 54 55 56 57 58 59 60 61 62 63 64 65 66 67 68 69 70 71 72 73 8
62 1 0 12 13 14 15 16 17 18 19 20 21 22 23 24 25 26 27 28 29 30 31 32 33 34 35 36 37 38 39 40 41 42 44 45 46 47 48 49 50 51 52 53 54 55 56 57 58 59 60 61 62 63 64 65 66 67 68 69 70 71 72 73 9
62 1 0 12 13 14 15 16 17 18 19 20 21 22 23 24 25 26 27 28 29 30 31 32 33 34 35 36 37 38 39 40 41 42 44 45 46 47 48 49 50 51 52 53 54 55 56 57 58 59 60 61 62 63 64 65 66 67 68 69 70 71 72 73 10
1 2 4 11 43
62 2 0 12 13 14 15 16 17 18 19 20 21 22 23 24 25 26 27 28 29 30 31 32 33 34 35 36 37 38 39 40 41 42 44 45 46 47 48 49 50 51 52 53 54 55 56 57 58 59 60 61 62 63 64 65 66 67 68 69 70 71 72 73 11 43
1 1 18 44
1 1 18 45
1 1 18 46
1 1 46 47
1 1 46 48
1 1 46 49
1 1 46 50
1 1 46 51
1 1 46 52
1 1 46 53
1 1 46 54
1 1 46 55
1 1 46 56
1 1 46 57
1 1 57 58
1 1 57 59
1 1 57 60
1 1 57 61
1 1 57 62
1 1 57 63
1 1 57 64
1 1 57 65
1 1 57 66
1 1 57 67
1 1 57 68
1 1 57 69
1 1 57 70
1 1 57 71
1 1 57 72
1 1 57 73
# 57 : 0 -> 11
#c 0 1 2 3 4 5 6 7 8 9 10 11 0 0 0 0 0 0 0 0 0 0 0 0 0 0 0 0 0 0 0 0 0 0 0 0 0 0 0 0 0 0 0 11 0 0 0 0 0 0 0 0 0 0 0 0 0 11 0 0 0 0 0 0 0 0 0 0 0 0 0 0 0 0
61 1 0 12 13 14 15 16 17 18 19 20 21 22 23 24 25 26 27 28 29 30 31 32 33 34 35 36 37 38 39 40 41 42 44 45 46 47 48 49 50 51 52 53 54 55 56 58 59 60 61 62 63 64 65 66 67 68 69 70 71 72 73 1
61 1 0 12 13 14 15 16 17 18 19 20 21 22 23 24 25 26 27 28 29 30 31 32 33 34 35 36 37 38 39 40 41 42 44 45 46 47 48 49 50 51 52 53 54 55 56 58 59 60 61 62 63 64 65 66 67 68 69 70 71 72 73 2
61 1 0 12 13 14 15 16 17 18 19 20 21 22 23 24 25 26 27 28 29 30 31 32 33 34 35 36 37 38 39 40 41 42 44 45 46 47 48 49 50 51 52 53 54 55 56 58 59 60 61 62 63 64 65 66 67 68 69 70 71 72 73 3
61 1 0 12 13 14 15 16 17 18 19 20 21 22 23 24 25 26 27 28 29 30 31 32 33 34 35 36 37 38 39 40 41 42 44 45 46 47 48 49 50 51 52 53 54 55 56 58 59 60 61 62 63 64 65 66 67 68 69 70 71 72 73 4
61 1 0 12 13 14 15 16 17 18 19 20 21 22 23 24 25 26 27 28 29 30 31 32 33 34 35 36 37 38 39 40 41 42 44 45 46 47 48 49 50 51 52 53 54 55 56 58 59 60 61 62 63 64 65 66 67 68 69 70 71 72 73 5
61 1 0 12 13 14 15 16 17 18 19 20 21 22 23 24 25 26 27 28 29 30 31 32 33 34 35 36 37 38 39 40 41 42 44 45 46 47 48 49 50 51 52 53 54 55 56 58 59 60 61 62 63 64 65 66 67 68 69 70 71 72 73 6
61 1 0 12 13 14 15 16 17 18 19 20 21 22 23 24 25 26 27 28 29 30 31 32 33 34 35 36 37 38 39 40 41 42 44 45 46 47 48 49 50 51 52 53 54 55 56 58 59 60 61 62 63 64 65 66 67 68 69 70 71 72 73 7
61 1 0 12 13 14 15 16 17 18 19 20 21 22 23 24 25 26 27 28 29 30 31 32 33 34 35 36 37 38 39 40 41 42 44 45 46 47 48 49 50 51 52 53 54 55 56 58 59 60 61 62 63 64 65 66 67 68 69 70 71 72 73 8
61 1 0 12 13 14 15 16 17 18 19 20 21 22 23 24 25 26 27 28 29 30 31 32 33 34 35 36 37 38 39 40 41 42 44 45 46 47 48 49 50 51 52 53 54 55 56 58 59 60 61 62 63 64 65 66 67 68 69 70 71 72 73 9
61 1 0 12 13 14 15 16 17 18 19 20 21 22 23 24 25 26 27 28 29 30 31 32 33 34 35 36 37 38 39 40 41 42 44 45 46 47 48 49 50 51 52 53 54 55 56 58 59 60 61 62 63 64 65 66 67 68 69 70 71 72 73 10
1 3 4 11 43 57
61 3 0 12 13 14 15 16 17 18 19 20 21 22 23 24 25 26 27 28 29 30 31 32 33 34 35 36 37 38 39 40 41 42 44 45 46 47 48 49 50 51 52 53 54 55 56 58 59 60 61 62 63 64 65 66 67 68 69 70 71 72 73 11 43 57
1 1 46 58
1 1 46 59
1 1 46 60
1 1 46 61
1 1 46 62
1 1 46 63
1 1 46 64
1 1 46 65
1 1 46 66
1 1 46 67
1 1 46 68
1 1 46 69
1 1 46 70
1 1 46 71
1 1 46 72
1 1 46 73
# 46 : 0 -> 11
#c 0 1 2 3 4 5 6 7 8 9 10 11 0 0 0 0 0 0 0 0 0 0 0 0 0 0 0 0 0 0 0 0 0 0 0 0 0 0 0 0 0 0 0 11 0 0 11 0 0 0 0 0 0 0 0 0 0 11 0 0 0 0 0 0 0 0 0 0 0 0 0 0 0 0
60 1 0 12 13 14 15 16 17 18 19 20 21 22 23 24 25 26 27 28 29 30 31 32 33 34 35 36 37 38 39 40 41 42 44 45 47 48 49 50 51 52 53 54 55 56 58 59 60 61 62 63 64 65 66 67 68 69 70 71 72 73 1
60 1 0 12 13 14 15 16 17 18 19 20 21 22 23 24 25 26 27 28 29 30 31 32 33 34 35 36 37 38 39 40 41 42 44 45 47 48 49 50 51 52 53 54 55 56 58 59 60 61 62 63 64 65 66 67 68 69 70 71 72 73 2
60 1 0 12 13 14 15 16 17 18 19 20 21 22 23 24 25 26 27 28 29 30 31 32 33 34 35 36 37 38 39 40 41 42 44 45 47 48 49 50 51 52 53 54 55 56 58 59 60 61 62 63 64 65 66 67 68 69 70 71 72 73 3
60 1 0 12 13 14 15 16 17 18 19 20 21 22 23 24 25 26 27 28 29 30 31 32 33 34 35 36 37 38 39 40 41 42 44 45 47 48 49 50 51 52 53 54 55 56 58 59 60 61 62 63 64 65 66 67 68 69 70 71 72 73 4
60 1 0 12 13 14 15 16 17 18 19 20 21 22 23 24 25 26 27 28 29 30 31 32 33 34 35 36 37 38 39 40 41 42 44 45 47 48 49 50 51 52 53 54 55 56 58 59 60 61 62 63 64 65 66 67 68 69 70 71 72 73 5
60 1 0 12 13 14 15 16 17 18 19 20 21 22 23 24 25 26 27 28 29 30 31 32 33 34 35 36 37 38 39 40 41 42 44 45 47 48 49 50 51 52 53 54 55 56 58 59 60 61 62 63 64 65 66 67 68 69 70 71 72 73 6
60 1 0 12 13 14 15 16 17 18 19 20 21 22 23 24 25 26 27 28 29 30 31 32 33 34 35 36 37 38 39 40 41 42 44 45 47 48 49 50 51 52 53 54 55 56 58 59 60 61 62 63 64 65 66 67 68 69 70 71 72 73 7
60 1 0 12 13 14 15 16 17 18 19 20 21 22 23 24 25 26 27 28 29 30 31 32 33 34 35 36 37 38 39 40 41 42 44 45 47 48 49 50 51 52 53 54 55 56 58 59 60 61 62 63 64 65 66 67 68 69 70 71 72 73 8
0 1 2 3 4 5 6 7 8 9 10 11 0 0 0 0 0 0 0 0 0 0 0 0 0 0 0 0 0 0 0 0 0 0 0 0 0 0 0 0 0 0 0 11 0 0 11 0 0 0 0 0 0 0 0 0 0 11 0 0 0 0 0 0 0 0 0 0 0 0 0 0 0 0
