#c 0 1 2 3 4 5 6 7 8 9 10 11 12 13 0 1 2 3 4 5 6 7 8 9 10 11 12 13 0 1 2 3 4 5 6 7 8 9 10 11 12 13 0 1 2 3 4 5 6 7 8 9 10 11 12 13 0 1 2 3 4 5 6 7 8 9 10 11 12 13 0 1 2 3
#c 0 1 2 3 4 5 6 7 8 9 10 11 12 13 0 1 2 3 4 5 6 7 8 9 10 11 12 13 0 1 2 3 4 5 6 7 8 9 10 11 12 13 0 1 2 3 4 5 6 7 8 9 10 11 12 13 0 1 2 3 4 5 6 7 8 9 10 11 12 13 0 1 2 3
6 6 0 14 28 42 56 70 1 15 29 43 57 71
6 6 0 14 28 42 56 70 2 16 30 44 58 72
6 6 1 15 29 43 57 71 2 16 30 44 58 72
6 6 0 14 28 42 56 70 3 17 31 45 59 73
6 6 1 15 29 43 57 71 3 17 31 45 59 73
6 5 3 17 31 45 59 73 4 18 32 46 60
6 5 1 15 29 43 57 71 4 18 32 46 60
6 5 3 17 31 45 59 73 5 19 33 47 61
6 5 1 15 29 43 57 71 5 19 33 47 61
6 5 3 17 31 45 59 73 6 20 34 48 62
6 5 1 15 29 43 57 71 6 20 34 48 62
6 5 3 17 31 45 59 73 7 21 35 49 63
6 5 1 15 29 43 57 71 7 21 35 49 63
6 5 3 17 31 45 59 73 8 22 36 50 64
6 5 1 15 29 43 57 71 8 22 36 50 64
6 5 3 17 31 45 59 73 9 23 37 51 65
6 5 1 15 29 43 57 71 9 23 37 51 65
6 5 3 17 31 45 59 73 10 24 38 52 66
6 5 1 15 29 43 57 71 10 24 38 52 66
5 5 10 24 38 52 66 11 25 39 53 67
6 5 1 15 29 43 57 71 11 25 39 53 67
5 5 10 24 38 52 66 12 26 40 54 68
6 5 1 15 29 43 57 71 12 26 40 54 68
5 5 10 24 38 52 66 13 27 41 55 69
6 5 1 15 29 43 57 71 13 27 41 55 69
1 1 1 15
1 1 15 29
1 1 15 43
1 1 15 57
1 1 15 71
# 15 : 1 -> 10
#c 0 1 2 3 4 5 6 7 8 9 10 11 12 13 0 10 2 3 4 5 6 7 8 9 10 11 12 13 0 1 2 3 4 5 6 7 8 9 10 11 12 13 0 1 2 3 4 5 6 7 8 9 10 11 12 13 0 1 2 3 4 5 6 7 8 9 10 11 12 13 0 1 2 3
6 5 0 14 28 42 56 70 1 29 43 57 71
5 6 1 29 43 57 71 2 16 30 44 58 72
5 6 1 29 43 57 71 3 17 31 45 59 73
5 5 1 29 43 57 71 4 18 32 46 60
5 5 1 29 43 57 71 5 19 33 47 61
5 5 1 29 43 57 71 6 20 34 48 62
5 5 1 29 43 57 71 7 21 35 49 63
5 5 1 29 43 57 71 8 22 36 50 64
5 5 1 29 43 57 71 9 23 37 51 65
6 6 3 17 31 45 59 73 10 15 24 38 52 66
5 6 1 29 43 57 71 10 15 24 38 52 66
6 5 10 15 24 38 52 66 11 25 39 53 67
5 5 1 29 43 57 71 11 25 39 53 67
6 5 10 15 24 38 52 66 12 26 40 54 68
5 5 1 29 43 57 71 12 26 40 54 68
6 5 10 15 24 38 52 66 13 27 41 55 69
5 5 1 29 43 57 71 13 27 41 55 69
1 1 1 29
1 1 29 43
1 1 43 57
1 1 43 71
# 43 : 1 -> 10
#c 0 1 2 3 4 5 6 7 8 9 10 11 12 13 0 10 2 3 4 5 6 7 8 9 10 11 12 13 0 1 2 3 4 5 6 7 8 9 10 11 12 13 0 10 2 3 4 5 6 7 8 9 10 11 12 13 0 1 2 3 4 5 6 7 8 9 10 11 12 13 0 1 2 3
6 4 0 14 28 42 56 70 1 29 57 71
4 6 1 29 57 71 2 16 30 44 58 72
6 6 2 16 30 44 58 72 3 17 31 45 59 73
6 5 2 16 30 44 58 72 4 18 32 46 60
6 5 2 16 30 44 58 72 5 19 33 47 61
6 5 2 16 30 44 58 72 6 20 34 48 62
6 5 2 16 30 44 58 72 7 21 35 49 63
6 5 2 16 30 44 58 72 8 22 36 50 64
5 5 8 22 36 50 64 9 23 37 51 65
6 7 3 17 31 45 59 73 10 15 24 38 43 52 66
5 7 8 22 36 50 64 10 15 24 38 43 52 66
6 5 3 17 31 45 59 73 11 25 39 53 67
5 5 8 22 36 50 64 11 25 39 53 67
6 5 3 17 31 45 59 73 12 26 40 54 68
5 5 8 22 36 50 64 12 26 40 54 68
6 5 3 17 31 45 59 73 13 27 41 55 69
5 5 8 22 36 50 64 13 27 41 55 69
1 1 8 22
1 1 22 36
1 1 22 50
1 1 22 64
# 22 : 8 -> 3
#c 0 1 2 3 4 5 6 7 8 9 10 11 12 13 0 10 2 3 4 5 6 7 3 9 10 11 12 13 0 1 2 3 4 5 6 7 8 9 10 11 12 13 0 10 2 3 4 5 6 7 8 9 10 11 12 13 0 1 2 3 4 5 6 7 8 9 10 11 12 13 0 1 2 3
6 7 0 14 28 42 56 70 3 17 22 31 45 59 73
6 7 2 16 30 44 58 72 3 17 22 31 45 59 73
7 5 3 17 22 31 45 59 73 4 18 32 46 60
7 5 3 17 22 31 45 59 73 5 19 33 47 61
7 5 3 17 22 31 45 59 73 6 20 34 48 62
7 5 3 17 22 31 45 59 73 7 21 35 49 63
7 4 3 17 22 31 45 59 73 8 36 50 64
6 4 2 16 30 44 58 72 8 36 50 64
7 5 3 17 22 31 45 59 73 9 23 37 51 65
6 5 2 16 30 44 58 72 9 23 37 51 65
7 7 3 17 22 31 45 59 73 10 15 24 38 43 52 66
6 7 2 16 30 44 58 72 10 15 24 38 43 52 66
7 5 3 17 22 31 45 59 73 11 25 39 53 67
6 5 2 16 30 44 58 72 11 25 39 53 67
7 5 3 17 22 31 45 59 73 12 26 40 54 68
6 5 2 16 30 44 58 72 12 26 40 54 68
7 5 3 17 22 31 45 59 73 13 27 41 55 69
6 5 2 16 30 44 58 72 13 27 41 55 69
1 1 2 16
1 1 16 30
1 1 30 44
1 1 44 58
1 1 58 72
# 58 : 2 -> 3
#c 0 1 2 3 4 5 6 7 8 9 10 11 12 13 0 10 2 3 4 5 6 7 3 9 10 11 12 13 0 1 2 3 4 5 6 7 8 9 10 11 12 13 0 10 2 3 4 5 6 7 8 9 10 11 12 13 0 1 3 3 4 5 6 7 8 9 10 11 12 13 0 1 2 3
6 5 0 14 28 42 56 70 2 16 30 44 72
4 5 1 29 57 71 2 16 30 44 72
6 8 0 14 28 42 56 70 3 17 22 31 45 58 59 73
4 8 1 29 57 71 3 17 22 31 45 58 59 73
8 5 3 17 22 31 45 58 59 73 4 18 32 46 60
4 5 1 29 57 71 4 18 32 46 60
8 5 3 17 22 31 45 58 59 73 5 19 33 47 61
4 5 1 29 57 71 5 19 33 47 61
8 5 3 17 22 31 45 58 59 73 6 20 34 48 62
4 5 1 29 57 71 6 20 34 48 62
8 5 3 17 22 31 45 58 59 73 7 21 35 49 63
5 5 6 20 34 48 62 7 21 35 49 63
8 4 3 17 22 31 45 58 59 73 8 36 50 64
5 4 6 20 34 48 62 8 36 50 64
8 5 3 17 22 31 45 58 59 73 9 23 37 51 65
5 5 6 20 34 48 62 9 23 37 51 65
8 7 3 17 22 31 45 58 59 73 10 15 24 38 43 52 66
5 7 6 20 34 48 62 10 15 24 38 43 52 66
8 5 3 17 22 31 45 58 59 73 11 25 39 53 67
5 5 6 20 34 48 62 11 25 39 53 67
8 5 3 17 22 31 45 58 59 73 12 26 40 54 68
5 5 6 20 34 48 62 12 26 40 54 68
8 5 3 17 22 31 45 58 59 73 13 27 41 55 69
5 5 6 20 34 48 62 13 27 41 55 69
1 1 6 20
1 1 20 34
1 1 20 48
1 1 20 62
# 20 : 6 -> 3
#c 0 1 2 3 4 5 6 7 8 9 10 11 12 13 0 10 2 3 4 5 3 7 3 9 10 11 12 13 0 1 2 3 4 5 6 7 8 9 10 11 12 13 0 10 2 3 4 5 6 7 8 9 10 11 12 13 0 1 3 3 4 5 6 7 8 9 10 11 12 13 0 1 2 3
6 9 0 14 28 42 56 70 3 17 20 22 31 45 58 59 73
4 9 1 29 57 71 3 17 20 22 31 45 58 59 73
9 5 3 17 20 22 31 45 58 59 73 4 18 32 46 60
9 5 3 17 20 22 31 45 58 59 73 5 19 33 47 61
9 4 3 17 20 22 31 45 58 59 73 6 34 48 62
4 4 1 29 57 71 6 34 48 62
9 5 3 17 20 22 31 45 58 59 73 7 21 35 49 63
4 5 1 29 57 71 7 21 35 49 63
9 4 3 17 20 22 31 45 58 59 73 8 36 50 64
4 4 1 29 57 71 8 36 50 64
9 5 3 17 20 22 31 45 58 59 73 9 23 37 51 65
4 5 1 29 57 71 9 23 37 51 65
9 7 3 17 20 22 31 45 58 59 73 10 15 24 38 43 52 66
4 7 1 29 57 71 10 15 24 38 43 52 66
7 5 10 15 24 38 43 52 66 11 25 39 53 67
4 5 1 29 57 71 11 25 39 53 67
7 5 10 15 24 38 43 52 66 12 26 40 54 68
4 5 1 29 57 71 12 26 40 54 68
7 5 10 15 24 38 43 52 66 13 27 41 55 69
4 5 1 29 57 71 13 27 41 55 69
1 1 29 57
1 1 29 71
# 29 : 1 -> 10
#c 0 1 2 3 4 5 6 7 8 9 10 11 12 13 0 10 2 3 4 5 3 7 3 9 10 11 12 13 0 10 2 3 4 5 6 7 8 9 10 11 12 13 0 10 2 3 4 5 6 7 8 9 10 11 12 13 0 1 3 3 4 5 6 7 8 9 10 11 12 13 0 1 2 3
6 3 0 14 28 42 56 70 1 57 71
3 5 1 57 71 2 16 30 44 72
5 9 2 16 30 44 72 3 17 20 22 31 45 58 59 73
5 5 2 16 30 44 72 4 18 32 46 60
5 5 2 16 30 44 72 5 19 33 47 61
5 4 2 16 30 44 72 6 34 48 62
4 5 6 34 48 62 7 21 35 49 63
4 4 6 34 48 62 8 36 50 64
4 5 8 36 50 64 9 23 37 51 65
9 8 3 17 20 22 31 45 58 59 73 10 15 24 29 38 43 52 66
4 8 8 36 50 64 10 15 24 29 38 43 52 66
9 5 3 17 20 22 31 45 58 59 73 11 25 39 53 67
4 5 8 36 50 64 11 25 39 53 67
9 5 3 17 20 22 31 45 58 59 73 12 26 40 54 68
4 5 8 36 50 64 12 26 40 54 68
9 5 3 17 20 22 31 45 58 59 73 13 27 41 55 69
4 5 8 36 50 64 13 27 41 55 69
1 1 8 36
1 1 36 50
1 1 36 64
# 36 : 8 -> 3
#c 0 1 2 3 4 5 6 7 8 9 10 11 12 13 0 10 2 3 4 5 3 7 3 9 10 11 12 13 0 10 2 3 4 5 6 7 3 9 10 11 12 13 0 10 2 3 4 5 6 7 8 9 10 11 12 13 0 1 3 3 4 5 6 7 8 9 10 11 12 13 0 1 2 3
6 10 0 14 28 42 56 70 3 17 20 22 31 36 45 58 59 73
5 10 2 16 30 44 72 3 17 20 22 31 36 45 58 59 73
10 5 3 17 20 22 31 36 45 58 59 73 4 18 32 46 60
10 5 3 17 20 22 31 36 45 58 59 73 5 19 33 47 61
10 4 3 17 20 22 31 36 45 58 59 73 6 34 48 62
10 5 3 17 20 22 31 36 45 58 59 73 7 21 35 49 63
5 3 7 21 35 49 63 8 50 64
4 3 6 34 48 62 8 50 64
5 5 7 21 35 49 63 9 23 37 51 65
4 5 6 34 48 62 9 23 37 51 65
5 8 7 21 35 49 63 10 15 24 29 38 43 52 66
4 8 6 34 48 62 10 15 24 29 38 43 52 66
5 5 7 21 35 49 63 11 25 39 53 67
4 5 6 34 48 62 11 25 39 53 67
5 5 11 25 39 53 67 12 26 40 54 68
4 5 6 34 48 62 12 26 40 54 68
5 5 11 25 39 53 67 13 27 41 55 69
4 5 6 34 48 62 13 27 41 55 69
1 1 6 34
1 1 34 48
1 1 34 62
# 34 : 6 -> 11
#c 0 1 2 3 4 5 6 7 8 9 10 11 12 13 0 10 2 3 4 5 3 7 3 9 10 11 12 13 0 10 2 3 4 5 11 7 3 9 10 11 12 13 0 10 2 3 4 5 6 7 8 9 10 11 12 13 0 1 3 3 4 5 6 7 8 9 10 11 12 13 0 1 2 3
10 3 3 17 20 22 31 36 45 58 59 73 6 48 62
5 3 2 16 30 44 72 6 48 62
5 5 2 16 30 44 72 7 21 35 49 63
5 3 2 16 30 44 72 8 50 64
5 5 2 16 30 44 72 9 23 37 51 65
5 8 2 16 30 44 72 10 15 24 29 38 43 52 66
5 6 7 21 35 49 63 11 25 34 39 53 67
5 6 2 16 30 44 72 11 25 34 39 53 67
5 5 7 21 35 49 63 12 26 40 54 68
5 5 2 16 30 44 72 12 26 40 54 68
5 5 7 21 35 49 63 13 27 41 55 69
5 5 2 16 30 44 72 13 27 41 55 69
1 1 44 72
# 44 : 2 -> 7
#c 0 1 2 3 4 5 6 7 8 9 10 11 12 13 0 10 2 3 4 5 3 7 3 9 10 11 12 13 0 10 2 3 4 5 11 7 3 9 10 11 12 13 0 10 7 3 4 5 6 7 8 9 10 11 12 13 0 1 3 3 4 5 6 7 8 9 10 11 12 13 0 1 2 3
6 4 0 14 28 42 56 70 2 16 30 72
3 4 1 57 71 2 16 30 72
4 10 2 16 30 72 3 17 20 22 31 36 45 58 59 73
4 5 2 16 30 72 4 18 32 46 60
4 5 2 16 30 72 5 19 33 47 61
0 1 2 3 4 5 6 7 8 9 10 11 12 13 0 10 2 3 4 5 3 7 3 9 10 11 12 13 0 10 2 3 4 5 11 7 3 9 10 11 12 13 0 10 7 3 4 5 6 7 8 9 10 11 12 13 0 1 3 3 4 5 6 7 8 9 10 11 12 13 0 1 2 3
#c 0 1 2 3 4 5 6 7 8 9 10 11 12 13 0 0 0 0 0 0 0 0 0 0 0 0 0 0 0 0 0 0 0 0 0 0 0 0 0 0 0 0 0 0 0 0 0 0 0 0 0 0 0 0 0 0 0 0 0 0 0 0 0 0 0 0 0 0 0 0 0 0 0 0
#c 0 1 2 3 4 5 6 7 8 9 10 11 12 13 0 0 0 0 0 0 0 0 0 0 0 0 0 0 0 0 0 0 0 0 0 0 0 0 0 0 0 0 0 0 0 0 0 0 0 0 0 0 0 0 0 0 0 0 0 0 0 0 0 0 0 0 0 0 0 0 0 0 0 0
61 1 0 14 15 16 17 18 19 20 21 22 23 24 25 26 27 28 29 30 31 32 33 34 35 36 37 38 39 40 41 42 43 44 45 46 47 48 49 50 51 52 53 54 55 56 57 58 59 60 61 62 63 64 65 66 67 68 69 70 71 72 73 1
1 1 1 2
61 1 0 14 15 16 17 18 19 20 21 22 23 24 25 26 27 28 29 30 31 32 33 34 35 36 37 38 39 40 41 42 43 44 45 46 47 48 49 50 51 52 53 54 55 56 57 58 59 60 61 62 63 64 65 66 67 68 69 70 71 72 73 2
1 1 1 3
61 1 0 14 15 16 17 18 19 20 21 22 23 24 25 26 27 28 29 30 31 32 33 34 35 36 37 38 39 40 41 42 43 44 45 46 47 48 49 50 51 52 53 54 55 56 57 58 59 60 61 62 63 64 65 66 67 68 69 70 71 72 73 3
1 1 3 4
61 1 0 14 15 16 17 18 19 20 21 22 23 24 25 26 27 28 29 30 31 32 33 34 35 36 37 38 39 40 41 42 43 44 45 46 47 48 49 50 51 52 53 54 55 56 57 58 59 60 61 62 63 64 65 66 67 68 69 70 71 72 73 4
1 1 3 5
61 1 0 14 15 16 17 18 19 20 21 22 23 24 25 26 27 28 29 30 31 32 33 34 35 36 37 38 39 40 41 42 43 44 45 46 47 48 49 50 51 52 53 54 55 56 57 58 59 60 61 62 63 64 65 66 67 68 69 70 71 72 73 5
1 1 3 6
61 1 0 14 15 16 17 18 19 20 21 22 23 24 25 26 27 28 29 30 31 32 33 34 35 36 37 38 39 40 41 42 43 44 45 46 47 48 49 50 51 52 53 54 55 56 57 58 59 60 61 62 63 64 65 66 67 68 69 70 71 72 73 6
1 1 3 7
61 1 0 14 15 16 17 18 19 20 21 22 23 24 25 26 27 28 29 30 31 32 33 34 35 36 37 38 39 40 41 42 43 44 45 46 47 48 49 50 51 52 53 54 55 56 57 58 59 60 61 62 63 64 65 66 67 68 69 70 71 72 73 7
1 1 3 8
61 1 0 14 15 16 17 18 19 20 21 22 23 24 25 26 27 28 29 30 31 32 33 34 35 36 37 38 39 40 41 42 43 44 45 46 47 48 49 50 51 52 53 54 55 56 57 58 59 60 61 62 63 64 65 66 67 68 69 70 71 72 73 8
1 1 3 9
61 1 0 14 15 16 17 18 19 20 21 22 23 24 25 26 27 28 29 30 31 32 33 34 35 36 37 38 39 40 41 42 43 44 45 46 47 48 49 50 51 52 53 54 55 56 57 58 59 60 61 62 63 64 65 66 67 68 69 70 71 72 73 9
1 1 9 10
61 1 0 14 15 16 17 18 19 20 21 22 23 24 25 26 27 28 29 30 31 32 33 34 35 36 37 38 39 40 41 42 43 44 45 46 47 48 49 50 51 52 53 54 55 56 57 58 59 60 61 62 63 64 65 66 67 68 69 70 71 72 73 10
1 1 9 11
61 1 0 14 15 16 17 18 19 20 21 22 23 24 25 26 27 28 29 30 31 32 33 34 35 36 37 38 39 40 41 42 43 44 45 46 47 48 49 50 51 52 53 54 55 56 57 58 59 60 61 62 63 64 65 66 67 68 69 70 71 72 73 11
1 1 11 12
61 1 0 14 15 16 17 18 19 20 21 22 23 24 25 26 27 28 29 30 31 32 33 34 35 36 37 38 39 40 41 42 43 44 45 46 47 48 49 50 51 52 53 54 55 56 57 58 59 60 61 62 63 64 65 66 67 68 69 70 71 72 73 12
1 1 11 13
61 1 0 14 15 16 17 18 19 20 21 22 23 24 25 26 27 28 29 30 31 32 33 34 35 36 37 38 39 40 41 42 43 44 45 46 47 48 49 50 51 52 53 54 55 56 57 58 59 60 61 62 63 64 65 66 67 68 69 70 71 72 73 13
1 1 0 14
1 1 0 15
1 1 15 16
1 1 15 17
1 1 17 18
1 1 17 19
1 1 17 20
1 1 17 21
1 1 17 22
1 1 17 23
1 1 17 24
1 1 24 25
1 1 24 26
1 1 24 27
1 1 27 28
1 1 27 29
1 1 27 30
1 1 27 31
1 1 27 32
1 1 27 33
1 1 27 34
1 1 27 35
1 1 27 36
1 1 27 37
1 1 27 38
1 1 27 39
1 1 27 40
1 1 27 41
1 1 27 42
1 1 27 43
1 1 27 44
1 1 27 45
1 1 27 46
1 1 27 47
1 1 27 48
1 1 27 49
1 1 27 50
1 1 27 51
1 1 27 52
1 1 27 53
1 1 27 54
1 1 27 55
1 1 27 56
1 1 27 57
1 1 27 58
1 1 27 59
1 1 27 60
1 1 27 61
1 1 27 62
1 1 27 63
1 1 27 64
1 1 27 65
1 1 27 66
1 1 27 67
1 1 27 68
1 1 27 69
1 1 27 70
1 1 27 71
1 1 27 72
1 1 27 73
# 27 : 0 -> 13
#c 0 1 2 3 4 5 6 7 8 9 10 11 12 13 0 0 0 0 0 0 0 0 0 0 0 0 0 13 0 0 0 0 0 0 0 0 0 0 0 0 0 0 0 0 0 0 0 0 0 0 0 0 0 0 0 0 0 0 0 0 0 0 0 0 0 0 0 0 0 0 0 0 0 0
60 1 0 14 15 16 17 18 19 20 21 22 23 24 25 26 28 29 30 31 32 33 34 35 36 37 38 39 40 41 42 43 44 45 46 47 48 49 50 51 52 53 54 55 56 57 58 59 60 61 62 63 64 65 66 67 68 69 70 71 72 73 1
60 1 0 14 15 16 17 18 19 20 21 22 23 24 25 26 28 29 30 31 32 33 34 35 36 37 38 39 40 41 42 43 44 45 46 47 48 49 50 51 52 53 54 55 56 57 58 59 60 61 62 63 64 65 66 67 68 69 70 71 72 73 2
60 1 0 14 15 16 17 18 19 20 21 22 23 24 25 26 28 29 30 31 32 33 34 35 36 37 38 39 40 41 42 43 44 45 46 47 48 49 50 51 52 53 54 55 56 57 58 59 60 61 62 63 64 65 66 67 68 69 70 71 72 73 3
60 1 0 14 15 16 17 18 19 20 21 22 23 24 25 26 28 29 30 31 32 33 34 35 36 37 38 39 40 41 42 43 44 45 46 47 48 49 50 51 52 53 54 55 56 57 58 59 60 61 62 63 64 65 66 67 68 69 70 71 72 73 4
60 1 0 14 15 16 17 18 19 20 21 22 23 24 25 26 28 29 30 31 32 33 34 35 36 37 38 39 40 41 42 43 44 45 46 47 48 49 50 51 52 53 54 55 56 57 58 59 60 61 62 63 64 65 66 67 68 69 70 71 72 73 5
60 1 0 14 15 16 17 18 19 20 21 22 23 24 25 26 28 29 30 31 32 33 34 35 36 37 38 39 40 41 42 43 44 45 46 47 48 49 50 51 52 53 54 55 56 57 58 59 60 61 62 63 64 65 66 67 68 69 70 71 72 73 6
60 1 0 14 15 16 17 18 19 20 21 22 23 24 25 26 28 29 30 31 32 33 34 35 36 37 38 39 40 41 42 43 44 45 46 47 48 49 50 51 52 53 54 55 56 57 58 59 60 61 62 63 64 65 66 67 68 69 70 71 72 73 7
60 1 0 14 15 16 17 18 19 20 21 22 23 24 25 26 28 29 30 31 32 33 34 35 36 37 38 39 40 41 42 43 44 45 46 47 48 49 50 51 52 53 54 55 56 57 58 59 60 61 62 63 64 65 66 67 68 69 70 71 72 73 8
60 1 0 14 15 16 17 18 19 20 21 22 23 24 25 26 28 29 30 31 32 33 34 35 36 37 38 39 40 41 42 43 44 45 46 47 48 49 50 51 52 53 54 55 56 57 58 59 60 61 62 63 64 65 66 67 68 69 70 71 72 73 9
60 1 0 14 15 16 17 18 19 20 21 22 23 24 25 26 28 29 30 31 32 33 34 35 36 37 38 39 40 41 42 43 44 45 46 47 48 49 50 51 52 53 54 55 56 57 58 59 60 61 62 63 64 65 66 67 68 69 70 71 72 73 10
60 1 0 14 15 16 17 18 19 20 21 22 23 24 25 26 28 29 30 31 32 33 34 35 36 37 38 39 40 41 42 43 44 45 46 47 48 49 50 51 52 53 54 55 56 57 58 59 60 61 62 63 64 65 66 67 68 69 70 71 72 73 11
60 1 0 14 15 16 17 18 19 20 21 22 23 24 25 26 28 29 30 31 32 33 34 35 36 37 38 39 40 41 42 43 44 45 46 47 48 49 50 51 52 53 54 55 56 57 58 59 60 61 62 63 64 65 66 67 68 69 70 71 72 73 12
1 2 11 13 27
60 2 0 14 15 16 17 18 19 20 21 22 23 24 25 26 28 29 30 31 32 33 34 35 36 37 38 39 40 41 42 43 44 45 46 47 48 49 50 51 52 53 54 55 56 57 58 59 60 61 62 63 64 65 66 67 68 69 70 71 72 73 13 27
1 1 24 28
1 1 24 29
1 1 24 30
1 1 24 31
1 1 24 32
1 1 24 33
1 1 24 34
1 1 24 35
1 1 24 36
1 1 24 37
1 1 24 38
1 1 24 39
1 1 24 40
1 1 24 41
1 1 24 42
1 1 24 43
1 1 24 44
1 1 24 45
1 1 24 46
1 1 24 47
1 1 24 48
1 1 24 49
1 1 24 50
1 1 24 51
1 1 24 52
1 1 24 53
1 1 24 54
1 1 24 55
1 1 24 56
1 1 24 57
1 1 24 58
1 1 24 59
1 1 24 60
1 1 24 61
1 1 24 62
1 1 24 63
1 1 24 64
1 1 24 65
1 1 24 66
1 1 24 67
1 1 24 68
1 1 24 69
1 1 24 70
1 1 24 71
1 1 24 72
1 1 24 73
# 24 : 0 -> 13
#c 0 1 2 3 4 5 6 7 8 9 10 11 12 13 0 0 0 0 0 0 0 0 0 0 13 0 0 13 0 0 0 0 0 0 0 0 0 0 0 0 0 0 0 0 0 0 0 0 0 0 0 0 0 0 0 0 0 0 0 0 0 0 0 0 0 0 0 0 0 0 0 0 0 0
59 1 0 14 15 16 17 18 19 20 21 22 23 25 26 28 29 30 31 32 33 34 35 36 37 38 39 40 41 42 43 44 45 46 47 48 49 50 51 52 53 54 55 56 57 58 59 60 61 62 63 64 65 66 67 68 69 70 71 72 73 1
59 1 0 14 15 16 17 18 19 20 21 22 23 25 26 28 29 30 31 32 33 34 35 36 37 38 39 40 41 42 43 44 45 46 47 48 49 50 51 52 53 54 55 56 57 58 59 60 61 62 63 64 65 66 67 68 69 70 71 72 73 2
59 1 0 14 15 16 17 18 19 20 21 22 23 25 26 28 29 30 31 32 33 34 35 36 37 38 39 40 41 42 43 44 45 46 47 48 49 50 51 52 53 54 55 56 57 58 59 60 61 62 63 64 65 66 67 68 69 70 71 72 73 3
59 1 0 14 15 16 17 18 19 20 21 22 23 25 26 28 29 30 31 32 33 34 35 36 37 38 39 40 41 42 43 44 45 46 47 48 49 50 51 52 53 54 55 56 57 58 59 60 61 62 63 64 65 66 67 68 69 70 71 72 73 4
59 1 0 14 15 16 17 18 19 20 21 22 23 25 26 28 29 30 31 32 33 34 35 36 37 38 39 40 41 42 43 44 45 46 47 48 49 50 51 52 53 54 55 56 57 58 59 60 61 62 63 64 65 66 67 68 69 70 71 72 73 5
59 1 0 14 15 16 17 18 19 20 21 22 23 25 26 28 29 30 31 32 33 34 35 36 37 38 39 40 41 42 43 44 45 46 47 48 49 50 51 52 53 54 55 56 57 58 59 60 61 62 63 64 65 66 67 68 69 70 71 72 73 6
59 1 0 14 15 16 17 18 19 20 21 22 23 25 26 28 29 30 31 32 33 34 35 36 37 38 39 40 41 42 43 44 45 46 47 48 49 50 51 52 53 54 55 56 57 58 59 60 61 62 63 64 65 66 67 68 69 70 71 72 73 7
59 1 0 14 15 16 17 18 19 20 21 22 23 25 26 28 29 30 31 32 33 34 35 36 37 38 39 40 41 42 43 44 45 46 47 48 49 50 51 52 53 54 55 56 57 58 59 60 61 62 63 64 65 66 67 68 69 70 71 72 73 8
59 1 0 14 15 16 17 18 19 20 21 22 23 25 26 28 29 30 31 32 33 34 35 36 37 38 39 40 41 42 43 44 45 46 47 48 49 50 51 52 53 54 55 56 57 58 59 60 61 62 63 64 65 66 67 68 69 70 71 72 73 9
59 1 0 14 15 16 17 18 19 20 21 22 23 25 26 28 29 30 31 32 33 34 35 36 37 38 39 40 41 42 43 44 45 46 47 48 49 50 51 52 53 54 55 56 57 58 59 60 61 62 63 64 65 66 67 68 69 70 71 72 73 10
59 1 0 14 15 16 17 18 19 20 21 22 23 25 26 28 29 30 31 32 33 34 35 36 37 38 39 40 41 42 43 44 45 46 47 48 49 50 51 52 53 54 55 56 57 58 59 60 61 62 63 64 65 66 67 68 69 70 71 72 73 11
59 1 0 14 15 16 17 18 19 20 21 22 23 25 26 28 29 30 31 32 33 34 35 36 37 38 39 40 41 42 43 44 45 46 47 48 49 50 51 52 53 54 55 56 57 58 59 60 61 62 63 64 65 66 67 68 69 70 71 72 73 12
1 3 11 13 24 27
59 3 0 14 15 16 17 18 19 20 21 22 23 25 26 28 29 30 31 32 33 34 35 36 37 38 39 40 41 42 43 44 45 46 47 48 49 50 51 52 53 54 55 56 57 58 59 60 61 62 63 64 65 66 67 68 69 70 71 72 73 13 24 27
1 1 17 25
1 1 25 26
1 1 25 28
1 1 25 29
1 1 25 30
1 1 25 31
1 1 25 32
1 1 25 33
1 1 25 34
1 1 25 35
1 1 25 36
1 1 25 37
1 1 25 38
1 1 25 39
1 1 25 40
1 1 25 41
1 1 25 42
1 1 25 43
1 1 25 44
1 1 25 45
1 1 25 46
1 1 25 47
1 1 25 48
1 1 25 49
1 1 25 50
1 1 25 51
1 1 25 52
1 1 25 53
1 1 25 54
1 1 25 55
1 1 25 56
1 1 25 57
1 1 25 58
1 1 25 59
1 1 25 60
1 1 25 61
1 1 25 62
1 1 25 63
1 1 25 64
1 1 25 65
1 1 25 66
1 1 25 67
1 1 25 68
1 1 25 69
1 1 25 70
# 25 : 0 -> 13
0 1 2 3 4 5 6 7 8 9 10 11 12 13 0 0 0 0 0 0 0 0 0 0 13 13 0 13 0 0 0 0 0 0 0 0 0 0 0 0 0 0 0 0 0 0 0 0 0 0 0 0 0 0 0 0 0 0 0 0 0 0 0 0 0 0 0 0 0 0 0 0 0 0
