305
4931 7 9 9
2880 7 11 11
4768 0 19 28
4820 6 9 2
3525 5 9 7
4665 1 19 27
2781 6 12 20
1446 5 12 5
1351 4 9 47
4454 0 9 31
3829 0 17 40
4447 1 9 39
1849 19 19 45
2714 4 10 41
1080 15 19 32
170 0 16 21
400 0 11 34
4537 2 17 21
1884 2 9 20
4909 19 18 36
1029 16 19 11
4554 0 15 47
1364 0 14 34
1897 2 16 10
2486 2 10 2
4176 0 12 16
4386 19 11 23
2979 17 19 52
2460 15 17 14
1244 0 13 39
2123 2 15 34
785 19 12 2
4848 16 17 43
2111 2 14 37
4293 19 17 17
1705 19 13 40
2600 2 19 33
297 19 16 60
1732 19 14 39
2211 17 12 18
2847 17 16 58
3885 3 12 29
475 5 19 55
1907 2 18 44
1771 19 15 17
1640 4 12 59
772 17 13 25
1570 16 12 23
1578 3 15 11
3990 5 18 20
978 19 10 28
1925 19 0 33
440 17 14 35
1333 16 13 18
3557 14 19 55
1141 5 17 32
2412 5 13 19
628 19 9 33
851 19 1 59
261 16 16 50
4714 16 14 5
4140 3 17 45
1492 14 18 59
3958 14 12 41
1880 5 14 37
3166 19 8 56
711 19 2 37
2645 18 1 15
2180 15 16 4
4317 3 16 23
3779 14 17 61
499 14 13 45
3735 6 19 2
3727 13 12 64
880 13 18 18
1757 6 13 45
1677 13 4 40
3340 12 19 20
4013 13 0 41
2910 11 19 36
1274 5 15 14
345 19 7 44
4236 19 3 11
3891 17 9 15
3836 17 1 32
3733 7 19 29
3204 14 16 66
3714 14 14 29
2902 14 4 5
4427 14 0 3
2592 13 13 4
2867 13 3 7
637 13 1 14
4860 12 13 13
4460 10 19 29
812 19 6 33
1861 19 4 51
3164 18 3 37
4090 8 19 60
3371 17 8 12
2665 15 0 29
394 14 7 27
4813 6 17 14
2283 13 14 57
2287 13 2 4
1146 12 17 6
3923 10 18 59
1993 9 19 66
966 19 5 48
4031 17 3 44
904 7 17 32
4590 15 7 42
2558 15 1 63
412 11 14 26
4108 10 17 60
3465 17 4 47
2773 17 6 24
4097 16 3 22
1246 2 18 7
1194 10 16 50
2490 10 14 10
4127 17 11 37
3935 16 8 22
3655 16 4 40
3691 7 15 17
617 17 10 12
2250 16 9 47
4732 7 14 30
3922 11 13 60
3864 8 14 21
1939 17 12 71
4033 15 11 68
3550 7 13 70
441 19 11 70
1958 16 14 40
818 11 12 33
1488 10 13 15
2394 7 12 23
2464 14 11 41
558 12 12 49
4739 11 11 34
3823 16 1 74
1779 13 11 54
15 6 19 39
3341 12 5 54
2911 8 11 31
655 14 9 34
620 12 6 72
606 0 15 5
4470 8 10 63
3214 14 12 7
3741 14 8 24
4038 13 9 50
4014 12 7 59
3530 11 10 43
3671 8 9 13
222 16 16 11
105 17 16 1
3909 3 17 13
1647 11 9 11
3254 11 7 24
3243 11 5 56
3272 10 10 48
1516 19 1 12
2931 11 6 57
2521 5 13 76
4816 17 10 58
517 10 6 8
4349 9 5 27
3826 11 11 10
3750 10 7 51
3490 3 14 56
3158 12 17 68
1373 8 8 61
334 17 9 72
2485 13 2 67
4539 19 12 69
4817 7 8 67
552 13 16 2
1183 14 3 73
4291 10 12 66
4244 5 18 70
2003 0 4 72
4009 8 6 67
3849 0 0 41
1858 0 8 20
3562 6 8 39
1778 14 6 77
3472 1 8 56
814 5 8 27
1709 0 5 18
3337 1 4 15
3441 5 0 39
822 5 14 11
3206 1 0 21
3122 0 1 10
2954 16 0 77
2808 15 16 41
1426 7 6 2
2862 0 7 33
2691 6 17 49
365 6 6 2
654 0 6 22
2596 1 7 60
4754 5 1 35
2576 0 2 32
2944 2 8 20
2507 4 8 62
4851 19 0 76
3598 4 9 6
1268 2 0 57
4565 3 0 62
2107 5 6 54
4179 5 2 72
2034 2 7 72
1006 5 15 48
233 4 1 9
1933 8 19 15
3600 3 8 23
3488 0 3 61
3500 3 1 61
424 1 3 56
1583 4 6 60
1486 16 13 57
2747 12 6 31
2722 10 18 16
1392 11 11 76
648 2 5 25
2754 2 3 47
1205 15 9 79
4620 19 5 22
1079 2 4 46
4289 15 11 25
4242 8 11 59
951 13 1 50
518 11 7 68
125 4 5 17
1975 4 3 14
4211 16 9 9
116 12 7 8
3728 5 5 29
3670 5 3 33
3754 10 7 2
411 9 5 55
1767 17 0 12
910 6 14 3
3304 6 5 72
3303 6 3 79
3176 17 3 17
647 6 0 25
2814 14 18 37
1318 13 9 19
2654 15 19 3
166 7 5 28
4961 6 1 25
4978 2 7 18
4960 5 17 76
4875 10 16 22
2430 8 6 19
2360 0 17 16
2209 8 5 23
4670 19 15 79
4579 7 0 57
2149 6 2 54
2421 12 4 19
1034 8 0 35
4142 6 18 65
4008 7 3 15
4138 7 1 57
994 5 19 17
251 12 3 48
1013 6 6 43
3894 11 4 55
3846 5 2 42
1906 9 4 64
466 17 14 11
912 17 9 52
1798 8 1 1
3416 12 2 77
1706 11 3 75
1752 0 5 41
3297 12 5 14
830 9 3 55
3096 7 15 67
745 15 7 18
2845 12 1 17
2918 14 9 6
4252 11 2 4
2800 0 3 10
2669 4 3 35
2643 7 8 24
1340 7 17 76
2584 12 0 58
2573 11 1 59
2514 11 9 75
1179 10 17 26
2472 11 5 6
4884 9 1 63
70 8 14 80
4886 17 8 72
1191 8 9 51
1133 11 0 26
4373 9 0 7
1050 19 13 3
4209 8 8 22
