333
1172 0 9 13
2953 0 19 4
105 1 9 8
3554 1 19 28
4164 0 11 23
4518 2 19 35
1980 2 9 43
4966 0 17 33
1171 2 18 37
5440 0 12 11
4413 2 10 36
559 0 16 10
4593 0 13 46
4599 2 17 45
2289 2 11 5
4323 4 19 2
4137 4 9 49
1566 0 15 46
4790 0 14 3
25 5 19 22
3171 2 16 26
4904 5 9 19
4579 2 12 5
900 19 19 1
5228 4 18 43
1137 4 10 42
1731 5 18 26
524 2 15 29
816 2 13 49
1067 5 10 28
4074 4 17 36
1942 19 18 52
3874 4 11 34
3643 18 19 43
1341 5 17 11
1597 5 11 11
4110 4 16 15
63 19 17 40
3465 4 12 10
2304 17 19 39
3754 0 0 32
2467 7 19 52
3062 5 16 3
2771 5 12 57
731 19 16 56
5260 4 15 15
4989 4 13 50
2312 0 1 3
2434 8 19 51
186 17 18 21
4611 7 18 54
2426 5 15 15
2823 5 13 27
3052 0 2 44
2967 9 19 51
2979 19 15 60
5072 1 1 32
1116 17 17 18
2180 16 18 39
256 7 17 2
3776 13 19 35
2975 3 0 17
1154 10 19 32
624 9 18 8
4751 19 14 61
4321 1 2 43
26 8 17 54
4043 17 16 23
957 16 17 48
3187 15 18 35
1107 7 16 58
135 13 18 45
5399 3 1 25
4975 11 19 43
4103 1 3 52
1766 9 17 19
4134 19 13 44
3361 8 16 57
811 17 15 28
1445 16 16 37
1686 4 0 25
1176 7 15 36
2270 0 8 7
3015 13 17 44
4379 3 2 37
3863 11 18 10
30 1 8 24
3255 5 0 15
2940 1 4 10
175 9 16 37
5444 19 12 66
5083 0 5 7
4552 8 15 20
4465 17 14 45
4405 16 15 29
2951 13 16 8
4251 0 7 58
839 6 0 25
2687 11 17 10
5208 0 6 36
1466 2 12 55
1230 2 8 66
149 9 15 65
2407 19 11 25
4683 18 12 37
4985 2 4 34
1920 4 2 55
3658 16 14 61
1789 7 13 11
3214 14 16 66
2791 13 15 41
1596 12 18 1
2553 6 1 64
1188 11 16 28
3044 5 2 31
514 0 13 11
3922 9 14 51
3718 19 10 46
476 2 7 54
491 2 5 51
396 17 12 19
3186 4 3 16
5353 15 14 22
1276 7 12 50
2510 7 0 6
2757 3 8 8
4707 13 14 36
569 6 2 60
1056 11 15 55
3426 19 9 54
59 9 13 28
4591 4 8 14
112 17 11 28
3381 4 4 27
2069 16 12 53
3231 8 0 34
4190 7 11 53
2796 3 7 66
2657 6 3 15
5162 11 14 38
5216 5 8 15
5034 19 8 12
1243 9 12 43
2331 18 9 3
2263 9 0 52
1238 19 15 10
84 4 5 22
4116 16 11 20
4044 15 12 14
1890 7 10 44
1805 7 2 48
1765 12 14 20
434 6 4 43
5419 11 13 51
1340 9 19 4
5372 5 7 68
4918 10 0 40
37 19 7 37
5048 9 11 8
1136 18 8 20
4426 17 9 26
4232 8 2 49
61 15 11 35
5092 7 9 43
4075 0 4 11
853 7 3 30
3492 13 13 20
215 6 8 3
3745 12 13 24
888 6 5 40
1481 11 12 38
5329 19 6 21
5248 9 10 52
2973 9 2 11
2572 17 8 70
1254 16 9 40
5212 8 3 28
314 7 8 35
151 7 18 21
1175 13 12 58
4420 6 7 30
2122 11 11 46
1017 9 14 2
1822 19 5 15
27 9 9 67
808 9 3 10
2960 17 7 69
1382 16 8 71
5361 15 9 47
5555 7 7 15
5312 7 5 56
2424 13 11 62
1181 12 11 68
5038 11 10 30
4472 6 0 62
1131 10 3 69
4554 19 4 47
2215 9 8 28
1027 18 5 48
3966 17 6 25
3599 8 5 43
1953 16 7 6
13 15 8 72
222 15 16 7
1593 3 8 72
2059 13 10 8
2931 11 9 4
1423 10 8 73
2920 19 3 61
2914 9 7 33
5460 9 5 30
2637 4 4 67
2092 17 5 41
2563 4 12 52
305 16 6 42
1253 15 7 38
4905 15 18 9
1251 13 9 45
4689 11 13 15
4672 11 8 18
4337 10 7 26
4478 5 8 65
4242 19 2 43
1126 18 3 12
4076 4 13 8
4026 17 4 27
991 17 16 73
1905 15 6 76
1917 14 7 26
3781 11 7 56
786 19 1 52
1495 17 3 63
177 16 4 50
5111 16 15 65
5273 14 6 32
5389 13 7 28
4927 19 0 60
1234 17 2 16
4627 15 4 37
2284 16 14 25
4203 7 16 17
2173 7 0 66
1783 13 6 46
3941 11 5 75
3602 17 1 29
3720 16 2 69
872 15 3 29
873 16 19 13
3477 4 18 16
427 14 4 44
3399 14 19 9
1629 1 19 3
3126 19 7 4
3041 11 4 26
5502 5 11 67
2674 2 5 10
2727 16 16 9
5227 16 1 22
653 7 19 11
5078 13 11 7
5047 15 2 70
2485 14 3 23
2384 13 4 51
2266 11 3 61
1124 5 17 67
2101 9 7 64
1061 17 5 74
3621 15 1 77
3882 3 7 26
4003 14 2 70
3893 13 3 13
925 19 8 57
3785 11 2 62
3521 9 10 26
3590 16 7 66
3604 19 13 18
3571 17 17 56
801 14 1 22
3124 15 7 3
2896 13 2 13
2802 11 1 9
5531 3 0 54
5195 16 4 11
5103 13 1 5
146 11 0 51
4897 10 8 40
2420 11 10 70
4279 1 3 26
885 3 11 1
1679 0 17 4
3355 15 14 53
193 19 12 7
4167 13 6 10
2897 13 9 17
722 19 5 67
5283 9 0 21
2708 18 4 16
1441 6 4 3
2922 5 16 46
2664 18 2 11
2592 12 12 54
2575 15 6 44
2155 15 12 54
4315 15 9 1
5207 0 8 65
4068 19 2 8
3542 2 11 55
5178 15 4 14
349 1 4 53
684 16 16 74
2524 3 9 7
5110 13 0 71
5020 5 18 2
2509 10 7 52
2436 8 5 9
4808 8 0 77
4578 2 16 79
562 11 9 80
2302 0 14 55
4480 19 0 10
2252 9 8 62
4217 13 17 2
990 10 1 77
4037 11 5 33
3801 0 15 5
3158 2 13 8
1637 13 7 64
787 17 2 54
3080 7 10 15
2911 11 11 1
692 1 1 9
678 2 19 5
2699 11 3 41
