333
2327 5 19 5
1526 0 19 26
4382 4 19 13
3415 5 17 8
4493 0 10 21
4773 0 18 35
2909 3 19 36
1562 2 19 43
4917 1 10 23
4747 5 16 45
4904 0 17 29
217 2 18 15
53 0 12 38
3933 2 10 41
544 0 16 16
433 0 13 2
3931 0 15 38
411 3 16 7
4783 7 10 11
3648 3 10 43
517 0 14 12
2763 2 12 33
4852 4 10 38
1028 7 11 46
3690 2 15 25
260 5 10 12
4327 7 12 52
1575 5 11 59
3939 3 15 20
5251 4 15 9
2530 4 13 54
4536 6 19 9
3542 7 19 4
4196 6 18 49
5260 8 19 12
5318 7 18 60
4694 6 13 29
2083 5 15 42
3452 9 19 43
1411 7 13 43
1304 6 16 13
353 10 19 14
2656 10 13 2
2274 8 17 52
1123 8 13 23
3375 11 19 33
921 10 18 52
58 10 14 48
2847 19 19 50
595 9 13 45
599 19 3 5
4691 8 16 23
3918 13 19 10
3282 19 18 50
5053 9 16 1
1332 19 12 25
2370 19 8 60
1524 19 4 9
2599 19 2 34
1967 19 0 38
2462 8 15 10
3068 14 19 66
1433 13 18 51
4057 12 19 17
2155 10 16 63
4466 19 17 20
4062 19 13 10
1539 19 7 46
3076 19 5 43
4444 19 1 56
5219 17 19 42
5104 17 3 23
289 15 19 56
4547 13 17 17
4539 11 16 39
1989 11 14 16
455 19 16 41
836 19 14 10
3206 19 6 56
1434 17 18 31
1093 17 8 36
712 16 19 24
3430 17 0 36
1406 17 2 13
5073 15 18 19
4943 14 17 59
1210 13 16 40
2435 12 0 30
230 19 15 49
1359 17 7 27
5097 16 8 54
4819 16 0 52
1253 15 17 52
2523 14 16 67
2460 12 1 60
4433 18 15 12
408 15 0 3
1552 12 14 30
2891 12 2 41
5151 19 9 30
4938 17 5 62
619 16 2 55
2137 7 10 60
1038 14 0 66
241 13 1 21
928 19 10 45
3706 6 17 1
3158 17 4 33
2198 16 9 39
742 16 3 61
3164 16 5 41
1395 14 15 48
686 14 1 67
75 15 19 16
1251 19 11 13
1786 18 10 25
2375 17 13 25
4593 16 14 70
1905 15 5 46
2046 15 3 28
761 17 12 44
4309 0 9 29
4506 0 15 4
2458 4 15 67
2569 0 7 25
5108 1 9 47
4622 1 7 9
15 0 0 49
245 16 12 22
3822 16 10 19
1897 2 0 10
1630 13 3 68
3374 12 3 41
200 2 9 31
3119 5 0 15
1046 2 7 35
1517 19 6 18
2946 18 19 10
1697 1 0 45
3586 2 1 49
1348 15 10 28
2604 14 13 51
4970 11 13 6
4606 0 6 4
1268 0 2 58
4358 5 1 55
4220 18 13 62
2021 17 15 68
4001 4 0 61
3901 15 7 35
964 14 12 60
4042 14 10 43
3882 14 15 17
3895 3 9 7
3811 13 13 17
958 3 7 52
1914 13 5 30
3590 3 0 40
3 1 6 53
2098 5 2 6
1773 0 5 16
3243 4 9 25
3223 4 7 61
781 6 16 54
768 15 8 40
2899 15 15 9
5220 13 12 19
689 13 10 21
2578 13 6 59
4267 8 16 61
2491 0 3 24
5045 6 6 34
4958 3 1 12
4709 5 9 58
4718 5 7 8
1060 13 17 53
259 2 6 47
4857 2 2 5
4398 8 12 66
3970 4 2 45
1720 0 4 22
1969 16 0 3
3915 15 9 37
3902 13 7 58
3089 11 12 43
839 5 15 2
3609 9 12 64
3641 2 5 48
1627 2 3 29
2958 8 11 4
2912 4 3 2
1329 7 6 30
4936 13 8 31
5063 6 9 69
4993 12 10 62
636 10 12 11
4871 19 18 22
4504 9 11 24
4384 0 8 67
4357 4 6 35
4531 8 10 54
2006 7 9 31
4039 7 7 1
3700 11 10 4
118 11 8 57
3671 5 6 75
48 0 6 59
1751 9 16 58
3447 19 17 58
1802 18 16 3
3265 4 5 40
1655 8 9 11
710 5 5 63
2818 5 3 46
2691 3 16 55
1439 9 9 62
2875 13 2 10
2618 2 18 64
5190 8 6 16
4890 4 16 13
5259 6 5 27
5237 6 3 35
2501 13 3 23
1136 12 0 4
4266 9 8 39
1555 9 6 18
3852 17 4 65
501 8 18 65
4087 14 7 62
1939 7 12 17
3894 6 0 5
980 11 7 66
467 5 1 17
951 19 3 61
1819 19 1 17
1561 8 15 56
3905 7 5 45
2798 7 3 49
2592 3 9 70
1466 6 1 18
1396 19 14 67
1388 11 6 8
1294 8 5 8
5290 7 0 38
5102 13 8 3
4939 9 13 6
2374 6 2 35
4745 11 5 54
4544 9 5 5
4396 2 1 14
4322 2 10 16
4409 8 0 14
2192 4 3 31
502 11 4 60
3898 2 15 76
935 9 0 77
395 8 3 32
1836 8 1 20
3596 14 16 12
441 15 0 59
3385 16 10 66
3025 9 3 41
1484 10 17 11
1385 15 5 1
5301 7 9 76
1362 0 2 23
1212 9 2 74
2343 0 0 17
4630 18 11 76
4306 11 3 54
528 16 12 54
1006 5 10 72
3879 11 2 20
3827 0 14 61
1868 2 6 5
3639 19 4 73
443 13 8 59
1766 3 15 65
3441 10 16 17
3958 11 1 63
3180 9 5 72
3051 3 5 10
3028 15 16 20
1490 8 1 74
3031 13 6 24
2889 19 8 26
5274 12 10 28
1372 6 9 44
2601 9 6 62
2563 15 10 60
5090 5 6 23
594 2 5 4
4712 9 9 20
1009 5 17 73
4098 11 14 50
1988 4 7 29
3814 14 10 12
3757 17 4 8
3602 12 19 71
857 17 13 64
2978 14 13 1
1462 0 12 14
2603 17 5 39
2624 3 7 29
2930 12 12 67
5221 1 7 76
5257 10 16 39
612 0 13 74
5208 11 13 53
4462 4 13 1
4160 6 0 71
4089 9 19 5
2012 3 10 11
945 11 8 1
954 11 10 69
3731 13 16 4
3664 11 14 76
3738 4 7 2
1814 17 10 5
3562 15 3 2
3569 13 7 20
3410 16 9 77
3098 13 9 2
3295 4 3 63
846 11 6 49
3205 11 4 9
3144 6 9 19
196 0 1 1
3036 5 9 29
161 15 7 80
2837 3 9 45
2613 2 19 9
4119 17 3 72
