333
3197 19 8 4
3187 18 8 10
1160 19 19 4
735 19 10 21
4707 19 18 2
3955 0 19 15
3703 17 8 7
4455 19 11 36
315 19 17 4
1355 0 18 11
4353 17 19 20
538 18 10 5
2623 16 8 16
3190 2 19 29
1221 19 16 27
274 19 12 54
4094 17 18 17
2755 16 19 45
2642 17 10 14
1168 0 17 3
4162 15 8 16
4768 2 18 6
150 19 15 21
29 19 13 3
1035 18 12 1
3773 17 17 35
395 16 18 22
2606 3 19 13
4220 0 14 46
186 0 16 1
4668 2 17 39
4333 19 14 1
3872 4 19 13
1789 17 12 46
1550 17 16 40
1630 16 17 37
2751 0 15 57
2015 15 10 30
3495 14 19 25
1517 5 19 52
4766 2 14 9
4748 2 16 43
1839 11 9 34
4856 17 13 44
2854 17 15 52
4863 16 16 38
843 16 12 19
3199 3 17 22
2345 14 18 38
3319 14 10 7
4704 12 9 44
3383 5 18 19
2309 4 17 64
2170 16 15 3
847 16 13 18
2945 15 12 31
1149 3 16 58
4380 3 14 58
1974 14 17 58
1772 6 19 2
3284 12 19 16
3038 11 19 47
707 5 17 19
1272 4 14 21
4423 7 19 39
3505 15 13 47
1643 14 16 61
3810 14 12 20
145 12 18 17
4480 12 11 17
2270 11 18 41
2178 5 16 5
4119 19 13 64
3942 8 19 3
3358 7 18 8
1549 14 15 3
2287 14 13 3
1391 13 16 12
2714 6 17 66
343 12 12 58
2265 11 17 24
1600 9 19 5
1966 7 17 18
438 13 15 61
2914 12 13 61
2881 11 16 23
2257 8 17 45
2670 7 16 26
4604 11 15 45
2099 8 16 48
45 12 9 3
2720 10 15 4
3950 11 13 68
3645 11 11 33
2693 12 11 57
1055 11 12 16
1398 10 13 11
4843 0 13 10
4148 13 16 59
2055 0 12 68
2007 10 12 25
1927 11 9 3
4033 8 14 47
3547 1 13 34
3124 0 11 27
3044 2 13 17
712 9 12 40
4973 7 14 43
1191 14 16 10
4540 2 12 63
4539 0 10 6
1994 8 12 7
874 3 13 25
1741 7 17 64
1658 6 14 59
3345 1 10 30
3098 5 14 31
4183 4 13 40
2770 0 17 59
4201 7 12 37
1385 0 9 53
1280 14 12 67
1438 5 13 55
2738 2 18 67
1195 2 10 45
1193 4 12 6
4725 15 8 73
2347 8 10 13
1153 0 8 17
4356 1 8 31
4254 12 13 29
2234 0 5 12
4639 4 11 34
488 16 19 14
990 8 9 59
3235 7 10 41
3892 3 10 57
1692 0 6 62
830 1 7 24
2052 0 0 13
3574 1 5 30
1524 2 8 71
2795 4 10 28
327 8 8 54
2385 0 4 45
1258 6 10 49
4574 10 17 7
4396 13 9 69
4302 2 7 10
4267 1 4 66
4230 4 14 74
4451 2 5 12
408 17 16 7
1837 1 0 38
4737 8 7 20
3858 0 1 68
111 7 8 63
952 7 14 73
1736 2 14 64
3326 5 16 51
811 0 2 22
3166 1 3 5
2735 14 10 59
113 17 15 20
794 4 8 38
4769 2 0 35
4900 12 19 55
653 7 7 16
4959 3 7 66
2396 6 8 56
4583 3 0 1
2254 9 17 12
2339 19 0 47
2382 1 2 31
4241 4 7 19
1939 6 7 5
4088 3 1 61
3603 19 7 59
400 19 1 44
875 18 0 74
3423 4 6 54
3475 4 0 38
3253 8 14 19
1433 9 11 68
2650 5 0 49
2732 19 6 50
334 19 2 60
1283 9 10 6
4918 4 5 15
4851 17 0 33
4743 4 1 72
294 16 13 59
2401 6 6 33
1121 10 10 23
2224 19 5 48
4777 19 3 39
2185 9 9 35
519 18 6 10
2078 17 7 63
4059 17 1 59
1911 4 4 33
2507 4 2 63
4061 16 0 40
4159 3 16 9
3915 6 5 15
479 16 16 3
2872 19 4 3
1532 8 12 37
2853 9 8 40
2788 18 5 64
2719 18 3 14
669 17 2 40
4487 16 7 39
1270 8 11 76
2721 7 6 53
2560 6 4 27
4842 10 8 72
4709 2 7 47
1335 10 15 47
2363 9 7 19
4648 17 10 69
4946 17 5 48
2286 17 3 47
2248 8 6 14
4352 15 7 4
2159 13 15 10
2140 7 5 35
1105 14 8 28
2041 11 8 18
4007 0 7 56
242 11 15 10
1949 14 13 53
775 9 6 17
1888 9 12 5
941 17 4 4
1846 16 5 16
1822 4 8 6
3709 15 6 49
1719 7 4 34
3470 14 7 71
59 13 8 24
1627 12 8 8
3305 6 2 71
1703 11 7 6
2750 9 5 53
2912 15 5 37
1454 14 6 32
660 12 7 43
1401 6 1 43
672 11 6 3
4204 11 11 6
624 6 6 8
4938 9 4 16
2432 2 3 73
4821 7 2 76
2402 14 5 1
2391 12 6 73
2304 6 0 1
2356 11 5 38
2377 5 13 10
68 9 3 64
4310 17 12 4
4252 15 3 24
1080 7 1 53
3966 13 5 53
250 12 5 9
4147 11 4 43
1015 9 2 67
3793 1 13 1
2002 15 2 34
3699 14 3 61
3682 7 0 43
3710 0 10 63
3724 11 3 34
869 10 2 4
890 13 8 55
860 9 1 15
3395 4 5 69
3220 15 1 1
784 14 2 15
3134 13 3 70
2985 6 5 56
2877 11 2 54
2746 15 12 74
2634 14 18 13
376 15 0 43
2692 14 1 68
2473 13 2 39
4870 11 1 67
4386 6 4 58
554 19 2 36
4520 9 7 74
4165 4 7 48
4453 19 12 12
4467 1 0 6
1095 8 9 34
4469 13 1 52
2014 1 14 15
987 18 0 20
3998 1 2 4
978 3 13 63
1928 16 3 74
1920 11 17 70
889 15 13 22
3424 6 16 77
3311 16 17 16
3170 6 10 17
678 7 4 10
4686 6 11 73
618 2 13 68
4547 2 8 8
4545 3 1 30
4351 6 9 5
4454 2 4 78
4264 2 16 9
4032 13 5 79
3992 1 8 64
459 10 5 65
3579 10 15 74
1690 17 2 17
1675 7 12 6
3507 6 1 10
1603 19 15 67
388 0 15 31
3119 18 5 2
1448 7 1 11
1409 12 12 15
2819 19 14 74
2690 7 2 46
4815 17 6 7
2429 16 1 76
4897 15 5 70
2259 3 19 79
