338
4146 19 10 9
3760 18 10 17
5688 19 12 21
101 17 10 15
4960 19 19 15
980 19 13 38
2148 16 10 40
4226 18 12 23
6550 19 14 15
1476 19 18 10
4689 15 10 6
2474 17 12 11
852 19 15 42
90 19 17 25
5818 17 19 44
3068 17 13 44
6232 16 12 11
3303 19 16 47
682 17 18 33
2971 17 14 36
2612 16 19 12
3230 16 13 19
2556 17 15 6
4522 17 17 7
1464 16 18 26
2785 16 14 32
218 14 12 36
6432 16 15 53
2281 16 17 45
3700 13 12 24
3150 14 13 45
2012 14 19 28
266 15 15 35
2754 15 17 41
4727 13 19 57
4921 19 0 52
5817 14 15 13
927 14 17 33
5611 12 19 18
4781 19 1 5
1306 18 0 58
2848 14 0 57
5574 11 19 10
5290 13 17 19
4844 11 18 42
3929 19 2 36
3158 17 0 60
6323 15 0 54
3061 9 19 48
4502 11 17 47
1264 19 3 63
6375 19 9 32
870 17 1 39
3556 16 0 11
3489 15 19 63
1696 15 1 20
3318 14 2 35
6257 11 16 26
6765 0 19 48
6213 9 18 50
5248 10 17 32
342 19 4 11
1283 19 8 34
4446 18 3 42
2359 16 1 10
1748 14 3 51
472 12 14 16
1025 10 16 34
4090 19 7 32
3779 19 5 5
5022 18 4 52
4758 1 19 54
5102 8 18 25
3816 17 3 8
3754 17 9 42
4264 15 3 19
5475 14 4 12
1529 12 13 52
2991 11 14 35
5709 2 19 13
1394 19 15 1
5404 9 16 27
5359 19 6 32
2510 17 8 28
4557 17 4 56
3767 16 9 17
1616 0 17 47
3584 16 15 2
3768 15 4 45
3458 7 18 7
3394 14 11 26
6502 6 19 65
3136 12 12 34
3104 5 19 40
6128 2 18 10
1497 11 13 49
5745 10 14 36
4761 8 16 4
4796 17 7 6
4494 17 5 9
2158 16 8 36
4253 3 19 26
2067 1 17 64
470 0 16 37
104 14 10 34
3232 12 11 5
779 2 17 11
6410 5 18 53
6379 10 13 38
797 9 14 53
5815 16 7 48
660 0 15 9
5448 3 18 34
2242 14 9 63
1422 6 17 28
1047 12 10 10
1991 5 17 4
3913 2 16 48
4039 11 11 47
430 9 13 42
3345 8 14 59
1603 15 7 31
6406 0 14 41
5759 12 9 54
1384 0 13 60
5678 2 15 52
178 5 16 17
1282 11 10 2
4740 10 11 34
1911 8 13 40
842 3 16 28
5083 14 7 30
6209 6 7 52
1470 6 6 15
2200 12 8 31
2866 5 15 37
2904 0 12 2
1296 11 9 62
2551 10 10 15
4997 2 14 10
4041 9 11 13
3919 16 10 6
924 3 15 20
3453 7 7 69
3241 6 14 66
6535 6 5 5
1636 12 7 57
6594 0 11 34
1554 5 14 71
2960 11 8 5
3097 2 13 10
5870 10 9 33
5580 0 19 14
5833 9 10 58
3681 15 10 57
1288 8 7 44
574 8 11 34
602 3 14 23
1102 6 13 25
5035 6 4 19
4310 12 6 68
488 5 13 30
6636 11 7 64
3856 2 12 3
3603 9 9 41
1763 9 7 16
2194 8 10 60
6255 14 13 9
6185 7 11 36
6087 3 13 1
4407 7 5 46
5345 12 5 4
2604 5 12 5
642 11 6 66
5578 9 6 9
2275 8 9 24
4277 8 5 56
3829 3 12 41
1677 12 4 23
1935 5 11 30
3420 11 5 2
6777 10 6 19
3219 19 9 3
6139 7 9 48
2707 12 3 33
2353 11 4 27
2235 5 10 36
2189 10 5 35
3594 12 2 11
3473 11 3 67
3153 5 9 42
708 14 2 3
5206 14 9 15
5107 9 16 67
2475 12 1 70
605 11 2 74
293 5 16 49
570 2 19 68
1125 4 9 2
4436 3 17 11
4349 3 10 67
539 19 18 72
4109 13 19 30
6542 11 1 17
3870 5 7 13
3964 2 10 11
122 10 2 53
3488 17 19 14
60 16 7 18
6472 1 10 19
3315 16 12 65
1585 5 6 67
6304 10 1 32
6224 2 9 59
3220 9 2 3
6003 4 7 58
2829 0 15 71
5607 0 14 1
5384 1 9 39
649 10 14 6
2628 6 4 54
5821 5 5 6
2902 2 8 68
5046 9 19 20
5079 9 1 48
1201 4 6 11
22 8 2 35
1900 6 3 27
4032 11 14 73
3947 1 8 60
6501 5 4 19
3593 2 7 8
3621 4 5 37
1699 8 1 24
3775 17 15 59
3239 15 4 6
3024 16 17 7
2140 6 2 12
743 12 10 44
4167 1 7 19
4200 12 5 39
2825 5 3 63
5606 11 3 22
5592 0 12 36
2703 2 6 75
2984 14 19 71
2654 6 1 44
4613 1 6 59
4381 5 2 8
4287 2 5 34
2006 4 3 73
3564 0 13 4
3440 1 5 53
3689 5 1 22
3949 2 4 45
6531 4 2 49
1843 17 3 62
1549 3 2 66
2057 2 10 53
1490 1 4 31
5632 4 1 56
1344 17 8 71
2652 8 12 8
5217 3 1 34
4202 6 5 67
2553 0 4 11
2529 1 3 1
4404 8 16 60
4541 8 5 21
279 12 9 16
124 1 2 33
3898 3 16 67
1904 0 3 71
3748 3 15 54
3505 2 13 57
863 12 13 1
1698 11 18 5
6679 1 1 21
3286 4 4 56
3275 0 2 64
6612 7 10 47
6345 5 18 13
6033 0 1 35
133 4 7 16
5441 5 15 70
5406 19 8 73
5126 9 7 57
4926 6 7 19
2473 1 6 18
4468 13 0 5
4248 7 9 7
4096 3 13 61
3840 2 6 48
956 7 11 73
855 19 3 18
6682 11 5 42
401 17 12 69
392 4 5 67
3025 11 4 56
5927 9 16 2
5860 0 5 1
5766 2 9 11
2590 17 8 2
2630 12 19 64
1044 12 7 4
4736 4 9 57
4841 17 4 17
4701 3 19 61
4552 14 7 73
2322 9 14 24
4129 4 2 7
3494 9 9 77
3485 8 18 69
1674 1 9 76
1622 9 1 4
205 18 12 1
6181 10 2 5
2776 1 2 69
2771 8 14 36
2894 5 10 74
5297 19 19 72
2489 15 17 11
2435 10 1 63
4382 15 7 67
4124 5 9 77
4111 12 12 68
969 4 1 22
1906 8 6 17
1793 6 3 63
3283 8 2 71
6546 10 11 4
3175 8 13 14
3324 14 12 4
6099 5 13 65
6025 17 1 19
5877 19 16 6
2940 12 7 31
5711 8 7 3
