367
2462 19 0 2
3985 18 0 12
1341 17 0 23
3878 19 2 13
3147 19 3 19
3625 16 0 36
3848 18 2 2
1947 19 4 23
1941 15 0 30
2910 17 2 22
2201 19 5 31
1882 19 19 45
163 17 3 50
3240 14 0 17
1147 16 2 19
3325 19 6 43
2704 19 18 34
2116 17 4 17
1980 16 3 47
3258 11 0 40
1128 13 0 6
840 15 2 35
1484 12 0 7
3474 19 17 40
2957 19 7 42
3015 17 19 60
1594 17 5 21
315 16 4 27
1842 13 1 50
3508 19 16 12
3203 19 8 25
3088 11 2 38
3061 17 18 41
117 17 6 32
2030 16 19 29
1847 16 5 31
3339 14 3 48
76 11 3 12
348 19 15 55
611 19 9 26
2223 18 16 40
1689 17 7 11
3011 16 18 66
1433 16 6 1
2799 15 19 30
2475 14 4 28
1420 13 3 17
506 11 4 22
3441 19 14 45
3513 19 10 53
2253 17 16 33
789 17 8 30
3669 16 7 47
2730 15 18 59
2740 15 6 36
1328 13 4 20
1239 19 11 40
1064 19 13 3
3791 18 14 40
3219 17 9 14
4282 16 16 52
1408 16 8 66
1259 15 7 21
2464 14 18 51
1118 14 6 46
883 19 12 61
3073 17 14 28
715 17 10 52
1323 16 9 39
84 15 16 31
1284 15 8 26
1114 13 18 48
2140 13 6 35
1988 11 19 38
473 18 12 70
4285 16 14 47
3697 16 10 2
3659 15 15 5
3615 15 9 69
4011 14 8 10
3305 14 16 7
2955 11 18 39
2468 0 19 20
1245 10 19 26
2027 17 12 28
3601 15 14 47
889 15 10 66
3530 14 15 1
3458 14 9 1
3252 13 16 25
1645 13 8 38
656 11 17 16
167 9 19 22
2232 16 12 53
2061 1 19 8
3397 14 14 12
3808 14 10 2
1884 13 15 31
1885 13 9 60
2180 0 18 60
1706 11 16 11
1709 2 19 55
3764 10 17 60
3365 9 18 29
1616 8 19 63
3173 0 17 1
2538 15 12 8
3062 13 14 11
3034 13 10 40
3042 12 14 59
2695 2 18 57
726 9 17 12
1227 3 19 62
2345 7 19 46
2297 1 17 27
2243 14 12 30
4286 0 16 64
2064 12 13 59
4125 11 1 12
406 2 17 8
4088 11 14 32
1953 9 16 72
1942 4 19 2
4100 8 17 40
3593 0 15 37
1725 13 0 64
1678 16 3 12
3142 1 16 52
3102 6 19 22
71 5 19 33
1443 11 13 34
658 2 16 31
2613 9 15 8
1243 4 18 17
2279 11 19 68
1093 8 16 55
2485 7 17 11
4052 0 14 27
1911 2 15 63
943 0 13 11
3702 4 17 41
1943 9 14 28
1774 8 15 1
2840 6 17 21
1401 5 17 73
1039 11 11 41
2709 0 12 17
2958 4 16 28
649 9 13 10
2621 2 14 20
2707 17 9 67
2363 7 15 8
4316 15 6 75
4184 13 15 75
4151 10 18 72
2058 0 11 27
110 11 10 8
1994 2 13 66
385 10 11 23
1979 4 15 66
948 8 13 20
3663 3 14 24
1745 16 13 13
99 6 15 4
105 11 9 29
3172 2 12 30
3118 0 10 64
3064 10 10 60
1486 9 11 32
2883 4 14 66
1224 0 15 66
1173 7 13 60
2096 3 13 35
4016 1 11 7
503 1 10 48
1925 11 8 10
3959 2 11 75
3763 9 10 38
3753 4 13 8
470 8 11 56
1585 19 18 1
26 3 12 51
2268 6 13 39
3471 1 9 75
3651 11 7 50
1684 10 8 64
852 19 17 5
415 2 10 67
1613 9 9 24
3310 4 12 21
3043 19 10 5
3004 14 4 73
3006 4 19 56
2742 18 12 3
697 0 8 55
1293 7 11 34
1272 3 11 61
562 1 8 34
2504 11 6 36
2100 0 7 30
2354 9 8 35
1038 4 11 15
1037 8 9 23
480 15 14 4
1825 3 10 52
1817 6 11 18
1728 12 14 27
3570 11 5 43
3238 2 8 30
3322 10 6 8
2720 4 10 3
29 8 8 38
1459 17 5 76
2804 14 9 35
2773 6 10 1
2569 2 7 14
2500 6 17 63
692 9 6 16
1267 4 9 38
2389 8 14 63
2222 6 14 3
4180 7 8 67
4234 3 13 9
1129 6 9 63
1050 13 6 76
262 10 4 24
133 9 5 5
1344 4 8 45
2038 8 6 22
3713 6 8 64
3747 10 16 59
1799 10 3 26
1753 9 11 58
842 8 5 68
3244 7 6 42
1520 6 7 78
1512 6 6 77
1505 18 2 60
1444 9 13 72
1491 10 2 2
2822 8 17 75
1405 9 3 25
1351 8 15 39
2686 8 4 77
1331 18 16 76
1310 7 5 7
2573 0 6 71
2491 14 10 58
2484 6 5 43
66 1 6 68
2422 0 5 14
606 10 1 21
2185 19 9 1
2165 8 10 69
4205 8 3 69
124 13 9 36
27 7 4 18
4071 14 16 75
996 6 4 65
1963 0 4 74
4092 5 5 27
498 1 5 10
1928 10 0 31
3788 11 7 8
485 2 6 75
3918 4 9 15
1545 8 2 54
911 6 13 16
3333 7 3 22
1802 6 3 62
3487 0 11 6
3449 5 4 72
3433 1 4 38
811 4 16 70
431 5 15 76
3341 2 5 13
3514 4 5 72
1633 4 14 27
3222 8 1 18
3214 17 12 75
394 0 3 20
1571 7 2 61
2063 6 2 35
2677 9 17 58
718 5 3 57
713 1 3 12
1363 2 4 58
2872 4 4 8
2691 8 0 40
1353 7 13 17
2471 13 5 2
155 6 1 66
291 2 12 6
292 5 2 31
276 11 16 49
2367 0 1 14
2252 2 3 34
1105 4 3 7
4181 4 8 13
267 3 19 22
4186 13 14 68
1588 5 1 30
3981 10 3 51
1955 1 1 55
3872 2 2 50
1926 4 2 12
952 15 19 6
1892 14 6 20
250 7 5 30
3711 7 8 22
3815 0 0 10
1762 15 7 59
3606 19 7 9
52 16 6 74
846 17 19 24
3323 2 1 49
3264 4 1 79
200 8 8 3
2979 4 10 45
168 2 0 25
2735 4 0 70
1430 0 16 16
2675 1 11 73
2527 13 4 72
1234 11 11 4
2282 4 13 44
4158 8 6 64
259 10 5 80
3905 19 6 19
3802 6 6 23
3646 11 2 75
3675 13 14 44
3538 9 19 71
3519 15 18 30
879 6 11 79
1755 15 16 7
1625 14 19 78
3195 0 19 74
1583 1 6 31
4210 16 18 7
3313 12 0 57
1467 8 11 19
1442 6 5 13
2643 2 6 6
1297 18 14 80
1160 2 16 5
527 11 13 68
4230 13 18 15
2131 7 0 19
197 10 4 66
1975 15 3 20
3945 15 12 83
3939 7 13 40
493 5 5 52
3800 4 17 1
3833 15 2 11
3817 4 1 28
3723 9 18 3
928 0 2 59
3710 11 8 64
3509 11 14 68
3473 8 5 12
3478 15 8 61
841 12 18 1
3340 5 4 32
3303 4 14 4
192 6 4 36
