344
2495 9 19 2
2333 19 19 23
3219 9 18 34
3702 19 6 26
3654 19 18 3
4752 11 19 19
2832 9 17 1
1331 19 5 8
814 19 17 44
3193 17 19 28
5079 11 18 8
2700 19 16 20
1668 9 16 10
997 19 4 15
3807 16 19 28
3120 17 18 15
2993 17 6 14
4716 15 6 6
4338 11 17 51
2621 9 15 44
2410 19 15 48
4456 19 3 42
273 15 19 21
5343 16 6 18
1436 13 19 40
2581 10 15 36
2078 19 14 50
5155 9 12 38
4487 19 2 6
3841 19 0 47
4980 17 16 32
1716 17 4 32
3490 15 18 41
2984 15 4 58
2004 13 18 42
5060 11 15 8
2373 10 12 48
421 19 7 41
1484 19 1 20
1870 17 15 45
4205 17 3 56
5371 15 17 10
5033 13 17 43
4382 11 12 32
4494 0 19 12
441 19 8 62
2727 17 2 30
4622 17 0 39
877 16 7 9
138 15 16 16
1048 13 16 36
3734 12 14 43
202 10 0 54
2716 19 11 55
5365 19 13 15
1217 19 9 42
570 17 7 50
340 1 19 52
4683 16 0 8
1864 15 15 65
3939 0 18 15
4371 11 0 35
358 10 1 12
846 2 19 48
3131 19 12 54
2210 19 10 24
2208 18 13 46
5327 8 19 27
66 17 8 62
3302 0 13 60
433 15 0 55
3572 13 14 17
2982 0 17 66
4413 12 0 9
315 0 14 5
1836 8 18 2
3639 17 11 20
418 17 13 12
881 17 9 8
749 3 19 45
2763 1 17 5
4593 0 16 36
4605 14 0 51
4419 1 13 32
1790 4 19 36
2041 8 17 19
2761 16 13 60
2662 16 9 5
2352 3 16 8
4381 0 15 9
37 15 2 4
4023 6 19 25
4030 13 0 18
3625 12 12 42
928 5 19 24
4295 9 14 9
1516 10 2 58
5129 15 5 65
5083 8 16 5
12 15 13 61
2203 15 3 37
1907 14 2 22
4048 15 16 57
3608 12 11 66
1613 11 2 58
2956 2 13 1
3085 11 14 61
1388 4 17 53
1341 8 15 2
4518 3 12 22
36 6 17 19
550 3 8 63
4296 13 12 9
4220 12 10 17
1722 12 2 48
493 0 12 53
5039 0 8 31
247 11 3 11
557 2 19 13
3273 2 14 41
785 2 8 37
811 4 16 48
2904 4 12 66
2688 7 15 36
2819 3 13 5
5236 14 4 35
5183 3 9 8
4687 1 8 52
1142 0 11 26
1638 4 15 10
1278 9 4 33
1192 13 14 60
2047 15 10 53
4281 14 5 38
858 6 15 13
1795 13 10 10
3232 13 4 66
1369 2 12 16
5103 10 4 37
4925 9 5 3
4817 8 14 34
280 0 10 23
4563 15 9 28
2164 15 7 46
2085 14 6 52
953 12 5 10
479 2 11 2
2224 8 18 55
1534 8 13 28
4204 15 8 45
1337 12 6 44
5307 11 11 45
1409 5 13 31
4905 19 7 1
4514 3 11 43
1214 13 9 52
4358 13 7 30
4532 12 7 38
3190 12 9 69
2003 11 10 21
227 5 12 34
3816 10 11 16
2024 19 11 3
3634 2 13 63
794 4 11 50
200 17 4 3
5409 15 17 54
4893 11 9 29
4951 5 11 18
1224 10 10 65
614 10 6 27
2303 8 12 3
4546 0 15 64
2100 10 7 11
2472 10 9 30
3946 19 1 60
918 4 9 11
1871 8 11 72
207 18 0 14
3573 17 13 61
3097 7 12 34
5387 5 9 73
5330 9 15 7
1306 9 9 61
1000 4 8 34
2299 7 11 37
461 17 9 42
4098 16 9 47
3259 15 9 61
3448 7 10 5
1733 11 17 14
5400 17 3 2
2871 18 13 6
695 7 9 13
1159 3 11 7
2483 5 2 14
5284 5 0 23
2386 12 0 66
593 9 11 11
4957 9 0 49
5223 8 7 48
4510 3 17 57
4975 3 18 6
4306 12 12 11
1500 6 0 21
893 9 3 30
999 9 1 26
1843 8 6 38
1032 8 4 58
453 8 0 12
3426 6 17 55
1684 6 1 62
3080 0 19 63
3034 12 6 17
2809 12 14 8
1379 1 8 18
1305 11 0 3
1352 9 2 75
672 4 15 59
5369 18 7 9
5352 8 5 11
5262 8 1 49
2574 17 15 9
5176 6 7 33
5100 6 6 17
4832 5 7 64
4946 5 13 1
2362 9 4 4
4471 6 19 64
4185 15 15 9
1056 0 8 72
1834 5 6 6
975 0 7 33
468 8 16 37
3840 4 7 37
3697 19 3 14
3700 7 11 14
3655 7 10 52
908 7 4 73
1909 6 4 26
3372 6 2 48
3092 1 7 8
2870 4 6 1
2745 7 19 75
1427 0 6 43
5419 3 7 48
5184 13 0 57
5342 2 8 72
2590 1 6 55
2570 5 4 9
1219 8 13 3
301 3 6 15
142 1 11 69
4647 0 4 19
2368 5 2 62
2277 8 17 68
4262 4 4 46
253 1 4 48
1768 3 4 76
1775 14 7 7
1690 5 13 71
802 13 4 12
1616 18 11 19
2107 4 2 45
2068 16 13 7
349 3 2 44
2682 4 16 25
1335 4 1 38
1299 8 5 41
312 0 3 2
630 16 0 52
625 3 1 71
1210 1 3 51
4937 8 14 68
4543 4 0 37
2361 0 7 71
5163 0 2 33
4331 13 7 70
4268 0 1 32
4120 2 1 27
3792 0 10 59
1957 12 10 63
125 10 12 27
3124 5 12 2
3611 11 2 19
3328 3 19 80
1698 6 18 1
1647 19 2 68
3073 0 0 56
3293 13 19 2
2929 10 7 48
5296 1 17 43
2836 3 4 33
4643 10 11 80
277 17 0 15
2330 8 7 6
1134 8 11 49
551 15 0 32
1086 4 6 59
4394 7 13 2
4337 17 3 30
4134 15 4 9
2025 1 13 81
2014 6 6 78
3709 7 9 59
1741 13 9 27
3471 0 13 8
3506 7 4 21
197 1 6 5
2897 4 11 5
5258 19 14 29
666 0 0 8
1172 5 4 41
4850 7 11 81
4904 6 15 43
4623 1 4 5
574 17 9 76
2186 6 2 24
1046 4 9 70
4198 0 9 1
254 0 2 66
1903 8 4 23
3729 0 3 78
1888 8 1 4
3766 4 4 15
1838 3 2 19
3760 1 3 10
875 14 4 73
3128 6 4 62
3200 16 6 66
791 10 6 63
719 4 1 68
2629 17 7 15
1412 7 14 67
2634 0 17 17
2638 15 15 36
2070 7 12 11
4982 10 9 10
4791 3 1 2
4633 1 7 62
278 8 9 9
4058 6 2 76
2019 6 7 58
1007 2 13 42
