346
1043 19 19 20
4616 18 19 12
4822 19 10 14
3585 19 11 19
4089 19 17 6
368 17 19 27
2954 19 12 5
372 19 16 11
392 16 19 23
903 17 10 28
2213 18 17 16
925 19 13 20
544 19 15 37
4269 15 19 33
4270 17 11 17
1931 17 17 20
2292 16 10 2
3418 19 14 37
2165 17 12 26
1112 14 19 15
1624 15 10 12
3122 16 17 2
4141 17 13 13
1119 17 15 2
3519 16 12 54
1722 13 19 14
2915 14 10 43
3342 15 17 12
3720 16 15 21
2027 16 13 30
2478 15 12 27
4738 12 19 9
4272 13 10 54
285 14 17 7
1866 15 15 29
4770 15 13 36
1789 14 12 34
2252 11 19 17
1374 13 17 40
1316 10 19 56
2402 11 18 61
152 0 19 39
3800 14 15 57
1667 14 13 7
434 11 17 15
4016 10 18 11
3207 9 19 47
2562 1 19 26
3872 13 15 36
3183 11 16 37
2516 2 19 21
2936 10 17 28
2808 8 19 45
3696 0 17 46
1737 2 18 14
4059 11 15 23
66 10 16 6
3107 8 18 7
1253 7 19 10
4045 0 16 29
743 12 13 50
2688 2 17 17
4598 10 15 45
256 4 19 40
4163 8 17 9
3772 0 15 56
723 6 19 55
2927 12 10 47
3283 12 12 58
153 5 19 16
4918 2 16 39
4709 11 13 57
4413 4 18 14
4563 8 16 19
3002 0 14 69
682 6 18 60
2669 12 11 40
2554 5 18 29
133 2 15 24
4508 11 12 7
1572 10 13 20
3239 4 17 30
3620 8 15 47
3370 7 16 59
1581 6 17 8
3055 10 12 57
1181 4 16 62
648 9 13 67
2198 7 15 29
4381 3 15 3
3523 4 15 4
3457 9 12 24
3413 8 13 22
923 6 15 35
1444 9 18 11
1420 8 12 66
1367 7 13 4
2600 10 15 13
4875 0 13 54
78 7 12 56
2040 16 15 69
1002 6 13 45
205 0 12 58
1700 8 15 11
522 1 13 11
562 6 12 34
2953 0 11 43
358 5 12 58
40 2 13 54
1139 2 12 54
485 0 10 40
3408 4 12 40
3395 0 14 7
1768 1 10 44
3369 10 16 72
776 9 13 21
2889 1 9 64
2355 10 10 18
3041 2 10 56
4671 1 8 10
4628 10 9 56
1131 0 12 5
2178 2 9 7
614 9 10 45
4185 0 7 56
262 4 19 4
3592 1 7 49
1873 10 8 39
3290 2 16 2
414 4 10 6
1674 8 10 38
4559 0 6 61
1530 5 10 13
2591 0 5 1
2538 10 7 65
1350 2 7 53
2120 2 17 67
4797 9 8 2
2315 4 9 72
4193 7 10 39
101 0 4 70
937 5 9 38
3875 1 5 32
1809 10 6 19
3390 11 17 74
3505 19 9 62
216 9 7 18
3438 4 8 46
2367 17 13 60
1717 8 8 8
4541 6 10 64
2733 5 8 61
690 10 5 64
2689 1 4 63
4924 19 8 49
4939 2 5 65
4902 9 6 74
1234 4 7 3
1258 8 7 74
4363 7 8 39
2144 0 15 24
3880 5 7 45
3877 10 4 17
3866 1 3 15
3834 19 7 25
3901 9 5 35
3412 2 4 22
1721 17 9 39
3619 0 2 8
3303 7 7 71
3291 3 5 60
100 5 19 71
2729 19 6 17
2984 0 1 9
2825 8 11 15
1405 9 4 70
2250 4 18 57
4275 2 3 19
603 17 8 48
2629 4 5 13
2633 8 5 22
643 16 9 62
4935 7 6 55
4786 3 4 60
2354 11 9 75
4648 2 9 59
2552 5 10 68
2319 5 5 68
4619 19 5 74
1143 18 6 59
4486 19 14 7
4432 1 1 60
4375 2 2 12
4396 14 17 49
4273 4 4 1
4372 8 4 69
653 16 8 66
3921 7 5 28
503 18 16 69
3997 0 0 73
3956 16 10 68
520 3 3 57
4063 3 2 44
515 12 9 27
244 12 10 13
3761 2 15 64
466 11 8 8
30 5 4 64
3688 6 16 64
1824 19 4 37
3159 18 5 41
3695 17 6 60
1731 1 0 12
3434 16 7 8
1671 15 8 37
202 14 9 34
407 3 1 33
804 12 8 22
3591 11 7 55
3117 6 12 2
1519 5 3 3
4276 19 3 32
377 17 5 36
2887 9 12 55
3151 2 0 59
2716 16 12 7
664 14 8 11
629 12 7 75
4756 11 6 9
160 5 2 53
4625 19 2 59
302 2 13 19
4607 18 3 8
1162 17 4 23
4687 4 1 47
4259 15 6 68
1026 14 7 43
2003 13 8 63
1995 6 2 34
3903 12 6 31
3907 11 5 29
3854 5 1 75
3670 19 1 65
3607 13 15 74
3233 18 2 59
3575 7 13 60
856 16 4 2
1669 14 6 15
1641 12 5 34
3189 6 1 68
3096 11 13 26
4128 13 17 15
190 5 0 1
1460 19 0 75
1376 17 2 41
2786 8 3 42
2785 8 17 51
97 15 4 36
343 14 5 64
89 4 15 73
1210 2 11 17
4722 4 12 6
4639 9 3 26
4779 18 0 26
4579 17 1 27
2287 8 2 75
2277 16 2 37
4521 14 4 32
1053 1 11 15
2063 10 3 62
4020 19 4 7
4021 9 2 46
3948 8 1 63
1021 16 1 20
1683 15 2 1
1929 14 15 9
242 14 3 70
4066 7 7 22
1829 11 3 39
1703 9 1 64
25 9 10 5
201 15 1 73
801 4 11 2
758 12 3 47
2903 10 1 73
2803 16 17 59
726 17 17 72
2920 2 6 11
4808 17 8 74
314 15 0 76
2489 14 1 58
2391 12 2 17
2378 11 1 12
4556 15 17 66
4482 8 10 11
2172 7 10 16
4311 15 6 22
2118 14 0 44
4490 15 5 59
4148 14 6 58
4142 12 1 7
969 13 0 74
3905 12 7 39
1791 5 4 2
415 4 7 31
1659 2 10 30
1740 19 9 13
3040 14 13 49
2937 12 5 9
2840 8 1 25
2637 8 2 41
1286 15 4 66
1256 11 3 17
4952 5 9 2
2548 8 7 27
556 18 4 70
2173 15 19 3
69 14 2 24
4344 19 8 21
548 6 2 4
1895 11 8 77
465 4 15 34
3782 10 16 50
918 0 16 73
3655 1 6 37
3715 17 8 4
3258 12 1 29
2706 16 13 7
1475 2 8 7
340 1 4 8
2740 8 18 70
2655 1 10 17
1257 4 8 72
2396 10 8 74
615 13 15 8
77 15 9 35
999 6 0 2
488 17 2 8
4082 0 10 74
3862 5 7 1
3845 17 7 12
3822 19 7 62
1918 9 11 8
1849 11 1 47
1687 9 1 28
1747 9 2 5
