349
3347 0 19 13
1331 0 18 13
555 2 19 16
4800 0 17 8
3066 2 18 1
211 3 19 46
2798 0 16 9
5973 2 17 36
4928 4 19 7
5325 0 15 51
1981 5 19 38
5732 2 16 6
5169 9 19 36
2292 3 17 30
1814 0 14 35
313 0 13 26
2155 2 15 9
1801 5 18 19
3561 9 18 24
2719 3 16 46
3675 5 17 31
381 0 12 14
1356 2 14 47
4686 9 17 53
2099 7 19 8
4057 3 15 3
5269 0 11 34
2466 5 16 31
1984 2 13 33
200 10 19 7
6257 9 16 27
5863 7 18 45
2503 3 14 58
56 11 19 8
3393 5 15 46
5989 0 0 49
5682 2 12 47
5427 19 19 21
5220 9 15 58
3655 7 17 1
3906 3 13 37
3200 0 10 26
1511 1 10 41
5762 11 18 49
5493 5 14 7
2673 10 17 55
6433 10 11 3
5082 19 18 53
2314 9 14 59
6270 1 0 50
5519 0 1 2
5771 7 16 49
685 3 12 51
5242 12 19 7
2458 1 9 15
234 11 17 51
3084 11 11 31
776 5 13 12
5271 10 16 14
1504 0 2 53
4288 19 17 12
4060 2 10 13
451 9 13 52
6014 18 18 21
6367 2 0 29
4087 7 15 7
3964 13 19 2
6156 12 11 44
5909 3 0 2
3022 11 16 1
4557 1 8 12
5531 5 12 11
2421 10 13 38
578 2 9 51
2289 19 16 1
2122 9 12 31
846 1 2 29
3172 17 18 50
5801 7 14 27
5569 3 15 53
2746 14 19 6
5314 0 3 50
4566 3 10 40
3554 12 17 54
3145 3 1 22
1444 11 15 60
724 11 13 23
5566 0 6 15
2728 5 11 11
5685 10 14 36
5919 1 3 42
2671 19 15 5
5259 2 8 31
4293 9 11 31
3874 17 17 2
6361 16 18 43
3423 4 0 48
1719 0 4 6
1785 3 16 4
3168 7 13 1
3929 14 18 11
6124 3 9 45
3008 13 17 23
5301 3 2 7
2487 5 10 15
2494 1 6 26
2435 10 18 49
4891 1 4 24
600 19 14 17
1183 0 5 14
4588 2 7 68
2288 18 15 56
4282 17 16 22
125 16 17 11
20 7 12 48
3260 14 17 17
1541 3 8 37
5666 12 15 41
3943 5 9 25
4358 19 13 54
4289 2 6 7
1035 18 14 56
4017 2 4 6
489 17 15 36
2036 16 16 31
3451 14 16 43
3183 6 10 26
1540 12 18 53
346 5 8 51
392 19 12 63
6152 18 13 33
2825 16 15 25
911 14 15 58
1757 3 6 43
3636 3 4 27
3420 6 9 41
3493 5 7 41
3338 19 11 10
771 18 12 47
1327 8 10 53
5721 16 14 19
2399 6 8 27
1256 5 6 47
1041 19 10 6
2041 9 10 24
4029 18 11 42
3927 9 13 17
112 17 12 7
1898 8 9 14
165 6 7 55
3659 6 6 66
3324 10 10 9
6273 19 9 2
6180 17 11 25
2778 8 8 64
3507 16 12 16
5856 13 13 28
1452 6 5 52
714 11 10 54
5713 10 9 23
726 19 8 12
4608 17 10 24
4416 8 7 14
4364 15 12 44
4104 13 12 6
3092 6 4 54
1925 12 10 12
3382 10 8 43
228 19 7 55
6356 18 8 64
1572 2 6 52
418 8 6 5
6240 16 10 53
2647 15 11 54
3025 3 18 11
5899 13 11 37
371 12 9 30
2061 6 3 38
2594 10 7 49
4875 19 6 7
2569 1 7 68
2469 18 7 43
2433 17 8 47
4695 8 5 35
2442 14 19 69
4403 15 10 54
249 13 10 38
3174 12 8 28
6316 6 2 42
1678 10 6 69
1614 19 5 26
6276 9 5 45
3392 18 6 49
6292 17 7 12
1593 8 4 7
6187 16 8 48
6064 13 9 4
720 2 8 1
4185 12 7 57
2863 6 1 7
5344 10 5 41
1325 3 0 65
5547 9 4 62
2474 17 6 42
2341 8 3 30
2562 16 7 7
5183 15 8 21
3962 13 8 28
4026 12 6 74
1879 11 5 18
933 6 6 7
3678 10 4 32
1748 9 3 2
3385 8 2 14
3862 16 6 54
3230 15 7 7
6173 13 7 48
5871 7 13 45
5892 12 5 66
5664 11 4 47
5977 1 8 50
5491 10 3 46
5424 4 4 69
5246 8 1 33
5091 3 6 1
4794 15 6 33
2356 3 12 20
2246 13 6 70
1107 12 4 75
1150 11 3 35
2188 5 14 68
4253 2 16 54
2254 10 2 41
2003 5 10 61
894 13 5 66
3352 7 17 64
3223 12 3 57
6239 3 2 51
797 10 1 13
3187 5 11 53
5823 8 9 45
5934 9 18 71
5880 13 4 15
5811 13 12 47
2885 12 2 71
1480 11 1 19
2423 3 4 68
4230 14 17 65
2225 13 3 21
2182 12 1 21
4064 10 7 6
2005 19 4 65
1004 17 10 70
2011 15 4 42
1773 13 2 11
3329 19 3 22
6274 1 0 21
1579 18 4 27
6311 6 10 74
1633 16 4 28
3027 13 9 43
4152 7 14 65
2062 15 3 5
177 15 8 54
5913 13 1 43
3012 19 8 54
5592 12 7 17
2701 19 2 2
2691 10 3 3
5420 17 4 11
5227 16 3 2
2525 15 2 47
4374 8 8 25
4990 16 19 70
1203 14 1 72
4515 19 1 11
2320 18 2 30
2184 19 13 13
535 17 16 66
1084 9 17 17
1070 17 6 71
4201 16 2 59
485 15 1 55
1862 12 3 24
3619 19 0 45
3499 18 1 1
1794 5 17 6
3421 17 11 75
3313 16 1 30
3337 11 17 20
3078 5 8 4
3042 10 1 39
6006 18 0 60
2991 13 6 42
2776 6 1 67
2756 10 15 59
5653 6 6 41
2823 2 9 8
5127 7 15 55
2164 18 10 44
2350 18 7 20
2299 12 8 67
3988 2 18 53
3653 4 19 67
1822 13 10 6
486 9 5 21
968 16 14 71
3581 6 2 79
850 9 12 71
3605 0 17 76
3191 6 5 22
6153 16 16 70
1224 7 12 11
1534 17 8 11
5774 14 16 2
3039 6 4 24
2786 13 13 76
4147 2 14 10
5086 18 4 66
4748 0 10 77
5017 3 17 6
4980 14 15 12
4021 10 3 75
899 10 17 25
1766 6 10 3
849 16 2 25
3442 16 1 65
6258 17 15 2
5968 5 13 63
1516 5 12 53
727 18 3 67
2871 16 12 73
1467 12 1 51
2773 10 13 14
5470 13 1 79
22 14 2 72
5294 1 9 64
10 13 11 6
2528 8 18 1
2252 1 4 70
4129 3 13 77
14 8 3 70
3957 12 8 7
3713 5 9 81
1793 15 11 3
3553 8 1 61
872 0 2 4
1763 19 2 40
6249 8 4 52
