324
4813 0 10 14
2125 0 12 19
1898 0 13 16
410 1 10 10
4809 0 19 30
4704 1 12 19
4669 0 14 3
4791 2 12 5
789 2 10 7
2517 0 18 45
3846 2 19 50
3726 0 17 22
112 3 10 6
1025 0 15 4
718 2 18 29
4222 2 14 36
1429 4 10 23
1809 8 10 34
2647 3 19 29
4665 0 16 23
4305 2 15 45
899 2 13 2
457 5 10 8
2945 4 19 7
4351 8 11 29
3099 3 14 20
5047 3 12 17
4796 5 19 51
3781 5 11 39
2169 4 18 25
3213 5 12 22
3324 10 19 11
61 4 17 57
524 6 19 11
3890 10 18 41
3942 4 14 35
1566 7 19 49
2469 5 14 30
591 10 17 58
89 8 19 21
1692 7 12 25
1932 6 17 26
870 5 15 23
3962 8 12 2
2964 7 17 8
854 8 13 57
3970 7 16 46
2222 11 19 18
307 19 19 31
3969 11 18 4
3709 19 18 41
3557 9 16 56
431 9 14 46
4822 16 19 43
4382 16 7 18
2414 11 17 34
3268 10 16 26
2081 10 14 30
1717 19 17 12
3461 19 7 50
3006 17 19 12
219 17 7 9
343 16 18 52
4904 13 19 22
4136 11 16 66
4072 11 14 37
1771 19 16 33
1775 19 12 3
3533 19 8 23
2174 17 18 28
2150 16 15 7
2914 16 17 11
2709 15 18 38
2585 13 18 49
5063 12 14 5
71 19 15 20
4861 19 11 22
76 19 9 30
4093 4 17 21
1140 17 17 54
3382 16 16 19
1514 12 16 15
303 19 14 45
581 19 10 51
540 17 16 22
3509 14 17 5
3534 19 13 17
3528 18 14 1
3381 17 9 23
2991 8 12 70
2519 18 13 53
567 6 19 58
1117 16 9 44
616 13 14 45
3825 17 11 22
1976 16 14 13
5130 13 13 45
2544 17 12 54
2219 15 14 40
4143 2 15 4
629 19 8 56
5122 9 17 17
5008 18 11 68
2393 15 11 37
1027 15 10 53
1807 15 9 49
3617 15 7 21
1732 7 19 3
3306 6 10 58
3167 0 18 11
2736 15 14 12
2700 15 8 49
3470 16 9 11
4742 17 8 61
4805 13 7 47
1099 12 7 49
241 16 7 72
731 17 12 20
2927 16 15 58
2083 3 14 71
1376 13 9 23
730 12 13 13
5017 13 12 46
5054 13 10 43
1247 12 12 61
4766 11 13 16
2104 13 11 7
4078 10 13 54
3944 2 19 4
3787 19 0 44
221 0 9 23
4064 1 9 24
3572 10 12 43
28 9 13 21
1724 19 1 22
3184 18 0 6
1408 18 7 2
4476 0 0 8
353 14 7 53
191 11 10 70
1309 1 8 21
5027 19 2 67
4214 18 1 9
4331 1 0 50
2320 0 7 62
4383 0 1 10
2588 11 16 5
4429 13 10 2
4754 0 6 71
4364 11 9 34
2132 1 7 52
4277 0 2 33
2481 10 10 44
2668 2 8 28
4142 19 3 72
1023 17 1 64
3711 2 0 33
539 15 9 14
1964 7 16 14
3800 3 0 30
721 11 8 9
3740 1 6 48
504 10 9 12
4110 0 5 30
4074 19 6 34
1970 19 4 13
1918 4 9 43
3217 18 3 59
3162 0 14 62
3030 2 1 72
708 0 3 60
2713 3 1 14
4377 11 13 44
4577 5 9 26
2498 1 5 34
5141 19 5 7
311 1 3 2
1258 4 8 18
258 17 3 16
4472 4 0 62
2750 16 0 34
1160 0 4 2
2129 13 18 5
529 14 0 48
513 3 2 23
2258 12 14 57
4366 5 8 71
571 2 5 5
1957 4 7 19
3703 17 6 26
3768 17 4 38
3753 8 9 50
226 16 1 41
1756 17 19 51
1580 14 1 58
834 6 9 5
3671 5 7 56
3262 9 7 39
3150 3 13 63
3405 16 6 10
180 7 9 75
3082 14 2 7
354 3 5 73
1322 3 3 50
2587 9 6 33
630 4 5 9
2195 8 7 12
4985 15 6 38
2431 14 3 29
693 13 0 53
4882 12 0 5
2257 5 5 25
1162 5 3 61
4871 1 8 58
1167 9 5 51
4593 8 6 74
4399 14 6 19
2836 13 1 62
1119 12 1 61
3630 19 19 77
3530 8 5 4
3452 14 5 76
3332 13 6 6
3591 13 2 28
212 12 6 23
1666 12 2 16
3109 11 7 7
377 6 17 2
1336 8 4 45
2894 2 0 5
2684 13 5 64
2638 13 3 39
2394 6 3 50
1277 12 5 70
2538 12 3 9
5003 4 14 78
5004 11 6 1
2449 10 7 52
5053 5 2 13
2651 10 9 42
4710 11 18 48
2312 8 3 5
2321 15 10 9
1115 6 2 75
4452 10 19 67
1093 11 5 70
4171 5 1 19
1053 8 2 51
1039 6 1 35
1677 9 4 47
3943 17 6 58
1868 12 18 78
1785 14 0 2
3567 6 0 44
991 13 14 14
3242 13 12 3
3152 9 3 27
3176 16 14 46
4444 15 15 66
1499 19 5 52
1434 13 9 68
2465 5 3 18
2809 19 3 7
626 9 2 14
628 8 1 51
2243 9 1 43
2059 11 10 7
2031 18 6 2
925 7 9 47
1843 11 3 74
3590 1 3 65
3712 16 2 60
843 0 2 75
3339 15 8 4
1456 4 10 2
2949 4 15 4
2893 7 13 2
2677 9 4 8
163 18 0 78
1363 3 10 72
603 12 16 70
599 17 16 64
1178 16 0 13
4720 5 7 16
4386 9 16 20
2233 17 11 75
1079 7 9 20
2088 8 1 12
4303 0 19 3
3073 0 15 69
4104 6 9 69
1547 4 5 42
3874 19 10 14
3488 7 10 11
3318 18 12 41
3578 14 2 55
3105 3 3 14
3003 14 16 64
3011 3 6 77
1329 6 3 23
2765 11 5 12
720 11 7 46
2715 10 14 5
1348 16 6 38
1281 9 3 65
5115 8 3 56
2400 19 8 3
2372 5 14 6
580 5 11 81
4787 10 8 51
4176 3 0 7
1872 19 4 48
2043 10 9 73
2009 6 1 65
484 14 18 9
992 1 5 14
974 9 1 1
1856 6 0 75
1838 15 8 30
3424 4 9 3
3403 19 1 73
1747 8 2 10
411 13 6 72
204 19 6 82
