350
2866 12 11 14
2777 12 12 23
3057 19 11 25
2517 12 13 5
3320 19 12 20
32 14 11 41
612 12 14 11
4124 19 13 3
3070 17 11 31
267 15 11 21
3297 14 12 42
3773 19 14 17
4001 16 11 15
1314 17 12 39
2868 14 13 55
2058 19 19 6
570 19 15 56
4162 17 13 13
3919 15 13 39
4579 0 13 54
4152 19 18 17
4155 19 16 15
1168 17 14 18
3028 0 14 8
3149 19 17 39
3821 17 19 41
358 17 15 15
4566 2 13 28
3327 17 18 8
503 17 16 3
3461 16 19 63
4448 0 19 49
874 0 15 52
1502 5 13 11
1470 2 14 54
516 16 18 53
3458 1 19 5
1020 15 19 9
3750 3 13 16
815 0 18 4
1525 0 16 6
4304 2 19 13
311 5 14 58
2346 4 13 35
2206 15 18 64
166 0 17 54
1799 3 14 57
3148 1 16 18
1290 2 18 16
4546 5 15 35
2877 0 6 37
282 2 16 22
3743 3 19 60
2871 14 18 29
3435 5 16 35
3247 1 6 35
1583 4 19 11
732 3 18 61
1328 15 16 47
2405 3 16 35
2030 13 18 54
3510 12 19 29
1610 5 19 36
114 11 19 64
3126 1 7 33
1316 4 18 20
2575 19 13 64
4258 0 15 19
995 15 15 26
3781 14 16 65
1813 5 18 37
2173 11 18 52
3142 1 8 36
2671 10 19 19
2739 19 10 21
2832 14 15 59
268 13 16 35
2422 3 6 60
2431 0 12 29
578 1 9 66
1115 11 17 22
4276 10 18 32
2027 9 19 8
236 19 9 23
475 4 6 67
237 7 19 29
2960 1 10 50
26 11 16 38
1374 10 17 6
2990 5 6 2
631 19 8 51
1230 19 0 22
1190 8 19 15
2581 4 7 24
1178 17 10 54
2426 7 18 57
1113 7 6 61
4066 3 8 24
1929 1 12 37
3764 6 6 25
1590 5 7 51
560 10 16 38
3046 2 12 33
2630 2 10 48
1529 19 7 43
2633 19 1 43
4113 8 18 55
961 4 8 67
2047 17 9 50
1993 16 10 47
3911 7 17 18
3959 7 7 28
3502 14 10 4
3073 4 19 68
2780 11 14 49
763 2 18 55
2486 5 8 42
2586 19 6 16
653 19 2 25
2582 18 7 3
1177 4 9 61
269 17 0 12
2155 16 9 34
3416 7 16 55
3344 15 10 8
1902 7 8 30
3862 3 12 48
245 14 9 42
3357 14 16 24
3333 5 18 2
1689 11 13 32
2642 5 9 65
757 10 14 26
2922 19 3 9
2055 19 5 62
1087 4 12 45
2554 4 10 41
2884 18 6 56
2367 8 16 33
4266 17 7 67
573 17 1 52
1079 16 0 44
4261 7 15 21
1001 14 8 50
1954 11 12 46
1707 5 12 23
3547 5 10 39
857 9 14 38
1580 19 4 3
3088 18 5 66
3005 17 6 23
42 17 2 60
2644 16 7 58
1302 16 1 24
87 7 14 52
588 15 0 19
2086 9 13 10
159 17 5 60
3967 16 6 7
116 16 2 42
904 7 13 16
953 15 1 63
1617 14 0 61
2670 0 5 5
1255 16 5 42
4154 7 12 52
2280 15 2 57
4411 14 1 21
4311 13 0 28
2153 12 0 2
4209 0 4 38
2099 1 5 15
986 0 7 1
3962 15 3 67
3543 12 1 23
440 13 19 16
1667 19 19 76
426 11 0 30
1556 1 4 52
2720 2 5 38
751 0 13 24
695 7 10 37
2696 0 3 75
1319 14 3 20
299 13 10 18
2461 12 10 45
2408 12 2 17
2394 11 11 18
4482 0 6 1
2183 1 3 56
4309 11 13 68
4476 9 11 44
261 17 2 21
3984 0 2 2
3871 7 9 64
123 7 15 60
3618 13 9 62
907 3 5 12
3424 13 3 67
3421 12 9 11
3789 12 3 53
3169 10 11 34
1635 0 1 52
2981 9 10 2
3045 14 12 8
356 2 3 73
2844 4 5 12
1359 14 7 44
370 14 5 7
715 6 18 71
1247 13 8 4
1154 3 4 12
173 12 8 31
284 12 4 26
2216 5 5 41
270 10 10 66
134 9 9 6
4283 14 13 29
535 1 1 43
553 4 4 49
3747 17 16 67
1652 16 7 19
3942 14 6 74
3956 13 7 44
1874 0 0 33
478 3 3 8
1011 3 2 5
1882 1 9 28
1883 6 5 14
316 12 7 37
3723 12 5 37
3459 11 8 69
3556 5 4 75
3731 12 14 63
1741 9 8 62
3565 2 1 77
3201 4 3 40
364 9 12 8
2843 15 9 2
1338 0 9 6
36 6 4 22
2727 3 1 53
2386 11 7 60
1055 2 16 64
4525 5 3 2
2233 2 12 64
533 9 7 49
64 7 19 3
1944 4 13 11
3930 7 5 66
3983 3 0 43
3122 12 0 62
3695 10 17 37
4069 10 7 33
3780 5 2 59
3651 17 5 23
3664 9 6 5
3538 16 6 78
3531 7 4 60
1732 7 7 65
1722 6 2 5
1696 5 16 5
1563 5 1 8
3011 0 16 64
749 19 0 57
2478 19 2 57
367 9 5 31
1433 16 13 79
3036 4 0 45
2770 7 3 51
2635 6 1 36
294 10 5 14
4500 9 4 22
545 1 1 8
72 7 2 40
2230 7 8 66
4291 2 7 12
4091 10 4 73
4076 10 19 68
3926 9 3 49
1964 16 18 21
3854 2 14 20
3736 7 1 56
486 3 1 14
3914 10 3 66
1778 9 13 60
880 17 14 80
3488 9 2 67
3279 17 13 61
3040 5 9 2
3016 9 10 61
1051 9 1 14
2854 19 5 39
684 0 5 78
1061 10 1 26
2484 10 14 60
1282 10 6 2
2368 4 12 6
568 19 7 9
4548 14 7 7
544 14 10 50
3954 17 7 7
3756 2 10 3
455 17 19 10
921 0 10 9
3534 7 14 19
3463 17 12 2
27 14 9 72
430 3 5 78
2883 13 8 75
324 12 8 1
1382 10 2 14
1368 13 1 6
2703 1 12 73
722 19 16 59
1229 11 13 2
4286 12 7 79
2165 12 3 7
4203 6 12 72
2078 11 17 70
3946 5 12 72
56 0 14 78
3588 11 10 80
1758 9 10 39
433 1 0 73
1736 7 9 12
3517 13 4 61
214 9 19 53
803 10 17 77
3053 3 7 2
2891 10 7 61
2759 5 9 28
692 12 2 65
2391 8 17 25
2244 6 19 74
22 9 4 63
1083 15 11 81
2176 5 3 75
4171 8 16 68
4090 7 4 4
3974 10 10 14
4011 9 5 58
989 1 12 2
235 10 16 80
1865 11 11 55
233 5 6 73
3718 17 1 29
910 1 3 12
3364 0 18 62
787 7 2 83
