356
3492 9 19 4
1378 8 19 2
1281 9 17 25
2578 7 19 7
2892 9 16 17
2937 0 19 15
3608 6 19 20
297 8 17 16
591 19 19 40
3402 5 19 46
8 9 15 24
508 1 19 50
1003 7 17 36
550 2 19 15
3393 4 19 6
3506 9 14 32
3411 19 18 13
346 19 16 27
3782 0 17 49
3327 16 13 25
2753 7 16 5
2592 6 17 5
1800 2 18 29
1770 19 17 21
2171 4 18 49
789 9 13 24
1301 17 19 16
3901 16 14 11
1919 0 16 31
3482 6 16 23
1422 2 17 33
2659 10 11 3
1203 4 17 18
95 9 12 20
29 17 18 59
3526 17 16 41
2714 16 15 35
494 16 19 15
2207 0 15 33
3870 7 14 38
1493 2 16 2
287 19 15 17
4398 4 16 22
3716 9 11 50
638 16 16 18
1241 16 18 41
1982 0 14 18
4034 7 13 9
3536 6 14 38
3275 2 15 10
400 5 14 64
3426 10 19 35
2775 19 14 25
3940 15 18 19
977 15 16 46
3987 7 12 17
580 11 19 27
1894 5 13 20
3005 19 13 62
2886 18 14 43
1380 4 14 65
4014 14 18 32
482 14 16 1
1975 0 17 1
863 11 18 57
4480 5 12 6
1112 0 13 47
1088 19 12 23
3995 4 13 4
3380 13 18 17
3184 5 19 13
3110 11 17 7
4538 0 12 36
2801 19 11 69
693 4 12 54
1331 18 12 68
4255 0 11 45
3088 11 16 39
1004 2 13 46
395 19 10 20
3806 19 0 18
1492 18 11 21
1506 11 15 28
2763 2 12 39
695 0 10 10
85 19 9 30
4576 19 1 22
2242 17 11 38
3150 14 14 42
197 1 10 35
889 11 14 40
3222 2 15 64
893 19 8 69
209 19 6 25
3123 19 2 7
2075 18 9 1
3019 16 16 69
1353 17 0 24
661 16 11 20
2263 14 13 25
2580 0 9 33
4417 1 9 20
4439 11 13 23
956 19 7 46
834 19 3 15
4233 17 9 43
1508 17 1 58
2694 0 4 7
2908 16 0 46
2406 15 11 36
2585 13 13 19
4516 0 14 61
2241 1 8 28
4463 0 5 4
1032 19 4 46
1999 18 3 39
3906 17 8 35
946 17 6 35
1750 16 9 7
1697 16 1 35
3341 15 0 8
3304 14 11 10
1526 6 12 4
1497 0 6 40
4368 11 11 59
3105 1 5 2
660 19 5 66
1618 18 4 50
2465 2 4 50
4504 16 8 69
4494 16 6 55
1117 16 2 47
4167 15 9 43
493 14 0 49
1891 13 11 23
447 11 10 5
1755 1 6 70
3468 19 19 10
3960 2 5 35
3681 17 4 24
3249 17 19 69
50 17 11 4
3318 15 8 28
3104 15 6 21
1562 15 2 18
2662 3 10 48
2947 13 0 34
273 12 0 51
2290 11 9 19
304 4 18 3
4266 4 10 53
1067 7 19 72
2437 4 4 23
4137 16 4 18
1992 14 8 17
3989 14 2 3
3950 3 9 20
3834 13 9 15
3512 12 1 8
1881 11 8 45
3575 5 10 9
4179 11 0 28
4043 5 4 18
3266 4 9 47
3256 9 0 64
1725 17 18 22
790 4 5 34
1655 15 4 25
74 13 8 11
2708 12 2 13
2605 11 1 50
1253 5 9 5
265 5 5 50
2395 10 10 12
2511 10 0 66
2412 19 0 49
2510 9 1 28
665 4 8 32
4399 7 16 67
589 7 14 4
821 14 6 34
849 14 4 17
1876 13 7 72
3704 6 10 44
3225 12 3 20
1758 19 18 62
828 5 8 54
424 10 9 44
1593 9 10 9
1638 9 2 40
200 13 13 58
3055 7 10 70
3045 14 5 48
2863 13 6 9
2771 11 17 59
1325 6 6 62
2621 12 4 7
2591 11 7 24
610 11 3 74
1174 10 8 26
4514 5 12 43
536 4 14 11
4377 9 9 38
4378 16 8 9
477 7 9 51
944 6 8 17
3570 11 6 28
3548 11 4 65
1748 10 3 6
104 12 19 73
1693 9 8 10
1585 7 8 44
193 7 6 26
4459 11 8 5
1518 10 6 20
1338 11 18 19
2634 2 12 7
291 8 8 5
2612 17 16 12
1132 13 9 71
4394 13 18 68
4357 14 2 75
4048 19 10 77
2014 9 6 6
3614 0 3 56
3267 1 3 12
3367 1 12 11
51 0 2 59
687 12 4 32
2921 1 4 38
1397 10 16 74
2636 11 7 75
2743 2 19 71
1307 0 1 25
4294 4 12 12
1272 18 6 62
2538 9 4 53
3 1 2 37
2371 1 13 1
1298 9 0 9
4424 16 2 78
2314 14 16 42
2172 6 17 59
2029 9 3 58
1989 13 2 44
3992 1 1 62
483 2 2 46
3618 8 4 38
1005 14 11 52
3813 3 2 25
3739 6 5 75
3403 1 0 34
1688 4 3 21
1665 8 3 7
662 6 4 54
3049 3 1 19
1512 1 10 9
355 5 3 22
23 4 2 66
658 8 2 1
1431 16 1 69
2590 13 6 69
2076 16 11 78
2501 16 15 8
2509 6 3 23
2185 5 2 49
4376 1 7 1
2350 10 13 75
4390 4 1 27
2334 8 1 23
4358 18 13 62
1040 6 2 41
4062 0 13 10
3888 4 13 69
3685 8 0 27
1885 10 14 3
3559 6 1 68
856 6 6 20
100 9 3 21
3173 13 2 67
1505 15 0 79
647 3 2 76
631 10 18 11
2211 6 9 16
2227 18 12 15
2133 11 10 48
1072 11 9 69
2077 2 17 79
1010 0 10 78
4021 2 5 73
4001 8 14 1
1633 7 13 73
12 4 16 60
1721 10 4 78
916 10 6 77
3145 9 1 1
237 15 5 64
1652 7 6 61
427 3 3 3
1434 0 16 7
2140 2 2 70
1511 15 18 65
2970 14 14 7
1560 6 1 24
1484 9 9 72
2678 17 1 28
1305 7 12 59
1300 14 16 76
2522 6 5 43
301 11 8 81
2347 1 2 76
4303 6 13 13
2119 11 16 73
1034 18 7 5
983 8 0 76
3963 6 4 12
1835 14 19 71
939 19 5 14
1820 9 12 78
3617 9 13 70
1787 8 10 9
3400 10 7 52
3333 14 4 48
874 9 8 70
3179 12 4 81
3323 11 12 6
3290 13 11 60
3015 9 7 61
2096 15 4 55
715 15 11 3
2727 11 9 46
1232 8 2 64
153 17 0 1
2489 13 9 45
585 6 1 5
18 5 3 2
2100 7 12 80
4181 16 6 32
4392 6 2 68
257 12 1 79
4015 15 9 7
1896 14 0 11
3636 10 4 1
847 15 11 82
1616 4 17 69
1598 0 2 13
1572 1 9 78
1563 11 7 53
3125 6 3 80
3171 16 14 54
738 7 10 37
2956 8 1 76
2890 5 8 12
1066 11 10 72
1267 16 18 11
4359 14 4 82
