384
5432 7 19 8
3666 7 18 19
3540 9 19 15
2271 19 19 2
5077 7 17 16
2859 10 19 3
3926 9 18 17
3292 19 18 41
2507 7 16 20
3705 11 19 31
994 9 17 17
2670 19 17 9
701 17 19 10
5321 7 15 42
3845 11 18 48
78 9 16 32
4419 19 16 24
500 17 18 11
1759 16 19 22
4040 0 19 31
3076 11 17 7
873 19 15 13
4246 17 17 36
3591 1 19 38
1856 15 19 22
2738 13 19 34
2732 11 16 32
2166 2 19 31
3976 19 14 55
3130 17 16 20
1442 0 17 42
4591 15 18 37
3399 13 18 44
1832 2 18 27
1736 19 13 4
2843 18 14 49
2822 0 16 31
3071 15 17 15
3472 13 17 62
2775 2 17 41
4995 4 19 40
4051 19 12 6
3855 19 0 50
2285 17 14 55
2880 15 16 41
1489 0 15 22
2677 13 16 32
2283 5 19 31
4102 2 16 22
1231 4 18 57
960 19 11 11
3893 19 1 48
1613 17 13 51
1803 16 14 12
3249 0 14 33
3722 5 18 35
4314 0 13 24
4183 2 15 58
2216 4 17 52
85 19 10 54
3284 19 2 65
3850 18 11 7
3493 17 12 50
1683 17 0 4
3179 16 13 57
56 15 14 9
2289 0 12 62
2194 5 17 36
4968 0 10 33
3830 4 16 50
3647 2 14 37
3773 19 3 37
3545 19 9 12
3432 17 11 6
3341 17 1 33
3185 16 12 24
325 16 0 27
5399 15 13 49
4727 1 10 2
1151 5 16 65
5103 2 13 35
1187 4 15 62
100 19 8 21
1992 19 4 42
3466 18 9 14
3323 17 2 35
3294 16 11 66
2977 15 12 9
2834 15 0 4
4828 13 14 69
1246 12 14 28
2137 5 15 42
3968 2 12 52
4025 19 7 49
970 19 5 58
3844 2 10 52
3461 4 14 5
3293 17 3 50
1910 17 9 46
2566 16 2 61
2587 15 11 21
5145 15 1 60
587 14 12 52
5099 14 0 35
1222 12 13 19
4882 11 14 18
1181 5 14 14
2074 19 6 20
593 4 13 2
4064 18 5 1
4213 17 8 3
3949 17 4 61
1813 16 9 25
1458 15 2 5
5364 14 11 67
5313 3 10 48
1254 13 0 12
2655 12 12 50
4403 12 0 16
4437 11 13 11
4416 5 13 9
2359 4 12 30
4890 4 10 12
230 17 7 15
3833 17 5 52
458 16 8 55
59 15 9 13
3369 15 3 35
3580 14 10 60
825 14 2 56
3086 12 11 50
2063 12 1 16
1500 11 12 6
1427 5 12 66
743 5 10 27
1547 9 14 31
4546 16 7 25
4577 16 5 65
4557 7 14 17
1044 15 8 51
4524 15 4 60
1945 12 10 71
1851 12 2 64
1731 11 11 37
3420 10 12 67
1747 10 0 37
1479 0 13 69
2899 9 13 14
2721 19 2 15
2908 8 14 48
5014 0 17 10
4302 7 13 26
5068 15 7 32
1236 15 5 1
2473 14 8 4
1245 14 4 12
4329 6 10 48
4188 12 3 21
2069 11 10 16
4107 10 11 72
4093 10 1 39
3290 9 12 36
1681 7 12 15
3230 7 10 3
3475 14 7 22
1061 14 5 38
750 13 8 26
2626 12 8 36
5295 12 4 45
5055 11 3 30
2498 10 10 38
4969 10 2 60
4891 13 18 8
633 8 0 61
4224 12 7 16
4336 12 5 13
4275 11 8 5
260 11 4 23
1139 10 3 59
4042 9 10 10
489 19 18 7
63 9 2 7
3082 8 1 27
487 16 12 57
1805 7 0 62
1746 6 0 48
3392 11 7 8
202 11 5 55
3145 10 8 23
1539 10 4 2
2649 10 16 64
1380 9 3 6
5314 19 6 61
4742 8 2 17
4876 14 11 15
1296 12 10 11
4744 2 19 3
1147 10 7 36
1145 10 5 33
2221 9 8 52
4391 9 4 52
2147 8 3 72
2056 7 2 31
448 14 2 9
463 12 3 60
3415 9 7 46
1823 9 5 36
1728 17 12 17
816 8 8 62
1476 15 16 10
2752 7 3 1
5193 4 17 26
1399 5 16 31
2508 8 7 65
2623 8 5 4
2200 7 8 50
4575 15 4 10
1130 13 8 56
978 5 9 40
3934 4 16 3
3694 17 16 68
3641 17 5 12
3572 7 7 67
4159 7 5 61
882 6 5 16
3404 5 8 14
1632 4 9 32
3031 19 19 66
4349 17 18 67
716 3 10 4
5414 5 7 70
2825 4 8 28
2894 7 2 69
5124 6 10 8
259 4 18 16
5161 19 7 21
610 2 9 72
2454 11 12 36
2434 4 7 60
4859 4 10 44
2458 3 8 14
4174 14 0 8
1239 0 12 7
570 0 11 76
4545 1 9 27
2215 5 5 64
4628 2 8 2
4253 11 1 61
4142 10 0 7
1885 16 7 68
466 3 7 43
1778 14 4 75
3505 10 14 64
3592 1 8 69
1749 5 4 10
3659 10 7 63
3559 2 7 27
853 15 17 72
3195 4 5 52
3075 0 9 1
740 7 7 39
2956 6 0 24
1517 1 7 67
686 5 3 43
5317 2 6 56
689 4 4 48
5298 4 14 57
5248 0 8 64
2592 19 8 77
2924 1 6 30
591 5 2 67
1275 11 13 76
5071 5 10 67
142 12 19 1
4905 2 5 46
4925 2 10 13
2472 4 3 30
4393 12 12 22
4261 12 1 50
4664 1 5 45
2178 5 1 72
2041 13 7 71
2024 9 8 1
3920 2 4 4
3910 4 2 21
771 3 2 44
3501 5 19 9
15 9 13 59
1814 5 0 68
3 1 4 60
3376 11 0 49
1668 8 7 18
3058 15 3 7
4162 7 3 60
3014 5 17 76
2938 3 1 16
2761 11 7 37
339 1 3 42
5415 14 5 8
5229 9 4 3
5318 4 0 14
5235 15 18 2
4771 7 15 8
2581 15 0 66
4979 2 9 5
4948 17 11 51
2462 1 2 10
4641 7 8 21
4462 10 8 68
1090 1 1 57
4383 19 0 15
2136 2 16 71
3642 11 8 56
1702 19 17 70
3412 9 10 67
3408 12 0 73
3142 1 3 8
2897 5 5 22
758 10 1 69
2934 4 3 58
361 15 7 63
2659 11 11 10
2830 2 4 42
5255 17 4 20
5002 6 18 80
5025 14 4 52
4179 14 9 6
4943 10 10 9
2086 6 5 47
4832 1 2 35
4858 8 8 18
4644 7 10 58
571 2 7 68
4842 11 18 2
2196 12 5 68
4109 17 1 4
4099 14 3 72
4123 12 7 76
4038 12 4 21
2005 9 14 7
964 5 15 18
3698 14 12 21
1705 19 14 11
3557 5 17 4
3389 5 9 10
3436 4 5 22
1656 7 14 67
3008 19 5 31
3010 1 8 10
182 16 8 9
2748 6 16 2
2724 11 12 72
5152 0 15 71
5360 19 1 24
5084 17 1 77
2404 4 0 37
2183 19 11 67
2273 1 6 6
4426 7 16 77
4379 9 5 10
3686 5 13 42
4034 5 8 61
57 12 18 11
909 2 5 11
967 18 9 60
3518 10 10 80
3397 2 14 73
3410 11 7 61
896 1 1 21
394 16 9 57
49 17 9 6
3317 18 8 53
2847 14 11 41
2832 4 9 69
2797 5 12 28
5185 17 11 79
2719 4 8 71
174 9 3 78
651 7 12 74
1248 5 4 81
1209 4 13 62
4595 7 7 20
2276 1 7 28
5050 2 13 4
