375
2654 19 19 2
4722 18 19 2
2735 19 17 15
2254 17 19 29
4291 19 16 16
573 16 19 17
1577 18 17 21
3518 19 15 14
897 15 19 38
4972 17 17 37
2760 19 14 14
3682 17 16 33
4884 14 19 29
1424 16 17 26
1916 19 13 42
623 17 15 31
1586 16 16 4
240 13 19 39
1656 15 17 10
3900 19 12 23
778 17 14 28
1747 16 15 30
781 12 19 57
4676 14 17 8
3314 17 13 32
3179 16 14 45
1149 14 16 36
3512 11 19 23
3390 13 17 53
4079 10 19 19
1474 0 19 19
226 16 13 55
761 14 15 62
2712 12 17 38
618 13 16 48
4578 11 17 55
2169 9 19 20
1723 1 19 12
638 15 13 25
289 13 15 26
4339 11 16 10
2156 2 19 55
4161 10 17 29
106 8 19 3
1878 0 17 52
1757 14 13 52
3072 12 15 5
1514 12 14 60
3008 2 18 66
3001 11 15 52
1364 10 16 10
2122 9 17 31
4748 3 19 12
4824 7 19 48
4770 1 17 12
4149 0 16 2
118 12 13 65
1950 2 17 57
3615 11 14 25
3554 10 15 4
1902 4 19 44
720 8 17 50
3415 3 18 44
443 0 15 12
4683 6 19 34
2512 5 19 20
4007 2 16 60
3 11 13 20
3553 10 19 66
809 10 14 3
3037 4 18 6
2529 8 16 1
1024 7 17 58
4374 3 17 10
2514 0 14 37
251 5 18 65
3859 2 15 33
3883 0 13 13
2026 10 13 48
4826 9 14 1
3838 8 15 46
1492 7 16 69
2894 3 16 51
4796 0 12 38
4321 0 0 8
2075 4 16 38
2056 2 14 10
3532 9 13 44
498 12 19 15
4808 7 15 22
3614 3 15 23
2101 2 13 46
2689 0 11 13
333 4 15 57
95 8 13 35
4489 1 0 53
4266 3 14 13
1078 0 1 45
3867 0 2 27
3770 2 12 9
417 4 14 34
830 1 1 6
4411 0 10 16
2985 2 0 52
694 13 19 5
1553 7 13 23
1425 1 10 36
2550 3 0 65
2332 10 15 44
4307 4 13 68
2630 1 2 1
3617 3 12 10
1641 6 13 45
425 3 1 14
3591 1 9 38
3193 12 15 54
2833 2 10 53
2934 1 3 66
2779 4 12 46
2733 4 0 64
2504 0 4 35
4619 8 19 50
2467 7 11 65
4525 3 2 49
541 1 8 16
2060 1 4 27
4001 5 0 17
465 2 9 3
3644 0 5 35
116 4 11 9
3459 4 1 13
877 7 10 55
3372 6 11 4
3819 0 7 68
2897 6 0 33
1485 0 6 31
1488 1 7 68
1470 5 1 59
2956 2 8 6
1253 4 10 63
4935 2 4 2
4967 4 2 8
2517 6 10 23
2021 6 1 47
3923 14 17 66
3539 1 6 37
1771 5 2 7
1578 4 9 11
758 4 3 8
3013 19 16 74
2727 6 2 18
1280 5 3 54
4310 2 6 46
1339 4 8 32
148 4 4 62
4925 19 12 69
1193 8 0 13
4613 3 7 70
4590 6 3 68
4396 4 17 11
4190 5 4 26
4402 4 7 60
4332 4 5 24
4085 8 1 42
3696 6 4 44
1866 5 5 38
3727 0 13 54
1755 8 2 38
187 6 5 22
2915 8 11 32
1332 8 3 49
2759 4 1 47
1326 11 19 63
4823 6 9 3
4287 9 11 35
567 2 4 37
4010 2 7 75
3997 8 10 1
244 8 4 42
3557 7 9 66
1698 8 17 16
3349 14 15 31
1681 6 8 20
180 10 11 31
2824 9 10 65
2684 8 9 31
3046 8 5 54
276 8 16 52
4957 7 8 13
2348 6 7 73
2324 2 12 44
4358 2 8 39
4517 11 11 29
2675 9 9 43
1167 9 5 40
558 4 13 21
527 0 10 70
4107 8 8 64
1588 8 6 43
1707 16 14 11
3995 3 18 18
3653 12 11 22
3195 10 9 13
3527 10 5 54
3493 9 8 2
110 9 6 71
3170 4 9 67
3306 4 2 52
397 12 10 50
3283 11 5 51
4234 10 8 46
1467 10 6 14
183 3 9 7
355 13 11 6
3078 3 14 68
2846 12 9 31
2386 12 17 10
576 14 11 28
4622 13 10 58
4539 12 8 54
4328 0 11 56
4353 9 17 1
596 12 13 28
3837 6 11 75
4116 7 15 63
233 15 11 44
1857 4 3 50
1863 3 12 49
3677 14 10 54
3537 13 9 42
3258 9 4 66
3048 5 1 18
4777 16 11 47
88 15 10 18
2962 0 16 45
4809 13 8 52
4136 12 6 37
2701 10 4 57
2532 17 11 40
4941 9 5 11
4870 15 9 63
2312 12 5 39
4892 11 4 22
4481 10 11 70
1116 10 3 77
4556 18 11 34
2181 9 2 23
4474 16 9 41
2194 15 8 9
2100 14 7 24
4023 12 4 28
1979 11 3 40
1009 19 11 43
1989 9 1 32
3699 17 9 37
3676 4 7 27
1840 16 8 47
3600 7 17 3
3377 14 6 40
3286 0 6 63
846 12 3 55
3210 11 2 76
3183 11 6 1
3411 10 1 36
4352 19 10 6
1337 13 16 12
2766 19 15 68
178 18 9 3
1497 9 0 57
82 17 8 78
1489 16 7 36
2853 14 5 13
185 8 0 46
2875 12 2 19
1290 19 9 33
2601 11 13 67
2825 17 7 62
1284 4 4 22
1216 16 6 42
2692 14 4 59
4746 7 8 41
2540 12 1 49
4614 19 8 64
4418 18 7 79
4424 4 5 1
2271 17 6 77
1275 16 5 42
4947 15 4 56
4202 14 3 22
4039 12 0 4
3877 19 7 23
3806 19 12 2
3836 17 5 28
3650 16 4 75
895 2 4 67
1575 15 3 41
3599 3 16 3
3484 14 2 68
1639 6 5 70
3361 19 6 40
3158 13 9 80
786 17 4 59
1620 17 11 8
2666 16 3 13
207 0 4 2
1647 15 2 47
2976 14 1 63
1377 19 5 10
2821 18 4 58
2054 17 3 23
1371 4 14 77
4285 15 1 2
4819 5 5 11
4831 18 3 28
2321 17 2 35
4542 16 1 79
4565 7 11 33
1090 11 9 4
1076 1 6 1
2213 11 10 5
2104 18 2 10
4126 17 1 15
4050 8 15 81
3830 19 13 17
962 1 4 63
3733 18 1 75
3855 16 16 49
1779 6 11 53
3389 14 15 10
1809 19 1 74
1624 9 6 5
393 8 3 9
741 12 13 5
2756 18 8 77
1419 7 19 13
2633 8 6 22
2639 15 3 80
2571 6 0 10
4873 11 3 5
2498 16 4 31
2488 7 13 65
4921 16 19 76
622 16 10 76
1316 15 6 12
4543 15 19 11
4519 17 10 8
1109 1 3 7
2227 14 2 22
139 15 11 14
4151 14 7 56
4179 2 10 6
4057 5 4 66
2045 19 6 12
488 14 16 15
1912 16 15 8
3826 12 17 80
3986 15 9 14
958 12 2 63
3736 12 3 28
914 9 1 79
844 1 2 44
3149 12 5 13
1608 10 9 64
400 10 14 68
3033 14 11 67
743 0 12 77
2913 19 8 34
755 0 9 78
2940 16 13 2
2827 17 8 11
2567 17 3 66
2560 9 10 2
4301 14 1 34
4893 18 19 64
4764 8 2 69
