338
5122 7 19 6
4810 10 19 11
67 0 11 21
6185 7 18 7
5265 0 8 31
1411 9 19 31
3545 10 16 15
5160 0 10 30
1834 1 8 34
3117 1 10 34
5323 10 17 35
5979 0 19 10
3420 0 17 33
4527 0 12 16
2540 2 8 41
4655 8 16 46
5430 1 19 25
5052 1 17 43
3801 2 19 34
801 0 13 18
2969 2 17 22
5253 7 16 45
1561 3 8 28
5443 6 19 39
5506 0 14 15
2794 5 19 15
1374 2 12 28
2214 4 8 11
408 3 19 6
2395 0 16 35
5998 7 9 36
4229 6 16 33
3299 5 18 22
5984 5 16 55
5884 2 13 1
5164 1 16 20
6220 7 10 38
5502 3 10 50
1380 2 16 17
693 2 14 8
5496 5 9 18
3626 3 17 52
1783 7 11 33
5758 3 11 56
2059 5 10 53
1544 3 16 16
6214 7 12 58
2896 3 12 13
5085 5 11 23
1675 3 13 39
2957 3 14 7
5132 5 15 24
2501 19 19 57
3780 19 18 36
5490 6 15 35
413 6 13 36
4771 11 19 17
1964 19 17 5
3592 17 19 20
3891 7 15 1
4152 7 13 41
6107 11 18 2
6254 10 15 7
533 19 16 25
5512 17 18 26
2327 8 15 20
4431 16 19 20
905 11 17 38
3595 10 14 5
923 19 15 17
3133 19 11 12
381 15 19 27
173 13 19 34
4523 11 16 25
4051 10 13 54
1960 19 14 37
1083 19 12 23
1018 9 14 47
611 18 11 51
889 17 16 13
1913 15 18 23
1122 13 18 46
2827 11 15 34
3047 11 13 55
5881 10 12 15
2284 19 13 19
4366 9 13 16
4391 19 9 32
3349 8 8 64
3181 15 17 28
1500 3 11 22
1350 12 16 66
5372 12 13 4
583 11 14 36
1108 19 10 33
4353 9 8 41
445 17 14 2
2028 8 11 18
2369 15 16 45
8 11 7 30
5630 10 8 65
1296 17 9 37
4734 8 10 17
1112 15 15 45
926 11 12 5
6422 2 13 46
395 10 11 42
5779 19 0 30
5567 17 12 56
2946 16 9 19
2936 15 14 38
1595 12 12 26
5063 11 11 56
317 11 9 66
3837 19 1 5
2158 17 11 9
3508 15 13 46
2985 15 9 17
5813 13 13 53
5788 12 11 21
3160 6 3 34
2898 12 9 33
5290 19 8 42
1319 19 2 41
594 18 1 19
631 16 11 66
4978 15 12 3
2222 13 0 34
3704 5 16 22
3992 19 7 50
3649 19 3 57
1734 8 8 26
3650 4 4 16
3766 3 12 60
852 16 0 25
5470 14 0 32
5676 13 11 26
3110 6 5 58
599 10 8 13
559 19 6 4
5035 19 4 56
4960 18 7 56
2417 18 3 21
3 4 5 7
5095 16 1 41
6417 13 2 20
1877 12 8 68
3216 19 5 65
388 18 6 8
5367 4 6 52
527 17 7 41
766 16 2 56
5590 14 2 60
5438 13 9 50
680 13 3 46
5704 12 7 27
5082 5 8 56
2469 11 7 1
2904 4 7 24
1008 16 7 8
1941 16 3 47
4220 15 8 31
216 13 8 26
3201 17 5 15
6342 15 7 35
6285 7 15 43
130 7 3 30
5943 6 8 6
2448 16 5 21
4838 7 8 38
4226 6 6 49
2109 19 12 67
3292 8 4 25
3860 15 5 71
3887 12 3 6
2700 9 4 34
5178 8 7 33
5156 8 5 71
4146 19 19 7
5371 14 5 18
2444 12 6 31
2426 12 4 68
2184 9 7 25
4538 9 5 67
4201 8 6 18
1031 15 9 49
3866 3 7 74
3754 7 12 8
440 19 10 73
97 11 6 2
3742 10 7 30
6387 2 7 74
4030 0 7 29
6028 3 6 13
5955 12 0 50
2973 1 7 2
5814 11 18 73
5762 12 9 67
174 2 6 44
737 0 6 63
2522 3 5 50
2500 12 1 38
2654 11 4 46
2457 1 6 69
2056 12 2 46
4108 12 11 65
3751 0 0 50
465 11 3 36
5001 10 0 14
3487 16 18 63
6380 0 4 48
2666 3 16 59
5990 10 1 57
3014 2 14 65
5662 17 16 61
1361 19 4 25
2733 1 0 8
5356 0 1 25
5068 0 3 72
5203 13 8 54
5038 0 2 24
2411 1 3 46
5469 9 3 12
4919 19 1 53
1392 16 2 9
517 6 8 39
2006 2 3 63
1723 19 18 7
1693 8 3 61
1643 16 5 64
3223 17 15 70
858 17 0 64
3144 1 16 64
5733 11 19 56
3016 9 1 33
1290 19 17 53
2510 9 0 16
2768 2 1 61
4983 4 3 7
2564 8 1 55
4758 8 4 73
4556 6 2 77
73 5 3 68
4372 3 10 15
4298 7 13 10
269 4 2 28
1069 2 0 14
4309 8 0 47
4073 3 0 23
500 6 1 39
4047 9 13 55
3917 4 5 49
218 15 14 8
6338 1 17 11
3128 5 1 7
6262 0 5 28
6232 10 14 75
2133 17 1 67
1700 2 3 30
5925 17 5 52
5720 16 0 63
5588 6 13 12
674 17 13 73
1344 0 15 2
2656 17 18 65
731 1 3 12
662 16 9 66
5458 3 17 22
2508 7 3 77
2470 13 9 8
4473 18 14 5
1073 15 15 6
128 8 3 22
4433 13 19 6
9 4 6 18
4012 1 19 78
1010 12 6 67
1852 2 8 1
3456 2 5 2
3234 6 3 5
6115 2 7 31
5215 18 5 28
6059 8 10 54
370 6 1 71
5890 5 8 3
697 3 13 14
2861 6 6 22
5462 10 7 76
5391 9 3 73
1194 11 4 5
240 0 2 69
1992 15 5 32
1815 8 7 67
3489 17 11 56
2955 17 18 5
1459 15 19 73
5957 9 7 54
5636 4 4 54
2774 15 7 1
5390 17 8 78
5117 15 13 14
5051 3 0 69
5009 6 16 10
5102 5 2 70
4124 10 11 16
4581 6 2 50
6203 11 6 46
2108 0 4 16
4390 8 11 54
541 6 18 14
3909 14 3 19
1718 17 7 75
6349 18 9 67
5995 16 19 64
5878 7 15 75
1513 6 15 73
5236 9 8 7
1244 12 0 18
5060 5 18 74
4705 2 7 7
4549 17 9 75
598 0 6 36
4554 13 18 7
4009 13 1 2
4011 0 13 79
3816 13 7 1
3757 7 4 11
1860 11 17 76
3613 3 8 80
431 5 10 32
3486 7 16 21
3351 0 2 1
51 10 16 78
6057 0 0 1
5996 12 1 68
1471 14 5 75
5667 11 3 8
2899 18 8 9
