345
2576 6 0 16
681 5 0 28
1214 6 5 14
1671 13 16 19
792 0 0 36
3579 6 4 19
2372 6 2 24
551 4 0 38
5029 12 16 31
2990 13 19 45
1479 6 3 36
4167 11 16 24
5044 3 0 5
4890 5 2 26
4912 0 1 23
4320 4 5 28
4840 6 17 10
1843 13 18 41
1675 6 19 53
4231 0 2 58
1371 11 19 44
4218 4 4 49
3669 2 0 6
60 4 2 38
2382 7 19 42
983 7 17 31
1612 12 18 3
4600 10 19 40
460 8 19 17
3549 2 1 4
268 9 19 42
909 10 17 44
4280 2 3 37
601 0 19 38
1243 0 3 58
4277 10 16 12
2171 0 12 8
3628 1 3 34
3770 0 4 22
2469 1 19 56
2450 0 18 1
649 3 5 55
1720 0 13 12
571 2 19 47
79 0 5 42
2834 2 5 11
2657 8 17 54
2344 0 17 42
2730 3 6 14
4694 1 12 48
14 0 14 24
1565 5 19 53
2170 0 6 27
2790 2 18 62
5048 9 15 20
4868 8 14 20
4804 8 6 4
4069 0 16 31
48 5 18 37
3128 0 11 60
5063 8 15 36
5002 8 7 12
2444 1 16 46
3907 7 6 42
3835 0 7 69
3494 6 6 69
2282 5 17 34
1400 2 16 59
4906 19 19 45
1265 19 15 31
2410 0 10 64
2703 8 8 60
3911 0 8 19
893 6 16 49
899 1 11 15
3100 1 10 16
373 5 16 10
1445 5 6 10
1467 2 11 30
4388 19 18 8
1306 19 16 5
4909 2 7 10
4845 18 19 68
4418 3 16 34
4440 7 8 9
3949 2 14 26
967 5 7 19
3864 2 12 41
3838 2 10 67
890 19 17 24
882 2 8 15
3101 17 19 4
4529 4 6 35
2205 19 8 56
4144 17 18 21
4085 16 19 29
1982 3 14 11
3840 2 1 71
1882 3 8 30
456 2 18 15
1696 19 11 43
3437 19 9 47
2317 18 8 15
4635 17 15 20
3068 16 18 48
186 16 14 51
2874 15 19 60
4379 13 18 1
2376 5 14 30
2315 19 14 24
4617 19 10 28
4763 18 9 4
2036 17 16 47
1883 0 7 18
3435 15 18 53
3201 3 12 73
3397 3 10 58
3030 0 8 65
170 5 13 57
4287 5 9 15
162 19 13 73
2623 18 14 37
2485 17 11 40
3215 16 8 31
2535 15 17 27
2438 8 6 63
4536 3 11 15
4115 5 12 66
467 5 10 10
4765 2 17 1
2013 19 12 17
1937 17 14 9
3356 16 9 46
3167 15 8 28
2682 10 8 13
599 18 12 45
282 15 15 18
287 7 13 54
139 7 9 7
4083 6 10 47
2012 5 17 3
1944 11 19 2
29 10 15 51
3900 2 12 14
3302 9 14 35
3233 17 12 15
3342 8 13 54
2751 8 9 2
3053 16 11 71
2771 15 14 72
1373 7 12 7
259 7 10 43
2481 19 15 63
2765 0 2 6
639 11 15 19
4602 9 13 54
4404 8 10 13
4286 16 12 75
1084 15 13 29
4979 13 15 23
3588 10 13 24
1646 9 12 21
2854 8 15 72
2805 7 0 18
703 13 14 9
1297 3 16 6
2547 12 14 66
163 5 19 14
4918 11 13 7
4885 19 17 64
2551 10 10 20
4609 8 0 32
2084 13 13 12
3174 11 12 70
3796 5 6 50
2226 5 12 23
999 0 13 59
3920 19 0 43
988 9 0 31
3595 14 11 10
3318 7 2 12
1738 13 12 72
880 3 10 20
3488 1 3 10
3245 10 0 4
778 19 7 48
3395 19 1 35
3061 7 14 60
1508 9 1 7
1041 7 5 22
2903 14 10 55
1404 7 3 38
4962 11 10 23
2479 11 0 28
2557 10 9 44
38 19 6 32
4808 19 2 15
580 9 2 43
4557 17 0 25
2359 18 12 13
1130 8 5 17
562 8 3 69
354 7 4 48
1112 14 9 44
4373 12 0 76
4375 11 9 13
1053 11 1 54
2103 19 16 43
2067 10 2 20
1033 19 5 36
4125 19 3 9
4057 9 7 40
3384 9 5 20
1966 18 2 41
1021 17 7 32
236 8 4 54
3620 15 7 61
3707 14 8 11
3183 13 9 17
1595 12 1 4
202 11 8 33
3134 10 7 21
798 10 10 70
189 19 4 19
2963 2 0 54
1397 17 6 78
2133 9 8 62
1372 16 7 75
1409 14 7 57
1337 7 8 65
4659 12 2 53
4972 11 7 14
72 2 16 12
4260 5 16 76
1272 5 10 58
2415 18 4 50
143 17 5 52
1120 8 19 74
2324 17 11 6
4458 16 8 3
4216 13 7 66
4193 12 3 56
4385 11 6 70
4000 10 5 17
62 10 0 49
950 17 4 63
3753 8 13 18
927 16 3 6
3636 4 5 78
394 12 4 41
1695 2 11 70
206 6 17 65
3220 3 8 78
907 4 6 4
3188 2 7 59
3380 15 5 26
3290 15 3 60
850 14 6 10
2989 7 12 47
2987 12 0 28
1288 17 19 60
637 18 7 76
2494 8 17 6
2715 14 5 14
597 13 6 78
4703 5 18 6
4296 3 7 62
2178 17 15 51
3958 14 10 34
3771 0 0 8
3893 9 10 72
218 19 6 7
1792 16 2 27
3269 15 18 30
3234 2 1 42
801 3 12 14
1589 16 7 28
3189 15 8 67
3111 5 9 80
3025 19 4 75
2942 16 1 20
1407 6 19 30
2773 14 3 64
2625 5 13 1
2518 12 4 78
1217 10 5 50
4901 18 10 78
1269 9 7 68
4592 16 0 21
4486 16 9 4
4768 3 6 58
4411 14 2 38
4398 14 5 49
1089 13 14 35
2062 11 16 77
1805 17 12 60
4037 15 0 72
4029 7 17 79
1977 14 1 42
1930 4 5 1
1926 10 16 66
470 2 14 66
3613 3 16 68
1787 10 19 18
3063 8 9 33
2954 15 13 8
2799 13 13 69
2693 2 11 10
3017 11 12 5
1305 3 8 2
2501 9 2 3
4968 14 9 70
1195 19 11 3
1816 7 1 78
1016 8 1 72
1984 12 2 26
1969 0 16 77
1974 6 16 10
3546 14 17 5
1809 7 0 71
1710 16 6 8
422 14 2 4
3354 9 6 16
3272 18 7 10
793 17 0 70
3104 14 6 42
3044 19 3 38
304 13 7 10
42 10 14 15
644 10 12 64
2850 19 2 72
1325 17 2 76
164 18 1 5
2506 13 14 81
600 17 15 80
5058 3 11 49
4630 0 19 76
1145 1 17 7
3965 3 14 51
1976 10 17 19
246 0 13 83
971 17 14 65
3795 14 1 74
3667 12 4 3
888 14 3 26
