354
1640 12 10 12
17 11 10 4
248 8 10 15
1009 10 10 29
2291 11 19 10
847 12 12 16
687 12 13 32
907 11 12 15
3664 11 18 40
2346 8 11 38
2053 11 17 25
2155 9 19 12
715 10 12 12
3521 8 12 20
4731 11 16 35
2281 11 14 27
3713 9 18 18
298 8 19 7
569 0 19 8
2897 6 19 44
2679 11 15 38
2458 10 14 27
2411 5 19 26
2938 9 17 36
2534 8 18 18
1090 1 19 41
2755 5 18 35
2552 2 19 23
1209 9 16 29
3801 8 17 36
2861 0 17 49
4657 2 18 35
3440 19 19 43
698 4 18 17
645 8 16 38
4478 0 16 51
3330 2 17 53
2305 19 18 13
1016 0 15 13
3467 12 19 27
1800 2 16 43
3425 0 14 24
2161 19 17 61
1746 18 18 28
3173 8 14 9
637 0 8 12
1174 13 19 61
4711 6 16 53
2523 0 13 42
4562 5 16 35
2039 1 8 1
488 2 15 41
1875 19 16 10
1554 8 13 49
184 16 19 24
1407 7 14 36
664 14 19 54
4336 12 17 3
3673 0 12 35
3581 1 9 54
776 5 15 37
2494 19 15 47
1199 2 8 56
288 18 16 10
949 16 18 23
914 0 10 15
2879 7 13 32
744 3 15 63
1360 14 18 36
1218 12 16 54
4410 1 10 14
1811 5 14 32
1789 2 13 37
3247 2 9 64
2990 0 11 6
2621 19 14 61
146 18 15 8
4190 16 17 51
1880 7 12 16
1852 14 17 31
1333 5 13 62
3174 2 12 43
2643 19 13 54
1105 18 14 8
2004 16 16 15
3972 3 13 17
3266 19 12 47
2465 17 14 58
2279 3 12 62
4112 19 11 65
3835 17 13 66
3557 16 14 7
3812 13 19 19
2030 19 10 15
1829 19 6 15
2918 0 7 66
3208 17 12 64
321 16 13 2
4437 15 14 53
42 3 10 41
580 12 15 6
4619 12 14 24
585 1 7 28
4591 5 11 14
276 0 6 51
2216 11 15 7
2103 19 9 52
4151 19 7 46
1001 18 10 67
3967 18 6 50
119 9 18 63
234 16 12 42
3736 15 13 54
4383 14 14 13
3433 3 9 56
1838 0 0 14
1535 0 5 31
3012 5 10 52
2599 19 8 31
4557 2 7 44
4713 17 10 20
4698 17 6 20
2266 1 0 47
4597 15 12 60
1133 14 13 49
2451 0 1 57
530 3 8 31
4015 6 11 13
1626 12 17 59
4656 5 9 7
3470 0 2 18
772 2 6 4
3055 17 9 6
2930 17 7 24
4298 2 0 62
2836 16 10 15
2769 0 4 6
732 15 11 6
674 7 11 45
1352 14 12 14
3405 3 7 19
2892 6 10 5
1175 3 0 69
4556 1 4 6
2211 19 0 40
2197 1 2 60
4599 2 5 65
4080 4 7 46
4005 10 12 69
3689 16 9 18
3267 15 10 72
1591 7 10 52
1674 14 11 37
4196 6 9 60
3102 0 3 40
2819 3 1 28
2535 5 7 2
2350 19 5 23
2345 1 3 48
2531 19 1 37
4639 4 18 72
2294 4 6 24
2178 4 0 37
4440 15 9 37
3826 14 10 62
3217 3 2 13
1810 5 0 28
3511 19 4 4
446 19 2 6
3618 18 12 2
3382 18 5 59
3685 18 1 20
351 2 3 62
1530 4 5 67
736 8 9 70
1439 4 1 69
420 16 7 7
1413 0 16 20
2674 7 8 74
2623 14 9 11
145 6 6 68
4570 6 0 55
2262 5 1 39
1984 19 3 55
1551 9 9 57
3875 18 4 45
1924 18 2 11
890 17 1 49
1637 4 4 50
3370 16 6 65
1592 15 7 74
4368 14 8 9
2737 6 5 59
3684 12 9 37
676 6 1 11
2563 5 4 20
4706 10 9 58
1196 18 3 47
4736 17 4 2
2349 8 7 30
332 16 5 54
1162 14 7 71
554 7 0 59
2234 14 12 51
4287 6 4 47
4203 12 8 47
4186 6 2 35
4126 12 12 74
4024 9 19 65
3995 10 8 60
1904 9 7 44
3730 19 0 11
102 17 3 45
461 8 6 71
468 8 0 38
222 16 17 2
4053 15 5 42
832 14 6 3
3139 12 7 67
754 10 7 47
1320 9 6 54
651 9 0 52
4628 17 13 15
1139 7 4 64
2336 7 2 19
4526 14 5 20
4389 12 6 9
510 10 6 64
254 10 0 27
4081 2 17 26
3863 9 1 67
3804 8 4 70
4117 8 2 1
3946 2 8 12
439 15 3 7
3385 14 4 66
3211 2 16 5
3126 12 5 32
193 1 2 3
3509 9 4 14
3077 9 2 32
2934 4 1 1
2924 15 2 35
36 3 15 32
2670 12 4 25
2853 2 15 5
313 6 6 36
4759 10 4 22
4209 15 1 58
4164 14 2 36
4067 12 3 61
4047 12 16 12
3799 8 9 21
3764 8 11 8
3580 15 0 73
113 7 19 62
3368 12 2 18
750 14 0 5
1389 12 1 37
2951 12 15 60
2593 0 5 8
4766 0 18 74
4722 0 15 60
505 0 14 1
4002 19 11 14
3920 3 12 38
3884 5 9 61
3312 7 8 9
2725 10 9 8
2617 1 2 31
4453 2 13 7
1194 8 18 72
1489 8 6 43
2410 5 13 24
4753 12 18 73
2507 10 6 15
2277 16 6 33
4124 2 19 79
2033 12 7 12
498 18 17 77
1036 9 8 18
2014 14 5 52
26 10 8 7
1822 6 16 28
1559 15 0 25
2937 17 2 7
1374 4 6 58
4668 6 5 18
4612 17 1 16
2203 11 18 9
4294 6 19 11
2192 17 9 51
4264 12 4 52
1966 4 4 28
955 15 6 1
210 19 7 8
3432 13 18 2
3314 15 2 73
3245 7 13 5
3227 12 6 53
1212 17 19 5
1524 7 12 53
2742 5 2 72
2704 2 0 37
2734 8 16 12
1321 5 18 80
2457 14 0 35
2095 16 18 73
4401 12 5 78
4488 3 7 52
4284 11 12 65
1041 4 5 30
4121 2 7 5
2058 8 2 42
1976 15 14 13
3613 12 9 1
1748 16 16 52
1628 19 11 42
853 5 14 72
1598 12 8 11
823 5 15 8
4234 18 3 78
2999 6 17 15
2748 7 14 76
2718 3 8 80
1354 4 0 79
2619 3 1 4
623 3 10 17
308 16 12 79
1238 14 17 69
4253 14 14 50
1226 0 2 71
4673 6 4 21
2321 6 16 2
1069 14 6 28
2225 3 9 16
4139 1 10 75
4592 8 2 66
4109 9 2 67
4051 8 9 50
2002 16 2 83
1942 1 5 75
957 18 18 73
3866 16 0 74
3709 0 12 1
229 2 12 19
1684 19 9 6
107 18 1 55
221 9 0 25
3468 8 4 22
3144 3 13 61
3117 16 18 3
375 12 3 11
1556 14 9 72
