359
2811 0 19 16
2161 19 19 26
6283 0 18 11
4601 2 19 39
756 19 18 24
5264 0 17 17
4588 2 18 39
5763 19 17 1
5071 17 19 36
5884 3 19 19
837 0 16 24
4701 2 17 7
1664 4 19 12
5056 19 16 13
729 17 18 44
3976 16 19 34
889 0 15 40
130 5 19 47
2490 2 16 9
5807 19 15 49
3419 17 17 45
3689 16 18 47
5588 3 17 33
3170 0 14 52
807 2 15 28
2632 5 18 31
5378 19 6 48
6141 19 14 3
2541 17 16 43
3008 16 17 54
137 3 16 4
5110 14 19 3
2128 5 17 34
2556 19 13 12
5541 19 7 7
157 16 16 20
3891 7 19 16
242 3 15 13
3328 14 18 50
3194 13 19 20
683 5 16 7
4993 19 12 53
2463 19 8 54
4308 18 7 18
3098 8 19 28
2086 17 14 57
2532 7 18 50
1037 15 16 25
6125 13 18 9
1397 11 19 35
5560 5 15 4
2347 9 19 42
4321 19 11 50
835 19 9 44
3179 17 13 13
6201 17 7 60
2461 16 14 47
1331 7 17 22
5677 14 16 7
3484 11 18 27
3545 10 19 61
3883 19 10 43
6223 19 0 27
6126 18 11 2
2793 8 17 53
684 17 8 52
2809 16 7 3
5866 16 13 20
4890 7 16 29
22 15 14 8
261 15 6 8
3904 13 16 45
3451 11 17 24
2988 5 13 30
5482 19 1 59
2577 8 16 51
1759 17 11 26
1810 17 9 56
3729 16 8 24
6413 15 13 20
3335 7 15 57
6145 13 15 35
4826 11 16 28
6129 5 12 10
2560 19 2 19
4463 18 1 59
1070 8 15 4
112 16 11 2
3688 16 9 48
1603 7 14 51
1592 14 13 27
3253 12 14 55
1336 5 11 36
1197 10 16 17
5150 19 3 45
5524 17 1 55
1122 8 14 56
4097 15 11 3
4082 7 13 36
3403 12 13 45
3125 11 14 38
4318 0 13 51
5645 19 4 59
5219 8 13 55
5080 17 2 17
2522 16 1 12
2343 7 12 44
4174 14 11 18
977 12 12 47
3640 19 11 7
869 11 13 46
1775 0 12 51
408 9 13 52
2236 19 5 57
5331 17 3 66
2531 16 2 67
4797 15 1 34
5228 14 0 66
2484 12 11 28
3651 0 11 15
6237 11 12 13
3322 2 13 63
3585 5 16 51
3672 9 12 56
6309 17 4 57
4398 16 3 59
5909 15 2 18
5915 7 10 5
5881 17 16 5
5832 14 9 27
5841 14 1 25
2839 1 12 2
2843 7 17 63
5947 15 6 50
707 12 10 25
4295 12 0 35
2674 11 11 54
5058 2 12 18
5017 0 10 42
562 9 11 21
1972 17 5 1
493 8 17 9
3809 16 4 27
3694 15 3 53
3605 7 9 63
4057 3 13 29
229 14 8 44
6365 14 2 29
1766 13 1 68
6218 1 10 9
6175 12 9 41
4478 12 1 27
2977 11 10 13
1944 2 11 54
2717 9 10 53
5300 4 13 3
5233 16 5 8
4867 7 15 16
4841 15 4 12
2473 14 7 3
1148 14 3 42
88 0 9 3
506 12 8 15
3868 12 2 63
3695 1 9 54
3665 11 9 30
3912 11 1 25
6308 2 10 29
5900 14 6 18
1448 14 4 63
2950 12 7 47
5106 12 3 53
2459 11 8 37
5483 11 2 6
4769 10 1 26
4787 2 9 19
4559 0 7 71
2246 4 11 72
2150 17 7 21
1926 12 6 20
1932 12 4 1
3236 1 7 20
48 11 7 6
887 11 3 40
3193 10 2 28
2195 4 10 65
5215 0 6 58
4671 11 6 25
2925 11 4 31
1144 5 10 71
4344 1 6 33
4154 10 7 64
122 2 7 9
939 17 14 26
227 4 9 28
420 8 19 68
3266 7 18 18
5618 0 4 34
6131 5 9 10
3040 0 11 50
4565 10 6 47
20 10 4 6
6033 19 13 68
2861 9 7 71
5835 2 6 12
320 4 8 6
1210 8 12 22
1164 6 10 74
1183 1 4 4
1145 9 6 28
3944 19 9 3
6367 4 7 61
1959 17 17 4
4034 8 7 69
3649 17 1 16
4021 0 3 23
1568 3 6 10
3404 2 9 56
6396 5 7 29
6267 1 3 27
3000 8 13 11
6067 2 4 34
6030 8 6 37
5641 7 7 34
5288 5 6 24
2606 0 1 22
4998 2 3 42
1267 19 5 20
5447 7 6 54
4515 3 16 65
4146 14 9 58
3130 3 4 52
247 11 11 28
530 5 5 38
1011 13 16 16
3554 1 1 48
1700 9 2 73
3392 2 2 70
3216 4 4 7
3198 8 4 50
3294 4 12 56
2990 0 0 50
2929 3 2 27
5694 5 4 8
1360 9 19 3
5325 19 1 16
4731 8 3 52
2497 7 4 27
2358 3 1 69
4954 1 10 51
4640 12 6 51
1143 5 3 63
39 2 17 64
2278 19 7 75
4317 9 10 15
4600 4 11 22
230 4 2 51
4086 8 2 30
508 14 12 70
4039 5 2 12
882 8 14 31
1835 18 0 67
3588 4 1 29
863 8 1 3
829 8 7 32
6298 7 2 17
3220 14 18 8
5933 5 1 22
2733 11 12 48
5786 8 0 48
5384 11 13 15
2397 0 8 4
4777 7 0 17
1059 7 9 28
4668 2 15 1
606 5 15 73
4859 12 14 6
3866 14 8 12
3631 12 3 9
3580 11 19 11
3599 19 14 56
3406 17 18 20
3121 12 19 78
5862 14 16 75
5767 7 10 54
2799 12 1 65
2781 10 6 17
345 12 13 11
5460 10 7 3
5270 2 1 63
5126 8 0 76
5005 8 3 11
4926 12 2 30
159 11 10 44
4760 5 12 66
2346 5 13 75
4664 9 7 27
4528 0 14 12
4276 8 6 6
253 3 1 44
244 12 4 46
3964 5 2 60
946 3 6 52
4027 17 14 1
3307 10 4 47
29 3 15 75
1646 7 4 66
103 15 11 50
1638 1 4 34
6315 11 0 76
2997 15 3 16
3017 7 6 21
1423 5 19 16
5528 2 6 61
2663 7 13 71
2637 17 4 13
5274 15 0 68
4520 1 3 66
4675 4 2 2
1081 2 7 38
2311 5 1 55
4030 16 12 70
3946 16 11 65
3764 14 4 34
1939 17 9 22
3781 4 6 61
1879 3 13 67
3528 8 18 70
4131 16 17 28
6097 16 9 16
3167 12 12 3
744 19 0 1
5349 1 1 15
5867 4 9 79
5923 14 11 57
2895 7 0 64
2837 17 13 65
2785 3 2 68
5568 10 2 4
5805 9 12 24
5355 4 1 69
704 16 8 69
618 0 0 25
4981 19 4 25
2377 14 19 69
4282 11 4 79
3594 7 2 47
252 14 4 2
2047 19 15 1
234 7 16 5
1857 11 10 74
3502 8 4 11
1768 4 2 76
3330 11 6 72
3485 3 1 17
1496 7 12 79
6007 15 13 74
1520 9 11 52
5848 10 7 28
