358
2226 17 15 43
3485 19 15 20
137 19 19 41
3343 19 16 2
33 19 18 10
1750 19 17 35
773 16 10 36
2722 17 19 49
2555 10 19 49
1685 17 18 13
1227 16 19 33
2841 11 19 22
1409 10 16 29
1554 10 18 5
2634 19 11 54
223 17 11 4
2427 15 19 50
3557 11 16 28
3312 11 18 11
1755 19 12 44
227 19 14 15
352 17 16 42
2131 14 19 29
998 15 18 1
2659 19 13 50
622 16 16 2
2446 12 18 11
1894 17 14 15
940 16 15 27
2930 15 10 20
172 15 16 32
406 16 14 5
3064 15 11 33
758 14 16 55
2623 12 16 19
50 15 12 15
2445 14 15 58
3254 13 10 39
127 12 15 30
2855 12 10 62
123 11 9 55
1839 14 14 39
1580 13 11 45
2592 11 10 17
1380 0 19 12
1183 10 9 46
438 12 14 54
2864 12 0 58
1654 11 11 29
2888 11 15 62
1785 1 19 46
1944 12 13 6
1455 12 3 13
2812 12 1 9
2465 11 14 1
1165 2 19 8
245 0 17 16
1687 13 0 67
1602 6 19 1
3002 5 19 34
361 12 2 55
2844 11 13 4
1312 2 18 66
36 9 19 70
2039 3 19 44
500 0 16 4
158 14 0 1
956 6 18 14
239 13 3 11
2008 13 1 14
1784 2 17 35
1692 10 13 27
1562 4 19 56
2399 9 18 34
163 19 0 27
2685 8 19 45
3361 0 11 45
3293 0 15 11
1923 15 0 27
3563 14 3 54
405 14 1 65
3517 6 17 58
2887 2 16 2
1369 0 14 43
2791 5 17 29
1383 0 12 53
1341 10 14 20
2531 9 17 63
534 9 13 60
263 19 1 23
3429 7 19 48
1869 16 0 61
2069 3 17 58
870 15 1 70
841 13 19 66
790 6 16 46
1538 1 11 4
178 0 13 44
92 12 11 15
2681 2 15 69
2197 10 15 49
2023 9 16 73
1014 9 14 53
1900 19 2 6
1642 17 0 27
1743 16 1 45
3142 3 16 9
383 1 12 3
2713 12 6 5
325 12 4 6
1266 2 14 23
2277 0 8 57
2286 19 3 51
2214 18 2 73
129 8 16 30
1039 16 16 44
2051 3 15 49
456 12 5 66
1587 1 8 57
1664 19 4 16
821 18 3 74
2080 14 16 23
1472 3 14 74
1417 13 6 61
2436 13 4 51
2853 1 9 44
2587 5 15 67
1260 12 13 47
1229 2 12 74
136 19 5 22
1101 4 14 9
1961 0 10 25
796 15 3 32
913 18 14 75
3547 14 4 48
3383 5 14 8
1601 2 11 13
3290 2 9 41
3375 19 10 19
387 19 6 1
1457 4 13 30
81 16 3 20
1509 7 14 66
342 5 13 70
2428 19 9 36
2159 19 7 53
2129 4 12 20
2111 4 8 1
2058 18 10 47
1170 18 6 49
3276 17 5 12
3551 7 13 11
840 15 5 15
800 3 9 35
191 5 12 19
2910 19 8 26
3115 18 7 42
348 18 9 76
2958 17 10 15
300 7 12 28
72 15 14 70
251 5 11 44
1927 10 16 1
451 17 9 42
1815 17 7 16
257 7 11 18
1615 3 16 43
1496 9 15 9
2646 18 3 37
2877 16 7 68
1340 16 9 24
2823 7 10 29
309 5 9 20
1249 2 12 9
1116 10 13 72
1038 18 0 4
1989 15 9 64
898 7 9 11
3269 5 8 3
3522 9 13 20
1827 4 7 78
218 8 11 48
3495 15 6 59
815 14 9 20
3017 5 7 13
3552 9 11 34
2911 8 17 23
2740 15 7 11
2756 16 1 77
2815 14 6 45
2598 13 9 33
2567 3 8 1
2562 12 9 73
661 11 0 40
157 11 18 69
2529 5 18 74
2522 9 10 5
1219 8 9 22
2300 7 8 10
564 7 6 73
2171 13 8 52
1019 11 1 14
2029 2 9 8
132 10 0 34
1943 9 9 77
1907 8 8 12
964 8 6 10
1810 16 6 78
3307 11 8 6
51 11 2 38
400 10 1 72
845 2 11 60
3227 9 16 52
787 13 3 47
2976 3 15 6
1502 9 0 28
2746 11 3 37
161 10 8 9
2679 2 14 74
162 14 19 76
2745 9 1 18
2518 19 1 62
303 19 10 79
2292 11 6 47
2264 11 4 42
271 3 9 60
315 9 2 38
2138 19 2 36
3161 8 1 70
768 3 19 22
502 7 0 75
1965 0 17 61
952 6 0 66
951 11 5 7
1872 2 15 2
1807 9 3 40
434 13 6 23
1816 15 10 78
3562 17 16 4
943 8 2 75
3456 15 16 71
1703 8 9 45
836 7 1 9
3497 7 6 43
1638 12 10 18
205 0 14 80
3192 6 1 16
3304 10 5 10
3336 5 0 12
3080 8 3 77
3005 13 18 73
2946 15 15 74
1520 3 17 18
2872 7 2 44
1391 6 2 19
2462 7 3 46
1223 7 14 44
580 19 12 10
1054 6 3 69
2211 5 2 73
548 0 7 69
2205 8 5 14
1070 14 15 34
1088 0 11 77
62 6 6 22
982 6 4 61
2030 1 7 66
231 11 0 78
1789 1 8 19
1790 19 6 79
1636 7 12 69
1637 0 6 29
3294 3 7 24
1674 0 16 77
804 1 6 56
3146 5 6 22
805 0 5 31
3114 5 4 21
3090 5 13 9
3052 13 11 24
2578 7 8 62
3285 14 5 15
2933 11 16 82
729 0 0 71
176 2 6 36
2762 19 18 65
2672 4 6 33
2859 0 4 33
690 10 0 5
2551 5 1 51
618 1 4 41
1235 5 8 55
1194 12 16 82
2464 1 0 19
1155 18 7 80
1129 0 1 28
2273 16 1 1
2108 3 6 49
2246 7 0 53
2250 0 3 76
2167 15 9 44
2198 19 9 65
533 0 2 20
152 1 3 60
2074 2 4 50
1986 4 4 59
1968 11 9 6
1982 2 0 79
1897 17 11 70
3224 0 15 57
1706 1 2 79
455 4 3 80
3509 16 9 4
203 2 18 33
3266 2 12 51
1624 5 11 75
3206 4 2 48
751 6 17 26
1510 0 18 70
740 11 4 9
182 14 11 83
2847 4 1 22
2827 18 11 7
2655 7 10 57
2556 1 0 79
522 4 0 31
626 18 3 5
587 2 16 60
1138 11 11 70
142 19 7 8
1164 2 4 18
2239 17 9 2
2491 14 8 70
1976 17 14 68
1023 16 11 14
792 17 15 23
482 11 8 62
1983 9 3 65
1868 8 8 64
1919 17 19 29
3374 13 9 76
109 3 6 31
441 9 2 6
1688 16 18 6
407 2 17 10
620 2 1 43
278 7 13 66
1611 6 6 50
659 11 16 10
2648 19 9 16
2667 10 8 50
2490 8 9 5
2081 15 4 72
1137 3 7 57
3087 19 17 15
1901 1 1 4
1972 8 5 42
1928 11 5 62
