366
10 19 12 8
1349 18 12 37
763 19 19 44
3007 19 14 29
929 19 16 1
2476 19 18 31
202 17 12 37
1207 19 15 1
1519 19 17 2
1326 16 12 30
1055 17 19 21
235 18 14 4
283 15 12 38
1690 17 14 3
2138 17 16 35
665 17 18 26
479 16 19 47
1069 14 12 33
2416 16 18 43
545 15 19 3
1995 16 14 36
1485 0 19 29
538 13 12 20
1813 15 18 2
430 15 14 6
2407 16 16 28
2553 0 18 26
3076 15 15 52
2023 0 0 17
3447 14 18 58
1319 14 14 11
2257 13 19 30
1441 2 19 32
2910 1 0 35
2074 14 15 5
3126 0 17 32
1162 7 0 15
2697 13 18 52
1672 0 2 34
243 2 18 3
3286 6 0 47
3013 11 19 31
256 0 12 51
2030 2 0 63
1771 3 19 6
192 0 16 57
1582 13 17 65
2033 6 1 38
2892 3 0 5
1324 0 13 43
1396 2 17 63
2361 11 18 41
3427 10 19 4
1160 4 19 40
1712 1 2 55
1105 3 18 14
2699 0 15 28
2451 0 3 66
478 3 1 28
1794 0 14 32
1863 5 19 39
3145 11 17 34
836 2 12 45
3347 10 18 23
1662 5 1 69
3202 1 3 15
2322 0 4 23
2104 3 17 50
2107 0 8 22
238 3 2 63
1695 5 18 46
3409 11 16 8
875 1 8 48
885 2 15 71
1688 2 13 52
3363 10 17 16
845 0 5 28
3388 1 4 54
2520 8 19 16
3469 3 12 12
3197 12 14 17
3135 12 12 3
2793 1 9 33
741 5 17 12
2304 0 6 44
699 2 14 9
2772 10 16 51
696 2 8 16
2563 9 17 40
2396 2 4 43
1146 7 19 65
1109 14 14 64
547 3 13 19
1051 7 3 41
242 12 13 41
483 1 10 48
2058 6 3 32
1962 5 16 54
887 11 14 48
3458 11 12 37
3484 1 6 65
3148 2 9 38
97 9 16 5
2999 4 15 54
2755 8 17 7
574 3 4 29
1079 5 15 8
1053 10 14 28
2075 10 12 30
2079 5 3 1
3003 2 10 46
3279 2 6 17
437 4 8 17
3468 8 16 16
3450 4 4 66
2310 8 0 49
2581 5 14 8
679 5 8 18
1123 9 14 25
578 9 12 60
1369 9 0 37
1000 4 9 8
1985 4 5 30
2006 8 1 6
949 7 16 72
1832 3 10 73
3426 5 13 48
417 5 9 60
1686 10 0 62
3175 9 1 8
1579 4 6 16
2091 8 14 62
1410 8 12 37
1435 8 2 51
2821 6 14 5
2494 6 5 2
1136 5 12 9
139 5 10 52
531 11 0 27
1972 10 1 69
904 9 2 19
3318 8 3 48
3162 2 1 76
1654 6 13 20
3070 6 6 9
2840 10 2 68
152 2 17 31
2592 8 4 64
2482 7 5 30
2469 6 12 63
2356 7 2 59
759 6 4 9
1179 10 3 26
1030 19 19 15
2306 8 5 59
127 7 6 64
1721 10 4 25
3268 4 15 3
833 8 6 26
1374 6 10 19
727 6 8 42
2666 2 18 68
357 5 14 60
1219 10 5 14
2354 9 6 64
2221 8 11 62
537 2 6 74
2147 15 14 73
2140 13 18 26
2207 7 8 54
2067 6 9 2
495 5 17 74
1864 5 15 52
411 10 6 62
1896 10 12 76
1773 11 18 75
213 9 11 43
886 8 10 22
953 8 12 70
419 8 8 28
1620 10 11 49
1976 9 16 45
386 9 10 73
3114 9 8 11
376 7 3 72
3020 17 14 65
1490 13 6 63
1486 12 6 36
1320 11 11 14
363 10 10 50
2747 10 8 54
2550 0 9 74
41 11 16 42
2610 12 11 36
2259 12 7 50
278 12 19 68
572 5 8 59
3490 3 18 71
425 12 10 47
1713 12 8 46
849 9 18 58
3073 4 0 24
2471 13 17 27
3011 8 3 1
1421 0 16 25
1418 13 7 24
180 5 19 76
2790 0 11 79
2715 10 3 77
1331 17 18 74
2657 4 16 3
1338 2 4 17
1346 16 15 56
2738 14 11 23
2588 14 7 33
2394 7 8 28
2528 12 18 8
2413 19 11 66
1192 7 1 76
580 6 17 1
2325 15 11 16
2554 15 7 46
2243 14 10 79
2153 0 13 1
2000 19 10 7
1922 18 11 8
230 1 12 16
1894 16 11 13
1998 16 7 8
1837 7 18 76
453 15 10 76
102 15 8 47
3359 2 7 21
1873 10 17 68
1673 5 1 38
3240 5 6 66
843 19 9 52
3296 18 10 32
1592 6 14 41
3379 10 18 72
3102 17 11 38
1539 16 10 62
1499 14 15 73
2713 10 4 80
46 0 5 76
1347 19 8 31
581 18 9 23
564 9 12 6
2174 1 10 26
525 19 7 68
1040 14 12 10
1047 18 8 51
505 4 6 59
2003 7 4 72
916 3 4 78
1734 19 6 46
216 0 7 21
3244 18 7 53
3368 8 14 9
3332 8 6 62
3193 6 17 81
1301 19 5 26
3069 18 6 70
738 4 10 22
2899 7 19 27
2890 14 10 22
371 12 5 4
2975 9 17 77
1384 19 15 80
2897 19 4 47
1376 4 5 6
1233 7 6 15
2478 12 4 52
619 5 12 44
2355 12 13 79
1163 19 3 65
2343 17 5 64
265 14 6 65
2068 13 5 2
497 12 3 29
2018 11 18 10
988 6 8 76
2077 5 17 46
940 19 2 59
1822 19 7 7
896 18 3 21
888 17 4 42
1763 13 8 73
1710 16 5 35
1651 14 5 48
3282 16 14 9
3261 13 4 63
3253 0 3 3
1568 10 2 46
818 9 14 72
1775 19 1 45
3153 18 2 38
183 17 3 44
2909 14 4 61
2837 8 2 81
1473 13 3 20
3053 5 16 14
350 10 4 55
2742 0 6 21
2718 19 0 51
2681 17 2 12
2604 16 3 62
159 14 3 19
613 10 6 9
1204 17 1 50
1169 18 6 13
1130 13 11 72
2206 0 17 76
1094 11 10 77
2404 5 18 18
529 6 13 67
2133 14 19 58
2165 8 10 79
1996 8 11 26
499 16 1 74
3380 17 10 74
883 15 1 54
1559 14 8 13
2979 0 7 81
3028 18 16 78
1447 14 1 40
2836 2 19 71
714 9 4 10
2759 12 2 7
2691 9 6 40
2606 14 0 27
629 12 1 29
2888 6 1 6
2247 12 8 1
967 16 2 83
1908 16 5 57
1731 14 7 68
1680 6 12 35
851 9 8 81
1774 6 10 56
3212 18 8 5
1610 19 1 79
44 3 1 73
185 9 18 81
361 19 15 56
16 13 5 73
2864 16 10 37
1422 15 7 3
2812 8 5 8
84 10 10 15
704 12 1 50
1372 12 19 1
327 17 18 1
1276 3 0 41
1251 1 5 2
615 18 3 4
1250 19 4 22
1167 18 0 5
2386 14 6 19
2390 5 13 25
351 10 11 17
1084 19 16 60
2102 14 10 49
13 9 8 64
1543 16 18 20
1999 0 18 79
