349
1269 0 7 9
4501 0 19 16
1755 1 7 22
3919 1 19 5
3509 1 8 3
3214 2 19 23
3365 0 17 31
4619 1 9 3
1440 2 18 11
886 2 8 31
3405 0 16 12
4592 1 10 14
498 2 17 17
1477 2 9 8
5156 4 19 15
990 4 7 41
1776 0 15 11
1836 5 19 49
2734 0 14 33
1153 2 16 27
2218 5 7 2
4430 2 10 45
1819 0 12 41
195 4 18 23
1576 4 8 26
4183 0 13 27
3599 5 18 26
3342 2 15 47
824 4 17 9
2087 4 9 34
796 5 17 1
1459 2 14 55
2528 2 12 45
1320 4 16 51
1124 4 10 58
3497 7 19 3
812 5 16 4
3145 5 10 49
2657 4 15 32
2554 8 19 43
2469 7 18 56
1046 3 12 33
2068 6 9 41
253 5 15 17
1921 5 11 43
600 9 19 33
4693 4 14 52
2772 8 18 40
299 7 17 42
1421 7 9 21
1502 5 14 46
62 5 12 44
3858 10 19 29
393 8 17 31
3299 7 16 33
2858 6 11 34
3120 11 19 37
569 19 19 34
534 9 17 62
3322 7 15 2
2145 6 12 31
4495 11 18 10
4618 19 18 5
2177 9 16 5
1888 7 14 15
3560 12 19 3
3262 11 17 5
1620 19 17 45
3010 9 15 28
2665 18 18 68
2261 13 19 6
903 11 16 50
3356 19 16 11
315 9 14 57
3691 18 17 59
508 17 18 2
2947 14 19 26
4884 11 15 62
4081 19 15 26
937 17 17 18
902 16 18 23
3340 14 18 9
1779 13 17 52
206 11 14 58
3562 19 14 46
2577 17 16 8
769 16 17 66
279 14 17 36
5073 13 16 49
1173 12 14 17
4746 5 12 6
4297 19 13 27
2042 18 14 9
993 17 15 8
3997 16 16 53
420 14 16 42
1342 19 12 14
1549 17 14 42
2699 16 15 44
4969 14 15 58
4986 2 14 4
5210 19 11 58
4555 18 12 56
2350 16 14 66
1171 14 14 53
3780 11 17 55
4225 19 10 16
840 18 11 15
2943 17 12 51
2765 17 17 56
608 19 9 13
1623 18 10 53
1006 17 11 37
991 16 12 9
1778 1 10 68
3256 19 8 35
3136 18 9 65
170 16 11 51
1418 8 15 73
2826 12 14 71
767 19 17 15
3069 19 7 68
4517 18 8 15
154 9 14 6
1303 17 9 21
1241 15 11 36
2264 3 12 73
4131 6 10 1
4095 19 6 3
467 18 7 2
1979 9 17 15
3782 17 8 13
4999 16 9 58
3523 14 11 15
3032 12 12 68
4698 19 5 53
1272 18 6 15
4867 16 8 32
605 16 18 58
1200 15 9 73
2492 14 10 56
617 12 11 67
4562 11 12 1
4333 19 4 19
4278 18 5 45
4491 17 6 3
575 16 15 1
3694 15 8 20
3924 12 10 29
3810 11 11 53
97 19 3 54
3084 17 5 75
836 17 12 16
130 16 6 17
183 17 15 70
2857 14 8 1
703 12 9 33
2662 19 18 39
3001 11 10 40
2578 10 11 48
5096 19 2 52
1339 18 3 17
588 16 5 5
1169 15 6 71
2336 14 7 60
2307 12 8 6
2255 5 16 45
4342 11 9 64
537 10 10 6
4172 9 11 35
4422 19 1 15
4139 18 2 49
123 17 3 17
3752 15 5 45
920 14 6 13
457 7 14 64
438 12 7 9
1748 11 8 45
1662 9 10 55
819 19 0 40
3510 18 1 18
2917 16 3 30
1405 14 5 73
2624 12 6 57
3064 10 8 20
4996 17 1 69
2608 15 3 34
4923 12 5 61
4608 11 6 11
4948 10 7 9
4898 9 8 21
2374 4 10 10
4748 16 1 65
4289 15 9 4
4034 8 14 76
4038 14 3 18
3993 16 14 24
3889 12 4 14
3813 11 5 34
3811 10 6 3
56 0 14 3
3990 9 7 56
1782 15 1 14
830 14 2 10
3609 6 8 51
813 12 3 7
2887 11 4 24
1042 9 6 41
701 19 9 76
88 8 7 4
692 7 8 58
5135 14 1 5
5148 12 2 40
1242 11 3 22
616 9 5 51
1172 14 16 15
4418 18 7 66
2168 8 6 35
1575 14 0 64
7 12 1 20
2027 11 2 47
245 10 3 68
1959 9 4 8
4061 4 16 9
975 8 5 75
3626 16 16 13
1904 16 12 50
1756 6 6 57
915 11 1 36
3301 10 2 1
3260 5 18 69
1594 9 3 23
861 4 14 22
2892 6 5 26
708 7 15 39
1289 12 19 76
2722 2 16 72
1419 5 6 12
1414 10 1 68
2575 11 15 39
2574 7 17 11
4959 9 2 44
1275 8 3 51
2515 14 11 60
2341 14 5 36
5110 6 4 62
2416 11 4 62
2189 5 5 44
4585 0 15 78
5219 9 1 37
3100 9 16 49
4453 4 6 25
4200 15 6 45
4612 14 1 63
4161 6 3 71
1840 5 4 26
4075 4 19 62
1955 5 7 71
454 8 1 27
1880 7 2 4
458 17 11 77
3785 3 6 55
3817 6 2 56
719 10 8 53
3596 11 14 35
211 5 3 47
893 2 6 39
3384 9 5 78
1642 4 4 13
2860 16 9 8
90 0 6 22
2845 6 1 8
1408 1 6 24
1428 2 5 9
2815 4 3 5
2441 16 5 79
1203 0 4 48
4695 10 7 50
4253 5 1 5
2485 8 10 3
2086 2 4 47
4338 19 0 1
4206 15 11 4
4566 3 3 49
525 0 12 12
2081 3 2 47
2069 12 2 2
2036 1 4 58
777 9 3 50
974 8 3 21
3794 0 3 62
969 14 6 49
1009 3 1 38
1771 1 3 25
3283 11 10 17
793 2 2 58
826 0 2 27
1458 11 8 71
2144 0 1 44
361 2 1 73
2830 18 4 65
1399 14 3 62
2620 12 16 78
2560 6 1 56
5066 1 1 27
2438 19 1 78
1175 0 0 75
2149 9 15 3
4226 8 2 16
2050 12 1 52
3989 10 1 36
456 17 14 16
1909 8 1 74
3593 6 9 78
3555 0 2 61
1773 15 10 79
3532 17 11 14
1523 16 17 41
354 9 8 56
328 8 6 6
1099 11 16 10
2445 16 11 3
4992 14 14 1
4851 3 4 72
4730 5 18 5
545 6 19 22
539 16 15 75
2100 11 18 56
1013 9 11 70
1861 10 2 24
4051 6 8 20
3435 3 3 79
887 3 1 3
1759 1 6 51
879 11 1 66
1704 9 6 2
3335 14 19 66
1683 16 1 32
4115 5 17 59
364 15 6 21
2921 19 13 6
2888 17 16 65
180 9 7 28
1388 4 8 5
2105 1 9 60
1246 10 1 1
2669 9 8 76
5081 2 3 63
2383 5 2 71
