337
2901 14 0 6
704 14 1 19
603 19 0 34
3792 19 5 27
804 16 0 15
3979 18 0 22
1912 19 4 39
2743 19 2 21
1540 17 0 10
451 19 3 49
2626 17 5 8
2093 16 2 39
3610 16 5 25
1693 14 3 1
1288 11 7 3
1549 9 7 31
3930 10 7 38
3959 11 6 59
3532 9 0 9
1714 13 0 56
2857 12 0 60
1660 11 5 19
2980 10 0 9
499 9 5 10
230 11 4 40
639 11 0 10
1658 9 2 9
3319 9 4 42
2136 10 2 32
3321 9 3 42
2568 12 2 33
3981 12 4 51
1917 12 5 27
3430 15 4 20
1639 12 6 4
3935 15 5 41
1544 13 9 6
1447 12 7 1
817 14 9 54
1334 13 8 41
2513 15 9 58
945 14 6 51
1691 19 6 19
2614 15 6 35
2355 19 7 19
2187 16 6 48
3724 19 8 29
3563 17 6 14
2443 19 9 50
1843 17 7 36
2125 15 5 1
3514 19 10 55
3187 17 8 67
2869 19 11 33
2800 19 13 65
2747 19 3 8
3169 18 10 11
710 19 16 39
2349 19 12 48
1149 19 14 12
980 13 10 6
2391 10 8 50
2819 19 19 40
3134 19 17 51
2211 19 15 21
1471 18 14 50
2549 17 13 36
2849 16 10 50
1090 14 10 23
2015 13 11 57
994 11 8 56
3986 10 9 1
3933 19 18 50
3642 18 17 6
2022 17 16 60
3 17 12 15
371 15 10 27
3048 12 8 18
2939 10 10 33
2749 17 19 30
333 17 17 28
2859 16 16 29
1107 16 12 55
1724 11 10 45
3506 11 0 58
2030 10 11 5
527 14 3 49
1110 16 19 59
3535 16 17 32
3102 16 13 69
2730 19 13 20
2512 11 11 39
2583 10 12 57
2507 19 14 62
958 16 14 67
3747 15 19 20
3270 15 17 65
3525 14 12 68
1570 11 12 13
413 10 19 23
433 10 13 25
1358 14 15 1
3014 14 19 1
95 14 13 42
171 16 6 14
2741 11 19 22
806 13 19 46
3824 13 13 34
1835 11 18 66
3538 12 7 67
3176 10 17 50
864 2 19 29
1690 0 19 8
784 15 16 3
672 14 17 65
2618 15 9 23
2952 12 19 24
2648 2 18 43
1121 11 8 25
1988 0 18 24
1897 14 16 35
438 13 15 23
1730 13 17 17
1635 2 17 48
822 11 14 14
1519 17 5 65
1173 0 17 30
1333 16 16 74
2392 11 15 34
2274 10 13 57
1062 10 14 70
504 9 19 22
2001 9 13 63
475 0 16 18
3774 0 14 23
432 10 15 28
988 9 14 17
198 9 18 59
3567 8 19 68
1681 8 13 19
2399 0 15 12
2942 19 17 24
3946 2 14 27
1367 9 17 65
1348 9 15 60
2623 9 1 59
2380 3 19 74
2320 7 19 16
647 4 19 39
2019 8 17 44
1980 9 2 76
1035 16 19 22
479 7 18 27
1271 14 15 32
115 3 18 56
1896 3 14 45
3609 6 19 59
1637 16 12 15
1705 5 19 58
3480 2 16 23
3231 4 18 10
1515 18 19 1
2914 7 17 1
2888 3 17 59
1433 5 18 9
2434 4 17 58
1072 15 6 71
2302 6 17 49
514 0 2 59
503 0 0 74
3902 7 15 57
1787 0 13 26
97 13 13 67
1683 1 2 10
1517 1 0 67
749 14 12 6
1507 7 14 13
2824 7 19 61
2766 0 1 35
269 0 12 66
2670 1 1 41
1262 2 2 21
1182 2 0 62
2151 7 13 49
508 1 13 66
469 13 12 44
3982 3 0 13
3330 5 14 36
494 2 13 34
3960 0 11 61
3794 9 12 6
3867 9 8 57
3799 14 6 20
1792 16 17 71
3797 8 13 55
3485 0 3 17
3520 0 7 44
3431 14 16 67
1750 0 6 69
810 1 7 28
3165 2 12 22
101 10 19 60
3342 9 11 27
1782 1 3 35
825 9 9 53
2263 0 10 59
3012 0 4 62
2631 4 0 32
720 3 13 62
2872 0 8 39
349 14 19 60
706 1 11 20
331 3 2 48
1318 1 8 41
641 5 12 63
2492 1 6 72
2103 2 11 27
2466 0 5 44
2573 2 7 4
299 9 10 48
2543 0 18 75
252 2 3 46
2191 17 16 19
1033 7 12 78
1615 3 12 42
3964 12 4 24
1951 13 10 66
3886 2 8 65
3831 2 6 38
1902 2 4 17
238 17 14 6
3830 19 8 5
3762 8 10 3
3560 7 11 34
3468 14 13 20
3445 3 11 3
777 6 12 6
1686 3 3 47
1645 16 13 38
2117 15 8 6
2945 3 10 36
2786 3 4 19
82 1 14 65
41 5 11 79
3023 2 18 5
1078 12 0 27
638 7 9 62
2360 3 18 80
581 15 17 3
1044 5 10 4
2063 10 17 26
3965 13 19 13
3847 14 4 74
3912 7 8 50
970 3 8 4
3788 16 16 4
1890 3 6 53
3804 6 9 3
3686 5 9 77
104 5 12 5
3772 9 4 1
879 15 19 68
828 3 7 80
1459 7 14 71
2921 9 15 10
3020 1 1 19
676 3 14 13
2582 9 6 77
1268 5 6 39
1164 8 7 30
1150 18 16 79
2289 16 14 9
2267 3 13 18
2435 6 6 63
2180 5 5 4
2039 8 6 4
3870 3 18 22
3732 6 5 51
1886 5 9 5
1878 5 4 14
932 9 12 74
923 8 5 29
3770 7 11 77
881 15 10 6
1799 13 15 59
1811 6 4 27
3476 1 9 8
1718 5 3 39
834 19 12 3
3164 8 4 2
3148 6 11 52
3077 19 10 24
3028 3 8 70
1417 8 3 28
631 17 19 1
19 8 2 34
2192 3 4 44
2156 5 2 8
1054 0 14 62
783 8 1 42
3151 17 17 60
251 7 15 25
1979 6 2 77
255 5 1 63
3726 6 12 79
1854 2 3 23
3655 8 0 7
3565 6 1 71
1777 2 18 79
39 10 0 68
1499 8 17 20
1304 11 15 62
2904 15 17 32
2879 19 16 78
354 2 11 73
719 10 15 1
2580 0 8 62
2564 0 7 13
2449 2 17 24
156 5 10 69
2388 11 13 83
306 8 3 65
515 17 12 68
979 5 11 16
3304 16 13 12
2008 8 11 52
1936 6 4 75
3750 16 0 76
1829 9 9 1
417 0 16 83
888 9 5 68
3434 6 2 49
3338 8 2 55
3180 16 14 47
3140 2 11 7
3124 11 10 14
779 8 6 32
