352
3117 0 19 14
5021 0 18 10
2042 2 19 6
5561 0 17 35
2726 2 18 7
2155 19 19 16
3493 3 19 30
3277 0 12 41
2862 0 16 44
4435 0 13 38
420 2 17 27
2311 4 19 21
1090 19 18 47
4159 19 0 22
2859 0 15 1
543 5 19 20
5372 0 14 37
3016 2 16 43
1931 2 12 49
2511 19 17 39
4784 17 19 33
4328 19 1 9
4287 5 18 26
1862 2 15 47
5701 2 13 47
4278 19 16 13
2140 19 2 53
585 17 18 16
3359 16 19 14
5583 17 0 45
2203 3 12 8
1139 5 17 43
439 19 15 7
4715 19 3 54
269 19 9 33
2584 4 12 47
4469 17 17 32
3989 16 18 19
3838 17 1 45
2961 7 19 27
230 16 0 49
3961 5 16 51
1406 5 12 37
816 19 14 47
531 19 10 18
5648 19 4 46
4495 8 19 26
1774 17 16 31
1771 17 2 47
94 16 17 19
2893 16 1 8
649 7 18 31
4542 14 19 45
2223 15 0 54
1001 5 15 55
2015 5 13 36
1003 9 19 33
897 19 11 10
3920 19 13 7
1055 19 5 32
3541 18 14 42
126 17 3 13
841 17 9 53
3185 16 16 24
3080 16 2 30
2509 15 17 63
4849 7 17 10
586 14 18 32
4240 14 0 62
3502 10 19 42
4918 19 12 57
1447 19 6 4
711 19 18 6
2756 18 11 50
1211 18 13 2
4685 8 17 65
4531 17 14 17
4331 17 4 65
665 16 9 58
4007 16 3 37
871 15 16 14
3505 7 16 60
2749 14 1 44
2983 13 18 5
2387 12 19 27
4795 13 0 24
2400 11 19 37
2248 12 0 32
292 10 0 48
964 9 17 57
495 19 7 41
1436 18 12 57
5563 8 16 19
5309 17 11 53
2546 17 5 16
4985 16 14 27
23 16 4 65
231 7 15 42
111 14 16 25
1541 14 2 4
2719 12 1 37
4753 10 17 61
4691 10 1 60
5578 9 16 50
3643 19 8 17
1933 8 15 53
229 17 12 68
902 17 6 42
4227 16 5 14
5658 15 14 21
2850 14 3 58
5137 12 17 25
5503 12 2 40
2522 2 12 8
4215 10 16 1
3444 10 2 51
3381 9 15 16
913 17 7 41
3678 8 14 26
198 16 6 4
209 15 13 58
788 15 5 14
4340 14 14 38
327 12 16 14
655 12 3 31
5077 10 15 68
5047 10 3 13
266 16 7 9
4054 15 6 55
1963 14 13 39
3964 14 5 46
3242 12 15 11
3166 12 14 43
5724 12 4 36
5311 10 14 41
2599 10 4 70
1410 15 11 49
5621 15 7 22
300 14 6 61
2112 12 13 25
2118 12 5 19
3983 19 11 65
2873 15 10 38
5530 14 11 13
5497 14 7 44
5472 13 19 13
5354 12 12 66
4840 12 6 30
4565 15 9 50
2154 12 7 13
4295 12 11 72
941 15 16 67
1704 14 9 25
3267 12 8 62
3349 12 10 64
4418 11 11 27
4589 11 10 73
598 10 11 67
3974 2 19 74
1920 16 7 69
1681 12 15 53
3382 10 10 12
3358 10 6 38
412 9 11 20
1546 8 17 34
746 10 7 53
4 9 10 4
4317 19 6 72
2612 17 5 52
3071 8 11 41
4382 16 6 49
1238 1 12 6
4568 10 8 24
2378 3 13 61
2121 9 7 6
4175 8 10 17
2049 8 6 52
831 14 0 3
3867 14 4 2
1795 10 4 24
4452 9 8 35
4204 7 10 17
1357 7 6 66
5498 14 3 30
4807 6 6 47
2517 5 11 45
4676 10 15 41
577 19 15 50
4583 8 8 22
5023 17 0 14
4067 14 18 2
3998 5 10 17
969 5 6 16
3824 10 5 12
3750 4 11 74
476 19 5 3
205 18 11 19
909 7 8 54
3900 7 17 56
1682 5 9 18
3350 5 7 72
3251 5 15 9
1559 4 10 24
2987 4 6 21
2820 3 11 17
2682 14 6 28
2826 15 11 9
5674 0 11 42
5493 10 0 20
3086 2 11 36
5507 19 14 5
4661 9 4 39
4647 4 9 1
1254 8 5 63
4827 3 10 49
148 9 16 5
1128 0 10 13
4381 2 10 23
556 9 3 59
4104 7 5 19
1018 3 9 62
2011 12 2 6
501 6 5 70
3780 10 2 19
3757 2 9 47
3718 10 11 36
1856 9 2 26
227 19 8 63
3765 8 10 60
1814 8 3 62
3485 19 1 70
1646 0 9 49
3259 10 15 9
1597 6 4 9
2951 5 5 4
2965 2 8 19
5235 9 1 41
5650 8 2 34
166 0 8 30
344 14 7 8
2664 15 6 3
5308 6 3 9
5254 12 11 9
4146 11 10 16
1237 5 4 37
5091 2 7 15
630 9 0 61
591 0 7 32
2430 4 5 43
4839 8 1 17
4740 15 18 66
5120 15 14 67
282 6 2 17
4613 10 3 48
4400 5 3 50
4385 5 7 38
4303 2 6 69
69 8 14 68
2148 4 4 48
2000 0 6 64
219 6 1 5
1891 0 5 52
3355 10 10 48
1976 12 5 51
3744 5 2 78
2031 2 5 35
951 4 3 60
3600 19 2 24
425 8 19 72
829 6 0 76
3271 12 17 73
3616 0 4 53
3209 1 5 10
802 5 1 29
1535 2 4 62
2944 17 13 6
4793 4 2 16
5728 4 12 14
5552 3 2 71
1324 2 11 9
5220 8 8 72
1225 4 1 65
5211 0 8 63
590 0 3 27
4759 7 7 3
2325 3 1 47
5119 12 10 27
1127 0 16 10
2207 9 7 78
2204 2 2 44
2117 0 2 4
3232 15 13 31
3958 8 6 16
3944 7 8 6
460 0 1 9
1929 2 1 70
3572 10 17 20
750 0 0 45
2781 9 17 32
5269 9 10 73
652 4 3 30
5630 17 11 16
2465 15 7 68
1294 12 6 63
5005 4 18 75
2349 9 0 34
4790 8 2 10
4528 0 10 40
4042 9 19 1
224 12 3 4
50 7 5 60
3530 0 9 10
3148 5 2 42
827 9 11 61
3661 17 7 12
3545 16 13 12
16 17 17 78
650 0 11 8
5566 14 14 9
5134 1 4 79
2748 17 2 19
4930 19 3 10
4677 4 7 73
4573 0 0 15
4342 1 13 15
2147 2 1 29
2061 7 0 61
4022 6 2 72
2002 5 5 35
3996 4 4 16
118 0 2 44
461 14 9 5
3731 0 1 37
213 2 15 9
1543 4 5 14
2894 14 17 73
2802 3 2 40
365 5 12 11
5572 1 9 73
2473 11 10 47
596 8 14 2
2409 14 13 10
1067 17 14 58
1048 7 10 77
2024 14 2 69
796 7 19 1
3927 12 16 55
3877 5 11 19
4081 0 17 3
3585 9 4 6
795 16 3 4
3094 14 5 20
