376
4096 0 19 2
4768 0 18 30
4966 2 19 38
2286 0 17 29
2799 2 18 19
732 9 19 32
4005 19 19 16
5053 3 19 21
3128 0 16 38
5424 2 17 12
1544 10 19 40
2270 4 19 17
2669 19 18 38
5040 0 15 3
3336 5 19 16
4256 11 19 54
4713 2 16 12
1248 9 17 19
4783 19 17 5
205 17 19 14
4188 3 17 15
843 0 14 32
674 0 13 28
4694 2 15 38
5584 5 18 39
4371 11 18 24
5264 9 16 43
3447 19 16 50
689 18 17 4
2034 16 19 16
1938 3 16 11
1278 0 12 22
2110 11 17 34
4289 5 17 43
2026 0 0 24
2706 2 14 13
5336 19 15 21
4759 9 15 7
4604 17 17 39
3982 7 19 55
249 15 19 61
4201 3 15 16
775 13 19 27
4648 12 18 1
5301 11 16 58
4454 5 16 19
2015 0 11 52
1435 2 13 19
2300 19 14 33
1718 9 14 51
5472 8 19 8
693 17 16 31
1596 16 17 15
2186 1 0 58
317 7 18 24
1611 3 14 61
1066 14 19 37
120 12 17 38
3043 11 15 19
3169 5 15 26
2725 0 2 31
5390 2 12 33
3095 19 13 11
197 8 18 8
4677 17 15 20
5346 0 10 20
2475 16 16 15
2164 2 0 64
981 15 17 31
3582 7 17 49
442 3 13 24
1517 13 17 51
2877 1 10 17
2946 3 0 23
5101 5 14 15
2376 19 12 53
1131 1 2 16
3968 18 13 63
4302 16 15 57
4637 15 16 7
3037 7 16 20
359 3 12 43
5207 13 16 55
1267 0 3 61
1040 3 1 56
525 5 13 10
3348 2 10 63
3943 19 11 69
500 1 3 4
3492 8 16 6
3477 17 13 59
3129 4 0 67
362 0 4 14
2808 15 15 59
5487 7 15 26
315 0 8 57
2325 13 15 61
2212 3 2 30
1971 1 8 13
952 5 12 37
3750 1 4 62
455 5 0 38
3810 0 5 31
3650 19 10 40
5234 8 15 19
1522 17 12 67
750 16 13 28
3185 7 14 65
2874 15 19 29
3195 3 10 19
2812 6 13 49
2720 0 7 9
5135 6 0 69
4619 0 6 41
5032 1 7 31
261 5 11 1
4870 5 1 15
663 19 9 2
4526 19 17 59
4157 2 4 25
4107 17 11 14
3866 4 2 36
3156 16 12 68
3772 15 13 34
4212 7 13 41
318 3 9 61
64 6 12 38
374 6 1 35
2954 5 10 45
5245 5 2 43
304 19 8 65
5201 2 7 23
1213 2 5 66
4748 18 9 25
5028 16 11 36
1974 3 17 70
799 15 12 45
1698 7 12 5
1570 3 16 67
1831 3 8 64
2694 6 11 69
3014 3 4 24
729 6 2 62
2180 9 13 33
4803 19 7 53
4959 2 6 3
5118 18 8 58
4989 4 8 50
4434 17 9 21
584 4 4 50
2117 8 0 33
4282 15 11 69
4098 7 11 34
493 1 0 26
1969 7 1 72
3792 13 13 67
1768 6 10 11
3282 12 13 27
3213 6 3 71
1573 5 8 65
773 10 13 21
772 9 12 70
1447 19 6 21
2870 18 7 39
5596 9 0 15
2083 4 5 54
352 16 9 7
5446 8 1 7
5460 7 10 58
2886 14 11 12
4595 12 12 73
4582 6 4 36
4496 11 13 55
1070 5 7 64
4631 10 12 32
45 5 13 66
1985 19 5 28
3515 1 2 53
834 17 7 43
3384 8 10 36
3353 17 15 70
831 8 2 54
3309 15 9 3
3290 7 9 63
3147 7 3 7
325 6 5 63
5334 12 11 61
5531 10 11 33
5431 19 4 44
1194 17 6 66
1311 8 9 33
2461 8 3 19
1186 16 7 35
4701 7 8 70
2352 7 4 23
4744 14 9 19
4530 12 10 67
4402 0 12 74
1954 10 10 36
1967 19 3 49
3684 9 3 61
3711 18 4 8
948 17 5 47
3581 8 8 65
1697 8 4 9
1660 17 19 67
1622 15 15 29
3232 7 7 25
5398 14 8 12
1437 12 9 70
5580 11 10 16
5564 10 9 48
1383 19 2 13
1284 9 4 72
5169 18 3 18
2313 8 7 1
5063 8 5 53
2516 16 5 44
2500 17 13 9
2347 14 7 64
4417 12 8 74
4095 10 8 19
1993 2 16 65
4077 19 1 45
1905 18 11 28
3627 9 5 10
3631 18 2 12
3494 16 4 10
761 0 1 74
2999 14 6 32
5496 16 19 73
1402 9 13 74
2658 12 7 12
5330 11 8 18
5447 10 7 41
163 19 0 29
616 13 15 7
4953 17 2 59
1234 17 11 75
614 16 3 62
1208 7 9 22
2372 14 5 62
5126 12 6 27
4660 11 7 40
4378 11 16 25
4521 11 18 71
279 2 13 64
123 18 0 61
2486 17 1 60
1943 16 2 22
1801 15 3 41
3951 12 5 35
3521 11 6 47
3613 0 14 4
210 17 0 70
3543 16 1 41
1655 7 8 6
3702 15 2 19
3335 14 3 20
391 12 4 36
188 11 5 21
2820 5 0 5
699 5 12 7
5585 6 12 12
2639 15 16 47
2611 15 1 47
2501 7 11 70
5229 12 3 21
2567 11 4 29
4951 10 10 8
4651 2 10 32
30 14 9 54
1625 14 1 55
4163 12 2 50
3751 11 3 24
1766 4 4 14
3390 9 1 46
3164 4 2 2
430 15 11 17
1606 7 16 78
410 13 13 20
4717 12 1 23
2897 12 12 27
2892 12 9 11
5348 11 2 6
1432 10 9 9
2865 19 11 19
5251 5 8 30
1344 0 10 62
2458 17 5 17
4911 11 1 14
2322 5 18 1
1034 5 2 15
4559 17 16 76
2106 15 9 45
4190 16 16 75
1889 8 19 64
1774 12 19 13
1645 12 10 6
3426 11 15 59
994 5 11 50
1700 16 11 6
1450 8 4 48
2992 14 11 66
716 2 17 67
69 11 5 49
5546 0 16 5
1365 8 10 69
5402 19 19 79
2700 7 15 66
171 17 7 18
5364 9 15 59
38 11 4 5
5260 5 7 33
2502 10 11 9
147 13 17 24
3183 3 18 75
4052 0 11 7
237 10 9 80
3544 9 3 26
3547 8 7 39
3358 13 16 27
3260 3 12 19
1614 12 6 61
3120 5 19 66
2930 4 5 12
1332 15 1 71
2750 11 7 75
5029 14 7 2
5021 16 5 72
4965 3 14 2
2438 14 19 8
1190 6 11 10
4829 15 19 3
4553 8 8 24
4176 12 3 48
1061 0 13 79
2369 19 2 53
3639 1 9 65
29 17 3 67
3692 3 5 80
864 16 3 35
3536 15 2 52
1658 14 5 5
3205 15 11 44
3240 11 7 2
2911 17 10 13
5426 15 9 69
183 15 3 5
2597 19 7 26
5088 14 1 19
2563 12 5 78
4878 10 7 19
4799 14 8 48
2169 0 4 72
2246 6 12 74
4845 4 0 25
4318 16 13 8
4112 5 8 4
986 17 4 9
3998 18 7 72
3938 4 8 16
4000 9 14 15
3896 4 7 11
914 3 15 60
3123 0 15 53
3575 19 15 76
3596 11 1 71
3800 3 6 77
1705 16 12 17
3408 16 1 7
1486 5 17 20
1484 10 11 64
2860 9 19 4
180 16 9 73
1300 17 7 78
