362
940 0 19 23
625 4 19 8
2311 4 18 31
1769 0 18 1
3779 2 19 30
1594 4 17 39
3662 0 17 30
298 0 16 36
3311 19 16 7
38 0 15 27
2282 0 14 10
432 2 16 42
2350 19 19 43
501 4 16 19
531 19 17 26
3219 0 12 23
617 0 13 46
2238 19 18 8
2322 17 16 39
2219 2 14 28
3107 2 12 42
2460 19 9 42
1313 17 17 48
505 17 19 13
3763 16 16 34
334 3 11 34
1063 19 10 25
1838 4 11 2
3596 16 17 22
1345 16 19 27
2110 5 19 59
1695 5 17 59
3462 5 11 6
2716 19 11 2
3811 17 9 39
3230 15 19 57
3845 5 18 52
3643 5 12 24
3182 10 19 31
1483 19 12 28
3032 18 11 50
1789 16 9 54
2121 14 19 34
2375 6 11 53
2933 11 19 16
646 5 13 3
3577 19 15 12
836 19 13 38
2987 17 11 8
2509 7 19 18
459 15 9 34
2002 13 19 46
3058 0 5 17
2900 5 16 21
2418 4 15 20
1078 19 14 56
135 18 15 29
1632 8 19 50
3213 17 12 23
1734 16 11 16
378 14 17 54
3172 12 19 58
789 0 6 52
3206 1 5 4
3864 9 19 44
3261 17 15 15
2280 17 13 21
1491 7 17 4
2671 7 13 48
2654 14 16 42
2392 6 16 56
3163 13 17 48
2177 0 8 67
1834 1 8 56
3403 1 6 46
3548 0 11 56
3235 16 15 35
380 16 13 39
753 0 9 26
2759 7 16 27
1416 13 16 4
2624 6 0 50
107 1 9 14
2235 11 17 46
1841 0 0 7
3528 2 6 44
493 8 16 66
3088 15 15 38
894 1 11 17
1383 3 5 63
2075 6 1 60
1911 10 17 30
3794 2 11 25
847 1 0 46
3089 14 15 39
763 0 1 25
765 12 15 37
1316 12 14 36
1361 5 19 1
2351 5 1 24
2529 2 8 26
1118 0 2 4
990 8 14 72
2036 2 0 7
244 4 0 7
423 7 11 45
3507 13 15 15
3064 3 0 36
650 5 2 6
1222 2 9 67
1065 9 14 6
1656 4 7 21
225 8 11 32
3262 8 13 8
1848 2 1 44
1692 14 13 1
3636 14 9 28
2145 0 3 66
1392 12 8 8
2998 4 16 73
1307 1 3 31
3026 9 11 12
1089 4 10 61
3080 4 8 62
539 8 10 44
2062 4 2 48
2011 4 12 68
848 16 8 16
3836 0 4 48
1888 17 19 61
344 14 12 29
3589 14 10 17
1870 12 13 21
3408 12 9 26
3357 12 7 61
3071 5 10 70
363 0 13 6
632 19 8 44
310 19 18 55
565 2 3 27
2382 17 8 37
146 8 9 34
2086 8 7 74
1865 14 11 11
3616 13 8 45
1745 12 12 34
1763 12 10 17
406 12 6 31
1654 12 15 3
815 11 13 63
3119 19 7 40
2943 17 7 58
603 7 9 48
2559 14 8 71
1357 13 7 31
2228 6 10 1
2144 12 5 71
3781 2 8 66
3346 5 8 54
3561 19 6 1
1705 4 3 42
3257 15 8 3
1569 7 8 8
3075 14 7 52
1521 7 2 33
760 16 9 10
2653 12 4 58
2881 5 7 39
1192 5 3 66
279 19 5 72
949 4 6 10
1568 13 5 21
3380 11 10 37
1642 5 15 65
1831 5 6 26
3539 5 4 64
3188 19 4 19
394 9 10 57
791 19 2 26
2335 19 0 9
2699 18 5 29
3000 8 14 36
2762 14 5 41
2880 14 3 25
1296 6 6 70
1300 6 4 10
2344 11 9 41
260 11 15 76
270 19 3 4
2141 19 1 25
2233 9 9 21
3689 18 2 67
3846 17 5 52
3527 15 5 2
126 7 7 17
1725 7 3 25
3533 11 8 6
98 9 8 37
798 18 3 57
813 18 1 52
3077 17 17 23
724 17 4 55
1531 17 0 10
1508 8 3 28
1430 16 5 55
2608 7 4 51
2581 11 7 39
145 9 7 75
1198 17 1 58
71 8 6 45
2234 16 0 28
1981 9 6 59
3138 9 4 51
3803 17 2 19
472 18 12 77
964 19 6 54
3510 15 0 44
1729 16 11 63
3416 17 12 66
1812 12 4 10
831 5 17 28
2896 16 2 2
1314 15 3 67
2833 4 3 68
1337 15 1 79
2940 14 0 33
1305 3 10 3
2605 11 19 70
2561 11 6 37
2495 17 11 45
299 19 16 65
2166 14 1 4
1062 16 19 1
2115 14 3 3
2117 13 0 19
1014 12 0 32
958 12 19 22
3741 11 5 20
3484 9 3 9
1783 17 9 2
3446 8 2 23
837 6 19 14
3305 7 1 52
3221 13 3 16
806 13 1 59
796 6 16 35
3053 12 3 53
2946 12 1 70
2948 12 12 2
3043 11 4 76
2829 9 2 56
2683 8 1 11
2735 7 0 24
1306 11 3 7
1147 11 14 1
1150 5 10 36
2111 18 8 3
2180 8 0 68
1571 14 10 53
3822 1 6 18
3801 10 1 15
3713 9 9 71
477 0 18 74
3686 8 13 43
909 4 8 28
3672 7 11 14
3303 10 0 71
3409 15 17 5
54 0 10 1
3252 8 9 74
400 17 5 14
100 12 9 56
2755 11 7 5
1309 8 17 43
2133 14 13 60
329 8 7 1
8 14 7 78
155 12 13 78
2688 19 8 3
2443 12 19 2
1163 4 10 12
2052 5 2 58
972 5 0 4
3820 1 1 76
3530 2 4 78
3362 17 8 17
3266 15 7 6
3256 14 15 8
751 18 15 67
190 1 4 11
2753 11 5 46
321 4 6 65
636 7 3 70
630 8 16 20
2365 14 9 72
2334 3 17 7
2288 11 10 68
560 5 6 65
1083 17 16 13
2047 15 19 15
1986 3 0 80
1955 5 4 1
1956 2 12 17
1049 4 10 37
1817 1 11 74
3517 11 4 4
3505 3 11 1
1758 9 11 66
437 13 3 79
3387 14 5 80
3212 2 1 79
1567 14 11 48
1481 11 8 44
2996 9 14 70
713 17 4 34
2836 18 12 4
685 19 10 79
1371 12 10 83
692 11 6 11
641 0 3 43
2591 17 2 80
2426 0 4 1
2308 9 0 64
1086 9 10 28
3601 0 1 81
2040 16 13 80
3885 15 15 16
3784 17 15 48
3831 14 0 72
3697 13 17 23
3751 14 1 65
1814 14 5 7
1723 1 4 75
3486 12 5 36
429 0 0 58
1681 11 17 12
3368 7 14 16
800 7 2 6
3103 14 10 83
3067 5 8 24
1500 2 4 28
2986 4 6 44
2978 15 17 84
352 14 12 62
1456 4 17 14
2928 14 13 38
2921 10 0 52
1458 14 9 9
81 10 19 71
2783 15 9 10
1524 9 6 27
643 18 19 14
1281 2 3 2
549 16 15 10
2566 7 19 65
615 0 12 6
2621 11 14 73
2266 13 15 49
2347 14 0 1
2182 19 8 71
978 19 4 1
1829 3 10 26
