373
899 7 19 3
3449 0 19 8
2304 6 19 1
3369 5 19 12
1854 19 19 31
358 0 18 37
4036 0 0 25
1576 7 17 14
4656 2 19 5
451 5 18 36
1486 19 18 7
4153 1 0 33
5712 0 17 35
306 7 16 24
1485 2 18 36
5188 0 2 17
4980 5 17 2
2804 4 18 29
3826 19 17 4
3104 17 19 36
85 2 0 3
4696 0 16 38
2658 7 15 40
475 3 0 20
2178 2 17 8
780 5 16 4
1184 4 17 19
2613 19 16 8
4169 1 2 42
1696 17 18 30
3101 16 19 38
2681 0 3 12
4844 0 15 14
1739 3 1 51
3019 2 16 33
1758 0 14 14
3518 1 3 10
1502 4 16 50
642 19 15 58
4882 18 16 59
2889 16 18 24
1753 3 2 37
1158 0 13 25
2764 2 15 11
631 1 4 31
144 19 14 46
4535 17 16 39
4496 15 18 60
1992 0 6 35
4888 0 12 14
4930 2 14 14
3825 19 13 21
1410 2 4 19
2877 17 15 28
5017 16 16 28
2180 14 18 38
2675 1 6 11
3389 2 13 10
3162 19 12 19
550 0 11 63
1029 8 19 52
3731 17 14 49
588 16 15 40
4587 15 16 3
1018 13 18 57
3572 0 7 27
852 3 4 42
3725 11 19 25
165 1 7 43
1428 2 12 62
1232 9 19 23
4784 19 11 16
4759 4 14 32
277 2 6 25
2050 0 10 58
3827 17 13 29
4101 16 14 54
5409 14 16 46
1107 1 10 22
4852 11 18 21
495 1 8 33
2006 5 14 53
434 9 18 64
3758 19 10 61
2885 19 0 11
737 4 13 14
5814 18 11 18
2844 16 13 57
5343 7 14 54
1313 14 15 53
4916 13 16 20
5288 3 6 49
2290 11 17 51
599 5 13 7
4256 2 10 11
3714 9 17 3
1826 2 8 41
3536 19 9 59
886 19 1 34
3066 4 12 44
1523 18 10 63
5771 8 16 46
1544 17 11 19
776 15 13 62
1289 7 13 42
5164 13 15 54
57 3 7 4
3184 11 16 1
3116 5 12 27
1440 9 16 25
2668 19 8 25
5667 19 2 22
5558 4 11 38
2748 18 9 36
5072 8 15 17
4903 17 0 6
605 16 11 65
4017 7 12 15
1969 14 13 36
3340 3 8 30
456 13 14 3
3093 12 14 20
187 5 11 56
721 9 15 3
2832 19 7 30
5334 19 3 46
4716 18 8 16
2558 4 10 33
4763 8 14 57
2235 17 1 59
515 16 10 1
1562 16 0 39
3850 15 11 63
1849 7 11 29
4719 12 13 29
1385 11 14 7
5566 5 10 65
5726 1 6 66
2647 9 14 19
2788 19 6 48
1341 19 4 45
4727 17 8 23
1220 17 2 16
4634 16 1 29
2116 15 10 12
4298 15 0 27
2024 14 11 44
101 14 16 13
3489 11 13 45
789 9 13 67
1569 19 5 24
3109 18 6 17
2937 8 12 36
5757 17 3 14
738 19 15 15
3287 15 9 1
5194 15 1 42
152 14 10 35
4673 12 11 38
1118 2 14 61
1069 5 8 23
4025 5 16 68
3807 9 12 37
5648 17 6 32
91 17 4 71
2958 8 11 53
198 15 8 35
5386 15 2 10
2803 7 10 26
5563 14 1 54
5256 12 10 5
5202 12 0 63
4746 11 11 68
5114 5 7 25
2516 9 11 20
2463 17 5 28
4814 8 10 14
4665 8 15 67
1187 16 6 22
4317 15 3 61
2138 7 9 21
494 14 8 25
1769 13 1 45
3406 12 1 62
3238 11 10 6
3191 11 0 5
4092 5 6 1
21 9 10 44
2867 19 0 71
5666 8 9 14
718 16 5 35
2745 15 6 17
1294 14 3 22
2540 13 8 26
2504 7 14 25
2533 6 6 29
4953 12 8 50
5491 12 2 14
2646 5 5 43
4196 2 10 50
3370 11 16 43
2364 5 14 17
3158 9 9 70
1880 13 13 2
869 4 14 71
3439 16 19 8
3164 15 5 47
3378 15 13 17
1598 14 6 69
5625 6 5 42
2219 12 7 45
1533 12 3 60
5732 3 1 3
2702 8 13 75
5317 8 7 20
5341 7 6 62
5125 14 5 61
4505 6 4 1
5068 12 6 31
593 12 4 65
4672 12 19 9
4676 11 7 5
2238 5 3 58
4721 11 13 1
256 9 7 13
1983 8 6 15
1866 7 5 68
1761 1 3 73
422 6 3 16
3411 11 6 35
971 11 4 35
3103 5 2 5
92 5 17 58
4365 9 6 46
1416 8 5 12
5577 16 6 76
2825 6 2 17
89 12 10 33
1335 5 1 14
5434 2 15 64
5733 9 5 36
325 19 3 5
4996 8 4 72
2462 16 10 43
1170 6 1 49
2325 5 0 44
279 9 4 74
4327 8 9 76
2022 8 18 18
1006 8 3 26
1978 7 13 5
3619 6 0 70
3134 9 3 39
2981 8 2 28
5243 9 2 17
687 8 1 44
5050 15 1 4
5565 14 19 10
4956 7 0 8
4981 13 18 21
4737 3 8 70
47 11 14 72
4999 12 11 7
4352 13 1 12
4515 9 1 10
253 15 3 6
3845 11 17 14
948 5 8 58
3745 5 13 61
1710 16 1 76
3050 1 7 10
5768 2 12 13
2822 17 16 13
5470 7 9 77
5423 1 9 2
5611 11 18 74
5315 7 10 65
2645 6 3 44
1235 0 15 76
1088 11 8 23
258 16 7 70
4662 18 1 72
3662 7 12 61
117 5 10 36
246 0 4 75
3715 4 10 65
3623 15 7 78
56 4 0 75
3618 13 10 78
442 6 6 1
3349 11 10 43
3203 5 11 34
3086 4 12 5
5802 7 15 9
1424 16 14 23
5482 0 12 73
42 5 6 67
5554 8 10 46
2626 14 5 4
2589 2 18 4
5550 2 13 59
5091 0 11 19
5059 13 2 1
2534 8 3 64
2438 15 8 79
4402 9 3 75
2158 11 7 60
28 12 4 22
2029 11 11 10
3041 5 1 71
2934 9 9 16
5701 9 1 56
5498 14 13 6
657 11 3 62
4299 14 6 17
4611 2 7 13
2250 2 6 68
2266 16 13 13
4279 0 2 70
4248 5 12 63
2106 4 16 21
4109 0 13 4
3948 15 14 7
3910 14 10 67
1942 6 6 72
3717 0 17 12
1776 17 1 17
791 1 0 9
1745 17 6 65
1046 6 0 43
131 9 5 12
371 13 1 76
3079 9 2 62
1531 15 16 42
2860 19 18 76
2855 18 19 5
1321 8 1 13
2496 16 5 76
1277 16 0 5
2426 19 6 4
4816 2 9 67
2345 12 7 1
4512 3 4 4
4469 4 2 66
4312 8 6 48
4170 1 2 17
3894 9 6 10
3922 12 10 61
4066 8 11 12
3702 16 15 15
3498 18 5 3
841 15 3 38
3508 15 6 53
192 8 2 1
1644 0 18 3
2622 13 8 71
1308 14 9 40
4986 8 0 12
534 4 14 7
4989 4 13 52
569 19 9 2
1135 12 11 71
4297 14 5 39
4227 11 4 63
2030 17 5 74
4001 3 5 83
4008 6 0 17
3664 5 5 80
1767 9 12 2
1755 15 8 12
1686 0 16 2
3267 1 9 73
209 11 7 36
