363
1159 19 10 1
5045 18 10 3
307 19 19 4
4495 19 12 23
4472 19 18 27
3333 17 10 8
2006 19 13 33
2636 19 17 2
4869 16 10 7
1154 17 19 2
2686 18 12 29
6060 19 14 49
2277 19 16 39
166 15 10 44
1545 17 12 37
5794 17 18 29
3385 16 19 47
601 19 15 27
4096 17 13 19
5524 17 17 33
4950 14 10 7
3566 16 18 31
789 16 12 52
1308 17 16 4
4771 17 14 57
921 16 17 54
1781 16 13 2
3108 13 10 50
1716 14 19 10
5481 15 12 2
182 16 16 4
417 16 14 49
771 15 17 1
4024 15 13 51
6365 12 10 1
6228 13 11 25
5185 13 19 20
2373 12 11 2
2310 11 10 44
1910 15 16 5
3675 15 14 10
3436 14 17 61
6379 12 19 52
4991 11 19 50
24 12 12 50
2586 14 16 59
4784 12 18 12
4388 12 13 58
636 10 19 25
844 11 18 10
2063 13 16 20
5473 12 14 40
2209 9 19 18
813 11 17 30
760 11 16 58
6302 11 14 35
1500 0 19 19
5934 9 18 38
5552 10 13 1
4507 8 11 32
1604 10 16 62
6412 10 14 29
129 0 18 32
2362 8 18 35
5664 8 12 16
1688 9 16 56
3663 9 14 7
3423 2 19 18
5625 8 13 38
674 0 17 46
447 7 18 39
151 6 11 54
2164 5 19 52
2030 12 13 24
3587 2 18 48
3542 8 16 65
4394 8 14 36
112 3 19 39
6327 0 16 17
3162 6 12 5
5192 2 17 47
1250 5 18 47
1244 4 19 37
2652 0 15 28
4391 7 16 18
4311 7 14 57
1919 14 16 4
1786 5 17 50
423 2 16 42
6445 19 9 27
6118 3 17 57
5817 0 14 13
5091 0 13 42
315 2 15 52
1212 5 16 21
123 19 8 19
3597 16 12 15
3540 3 16 35
3414 15 10 6
6041 11 13 5
2949 0 12 57
5639 2 14 4
2953 19 7 52
1255 18 8 26
2356 3 15 3
4116 0 11 9
4049 2 13 18
3750 19 6 21
862 17 8 54
3058 3 14 57
2864 2 12 18
5535 0 0 14
5488 9 16 22
5258 5 18 6
2972 19 5 51
1206 18 6 50
2520 16 8 17
5180 3 13 35
2011 0 10 32
490 1 10 32
1774 5 14 7
6510 19 4 63
6488 16 10 64
3163 18 5 2
6015 1 0 22
1516 17 6 23
2870 15 8 12
5322 3 12 22
2862 1 9 29
5158 5 13 36
6172 0 2 33
6043 10 12 53
2330 2 10 47
1113 19 3 40
4179 18 4 20
1989 17 5 18
3961 2 0 23
1981 16 6 36
3944 15 16 49
255 15 7 12
7 0 14 49
800 13 9 22
6370 12 9 44
387 3 0 72
605 1 8 4
6177 5 12 49
2128 10 11 19
1235 2 9 31
5403 9 12 28
5491 19 2 23
2637 1 2 71
2433 17 4 57
4985 2 1 60
2435 15 12 49
5340 16 5 55
2159 16 14 20
2336 0 3 36
1053 3 10 63
449 3 1 41
1810 12 8 21
3511 0 6 65
1757 5 11 65
6534 10 10 14
3137 1 3 18
392 2 8 73
161 19 1 4
6231 18 2 58
1321 4 0 46
5347 16 4 63
2534 15 5 30
88 3 9 56
4713 13 7 65
2206 3 2 36
4411 12 7 33
1145 5 10 65
2120 1 6 17
1951 10 9 5
1057 5 0 17
1864 1 4 11
122 19 0 51
864 18 1 72
6573 17 2 74
6503 15 4 54
885 16 16 54
3040 3 8 25
3010 13 6 60
5975 12 6 15
5460 5 9 16
5474 10 8 71
692 9 9 17
2559 2 6 73
4999 2 4 39
4780 17 1 53
4750 8 10 68
4653 4 2 67
4526 16 2 43
2230 0 17 11
1044 3 7 35
4080 6 10 29
1921 12 5 10
1816 5 8 55
3400 10 7 19
3379 5 2 74
949 9 8 53
3240 17 0 17
1610 4 3 74
6356 16 1 16
6324 7 10 24
194 15 2 30
6540 14 3 11
544 3 6 46
1518 13 4 65
6042 3 4 33
1554 6 9 65
5935 12 4 19
2814 13 13 75
1391 1 9 68
2978 11 5 57
5465 5 7 65
1252 9 7 50
5169 4 4 29
5009 8 8 42
2381 19 8 70
4790 15 19 12
4543 15 1 55
5046 14 2 61
163 6 8 1
2072 12 3 48
146 11 4 4
2039 5 6 53
3959 10 5 31
1872 9 6 74
902 8 7 16
3575 14 1 49
3503 15 9 74
4 17 16 49
3100 6 7 69
5312 6 6 15
4149 12 2 49
6154 13 9 67
5780 11 3 39
1430 11 8 18
2977 10 4 36
1407 0 12 20
2793 0 11 68
5563 0 19 57
2610 8 6 40
5061 16 8 68
2106 14 0 13
1247 12 1 67
4942 11 2 39
2333 9 4 40
1990 0 3 9
3966 6 4 24
3700 12 7 4
3667 2 18 13
3652 12 5 75
3785 11 1 48
57 9 3 53
3309 8 4 60
3455 17 4 21
1602 15 3 1
4268 6 3 33
6174 11 5 11
2969 10 1 42
5944 10 10 57
5808 1 10 3
1466 10 7 60
5775 18 0 17
3492 17 2 11
2826 8 3 3
645 6 2 60
2601 14 9 72
2411 9 1 71
4987 3 12 64
1276 6 7 1
4187 6 1 57
508 5 2 1
995 19 4 7
3882 8 1 64
877 6 0 14
1738 5 11 5
1701 2 13 65
3315 1 4 74
6463 0 10 9
648 3 9 30
2903 2 16 13
5688 3 5 74
617 16 6 10
1119 5 19 3
136 2 8 2
5334 5 9 56
265 5 12 8
1803 17 16 79
3272 9 4 78
412 4 19 77
1605 17 9 60
97 15 5 4
5735 0 13 3
1482 11 16 4
2820 14 1 18
5268 1 6 50
5374 5 10 39
5165 8 6 14
4693 8 0 21
5012 3 4 8
153 0 16 57
4280 16 13 76
3969 6 6 50
3942 0 6 8
3918 11 3 18
473 4 0 9
1862 8 16 20
1839 16 1 64
3705 6 3 73
3680 5 8 2
812 2 12 60
6369 8 11 75
1539 7 17 2
6137 8 14 8
3023 0 2 77
6012 1 5 8
6005 2 4 72
6091 7 11 7
1474 8 1 5
5896 0 4 67
727 7 16 74
5798 6 4 74
691 5 13 75
5435 17 14 14
167 13 12 79
338 0 18 2
1315 10 2 1
4919 3 1 14
18 12 1 4
4733 2 14 47
2348 11 17 6
4642 11 2 74
1141 9 3 80
1143 0 9 75
4646 8 18 75
278 3 16 7
4396 8 8 13
257 17 2 50
476 11 1 4
3763 4 19 16
1860 3 6 19
955 8 3 71
3641 3 18 17
3491 5 19 26
1747 19 14 8
1728 5 7 30
3411 11 7 80
3372 8 4 25
213 13 11 3
6491 6 13 9
6260 9 12 8
3185 10 14 3
5990 6 0 61
5788 19 16 13
5692 15 14 66
5167 6 11 33
2464 0 13 77
