339
93 0 11 5
4734 10 13 11
5668 13 0 13
1880 0 12 17
5001 9 13 7
2449 13 1 26
2592 13 3 18
3244 0 13 9
4875 2 11 11
3882 0 19 6
1973 19 0 25
1549 8 13 8
5271 15 0 18
623 14 3 1
4052 0 15 44
782 0 14 11
1867 5 19 30
3058 2 12 23
4949 18 0 43
2992 1 19 16
1432 16 0 39
3022 7 13 39
4841 15 3 20
2666 1 15 8
1991 15 1 27
2527 3 11 10
3778 2 19 23
2306 2 15 22
1962 5 18 32
3878 2 13 51
1770 19 2 7
1414 4 11 14
5064 17 0 15
1767 16 3 39
993 0 17 23
4713 6 13 19
3609 6 11 57
5512 2 18 15
3618 5 11 2
3262 19 3 48
1916 3 13 1
5289 19 8 30
4828 19 4 48
4624 4 13 18
4352 16 19 26
2073 19 19 3
3512 19 7 59
3521 19 5 57
2703 18 4 8
5425 17 19 63
2640 8 14 47
4641 3 15 53
769 4 17 35
4088 19 18 5
3822 4 15 52
1856 19 6 23
3303 18 5 2
2823 8 15 18
5611 17 8 53
647 16 17 40
2863 15 4 41
1714 13 4 33
4294 5 17 24
3366 5 15 27
1717 19 17 12
4942 17 17 31
2647 17 7 8
1028 17 5 38
4112 13 5 3
3867 19 16 15
5607 6 19 63
749 13 6 28
4914 19 15 45
1210 19 13 18
327 19 9 52
2212 18 3 13
4732 7 19 27
3147 15 19 29
2379 15 5 41
233 6 18 18
3056 13 7 48
5590 19 14 29
4582 19 10 46
3110 9 14 39
4281 18 9 4
2266 8 19 19
540 16 7 25
145 15 18 21
965 7 16 48
1642 13 8 50
1606 10 14 33
2069 9 19 3
5928 19 11 3
1026 8 16 34
5019 17 15 63
4907 17 13 29
2444 17 9 51
4486 16 8 46
4453 15 17 38
1979 14 8 29
3235 13 19 19
858 10 19 35
1631 9 16 20
2140 19 12 57
4903 17 10 36
4807 16 15 30
585 16 13 39
2263 16 9 15
312 15 16 43
3674 14 9 3
3498 13 18 16
1659 13 10 8
1923 12 19 67
796 11 19 64
5610 13 5 65
1294 2 15 69
5026 18 12 29
4669 16 10 42
2270 15 15 2
4519 15 13 57
4270 14 16 57
4901 12 18 47
1134 11 18 4
218 17 12 17
1487 14 15 60
2952 13 16 24
5197 16 12 55
2276 12 16 47
3747 15 12 39
3679 14 13 39
3048 12 15 47
1360 12 14 37
5279 6 11 19
4902 13 10 68
2336 14 12 68
4617 12 13 55
4128 3 12 68
891 17 19 24
5805 7 14 9
5373 12 11 47
2538 16 8 9
4980 12 10 4
4870 0 10 43
4920 4 15 14
4471 1 10 44
4888 12 9 1
4406 12 15 3
1079 11 10 39
2134 19 18 52
4530 10 14 71
3986 6 13 64
3703 12 8 56
3276 1 9 25
3201 12 13 21
3209 11 9 22
784 10 10 33
1344 14 3 66
5929 15 12 70
2156 12 7 68
4504 12 5 16
2581 11 8 35
5280 2 9 32
4781 8 11 58
5675 16 17 4
2227 0 15 13
2205 12 6 39
3800 10 8 43
4160 19 15 9
232 3 15 13
3647 4 10 71
3482 8 10 54
1719 17 10 74
3272 16 7 65
389 7 11 12
4243 3 9 12
4563 14 16 14
5908 11 6 3
5691 5 10 11
5773 10 5 56
1345 19 6 61
1336 4 9 15
1284 8 9 15
636 1 15 57
2397 5 9 36
291 9 5 15
1121 0 4 29
5122 8 8 62
3705 16 10 73
287 6 10 60
3807 0 5 70
3810 19 10 1
1967 1 4 37
1829 9 6 10
395 0 7 51
827 0 6 35
5898 8 6 47
1314 8 11 11
1318 2 13 10
163 2 7 66
2495 17 15 2
2162 17 9 4
627 7 6 49
2409 7 16 4
1311 0 3 28
4735 14 8 2
2301 6 6 74
4564 9 16 66
4465 9 18 67
526 0 2 15
2089 1 3 64
1040 0 0 6
962 3 7 37
3710 15 5 7
1782 5 6 17
1697 2 5 30
1689 17 0 62
3413 1 0 60
3389 8 5 22
5776 3 9 73
1364 0 1 11
5521 12 6 69
2719 2 4 1
1406 2 0 33
5659 4 10 12
2792 8 4 21
2100 7 3 54
1357 4 12 64
2517 3 5 52
25 6 5 35
1254 6 3 22
5040 3 0 36
4936 12 7 10
2390 2 3 13
4771 9 6 43
2335 19 16 58
4638 3 4 60
4683 3 11 67
2232 3 1 52
148 12 4 30
4388 5 5 45
4242 15 4 8
1971 3 3 12
994 19 7 1
3785 12 3 63
1950 11 4 57
221 4 3 22
3418 12 2 58
3394 11 3 3
3372 10 4 29
3362 5 6 73
3320 19 14 70
2941 15 17 11
5739 12 1 35
42 16 0 5
1506 11 2 46
2712 9 4 26
1324 16 15 76
2607 8 3 7
2296 19 2 56
2439 6 2 2
2463 12 0 73
4752 0 6 78
2393 10 2 61
4633 13 6 72
4621 10 10 2
5565 12 11 2
4510 3 4 6
4404 8 15 55
3273 7 4 61
3863 6 1 32
1570 11 0 49
3958 2 18 66
1936 11 5 46
3818 18 19 55
3802 9 2 6
3722 7 2 28
3570 2 7 15
217 10 0 70
812 8 2 51
3133 7 1 51
1540 15 19 72
331 3 0 71
3171 9 0 53
1538 19 17 59
705 13 7 6
5476 1 9 54
5360 10 8 6
5330 4 2 61
365 2 5 72
4809 10 19 70
534 11 19 4
804 8 9 59
4109 15 3 71
3951 3 1 31
501 6 6 41
3642 12 0 10
3873 1 5 3
3556 9 5 73
1678 8 3 41
3935 17 12 57
5408 8 8 6
2968 14 12 2
44 11 0 77
2942 10 0 10
5201 15 18 55
1411 8 2 20
2716 7 6 15
2966 0 1 46
2648 5 10 77
5199 17 15 31
2584 17 5 75
5007 13 18 75
4711 4 18 6
4190 19 8 79
4397 0 4 78
2118 10 15 3
3981 3 5 19
912 16 13 75
1711 5 18 3
3332 14 10 56
1562 4 13 68
3126 18 12 79
5971 6 1 68
4142 6 2 70
370 16 18 4
2786 9 4 71
5142 3 7 73
313 10 4 67
5163 2 9 78
2599 8 16 5
4884 16 10 16
4536 0 3 79
602 15 13 5
4167 8 19 67
4130 3 1 5
3766 1 19 76
1774 16 3 1
3443 1 7 19
49 2 3 72
