359
3995 19 19 1
524 18 19 25
457 19 10 14
4188 19 11 22
1017 19 17 33
4720 17 19 41
2216 19 12 14
35 19 16 29
2763 16 19 27
4400 17 10 8
2118 18 17 27
4681 19 13 13
173 19 15 37
1413 15 19 5
2754 17 11 18
4475 17 17 16
4107 16 10 42
3295 19 14 51
4321 17 12 37
1943 17 16 51
993 14 19 9
972 15 10 49
3584 16 17 11
1894 17 13 53
5303 17 15 43
3370 16 16 36
3197 16 12 4
764 13 19 40
2343 15 17 14
596 16 15 38
1475 16 13 17
380 0 19 44
924 12 19 23
1379 14 17 32
4265 11 19 31
4049 0 18 14
1590 15 15 30
4363 0 14 4
391 13 17 21
5163 2 19 36
411 11 18 15
4448 0 17 49
4333 14 15 36
2045 0 15 26
3782 1 14 55
3361 2 18 27
2694 2 14 53
1284 11 17 28
1245 9 19 47
2158 19 9 51
483 3 19 31
1941 0 16 61
1560 13 15 37
4984 2 15 24
4793 2 17 26
4819 11 16 65
1195 9 18 51
4504 4 19 62
1057 19 8 25
4101 19 0 65
778 18 9 2
3774 3 14 15
4045 14 13 2
15 12 14 28
4859 5 19 29
5209 9 17 51
1066 4 18 8
4270 19 7 47
1361 19 1 58
3339 8 18 16
2785 17 9 42
4387 7 19 10
4725 14 12 50
4696 12 13 48
2172 5 18 15
2078 11 14 38
3282 4 17 12
1839 9 16 8
1644 19 6 35
3530 19 2 65
2711 8 17 11
3141 17 8 54
5242 17 0 38
5183 16 9 17
2217 14 11 18
4319 12 12 37
2708 5 17 45
4180 11 13 49
1921 9 15 39
3510 19 3 58
465 19 5 26
1561 18 2 14
5265 8 16 60
1306 17 7 6
4997 17 13 2
4869 17 1 23
2490 16 8 30
2137 7 17 56
1895 14 10 36
3939 12 11 59
1948 11 12 40
1950 0 13 27
1461 0 7 66
2658 9 14 49
2633 19 4 14
4476 8 15 2
537 17 6 17
2049 17 2 6
930 16 7 51
219 16 1 26
3273 14 9 9
2927 12 10 13
2892 0 12 51
338 11 11 30
5298 1 7 8
718 9 13 53
4769 17 3 70
4684 17 5 43
590 8 14 14
4432 16 6 36
4348 16 2 54
1048 15 7 9
4367 15 1 44
3997 0 8 24
466 12 9 2
1830 1 8 72
3799 11 10 29
1727 2 13 45
59 0 11 30
770 2 7 30
2102 4 15 41
5240 9 12 50
2778 16 3 71
90 16 5 52
3433 0 9 33
5310 7 14 72
4734 15 2 7
5036 14 1 71
4490 12 8 13
1121 12 0 24
1079 1 9 69
2138 5 15 21
4225 11 9 1
2151 2 12 19
1043 2 8 64
2068 9 11 2
251 15 10 6
4747 8 12 57
1820 7 13 5
3462 15 5 20
52 3 13 26
1638 14 2 58
5134 12 7 43
2425 12 1 61
4947 5 14 36
1156 11 8 37
1517 11 0 27
5042 2 11 70
4305 10 9 48
513 2 9 57
3698 19 8 64
587 4 7 48
1885 15 19 59
3990 8 11 21
3585 7 12 64
1791 3 12 51
1824 14 3 35
2818 3 8 31
1416 12 6 52
1439 12 2 53
2618 5 13 46
726 11 7 45
2368 10 8 47
2777 10 0 29
4623 8 10 41
4929 17 9 2
4053 3 11 25
3964 3 9 8
1889 12 3 35
1877 12 5 41
3672 5 12 12
3793 11 6 39
3287 11 2 66
3522 10 1 11
1549 9 0 72
2998 8 9 35
2968 16 7 4
5180 5 11 14
4707 11 5 55
1169 11 3 11
1114 10 2 55
4165 9 1 66
4166 8 8 14
3707 6 10 5
3597 10 5 57
1587 10 3 38
3481 9 6 18
3241 8 1 19
1957 0 18 57
4212 16 9 67
352 7 8 32
2697 7 0 24
5109 9 5 58
1250 9 3 41
1296 18 0 29
1276 8 6 5
560 7 1 75
4070 6 8 9
4030 11 16 27
506 10 8 2
3861 17 19 17
3781 13 15 10
1845 14 19 59
3948 8 5 28
1821 8 3 25
49 0 9 5
1736 7 6 9
3365 3 7 18
1588 6 6 64
739 0 11 62
2435 7 5 46
4220 0 6 28
2395 6 5 45
4661 1 6 58
4693 0 5 36
557 19 4 59
1092 16 5 16
2189 3 17 68
3969 0 4 23
3988 2 14 26
4015 5 5 62
959 2 6 45
3833 19 0 28
824 19 6 70
1837 0 16 20
3628 14 0 2
1749 0 17 9
3574 6 3 15
1687 12 11 34
3103 1 4 17
1483 4 5 77
1478 17 7 51
1457 16 8 2
2720 6 2 41
5248 5 3 48
5229 1 3 60
603 2 4 65
2679 16 11 11
5168 0 2 34
274 6 1 27
64 4 15 16
4384 6 10 58
4466 10 2 19
2168 5 2 28
641 0 1 48
4444 1 2 35
3180 4 3 60
3905 14 13 42
1987 14 11 61
3624 16 2 19
1825 5 18 59
471 6 0 54
3697 11 3 56
3849 5 1 71
1835 19 12 75
3319 1 1 68
3545 2 2 72
3442 4 2 53
3387 14 5 68
3499 5 15 54
3130 11 6 1
2617 17 2 71
2829 2 1 8
2839 4 1 7
1366 7 8 74
5226 0 12 25
5130 11 11 78
4996 2 6 73
4846 17 5 78
2232 5 5 36
2086 9 5 7
4082 19 5 60
3974 5 13 16
3642 17 6 63
3609 15 1 6
3275 8 6 49
3293 7 13 35
1341 14 2 21
755 7 8 10
2667 6 8 66
1444 2 9 23
2727 15 8 69
657 8 9 76
163 8 3 62
669 15 0 1
5099 11 5 14
4863 11 12 73
5060 4 13 77
2371 8 12 2
4322 0 19 9
4711 14 1 39
2260 8 5 2
4365 17 16 1
2103 9 3 7
3984 3 9 41
1022 5 11 55
48 10 5 10
3908 19 16 4
973 0 6 71
3879 17 11 79
239 15 15 81
3907 16 12 54
1874 7 0 52
226 7 15 3
786 1 4 46
1624 10 7 6
94 18 16 9
1490 1 2 64
2937 4 5 50
2816 1 7 44
5091 17 7 75
129 6 5 19
4620 6 1 75
2266 17 5 15
4463 16 19 2
2222 9 6 43
4948 5 17 3
4282 17 2 38
3600 14 15 15
499 12 12 1
3954 12 6 22
3850 2 1 70
454 1 1 36
3831 2 4 10
1914 16 17 68
3748 4 15 81
3771 10 16 72
3740 4 11 55
3553 9 12 22
3724 14 10 6
1758 7 13 58
3480 0 14 65
3384 3 8 11
1604 11 14 2
2684 12 2 14
766 2 11 49
1443 2 3 64
2884 14 12 20
2780 5 1 39
2700 7 6 62
1281 11 19 2
2337 8 9 11
1253 11 18 69
4562 0 13 82
1214 12 3 65
553 5 3 19
4511 8 5 76
71 9 11 82
4573 2 13 18
