339
1452 14 19 10
2569 19 19 5
1675 14 18 26
2386 11 12 18
1444 19 18 25
357 16 19 5
3094 11 8 1
2279 11 9 26
3611 12 12 38
703 17 19 15
3419 12 9 5
1827 16 17 47
2021 13 12 21
3617 19 17 47
724 16 16 34
365 15 15 24
1896 14 8 6
1378 14 12 10
943 19 8 20
3034 19 16 12
1645 15 8 19
3060 14 9 26
490 19 9 19
1415 19 15 31
545 16 8 37
2317 15 11 1
2028 19 10 11
330 19 14 20
633 17 8 1
3501 16 11 27
2588 19 11 11
1317 19 13 31
3568 19 12 42
1238 17 11 59
774 17 14 5
3 17 13 32
718 15 12 13
1883 15 17 36
3509 15 16 7
124 15 14 18
3406 6 16 34
2889 11 13 45
1977 14 14 63
916 12 13 60
1381 5 16 1
2491 6 19 18
3334 5 19 34
1946 19 11 62
814 7 19 24
2622 13 19 34
3423 4 17 2
2310 4 19 49
2546 18 17 5
2682 8 19 13
80 13 18 34
3110 13 16 32
1144 11 19 43
2151 9 19 36
1933 3 17 64
1776 8 18 65
1882 7 17 41
2367 3 19 39
831 13 17 6
3009 11 18 34
2164 10 19 56
258 2 19 37
1244 8 17 1
547 0 19 17
817 12 9 66
272 1 19 38
2190 17 14 66
3285 11 16 28
2598 9 16 40
1333 0 17 13
1086 15 16 53
264 11 15 39
3452 14 11 64
1743 0 12 33
3151 0 16 65
2970 15 11 55
1169 0 13 16
2763 2 17 5
2714 10 11 5
1265 0 15 52
3656 0 14 20
3668 10 12 8
1964 10 14 55
3512 2 12 32
232 9 11 59
474 8 16 39
3037 1 15 69
2707 2 15 7
276 2 13 67
629 10 13 41
2467 2 19 4
1575 9 14 43
2073 9 12 41
3696 7 16 16
211 7 10 40
1425 4 16 68
274 8 12 16
2429 8 14 44
63 0 19 55
3153 0 11 59
3171 4 15 47
4 13 8 62
1033 7 12 4
550 6 15 40
514 5 15 68
54 6 19 65
2104 0 10 42
247 10 10 10
1970 4 14 40
966 3 11 21
1884 6 14 10
492 1 11 8
1708 5 14 34
430 2 11 33
1697 10 9 11
851 2 17 49
2955 9 10 49
2922 4 13 67
1056 4 9 41
2743 17 9 64
3001 0 9 56
986 1 9 28
1968 10 8 13
224 9 9 47
3685 8 10 75
1702 0 8 9
1609 13 17 67
1603 6 12 14
1542 5 17 73
1376 1 8 10
1438 4 11 8
2972 8 9 32
1279 11 14 13
592 6 11 63
1193 4 10 45
2064 7 9 35
1951 6 10 5
398 1 15 21
3574 19 16 60
3308 7 4 41
1632 3 8 14
3260 6 9 12
408 6 4 66
2579 4 8 31
1463 7 7 33
2906 7 5 42
260 7 6 9
120 3 12 7
487 6 7 72
1965 11 19 15
907 7 11 9
3640 5 4 40
662 5 5 58
612 1 8 54
2375 16 11 3
287 15 8 72
2533 4 0 28
996 3 0 4
3682 4 14 75
1916 3 6 46
3425 4 16 16
3565 0 6 26
413 2 6 26
358 2 0 21
727 3 11 63
725 0 0 57
2759 0 5 32
1455 1 6 61
1560 1 0 36
1208 15 12 63
1871 0 2 58
3848 1 1 9
1870 0 4 64
3862 3 10 69
449 17 11 20
3750 0 3 16
3293 4 19 14
1533 13 15 3
2975 2 4 20
2948 8 10 2
2829 10 19 4
2874 6 10 35
331 18 8 71
1419 2 6 65
2477 3 8 55
1178 7 6 58
2406 3 4 64
71 3 2 23
1937 4 15 1
3634 17 13 8
3677 5 3 69
3161 0 7 45
1760 6 3 30
805 6 5 14
416 5 0 24
3226 2 2 71
1571 4 0 3
41 6 2 38
370 6 0 24
1422 4 11 40
2695 7 9 14
1068 7 3 33
1255 7 2 68
2520 7 0 34
61 9 14 9
391 3 19 15
242 2 12 6
3854 8 0 55
3337 12 7 46
222 9 0 36
865 8 7 17
3779 12 6 24
3363 11 7 5
49 17 13 77
410 17 15 78
812 6 8 77
1618 9 7 69
403 0 2 20
1441 8 6 34
3067 8 2 9
3105 12 5 18
1450 3 0 73
1429 10 7 2
1424 9 6 69
2668 8 5 37
83 8 3 12
2483 16 9 9
2624 5 5 30
616 10 0 41
1580 8 4 30
259 1 12 78
148 5 0 54
2518 11 0 35
997 16 11 75
245 6 15 70
970 4 4 3
1932 12 0 26
3839 10 2 54
3792 0 10 1
1210 19 7 40
969 19 5 61
1855 5 4 74
496 19 9 70
3652 10 13 80
917 13 7 53
1893 12 1 46
1788 11 4 53
830 19 6 11
3349 18 7 64
3330 18 5 53
3248 14 7 4
3287 1 19 3
3173 13 6 40
3299 13 0 72
402 12 4 52
3130 12 2 17
1514 2 15 75
3359 17 7 46
2930 17 5 19
2949 15 7 46
2834 14 0 26
2796 13 5 77
2780 13 1 4
1371 4 17 64
2886 6 0 57
672 16 7 53
1289 10 11 38
2573 15 6 32
2361 15 0 30
1234 13 4 13
78 13 2 68
333 8 3 58
2449 11 15 13
2411 3 17 10
2396 12 7 2
2478 3 4 37
552 4 9 18
2320 14 4 55
1130 14 2 25
3098 19 4 40
518 6 12 43
908 15 4 69
3833 7 2 14
460 6 10 67
3678 19 3 42
3771 18 4 65
3626 2 4 59
3622 0 8 83
3623 4 1 70
30 19 2 73
3470 18 3 39
1791 18 5 20
885 13 0 7
3390 4 8 1
3268 12 5 56
1643 7 17 8
1581 19 1 58
3163 8 14 78
3144 17 19 77
3147 4 11 77
3374 17 3 26
3131 6 9 41
1519 1 7 78
2938 11 2 83
2944 19 0 55
2956 17 5 43
2921 18 1 29
200 8 16 13
343 16 1 10
2688 11 16 1
2165 12 4 18
2493 4 12 5
2397 9 0 1
1403 3 4 7
2303 16 0 61
1117 16 7 78
1963 8 2 35
3852 10 7 27
3813 19 5 31
117 10 14 18
3860 7 16 50
3618 0 13 62
912 3 2 2
1595 4 8 69
3411 12 7 27
1657 7 18 83
3288 10 1 80
1774 13 4 62
820 11 16 69
3129 11 5 56
169 0 17 72
2871 7 0 7
1517 10 18 29
190 15 7 69
3004 13 16 10
