331
3847 19 0 1
4110 18 0 6
1310 17 0 1
8 19 2 16
332 19 3 29
4106 16 0 16
839 18 2 25
484 19 4 19
618 11 0 4
157 15 0 47
3812 17 2 34
4004 12 0 35
3449 17 3 34
4199 16 2 41
3245 14 0 15
1023 12 1 24
367 16 3 51
4651 15 2 41
3681 11 3 2
3030 19 5 25
2812 19 9 3
3687 15 3 38
4617 14 2 4
110 12 3 24
3592 11 4 6
3554 19 8 13
3557 19 6 52
1759 18 9 59
2594 14 3 35
515 12 4 45
4653 11 5 60
471 19 7 37
2071 17 9 15
2997 17 5 50
2385 12 5 42
4363 11 6 1
353 17 8 29
1920 17 6 19
3277 16 9 26
200 16 5 44
1069 12 6 22
2962 11 7 21
3792 16 8 30
3497 16 6 56
1158 12 7 9
3748 15 2 4
3170 15 6 35
3054 14 5 4
2886 12 8 40
2654 10 10 41
2530 14 6 3
4454 11 10 4
4265 10 11 27
2543 13 8 9
3108 12 10 50
153 10 12 20
2506 19 19 2
655 16 2 3
4184 12 11 32
504 19 18 44
4032 19 10 56
3941 18 19 53
3164 19 9 57
3133 13 10 34
2684 19 11 4
718 19 17 58
2378 18 10 27
2402 17 19 45
4079 13 11 42
3885 19 16 47
3830 19 12 48
3397 18 11 23
3348 17 18 15
3308 15 10 63
3688 12 19 7
3020 19 15 14
2982 19 13 53
1358 18 16 3
2615 17 11 2
1265 17 17 61
150 16 18 46
2492 14 6 61
1137 16 10 59
3254 15 11 28
4610 13 19 1
4022 19 14 31
1830 19 6 20
3462 17 12 69
3255 16 17 8
3943 16 11 45
680 15 18 65
640 13 18 4
1512 12 17 56
4328 17 13 57
4331 17 15 48
4224 16 16 7
4358 15 17 50
3797 14 18 29
904 12 16 51
1646 16 15 31
302 13 16 19
2463 11 19 66
94 7 19 60
4431 15 15 34
2047 11 18 14
1001 10 19 29
1892 11 3 56
108 6 19 14
3511 7 18 50
913 0 19 27
413 7 16 43
1641 11 17 7
843 5 19 43
777 9 19 11
2284 1 19 29
2678 15 13 36
2569 7 17 50
288 13 15 28
4549 5 18 26
596 11 16 21
4436 2 19 43
4393 10 17 61
4310 9 18 12
3150 4 19 63
3891 15 0 7
271 0 17 41
3829 14 13 10
3542 12 15 35
216 12 14 72
1096 11 15 19
3413 5 17 4
3298 2 18 33
1783 9 17 61
714 11 1 59
2665 0 16 69
2874 2 17 54
3788 11 14 9
4435 9 16 53
4016 18 15 53
3776 16 11 2
3786 3 18 72
3665 0 15 27
1547 17 9 69
3544 2 16 32
1726 10 14 18
3434 9 15 39
851 17 0 70
3157 0 14 72
1152 13 8 54
1451 0 13 26
1556 9 14 6
315 15 5 1
2789 1 14 20
4539 0 12 15
4496 4 16 62
2318 2 14 24
2110 8 14 69
2150 7 15 56
3964 12 11 1
1021 0 11 55
57 5 16 35
3865 2 13 74
1946 4 15 13
3694 12 18 43
1753 16 17 69
3204 7 14 18
1540 1 12 59
757 6 15 25
2815 5 15 31
2717 2 12 38
1317 0 10 60
2460 4 14 12
2295 17 12 34
2303 17 13 17
4491 6 14 25
4307 1 10 69
2108 5 14 70
2080 14 2 76
512 9 12 4
2008 4 13 64
3719 17 11 70
3985 14 13 53
1983 0 5 21
3750 1 9 67
3673 10 12 76
3573 9 14 43
223 0 6 60
1693 1 5 38
1771 9 11 50
1746 2 10 43
4015 4 12 11
3531 8 12 67
3084 1 8 46
2927 6 16 1
2889 1 6 14
728 2 9 3
1318 9 10 71
1383 4 11 37
3033 2 5 22
307 7 12 48
290 1 7 23
4542 5 11 4
2397 19 13 5
542 9 16 5
2115 4 10 2
128 8 10 4
2058 7 11 1
4075 3 9 51
2243 3 5 55
2026 19 15 70
1975 5 10 30
3730 4 9 73
432 7 10 67
804 0 16 29
1787 3 8 11
3323 3 6 21
1780 5 9 10
1527 4 8 69
3039 19 3 4
1513 4 6 6
1555 5 8 20
180 5 6 44
4367 10 9 31
2610 14 2 47
2313 8 18 57
135 10 8 21
3961 7 9 54
4009 2 17 20
2006 5 18 59
1961 10 7 48
1952 9 10 33
911 8 9 64
1760 7 8 52
3148 10 6 4
807 9 7 7
3326 17 15 9
1550 8 8 72
357 19 16 19
1425 10 5 11
2672 9 6 40
2510 10 4 50
1264 0 12 75
2449 9 5 76
4443 15 15 3
4404 5 15 2
4494 10 3 45
4510 2 10 18
583 9 4 64
3616 16 9 1
2014 7 6 52
3239 6 6 2
3824 0 4 17
1914 2 19 2
932 10 2 18
3640 9 3 6
29 7 5 52
3702 16 15 60
3300 6 5 7
3185 10 1 31
3354 1 4 13
392 4 5 31
758 8 3 30
2991 0 3 69
196 6 4 18
2798 5 5 55
3018 10 6 73
2722 10 0 80
2726 1 3 18
2661 5 16 66
2513 9 1 35
2471 17 6 62
1231 1 12 3
2408 6 3 38
2619 5 4 50
4518 0 1 53
286 1 2 51
2260 9 0 55
570 2 3 23
1133 8 1 53
4424 0 9 7
2100 3 4 53
4336 6 2 28
2137 5 3 32
529 10 9 3
575 1 1 49
4201 2 2 1
1954 4 4 51
4027 1 17 71
3972 0 17 17
510 0 0 23
1965 3 3 18
979 3 2 38
3895 6 1 70
4161 16 6 17
1811 5 2 64
3567 5 11 72
1740 1 0 74
3468 2 1 18
3318 15 19 78
4091 3 1 13
1607 5 1 49
91 13 11 7
2890 5 19 77
2843 6 16 75
1402 10 7 72
2549 13 9 74
2497 16 3 11
2461 5 6 13
4501 0 2 46
4414 17 16 11
4210 1 2 12
2051 2 4 77
3986 5 8 47
1009 12 15 6
1936 0 19 1
472 14 0 79
3124 2 16 70
3536 11 14 58
3305 18 15 82
819 17 12 11
3347 17 17 37
3183 19 18 25
3138 12 19 61
2922 7 15 4
1450 7 14 70
359 15 8 64
1449 9 15 5
2587 8 1 2
2322 4 14 39
1241 10 9 60
2548 8 19 73
