366
1313 19 19 10
340 0 19 12
4872 19 18 20
3046 9 19 5
5235 19 17 22
28 0 18 24
1177 17 19 25
4295 2 19 29
3524 9 18 38
5351 19 16 34
1566 17 18 22
5953 0 17 45
3572 16 19 17
2573 2 18 21
2366 9 17 42
6127 19 15 3
3846 17 17 23
387 16 18 32
1732 3 19 10
1733 7 19 11
2758 0 16 28
1602 2 17 18
5005 4 19 48
264 9 16 17
844 19 14 19
931 17 16 41
1195 16 17 45
4652 0 7 46
3125 7 18 33
4180 0 15 23
385 14 19 52
1369 6 19 45
5400 5 19 20
3362 0 14 5
2006 1 7 28
882 2 16 48
5338 9 15 41
3643 17 15 23
3383 16 16 57
6193 7 17 33
2515 3 17 32
2797 14 18 30
4166 0 0 14
3067 13 19 23
3538 1 8 23
838 0 13 31
359 2 15 59
2745 4 17 56
3213 1 0 17
3017 16 15 62
5930 15 16 3
3939 7 16 59
3828 3 16 1
5925 6 17 34
5084 13 18 33
3981 0 2 9
3199 1 9 54
261 11 19 26
5074 2 14 20
5914 2 8 1
5502 0 12 10
2541 4 16 10
1798 2 0 57
3159 15 15 29
1564 3 15 14
2975 14 16 63
132 6 16 3
3996 1 10 28
5007 3 0 16
3708 11 18 13
2562 2 13 66
5095 10 19 62
1121 2 9 59
4163 4 15 2
3701 1 2 5
924 4 7 47
815 3 14 3
208 14 15 31
4814 13 16 14
5292 0 3 32
1091 3 1 3
5996 11 17 31
3103 2 12 10
3979 2 10 64
248 1 3 33
821 4 14 13
3288 4 8 18
4266 4 0 4
6006 16 17 12
2863 13 15 13
5103 3 2 54
4894 11 16 25
4448 10 17 37
5326 5 0 63
4290 1 4 10
965 4 13 45
3948 4 9 33
3337 4 1 15
1610 3 12 51
5802 12 14 18
2876 6 0 11
5770 5 13 34
5358 0 6 45
4868 4 12 3
2320 4 10 20
4525 2 4 65
4477 14 19 8
537 4 2 3
819 12 13 26
3682 6 1 62
6264 11 14 58
3212 5 12 5
2815 1 6 24
6139 5 2 25
5322 4 3 60
5225 7 14 21
5064 7 0 49
4454 12 12 66
1170 6 2 34
6238 11 13 47
969 5 7 9
2110 5 3 55
3601 4 15 52
811 2 6 48
3258 8 14 7
6302 4 4 30
4122 8 0 67
764 7 13 21
5911 14 16 4
5365 0 1 62
5177 6 3 61
2528 11 12 12
5004 5 10 44
5568 5 8 33
1216 10 13 37
4524 9 0 16
4961 8 13 39
1112 4 5 38
1085 8 1 11
2099 7 12 29
4129 3 14 53
94 6 7 40
940 6 4 57
3903 2 9 19
3351 5 9 23
1879 10 12 48
1522 10 0 61
2936 9 1 16
3021 13 18 1
1423 8 12 64
1379 8 2 66
2741 7 11 47
6027 16 16 16
1332 7 7 3
664 4 1 67
5129 14 15 68
2450 6 5 56
2579 10 1 21
4467 6 16 43
4435 8 11 46
4386 8 3 50
1871 7 10 54
4071 7 8 25
1786 10 2 73
3414 4 19 19
817 19 13 9
1804 9 3 68
6090 8 10 65
6075 8 4 1
1483 7 5 22
5285 10 3 39
4497 19 12 59
4634 18 13 58
2222 9 4 48
1096 0 7 9
4150 3 16 54
2000 13 16 64
492 6 2 4
3864 5 3 4
3678 10 10 24
3585 19 11 66
202 9 5 48
4203 17 13 56
522 8 8 5
1340 11 10 51
1314 10 9 68
2566 5 9 67
4864 19 10 56
5492 9 6 4
1223 18 11 2
2406 3 19 63
4762 17 12 61
4516 8 7 69
1088 14 13 46
1100 15 15 67
4312 12 10 28
526 11 9 53
513 10 8 62
3878 19 9 51
4171 19 15 59
1915 18 10 2
1970 17 11 14
1855 16 12 51
3628 13 18 71
793 15 13 22
3573 14 12 6
3248 12 9 47
3154 11 8 21
199 12 13 67
5966 19 8 63
361 8 12 37
5736 17 10 38
2843 16 11 53
5382 14 11 66
2529 12 8 50
2095 11 13 3
4855 0 6 9
4777 19 7 41
2312 17 9 41
2299 16 10 12
20 14 10 63
1980 10 12 2
3753 10 19 10
1849 19 6 55
3923 17 8 71
3770 4 13 6
445 16 9 13
404 15 10 21
3463 8 10 12
874 14 9 37
5611 19 5 42
5604 17 7 59
674 16 8 69
2693 15 9 21
5471 14 8 68
5296 4 3 1
4823 11 6 6
1151 2 13 25
4673 19 4 29
2167 1 2 41
4223 17 6 51
4395 16 7 38
1000 0 4 72
1958 12 12 29
3211 12 6 36
1989 12 10 59
958 11 5 72
3602 19 3 16
1745 18 4 64
1642 9 3 32
414 16 6 48
787 4 7 15
3107 12 5 65
1534 11 4 26
35 10 1 63
725 19 2 59
5877 8 8 73
2899 18 3 26
5741 17 12 8
1421 17 4 31
5643 7 8 53
5634 13 6 58
658 12 4 60
5248 10 4 14
1255 19 1 10
4899 17 3 36
2481 16 4 27
2335 14 6 28
2405 7 11 6
4411 12 3 19
2316 11 2 7
587 5 12 42
2306 19 0 39
1965 18 1 44
2369 16 3 47
6298 15 4 20
1814 13 4 69
3510 12 2 27
449 11 1 47
3247 18 0 1
3222 17 1 30
6161 15 3 70
6189 16 9 59
3134 13 3 11
5888 9 17 16
5854 12 1 66
83 11 5 25
5783 11 0 69
5605 19 6 23
5576 4 17 1
5710 16 1 54
2683 13 2 35
5307 8 3 2
5728 12 0 10
2480 17 11 75
4935 15 1 26
4794 13 1 53
4273 8 11 7
4447 19 8 11
4444 4 5 9
4119 1 0 67
1894 0 12 79
237 2 8 70
463 2 10 1
3550 17 8 15
420 7 10 25
3363 14 11 25
415 12 10 4
892 9 18 7
3458 11 17 1
6201 17 19 1
5258 5 1 71
5704 15 15 6
2810 4 8 78
2717 10 5 79
5714 12 19 70
5199 8 13 15
2539 8 12 4
1252 16 3 24
5128 16 6 9
4693 12 9 18
1204 6 3 21
1244 7 14 58
4662 5 4 33
4343 17 9 9
275 12 8 24
1067 13 0 37
1069 10 9 33
2149 8 8 34
1968 4 5 74
3962 2 4 7
1959 11 19 72
3452 1 3 11
6332 5 13 9
3178 19 7 69
2085 0 15 68
2926 0 13 5
2897 1 10 76
2794 17 0 10
5617 16 10 61
5570 14 6 63
5256 16 18 3
4134 15 2 11
316 7 16 6
2488 14 8 37
632 14 9 1
1035 2 7 5
2199 8 14 41
3970 19 0 78
1812 4 10 54
3239 7 17 12
5919 5 8 6
1451 7 7 76
5720 17 10 70
5660 16 4 77
1376 3 7 81
5476 10 6 75
2724 4 4 6
1399 5 7 71
3310 0 14 50
2472 17 7 4
4361 1 4 68
4040 9 15 18
1857 19 1 77
1902 1 9 15
3680 0 17 20
