370
5116 0 19 3
2993 10 19 2
649 9 19 22
5134 0 18 24
4583 2 19 47
1853 10 17 49
1106 8 19 20
4696 0 17 20
3172 2 18 10
2780 10 16 11
446 9 17 3
632 3 19 25
293 7 19 19
2214 0 16 41
863 2 17 7
3559 10 15 7
834 4 19 20
2812 8 17 51
1504 0 15 19
4149 6 19 27
2018 5 19 27
3214 2 16 22
5263 8 16 3
5180 7 17 19
4568 3 17 27
4594 0 14 8
2701 0 13 28
2185 2 15 52
2731 4 17 14
1797 7 16 39
1862 3 16 1
5169 6 17 12
1579 0 12 22
51 2 14 16
1682 4 16 53
1236 3 15 45
5267 6 16 14
10 0 11 11
2010 2 13 34
1834 4 15 44
1193 2 12 51
2652 0 10 2
4361 19 19 24
1866 4 14 34
424 1 10 53
1207 19 18 38
4371 4 13 12
3129 0 9 54
1508 1 9 42
855 11 19 31
2827 5 13 37
4305 19 17 15
3094 2 10 18
492 4 12 22
3590 17 19 6
3258 0 8 50
5130 10 17 12
5060 11 18 1
1025 1 8 4
4285 5 12 40
1897 2 9 45
3227 19 16 15
1958 4 11 47
2802 17 18 12
2844 16 19 7
2838 7 14 33
4602 11 17 45
2420 5 11 36
3416 10 14 35
1556 19 15 29
1535 4 10 14
691 17 17 33
1299 8 14 8
5275 16 18 49
1867 15 19 7
2570 7 13 2
163 13 19 60
2288 11 16 10
3501 5 10 23
1980 10 13 25
3727 19 14 61
3152 17 16 45
1811 4 9 30
2992 8 13 42
708 16 17 49
2548 15 18 67
318 7 12 30
2346 14 19 10
5226 13 18 18
418 11 15 31
1785 5 9 9
2306 10 12 25
1413 2 17 63
5380 19 13 22
1305 18 14 2
4798 8 12 38
2398 16 16 2
4753 15 17 18
4435 7 11 58
4360 13 17 57
1716 11 14 11
1562 10 11 47
3135 19 12 2
2932 17 14 6
2872 8 11 67
2833 15 16 58
5449 7 10 68
2334 13 16 36
3464 7 16 1
3144 12 14 48
3976 11 13 56
3875 19 11 48
3785 18 12 10
3972 8 10 21
193 16 14 51
441 7 9 8
777 8 16 53
2301 14 16 51
2875 12 13 9
383 11 12 63
136 19 10 60
2465 18 11 9
4841 17 12 44
5145 8 9 27
316 0 14 52
4474 15 14 28
1894 13 14 61
4264 12 12 57
3360 10 10 42
1713 19 9 33
1588 17 11 57
761 16 12 7
4394 12 11 16
2517 11 10 44
1241 10 9 32
4313 19 8 36
545 18 9 2
1048 16 11 15
4134 15 12 4
1952 13 12 34
4251 12 10 37
1767 11 9 15
2892 19 7 31
746 17 9 3
2820 17 16 1
709 16 10 50
2653 15 11 63
5041 12 9 49
2053 19 6 21
5375 17 8 28
500 19 18 1
249 16 9 64
2143 15 10 58
3351 19 5 21
2754 17 7 32
2730 18 14 63
2836 16 8 46
2674 15 9 72
2576 8 17 15
5146 13 9 29
2546 6 17 68
2336 2 12 7
4582 19 4 59
2157 18 5 43
2105 16 7 23
3306 19 3 1
1632 4 13 71
826 19 15 67
4936 17 5 33
1553 15 7 67
3054 4 16 8
5074 19 2 43
5215 0 7 43
2091 18 3 10
620 4 11 20
4957 16 5 14
665 15 12 48
4776 7 14 74
2352 7 17 65
2246 1 7 8
1113 19 1 23
1250 18 2 2
963 17 3 44
2033 16 4 52
240 15 5 24
2004 14 6 63
991 15 17 55
4070 0 6 19
3842 12 7 50
3283 1 6 16
3571 10 12 73
1712 10 9 70
3213 19 0 23
5393 17 2 36
1424 16 3 56
2873 15 4 71
1517 14 5 22
43 18 19 71
2751 4 15 5
2588 12 6 20
2578 2 14 68
344 11 7 67
1176 0 4 51
276 1 5 39
2168 18 0 59
4240 17 1 9
1031 16 2 35
1971 14 4 43
4309 3 7 65
4125 7 13 63
4029 12 5 57
3743 11 18 63
1864 11 6 11
1817 10 7 70
230 1 4 69
3669 4 7 2
3383 18 5 9
3368 17 0 63
3645 15 2 14
1611 0 3 65
3176 14 3 67
3345 3 6 8
3036 12 4 46
105 11 5 53
1432 5 7 6
1428 10 6 50
1412 1 3 7
5278 11 14 65
2660 2 4 13
4940 4 6 3
5296 16 0 57
2514 0 2 63
2534 15 1 4
4806 14 2 3
4884 13 9 62
2325 12 3 47
4540 11 4 37
4541 5 6 6
4445 10 5 34
1058 0 1 66
1524 9 6 13
4239 1 2 24
2154 2 3 31
511 8 7 54
961 15 0 66
1772 6 7 50
4036 3 4 15
1003 6 6 29
816 12 2 55
1638 11 3 76
1845 5 5 44
3703 10 4 62
375 9 5 50
2944 1 1 51
2900 2 2 4
2639 18 7 3
2631 7 7 34
5029 3 3 61
4917 3 2 2
1216 6 5 54
4883 12 1 12
4847 11 2 11
1181 5 4 10
299 10 3 49
1507 2 1 16
4495 8 5 20
2252 15 9 32
4326 16 17 20
3454 6 4 21
1992 3 1 4
3825 11 1 16
1876 10 14 2
3740 5 3 59
3711 10 2 17
3497 9 3 49
1757 18 6 73
1735 8 4 6
1676 15 13 77
1646 7 5 1
2909 6 3 55
5 3 0 57
2994 5 2 29
724 10 1 18
702 9 2 69
668 8 3 54
5297 7 9 54
2527 16 13 65
4762 6 2 47
1182 9 17 63
4821 5 1 57
4804 19 17 71
4778 0 12 73
2314 9 1 54
554 8 2 76
4158 16 8 9
938 15 8 12
4080 4 17 71
2026 6 1 8
3955 10 19 67
3934 11 12 1
242 2 8 3
1840 15 16 23
1816 8 1 48
3563 7 19 79
3564 7 10 24
3289 12 10 11
2819 0 8 6
1184 16 10 15
2298 8 14 77
516 11 7 25
3175 1 5 73
3840 13 16 7
955 19 12 59
1890 5 4 54
1786 7 11 24
817 13 14 7
3204 4 9 70
3185 8 5 55
44 16 5 60
2935 10 16 74
354 12 12 1
2808 11 1 71
5372 17 2 78
2626 12 4 1
630 6 1 79
621 5 7 79
5148 4 2 14
37 3 6 58
5105 16 3 15
4657 5 9 45
4257 2 6 77
2103 2 2 59
2057 15 14 5
1008 14 1 76
490 2 19 4
1938 8 19 73
3995 17 7 68
3292 8 6 28
189 19 14 1
2927 19 16 58
2879 4 9 4
2799 2 15 9
21 3 5 73
5453 8 10 81
2592 8 2 12
4984 13 13 8
4944 8 14 49
1230 11 17 18
4918 4 12 74
5061 1 1 21
4466 6 2 20
4507 19 8 66
2357 19 9 8
4483 13 19 3
4302 12 3 1
3625 9 3 80
2031 9 1 10
2022 19 15 9
1945 17 3 9
3828 6 1 41
1923 11 16 72
1800 19 3 33
3580 14 6 23
864 8 11 12
415 15 6 69
849 19 6 64
3163 1 4 15
3117 5 13 4
2876 4 10 74
2536 2 9 1
