340
935 11 19 24
4775 6 19 3
2088 10 19 9
2774 11 13 13
2632 11 17 19
1243 9 19 36
2918 6 18 27
3780 11 14 37
1553 11 16 31
3563 9 18 36
2253 6 17 54
1610 11 15 8
2163 9 17 29
3333 7 17 8
1388 9 16 42
3070 12 19 15
956 9 13 7
3375 15 13 32
1926 13 19 52
3288 12 13 17
206 9 14 37
2924 7 16 55
2085 15 14 4
4774 14 19 3
4432 12 17 51
1979 12 14 31
1637 19 19 5
2543 8 14 47
3097 15 19 47
2539 14 18 35
433 12 16 35
3522 19 18 46
4614 16 19 36
4068 14 17 61
3592 6 13 10
4694 0 19 32
1433 12 15 29
4454 5 19 41
874 19 17 61
196 18 18 4
1557 17 19 60
1416 1 19 57
1574 14 16 32
1708 5 14 63
4519 2 19 3
1575 5 18 28
1535 19 16 3
1347 18 17 13
4228 16 17 45
3986 0 17 27
3407 5 17 58
3450 5 15 52
4604 2 18 36
2655 19 15 49
1173 19 7 6
1258 18 16 25
1266 4 14 3
4405 16 16 19
3603 3 19 26
985 0 16 60
2899 4 15 16
3893 19 14 2
203 4 17 5
4568 19 8 61
1397 2 5 6
3990 18 7 26
3313 0 5 47
4040 0 15 28
12 1 16 6
2926 2 16 65
738 0 14 23
1332 0 6 23
2983 11 15 54
2453 1 5 10
2338 19 13 52
2257 19 9 20
1043 2 6 60
463 18 14 40
1781 14 18 1
4385 0 13 35
1490 2 15 36
656 0 11 14
1239 19 12 8
4620 19 10 13
128 2 7 30
1938 0 7 7
3483 0 12 62
3295 19 11 28
498 18 12 43
1523 17 9 54
1290 16 14 69
2598 0 10 57
2483 0 8 70
4657 1 11 37
144 3 5 6
2217 1 10 25
529 2 13 66
3251 0 9 57
2663 17 12 58
1286 4 5 21
2218 17 10 27
2128 16 9 17
571 3 6 47
1991 4 17 45
3602 2 8 12
860 2 5 62
3745 4 14 59
3353 17 7 36
3193 16 6 1
3076 3 7 31
4590 5 4 62
299 4 13 12
4672 17 8 23
3106 15 12 42
4054 15 6 23
608 3 8 11
3622 12 17 18
1583 5 13 64
3498 0 4 56
1697 10 12 70
3364 5 3 51
1418 9 14 3
1330 15 7 52
184 3 11 24
2535 14 12 57
2556 14 6 42
148 11 12 55
4174 1 4 27
4080 5 15 19
1005 4 11 65
3608 4 3 16
3473 16 17 13
1041 15 10 11
52 14 7 73
3217 3 10 20
815 13 12 6
3663 3 4 37
3144 12 12 8
3016 11 11 15
1420 5 11 32
2786 5 9 24
1217 0 2 52
564 19 9 67
2213 2 4 69
4339 0 0 24
4042 15 9 6
3753 3 2 58
3701 19 6 20
1864 19 4 11
3260 19 0 25
3403 18 7 68
387 2 8 65
1543 17 10 60
2667 1 0 25
1504 7 13 70
748 7 12 34
3518 15 0 47
1125 13 10 40
1319 13 8 45
308 12 8 19
294 2 15 74
1218 10 10 25
2152 19 5 15
2171 19 3 29
4262 19 1 8
4165 18 6 54
4084 18 0 60
4128 1 1 69
2031 8 12 58
3842 2 0 52
3785 16 0 64
3773 7 16 2
3758 7 11 13
3648 3 0 39
1898 19 10 46
3574 11 10 47
50 5 8 66
3487 10 9 56
3248 9 12 69
1569 19 2 7
3115 19 19 63
2804 17 6 66
677 17 0 72
2595 7 10 55
2852 5 7 26
2451 10 8 46
2192 8 10 58
4322 4 0 3
4051 6 8 43
2024 0 7 54
3981 5 6 58
2002 10 7 56
976 5 0 24
9 9 10 32
1878 17 4 32
1748 15 2 42
3566 7 8 65
3415 8 14 23
3263 0 8 27
15 6 6 21
1591 6 0 31
3201 19 13 19
754 5 9 77
1503 5 5 18
743 5 4 4
2980 5 1 65
2569 17 3 1
3855 8 8 47
1269 16 4 67
2488 14 0 9
577 13 7 58
572 6 5 57
550 12 7 65
79 0 17 63
149 19 16 76
4399 19 0 54
157 9 0 51
4154 8 7 62
1998 16 6 63
2042 14 5 34
4022 7 0 39
3963 14 1 59
4150 13 6 18
3677 13 0 8
3775 6 4 56
1823 19 2 72
1805 9 1 70
3555 19 3 57
1592 8 6 26
3325 16 16 78
1661 16 19 9
3203 2 0 22
3466 7 1 62
1545 14 4 57
385 14 2 29
3039 14 14 51
761 13 1 57
374 6 3 27
1259 7 4 73
1209 7 2 68
2341 13 4 46
2315 0 2 2
2553 12 4 28
4751 10 6 48
2243 2 18 73
4409 8 4 16
4370 15 9 36
2156 7 3 28
2223 15 0 16
1114 19 5 53
4019 12 12 74
4155 11 4 22
984 0 14 72
3650 9 4 56
3656 17 7 5
1939 8 11 15
1685 7 8 5
3381 0 12 12
1618 3 5 61
3167 5 13 33
2764 2 7 68
1299 15 12 20
2429 5 0 59
1282 10 7 7
4567 19 11 62
533 9 2 20
1002 9 1 1
3828 8 7 31
3640 3 2 16
431 12 7 33
3517 11 2 63
3463 4 19 3
856 18 16 3
3547 16 1 21
3385 12 2 7
4411 11 1 62
2968 10 10 75
1403 4 13 67
1505 17 6 20
2664 12 1 68
94 0 4 9
4690 14 6 13
75 2 4 33
4764 3 11 66
4569 12 8 74
2231 17 3 33
1094 16 8 2
4134 6 8 74
2062 13 12 39
2000 13 19 31
3882 15 10 46
3956 7 1 2
3765 3 0 73
1868 2 11 70
3176 16 14 22
3066 19 4 40
2902 12 4 6
2957 12 16 12
2794 9 2 77
1481 8 0 9
683 14 13 11
1257 9 11 9
2479 16 4 20
2375 4 0 40
4549 18 4 81
2387 0 6 57
4458 1 11 1
1119 7 11 57
4365 13 11 66
1053 15 2 20
251 6 13 57
1003 12 15 71
3930 17 4 59
1908 2 16 24
3707 0 4 35
1844 12 1 23
1712 6 3 3
3379 9 4 14
3294 8 8 19
3476 15 10 66
1602 14 17 14
1658 3 7 63
2927 3 8 70
2900 17 7 74
1531 17 12 14
2743 12 12 54
2711 0 13 2
139 13 8 2
2204 5 7 3
2175 2 7 8
2164 16 1 1
2123 12 4 75
4168 12 18 63
1024 12 13 70
968 14 17 35
3978 2 13 22
454 7 12 60
924 11 10 21
3579 7 4 8
3536 17 8 61
