346
3705 0 19 5
5091 0 18 9
2652 2 19 12
4670 0 9 16
3276 0 17 34
705 1 9 19
4563 2 18 1
871 3 19 15
42 0 16 24
278 1 10 1
3308 2 17 10
5441 4 19 45
3170 0 15 49
3278 0 14 37
2544 5 19 41
3360 2 16 50
5743 0 12 54
5486 2 10 14
577 0 13 24
4234 5 18 43
2453 2 15 6
707 2 11 30
5039 4 9 36
965 2 14 29
5537 5 9 47
4979 4 16 15
4326 9 9 26
1743 4 10 29
301 7 19 17
2073 5 16 23
4103 4 15 1
5450 4 11 15
748 9 10 32
721 8 19 55
5559 7 18 9
776 6 9 35
1253 9 19 13
2403 9 11 55
4911 4 14 31
4039 4 12 45
3359 7 17 60
1576 7 9 14
1375 4 19 5
4516 5 14 27
5638 10 19 43
1633 9 12 6
2793 8 17 35
434 8 11 44
4152 6 11 12
4207 11 19 53
1481 19 19 35
2756 9 17 47
1169 8 12 8
5525 7 15 18
3918 6 12 41
4836 11 18 21
3948 19 18 28
4420 8 15 9
4258 7 14 19
3332 11 17 5
1288 19 17 11
5166 9 15 57
580 17 19 17
5671 8 14 6
4858 2 18 60
4099 13 19 11
3394 11 16 50
916 19 16 10
1778 9 14 35
403 18 17 63
323 16 19 24
629 14 19 55
2478 13 18 25
4817 11 15 36
2334 5 19 5
1106 19 15 63
1126 18 16 66
2042 17 17 50
1832 15 19 31
475 14 18 55
3184 13 17 34
2125 11 14 42
4792 19 14 64
2347 18 15 20
1088 17 16 62
2288 16 17 6
4017 13 16 18
3764 12 14 51
4400 11 13 48
1978 19 13 28
1733 18 14 6
3618 16 16 57
792 14 16 17
3053 12 13 53
3062 11 12 15
2819 19 12 21
700 17 14 69
4876 13 14 36
3031 12 12 26
4494 11 11 17
876 19 11 45
968 17 13 25
3445 16 14 65
361 12 11 64
5526 19 10 2
666 18 11 2
5252 16 13 21
5170 13 12 37
1120 5 15 70
538 19 9 3
2129 18 10 53
4078 17 11 60
3730 8 19 11
3572 13 11 56
383 19 8 62
2968 19 4 18
2737 18 9 44
2648 17 10 33
5111 16 11 33
4944 14 11 12
4874 19 7 58
4566 19 5 20
4434 18 4 49
4395 13 16 55
4572 17 9 55
1985 19 6 29
3123 19 0 7
727 18 5 61
1427 17 8 59
2374 5 10 18
5207 19 1 32
4504 0 8 17
5075 18 0 51
128 17 7 51
2128 8 8 38
4227 16 8 19
2082 0 4 68
893 1 8 52
3563 0 5 41
3452 10 9 19
1747 1 4 4
1582 19 2 43
2943 9 8 5
5719 8 7 30
5616 17 0 73
2888 16 7 59
2657 17 15 29
5364 14 9 5
1494 0 7 13
322 0 6 68
5149 11 9 46
5056 1 7 31
5677 1 5 6
4622 11 16 12
2348 19 3 56
2254 9 7 10
2157 2 4 64
4148 17 1 21
4014 16 6 1
3988 16 0 68
1946 14 8 8
3902 13 9 45
482 12 9 27
1865 10 7 31
461 2 7 6
3613 0 12 7
3297 2 5 34
955 18 3 8
3399 16 5 19
3265 16 1 44
3059 17 14 36
1476 15 0 3
5394 7 8 48
5434 14 7 73
5471 11 7 52
2704 11 17 62
2534 4 8 55
832 17 3 10
4802 16 4 17
2895 15 5 66
4703 15 1 48
4890 13 11 21
2327 7 7 47
73 3 7 60
1158 13 7 29
4658 6 8 3
9 11 6 61
4118 5 8 53
4106 17 8 19
205 4 7 19
1965 16 3 16
3773 16 15 30
3941 7 6 37
226 0 3 67
439 14 5 70
3233 14 1 41
1800 6 7 20
3365 6 6 70
1637 12 0 23
376 11 19 20
2953 1 3 26
5597 17 5 6
2724 0 2 32
5376 15 3 48
1299 7 5 21
2607 14 4 51
5143 13 5 40
623 3 5 21
5073 13 1 55
2516 6 5 24
2579 12 1 67
2543 11 0 31
1112 0 1 34
1097 7 15 57
4354 1 2 69
2151 2 3 24
4407 4 5 7
1997 15 19 5
1926 14 3 47
3759 13 4 15
462 6 4 69
3691 12 4 15
118 12 2 45
455 11 1 67
3403 1 1 43
3209 4 4 75
1522 3 3 40
4146 19 16 72
2860 3 2 1
2751 11 4 33
5271 11 2 47
2502 1 7 61
1387 5 9 10
5182 0 15 17
638 4 3 40
5017 15 1 16
72 13 13 24
1177 3 1 46
4734 10 4 7
991 11 13 1
3800 4 2 60
880 8 15 52
3434 14 1 75
3245 6 3 56
3205 2 17 72
3678 9 4 26
1536 4 7 57
1517 4 1 43
5520 14 4 1
3428 6 2 42
2692 6 10 10
5169 5 1 2
643 2 15 53
5445 4 15 62
5106 0 1 76
1170 16 19 77
4686 8 9 77
5590 7 3 54
4521 13 7 58
2215 6 1 47
1128 1 10 63
2004 9 8 71
3947 9 2 36
3777 17 14 11
1795 7 2 17
26 7 5 59
3573 12 3 3
3543 9 1 23
1561 7 1 43
5454 12 4 52
2565 9 0 36
2508 12 2 9
1260 10 0 8
4655 2 16 20
1089 14 11 56
1131 7 17 32
530 12 13 14
5172 4 3 3
3997 13 0 4
1924 17 9 29
1858 7 19 61
1628 6 6 15
3154 5 2 9
3091 8 6 7
5187 19 1 66
2507 16 17 64
4883 11 7 16
1231 19 2 15
2205 10 9 54
572 4 8 8
4729 19 4 77
1024 11 4 11
4009 5 18 16
3699 19 12 65
250 16 0 23
3480 19 13 71
3395 7 7 74
3198 3 2 69
3392 11 14 15
795 11 11 66
1617 4 5 49
1452 3 5 77
1447 3 19 76
5736 6 2 10
5541 3 1 5
1334 1 1 4
2654 9 2 3
2688 7 1 5
4288 19 8 1
2924 14 8 45
286 13 12 16
1140 3 3 4
4561 0 4 14
2088 6 12 4
4264 9 3 65
4292 14 5 44
2072 3 18 73
3789 9 4 74
3790 4 7 81
3712 9 17 21
1698 4 2 19
3531 17 3 55
3312 16 13 66
3334 9 6 68
5749 7 2 71
4975 9 0 69
4852 4 10 5
4732 19 6 9
4487 17 4 25
1085 14 7 4
567 16 17 42
4097 9 14 76
3739 6 1 10
3664 8 7 72
3689 0 1 13
1736 12 12 80
3331 0 18 82
1636 14 4 32
1687 10 7 8
1456 3 2 48
20 11 15 4
5572 17 11 20
1374 17 15 5
2626 2 5 72
5059 17 19 67
5046 11 4 66
