391
1752 0 19 16
1274 19 19 6
1841 0 18 9
3629 2 19 17
253 19 18 8
1503 0 17 23
1320 2 18 34
519 19 17 2
4786 17 19 21
3610 3 19 4
980 0 16 12
5288 2 17 2
5712 4 19 1
5215 19 16 1
379 17 18 21
3499 16 19 40
3432 0 15 41
4982 14 19 31
6010 6 19 34
4240 5 19 23
919 2 16 5
1955 19 15 34
3035 17 17 4
5819 16 18 15
1706 3 17 44
805 0 14 31
391 14 18 7
1371 0 13 21
5567 2 15 35
4112 4 17 45
1921 19 14 11
2020 19 0 39
1490 17 16 53
3518 16 17 57
3060 3 16 45
5493 14 17 26
4143 6 17 9
1963 0 12 10
2385 2 14 54
5833 4 16 17
1641 19 13 18
2621 19 1 57
444 17 15 19
806 16 16 15
4772 7 19 24
4735 14 16 45
2463 13 19 6
4464 6 16 32
4706 0 11 59
4081 2 13 14
807 4 15 11
5461 19 12 40
5029 19 2 14
1616 18 1 50
4623 8 19 51
5482 17 14 1
4619 16 15 3
1952 14 15 64
1759 13 18 49
1721 6 15 64
3376 12 19 22
948 11 19 36
5709 0 0 7
4845 2 12 9
2164 9 19 7
4302 19 11 29
3625 19 3 28
5010 8 18 56
1989 4 14 10
953 17 13 66
881 17 1 15
1736 16 14 2
3020 3 13 48
1327 13 17 61
2218 6 14 3
4812 0 10 14
189 1 10 50
903 11 18 11
3165 9 18 58
6004 19 10 8
2921 19 4 20
5711 4 13 23
4396 0 9 29
5121 8 17 63
1367 17 12 19
4545 17 2 36
4459 1 0 21
4410 16 13 36
4259 16 1 27
3308 3 12 68
3206 13 16 34
3117 6 13 28
5343 1 9 18
10 11 17 1
2859 0 2 2
3073 9 17 42
1221 19 9 56
4952 19 5 6
4975 2 10 17
4991 4 12 21
4452 18 10 68
4217 8 16 14
1572 17 3 1
964 2 0 3
3762 16 12 21
1592 16 2 48
3458 15 1 9
3271 14 14 63
3127 13 15 25
5334 6 12 1
5011 3 0 52
563 11 16 48
549 1 8 10
1962 9 16 24
3836 19 8 52
3761 19 6 43
490 4 11 15
3740 1 2 4
3473 18 9 12
1723 18 5 69
3276 8 15 40
909 17 10 61
436 17 4 52
2232 15 2 21
272 14 13 44
502 0 3 58
933 13 14 30
988 6 11 52
872 12 14 11
1882 3 1 61
3383 0 6 62
3217 10 16 71
3187 1 3 15
2916 9 15 15
5836 2 8 44
2890 19 7 9
3240 18 8 58
5501 18 6 65
350 4 10 48
4479 8 14 35
2522 17 5 41
2508 2 2 21
4792 16 10 57
4821 4 0 4
4372 16 4 58
1284 0 4 59
4113 15 3 6
1022 16 18 68
4210 14 12 38
433 6 10 38
3298 3 2 8
427 12 13 24
3265 11 14 57
2970 1 6 4
5795 1 4 62
2616 9 14 32
1187 18 7 1
4911 4 9 36
4885 2 3 43
5558 8 13 33
4837 17 8 69
4709 16 5 39
4251 15 4 63
4203 17 16 15
984 14 11 56
3732 12 12 3
3639 4 19 72
1792 11 13 23
3029 9 13 62
5939 2 6 37
5897 2 4 67
3115 4 8 2
5860 8 12 35
5808 4 2 61
5790 16 8 18
5506 16 6 48
5792 6 14 42
5399 15 9 1
4584 12 11 25
545 4 15 72
4754 11 12 72
996 5 8 18
1964 9 12 74
3501 2 5 23
1742 4 7 38
839 8 11 41
3462 4 3 68
1630 15 8 15
3081 15 6 35
43 14 9 11
5618 12 10 54
5592 11 11 43
5612 5 7 64
5196 10 12 4
4965 4 6 52
2155 8 10 24
625 4 4 68
5075 19 16 62
580 13 19 65
1140 6 11 22
2312 14 8 31
2300 14 6 3
2228 6 8 48
2077 12 9 14
4049 12 5 71
1995 11 10 11
193 5 6 43
3900 9 10 21
1790 8 9 68
3181 13 6 75
3088 6 7 33
1515 6 6 49
5851 12 8 54
1323 12 6 51
5915 11 9 31
3033 11 5 19
355 11 14 30
1421 0 0 68
5678 9 9 38
1398 18 4 71
2781 6 15 37
5487 8 8 26
1292 3 12 18
1219 11 16 11
631 6 5 20
5041 11 8 33
5049 11 6 73
4981 11 18 67
4848 2 16 58
4702 9 8 19
2149 8 7 64
3915 15 5 8
1894 14 15 25
1826 6 4 48
1972 6 17 60
1776 3 3 16
477 9 15 51
3342 9 7 53
3228 16 12 54
5810 8 6 58
1426 15 4 34
5725 14 9 42
672 6 3 14
5078 2 17 69
5205 9 6 12
4942 8 10 54
4860 18 1 6
2638 8 5 42
601 3 17 1
137 16 19 3
5887 15 1 43
2059 6 2 71
523 2 9 64
979 9 5 34
4037 16 10 30
448 8 4 45
1779 0 1 52
3632 14 11 12
854 6 1 37
3307 11 12 5
1547 9 4 62
5225 8 3 31
5998 17 10 28
1511 13 4 15
5258 12 4 68
1481 1 3 71
5599 3 14 2
322 9 3 10
1286 8 2 36
4809 13 3 45
1278 6 16 74
1217 0 6 17
1353 12 3 36
2570 11 4 26
1272 11 8 3
2359 1 6 65
4460 9 2 77
4054 8 1 47
3856 12 2 56
961 3 0 10
3833 5 8 64
3805 10 2 3
3472 9 1 74
3469 19 12 5
3232 17 13 20
412 16 5 12
3047 16 17 25
6017 3 15 9
5957 13 1 2
5940 12 1 46
2991 11 6 38
9 10 1 24
2723 16 9 10
5265 8 17 21
4466 17 14 58
2396 12 0 11
1224 9 14 72
2470 9 7 19
1295 4 7 5
2093 16 2 24
3927 12 8 11
4062 6 10 12
1017 11 10 45
3992 1 5 9
1926 16 1 63
3851 9 8 77
1922 19 13 74
236 17 17 72
126 16 6 14
3600 6 14 73
884 12 3 5
3306 6 12 39
1624 17 12 56
2818 8 4 70
2171 15 9 40
5405 10 1 73
657 11 5 47
1806 12 11 67
2014 9 2 26
3998 8 7 41
4515 4 8 45
1916 16 15 41
3779 15 2 53
1843 0 12 55
1892 11 12 42
1754 9 1 28
3245 13 17 37
778 12 10 18
345 12 9 65
5827 19 9 11
5977 11 19 1
2593 8 18 12
4150 6 6 16
4138 12 3 73
2544 5 7 10
5382 6 13 4
1285 4 11 66
4694 4 16 76
2216 2 14 28
1070 9 3 66
2102 9 5 1
4137 8 7 2
59 13 15 73
3958 8 6 25
3717 8 3 57
3880 15 5 70
1804 19 14 81
3490 14 14 24
835 0 5 33
201 8 15 6
1633 14 13 79
100 14 15 1
1583 0 6 41
3161 6 2 37
5781 9 10 63
2931 12 14 69
5840 8 9 26
1439 19 17 78
3071 8 14 75
704 13 16 9
1359 14 12 2
5114 12 12 52
4910 4 9 8
4696 11 13 77
4852 2 10 62
5167 14 16 4
4631 9 18 6
2266 9 3 41
4540 9 16 64
4525 9 4 39
2166 14 8 81
2079 0 3 14
2066 12 6 2
1893 4 17 19
3609 2 6 15
3603 4 10 6
1782 1 1 59
887 2 8 81
1622 8 12 9
216 9 2 56
6003 16 16 81
2908 8 4 24
2856 17 1 81
710 9 5 71
2813 19 3 7
2803 8 13 66
5512 12 1 13
2703 19 19 80
1094 9 17 3
4333 8 18 34
4264 0 7 67
