348
701 19 19 19
2355 16 19 23
2382 19 18 18
1304 19 17 48
3036 16 18 23
63 19 16 15
174 16 17 3
4043 19 15 28
1777 13 19 48
1948 15 19 47
2608 19 14 2
2756 17 16 24
135 13 18 51
1684 15 18 4
389 19 7 3
945 19 13 40
3598 17 15 37
577 16 16 19
504 13 17 6
2277 15 17 41
3419 19 8 55
4074 19 12 35
2974 18 7 49
923 17 14 59
3807 16 15 32
868 13 16 47
3877 19 9 9
4060 19 11 48
3870 18 8 17
225 17 13 5
3656 16 14 40
3865 13 15 39
3816 19 10 9
3520 18 11 43
3019 17 8 48
503 16 7 1
2000 16 13 28
2589 14 15 1
1930 13 14 36
376 17 11 44
766 17 9 1
925 15 7 44
2025 15 13 7
3888 17 10 63
1781 16 11 3
1557 15 8 43
1474 9 0 11
2776 10 0 22
565 9 3 48
1178 15 11 32
2993 15 9 20
3551 9 1 67
1753 13 7 41
3222 12 7 39
1561 11 0 35
2671 10 1 59
1445 10 3 14
2557 19 0 66
2235 19 11 5
4040 14 9 57
3683 11 3 34
3186 12 0 66
3749 19 1 8
3793 18 0 53
3480 13 17 65
3435 13 9 36
2075 12 1 34
802 12 3 23
2826 19 2 31
2563 18 1 56
2070 12 19 62
2458 13 0 26
4046 12 10 14
3693 11 19 25
3715 19 3 18
357 5 19 8
704 13 19 4
1360 17 1 62
2777 16 0 6
2460 14 0 6
1110 12 18 54
2207 13 3 4
1281 13 1 67
1097 12 11 57
3236 11 18 65
3774 10 19 1
1863 5 18 58
985 19 4 37
3462 17 17 63
2001 6 19 32
3757 17 2 61
3576 16 1 58
2951 14 3 60
726 14 1 62
2830 12 12 50
3109 11 17 47
1289 5 17 45
629 9 19 17
596 12 7 4
2685 19 5 28
550 18 4 3
2227 7 19 17
289 17 3 64
837 16 2 45
2898 12 16 8
377 0 19 60
1462 11 16 18
677 5 16 50
1225 10 17 12
2426 9 18 71
2360 19 6 20
1058 18 5 61
217 8 19 45
486 16 3 10
1838 7 18 49
3510 12 15 1
917 12 14 45
223 11 15 58
238 5 15 43
1645 10 12 7
3309 10 16 17
2713 17 5 62
2308 1 19 41
2851 9 2 12
3915 7 17 56
3703 2 19 38
3837 11 14 6
1820 10 15 29
1797 12 8 6
2334 17 13 47
2331 17 6 31
2762 16 5 70
336 0 17 26
1443 7 16 43
2424 2 18 39
2220 9 15 52
3632 0 16 68
3599 15 5 63
3273 2 17 37
3521 10 9 70
1162 4 19 11
3209 3 18 59
1377 0 15 23
2733 15 6 25
2495 14 5 30
2286 16 13 66
1847 12 4 68
3191 2 16 63
3444 10 10 25
959 13 16 20
3806 9 13 62
938 3 17 36
1800 0 14 36
3177 14 6 47
3535 12 5 41
915 12 15 49
3317 2 15 52
1657 0 13 49
3292 11 4 61
442 9 17 73
3257 10 11 26
781 9 12 33
2988 8 13 74
2753 3 16 38
363 12 19 24
2649 11 5 50
1134 0 12 23
2243 10 4 29
2408 2 14 57
1199 10 15 3
76 19 0 22
1045 17 11 2
4167 8 12 63
4169 8 10 49
3861 7 13 58
3863 3 15 66
2047 15 13 73
448 9 15 22
3747 0 11 50
1929 5 14 8
3692 11 8 38
3279 2 13 37
3641 10 5 20
3244 9 4 51
3158 7 12 13
373 3 14 63
2784 5 13 2
709 11 7 23
2692 2 12 29
2697 0 10 66
2998 2 17 71
644 9 9 66
1274 8 4 69
2306 3 13 28
2181 14 1 4
19 1 11 3
2051 12 11 6
4097 1 10 10
2023 5 12 55
4007 2 11 37
1981 10 7 53
1905 6 17 2
1008 8 9 46
1913 8 5 25
235 7 10 46
1811 3 12 65
3617 15 5 32
3585 15 8 6
1680 13 8 5
3492 5 11 65
3155 9 7 75
1528 8 8 50
3027 8 6 12
1500 0 16 17
737 7 9 13
1527 0 15 62
2886 13 18 21
2848 3 11 10
2949 17 0 20
2686 2 15 16
1040 5 10 41
155 17 2 36
570 19 16 65
2677 7 8 23
1083 3 18 19
4064 5 9 26
4000 11 14 74
3907 5 17 78
477 17 1 3
3812 13 3 63
3821 7 12 39
3323 5 8 32
3386 12 7 75
812 4 9 2
811 9 5 1
1614 14 6 11
797 7 6 7
286 3 13 63
1327 15 13 49
769 6 6 5
1534 11 11 2
358 15 19 9
1367 9 9 8
168 4 8 6
1336 3 17 78
2615 7 5 26
2575 3 9 23
1253 7 10 14
2633 6 5 49
599 5 6 52
297 2 9 21
1111 8 3 68
1043 8 13 8
4045 16 3 44
1690 7 4 61
4063 3 8 59
4059 0 9 27
3930 6 4 25
3783 10 15 72
1865 1 9 48
1921 19 9 74
3559 9 19 74
1652 8 12 8
1651 4 6 31
3211 19 14 69
803 8 2 26
3117 7 3 74
1363 6 3 49
748 1 8 72
674 2 7 12
2617 0 7 58
1271 4 5 67
614 8 1 8
1216 3 19 11
2401 7 2 10
1262 6 2 49
1159 0 19 36
2297 1 7 57
551 5 3 22
2194 10 12 73
4152 4 4 15
1060 8 0 27
3873 7 16 5
2006 0 6 3
475 4 19 73
1918 6 1 76
3740 1 6 57
956 0 12 67
885 4 3 60
1789 19 15 79
1635 14 5 8
863 3 4 65
3229 6 0 41
796 0 4 71
3136 1 5 22
3140 5 1 5
1639 5 16 2
3164 8 18 22
367 15 9 70
2889 8 19 2
2683 3 3 18
2741 3 2 49
2637 5 0 40
2593 1 4 24
2588 0 3 63
2464 3 1 53
560 1 3 26
2132 8 10 26
2248 0 2 58
2904 0 17 54
2274 7 5 1
1898 12 10 58
4090 0 1 24
248 1 2 43
472 8 1 43
3664 3 15 32
3635 10 8 2
3718 11 5 17
875 1 1 59
429 17 2 11
3405 8 9 81
835 6 16 5
3420 5 13 74
97 5 6 27
1595 9 19 55
3171 9 12 70
747 0 5 35
2938 5 10 17
2921 8 11 2
2893 17 15 12
2781 7 13 36
2822 7 8 52
1466 16 17 77
1319 5 8 81
1209 3 4 17
2153 7 2 41
1213 3 12 20
1157 7 6 31
2417 3 11 78
2299 5 15 77
1020 5 14 65
3960 2 12 78
1103 2 17 8
948 0 8 83
3648 1 19 11
3730 6 0 7
3736 12 3 77
1720 17 14 8
