381
2984 19 19 1
3606 18 19 1
2070 19 17 21
2752 11 19 23
2367 17 19 24
1126 11 18 30
4355 19 16 23
1713 16 19 16
216 18 17 30
4856 11 17 37
1328 19 15 13
3392 17 17 15
1698 15 19 27
1706 13 19 16
4191 11 16 16
1685 19 14 4
1377 17 16 52
4578 16 17 34
2931 14 19 34
2190 13 18 30
293 11 15 22
1838 19 13 21
2899 17 15 37
2693 16 16 33
4095 15 17 4
4850 13 17 43
2785 0 9 2
366 11 14 18
2525 19 12 51
1452 17 14 38
4903 16 15 11
2137 13 16 51
3468 0 19 41
3380 12 14 34
3138 1 9 53
676 19 11 38
4529 17 13 42
2201 0 10 14
1973 1 19 2
1579 16 14 46
4644 1 10 51
2807 2 19 28
431 10 19 15
1620 19 10 23
211 19 0 17
3213 17 12 56
326 16 13 44
337 1 18 54
2356 14 15 44
3760 2 18 17
1779 10 18 30
3486 2 10 2
4339 0 12 8
2759 19 9 52
4608 19 1 9
983 17 11 4
899 16 12 44
3223 0 16 6
1097 14 14 26
3790 3 9 38
4101 0 13 52
4461 2 17 53
780 2 11 51
1636 10 17 2
3636 4 19 55
2206 19 8 40
4081 19 2 3
2298 4 9 28
4780 8 19 32
4668 17 10 14
3004 17 0 35
4719 16 11 64
2090 0 15 53
3351 0 14 29
1385 5 19 38
1329 2 16 7
1341 5 9 18
4132 10 16 34
1987 2 12 65
103 4 18 62
3378 19 3 59
254 19 7 9
2405 18 2 20
4420 8 18 56
1032 17 9 53
2092 16 10 63
2037 7 19 66
3953 16 0 47
444 15 11 20
3093 3 11 55
2650 5 18 60
1638 2 15 50
2455 5 10 68
568 2 13 66
1103 10 15 2
2120 4 17 61
4140 19 4 59
3619 19 6 56
3333 18 7 7
4146 18 3 29
1511 8 17 39
3008 17 2 55
4210 16 9 42
1251 7 18 40
614 15 10 66
4800 15 0 21
1120 3 12 52
2060 6 19 5
3886 13 12 51
3650 12 12 39
3591 5 17 14
3594 5 11 10
1744 2 14 3
4050 10 14 6
3075 4 16 66
1531 19 5 29
1296 8 16 68
4848 17 3 65
2867 17 7 28
4227 16 2 67
4582 7 17 42
186 15 9 23
51 14 0 45
3152 12 11 63
3038 5 16 28
1525 5 12 30
3108 10 13 53
1289 13 19 70
2553 9 14 44
4922 4 15 44
4185 17 4 71
4406 17 6 58
2013 16 7 7
3999 7 16 56
3967 15 2 63
3379 13 0 26
3242 12 10 18
396 12 0 14
769 5 15 59
4295 11 11 16
2995 5 13 18
2661 9 13 65
591 17 5 24
610 19 15 68
4879 8 14 9
4599 15 7 41
1077 15 3 22
1163 14 2 50
3976 13 9 43
471 12 9 59
955 12 1 21
874 12 13 71
3251 11 10 5
906 10 11 58
1352 8 13 25
3126 7 14 18
2430 15 4 44
1187 14 7 23
3708 14 3 22
4447 13 2 4
1065 12 8 42
4721 12 2 64
3128 11 1 33
4033 10 10 40
3830 9 11 68
1572 7 13 69
3177 14 4 20
81 12 7 26
2829 12 3 7
3001 11 8 46
1330 11 2 58
652 9 10 69
4865 8 11 43
4834 8 18 16
580 13 16 15
4382 12 6 13
1100 12 4 61
2159 11 7 67
4230 11 3 69
2141 10 8 31
4097 8 10 30
3997 0 8 27
489 7 11 4
1695 1 8 28
3345 11 6 25
1622 11 4 28
401 10 7 50
3169 4 17 14
2875 9 8 39
2928 18 6 62
333 14 15 4
4832 7 10 55
2078 1 16 7
4767 5 15 12
4544 1 7 8
4480 12 1 63
4387 10 6 36
4373 2 8 73
2093 9 7 4
1826 8 8 38
3933 0 17 12
3811 16 16 1
1825 2 16 59
1756 1 6 1
1819 0 5 52
1822 2 7 27
3404 9 6 65
369 7 8 73
743 16 11 36
2859 12 3 51
34 0 4 27
1462 1 5 65
2618 10 15 36
1189 10 16 73
4762 2 6 9
4424 4 8 46
1132 8 6 4
1136 17 3 32
4819 7 7 34
428 13 9 14
2032 4 18 26
1362 5 8 22
4004 1 4 49
3826 2 5 1
3928 9 4 22
253 4 7 55
1947 3 9 4
3804 7 6 3
884 15 17 56
1731 6 6 37
830 4 16 5
26 10 8 1
109 1 3 63
723 9 3 69
3040 4 6 74
2946 8 4 75
1431 0 2 53
740 7 14 65
2685 3 13 67
666 3 5 19
2515 6 5 30
303 11 1 64
1195 0 1 49
2448 17 11 58
145 9 2 76
2324 2 3 61
4521 4 5 10
1178 8 3 63
1983 3 4 32
1975 6 4 44
976 11 6 59
1959 9 1 10
3647 1 1 30
3570 2 2 34
3541 4 4 43
1743 8 2 17
843 0 0 6
3347 3 3 1
1663 3 2 43
3293 6 3 60
3003 5 13 68
2598 17 2 5
695 9 0 75
1376 16 14 18
1446 4 8 17
2760 9 6 18
1371 4 3 63
682 8 1 50
4916 7 16 15
1154 3 1 10
4280 6 2 39
4596 0 12 76
4408 10 1 73
2170 18 2 67
2083 4 2 17
4102 8 0 22
507 7 13 29
1933 14 4 79
3882 3 0 63
960 6 1 43
3662 1 11 59
3747 5 2 4
3586 11 3 8
3537 2 12 32
219 4 1 6
863 15 7 4
3284 14 14 64
3114 11 11 57
442 9 8 75
3092 19 14 61
339 8 3 21
2613 15 10 11
1499 1 8 69
2505 5 17 71
1295 16 10 10
4735 15 2 34
2235 11 8 8
4453 5 11 46
2214 11 4 57
4404 6 11 5
1092 8 4 21
1034 7 17 4
3634 15 9 64
242 6 6 8
511 6 10 1
4046 5 16 79
4044 13 10 9
1940 0 7 69
232 7 8 12
3413 12 4 25
3357 19 8 4
3273 19 12 20
2933 12 2 35
681 8 14 71
665 4 15 20
642 8 2 41
4784 12 14 3
1191 6 18 3
4773 19 9 4
2249 7 11 66
4496 3 12 27
4200 12 8 10
4306 6 4 8
3129 11 2 19
3893 10 6 4
1035 19 13 69
4226 10 11 9
1599 2 19 3
381 10 13 29
1468 4 7 14
2872 16 9 17
2708 10 10 11
2425 19 10 69
4826 2 9 17
4924 4 16 37
582 8 7 17
2241 7 18 5
514 10 17 68
2187 8 14 51
4324 19 5 4
4236 2 12 5
1062 4 2 47
506 7 6 46
4038 7 7 2
3622 15 6 53
3451 11 1 4
3891 2 15 26
3567 12 6 52
3367 10 13 4
1439 17 9 34
2773 0 12 52
2609 0 14 74
2806 14 4 55
1290 8 0 55
2514 14 0 26
4892 12 11 4
2429 6 1 15
4818 17 17 70
1233 9 13 24
2345 15 0 68
4687 15 12 16
2242 2 6 82
555 8 16 27
4445 16 13 24
1169 13 9 73
4136 17 13 19
1879 0 16 47
4096 6 6 72
1870 9 14 78
1011 7 8 44
3991 2 15 8
2038 11 18 3
3958 11 16 81
1950 3 12 5
241 8 19 82
30 7 7 67
1777 15 4 17
3247 19 0 76
193 12 0 43
1524 1 0 9
711 4 9 1
