387
1562 0 19 16
4262 0 18 24
1755 2 19 6
1318 0 9 13
578 0 17 14
3060 1 9 33
4112 2 18 11
833 3 19 11
1319 0 8 6
2056 0 16 8
3921 1 10 24
2063 1 8 33
1967 2 17 31
3586 4 19 21
2814 0 15 4
1619 5 19 35
3311 0 14 2
371 1 7 10
1272 2 16 48
3 0 12 51
2321 2 10 44
4186 3 17 27
3080 0 0 35
4118 0 5 16
3857 0 13 42
3914 2 15 31
3326 2 11 1
1104 2 7 23
1640 4 17 8
3903 4 9 49
3155 1 0 24
17 3 16 35
3821 6 19 6
403 2 14 48
2300 2 12 61
3666 1 5 22
2724 0 2 30
1033 4 16 34
3239 2 0 54
3150 0 4 40
3026 7 19 4
3370 6 18 53
1551 3 0 41
2278 5 10 10
617 1 4 16
1135 4 15 43
3838 1 2 55
384 2 5 42
3579 4 11 23
1677 8 19 18
4017 6 17 38
159 3 1 22
1110 5 11 25
372 9 19 10
2495 4 14 14
2070 2 4 9
3947 7 17 44
1598 3 2 12
1155 5 14 38
3013 5 12 29
2539 10 19 50
1496 5 0 44
373 9 18 34
1547 4 5 58
3388 7 10 48
544 6 0 7
13 11 19 49
2480 5 5 56
584 5 1 23
4310 9 17 54
4138 4 4 2
452 8 10 44
914 7 15 38
3216 7 11 56
2758 6 5 21
1308 6 1 13
316 11 18 11
612 10 17 13
1075 5 4 22
1938 5 2 38
3753 9 10 9
3405 8 15 21
3428 8 11 19
3551 7 14 13
1587 7 12 66
3153 7 0 18
104 12 19 53
3072 6 4 43
2392 6 2 42
362 11 17 46
259 10 10 25
4159 19 19 62
1928 9 15 13
1960 8 12 31
393 8 0 22
2028 13 19 56
3956 12 18 2
3359 11 16 46
1567 11 10 57
2905 10 11 63
1257 19 18 68
2438 9 14 57
4153 9 0 65
3242 8 1 54
887 14 19 23
1680 7 2 2
3338 12 17 19
3454 11 15 43
1658 11 11 58
748 10 12 67
351 10 0 49
2884 19 17 7
2716 18 18 27
2789 17 19 39
2397 4 6 13
2688 8 2 16
575 15 19 29
3999 14 18 62
2000 13 17 33
3550 11 14 34
3414 11 0 55
1840 5 6 68
816 19 16 57
778 18 17 66
1545 9 2 50
889 4 7 60
1482 16 19 65
333 15 18 51
1386 6 17 10
2763 13 16 35
1300 6 6 18
2577 12 14 28
1190 12 0 41
4189 5 9 57
4191 5 7 73
2017 10 2 13
941 2 12 32
1916 19 15 33
3614 17 17 32
3424 8 4 5
3381 15 17 42
1443 13 15 56
2745 12 1 44
2458 5 8 14
1303 2 11 57
2234 19 14 64
4326 18 15 33
4234 9 4 25
4028 8 5 48
3974 15 16 49
3907 14 15 68
3833 7 6 21
3779 0 7 73
1907 13 14 43
3609 6 9 21
4000 6 7 59
845 6 2 15
3328 12 12 31
2001 12 2 26
3456 10 4 32
3823 19 13 37
179 17 15 41
1387 8 6 66
22 15 15 50
2742 7 9 24
1384 7 7 2
2019 12 3 7
3934 10 5 35
3895 19 12 21
1713 17 14 36
1754 8 9 27
1774 8 7 25
3315 15 14 65
3444 14 13 36
1365 12 4 50
352 10 6 55
2798 19 11 13
690 9 9 12
1368 18 17 16
2720 17 13 15
2659 15 13 37
2545 13 3 73
2405 7 16 11
2398 12 11 58
2338 12 5 7
1047 10 9 48
1163 10 7 62
4299 19 10 34
2036 0 16 61
1997 18 11 63
3915 8 12 65
2012 7 0 71
1942 13 4 56
1910 2 16 19
3795 12 10 33
2962 12 6 20
61 12 17 71
3663 3 7 8
3888 11 9 26
1842 19 9 36
3581 17 11 22
3287 9 2 23
3237 9 12 17
789 13 11 27
1570 13 5 5
404 12 9 41
1631 12 7 14
1359 5 12 4
1358 19 8 28
175 18 9 69
2505 17 10 33
1342 2 18 70
3812 17 17 62
4273 14 11 9
2104 14 5 41
2085 3 15 10
1092 13 6 41
1983 12 0 70
1006 5 19 2
4135 2 10 13
3298 19 7 48
3898 18 8 55
1943 17 9 46
31 16 10 68
3724 14 10 74
224 3 18 71
1844 14 6 59
1773 13 9 67
3530 13 7 36
3489 0 2 74
3465 19 6 48
1589 8 9 53
1636 17 8 53
3310 4 8 14
418 9 17 24
1101 13 0 8
1435 14 9 41
661 7 5 73
2568 13 1 18
2492 7 17 18
576 12 16 61
2196 11 11 18
4390 19 5 43
2421 17 7 9
1292 16 8 40
3049 3 9 1
3939 0 12 25
242 11 15 4
112 11 17 77
3210 19 4 40
3623 17 6 75
861 16 7 1
229 8 19 76
3197 7 12 24
375 6 1 70
2969 19 3 79
2830 8 14 58
2796 18 4 72
2752 17 5 27
1434 16 6 41
2307 19 2 10
4365 18 3 5
2108 17 4 76
4174 16 5 39
4082 12 10 62
1817 10 9 13
3776 19 1 67
3733 18 14 63
1863 9 4 61
3671 18 2 37
1690 17 3 78
3552 0 6 75
3617 16 4 62
1724 14 13 72
3251 10 2 47
827 11 0 24
3168 19 0 73
3371 18 1 38
3093 17 2 70
771 9 6 76
1473 16 3 25
1381 12 12 71
3022 0 13 9
4150 10 0 20
672 3 0 4
2624 4 14 68
1299 18 0 43
1290 9 9 65
3175 17 1 16
34 16 2 38
2512 17 6 10
1247 15 3 1
2371 13 4 9
1108 11 16 17
4361 18 10 74
1086 17 0 73
4251 18 5 78
2932 2 4 51
522 16 1 1
4306 17 17 3
3872 15 2 34
3632 14 10 26
126 19 10 70
485 8 7 2
3856 16 0 33
966 15 1 15
1871 14 9 8
841 19 7 76
3268 15 0 2
192 5 12 66
189 2 0 4
2979 4 16 4
1535 19 13 4
2817 17 11 55
1311 1 4 62
631 16 9 18
76 19 0 43
282 2 3 80
2031 15 18 82
1944 19 19 2
3820 18 1 4
3775 17 13 54
3759 19 4 17
3948 16 10 33
3425 10 6 19
3409 9 15 69
1665 15 13 76
3016 4 18 74
3033 11 12 16
749 13 6 12
350 16 6 10
2460 16 4 1
2757 16 3 67
658 0 14 80
1249 14 13 7
4410 15 3 63
2306 14 6 37
2176 0 15 54
2248 12 1 72
1061 10 2 73
4022 5 4 3
3832 13 16 72
1883 19 9 12
3851 16 19 5
113 6 19 50
1780 13 4 83
3545 10 7 41
3485 18 13 82
210 8 11 61
197 16 5 9
3112 13 2 4
3054 2 15 73
3006 17 15 83
1451 4 7 42
2878 6 9 66
2863 15 18 12
2370 9 11 1
2322 14 5 68
2291 5 11 68
2266 19 18 5
2420 9 19 74
4063 17 14 72
3971 15 0 54
3890 7 14 71
939 3 14 4
3653 1 4 84
3778 2 7 80
884 7 7 30
1742 5 1 68
3300 5 14 4
3281 13 14 82
3269 8 7 79
803 17 9 2
3109 12 12 14
667 4 11 75
3045 18 14 10
2992 15 16 76
743 1 9 1
2918 12 11 6
2893 10 7 3
711 4 4 41
2761 15 1 38
1372 12 9 6
1344 5 11 8
2628 19 13 80
639 16 10 16
2658 11 9 77
