387
2276 0 19 16
59 0 18 20
1557 2 19 19
1799 0 17 2
1846 2 18 25
1439 19 19 31
762 3 19 3
2649 0 16 5
588 2 17 7
634 4 19 42
1994 19 18 20
2323 0 13 8
1927 0 15 4
53 5 19 7
1109 0 14 1
2325 2 16 10
1075 19 17 22
918 17 19 34
2337 3 17 17
2916 2 15 46
1510 5 18 43
663 2 13 27
1127 19 16 54
3215 17 18 49
1077 16 19 22
100 3 16 49
2233 5 17 41
838 0 12 44
1001 19 15 61
3252 17 17 26
3220 16 18 54
1753 7 19 18
1619 3 15 35
2856 3 13 27
1058 0 11 41
2845 5 16 40
711 19 14 20
2902 18 15 29
4 4 13 35
3431 8 19 44
3248 16 17 46
87 7 18 53
2227 14 19 5
1638 5 15 26
578 5 13 52
2519 0 10 23
1975 2 12 53
1895 9 19 41
508 19 13 34
1435 17 15 47
601 15 17 16
3644 7 17 51
1815 13 19 61
3427 6 16 63
1566 1 11 8
3066 1 10 48
563 10 19 43
1615 19 12 55
862 8 17 56
3059 17 14 39
2995 16 15 25
2594 14 17 54
2790 3 12 61
2229 13 18 67
2073 6 15 66
1990 0 7 69
3647 6 13 63
422 12 19 58
3091 1 9 44
2917 11 19 37
3083 1 7 48
2774 9 17 7
2536 19 11 38
205 2 10 48
2384 4 12 60
1862 18 12 22
1931 8 16 19
1056 16 14 29
903 15 15 41
3337 7 15 1
468 7 13 5
2602 13 17 63
1859 5 12 43
964 10 17 6
3560 2 9 18
3483 2 7 24
967 9 16 65
1541 19 10 68
3105 19 0 36
3046 16 18 23
1512 8 15 42
3031 17 12 39
2861 8 13 61
335 15 14 19
142 14 15 30
1069 3 10 19
2114 12 17 29
3405 5 11 71
421 10 16 25
1589 9 15 44
842 19 9 57
2133 9 13 9
2858 19 1 56
2754 17 11 55
670 16 12 67
2413 14 14 37
554 3 9 48
1390 13 15 65
2115 3 7 1
3683 5 10 43
1801 10 15 71
3387 19 8 40
834 19 2 40
3312 18 1 12
805 4 7 19
3214 17 10 12
2998 16 11 56
188 15 12 15
1448 7 12 56
95 13 14 71
164 12 15 71
2288 12 14 21
1998 5 9 75
3708 5 7 31
1880 2 12 8
928 19 7 50
64 19 3 33
1827 0 16 71
1807 18 8 67
1718 8 12 66
794 17 1 32
1522 16 10 5
1513 16 0 5
2996 15 11 67
681 7 11 9
3076 14 12 60
16 6 10 50
1070 12 13 37
125 10 13 45
1000 19 6 22
1024 9 12 38
1957 19 4 14
123 18 7 39
3730 18 3 70
1650 8 11 14
3498 17 8 47
3467 17 2 33
3685 16 9 7
1928 16 1 20
3463 15 10 39
3249 14 11 19
1588 16 19 67
3307 17 18 4
374 6 9 31
3469 6 7 33
1452 12 12 28
2654 10 12 57
2585 9 11 10
1360 19 5 54
2385 18 6 18
2361 18 4 14
2436 17 7 56
2142 8 10 60
534 17 3 73
2582 16 8 56
527 16 2 64
384 15 1 45
490 7 9 8
1947 7 7 30
973 14 10 41
1795 0 6 56
3430 12 11 11
819 0 14 59
3407 1 6 47
1791 10 11 63
737 10 17 77
1398 17 6 27
1352 17 4 27
1389 8 9 23
2831 8 7 36
2638 16 7 71
2506 15 8 10
2468 15 2 66
314 8 13 13
604 14 9 29
2193 13 15 10
2420 12 10 27
1813 0 4 18
507 1 5 38
2059 10 10 69
856 9 9 15
3646 9 7 13
1808 2 6 17
894 9 13 67
1871 16 6 50
1692 16 4 6
3211 15 7 19
1578 15 3 5
763 15 12 42
3015 12 9 39
2919 10 9 29
354 10 7 51
2843 1 4 78
345 8 18 11
2553 2 5 10
332 15 6 32
1164 15 4 78
140 14 7 61
3295 12 8 29
499 4 19 3
488 6 7 63
912 1 3 13
1225 2 4 70
3525 4 6 70
1757 0 2 46
942 14 6 63
3181 12 7 66
778 2 18 3
2709 10 15 10
747 5 6 71
2980 5 11 21
3372 0 1 36
3104 1 2 38
1554 4 5 74
714 3 7 61
2713 13 14 3
2870 3 10 49
1038 18 19 6
2515 3 4 29
2562 6 6 44
2454 12 6 40
1215 12 17 1
2408 5 5 36
581 2 16 67
2216 6 13 38
133 19 4 70
529 1 1 20
610 2 2 34
2056 4 4 18
3715 13 15 36
456 0 0 9
1910 3 2 70
897 6 5 79
3626 12 5 13
3383 12 11 56
907 5 4 63
3180 2 1 63
94 15 9 15
3016 13 4 53
2960 6 4 52
1476 3 1 45
1514 12 4 55
1422 5 3 63
1415 10 6 76
349 9 15 76
2712 4 12 6
2636 8 6 57
2579 2 0 69
2556 7 5 44
702 14 10 73
612 13 3 45
1195 14 14 73
591 6 3 26
1172 3 0 6
2460 12 3 67
576 9 11 75
2322 11 4 11
550 5 2 40
2185 1 10 9
2112 9 6 77
2089 2 5 48
1983 14 18 76
978 7 4 58
1924 13 2 26
1869 6 2 74
926 12 2 66
925 11 3 76
974 5 1 68
1889 10 4 23
3477 9 9 47
1694 8 4 52
1684 7 3 17
1631 15 5 76
1620 6 1 28
877 12 1 29
3074 11 2 68
3061 10 3 42
40 0 5 2
3054 17 2 65
369 1 1 79
1479 8 17 19
364 17 12 7
2941 18 0 15
732 8 3 9
2900 7 2 57
2817 13 0 19
366 12 0 64
1350 11 1 24
1299 10 2 60
2462 6 9 67
150 6 11 23
1129 8 2 19
2162 16 7 24
33 7 1 61
2164 16 12 22
919 12 10 71
958 11 0 70
949 1 13 81
1772 8 1 1
1637 9 16 19
1660 1 7 28
1626 10 6 9
3347 12 19 32
3210 13 10 80
3205 5 9 24
3080 19 10 37
2911 8 7 70
372 8 9 64
1483 8 12 5
1468 15 15 13
1428 14 6 8
2789 5 2 15
1378 5 7 6
667 9 7 55
2670 18 11 79
2593 18 4 47
2757 18 2 69
1283 3 16 22
77 12 15 3
2201 18 7 1
2140 16 8 2
2021 6 3 8
1984 12 4 24
466 18 10 2
3633 17 1 9
1802 1 13 60
1703 17 14 77
3397 5 10 20
3518 7 18 13
1625 12 6 21
3228 13 4 28
1593 3 2 3
3101 5 15 71
771 8 6 28
2976 0 8 3
1462 16 1 62
1404 12 12 6
2814 9 19 19
2704 11 3 42
647 15 14 73
1175 6 9 10
2400 0 0 74
269 6 1 69
1096 9 17 70
3131 9 6 54
2019 0 2 16
1879 11 19 10
2035 10 9 65
110 17 12 80
3364 3 1 2
3314 5 3 2
3339 4 7 51
3112 17 17 70
3344 8 1 26
3167 15 5 55
1528 12 15 37
3026 5 9 3
3005 5 18 24
2990 2 17 81
2977 4 5 18
1443 17 4 57
2852 0 9 77
2942 14 9 1
693 10 0 44
1364 11 4 35
2726 5 1 23
1328 7 13 42
2783 14 11 45
1249 2 15 26
1242 17 8 18
1167 7 2 40
2333 13 17 33
2096 12 14 67
1085 7 4 1
483 7 7 77
473 8 4 9
890 2 10 16
