371
4578 0 19 25
1577 0 0 10
1850 0 18 17
2989 0 11 16
464 2 19 24
4454 1 0 1
3706 0 17 10
2250 0 6 30
2310 2 18 13
3874 0 2 15
253 9 19 39
1804 0 10 30
621 2 0 36
202 3 19 11
116 0 16 31
1416 1 10 14
3185 3 0 30
1233 2 17 13
282 1 6 14
2669 4 19 32
2775 9 18 26
2305 1 2 21
1542 0 3 4
2343 0 15 52
1676 0 14 40
532 3 1 30
2190 1 9 17
130 5 19 42
156 1 7 29
4262 2 16 22
3926 1 3 26
3603 2 10 33
3690 9 17 12
2578 7 19 21
343 3 2 13
2571 5 18 12
2519 0 13 48
145 2 15 25
3567 1 4 19
509 5 0 3
242 2 9 39
1734 0 5 57
2910 4 11 43
1266 9 0 33
3975 7 18 7
3069 6 11 44
4345 6 0 59
699 5 17 31
2249 5 11 50
2700 0 12 17
4175 2 14 49
3488 5 1 1
3065 4 10 56
1454 9 1 29
1576 2 4 46
3986 6 1 14
4017 2 13 34
842 4 15 5
4277 9 2 57
1199 4 9 58
1733 7 0 59
3794 3 4 48
3260 6 9 58
3016 6 2 57
758 5 15 54
717 5 3 58
644 4 14 12
1366 9 3 6
520 8 2 13
219 3 7 27
3155 6 8 58
1446 6 3 37
2188 5 14 14
2541 10 19 23
582 5 4 41
225 4 13 20
2251 9 4 23
904 4 7 4
3627 8 3 63
3285 7 16 31
2679 6 7 35
4357 6 4 30
2729 11 19 18
4351 5 13 57
2129 10 18 66
409 5 5 13
4025 19 19 9
909 2 7 63
1788 8 16 49
2851 7 15 63
404 6 5 18
201 12 5 9
2223 11 18 1
457 19 18 22
3728 9 16 35
1830 7 14 56
3457 14 19 55
424 12 6 58
1255 11 17 14
3369 11 5 45
4525 10 16 59
1090 19 17 10
4113 17 19 37
3188 8 14 17
3898 7 13 31
1970 14 18 13
3436 13 19 8
3171 12 18 65
1572 12 7 39
1384 11 16 15
1500 10 15 62
2956 10 5 45
3539 19 16 47
1363 18 17 67
589 17 18 62
4597 8 13 3
4376 8 5 70
4117 14 17 40
3822 13 18 63
3348 12 17 32
2831 11 15 14
938 10 6 65
3730 19 15 66
1824 9 13 53
3503 17 17 35
236 8 6 68
1497 15 19 19
1473 7 11 44
2785 14 16 61
4020 11 14 20
1935 10 7 7
3194 19 14 25
1787 18 15 16
1710 17 16 21
3219 8 11 62
3198 8 7 5
3080 15 18 39
1441 14 15 13
2999 12 15 16
2680 12 14 33
159 11 13 43
594 19 13 46
4170 9 11 68
3549 18 14 64
3987 17 15 10
1860 8 8 32
433 16 16 44
4177 12 13 65
655 10 11 40
1050 19 12 41
2530 9 10 5
1172 9 8 20
4410 17 14 55
1807 11 11 7
874 10 10 73
420 10 8 25
1682 8 13 48
3314 18 12 73
3197 16 14 16
800 14 14 45
2971 12 11 45
649 11 10 60
4514 11 8 14
1308 2 4 8
4381 17 12 23
1206 14 13 39
2002 7 15 13
3963 14 17 5
2104 7 18 61
3743 12 10 62
3608 12 8 43
1752 0 15 16
3304 19 11 65
3042 16 12 39
1375 14 12 61
598 19 10 62
2205 14 11 37
4313 19 9 32
1150 2 14 2
2096 18 10 59
1020 17 11 6
3932 14 10 65
3277 19 8 51
2975 4 7 62
2900 17 10 30
4265 16 11 9
4531 1 9 66
4326 0 6 5
4215 19 7 26
4118 18 8 59
3838 17 9 22
127 16 10 26
1831 8 15 2
3499 10 10 29
3365 19 6 5
3242 18 7 77
3311 3 15 69
3415 17 8 17
3108 17 16 65
1544 14 18 71
2610 10 0 60
640 5 16 2
303 19 5 24
4230 18 18 72
2356 7 10 13
4254 14 16 14
4415 11 0 19
4073 5 13 15
1933 10 1 53
3338 19 4 41
3099 19 11 3
3817 17 6 39
3704 16 7 77
3843 3 19 76
3395 13 8 67
1754 12 0 31
1742 2 15 2
3405 11 1 46
3561 10 4 74
3306 19 3 25
790 17 5 50
3127 16 6 15
391 15 7 15
2992 14 10 10
2916 13 7 75
1516 12 1 75
2887 12 13 4
3051 11 4 39
2827 11 2 75
2733 19 2 61
2913 18 3 38
662 4 9 4
344 3 6 70
2455 4 13 78
2395 16 5 44
1192 7 16 1
2352 15 6 61
1105 13 6 4
4464 13 0 35
4456 12 4 31
4395 12 2 61
266 12 10 31
1208 19 1 17
285 16 14 55
4400 17 3 6
525 17 17 72
4159 15 5 8
4091 16 10 3
982 13 5 70
3165 12 3 12
3800 6 9 9
455 12 7 73
3459 19 0 50
3555 19 10 22
3326 9 16 70
221 18 1 67
3318 16 3 31
4318 7 14 8
747 11 8 75
1407 18 0 21
1391 8 4 71
2813 17 1 40
338 17 6 68
2714 16 2 79
1325 15 3 56
2465 5 10 6
4272 19 6 66
2213 16 1 39
4564 9 0 75
40 7 13 9
2081 6 5 59
580 12 13 37
2003 9 8 51
237 15 1 39
490 4 10 23
3647 5 11 8
3469 6 8 29
46 11 14 50
3351 15 7 53
1635 14 13 11
3330 12 11 13
353 11 10 32
2848 3 6 5
2810 13 4 60
2773 14 14 23
2016 15 5 71
462 13 7 21
3779 5 4 5
3677 13 6 73
3288 14 15 42
781 9 17 73
1480 5 5 48
2829 17 0 21
2772 8 16 26
165 8 5 32
2726 14 11 8
322 11 5 4
1202 0 10 7
4431 6 4 7
4287 17 8 77
4226 16 12 19
919 12 15 50
1842 5 19 19
4061 10 5 18
504 17 12 80
2054 16 10 69
215 19 5 69
3515 4 0 82
3115 5 5 69
3359 18 3 69
3105 12 14 2
1506 4 16 5
2871 19 4 79
261 16 16 7
702 15 6 4
332 11 13 6
160 11 1 75
1248 16 12 74
2500 1 2 76
2825 16 6 38
2496 16 1 4
4425 12 1 1
4517 8 11 37
4273 17 1 14
4234 11 11 79
4601 19 16 5
4568 19 13 11
4250 13 8 25
3622 9 13 17
489 3 17 74
3837 14 12 10
1908 17 5 18
1868 9 5 6
3867 13 5 17
1765 10 4 37
1680 9 0 5
408 1 19 1
3097 13 6 49
2795 6 3 14
2884 17 10 76
1401 7 16 73
2682 0 13 25
1327 11 10 8
1205 19 3 1
4598 2 6 74
4575 0 12 81
1112 16 15 3
4398 12 8 75
2064 6 8 5
3725 19 19 73
774 2 9 9
4053 5 3 9
1991 19 5 52
1946 17 0 72
991 8 19 19
3827 11 5 27
3686 17 8 59
1835 17 19 7
3948 19 12 12
444 5 18 83
3617 14 10 43
3527 10 19 5
3507 11 4 74
3489 0 16 10
1739 1 0 82
3374 16 5 27
3322 6 7 78
826 6 4 79
204 17 5 77
1628 8 8 62
3212 8 10 38
