361
2025 0 0 7
3634 0 1 25
2897 0 2 18
5630 2 0 3
1868 3 0 44
3046 1 2 31
3228 3 1 7
2224 1 3 12
3687 3 2 47
3963 0 5 42
2726 5 0 5
4684 0 19 14
5281 0 6 35
1930 6 0 35
3937 1 5 44
2944 5 1 11
3117 1 19 42
747 3 3 27
2520 2 19 39
1053 1 6 36
5469 5 2 15
3635 2 5 36
5775 0 17 40
2532 1 7 4
1562 2 18 48
4434 5 3 15
5247 19 19 17
5159 0 16 51
2118 3 5 39
1590 2 17 16
3020 5 4 1
1301 4 19 1
5702 2 7 34
2328 19 18 31
2234 0 9 38
1388 0 15 19
4016 0 14 10
3766 1 9 39
5187 5 19 43
3169 2 16 18
3793 5 5 21
3362 4 18 23
3304 19 17 55
3094 19 13 6
2896 17 19 14
4758 3 7 51
3379 1 10 6
3265 5 18 16
927 0 13 39
5046 2 15 28
485 5 6 38
4972 19 16 3
2432 4 17 55
5039 19 14 37
2071 18 17 16
936 16 19 10
3434 6 19 8
2761 5 17 40
5045 2 14 54
4915 5 7 49
5600 0 12 44
4288 2 10 17
4228 19 15 40
3711 4 16 14
205 18 16 62
851 17 17 62
3121 17 13 4
2933 7 19 54
1530 15 19 1
2445 5 16 59
2452 5 8 38
4153 2 11 62
2110 4 15 32
2077 8 19 19
5554 17 16 26
5735 17 14 47
1421 16 17 34
3398 16 13 34
1383 7 18 34
3590 14 19 14
1759 3 10 50
2960 5 15 3
5638 5 9 40
1369 9 19 11
3750 4 14 19
4725 16 16 48
4259 16 14 60
4071 15 17 56
1980 7 17 45
428 3 11 43
860 13 19 52
5639 5 14 66
5752 5 10 25
5125 10 19 29
5117 1 7 65
1850 15 16 7
1629 15 14 50
3888 7 16 5
2988 7 8 46
2935 14 17 24
1143 12 19 8
620 11 19 48
4076 5 11 9
3520 9 17 28
3503 8 16 67
3439 8 8 67
442 7 15 37
2958 7 9 37
2883 14 16 48
1882 14 14 36
5594 13 17 3
1215 12 13 45
3339 11 18 33
966 9 16 43
3741 4 16 67
3579 7 14 63
3499 7 10 66
866 13 16 17
1589 12 14 67
1496 11 17 5
2613 9 15 4
4969 8 10 8
4494 7 13 25
4451 7 11 28
347 11 16 7
1819 9 14 6
1826 8 13 47
1698 8 11 9
5801 1 11 6
336 10 14 32
5796 9 13 52
4889 10 13 29
3656 2 11 18
144 10 12 26
385 7 7 64
1424 10 11 51
5328 5 1 71
329 8 7 33
150 7 6 6
149 7 0 5
4988 12 12 59
1096 11 16 44
4704 10 10 28
4675 9 18 66
4387 9 7 11
4191 9 15 57
4119 8 6 64
4084 8 0 48
876 7 5 12
3728 7 1 60
3317 7 11 61
960 12 14 3
3313 12 11 6
5397 10 9 1
1471 10 7 56
2711 9 6 10
5740 15 17 6
5300 9 0 73
2652 3 6 2
2595 7 4 41
2476 7 2 39
4990 13 12 12
2382 12 10 44
2129 10 0 51
635 5 4 49
4573 4 18 68
4426 9 5 17
569 9 1 18
4281 9 17 62
132 8 2 27
3139 14 12 12
1007 13 11 73
2011 12 9 45
1945 11 0 17
1905 10 1 16
3810 19 12 18
3964 9 4 36
1816 17 19 63
3575 15 12 14
217 14 11 53
1782 14 16 14
864 13 10 32
3392 12 0 30
3399 0 14 61
3333 11 7 47
3356 1 10 70
1657 10 4 63
3432 10 2 13
3049 19 11 73
5919 18 12 43
1538 16 12 40
3159 14 10 7
2676 12 7 32
2654 12 1 70
5521 3 7 7
2723 11 2 32
4932 19 10 64
1303 2 14 15
4761 18 11 19
4741 4 14 62
4501 17 12 14
1084 16 16 21
1024 2 16 73
4021 15 10 49
3839 3 10 10
464 15 19 45
234 13 0 65
3562 12 6 76
3652 12 2 33
1701 11 5 29
1691 19 9 3
1655 10 16 75
2894 16 10 28
2837 14 8 22
1451 14 0 46
5551 13 7 71
3846 12 5 54
659 12 3 42
312 5 14 31
2525 19 8 45
5043 19 13 65
5088 18 9 40
4729 16 9 23
2080 15 0 47
4776 14 7 48
5087 14 1 9
4545 14 13 2
4262 5 8 2
4538 19 7 50
69 18 8 16
1031 17 9 74
3978 7 18 6
3882 15 7 62
3926 15 1 7
3738 14 6 33
1972 14 2 32
3637 13 5 6
880 9 16 3
3378 19 6 25
3355 18 7 46
1532 16 7 65
3158 15 6 9
5903 15 2 13
3118 14 5 53
3234 14 3 61
1353 7 13 71
5354 5 11 73
2742 19 5 51
5251 9 14 74
5118 16 6 52
1309 15 5 52
4980 15 3 68
4716 3 11 19
4406 19 4 46
4193 18 5 6
1576 16 5 49
3777 0 8 3
3778 16 19 58
910 14 19 77
1574 2 10 60
3296 19 3 64
753 12 13 18
695 10 19 64
2979 19 2 56
321 16 10 2
1330 16 3 5
5063 12 12 28
333 19 1 66
1241 18 2 31
4983 19 19 63
4772 16 2 4
4755 7 3 75
2317 15 7 15
4609 15 13 77
4348 7 6 48
4 11 0 50
4251 19 0 65
4167 18 1 8
2310 19 8 16
514 16 1 30
990 16 12 6
3875 14 2 71
3749 10 10 64
3896 10 9 37
794 1 5 2
3556 10 13 68
3570 18 0 33
1684 16 0 45
1690 14 3 27
1599 15 12 51
1123 10 11 14
3064 2 15 79
3043 11 7 79
5353 15 16 54
4508 15 14 18
4556 13 17 65
4600 8 1 3
2163 14 6 78
4214 18 4 75
1948 8 2 72
125 12 3 72
3729 11 6 21
3612 10 5 61
1788 5 18 55
3565 9 2 72
3488 17 17 17
3416 17 13 69
406 12 0 5
1601 11 1 75
939 10 6 56
377 1 19 17
2825 3 0 19
706 13 10 2
2636 18 3 33
5208 16 12 79
5413 7 9 74
4764 16 3 52
578 16 0 74
4507 11 18 4
4536 19 12 69
33 10 4 40
4233 14 17 68
4093 8 18 76
1939 5 3 78
3698 8 7 8
3692 2 19 10
3973 12 10 10
5914 4 15 76
5842 15 2 79
2964 8 10 40
5566 13 7 14
5454 14 7 4
2763 16 2 75
2485 1 10 50
4900 8 13 19
1093 17 16 81
4246 0 16 22
1807 2 6 4
1731 7 8 8
3438 16 6 20
3410 14 2 12
3387 10 9 72
1506 3 1 77
764 12 14 45
3002 9 13 6
756 13 19 16
1295 5 4 80
5603 5 10 73
649 5 17 14
5189 0 6 16
640 14 3 6
5376 10 14 71
2238 9 4 72
2248 19 11 50
35 16 7 25
4374 19 15 12
3842 3 2 26
930 18 0 12
1847 19 0 9
3898 5 0 66
89 13 7 48
