366
3364 11 0 10
1775 11 4 44
2767 11 1 36
1925 12 4 44
822 12 1 40
883 12 3 29
951 13 1 37
2953 14 4 24
787 19 0 50
280 15 0 25
2858 15 4 14
2685 14 3 49
3059 16 0 26
2027 18 0 43
1469 15 1 37
2700 19 2 9
2810 16 1 43
2787 19 3 13
1922 18 2 40
2597 19 4 39
2795 11 5 55
569 19 5 26
84 12 5 31
110 19 6 4
617 17 4 36
1807 16 3 11
2093 12 6 17
3582 11 7 14
1967 19 7 55
3466 18 6 58
1421 16 4 7
2587 12 7 36
3152 19 8 13
2935 18 7 23
891 17 6 18
2829 14 5 24
3143 19 19 7
3002 19 9 13
914 17 7 22
3400 15 5 55
3373 14 6 35
298 19 18 26
3067 19 10 17
21 17 8 33
2809 15 6 11
1923 14 7 24
1060 19 11 4
1764 19 17 1
86 18 2 1
2847 17 19 24
1226 17 9 36
257 16 8 41
913 19 16 48
3366 19 12 20
3253 18 17 9
3236 16 19 43
2898 16 9 20
2244 12 2 1
2413 19 15 16
2135 19 13 15
2035 18 12 65
3399 17 11 46
933 17 17 38
1423 16 12 54
3045 15 19 63
334 19 14 15
979 17 16 27
2764 16 17 46
1477 15 10 40
2596 11 4 9
2449 17 15 60
2092 16 16 26
1718 14 10 40
438 12 9 53
2988 0 11 70
719 17 14 58
2877 16 15 46
2714 16 13 21
2255 15 12 34
2370 0 19 37
3204 12 10 28
1842 11 9 8
1844 0 12 19
3082 0 18 65
3023 15 13 27
1632 1 11 42
1387 12 11 6
95 2 19 18
2663 11 10 35
2678 0 13 22
654 2 11 19
3585 19 13 65
1708 16 19 10
1652 14 19 36
3318 14 13 18
3147 0 17 48
2692 12 12 37
810 0 14 51
1252 2 18 31
2701 2 12 11
2294 3 19 71
140 19 2 61
3161 0 16 16
2014 14 18 56
3486 1 13 67
3361 12 13 1
2733 2 17 22
3216 11 12 68
3208 2 13 68
1061 4 19 72
2886 3 18 16
736 0 15 11
2222 14 15 19
2661 14 17 62
2228 1 14 6
1042 12 19 66
2650 12 14 36
1043 5 19 73
2083 11 19 37
2036 11 13 55
1954 2 14 8
115 4 18 38
232 19 9 54
3324 3 17 42
3347 14 16 31
3083 13 17 26
3540 5 18 48
1363 11 18 5
2115 11 14 46
128 2 15 49
2634 10 19 47
2599 4 17 44
2540 18 0 18
2206 16 16 76
1870 13 16 61
418 12 17 42
1783 11 17 54
3537 5 17 34
1761 11 15 11
2212 9 19 29
1703 17 4 11
1657 7 19 34
3178 17 7 67
1512 5 16 31
3007 10 17 48
1629 4 11 10
2688 8 19 33
1 7 18 56
2254 11 8 61
2444 5 11 30
2251 9 17 51
1183 4 14 34
967 4 12 47
1912 7 17 36
1916 17 8 9
1580 16 9 62
988 5 14 32
3544 5 12 31
3474 10 15 23
1656 17 15 7
3283 7 16 59
1723 1 14 51
3160 6 11 3
3132 10 14 38
3043 9 15 14
2910 7 15 51
2791 14 19 67
2629 5 19 11
2720 10 13 56
3070 19 19 67
638 12 8 67
2488 9 14 70
570 18 7 77
265 7 14 17
2132 3 19 48
486 12 11 67
1101 10 12 37
451 5 17 63
1836 5 16 77
2108 0 18 23
3016 10 11 24
3140 16 4 69
320 10 10 25
2657 11 9 76
656 9 11 59
2616 19 12 78
303 19 4 14
597 15 13 68
290 19 10 57
567 7 19 9
2458 2 18 71
1118 11 14 9
1096 11 11 75
2125 10 9 72
1217 10 5 74
252 2 17 60
2039 9 10 34
1988 9 15 39
490 8 11 55
1938 17 9 13
1944 16 13 75
1756 10 8 25
1835 10 6 41
850 16 12 1
852 9 5 9
3523 8 10 73
3446 17 17 73
1649 14 15 73
798 7 15 18
3302 4 18 1
1498 2 19 63
2882 10 7 20
352 9 8 51
1442 9 6 41
1573 14 10 72
2705 8 9 10
3266 8 5 45
2611 13 16 2
2582 0 16 72
1128 0 10 66
2016 8 6 45
954 7 9 59
1897 6 5 58
452 1 10 79
918 5 10 58
892 5 4 13
786 19 17 66
3376 16 14 57
3534 8 7 81
887 0 17 23
3328 6 6 66
3353 12 13 32
48 1 9 76
1683 5 9 43
1569 2 10 19
3115 4 10 14
2965 15 3 69
3022 6 18 11
1493 2 11 65
2931 1 8 57
2862 5 8 45
3034 10 15 71
701 5 6 6
1345 2 9 26
2750 4 9 36
2737 0 7 27
2584 19 3 72
1230 3 17 76
2287 3 10 81
2211 12 14 77
1135 1 7 53
1090 12 7 12
136 10 8 72
1104 12 12 14
1052 10 17 4
2079 4 8 49
1959 15 19 23
1940 3 11 75
489 0 6 32
935 15 12 77
3157 14 7 57
1917 5 11 68
904 1 6 71
1880 0 5 2
114 2 7 32
3434 7 14 55
3426 0 4 59
3404 10 14 1
816 1 5 22
3331 2 6 76
1658 9 10 74
198 4 6 40
3072 17 11 20
2944 11 17 26
2959 19 14 65
2832 1 4 73
2817 14 5 64
703 2 5 6
1374 4 5 44
1342 0 3 49
1339 6 11 76
2535 1 3 41
1297 2 4 14
2461 4 4 33
2397 4 17 21
1111 0 1 13
2395 1 2 8
2267 2 3 75
1821 12 19 43
2046 16 3 71
1939 6 16 1
1997 8 10 12
1876 1 1 18
1858 8 11 80
247 2 2 51
1948 0 0 30
1921 3 2 63
3095 19 17 45
875 2 1 61
3563 6 4 45
3372 3 1 56
1711 5 4 81
3329 11 15 79
3273 5 3 74
1757 10 4 40
799 4 8 1
793 9 7 77
3182 9 15 71
1514 0 17 5
748 6 3 25
1315 3 0 6
366 5 2 36
2930 10 3 55
1327 10 13 3
359 12 5 11
355 9 4 61
2154 8 7 9
2704 7 4 52
647 6 2 58
316 5 1 50
637 10 2 9
2572 11 11 1
1220 0 11 7
2419 10 7 65
1273 9 3 62
2279 7 3 6
561 6 1 59
2147 10 1 24
139 19 18 63
2184 9 2 43
1117 7 2 24
924 10 0 49
908 5 9 73
1797 9 1 73
3553 8 2 8
874 17 4 83
3502 19 5 78
1740 7 1 74
3442 18 11 42
890 6 6 34
3388 4 16 20
3469 5 10 9
3427 9 0 64
411 0 0 71
3354 9 10 6
3238 14 18 13
435 16 0 74
3185 16 17 24
100 1 9 11
384 10 6 4
3006 14 6 76
177 19 0 26
2918 14 10 12
161 11 3 17
1191 16 8 14
154 2 3 52
2240 8 5 11
1178 17 15 32
2340 15 12 6
1125 8 19 7
282 14 17 8
1163 9 2 72
1021 10 1 81
1005 10 15 47
1983 4 10 40
1968 9 13 25
