344
253 0 10 16
957 0 11 10
1163 0 19 20
3515 7 10 12
2245 5 19 34
887 0 12 16
3621 2 10 9
3686 0 18 18
2274 7 11 42
3179 0 13 4
3425 2 19 47
579 5 18 24
2976 2 11 36
3350 5 10 22
914 7 12 40
3860 3 10 36
1867 0 17 20
3662 0 14 31
3963 2 18 50
2720 4 10 50
2053 3 19 36
58 7 13 50
752 0 16 10
1559 5 12 4
1355 2 13 42
791 0 15 29
3202 2 16 2
3893 2 14 25
2006 4 17 23
4538 3 14 49
4521 5 17 52
1201 5 16 4
1205 5 14 1
3687 6 17 38
694 7 17 45
3693 6 14 33
3916 19 14 31
3765 7 14 20
4450 6 19 53
3086 19 15 56
1525 19 13 7
1234 8 14 48
2665 7 19 54
271 19 16 23
2108 19 12 28
805 9 14 26
3105 19 10 42
2704 8 19 4
2269 10 14 3
1884 9 19 19
510 19 19 22
3995 19 17 57
969 19 11 3
3316 18 10 29
3740 8 16 55
2300 17 15 42
2876 11 14 18
3574 10 19 28
2566 19 18 60
2722 9 16 19
649 2 16 48
2478 19 2 35
678 18 19 20
4314 19 0 57
956 17 16 64
3789 17 12 40
3599 17 10 21
454 11 19 56
1445 10 16 13
2459 19 9 13
1554 19 1 55
656 17 19 17
538 17 17 51
1134 16 10 8
1683 11 18 61
348 19 8 56
1320 18 9 60
2440 18 1 12
1128 16 19 27
2615 17 0 49
4018 15 10 15
3988 7 11 4
2804 14 19 46
2805 19 7 5
2346 17 13 64
823 17 1 43
1103 16 12 17
1027 15 19 44
1998 4 17 66
3611 13 19 9
1670 12 18 48
212 19 6 4
1994 17 14 19
3317 16 17 52
2905 16 13 52
3071 16 1 39
618 13 0 29
243 0 13 70
1636 19 3 5
1645 19 5 4
3220 18 6 53
2129 17 9 53
2964 16 16 32
1227 15 9 23
295 14 8 65
191 14 0 42
3919 12 16 21
1615 19 4 31
1751 17 8 34
2588 16 15 50
3144 16 9 5
2927 14 17 30
2401 13 2 15
2694 17 17 15
3998 17 3 49
505 17 7 53
1003 17 5 20
3612 8 19 56
4062 13 3 58
740 17 6 56
2878 16 3 14
3324 15 7 34
3524 2 13 11
96 14 14 27
818 11 19 26
3253 5 12 56
3258 2 19 15
684 10 14 62
1245 16 5 72
4378 14 13 60
4426 13 14 53
1969 16 0 16
3248 14 12 41
3979 14 4 32
860 13 13 16
3429 5 14 45
843 18 3 42
3117 4 9 60
3338 8 13 20
4359 14 11 52
187 14 9 1
378 14 7 23
179 13 4 48
1228 11 13 39
1354 9 13 49
2326 4 8 5
1115 4 6 57
429 14 10 9
1035 3 9 35
2410 13 11 60
2138 12 5 9
2010 11 12 33
949 10 13 69
3729 2 9 65
1858 4 7 47
3333 8 11 41
3227 3 6 23
2737 0 9 61
2710 12 10 6
748 12 6 60
1291 1 9 31
1247 11 5 19
2930 2 8 62
2457 9 11 60
2372 1 16 63
565 17 8 73
2684 0 8 24
3674 12 7 43
496 12 9 51
2011 11 10 27
4005 1 8 16
1837 8 16 4
1815 15 19 2
3552 13 1 67
3494 17 13 4
3523 13 18 2
3255 13 8 4
3022 11 9 54
4282 19 17 4
724 19 15 29
2652 2 6 44
2362 8 10 38
2312 0 6 39
4330 3 5 51
4101 9 14 65
4057 0 5 64
4092 10 9 3
2058 19 8 14
3791 7 18 14
3853 3 4 44
3372 16 3 55
1664 0 4 23
1571 19 4 1
261 13 9 32
664 16 10 61
1314 10 7 41
1337 10 5 58
2189 18 19 64
3786 2 3 19
2292 8 9 24
1156 0 3 55
4238 10 19 73
1158 10 6 27
2087 0 2 44
2233 13 2 58
4058 9 7 50
1555 9 5 62
1900 2 2 69
1866 0 0 31
4037 7 9 28
3688 15 10 69
3648 0 9 8
3602 8 14 13
3452 17 0 1
3568 9 6 25
3376 1 0 22
3698 8 5 59
1522 7 8 5
3027 14 8 26
325 14 9 48
185 0 1 55
2762 12 7 6
1394 5 9 40
2614 2 0 45
2407 7 7 73
288 3 0 4
555 5 8 33
4235 4 7 77
4104 18 13 74
3920 17 19 58
245 14 17 69
477 6 6 57
1853 6 10 78
1534 4 0 60
3008 14 7 68
2768 17 12 7
719 3 2 56
2931 5 0 60
2757 0 2 9
1189 4 5 60
4505 10 7 15
276 13 5 16
264 2 6 13
1148 4 4 2
4453 4 2 12
2135 3 4 18
4181 3 3 29
3943 5 9 1
936 3 8 12
1890 6 4 30
237 6 2 37
3616 6 0 32
3600 10 16 60
7 11 5 52
1753 13 14 8
3369 17 16 2
1678 1 0 54
3211 7 16 10
2961 11 9 28
768 6 1 55
745 5 7 15
2933 2 2 42
354 2 0 71
3102 7 4 53
1369 7 0 20
2540 18 10 70
1176 8 4 3
2337 8 0 45
1160 8 11 6
4432 3 5 14
2160 3 0 46
1063 9 4 74
4226 9 0 9
4150 13 0 80
2203 8 1 71
4025 4 10 3
2016 7 2 27
3792 13 13 46
3801 10 4 66
1857 10 0 20
1882 9 1 28
3483 11 4 17
3589 10 3 70
3397 5 6 80
408 4 19 5
3186 4 0 35
1595 12 4 35
3084 11 3 62
2810 18 0 12
1482 7 7 10
2678 13 9 71
4420 0 8 64
356 17 5 61
4436 11 1 67
1095 10 9 43
2075 7 14 81
2045 13 12 8
2046 11 0 39
1916 10 18 76
3749 0 4 61
107 8 12 74
851 8 5 8
444 14 18 12
3189 5 14 78
1433 16 12 51
1457 0 16 80
2593 7 7 40
2949 19 14 5
1412 6 4 57
2825 2 18 2
3080 9 0 66
4535 11 14 82
36 9 11 23
4344 4 3 59
2172 7 8 49
4300 11 0 18
2029 2 3 64
2026 17 6 2
1001 13 3 40
976 6 17 17
1927 9 4 19
1892 16 5 17
1897 0 5 31
3559 15 7 15
3531 8 13 83
3431 6 2 11
3539 3 2 23
3400 5 0 40
1691 19 16 65
854 8 4 29
3225 17 15 21
1547 2 2 10
3038 13 4 11
2596 9 1 53
1343 17 3 3
2537 14 11 11
1179 10 5 83
2420 13 13 73
285 10 9 65
4261 19 12 8
1076 14 0 8
506 3 0 71
3964 10 4 18
974 10 7 75
