339
3847 19 7 27
3302 18 7 11
5494 19 9 8
4318 17 7 2
3669 19 10 19
5580 14 7 6
431 16 7 5
5134 18 9 9
713 19 11 28
3623 11 11 36
1193 16 8 29
2109 14 8 34
370 12 11 23
1363 19 12 33
4510 17 10 37
3557 14 9 6
680 11 13 36
286 19 19 2
3487 19 13 21
2244 16 10 24
5529 13 11 28
4733 14 10 19
3097 12 13 27
3226 19 18 46
2704 19 14 41
2683 17 12 36
3251 14 11 43
2259 12 14 51
4805 19 15 8
5179 19 17 26
5886 17 19 53
3368 17 13 34
5127 16 12 53
3815 14 12 28
2851 19 16 27
4030 17 18 6
4192 17 14 43
2878 16 19 33
3160 16 13 49
4792 14 13 34
2616 17 17 38
2682 16 18 2
4679 16 14 54
5719 0 19 42
4721 16 17 10
3852 14 19 25
805 0 18 1
5047 1 19 35
4231 15 17 56
3993 0 10 33
3849 2 19 1
949 0 11 16
2651 15 16 19
241 0 17 23
4392 3 10 3
2123 2 18 31
1844 0 12 11
861 2 10 31
3605 4 12 60
2954 3 19 41
330 0 16 51
4527 3 11 42
4449 13 19 35
3470 13 15 44
5599 0 13 21
5460 11 14 37
5252 2 11 63
2512 4 19 30
2304 9 14 41
2005 0 15 3
3994 1 16 41
483 13 18 56
3213 12 15 64
2906 0 14 50
5685 5 19 50
5407 11 19 19
1370 2 16 38
3113 11 15 18
4663 9 15 23
1811 16 18 55
4331 13 17 42
742 5 18 30
16 11 18 35
657 11 16 15
1246 2 15 67
5012 2 13 62
317 10 19 49
4635 9 16 29
4474 4 17 27
1967 5 17 18
1697 10 18 31
3569 9 19 14
173 4 16 37
5508 7 19 13
5011 5 16 39
256 9 18 45
1111 4 15 31
5216 0 17 64
4279 7 18 12
883 5 15 59
1418 4 14 39
5657 8 18 61
2517 16 14 11
605 5 14 18
477 7 16 12
6103 7 15 48
2497 10 13 50
1158 12 15 20
4419 7 14 10
487 13 10 43
3518 12 10 38
421 10 12 14
489 9 13 11
5553 12 9 1
6009 11 10 43
3187 10 11 35
1173 13 8 49
5329 12 8 64
4612 10 10 41
2380 11 13 3
1647 11 8 3
5429 10 9 63
3659 8 11 36
1910 7 12 38
2485 2 15 28
1276 9 9 64
4790 7 11 18
1123 6 12 7
2261 5 12 1
3602 17 14 14
1009 17 17 3
1887 8 9 61
5312 10 12 48
6024 5 11 37
5998 2 12 8
2799 7 15 14
5447 6 10 14
1505 5 10 57
6056 8 7 12
2481 6 9 27
2504 5 9 28
4484 4 12 4
2097 8 6 15
4119 15 16 69
4056 7 7 32
2111 1 15 11
1878 0 12 52
3748 5 17 59
3791 5 8 33
1613 8 5 26
1419 0 9 21
6087 6 6 45
5480 6 4 31
1385 1 9 3
1217 7 5 65
4859 3 9 37
4416 6 5 57
4176 1 8 10
4616 5 6 33
829 2 9 55
3421 13 8 2
1609 1 7 34
3044 0 6 52
4530 18 19 60
3215 4 4 28
2861 0 0 52
1520 3 7 55
1487 0 5 52
345 1 6 54
94 10 9 24
5110 1 0 58
4783 3 6 45
587 3 4 4
4832 9 18 9
2885 1 5 9
2328 0 2 50
136 2 0 43
4239 0 4 65
60 3 0 31
932 1 4 19
3814 1 2 37
1725 7 16 54
3032 0 3 46
6029 3 1 25
2765 8 7 56
2564 3 2 39
1287 5 0 23
4952 5 14 69
297 13 18 5
133 6 0 10
1069 0 14 16
4271 5 1 8
978 6 1 24
966 5 2 43
3799 15 17 21
2089 16 13 9
430 7 0 42
1718 6 2 48
396 9 7 20
1573 9 9 38
2593 13 15 8
6039 8 0 8
2988 13 17 18
5967 7 1 62
5412 17 19 6
1588 10 7 67
5582 9 6 2
5762 9 0 18
5239 7 4 51
5220 7 2 18
5086 3 7 12
1262 6 9 70
313 11 7 44
5141 10 6 63
5210 10 0 32
4312 9 5 37
4917 9 1 53
4878 8 4 27
4893 2 0 14
7 13 7 44
4460 11 6 42
1100 11 0 61
4370 0 5 15
1006 9 4 44
3277 9 2 14
4053 14 13 5
2077 6 4 65
4017 12 0 23
935 11 5 21
1874 11 1 12
1908 2 13 38
5 15 19 4
5862 12 1 29
3064 11 19 72
4158 3 8 2
3419 11 4 39
6042 11 2 48
5797 11 15 72
687 13 6 36
723 12 2 18
2466 14 6 52
610 14 0 70
4886 14 19 77
543 4 11 69
4303 15 6 65
4513 15 0 63
2056 14 1 47
1001 13 4 70
4049 13 2 12
3901 5 0 78
251 5 9 60
3709 16 6 30
3687 15 5 49
460 8 4 72
916 1 19 6
415 14 2 54
3535 7 17 18
3373 10 10 79
3149 19 6 71
5863 17 6 63
6112 16 5 7
6106 15 4 32
2892 7 12 4
5851 6 1 55
1414 5 6 77
5660 19 5 16
5636 18 6 34
3100 17 5 55
5704 16 4 40
1283 19 4 27
5088 13 1 57
5057 1 2 78
2066 17 4 35
5024 14 9 64
1274 12 7 12
4728 19 3 9
4701 0 10 72
4588 17 3 9
4395 13 5 70
2195 11 5 51
3697 19 2 32
4089 18 3 60
2036 14 12 74
4042 17 2 76
2009 9 0 73
3175 19 1 40
1920 17 1 40
452 13 2 65
1745 5 1 62
424 19 0 62
3384 18 1 3
1622 13 11 5
3257 2 2 80
121 13 4 38
3338 5 16 15
1638 1 7 68
5947 5 18 65
5607 5 8 5
5554 8 6 67
5517 8 2 7
692 14 1 24
2687 14 6 11
1331 13 17 80
5232 1 9 59
5362 17 5 3
1244 6 2 73
2473 3 0 63
5119 0 2 11
1179 9 15 71
70 10 19 8
1062 17 3 54
1091 5 15 24
1030 0 3 16
2030 0 1 21
963 9 6 28
465 0 9 80
1733 2 18 9
1723 3 9 70
3179 1 9 37
385 3 6 81
542 4 4 63
6076 8 0 79
5829 4 19 69
5850 16 17 54
362 13 1 3
5775 10 11 74
5853 15 5 18
1452 7 11 49
5382 4 14 8
5209 12 14 11
2591 12 8 39
4468 19 6 8
1187 0 0 27
2977 14 2 3
4630 12 19 80
2279 16 12 14
4539 2 18 77
1983 17 10 6
2 8 9 23
