366
3184 19 19 11
1606 18 19 18
113 19 17 31
969 17 19 29
5101 19 16 30
916 16 19 36
1540 18 17 34
2043 19 15 47
3092 15 19 8
4042 17 17 17
4181 17 16 39
2991 0 13 26
4500 0 19 52
474 16 17 4
2706 14 19 19
5068 0 12 35
4153 0 0 39
3341 4 12 58
183 0 18 54
4629 16 16 16
1213 1 19 6
288 15 17 56
1343 13 19 57
569 2 19 56
4043 2 13 33
1743 0 11 41
1723 4 11 26
4442 1 0 22
584 15 16 6
4691 0 17 4
4342 3 12 5
3890 14 17 8
2829 12 19 51
3364 11 19 13
3323 2 18 51
4380 0 2 25
460 2 12 49
1696 4 10 62
564 0 10 43
4245 2 0 1
4312 3 19 35
1078 0 16 29
473 14 16 9
2739 13 17 55
1130 3 0 11
3653 1 10 40
4093 2 17 55
4711 11 18 26
2978 4 19 40
1710 1 2 43
5087 4 9 3
3247 3 10 35
3311 0 15 36
1482 13 16 28
3020 0 3 45
1209 0 14 28
2502 3 1 37
1417 1 9 50
4795 5 19 37
593 2 16 26
994 11 17 4
3498 11 13 33
1499 10 18 62
2817 1 3 20
5113 9 19 14
2327 4 8 38
4319 3 17 43
161 3 2 46
1338 5 18 29
633 11 16 54
1314 11 14 8
2409 1 8 49
2309 2 15 13
4949 10 17 7
2129 1 4 59
3715 5 0 13
54 9 18 54
1748 8 19 17
2899 0 19 14
3563 3 16 52
28 6 0 4
3679 5 17 1
833 0 6 57
1586 10 16 47
1538 10 14 35
1319 5 1 18
3070 13 19 5
2248 8 18 44
1053 3 15 43
1018 3 3 13
3960 6 1 57
3923 5 16 46
3774 1 6 66
118 5 2 64
1550 8 17 68
2963 7 0 40
1387 6 17 15
2808 3 4 42
2729 1 10 6
1479 6 2 67
5193 5 15 56
5160 5 9 34
4801 4 14 5
4631 2 6 11
545 8 16 70
2144 4 4 44
1638 8 0 18
4077 16 17 59
422 6 16 53
3322 6 3 44
206 5 14 1
3161 9 0 18
5141 4 7 44
1050 4 5 27
88 8 1 63
2657 6 15 27
351 6 4 32
1470 10 0 14
2310 8 2 57
3977 6 14 21
482 6 5 13
927 5 12 72
1766 11 0 66
3510 10 1 43
1712 2 15 52
1569 8 3 45
1939 6 9 21
1405 12 0 8
2969 5 11 33
4818 10 2 10
4680 1 6 6
4516 8 14 38
2301 8 4 56
1045 7 9 6
4132 7 5 1
4137 3 16 17
243 6 12 30
3120 12 1 24
3899 1 9 6
1905 0 5 8
3489 5 10 54
3154 10 3 7
3218 8 13 58
3173 8 9 30
1680 8 5 31
4364 7 8 38
1380 6 7 72
805 12 2 33
2962 10 4 28
2474 9 9 36
1136 9 5 57
1201 1 2 3
4701 8 12 67
4601 7 0 5
427 7 7 57
3937 6 10 15
3940 12 3 65
3775 10 5 43
2370 9 12 54
3283 8 11 13
404 8 7 61
1566 13 16 69
2688 12 14 69
978 12 4 49
3072 10 12 58
2883 10 6 13
346 11 17 61
2460 0 3 4
2333 12 13 30
4645 12 5 10
2305 12 19 20
4714 11 12 12
4543 10 11 73
2240 5 9 74
4315 19 14 10
1015 7 3 5
384 8 2 27
1821 13 14 12
59 12 12 52
935 12 6 45
1637 11 11 8
3242 3 2 15
3198 10 8 59
426 19 13 16
187 18 14 68
2122 4 7 10
2807 0 15 73
1351 14 14 14
2694 12 11 60
1336 12 7 44
4683 11 10 9
2489 19 12 4
1220 17 14 68
5122 15 14 12
4526 14 13 49
4569 12 10 26
4429 12 8 8
4407 6 14 74
4288 0 6 26
3690 19 11 64
2123 7 2 11
251 8 17 40
2016 18 12 10
3917 17 13 22
3799 8 13 12
3752 2 6 73
2112 15 13 53
3100 0 0 12
216 14 12 43
1875 5 17 66
1715 5 2 12
1634 19 10 45
1595 18 11 25
2753 4 4 8
3063 17 12 23
3048 8 11 69
597 16 13 67
1375 15 12 52
715 14 11 26
5025 11 16 14
5158 19 9 37
2356 10 3 62
4575 17 11 76
284 15 19 75
4426 16 12 52
75 0 10 19
4113 14 10 61
3755 19 8 43
3539 16 11 51
3481 15 10 50
3389 13 8 65
3317 3 3 66
3739 6 5 66
1576 19 7 8
815 18 8 23
728 17 9 11
2989 14 8 19
2555 3 13 69
2537 13 7 53
5205 12 1 68
2382 12 6 6
4733 12 0 36
4822 19 6 59
4607 9 12 19
4567 4 17 1
2118 17 8 16
137 15 8 4
4510 14 7 20
4506 4 18 78
1110 13 0 28
4116 19 5 34
2011 18 6 14
1993 4 5 1
3961 15 7 79
3896 14 6 21
3872 14 0 3
3842 8 3 20
954 13 5 52
3761 13 1 14
1813 19 4 73
51 18 5 73
3512 8 14 16
1799 15 6 45
1597 15 0 65
3188 14 5 71
3186 14 1 51
3220 13 4 29
3180 13 2 74
3172 12 13 75
362 19 3 61
673 19 16 4
1396 18 4 37
1447 17 5 8
267 15 5 60
5179 15 1 41
5093 14 4 78
2486 13 3 51
2441 5 14 42
2350 5 10 5
2328 14 16 52
4663 19 2 42
2542 17 4 4
4505 15 4 63
139 14 3 30
2113 5 11 69
4160 19 1 7
3999 18 2 4
2005 17 3 38
3968 17 9 78
242 15 16 60
3656 11 8 1
3807 19 0 32
3520 18 1 32
3562 18 13 62
1599 11 18 64
3094 8 12 34
4110 8 17 5
382 17 1 30
3037 1 6 40
2841 15 0 19
2292 12 5 59
626 12 2 6
2450 15 17 5
1296 17 8 45
4862 1 0 79
4542 6 0 69
4432 17 4 72
1125 7 7 19
272 9 13 72
270 4 10 10
4351 6 17 67
2104 3 4 15
3910 18 5 3
3911 3 8 76
1585 12 8 69
1689 3 0 62
224 1 7 1
3526 19 9 71
3271 6 19 79
1617 17 17 68
3011 4 5 58
3034 19 0 71
2917 8 16 44
2958 14 10 29
5138 18 8 59
4161 14 12 20
5073 15 8 32
5055 14 7 76
4848 12 3 42
4433 14 1 79
4471 16 16 79
2193 9 14 79
2139 18 0 7
260 13 17 26
503 12 10 58
1986 9 11 1
3954 17 0 76
3901 15 11 24
3722 8 12 1
3781 8 19 53
225 4 15 8
3182 8 0 72
1776 15 4 36
3559 8 7 20
1733 10 16 24
3393 14 17 70
3171 18 2 68
3117 17 11 40
1472 5 1 74
1475 2 16 70
2980 12 7 22
2850 13 5 75
2713 10 0 64
2680 10 5 13
614 19 1 72
4835 11 14 48
4472 19 4 9
2204 3 8 15
2897 2 18 20
4097 13 3 6
506 9 9 18
4018 18 9 83
3995 15 10 5
3907 5 14 74
3708 4 10 39
1980 12 12 5
