379
1095 0 19 33
4399 9 19 15
827 0 18 34
3886 2 19 13
54 10 19 35
2236 0 9 13
4090 0 17 30
4104 1 9 27
4772 2 18 10
3195 11 19 4
1852 11 13 16
4764 9 17 33
463 3 19 38
1024 0 16 3
5256 12 13 37
5084 1 10 18
3303 11 18 25
495 2 17 35
2407 4 19 40
4030 9 16 38
3554 0 15 10
3764 0 14 18
1155 12 14 9
5241 5 19 49
2043 2 16 11
1417 11 17 41
4220 0 12 17
3958 2 10 27
865 19 19 39
2588 3 17 46
5214 13 19 28
5218 0 13 38
5209 5 18 34
4897 2 11 2
4578 19 18 18
2906 4 9 52
2364 3 16 17
2640 14 19 41
2959 14 13 38
1858 13 18 15
5343 12 15 27
1176 5 17 14
4474 5 9 31
1099 2 14 21
3846 2 12 46
454 19 17 52
3188 4 10 45
5292 17 19 51
2483 7 19 61
4946 15 19 46
2376 15 13 37
933 14 14 19
4132 13 17 38
3435 5 16 4
2801 5 10 25
5229 19 16 53
4647 4 11 58
2707 8 19 12
3464 17 18 50
4936 16 19 29
3891 7 18 46
859 3 14 26
1708 14 15 27
3260 14 17 10
4601 5 11 24
1032 19 15 21
623 4 14 16
3806 4 12 19
1864 8 18 24
3720 17 17 56
3952 15 17 51
3959 7 17 60
4814 5 14 36
163 5 12 52
4630 19 14 32
3233 17 16 25
464 7 16 61
315 19 13 28
4712 8 16 10
2180 17 15 63
4267 7 15 58
2280 19 12 20
3029 8 15 29
1064 17 14 38
3062 7 14 25
1945 9 15 24
869 19 11 42
854 18 12 58
1452 10 15 55
5048 9 14 35
1135 19 10 34
4504 19 0 7
1159 17 12 16
58 7 12 16
499 9 13 5
3738 19 9 49
1751 19 1 22
23 18 10 70
794 17 11 3
1502 7 11 5
84 5 16 62
3971 19 8 27
2581 9 12 33
5065 19 2 29
4865 17 10 16
4944 17 0 17
2598 13 17 2
285 15 12 1
4462 7 10 57
60 19 16 1
2639 19 7 16
1824 9 11 44
3633 19 3 44
877 18 2 69
3377 17 9 11
3271 17 1 8
4123 16 10 22
5310 16 0 37
1472 7 9 30
1446 14 12 2
1078 11 12 26
1134 5 19 18
4920 19 6 36
2460 19 4 20
4844 9 10 19
4078 17 8 49
999 17 2 30
120 16 9 3
3815 16 1 21
2035 15 10 13
1736 13 12 45
439 12 12 70
1700 11 11 15
3101 19 5 66
1493 18 4 35
1244 17 7 56
2844 16 8 36
5431 16 2 53
697 15 9 45
1369 6 11 73
2848 15 1 34
1338 14 10 6
1451 12 11 15
5058 11 10 28
4420 18 5 60
1976 17 4 36
988 16 7 40
942 15 2 4
2017 14 9 11
3555 14 1 20
1740 12 10 12
1754 12 0 10
1681 2 12 16
761 19 1 58
2951 4 10 8
3028 16 4 62
5186 15 7 33
5429 14 2 13
2576 13 1 74
2539 12 1 32
5446 11 0 50
1081 15 4 29
4245 14 7 31
3438 14 12 57
3853 12 8 60
31 12 2 37
116 11 1 58
1716 3 17 13
3510 15 5 29
5193 15 19 2
4197 14 4 68
378 12 7 32
212 12 3 33
2752 11 8 59
2832 11 2 15
4965 19 11 5
1185 14 5 31
1182 14 10 70
2609 12 6 47
2428 12 4 21
4323 11 7 30
2294 9 13 50
3443 10 8 30
3189 16 9 62
4166 19 0 58
3907 19 3 75
3679 15 12 64
1668 11 6 35
3344 10 7 36
1652 19 12 70
817 9 8 4
3207 17 18 24
2649 3 14 64
1424 13 18 75
1486 1 14 62
1402 10 4 34
673 10 6 15
2369 8 8 16
2619 0 8 10
145 14 0 3
4451 1 8 47
4427 19 17 6
5032 9 6 18
4429 9 4 40
4460 0 7 64
1757 15 4 58
4039 17 14 8
3979 17 0 77
978 0 18 8
2022 7 8 40
3987 4 9 3
1053 1 7 19
2096 2 8 49
1580 8 6 23
3139 8 4 25
1506 15 17 2
3131 0 6 55
2963 15 1 70
742 6 8 41
2922 12 1 74
5495 5 8 10
5462 1 6 32
694 10 3 4
1418 17 12 57
2675 7 6 74
5091 3 8 38
4227 6 7 70
5023 6 6 54
4871 0 4 27
310 5 7 36
4705 1 5 32
4701 10 2 77
2290 2 6 63
8 9 3 55
569 4 8 2
137 19 9 4
4312 0 9 68
4290 14 13 5
560 4 18 8
4156 3 7 1
525 6 5 10
3986 2 10 68
1867 5 6 45
3927 10 1 8
237 2 5 74
955 9 2 42
3798 4 7 67
4008 18 9 20
1779 18 19 11
3385 8 14 65
3523 3 6 12
810 6 4 78
3386 11 11 47
3216 5 5 15
830 10 0 22
3320 7 11 47
1564 9 1 70
2950 4 6 6
2961 8 2 34
2693 3 5 45
76 14 17 58
1298 6 3 33
5195 11 17 18
1278 9 11 8
2534 5 4 11
4960 17 4 71
4858 9 7 62
140 8 1 31
2164 6 2 1
1855 5 3 22
62 2 16 62
56 18 14 7
3502 16 7 7
3410 15 2 50
3161 6 1 44
3093 19 6 13
755 5 2 77
5400 7 9 7
2494 5 1 41
2505 8 19 70
2122 4 2 72
4867 3 3 78
4848 3 2 28
2422 6 6 9
5309 6 4 37
4593 2 3 32
2243 4 1 55
4354 3 1 53
4076 1 3 12
1015 19 7 65
4089 12 15 66
1982 2 2 31
1921 3 5 73
1915 7 18 22
3706 5 14 75
946 1 2 33
3359 14 8 13
1678 0 3 13
3223 15 13 9
3767 15 10 45
746 1 1 9
2928 0 2 46
2790 12 4 73
5274 2 11 54
5223 4 11 25
1351 7 12 62
4950 12 2 3
2382 19 3 18
1205 3 16 74
4479 17 7 14
4440 8 15 5
1051 10 4 68
4202 1 4 5
510 3 1 77
4062 5 7 6
996 11 19 71
1909 17 16 1
1813 11 12 68
3182 5 8 36
1842 8 1 58
3612 0 19 10
111 17 9 52
1819 17 17 7
1791 3 14 4
3277 12 10 47
3242 10 6 60
96 10 7 10
735 8 3 80
715 14 14 77
727 4 9 28
5521 0 15 61
650 7 15 4
5426 10 2 56
1342 12 14 65
5164 6 3 66
626 9 6 59
1208 5 18 81
4785 1 11 72
2899 9 1 10
4401 3 2 78
2191 12 6 20
4706 5 4 35
2194 2 19 77
4371 2 1 70
4182 6 8 79
982 10 3 80
915 9 14 9
1766 1 9 5
3506 2 11 79
1590 12 7 7
4127 14 9 67
731 2 2 8
1412 15 8 15
2744 19 18 61
2741 5 6 72
5479 0 6 81
5441 7 16 23
2393 14 10 45
265 15 4 7
5088 0 3 69
609 5 12 7
1202 3 5 18
4656 6 4 5
2244 7 8 67
2388 7 15 29
4447 17 17 30
4045 5 3 75
3818 9 10 61
456 19 2 3
3662 17 19 4
3564 10 4 9
431 6 1 66
3478 11 15 73
3454 11 11 81
3379 19 8 3
3090 14 12 35
757 19 4 2
2976 5 11 3
2874 9 12 69
