360
2138 19 9 4
3844 19 19 33
1089 18 9 26
3847 19 18 9
2045 19 11 12
557 19 17 36
4137 17 9 33
2033 17 19 17
5003 19 12 19
3744 19 16 41
3104 16 9 11
417 16 19 4
1713 18 11 4
2773 17 18 21
1543 19 13 26
4945 19 15 6
5680 17 11 5
1496 15 9 7
3670 15 19 46
3884 19 14 32
4001 17 16 37
2095 0 19 30
2595 16 11 35
2844 14 9 40
5242 14 19 43
835 5 19 20
5043 17 13 49
2011 17 15 25
1806 16 16 53
800 1 19 3
1569 15 11 3
5515 15 17 35
5081 13 19 45
4310 2 19 17
3250 5 18 41
4320 16 15 36
4009 16 13 7
4272 0 17 49
1453 15 16 25
5189 14 17 53
4039 12 19 33
4115 11 19 54
5251 2 18 18
5126 5 17 6
481 15 15 20
845 15 13 47
824 0 16 61
773 0 0 43
5596 13 11 24
2782 13 17 28
5392 12 11 6
3517 5 16 29
2608 11 18 34
5723 1 0 18
4479 3 18 63
4077 14 15 11
4049 14 13 13
4035 1 16 47
4044 0 15 20
5819 12 12 54
4608 0 2 27
2324 11 17 18
5629 2 16 46
2756 0 14 39
5382 5 15 30
5013 9 19 47
2127 2 0 36
70 13 15 51
814 12 13 61
3853 3 0 37
2714 0 13 41
5026 11 16 59
5033 2 15 7
3966 5 0 45
4474 9 18 25
4084 1 2 15
1779 3 16 17
438 6 19 66
3206 0 3 66
1319 3 1 33
5066 11 15 57
1347 2 14 47
3644 5 1 45
4832 0 12 5
680 9 17 45
4778 1 3 59
2059 4 14 46
1958 7 19 36
1709 6 18 23
889 3 2 65
5202 2 13 58
2691 0 5 31
5336 10 15 10
5167 5 2 24
2115 1 4 33
4775 9 16 50
5047 0 11 38
2381 4 13 10
1181 19 15 60
2476 7 18 39
224 14 16 67
5581 11 13 26
1592 0 6 17
160 2 12 43
2515 9 15 51
2465 4 12 68
4864 2 4 65
21 0 10 53
4167 16 16 12
4080 8 16 40
3973 17 13 4
3440 6 16 58
3297 1 10 57
724 11 12 35
4305 5 14 59
4933 2 5 20
2197 8 15 44
3778 6 15 10
1812 3 4 67
3328 0 7 15
3818 11 19 12
1757 1 9 3
3425 11 11 23
424 5 13 44
3417 1 7 40
756 2 10 66
833 9 13 45
3655 15 11 68
3406 3 5 69
3379 6 5 46
1049 1 8 48
4448 5 12 66
5642 2 9 16
5560 9 12 18
4627 4 11 36
5296 8 13 67
4456 6 0 42
4538 5 11 58
3812 2 8 53
117 4 6 47
108 8 12 31
1767 7 13 36
1457 6 1 48
5611 3 2 3
5620 5 10 22
5506 18 11 66
5084 4 7 12
3166 7 12 66
4133 6 2 65
2068 5 9 22
1952 5 3 4
3768 2 14 1
3758 19 5 49
819 8 0 21
1299 6 10 62
5552 6 3 48
2823 1 16 16
2853 5 4 69
5564 19 8 44
698 19 6 22
5399 18 5 13
5384 9 0 64
4569 8 1 14
2618 0 3 2
5302 6 9 62
2264 10 0 8
1107 19 7 55
4348 18 6 16
2157 9 1 62
4096 8 10 20
1012 8 2 20
995 10 1 52
3577 5 2 63
1976 9 10 50
4053 9 2 35
3323 16 19 72
1573 17 8 28
51 17 6 38
2952 8 9 40
736 8 3 59
1446 16 5 49
5291 6 7 49
5817 6 6 40
2550 9 18 74
5075 0 7 65
1260 9 16 6
2422 10 10 9
2398 5 12 10
4522 5 11 11
5016 9 9 60
2238 9 13 13
2135 9 3 54
42 8 8 28
3945 8 4 55
523 16 8 18
1764 16 6 27
941 15 5 63
868 14 17 24
2968 6 0 74
625 11 10 19
5820 0 6 71
5785 9 8 14
3311 9 4 3
3254 4 12 10
5702 8 7 30
5685 8 5 57
5582 15 8 6
5230 15 6 32
5017 13 10 10
4985 0 13 4
4878 12 10 38
2936 11 9 66
1829 10 8 10
3976 9 7 60
3910 9 5 50
3724 5 19 75
3725 1 19 48
1892 14 8 42
1021 14 6 23
3604 3 16 62
3541 13 9 11
2034 13 5 51
1759 11 8 53
3401 6 5 6
2277 10 7 41
1475 13 8 29
1407 12 8 71
1296 4 7 64
594 9 1 25
3189 3 18 16
909 12 6 77
3631 11 11 77
1793 0 5 2
1712 1 3 28
3354 4 12 42
3494 13 17 73
3134 12 5 37
1294 2 19 59
5730 19 4 70
5514 14 19 6
2559 12 4 16
589 9 15 14
4959 19 3 16
2389 18 4 34
5068 8 19 4
2310 0 10 15
4585 16 8 52
562 12 3 3
2175 2 13 5
1051 1 5 2
4890 19 2 41
3124 18 3 55
3669 13 4 44
1804 12 2 19
853 19 1 63
3384 11 15 8
1737 6 9 21
812 17 3 35
384 16 4 61
1555 16 6 4
5211 14 4 31
813 13 3 74
4576 12 1 42
90 6 4 36
5440 1 4 70
5527 5 7 10
1405 19 0 34
5280 18 1 36
1293 16 15 11
2048 17 6 73
5127 16 3 34
5087 15 8 53
5344 14 3 43
5110 15 13 6
2528 13 2 61
4713 11 8 7
4258 5 16 73
1188 18 0 59
2246 17 1 60
4377 15 3 73
1217 14 2 26
4178 13 8 5
4175 13 1 54
4106 2 7 7
3905 19 13 2
237 16 1 16
4188 15 2 71
3699 14 1 73
1687 16 0 11
215 15 1 74
1647 15 6 10
3203 12 11 72
2939 6 2 22
2849 9 4 54
5647 8 7 78
5792 1 2 53
2858 13 15 15
2788 6 10 22
2918 12 5 1
2496 19 17 3
646 2 4 36
2547 19 6 60
4954 8 15 5
4543 16 13 51
2104 12 19 4
4048 13 1 30
1937 12 1 76
62 12 13 4
1915 5 12 44
233 18 16 3
3719 4 0 1
3504 5 17 66
398 17 8 63
2955 7 12 38
5632 5 6 7
85 11 10 67
5492 3 4 43
2609 8 13 20
1280 9 17 16
1263 19 4 7
4800 1 0 65
2392 6 19 8
640 6 7 12
293 2 18 63
1148 11 12 8
1305 5 14 28
4371 4 9 75
270 0 17 17
1848 8 3 34
3963 14 15 72
122 2 10 44
1799 0 12 74
2791 12 3 35
1426 8 5 6
5394 14 3 18
2333 5 18 17
5072 12 6 38
2424 16 4 12
1155 19 5 2
4322 5 13 7
4158 17 6 17
2071 7 19 79
2006 8 12 1
1936 2 7 76
232 3 1 69
3705 19 2 4
3627 19 0 15
3531 14 1 41
1796 8 16 16
3436 8 2 66
1690 17 15 2
1510 19 11 80
3017 19 18 75
2577 14 13 67
4121 15 19 12
2971 9 2 72
5393 5 1 9
4984 0 19 77
2366 19 14 1
4228 12 1 18
