348
1408 10 19 14
1187 9 19 19
1442 8 19 14
523 10 17 20
3505 9 17 42
297 7 19 42
4308 7 16 13
4512 8 17 44
3416 6 16 9
3029 5 16 29
1078 6 19 26
2466 5 17 4
2060 5 19 46
3474 4 19 51
2301 10 2 35
1254 10 0 9
1872 3 19 38
4197 10 1 21
675 2 19 3
4128 0 19 46
1168 1 19 50
1233 8 0 11
1636 8 2 7
2518 6 3 25
105 0 17 46
3240 7 2 5
4440 7 0 41
625 6 0 7
541 0 0 1
490 0 16 57
3127 3 17 34
1429 2 17 39
2263 5 0 36
4227 1 0 56
3535 0 1 21
3073 0 15 23
3261 0 2 52
2341 0 14 15
2283 5 15 12
1873 5 3 49
3753 2 0 27
1620 4 0 6
762 3 15 49
336 3 0 39
1141 0 13 51
4418 2 15 51
4049 5 14 33
1996 5 2 8
2818 4 3 24
3884 0 3 48
1723 5 13 57
3406 2 14 54
2044 0 12 40
2825 1 3 20
2009 0 8 9
1848 3 2 33
3388 11 16 6
1890 1 8 26
3624 5 12 45
1917 2 13 47
3749 0 5 13
2701 0 11 29
4312 0 7 67
72 11 19 40
3686 11 17 21
4014 0 15 66
3914 0 6 12
4003 5 11 49
3648 2 12 19
3661 1 5 68
3469 4 12 11
3314 0 10 38
2756 3 3 15
4441 12 16 47
149 1 10 59
2521 11 18 28
3268 2 5 44
4079 16 19 45
3369 6 4 33
3200 6 0 55
4230 2 10 56
332 19 19 39
2751 2 8 34
2271 17 19 58
543 16 8 35
2158 9 17 4
4307 15 19 11
1021 13 19 54
4042 3 5 18
573 6 5 4
1883 5 10 15
4323 2 14 11
1042 19 18 27
3098 17 8 8
171 4 5 36
2693 16 7 3
7 16 5 41
2474 15 18 57
2386 14 19 61
4496 11 15 59
1075 11 13 12
2389 10 16 26
4267 19 17 5
497 19 5 47
4269 4 10 61
3730 8 16 52
1851 4 6 67
253 17 7 64
921 17 5 33
432 15 17 26
730 7 3 61
355 13 17 29
1376 10 15 7
40 19 16 45
2326 2 15 15
4435 19 6 16
258 18 5 51
4497 4 9 51
4359 4 7 43
4233 8 3 25
2050 7 4 2
3967 13 16 62
243 6 15 43
3704 12 15 56
429 6 6 51
3937 12 14 4
3084 10 14 60
1444 19 15 51
2816 19 7 58
691 18 16 68
3340 9 3 37
2407 7 15 38
2223 7 5 41
3093 6 14 4
2032 10 13 33
2018 10 3 47
1979 19 14 42
3879 19 8 20
3968 17 16 61
477 8 15 50
3623 15 16 53
824 7 6 45
812 13 19 12
404 13 14 15
1493 6 13 36
1533 5 9 21
1348 19 13 49
1286 19 9 18
2655 9 13 49
2575 9 5 5
1179 17 15 66
4367 15 15 4
134 6 2 71
3962 7 13 47
388 7 7 6
4072 14 14 66
526 6 10 19
1766 10 5 25
878 19 12 18
4070 19 10 39
826 9 6 59
1096 3 3 72
1462 17 14 34
689 8 7 5
2649 15 14 72
1357 7 12 69
2594 7 10 31
2487 7 8 60
2328 11 7 48
2165 19 11 72
4520 18 12 14
4315 18 10 75
1893 8 8 49
4063 15 13 66
1973 7 11 66
3795 12 13 34
1787 11 8 28
3335 5 12 19
29 9 12 25
3516 9 8 62
3972 17 12 58
2724 17 10 34
1405 8 0 55
1426 4 0 52
2694 0 16 25
1280 12 12 16
2493 10 12 19
4533 9 9 20
2178 17 11 12
400 11 12 45
1016 6 5 66
2030 10 11 45
492 9 13 15
2011 15 12 66
967 14 13 41
3634 0 3 10
3951 0 2 11
3611 11 18 77
3317 16 18 6
3450 7 15 75
3169 12 11 71
3011 2 7 70
2663 7 12 13
700 15 10 23
1304 12 10 32
4195 18 13 14
3996 14 10 17
3942 11 0 34
3256 3 14 69
1743 13 0 76
820 12 8 39
3339 12 0 56
1725 11 16 70
3218 2 12 58
3052 1 10 31
1459 16 17 2
2839 12 19 3
2647 0 11 67
2730 1 3 75
2573 13 1 46
2477 0 6 76
151 12 7 44
2542 12 1 10
549 11 6 27
78 11 2 22
574 5 19 18
2126 14 9 4
257 13 2 65
1944 12 6 66
4066 11 5 14
4046 11 3 18
1927 15 9 67
3855 14 8 50
1792 13 3 12
3550 12 13 65
872 12 5 59
895 11 4 32
3242 10 6 60
766 17 18 3
2847 15 8 50
1514 8 16 3
1482 13 6 34
2674 4 13 8
2636 3 5 54
602 15 18 19
2317 14 6 9
2270 13 5 12
545 12 12 73
2203 4 7 4
1221 14 5 20
3886 12 7 69
1004 10 16 70
3691 11 13 77
3771 0 10 13
1715 14 0 7
3286 10 4 75
3462 19 4 20
1577 18 16 5
186 8 15 15
718 15 0 30
2781 14 3 37
733 14 1 46
670 12 10 4
1315 10 15 73
2750 5 9 70
2707 19 3 6
2593 18 4 61
2347 16 4 49
4432 8 2 58
2258 14 2 45
138 19 12 59
1061 4 17 3
3780 18 3 65
4069 17 4 20
250 16 3 46
2034 13 5 48
1952 15 8 24
1974 0 17 7
1908 4 16 78
1754 2 0 3
3591 19 2 2
212 7 4 62
3188 16 1 30
1560 6 15 15
3007 14 5 80
2904 4 19 25
364 3 2 76
1517 10 11 15
189 19 1 28
2925 18 2 33
717 16 0 46
2576 16 19 77
1441 7 8 21
334 12 8 12
2499 11 8 71
1218 19 0 69
1321 18 1 13
601 9 12 78
4477 14 6 42
3189 6 4 66
2013 2 10 25
3964 11 0 11
1020 15 16 20
1804 2 17 7
1803 17 7 44
3433 5 17 62
3441 17 5 73
101 18 5 17
3283 15 10 56
1605 19 9 50
3024 11 2 74
2865 4 6 38
2796 14 2 11
2532 7 0 18
530 13 3 39
1140 8 8 23
129 10 0 65
4398 6 19 78
2230 18 2 65
4490 18 14 7
4316 19 11 46
4251 14 9 39
2037 4 5 5
4021 5 14 7
1971 16 5 5
1924 10 12 56
3790 16 3 24
4023 5 0 3
3695 2 5 26
3673 15 12 39
1812 14 3 71
3635 14 1 3
460 13 6 1
3352 19 18 63
767 3 17 1
3037 16 1 66
2905 11 4 3
720 0 13 17
2897 0 14 59
4183 16 4 14
168 2 19 60
2691 3 15 28
1410 0 6 44
2642 14 6 75
2508 12 12 45
4152 1 19 17
2519 4 9 8
1259 15 0 57
