367
5431 19 8 22
4438 18 8 8
5725 19 19 1
6174 19 10 3
1749 19 18 32
3973 17 8 14
4170 19 11 14
3068 19 17 27
4314 16 8 39
1425 17 19 7
2299 18 10 11
4071 19 12 40
3099 19 16 32
5488 17 18 34
5713 15 8 34
435 16 19 3
6033 17 10 41
3412 19 15 36
266 19 13 18
5720 17 11 13
1689 17 17 18
4192 14 8 1
3531 16 18 25
5998 16 10 7
5490 19 14 43
5046 17 12 31
386 17 16 35
3103 16 17 52
3064 16 11 28
5549 11 6 50
2109 13 8 56
2578 14 9 28
3854 14 19 20
3416 11 7 4
779 12 8 52
1576 10 6 59
1054 17 15 57
4998 16 16 46
3831 16 12 28
5370 14 18 43
1476 14 10 13
2890 13 19 45
5393 12 9 37
1992 0 19 38
4707 16 15 37
3396 15 12 19
802 14 17 56
2982 12 19 31
2708 11 19 54
2612 12 10 27
4228 11 9 19
3983 1 19 17
1538 15 15 23
361 14 12 21
5350 13 17 5
2428 12 11 2
2245 11 18 36
312 11 10 58
4091 2 19 21
4476 0 17 39
2926 14 15 39
4561 12 12 60
4466 11 11 26
5487 11 17 36
598 2 18 10
3673 10 18 43
5421 0 16 8
6002 13 15 57
4494 12 13 20
4514 2 17 24
4473 11 16 64
2113 11 12 31
887 10 17 56
3649 9 18 39
471 4 19 42
3401 0 15 44
6117 5 19 49
6172 11 15 47
5847 11 13 63
5787 2 16 49
706 10 16 27
5347 4 18 10
5465 8 18 10
3905 0 14 1
3620 14 17 15
1658 5 18 5
826 2 15 36
1546 0 13 61
822 10 15 18
2951 4 17 31
5582 9 16 41
1150 10 6 20
2252 8 17 13
4101 14 10 55
3931 7 18 50
3775 5 17 15
1670 0 12 5
2622 2 14 62
2978 9 15 27
3129 4 16 20
5359 19 7 55
2320 7 17 36
6280 0 11 1
2557 5 16 21
3384 2 13 31
3390 4 15 26
815 19 6 21
3525 18 7 3
1593 8 15 22
5056 5 15 41
4837 2 12 41
38 0 10 46
32 19 5 59
2237 18 6 39
4371 4 14 24
3574 13 15 17
2630 7 15 47
2932 1 10 6
889 5 14 22
5084 2 11 64
5005 2 16 2
4982 19 4 47
2881 4 13 55
4412 17 6 53
535 16 7 8
3666 0 9 62
436 1 9 10
872 5 13 53
3519 9 13 51
1572 19 3 18
770 4 12 3
3411 17 5 60
607 16 6 4
2496 0 8 46
2863 15 7 60
2548 1 8 23
1225 5 12 14
2380 9 12 23
2356 19 2 10
1127 4 11 29
4026 8 13 11
3860 17 4 67
468 16 5 37
2017 14 7 66
957 0 16 57
241 1 7 13
3770 5 11 20
5919 2 14 27
5667 9 11 48
348 19 1 57
3037 18 2 59
88 4 10 57
1408 8 12 70
5374 16 4 47
4763 15 5 50
596 0 6 1
2406 13 7 24
4775 6 12 18
2377 12 7 36
4961 5 10 68
2300 1 6 31
1149 0 5 10
528 9 15 68
2293 9 10 24
492 19 0 70
49 18 1 21
3767 17 2 44
6143 15 4 73
3057 14 5 32
2892 3 8 58
5916 6 11 22
2897 0 11 36
5813 12 11 70
5638 0 4 5
2754 11 10 11
326 1 5 52
1382 5 17 52
5442 9 9 21
5305 4 8 19
165 18 0 29
2536 17 1 37
4920 16 2 3
4591 8 15 67
4450 14 4 49
4663 3 7 50
5167 13 5 21
5141 6 10 48
3909 10 19 9
3722 5 8 53
1844 1 4 58
222 9 8 5
3402 2 5 61
3342 4 7 57
1520 16 1 54
3061 16 17 18
1735 7 10 8
8 15 2 37
5913 0 3 3
5872 3 6 40
5865 13 4 19
2894 12 4 8
2835 11 13 11
2775 5 7 66
5646 1 3 40
2637 0 13 11
39 4 12 68
4887 9 7 61
1524 2 4 34
4778 8 8 51
591 4 6 8
4333 0 2 15
2030 15 1 18
2038 14 2 68
499 3 5 62
3970 6 8 58
3692 12 3 69
857 11 4 56
3321 0 19 6
3240 5 6 59
784 10 18 3
1547 0 1 14
3069 9 6 29
5965 1 2 48
5802 8 7 28
5731 4 14 69
5279 14 1 51
2610 6 7 26
2574 3 4 31
2554 6 6 16
4212 12 2 27
4844 11 3 15
2223 5 5 40
4737 2 9 75
1206 10 4 5
4356 1 1 10
2058 8 6 67
3849 0 0 49
477 3 3 67
1916 3 2 71
3681 6 5 36
921 12 1 53
1723 11 2 54
1672 5 4 8
97 10 3 17
1618 9 4 37
3242 9 9 54
1801 2 1 60
5874 15 12 62
3074 6 4 37
2939 3 1 65
1419 11 1 44
2822 5 3 14
5882 10 2 40
5378 1 6 60
5257 4 2 9
2609 8 4 12
5231 1 19 72
2524 6 3 19
2287 5 2 20
4553 10 1 38
2222 17 15 25
2197 17 5 31
3975 8 3 77
3922 16 10 74
3873 0 14 52
3742 6 2 53
3520 5 1 29
859 5 7 3
3269 6 11 56
899 9 1 21
3300 8 2 60
5931 6 1 22
5732 5 16 70
1403 8 1 14
653 4 16 68
2179 3 1 14
258 2 10 9
4358 2 18 62
4211 10 2 15
1940 19 3 77
3264 16 19 65
3237 8 18 47
3170 17 4 29
3145 14 15 9
3185 14 5 77
1531 5 6 27
766 0 17 15
5945 3 8 32
5794 13 7 59
2853 4 10 9
5471 16 11 2
270 12 9 5
4023 4 19 18
951 8 1 77
3726 3 7 25
3663 15 7 36
26 11 12 71
456 11 18 77
3282 14 2 3
3111 12 7 72
6200 11 1 11
2811 13 19 6
2867 9 11 18
2726 6 12 78
2717 12 3 11
2551 16 2 31
4271 13 17 54
2483 12 13 58
3 9 1 64
2295 12 12 37
279 9 17 1
4485 2 14 2
3612 14 1 6
1910 14 9 76
1926 5 4 56
3900 6 0 72
3414 9 10 65
416 8 19 13
3220 12 1 1
6150 2 15 78
6011 15 7 7
189 9 5 67
5858 5 18 44
5157 3 4 75
5657 1 8 68
2597 8 2 1
5282 8 5 77
1313 14 2 40
2313 12 2 56
2122 14 15 78
2154 4 15 61
4395 2 9 41
526 12 18 6
4258 5 2 45
2013 19 4 23
1022 15 4 8
3912 5 12 49
997 11 8 31
4010 12 8 27
1557 12 1 26
3664 12 11 43
1751 10 16 71
5976 15 1 65
2977 19 0 6
5926 3 2 8
5769 15 6 13
709 16 5 7
2937 16 1 13
5663 17 19 65
5430 2 17 63
5545 14 12 74
2575 16 2 75
2567 14 7 37
2328 6 6 49
604 19 4 79
4201 16 4 13
1070 17 2 8
4180 12 19 74
4108 15 2 74
1014 6 10 2
3933 2 13 7
1986 5 1 78
971 4 12 34
1814 19 14 9
3617 17 4 5
3535 2 3 79
3515 8 4 54
