331
3857 19 10 12
5684 13 19 18
4508 19 11 1
1411 19 19 15
1468 19 12 15
3764 19 18 25
6215 13 18 10
5521 17 10 28
1920 19 13 23
3757 19 17 5
4813 17 11 12
1312 17 19 10
1079 15 19 1
2647 16 10 34
1946 13 17 1
3915 19 14 2
3247 19 16 14
4964 17 12 24
5398 17 18 15
274 16 19 26
5046 15 18 30
4000 0 9 13
4075 19 15 24
3588 1 9 21
59 17 13 5
3967 17 17 2
4843 0 11 38
3012 2 9 1
2608 17 16 11
5341 17 14 40
4922 0 19 38
4205 2 10 37
4015 0 12 44
3011 1 19 26
3120 0 13 56
4024 2 19 30
5489 2 11 8
58 4 9 45
1758 15 14 30
5695 15 16 23
2106 0 17 6
5144 3 10 48
2960 12 19 4
4307 0 14 55
1857 11 19 1
3599 2 18 12
2379 0 0 43
5338 0 16 12
3692 3 11 46
1989 14 16 3
3653 14 14 45
3781 12 18 50
5151 2 17 27
2692 11 18 3
4999 2 13 43
1865 4 19 17
5768 0 1 60
4493 13 14 64
4277 13 16 34
2120 0 15 27
1926 12 14 48
1830 5 19 19
3675 2 16 15
3487 11 17 35
1361 2 14 13
3022 10 18 46
5988 0 2 38
1896 9 19 45
6255 2 0 23
2878 3 13 42
2675 3 0 7
864 5 18 57
1144 11 16 43
3195 10 17 51
3981 4 17 47
1745 8 19 53
5915 2 1 51
5650 3 14 12
2781 0 3 33
2350 3 1 62
2264 5 17 41
625 10 16 59
3965 1 3 25
1515 8 18 13
5166 4 0 21
2627 7 19 22
1069 16 12 1
985 5 16 33
3745 5 0 3
3704 1 4 7
3591 9 16 54
2685 6 0 46
1410 0 6 34
2520 5 9 22
4885 1 5 1
4896 5 1 8
1155 19 14 63
4191 8 16 27
3568 3 3 51
3456 6 1 47
3461 0 14 7
774 5 14 7
3455 5 10 63
6293 11 0 62
6176 1 6 61
762 10 18 3
1448 4 3 17
3279 7 0 37
324 14 16 66
1254 3 4 44
630 6 9 5
5005 0 7 69
649 6 2 63
907 5 13 33
2421 1 7 47
4824 5 11 57
597 11 1 16
2843 10 0 64
4313 2 6 14
923 8 0 58
3897 15 19 66
1704 7 9 43
6204 0 8 28
6098 6 14 5
1367 6 10 24
2957 6 3 32
2897 5 12 45
5769 11 2 67
5564 5 4 3
1065 2 7 15
2640 9 0 21
3431 19 17 63
5429 8 9 12
4903 8 1 19
4898 7 10 70
2326 6 4 53
2089 11 3 11
4050 2 17 70
4392 10 2 9
1927 4 6 48
452 8 14 49
3681 8 2 37
3685 7 11 4
6223 13 14 19
407 11 4 64
5728 5 6 52
2667 10 3 33
5197 9 14 15
2481 4 7 48
4983 8 13 53
2344 8 3 44
5715 0 1 20
1236 6 6 40
1835 5 7 9
4012 10 14 5
2296 11 16 6
2325 9 13 34
3566 8 4 43
3162 11 14 40
4350 10 13 3
5818 8 5 62
2760 15 16 69
357 6 7 51
2698 11 13 59
5269 9 11 46
2629 9 9 11
5664 0 15 72
4979 17 14 6
1244 8 6 52
4224 12 13 43
1107 11 12 50
4118 10 5 3
979 9 10 48
3866 9 6 35
3731 8 7 40
3743 0 12 5
433 11 11 30
5831 11 5 19
743 10 6 4
5797 9 7 5
70 4 3 58
5354 13 13 14
85 12 11 10
2565 11 10 27
5175 10 7 67
2367 9 0 53
4157 14 13 29
1014 0 17 59
248 13 12 67
1998 12 10 7
3836 2 18 54
984 11 9 7
1767 19 9 15
3618 17 17 57
3261 15 13 74
3154 14 12 3
1568 12 9 62
6236 1 7 10
2866 19 8 1
5617 4 17 20
2810 18 9 49
2634 7 19 55
5280 15 12 15
2603 14 11 72
1253 6 4 19
2479 19 7 51
172 18 8 65
4734 17 9 17
2112 14 10 46
1994 12 7 18
4069 12 12 72
1987 10 17 11
1915 18 7 16
3850 17 8 49
1764 8 2 76
3465 14 9 31
790 3 13 3
1634 12 6 57
5922 17 7 1
2942 8 7 70
2883 0 0 11
1470 14 8 25
2674 2 0 68
1335 12 5 74
5215 5 9 58
2092 19 16 73
5158 16 7 1
1055 14 7 8
4361 12 4 30
4832 4 16 18
2047 10 16 29
4145 2 7 58
3687 14 6 1
3150 12 3 1
1718 10 3 76
798 9 13 69
3230 14 5 33
1566 0 16 65
6058 12 2 43
6014 1 6 4
1449 16 6 20
5814 14 4 58
5557 12 1 56
5473 19 6 45
2754 17 6 15
624 7 11 53
1232 6 14 35
4984 14 3 25
2358 12 0 47
4288 10 7 10
4108 19 5 48
6238 9 14 66
4077 17 5 17
1919 16 4 55
3944 4 6 3
1871 15 3 44
1831 14 2 10
32 13 10 3
942 2 6 51
902 19 4 72
3527 17 4 64
213 16 3 3
3629 15 2 59
3416 14 1 27
1581 14 6 29
3025 12 3 68
6064 19 3 9
1473 4 18 62
2962 17 3 28
6056 16 2 24
5620 15 1 36
5869 16 8 77
5365 19 2 23
2669 17 2 39
168 9 7 36
4960 6 1 7
2480 19 1 27
17 17 1 70
244 19 0 66
1836 14 3 57
3763 3 19 76
3555 19 6 22
6261 11 9 78
3114 12 1 29
3097 2 16 76
42 12 4 57
5640 1 4 45
5606 19 3 56
5432 14 9 72
515 0 10 69
4530 11 5 66
2023 19 4 41
3532 0 3 4
1594 0 8 58
3626 15 3 8
3427 13 16 10
1685 11 11 72
3234 19 1 60
796 17 13 59
3298 18 6 70
6217 8 16 63
3350 15 13 44
6172 3 4 10
6102 3 14 69
2925 12 5 32
5979 11 0 18
5422 4 7 1
5477 3 3 27
77 19 5 11
4784 16 2 75
588 16 6 75
581 16 8 48
2464 16 1 79
1156 19 18 2
2281 11 10 68
139 2 14 66
4365 13 13 46
1085 13 17 58
2531 13 18 68
4179 8 9 78
4089 17 1 22
1564 4 0 60
2105 10 2 53
2726 0 9 76
5516 17 12 77
731 9 16 19
5139 4 1 77
603 3 9 81
1270 19 0 37
4514 12 14 25
2233 6 7 31
