366
5144 19 0 2
2467 18 0 14
3479 19 8 26
2570 17 0 37
2231 19 2 8
228 19 3 22
1549 19 7 30
87 16 0 4
2099 18 2 36
2735 19 4 35
4596 19 6 45
4561 15 0 50
4563 17 8 50
775 17 2 53
2652 19 5 52
2927 17 3 23
5261 17 7 26
1291 14 0 21
5191 16 2 43
1203 16 8 38
2722 17 6 26
2734 16 7 52
699 16 3 8
3128 12 19 3
4771 13 0 49
1186 15 2 21
1828 19 19 46
2862 19 9 37
134 16 6 8
1027 15 3 49
4400 15 7 48
3912 12 0 24
2088 12 18 12
467 14 2 7
3780 12 1 23
1680 19 18 31
4826 19 10 2
1753 15 6 22
530 14 7 34
3799 14 19 24
3018 14 3 44
585 12 17 44
2422 10 0 6
1912 12 2 43
1801 19 11 32
1900 19 17 57
4881 17 19 36
4851 17 9 56
4619 15 19 30
4366 14 18 33
742 14 6 2
536 14 4 34
1958 12 16 37
3979 12 3 12
453 9 0 17
1061 10 1 61
4449 19 16 25
3056 19 12 42
2342 17 18 39
4485 17 10 17
2273 16 19 34
230 16 9 14
3336 14 17 63
5279 12 4 18
2607 11 3 9
5051 19 15 57
4902 19 13 25
63 18 12 3
3798 17 17 24
1661 16 10 12
3240 15 17 51
3216 15 9 52
795 11 4 39
1067 10 3 12
762 19 14 31
5268 17 12 43
4521 17 16 28
1944 15 10 43
825 14 9 41
4134 12 6 51
901 10 4 8
289 17 15 58
2376 17 13 49
4402 16 12 7
3931 12 7 6
3963 11 6 39
1556 16 13 22
2448 15 12 38
77 12 8 5
4738 11 19 43
1608 11 7 5
1505 10 6 27
554 17 8 7
1561 15 15 32
2023 15 13 65
1642 13 9 30
3096 12 9 38
3166 11 18 8
3112 11 8 26
2965 10 7 49
1889 14 15 30
1582 12 10 50
3275 11 17 6
2985 10 8 54
5364 9 19 14
5289 12 2 10
1300 13 15 39
1390 12 11 59
3026 11 16 18
2897 11 10 55
2018 9 18 39
3876 0 19 54
3823 8 19 34
1587 12 15 60
3605 12 14 9
5020 12 12 57
1880 11 11 5
2049 11 15 56
5327 10 16 14
5471 10 10 47
1129 8 18 67
604 1 19 40
4168 0 18 8
4142 7 19 7
1977 12 18 56
3655 11 12 16
1813 11 14 29
3396 10 11 15
828 2 19 12
3038 9 16 11
1519 9 10 43
678 17 12 6
2588 0 17 15
2446 7 18 13
4910 13 0 7
4490 5 19 50
4458 2 18 54
2204 12 3 65
4145 10 14 67
2079 10 12 68
1037 11 3 45
1901 10 4 45
3913 9 15 72
401 9 11 33
3732 8 16 61
481 3 19 64
116 7 17 5
3505 1 17 8
3649 0 16 64
873 6 18 44
781 2 17 43
2594 5 18 22
5254 4 19 33
5193 9 12 46
635 9 14 50
4861 8 15 62
4936 0 15 41
4800 3 18 24
4836 7 16 25
2051 5 17 21
4120 2 16 55
1060 8 14 51
249 3 17 31
3471 0 14 25
2704 0 13 58
5253 2 15 13
1403 5 16 23
5201 11 10 28
5197 4 17 70
4872 7 14 1
2385 3 16 72
4570 15 3 1
4304 1 14 29
4218 5 15 5
1041 10 3 67
243 0 12 16
3944 2 14 45
4106 17 2 10
1865 12 19 70
3765 17 17 65
1610 14 6 70
770 6 14 8
5305 0 11 56
2966 5 14 26
783 2 13 12
2772 8 19 69
1302 16 0 57
4832 7 12 33
2496 3 14 16
4837 5 19 3
2468 5 13 38
2878 2 12 25
2351 0 10 9
4143 4 14 75
3969 7 11 55
1908 16 12 49
1851 3 13 37
857 1 10 18
3355 12 10 1
3370 5 12 69
1742 11 19 14
5413 7 10 9
5368 3 12 52
5263 0 9 64
2948 1 9 37
1265 5 11 60
5009 10 0 62
5022 10 1 26
5000 2 10 26
1244 17 13 17
2569 8 8 7
2447 0 8 15
580 7 9 31
2182 3 11 66
1142 14 17 18
1075 1 8 10
1301 5 10 13
5212 10 15 57
4062 13 7 6
2013 8 7 23
987 15 12 10
3100 7 8 65
3857 3 10 42
226 1 7 41
920 5 9 2
1803 2 8 34
1497 8 6 48
336 7 7 15
5455 3 9 5
351 0 6 60
5211 13 9 76
572 5 8 44
4993 1 6 57
5396 3 8 35
409 10 12 21
1992 0 4 15
3971 5 7 29
3841 1 5 67
989 9 16 41
1832 4 8 41
3562 11 0 67
3690 13 15 8
925 11 7 62
2244 10 8 15
2976 1 4 39
2899 10 11 78
2636 2 5 43
2983 15 0 19
2774 1 14 71
2578 4 7 66
5057 8 5 13
5087 3 18 67
4965 7 10 61
4534 1 3 48
1146 2 12 1
2131 2 4 47
2082 8 14 17
523 8 4 52
2035 18 19 7
4078 0 2 12
4050 0 15 11
3959 7 5 62
1937 3 5 75
4019 6 5 25
3825 9 11 75
1873 0 1 55
3711 2 3 76
906 8 8 78
3606 8 3 5
3503 7 4 51
447 3 4 7
1773 6 4 15
985 9 19 72
3415 5 14 54
3403 11 14 59
3359 14 3 17
28 1 1 26
3352 4 4 43
200 8 2 61
3305 13 12 5
2917 0 0 44
1459 3 3 32
92 3 2 74
1420 6 3 8
5387 5 9 69
5373 12 16 74
5332 15 17 11
5270 19 3 76
5230 1 0 69
633 4 3 26
307 8 1 44
1240 16 13 68
2429 7 2 51
2345 3 1 47
148 6 2 41
1154 5 15 77
4592 19 17 29
4417 16 2 11
1079 4 2 50
4250 8 0 64
1033 7 12 71
4376 19 6 10
4097 8 7 50
1971 7 1 73
508 6 1 56
3993 4 1 39
3617 8 6 76
3542 15 15 73
3371 12 15 1
21 14 10 5
3348 1 10 80
404 19 15 7
3000 14 4 4
743 15 9 19
1361 9 19 48
700 17 19 7
5365 15 6 79
4126 11 1 71
5063 2 3 38
5015 1 1 74
5311 2 2 10
2452 19 14 66
2420 3 12 27
4999 16 3 62
589 11 2 80
4608 12 16 15
66 2 14 6
2379 3 3 71
4538 16 17 4
4445 7 11 11
3870 19 10 79
3708 11 12 52
3669 12 17 6
3569 3 8 80
54 7 5 22
1482 5 7 67
5381 0 17 73
4822 1 15 1
2261 2 7 81
2249 17 15 12
4468 9 14 28
4407 0 6 28
515 6 4 49
4300 19 18 4
931 17 0 4
4112 18 13 72
3847 11 18 77
3839 1 4 73
3676 16 8 1
3465 11 17 46
1688 9 18 11
3368 14 6 49
107 4 8 6
1569 5 9 39
1523 1 10 52
2840 19 5 28
2816 13 15 80
1380 3 15 16
85 4 4 20
1326 17 15 35
5347 1 2 6
5349 7 14 65
5073 2 13 54
4641 3 2 13
5013 8 8 41
5130 7 1 9
