366
176 0 0 31
3100 0 1 26
4390 0 2 10
5507 2 0 15
5215 3 0 23
3257 1 2 17
1453 3 1 42
4926 1 3 31
4793 3 2 22
3020 0 5 41
4264 5 0 16
637 0 6 13
43 1 5 29
4924 5 1 41
5339 3 3 12
2059 1 6 46
4285 5 2 8
4029 2 5 18
3505 0 19 23
3317 1 7 50
1178 5 3 17
2999 1 19 8
1352 3 5 28
3993 2 19 46
2044 1 8 13
1879 5 4 12
1915 2 7 34
2520 0 17 18
1227 3 6 2
3877 1 9 35
563 2 18 24
826 5 5 17
900 2 8 51
193 0 16 21
1450 1 10 7
5307 2 17 11
2495 5 6 44
638 2 9 18
4560 4 19 48
5092 0 15 20
3357 0 14 19
1218 5 19 7
4138 2 16 20
263 5 7 54
1854 0 12 36
387 2 10 20
201 4 18 25
694 4 8 46
3416 5 18 22
3976 0 13 32
3628 2 15 1
3183 5 8 44
3546 2 11 56
3367 4 17 55
2628 4 9 29
1443 2 14 59
593 2 12 33
2475 4 16 50
4775 4 10 10
2766 5 10 60
1090 4 15 34
1100 4 11 43
1876 6 19 62
859 5 11 29
5343 4 14 15
2992 4 12 1
5156 7 19 1
5089 7 9 26
1046 6 18 9
4085 5 12 39
4022 8 19 55
1802 7 18 38
1747 7 10 31
1556 1 10 61
728 9 19 18
4558 19 19 39
4487 8 18 33
4243 7 11 63
3899 6 16 61
3735 3 1 1
911 10 19 39
473 2 9 62
1516 19 18 32
5434 19 0 1
2559 8 17 52
5065 7 12 67
4463 6 15 63
775 11 19 32
1267 19 17 59
1761 9 17 54
4122 19 1 53
3780 4 16 11
3480 18 0 52
111 17 19 26
708 8 16 54
1517 8 12 55
1567 7 13 15
5014 11 18 40
2077 19 16 36
1939 9 16 10
1622 9 12 63
1004 19 2 18
3806 18 17 20
4139 18 1 21
929 8 15 38
905 8 13 2
1674 16 19 62
3135 13 0 32
2991 11 17 62
4796 19 15 23
549 9 15 60
2345 19 3 8
4442 17 17 48
1978 17 1 67
1849 16 0 16
3689 15 19 54
1505 14 0 61
1512 13 19 6
1405 11 16 24
5233 19 14 49
2710 19 4 20
2196 17 16 59
4720 17 2 35
4611 16 17 60
4666 16 1 55
4443 4 10 49
4536 8 19 2
2293 14 19 44
4977 14 1 35
1017 13 18 40
408 11 15 8
2720 19 13 35
1099 19 5 41
91 4 9 69
5299 17 15 62
625 17 3 21
13 16 16 60
5055 16 2 30
2566 15 17 10
290 14 2 5
1156 13 17 59
1823 19 12 33
992 19 6 8
1911 8 16 13
1835 18 5 67
3539 17 14 17
3501 16 15 46
1616 16 3 58
62 15 16 13
2116 14 3 4
1874 13 16 51
2568 19 11 25
5133 19 7 25
572 17 13 48
4389 17 5 52
4546 16 14 61
1129 14 4 65
1150 13 15 40
2069 13 5 51
3258 9 15 23
958 19 10 45
1918 19 8 21
3641 17 12 42
3247 17 6 4
857 16 13 24
3734 16 5 34
711 15 14 55
1347 1 3 3
2838 14 5 20
5288 13 19 73
5030 9 13 1
622 19 9 31
4571 16 17 20
2460 17 11 52
4320 17 7 23
4260 16 12 52
188 16 6 41
3171 4 12 72
3137 15 13 18
4005 15 5 1
891 11 15 55
3147 17 10 25
5009 17 8 68
3027 16 11 69
3092 4 17 12
1495 16 7 38
361 15 12 22
5480 11 17 8
4726 16 10 35
4491 16 8 19
4130 15 11 63
3871 14 12 4
2031 12 13 41
468 10 13 42
1742 5 10 34
1712 8 11 40
2918 17 17 10
2680 15 10 50
5463 14 11 68
5438 2 6 2
5377 6 16 15
803 12 12 57
5406 11 13 25
5128 5 9 14
5141 9 11 26
1221 15 17 63
4516 14 10 58
1077 7 9 71
2008 6 8 47
3756 12 11 53
486 11 12 75
3890 10 11 31
3836 8 9 70
3523 13 1 4
3527 7 8 44
3601 4 12 45
3388 14 19 1
817 6 6 39
3277 12 10 67
2936 11 18 74
2902 10 10 47
2830 13 5 20
698 9 9 14
5502 8 8 65
5122 16 16 30
5111 7 7 13
1294 14 8 31
5607 6 5 49
2482 12 9 50
621 10 9 67
4520 9 8 8
2249 8 7 74
4070 14 7 29
3979 6 4 16
56 12 8 5
3872 2 17 62
3625 10 8 9
3620 5 18 77
3642 9 7 25
112 7 5 3
204 14 6 73
1474 6 3 33
5354 12 7 43
1396 1 7 20
5590 10 7 56
5460 9 6 44
5411 17 3 74
5564 17 13 17
5466 7 4 58
2980 6 2 15
2327 11 7 41
4559 10 6 48
4329 19 9 3
4292 9 5 16
2132 8 4 66
384 7 3 73
4008 15 0 5
3974 14 2 41
4023 12 5 61
404 6 1 30
3682 10 5 6
3716 9 17 7
848 9 4 21
909 4 14 65
434 8 3 38
3390 7 13 73
3485 7 12 30
1502 13 18 16
1551 12 4 15
1483 6 0 25
1445 19 11 75
2871 10 4 67
2837 1 8 78
2740 9 3 2
5384 17 5 7
5465 9 11 61
2635 8 2 41
5205 17 11 6
670 14 12 42
2539 12 3 53
2342 10 3 11
4352 9 2 22
4753 8 1 5
4492 16 19 36
256 13 16 22
1059 13 17 10
916 12 2 75
4021 10 2 18
3947 18 1 60
3706 15 19 1
1871 14 6 20
1878 12 1 49
945 19 10 18
1695 10 1 15
3366 19 8 58
3218 17 14 78
731 12 0 42
2804 10 0 70
2754 10 19 7
1361 19 4 62
5270 19 12 2
4849 12 5 29
4702 2 12 74
4545 8 2 71
1977 7 8 20
3612 17 8 9
1945 14 5 53
3143 12 4 47
3448 10 11 3
1571 16 11 10
3099 5 2 76
1504 14 8 73
3007 15 12 1
1400 11 7 11
1407 6 15 31
1299 17 16 8
1337 16 15 77
1315 12 13 18
2542 5 6 22
5043 0 5 13
2536 2 15 63
2485 8 0 79
4886 7 1 60
4750 11 11 14
556 12 10 5
2134 12 7 3
1054 12 2 53
1036 17 15 10
3321 9 10 72
3942 19 14 9
3592 9 6 22
105 4 15 73
1749 10 3 59
3415 10 4 6
819 19 19 15
3326 19 3 73
425 8 17 21
2758 4 8 17
5153 14 10 1
5395 12 3 23
4904 17 11 31
4313 10 12 79
4265 8 15 7
4262 17 14 56
4140 19 5 6
3888 17 5 31
949 9 7 71
963 7 11 27
3854 0 16 65
3714 13 15 5
3743 5 15 64
1729 9 3 36
3197 6 6 14
391 1 19 82
2961 16 8 74
2893 10 2 70
354 12 19 77
2920 10 10 11
375 6 10 5
5618 16 11 42
5569 18 7 81
5550 11 19 10
5457 5 12 2
5210 17 8 39
632 10 6 15
4954 10 9 39
