#c 0 1 2 3 4 5 6 7 8 0 1 2 3 4 5 6 7 8 0 1 2 3 4 5 6 7 8 0 1 2 3 4 5 6 7 8 0 1 2 3 4 5 6
#c 0 1 2 3 4 5 6 7 8 0 1 2 3 4 5 6 7 8 0 1 2 3 4 5 6 7 8 0 1 2 3 4 5 6 7 8 0 1 2 3 4 5 6
5 5 0 9 18 27 36 1 10 19 28 37
5 5 0 9 18 27 36 2 11 20 29 38
5 5 1 10 19 28 37 2 11 20 29 38
5 5 0 9 18 27 36 3 12 21 30 39
5 5 1 10 19 28 37 3 12 21 30 39
5 5 3 12 21 30 39 4 13 22 31 40
5 5 1 10 19 28 37 4 13 22 31 40
5 5 3 12 21 30 39 5 14 23 32 41
5 5 4 13 22 31 40 5 14 23 32 41
5 5 3 12 21 30 39 6 15 24 33 42
5 5 4 13 22 31 40 6 15 24 33 42
5 4 3 12 21 30 39 7 16 25 34
5 4 4 13 22 31 40 7 16 25 34
5 4 3 12 21 30 39 8 17 26 35
5 4 4 13 22 31 40 8 17 26 35
1 1 4 13
1 1 13 22
1 1 22 31
1 1 22 40
# 22 : 4 -> 3
#c 0 1 2 3 4 5 6 7 8 0 1 2 3 4 5 6 7 8 0 1 2 3 3 5 6 7 8 0 1 2 3 4 5 6 7 8 0 1 2 3 4 5 6
5 6 0 9 18 27 36 3 12 21 22 30 39
5 6 1 10 19 28 37 3 12 21 22 30 39
6 4 3 12 21 22 30 39 4 13 31 40
5 4 1 10 19 28 37 4 13 31 40
6 5 3 12 21 22 30 39 5 14 23 32 41
4 5 4 13 31 40 5 14 23 32 41
6 5 3 12 21 22 30 39 6 15 24 33 42
4 5 4 13 31 40 6 15 24 33 42
6 4 3 12 21 22 30 39 7 16 25 34
4 4 4 13 31 40 7 16 25 34
6 4 3 12 21 22 30 39 8 17 26 35
4 4 4 13 31 40 8 17 26 35
1 1 13 31
1 1 13 40
# 13 : 4 -> 3
#c 0 1 2 3 4 5 6 7 8 0 1 2 3 3 5 6 7 8 0 1 2 3 3 5 6 7 8 0 1 2 3 4 5 6 7 8 0 1 2 3 4 5 6
5 7 0 9 18 27 36 3 12 13 21 22 30 39
5 7 1 10 19 28 37 3 12 13 21 22 30 39
7 3 3 12 13 21 22 30 39 4 31 40
5 3 1 10 19 28 37 4 31 40
7 5 3 12 13 21 22 30 39 5 14 23 32 41
3 5 4 31 40 5 14 23 32 41
7 5 3 12 13 21 22 30 39 6 15 24 33 42
3 5 4 31 40 6 15 24 33 42
7 4 3 12 13 21 22 30 39 7 16 25 34
3 4 4 31 40 7 16 25 34
7 4 3 12 13 21 22 30 39 8 17 26 35
3 4 4 31 40 8 17 26 35
1 1 4 31
1 1 4 40
# 4 : 4 -> 3
#c 0 1 2 3 3 5 6 7 8 0 1 2 3 3 5 6 7 8 0 1 2 3 3 5 6 7 8 0 1 2 3 4 5 6 7 8 0 1 2 3 4 5 6
5 8 0 9 18 27 36 3 4 12 13 21 22 30 39
5 8 1 10 19 28 37 3 4 12 13 21 22 30 39
5 2 0 9 18 27 36 31 40
5 2 1 10 19 28 37 31 40
5 5 0 9 18 27 36 5 14 23 32 41
5 5 1 10 19 28 37 5 14 23 32 41
5 5 0 9 18 27 36 6 15 24 33 42
5 5 1 10 19 28 37 6 15 24 33 42
5 4 6 15 24 33 42 7 16 25 34
5 4 1 10 19 28 37 7 16 25 34
5 4 6 15 24 33 42 8 17 26 35
5 4 1 10 19 28 37 8 17 26 35
1 1 1 10
1 1 1 19
1 1 1 28
1 1 1 37
# 1 : 1 -> 6
#c 0 6 2 3 3 5 6 7 8 0 1 2 3 3 5 6 7 8 0 1 2 3 3 5 6 7 8 0 1 2 3 4 5 6 7 8 0 1 2 3 4 5 6
5 4 0 9 18 27 36 10 19 28 37
4 5 10 19 28 37 2 11 20 29 38
4 8 10 19 28 37 3 4 12 13 21 22 30 39
4 2 10 19 28 37 31 40
4 5 10 19 28 37 5 14 23 32 41
5 6 0 9 18 27 36 1 6 15 24 33 42
4 6 10 19 28 37 1 6 15 24 33 42
6 4 1 6 15 24 33 42 7 16 25 34
4 4 10 19 28 37 7 16 25 34
6 4 1 6 15 24 33 42 8 17 26 35
4 4 10 19 28 37 8 17 26 35
1 1 10 19
1 1 10 28
1 1 28 37
# 28 : 1 -> 6
#c 0 6 2 3 3 5 6 7 8 0 1 2 3 3 5 6 7 8 0 1 2 3 3 5 6 7 8 0 6 2 3 4 5 6 7 8 0 1 2 3 4 5 6
5 3 0 9 18 27 36 10 19 37
3 5 10 19 37 2 11 20 29 38
5 8 2 11 20 29 38 3 4 12 13 21 22 30 39
5 2 2 11 20 29 38 31 40
5 5 2 11 20 29 38 5 14 23 32 41
5 7 0 9 18 27 36 1 6 15 24 28 33 42
5 7 2 11 20 29 38 1 6 15 24 28 33 42
5 4 0 9 18 27 36 7 16 25 34
5 4 2 11 20 29 38 7 16 25 34
5 4 0 9 18 27 36 8 17 26 35
5 4 2 11 20 29 38 8 17 26 35
1 1 2 11
1 1 11 20
1 1 11 29
1 1 11 38
# 11 : 2 -> 0
#c 0 6 2 3 3 5 6 7 8 0 1 0 3 3 5 6 7 8 0 1 2 3 3 5 6 7 8 0 6 2 3 4 5 6 7 8 0 1 2 3 4 5 6
6 3 0 9 11 18 27 36 10 19 37
6 4 0 9 11 18 27 36 2 20 29 38
3 4 10 19 37 2 20 29 38
6 8 0 9 11 18 27 36 3 4 12 13 21 22 30 39
4 8 2 20 29 38 3 4 12 13 21 22 30 39
6 2 0 9 11 18 27 36 31 40
4 2 2 20 29 38 31 40
6 5 0 9 11 18 27 36 5 14 23 32 41
4 5 2 20 29 38 5 14 23 32 41
6 7 0 9 11 18 27 36 1 6 15 24 28 33 42
4 7 2 20 29 38 1 6 15 24 28 33 42
6 4 0 9 11 18 27 36 7 16 25 34
4 4 2 20 29 38 7 16 25 34
6 4 0 9 11 18 27 36 8 17 26 35
4 4 2 20 29 38 8 17 26 35
1 1 2 20
1 1 2 29
1 1 2 38
# skipped!
# skipped!
# 2 : 2 -> 0
#c 0 6 0 3 3 5 6 7 8 0 1 0 3 3 5 6 7 8 0 1 2 3 3 5 6 7 8 0 6 2 3 4 5 6 7 8 0 1 2 3 4 5 6
7 3 0 2 9 11 18 27 36 10 19 37
7 3 0 2 9 11 18 27 36 20 29 38
3 3 10 19 37 20 29 38
7 8 0 2 9 11 18 27 36 3 4 12 13 21 22 30 39
3 8 10 19 37 3 4 12 13 21 22 30 39
8 2 3 4 12 13 21 22 30 39 31 40
3 2 10 19 37 31 40
8 5 3 4 12 13 21 22 30 39 5 14 23 32 41
3 5 10 19 37 5 14 23 32 41
8 7 3 4 12 13 21 22 30 39 1 6 15 24 28 33 42
3 7 10 19 37 1 6 15 24 28 33 42
8 4 3 4 12 13 21 22 30 39 7 16 25 34
3 4 10 19 37 7 16 25 34
8 4 3 4 12 13 21 22 30 39 8 17 26 35
4 4 7 16 25 34 8 17 26 35
1 1 7 16
1 1 16 25
1 1 25 34
# skipped!
# 25 : 7 -> 3
#c 0 6 0 3 3 5 6 7 8 0 1 0 3 3 5 6 7 8 0 1 2 3 3 5 6 3 8 0 6 2 3 4 5 6 7 8 0 1 2 3 4 5 6
7 9 0 2 9 11 18 27 36 3 4 12 13 21 22 25 30 39
3 9 10 19 37 3 4 12 13 21 22 25 30 39
9 2 3 4 12 13 21 22 25 30 39 31 40
9 5 3 4 12 13 21 22 25 30 39 5 14 23 32 41
9 7 3 4 12 13 21 22 25 30 39 1 6 15 24 28 33 42
9 3 3 4 12 13 21 22 25 30 39 7 16 34
3 3 10 19 37 7 16 34
9 4 3 4 12 13 21 22 25 30 39 8 17 26 35
3 4 7 16 34 8 17 26 35
1 1 16 34
# 16 : 7 -> 3
#c 0 6 0 3 3 5 6 7 8 0 1 0 3 3 5 6 3 8 0 1 2 3 3 5 6 3 8 0 6 2 3 4 5 6 7 8 0 1 2 3 4 5 6
7 10 0 2 9 11 18 27 36 3 4 12 13 16 21 22 25 30 39
3 10 10 19 37 3 4 12 13 16 21 22 25 30 39
7 2 0 2 9 11 18 27 36 31 40
7 5 0 2 9 11 18 27 36 5 14 23 32 41
7 7 0 2 9 11 18 27 36 1 6 15 24 28 33 42
7 2 1 6 15 24 28 33 42 7 34
3 2 10 19 37 7 34
7 4 1 6 15 24 28 33 42 8 17 26 35
3 4 10 19 37 8 17 26 35
1 1 8 17
1 1 17 26
1 1 17 35
# skipped!
# 35 : 8 -> 6
#c 0 6 0 3 3 5 6 7 8 0 1 0 3 3 5 6 3 8 0 1 2 3 3 5 6 3 8 0 6 2 3 4 5 6 7 6 0 1 2 3 4 5 6
7 8 0 2 9 11 18 27 36 1 6 15 24 28 33 35 42
3 8 10 19 37 1 6 15 24 28 33 35 42
7 2 0 2 9 11 18 27 36 7 34
7 3 0 2 9 11 18 27 36 8 17 26
3 3 10 19 37 8 17 26
1 1 10 37
# 10 : 1 -> 0
#c 0 6 0 3 3 5 6 7 8 0 0 0 3 3 5 6 3 8 0 1 2 3 3 5 6 3 8 0 6 2 3 4 5 6 7 6 0 1 2 3 4 5 6
8 2 0 2 9 10 11 18 27 36 19 37
2 3 19 37 20 29 38
8 3 0 2 9 10 11 18 27 36 20 29 38
2 10 19 37 3 4 12 13 16 21 22 25 30 39
3 10 20 29 38 3 4 12 13 16 21 22 25 30 39
10 2 3 4 12 13 16 21 22 25 30 39 31 40
3 2 20 29 38 31 40
10 5 3 4 12 13 16 21 22 25 30 39 5 14 23 32 41
3 5 20 29 38 5 14 23 32 41
10 8 3 4 12 13 16 21 22 25 30 39 1 6 15 24 28 33 35 42
3 8 20 29 38 1 6 15 24 28 33 35 42
10 2 3 4 12 13 16 21 22 25 30 39 7 34
3 2 20 29 38 7 34
10 3 3 4 12 13 16 21 22 25 30 39 8 17 26
3 3 20 29 38 8 17 26
1 1 20 29
1 1 29 38
# skipped!
# skipped!
# skipped!
# 38 : 2 -> 3
#c 0 6 0 3 3 5 6 7 8 0 0 0 3 3 5 6 3 8 0 1 2 3 3 5 6 3 8 0 6 2 3 4 5 6 7 6 0 1 3 3 4 5 6
2 2 19 37 20 29
8 2 0 2 9 10 11 18 27 36 20 29
2 11 20 29 3 4 12 13 16 21 22 25 30 38 39
8 11 0 2 9 10 11 18 27 36 3 4 12 13 16 21 22 25 30 38 39
2 2 20 29 31 40
11 2 3 4 12 13 16 21 22 25 30 38 39 31 40
2 5 20 29 5 14 23 32 41
11 5 3 4 12 13 16 21 22 25 30 38 39 5 14 23 32 41
2 8 20 29 1 6 15 24 28 33 35 42
11 8 3 4 12 13 16 21 22 25 30 38 39 1 6 15 24 28 33 35 42
2 2 20 29 7 34
11 2 3 4 12 13 16 21 22 25 30 38 39 7 34
2 3 20 29 8 17 26
11 3 3 4 12 13 16 21 22 25 30 38 39 8 17 26
1 1 3 4
1 1 3 12
1 1 3 13
1 1 3 16
1 1 3 21
1 1 3 22
1 1 22 25
1 1 25 30
1 1 25 38
1 1 25 39
# skipped!
# 25 : 3 -> 2
#c 0 6 0 3 3 5 6 7 8 0 0 0 3 3 5 6 3 8 0 1 2 3 3 5 6 2 8 0 6 2 3 4 5 6 7 6 0 1 3 3 4 5 6
2 3 19 37 20 25 29
8 3 0 2 9 10 11 18 27 36 20 25 29
3 10 20 25 29 3 4 12 13 16 21 22 30 38 39
8 10 0 2 9 10 11 18 27 36 3 4 12 13 16 21 22 30 38 39
3 2 20 25 29 31 40
10 2 3 4 12 13 16 21 22 30 38 39 31 40
3 5 20 25 29 5 14 23 32 41
10 5 3 4 12 13 16 21 22 30 38 39 5 14 23 32 41
3 8 20 25 29 1 6 15 24 28 33 35 42
10 8 3 4 12 13 16 21 22 30 38 39 1 6 15 24 28 33 35 42
3 2 20 25 29 7 34
10 2 3 4 12 13 16 21 22 30 38 39 7 34
3 3 20 25 29 8 17 26
10 3 3 4 12 13 16 21 22 30 38 39 8 17 26
1 1 22 30
1 1 30 38
1 1 30 39
# 30 : 3 -> 2
#c 0 6 0 3 3 5 6 7 8 0 0 0 3 3 5 6 3 8 0 1 2 3 3 5 6 2 8 0 6 2 2 4 5 6 7 6 0 1 3 3 4 5 6
2 4 19 37 20 25 29 30
8 4 0 2 9 10 11 18 27 36 20 25 29 30
4 9 20 25 29 30 3 4 12 13 16 21 22 38 39
8 9 0 2 9 10 11 18 27 36 3 4 12 13 16 21 22 38 39
4 2 20 25 29 30 31 40
9 2 3 4 12 13 16 21 22 38 39 31 40
4 5 20 25 29 30 5 14 23 32 41
9 5 3 4 12 13 16 21 22 38 39 5 14 23 32 41
4 8 20 25 29 30 1 6 15 24 28 33 35 42
9 8 3 4 12 13 16 21 22 38 39 1 6 15 24 28 33 35 42
4 2 20 25 29 30 7 34
9 2 3 4 12 13 16 21 22 38 39 7 34
4 3 20 25 29 30 8 17 26
9 3 3 4 12 13 16 21 22 38 39 8 17 26
1 1 22 38
1 1 22 39
# skipped!
# 22 : 3 -> 2
#c 0 6 0 3 3 5 6 7 8 0 0 0 3 3 5 6 3 8 0 1 2 3 2 5 6 2 8 0 6 2 2 4 5 6 7 6 0 1 3 3 4 5 6
2 5 19 37 20 22 25 29 30
8 5 0 2 9 10 11 18 27 36 20 22 25 29 30
5 8 20 22 25 29 30 3 4 12 13 16 21 38 39
8 8 0 2 9 10 11 18 27 36 3 4 12 13 16 21 38 39
5 2 20 22 25 29 30 31 40
8 2 3 4 12 13 16 21 38 39 31 40
5 5 20 22 25 29 30 5 14 23 32 41
8 5 3 4 12 13 16 21 38 39 5 14 23 32 41
5 8 20 22 25 29 30 1 6 15 24 28 33 35 42
8 8 3 4 12 13 16 21 38 39 1 6 15 24 28 33 35 42
5 2 20 22 25 29 30 7 34
8 2 3 4 12 13 16 21 38 39 7 34
5 3 20 22 25 29 30 8 17 26
8 3 3 4 12 13 16 21 38 39 8 17 26
1 1 3 38
1 1 3 39
# 39 : 3 -> 2
#c 0 6 0 3 3 5 6 7 8 0 0 0 3 3 5 6 3 8 0 1 2 3 2 5 6 2 8 0 6 2 2 4 5 6 7 6 0 1 3 2 4 5 6
2 6 19 37 20 22 25 29 30 39
8 6 0 2 9 10 11 18 27 36 20 22 25 29 30 39
2 7 19 37 3 4 12 13 16 21 38
8 7 0 2 9 10 11 18 27 36 3 4 12 13 16 21 38
2 2 19 37 31 40
7 2 3 4 12 13 16 21 38 31 40
2 5 19 37 5 14 23 32 41
2 5 31 40 5 14 23 32 41
2 8 19 37 1 6 15 24 28 33 35 42
2 8 31 40 1 6 15 24 28 33 35 42
8 2 1 6 15 24 28 33 35 42 7 34
2 2 31 40 7 34
8 3 1 6 15 24 28 33 35 42 8 17 26
2 3 31 40 8 17 26
1 1 31 40
# skipped!
# 40 : 4 -> 6
#c 0 6 0 3 3 5 6 7 8 0 0 0 3 3 5 6 3 8 0 1 2 3 2 5 6 2 8 0 6 2 2 4 5 6 7 6 0 1 3 2 6 5 6
2 1 19 37 31
7 1 3 4 12 13 16 21 38 31
1 5 31 5 14 23 32 41
7 5 3 4 12 13 16 21 38 5 14 23 32 41
1 9 31 1 6 15 24 28 33 35 40 42
7 9 3 4 12 13 16 21 38 1 6 15 24 28 33 35 40 42
1 2 31 7 34
9 2 1 6 15 24 28 33 35 40 42 7 34
1 3 31 8 17 26
9 3 1 6 15 24 28 33 35 40 42 8 17 26
1 1 1 6
1 1 1 15
1 1 1 24
1 1 1 33
1 1 1 35
1 1 1 40
1 1 1 42
# 1 : 6 -> 4
#c 0 4 0 3 3 5 6 7 8 0 0 0 3 3 5 6 3 8 0 1 2 3 2 5 6 2 8 0 6 2 2 4 5 6 7 6 0 1 3 2 6 5 6
2 2 19 37 1 31
7 2 3 4 12 13 16 21 38 1 31
2 5 1 31 5 14 23 32 41
2 8 1 31 6 15 24 28 33 35 40 42
7 8 3 4 12 13 16 21 38 6 15 24 28 33 35 40 42
2 2 1 31 7 34
8 2 6 15 24 28 33 35 40 42 7 34
2 3 1 31 8 17 26
8 3 6 15 24 28 33 35 40 42 8 17 26
1 1 6 15
1 1 6 24
1 1 6 28
1 1 6 33
1 1 6 35
1 1 6 40
1 1 6 42
# 42 : 6 -> 4
#c 0 4 0 3 3 5 6 7 8 0 0 0 3 3 5 6 3 8 0 1 2 3 2 5 6 2 8 0 6 2 2 4 5 6 7 6 0 1 3 2 6 5 4
2 3 19 37 1 31 42
7 3 3 4 12 13 16 21 38 1 31 42
3 5 1 31 42 5 14 23 32 41
3 7 1 31 42 6 15 24 28 33 35 40
7 7 3 4 12 13 16 21 38 6 15 24 28 33 35 40
3 2 1 31 42 7 34
7 2 6 15 24 28 33 35 40 7 34
3 3 1 31 42 8 17 26
7 3 6 15 24 28 33 35 40 8 17 26
# skipped!
# 6 : 6 -> 4
#c 0 4 0 3 3 5 4 7 8 0 0 0 3 3 5 6 3 8 0 1 2 3 2 5 6 2 8 0 6 2 2 4 5 6 7 6 0 1 3 2 6 5 4
2 4 19 37 1 6 31 42
7 4 3 4 12 13 16 21 38 1 6 31 42
4 5 1 6 31 42 5 14 23 32 41
4 6 1 6 31 42 15 24 28 33 35 40
7 6 3 4 12 13 16 21 38 15 24 28 33 35 40
4 2 1 6 31 42 7 34
6 2 15 24 28 33 35 40 7 34
4 3 1 6 31 42 8 17 26
6 3 15 24 28 33 35 40 8 17 26
1 1 15 24
1 1 24 28
1 1 28 33
1 1 28 35
1 1 35 40
# skipped!
# skipped!
# skipped!
# 35 : 6 -> 4
#c 0 4 0 3 3 5 4 7 8 0 0 0 3 3 5 6 3 8 0 1 2 3 2 5 6 2 8 0 6 2 2 4 5 6 7 4 0 1 3 2 6 5 4
2 5 19 37 1 6 31 35 42
7 5 3 4 12 13 16 21 38 1 6 31 35 42
2 5 19 37 15 24 28 33 40
7 5 3 4 12 13 16 21 38 15 24 28 33 40
2 2 19 37 7 34
7 2 3 4 12 13 16 21 38 7 34
2 3 19 37 8 17 26
7 3 3 4 12 13 16 21 38 8 17 26
# skipped!
# skipped!
# skipped!
# skipped!
# skipped!
# skipped!
# 3 : 3 -> 1
#c 0 4 0 1 3 5 4 7 8 0 0 0 3 3 5 6 3 8 0 1 2 3 2 5 6 2 8 0 6 2 2 4 5 6 7 4 0 1 3 2 6 5 4
8 3 0 2 9 10 11 18 27 36 3 19 37
3 6 3 19 37 20 22 25 29 30 39
6 6 20 22 25 29 30 39 4 12 13 16 21 38
8 6 0 2 9 10 11 18 27 36 4 12 13 16 21 38
6 5 20 22 25 29 30 39 1 6 31 35 42
8 5 0 2 9 10 11 18 27 36 1 6 31 35 42
6 5 20 22 25 29 30 39 5 14 23 32 41
8 5 0 2 9 10 11 18 27 36 5 14 23 32 41
6 5 20 22 25 29 30 39 15 24 28 33 40
8 5 0 2 9 10 11 18 27 36 15 24 28 33 40
6 2 20 22 25 29 30 39 7 34
8 2 0 2 9 10 11 18 27 36 7 34
6 3 20 22 25 29 30 39 8 17 26
2 3 7 34 8 17 26
1 1 7 34
# skipped!
# 34 : 7 -> 2
#c 0 4 0 1 3 5 4 7 8 0 0 0 3 3 5 6 3 8 0 1 2 3 2 5 6 2 8 0 6 2 2 4 5 6 2 4 0 1 3 2 6 5 4
3 7 3 19 37 20 22 25 29 30 34 39
8 7 0 2 9 10 11 18 27 36 20 22 25 29 30 34 39
3 6 3 19 37 4 12 13 16 21 38
7 6 20 22 25 29 30 34 39 4 12 13 16 21 38
6 5 4 12 13 16 21 38 1 6 31 35 42
7 5 20 22 25 29 30 34 39 1 6 31 35 42
5 5 1 6 31 35 42 5 14 23 32 41
7 5 20 22 25 29 30 34 39 5 14 23 32 41
5 5 1 6 31 35 42 15 24 28 33 40
7 5 20 22 25 29 30 34 39 15 24 28 33 40
5 1 1 6 31 35 42 7
7 1 20 22 25 29 30 34 39 7
1 3 7 8 17 26
7 3 20 22 25 29 30 34 39 8 17 26
1 1 20 22
1 1 25 29
# 25 : 2 -> 7
#c 0 4 0 1 3 5 4 7 8 0 0 0 3 3 5 6 3 8 0 1 2 3 2 5 6 7 8 0 6 2 2 4 5 6 2 4 0 1 3 2 6 5 4
3 6 3 19 37 20 22 29 30 34 39
8 6 0 2 9 10 11 18 27 36 20 22 29 30 34 39
6 6 20 22 29 30 34 39 4 12 13 16 21 38
6 5 20 22 29 30 34 39 1 6 31 35 42
6 5 20 22 29 30 34 39 5 14 23 32 41
6 5 20 22 29 30 34 39 15 24 28 33 40
5 2 1 6 31 35 42 7 25
6 2 20 22 29 30 34 39 7 25
2 3 7 25 8 17 26
6 3 20 22 29 30 34 39 8 17 26
1 1 22 29
1 1 30 34
# skipped!
# skipped!
# skipped!
# 30 : 2 -> 7
#c 0 4 0 1 3 5 4 7 8 0 0 0 3 3 5 6 3 8 0 1 2 3 2 5 6 7 8 0 6 2 7 4 5 6 2 4 0 1 3 2 6 5 4
3 5 3 19 37 20 22 29 34 39
8 5 0 2 9 10 11 18 27 36 20 22 29 34 39
5 6 20 22 29 34 39 4 12 13 16 21 38
5 5 20 22 29 34 39 1 6 31 35 42
5 5 20 22 29 34 39 5 14 23 32 41
5 5 20 22 29 34 39 15 24 28 33 40
5 3 1 6 31 35 42 7 25 30
5 3 20 22 29 34 39 7 25 30
3 3 7 25 30 8 17 26
5 3 20 22 29 34 39 8 17 26
1 1 22 34
# skipped!
# skipped!
# skipped!
# skipped!
# skipped!
# skipped!
# 22 : 2 -> 7
#c 0 4 0 1 3 5 4 7 8 0 0 0 3 3 5 6 3 8 0 1 2 3 7 5 6 7 8 0 6 2 7 4 5 6 2 4 0 1 3 2 6 5 4
3 4 3 19 37 20 29 34 39
8 4 0 2 9 10 11 18 27 36 20 29 34 39
4 6 20 29 34 39 4 12 13 16 21 38
4 5 20 29 34 39 1 6 31 35 42
4 5 20 29 34 39 5 14 23 32 41
4 5 20 29 34 39 15 24 28 33 40
5 4 1 6 31 35 42 7 22 25 30
4 4 20 29 34 39 7 22 25 30
4 3 7 22 25 30 8 17 26
4 3 20 29 34 39 8 17 26
1 1 29 34
1 1 29 39
# 39 : 2 -> 7
#c 0 4 0 1 3 5 4 7 8 0 0 0 3 3 5 6 3 8 0 1 2 3 7 5 6 7 8 0 6 2 7 4 5 6 2 4 0 1 3 7 6 5 4
3 3 3 19 37 20 29 34
8 3 0 2 9 10 11 18 27 36 20 29 34
3 6 20 29 34 4 12 13 16 21 38
3 5 20 29 34 1 6 31 35 42
3 5 20 29 34 5 14 23 32 41
3 5 20 29 34 15 24 28 33 40
5 5 1 6 31 35 42 7 22 25 30 39
3 5 20 29 34 7 22 25 30 39
5 3 7 22 25 30 39 8 17 26
3 3 20 29 34 8 17 26
# skipped!
# skipped!
# 29 : 2 -> 7
#c 0 4 0 1 3 5 4 7 8 0 0 0 3 3 5 6 3 8 0 1 2 3 7 5 6 7 8 0 6 7 7 4 5 6 2 4 0 1 3 7 6 5 4
3 2 3 19 37 20 34
8 2 0 2 9 10 11 18 27 36 20 34
2 6 20 34 4 12 13 16 21 38
2 5 20 34 1 6 31 35 42
2 5 20 34 5 14 23 32 41
2 5 20 34 15 24 28 33 40
2 6 20 34 7 22 25 29 30 39
8 6 0 2 9 10 11 18 27 36 7 22 25 29 30 39
2 3 20 34 8 17 26
6 3 7 22 25 29 30 39 8 17 26
1 1 7 22
# 25 : 7 -> 2
#c 0 4 0 1 3 5 4 7 8 0 0 0 3 3 5 6 3 8 0 1 2 3 7 5 6 2 8 0 6 7 7 4 5 6 2 4 0 1 3 7 6 5 4
3 3 3 19 37 20 25 34
8 3 0 2 9 10 11 18 27 36 20 25 34
3 6 20 25 34 4 12 13 16 21 38
3 5 20 25 34 1 6 31 35 42
3 5 20 25 34 5 14 23 32 41
3 5 20 25 34 15 24 28 33 40
3 5 20 25 34 7 22 29 30 39
8 5 0 2 9 10 11 18 27 36 7 22 29 30 39
3 3 20 25 34 8 17 26
5 3 7 22 29 30 39 8 17 26
# skipped!
# 17 : 8 -> 2
#c 0 4 0 1 3 5 4 7 8 0 0 0 3 3 5 6 3 2 0 1 2 3 7 5 6 2 8 0 6 7 7 4 5 6 2 4 0 1 3 7 6 5 4
3 4 3 19 37 17 20 25 34
8 4 0 2 9 10 11 18 27 36 17 20 25 34
4 6 17 20 25 34 4 12 13 16 21 38
4 5 17 20 25 34 1 6 31 35 42
4 5 17 20 25 34 5 14 23 32 41
4 5 17 20 25 34 15 24 28 33 40
5 5 1 6 31 35 42 7 22 29 30 39
4 5 17 20 25 34 7 22 29 30 39
5 2 1 6 31 35 42 8 26
4 2 17 20 25 34 8 26
1 1 17 20
1 1 17 25
# 25 : 2 -> 8
#c 0 4 0 1 3 5 4 7 8 0 0 0 3 3 5 6 3 2 0 1 2 3 7 5 6 8 8 0 6 7 7 4 5 6 2 4 0 1 3 7 6 5 4
3 3 3 19 37 17 20 34
0 4 0 1 3 5 4 7 8 0 0 0 3 3 5 6 3 2 0 1 2 3 7 5 6 8 8 0 6 7 7 4 5 6 2 4 0 1 3 7 6 5 4
