#c 0 1 2 3 4 0 1 2 3 4 0 1 2 3 4 0 1 2 3 4 0 1 2 3 4 0 1 2 3 4 0 1 2 3 4 0 1 2 3 4 0 1 2 3 4 0 1 2 3 4 0 1 2 3 4 0 1 2 3 4 0 1 2 3 4 0 1 2 3 4 0 1 2 3 4 0 1 2 3
#c 0 1 2 3 4 0 1 2 3 4 0 1 2 3 4 0 1 2 3 4 0 1 2 3 4 0 1 2 3 4 0 1 2 3 4 0 1 2 3 4 0 1 2 3 4 0 1 2 3 4 0 1 2 3 4 0 1 2 3 4 0 1 2 3 4 0 1 2 3 4 0 1 2 3 4 0 1 2 3
16 16 0 5 10 15 20 25 30 35 40 45 50 55 60 65 70 75 1 6 11 16 21 26 31 36 41 46 51 56 61 66 71 76
16 16 1 6 11 16 21 26 31 36 41 46 51 56 61 66 71 76 2 7 12 17 22 27 32 37 42 47 52 57 62 67 72 77
16 16 0 5 10 15 20 25 30 35 40 45 50 55 60 65 70 75 2 7 12 17 22 27 32 37 42 47 52 57 62 67 72 77
16 16 1 6 11 16 21 26 31 36 41 46 51 56 61 66 71 76 3 8 13 18 23 28 33 38 43 48 53 58 63 68 73 78
16 16 0 5 10 15 20 25 30 35 40 45 50 55 60 65 70 75 3 8 13 18 23 28 33 38 43 48 53 58 63 68 73 78
16 15 3 8 13 18 23 28 33 38 43 48 53 58 63 68 73 78 4 9 14 19 24 29 34 39 44 49 54 59 64 69 74
16 15 0 5 10 15 20 25 30 35 40 45 50 55 60 65 70 75 4 9 14 19 24 29 34 39 44 49 54 59 64 69 74
1 1 0 5
1 1 5 10
1 1 5 15
1 1 5 20
1 1 5 25
1 1 5 30
1 1 5 35
1 1 35 40
1 1 35 45
1 1 35 50
1 1 35 55
1 1 35 60
1 1 35 65
1 1 35 70
1 1 35 75
# 35 : 0 -> 3
#c 0 1 2 3 4 0 1 2 3 4 0 1 2 3 4 0 1 2 3 4 0 1 2 3 4 0 1 2 3 4 0 1 2 3 4 3 1 2 3 4 0 1 2 3 4 0 1 2 3 4 0 1 2 3 4 0 1 2 3 4 0 1 2 3 4 0 1 2 3 4 0 1 2 3 4 0 1 2 3
15 16 0 5 10 15 20 25 30 40 45 50 55 60 65 70 75 1 6 11 16 21 26 31 36 41 46 51 56 61 66 71 76
15 16 0 5 10 15 20 25 30 40 45 50 55 60 65 70 75 2 7 12 17 22 27 32 37 42 47 52 57 62 67 72 77
16 17 1 6 11 16 21 26 31 36 41 46 51 56 61 66 71 76 3 8 13 18 23 28 33 35 38 43 48 53 58 63 68 73 78
15 17 0 5 10 15 20 25 30 40 45 50 55 60 65 70 75 3 8 13 18 23 28 33 35 38 43 48 53 58 63 68 73 78
17 15 3 8 13 18 23 28 33 35 38 43 48 53 58 63 68 73 78 4 9 14 19 24 29 34 39 44 49 54 59 64 69 74
15 15 0 5 10 15 20 25 30 40 45 50 55 60 65 70 75 4 9 14 19 24 29 34 39 44 49 54 59 64 69 74
1 1 5 40
1 1 5 45
1 1 5 50
1 1 5 55
1 1 5 60
1 1 5 65
1 1 5 70
1 1 5 75
# skipped!
# 5 : 0 -> 3
#c 0 1 2 3 4 3 1 2 3 4 0 1 2 3 4 0 1 2 3 4 0 1 2 3 4 0 1 2 3 4 0 1 2 3 4 3 1 2 3 4 0 1 2 3 4 0 1 2 3 4 0 1 2 3 4 0 1 2 3 4 0 1 2 3 4 0 1 2 3 4 0 1 2 3 4 0 1 2 3
14 16 0 10 15 20 25 30 40 45 50 55 60 65 70 75 1 6 11 16 21 26 31 36 41 46 51 56 61 66 71 76
14 16 0 10 15 20 25 30 40 45 50 55 60 65 70 75 2 7 12 17 22 27 32 37 42 47 52 57 62 67 72 77
16 18 1 6 11 16 21 26 31 36 41 46 51 56 61 66 71 76 3 5 8 13 18 23 28 33 35 38 43 48 53 58 63 68 73 78
14 18 0 10 15 20 25 30 40 45 50 55 60 65 70 75 3 5 8 13 18 23 28 33 35 38 43 48 53 58 63 68 73 78
18 15 3 5 8 13 18 23 28 33 35 38 43 48 53 58 63 68 73 78 4 9 14 19 24 29 34 39 44 49 54 59 64 69 74
14 15 0 10 15 20 25 30 40 45 50 55 60 65 70 75 4 9 14 19 24 29 34 39 44 49 54 59 64 69 74
1 1 0 10
1 1 0 15
1 1 0 20
1 1 0 25
1 1 0 30
1 1 0 40
1 1 0 45
1 1 0 50
1 1 0 55
1 1 0 60
1 1 0 65
1 1 0 70
1 1 0 75
# 0 : 0 -> 3
#c 3 1 2 3 4 3 1 2 3 4 0 1 2 3 4 0 1 2 3 4 0 1 2 3 4 0 1 2 3 4 0 1 2 3 4 3 1 2 3 4 0 1 2 3 4 0 1 2 3 4 0 1 2 3 4 0 1 2 3 4 0 1 2 3 4 0 1 2 3 4 0 1 2 3 4 0 1 2 3
13 16 10 15 20 25 30 40 45 50 55 60 65 70 75 1 6 11 16 21 26 31 36 41 46 51 56 61 66 71 76
13 16 10 15 20 25 30 40 45 50 55 60 65 70 75 2 7 12 17 22 27 32 37 42 47 52 57 62 67 72 77
16 19 1 6 11 16 21 26 31 36 41 46 51 56 61 66 71 76 0 3 5 8 13 18 23 28 33 35 38 43 48 53 58 63 68 73 78
13 19 10 15 20 25 30 40 45 50 55 60 65 70 75 0 3 5 8 13 18 23 28 33 35 38 43 48 53 58 63 68 73 78
19 15 0 3 5 8 13 18 23 28 33 35 38 43 48 53 58 63 68 73 78 4 9 14 19 24 29 34 39 44 49 54 59 64 69 74
13 15 10 15 20 25 30 40 45 50 55 60 65 70 75 4 9 14 19 24 29 34 39 44 49 54 59 64 69 74
1 1 10 15
1 1 10 20
1 1 20 25
1 1 20 30
1 1 20 40
1 1 40 45
1 1 40 50
1 1 40 55
1 1 55 60
1 1 55 65
1 1 65 70
1 1 65 75
# 65 : 0 -> 3
#c 3 1 2 3 4 3 1 2 3 4 0 1 2 3 4 0 1 2 3 4 0 1 2 3 4 0 1 2 3 4 0 1 2 3 4 3 1 2 3 4 0 1 2 3 4 0 1 2 3 4 0 1 2 3 4 0 1 2 3 4 0 1 2 3 4 3 1 2 3 4 0 1 2 3 4 0 1 2 3
12 16 10 15 20 25 30 40 45 50 55 60 70 75 1 6 11 16 21 26 31 36 41 46 51 56 61 66 71 76
12 16 10 15 20 25 30 40 45 50 55 60 70 75 2 7 12 17 22 27 32 37 42 47 52 57 62 67 72 77
16 20 1 6 11 16 21 26 31 36 41 46 51 56 61 66 71 76 0 3 5 8 13 18 23 28 33 35 38 43 48 53 58 63 65 68 73 78
12 20 10 15 20 25 30 40 45 50 55 60 70 75 0 3 5 8 13 18 23 28 33 35 38 43 48 53 58 63 65 68 73 78
20 15 0 3 5 8 13 18 23 28 33 35 38 43 48 53 58 63 65 68 73 78 4 9 14 19 24 29 34 39 44 49 54 59 64 69 74
12 15 10 15 20 25 30 40 45 50 55 60 70 75 4 9 14 19 24 29 34 39 44 49 54 59 64 69 74
1 1 55 70
1 1 55 75
# 75 : 0 -> 3
#c 3 1 2 3 4 3 1 2 3 4 0 1 2 3 4 0 1 2 3 4 0 1 2 3 4 0 1 2 3 4 0 1 2 3 4 3 1 2 3 4 0 1 2 3 4 0 1 2 3 4 0 1 2 3 4 0 1 2 3 4 0 1 2 3 4 3 1 2 3 4 0 1 2 3 4 3 1 2 3
11 16 10 15 20 25 30 40 45 50 55 60 70 1 6 11 16 21 26 31 36 41 46 51 56 61 66 71 76
11 16 10 15 20 25 30 40 45 50 55 60 70 2 7 12 17 22 27 32 37 42 47 52 57 62 67 72 77
16 21 1 6 11 16 21 26 31 36 41 46 51 56 61 66 71 76 0 3 5 8 13 18 23 28 33 35 38 43 48 53 58 63 65 68 73 75 78
11 21 10 15 20 25 30 40 45 50 55 60 70 0 3 5 8 13 18 23 28 33 35 38 43 48 53 58 63 65 68 73 75 78
21 15 0 3 5 8 13 18 23 28 33 35 38 43 48 53 58 63 65 68 73 75 78 4 9 14 19 24 29 34 39 44 49 54 59 64 69 74
11 15 10 15 20 25 30 40 45 50 55 60 70 4 9 14 19 24 29 34 39 44 49 54 59 64 69 74
# 55 : 0 -> 3
#c 3 1 2 3 4 3 1 2 3 4 0 1 2 3 4 0 1 2 3 4 0 1 2 3 4 0 1 2 3 4 0 1 2 3 4 3 1 2 3 4 0 1 2 3 4 0 1 2 3 4 0 1 2 3 4 3 1 2 3 4 0 1 2 3 4 3 1 2 3 4 0 1 2 3 4 3 1 2 3
10 16 10 15 20 25 30 40 45 50 60 70 1 6 11 16 21 26 31 36 41 46 51 56 61 66 71 76
10 16 10 15 20 25 30 40 45 50 60 70 2 7 12 17 22 27 32 37 42 47 52 57 62 67 72 77
16 22 1 6 11 16 21 26 31 36 41 46 51 56 61 66 71 76 0 3 5 8 13 18 23 28 33 35 38 43 48 53 55 58 63 65 68 73 75 78
10 22 10 15 20 25 30 40 45 50 60 70 0 3 5 8 13 18 23 28 33 35 38 43 48 53 55 58 63 65 68 73 75 78
22 15 0 3 5 8 13 18 23 28 33 35 38 43 48 53 55 58 63 65 68 73 75 78 4 9 14 19 24 29 34 39 44 49 54 59 64 69 74
10 15 10 15 20 25 30 40 45 50 60 70 4 9 14 19 24 29 34 39 44 49 54 59 64 69 74
1 1 40 60
1 1 40 70
# 40 : 0 -> 3
#c 3 1 2 3 4 3 1 2 3 4 0 1 2 3 4 0 1 2 3 4 0 1 2 3 4 0 1 2 3 4 0 1 2 3 4 3 1 2 3 4 3 1 2 3 4 0 1 2 3 4 0 1 2 3 4 3 1 2 3 4 0 1 2 3 4 3 1 2 3 4 0 1 2 3 4 3 1 2 3
9 16 10 15 20 25 30 45 50 60 70 1 6 11 16 21 26 31 36 41 46 51 56 61 66 71 76
9 16 10 15 20 25 30 45 50 60 70 2 7 12 17 22 27 32 37 42 47 52 57 62 67 72 77
16 23 1 6 11 16 21 26 31 36 41 46 51 56 61 66 71 76 0 3 5 8 13 18 23 28 33 35 38 40 43 48 53 55 58 63 65 68 73 75 78
9 23 10 15 20 25 30 45 50 60 70 0 3 5 8 13 18 23 28 33 35 38 40 43 48 53 55 58 63 65 68 73 75 78
23 15 0 3 5 8 13 18 23 28 33 35 38 40 43 48 53 55 58 63 65 68 73 75 78 4 9 14 19 24 29 34 39 44 49 54 59 64 69 74
9 15 10 15 20 25 30 45 50 60 70 4 9 14 19 24 29 34 39 44 49 54 59 64 69 74
1 1 20 45
1 1 20 50
1 1 20 60
1 1 20 70
# skipped!
# 20 : 0 -> 4
#c 3 1 2 3 4 3 1 2 3 4 0 1 2 3 4 0 1 2 3 4 4 1 2 3 4 0 1 2 3 4 0 1 2 3 4 3 1 2 3 4 3 1 2 3 4 0 1 2 3 4 0 1 2 3 4 3 1 2 3 4 0 1 2 3 4 3 1 2 3 4 0 1 2 3 4 3 1 2 3
8 16 10 15 25 30 45 50 60 70 1 6 11 16 21 26 31 36 41 46 51 56 61 66 71 76
8 16 10 15 25 30 45 50 60 70 2 7 12 17 22 27 32 37 42 47 52 57 62 67 72 77
8 23 10 15 25 30 45 50 60 70 0 3 5 8 13 18 23 28 33 35 38 40 43 48 53 55 58 63 65 68 73 75 78
23 16 0 3 5 8 13 18 23 28 33 35 38 40 43 48 53 55 58 63 65 68 73 75 78 4 9 14 19 20 24 29 34 39 44 49 54 59 64 69 74
8 16 10 15 25 30 45 50 60 70 4 9 14 19 20 24 29 34 39 44 49 54 59 64 69 74
1 1 10 25
1 1 10 30
1 1 10 45
1 1 45 50
1 1 45 60
1 1 60 70
# 60 : 0 -> 3
#c 3 1 2 3 4 3 1 2 3 4 0 1 2 3 4 0 1 2 3 4 4 1 2 3 4 0 1 2 3 4 0 1 2 3 4 3 1 2 3 4 3 1 2 3 4 0 1 2 3 4 0 1 2 3 4 3 1 2 3 4 3 1 2 3 4 3 1 2 3 4 0 1 2 3 4 3 1 2 3
7 16 10 15 25 30 45 50 70 1 6 11 16 21 26 31 36 41 46 51 56 61 66 71 76
7 16 10 15 25 30 45 50 70 2 7 12 17 22 27 32 37 42 47 52 57 62 67 72 77
16 24 1 6 11 16 21 26 31 36 41 46 51 56 61 66 71 76 0 3 5 8 13 18 23 28 33 35 38 40 43 48 53 55 58 60 63 65 68 73 75 78
7 24 10 15 25 30 45 50 70 0 3 5 8 13 18 23 28 33 35 38 40 43 48 53 55 58 60 63 65 68 73 75 78
16 16 1 6 11 16 21 26 31 36 41 46 51 56 61 66 71 76 4 9 14 19 20 24 29 34 39 44 49 54 59 64 69 74
7 16 10 15 25 30 45 50 70 4 9 14 19 20 24 29 34 39 44 49 54 59 64 69 74
1 1 45 70
# skipped!
# 45 : 0 -> 1
#c 3 1 2 3 4 3 1 2 3 4 0 1 2 3 4 0 1 2 3 4 4 1 2 3 4 0 1 2 3 4 0 1 2 3 4 3 1 2 3 4 3 1 2 3 4 1 1 2 3 4 0 1 2 3 4 3 1 2 3 4 3 1 2 3 4 3 1 2 3 4 0 1 2 3 4 3 1 2 3
6 17 10 15 25 30 50 70 1 6 11 16 21 26 31 36 41 45 46 51 56 61 66 71 76
17 16 1 6 11 16 21 26 31 36 41 45 46 51 56 61 66 71 76 2 7 12 17 22 27 32 37 42 47 52 57 62 67 72 77
6 16 10 15 25 30 50 70 2 7 12 17 22 27 32 37 42 47 52 57 62 67 72 77
17 24 1 6 11 16 21 26 31 36 41 45 46 51 56 61 66 71 76 0 3 5 8 13 18 23 28 33 35 38 40 43 48 53 55 58 60 63 65 68 73 75 78
16 24 2 7 12 17 22 27 32 37 42 47 52 57 62 67 72 77 0 3 5 8 13 18 23 28 33 35 38 40 43 48 53 55 58 60 63 65 68 73 75 78
24 16 0 3 5 8 13 18 23 28 33 35 38 40 43 48 53 55 58 60 63 65 68 73 75 78 4 9 14 19 20 24 29 34 39 44 49 54 59 64 69 74
16 16 2 7 12 17 22 27 32 37 42 47 52 57 62 67 72 77 4 9 14 19 20 24 29 34 39 44 49 54 59 64 69 74
1 1 2 7
1 1 2 12
1 1 2 17
1 1 2 22
1 1 2 27
1 1 27 32
1 1 27 37
1 1 27 42
1 1 27 47
1 1 27 52
1 1 27 57
1 1 57 62
1 1 57 67
1 1 67 72
1 1 67 77
# skipped!
# skipped!
# skipped!
# skipped!
# 67 : 2 -> 4
#c 3 1 2 3 4 3 1 2 3 4 0 1 2 3 4 0 1 2 3 4 4 1 2 3 4 0 1 2 3 4 0 1 2 3 4 3 1 2 3 4 3 1 2 3 4 1 1 2 3 4 0 1 2 3 4 3 1 2 3 4 3 1 2 3 4 3 1 4 3 4 0 1 2 3 4 3 1 2 3
17 15 1 6 11 16 21 26 31 36 41 45 46 51 56 61 66 71 76 2 7 12 17 22 27 32 37 42 47 52 57 62 72 77
6 15 10 15 25 30 50 70 2 7 12 17 22 27 32 37 42 47 52 57 62 72 77
15 24 2 7 12 17 22 27 32 37 42 47 52 57 62 72 77 0 3 5 8 13 18 23 28 33 35 38 40 43 48 53 55 58 60 63 65 68 73 75 78
24 17 0 3 5 8 13 18 23 28 33 35 38 40 43 48 53 55 58 60 63 65 68 73 75 78 4 9 14 19 20 24 29 34 39 44 49 54 59 64 67 69 74
15 17 2 7 12 17 22 27 32 37 42 47 52 57 62 72 77 4 9 14 19 20 24 29 34 39 44 49 54 59 64 67 69 74
1 1 57 72
1 1 57 77
# 57 : 2 -> 4
#c 3 1 2 3 4 3 1 2 3 4 0 1 2 3 4 0 1 2 3 4 4 1 2 3 4 0 1 2 3 4 0 1 2 3 4 3 1 2 3 4 3 1 2 3 4 1 1 2 3 4 0 1 2 3 4 3 1 4 3 4 3 1 2 3 4 3 1 4 3 4 0 1 2 3 4 3 1 2 3
17 14 1 6 11 16 21 26 31 36 41 45 46 51 56 61 66 71 76 2 7 12 17 22 27 32 37 42 47 52 62 72 77
6 14 10 15 25 30 50 70 2 7 12 17 22 27 32 37 42 47 52 62 72 77
14 24 2 7 12 17 22 27 32 37 42 47 52 62 72 77 0 3 5 8 13 18 23 28 33 35 38 40 43 48 53 55 58 60 63 65 68 73 75 78
24 18 0 3 5 8 13 18 23 28 33 35 38 40 43 48 53 55 58 60 63 65 68 73 75 78 4 9 14 19 20 24 29 34 39 44 49 54 57 59 64 67 69 74
14 18 2 7 12 17 22 27 32 37 42 47 52 62 72 77 4 9 14 19 20 24 29 34 39 44 49 54 57 59 64 67 69 74
1 1 27 62
1 1 27 72
1 1 27 77
# 27 : 2 -> 4
#c 3 1 2 3 4 3 1 2 3 4 0 1 2 3 4 0 1 2 3 4 4 1 2 3 4 0 1 4 3 4 0 1 2 3 4 3 1 2 3 4 3 1 2 3 4 1 1 2 3 4 0 1 2 3 4 3 1 4 3 4 3 1 2 3 4 3 1 4 3 4 0 1 2 3 4 3 1 2 3
17 13 1 6 11 16 21 26 31 36 41 45 46 51 56 61 66 71 76 2 7 12 17 22 32 37 42 47 52 62 72 77
6 13 10 15 25 30 50 70 2 7 12 17 22 32 37 42 47 52 62 72 77
13 24 2 7 12 17 22 32 37 42 47 52 62 72 77 0 3 5 8 13 18 23 28 33 35 38 40 43 48 53 55 58 60 63 65 68 73 75 78
24 19 0 3 5 8 13 18 23 28 33 35 38 40 43 48 53 55 58 60 63 65 68 73 75 78 4 9 14 19 20 24 27 29 34 39 44 49 54 57 59 64 67 69 74
13 19 2 7 12 17 22 32 37 42 47 52 62 72 77 4 9 14 19 20 24 27 29 34 39 44 49 54 57 59 64 67 69 74
1 1 2 32
1 1 2 37
1 1 2 42
1 1 42 47
1 1 42 52
1 1 42 62
1 1 42 72
1 1 72 77
# 77 : 2 -> 4
#c 3 1 2 3 4 3 1 2 3 4 0 1 2 3 4 0 1 2 3 4 4 1 2 3 4 0 1 4 3 4 0 1 2 3 4 3 1 2 3 4 3 1 2 3 4 1 1 2 3 4 0 1 2 3 4 3 1 4 3 4 3 1 2 3 4 3 1 4 3 4 0 1 2 3 4 3 1 4 3
17 12 1 6 11 16 21 26 31 36 41 45 46 51 56 61 66 71 76 2 7 12 17 22 32 37 42 47 52 62 72
6 12 10 15 25 30 50 70 2 7 12 17 22 32 37 42 47 52 62 72
12 24 2 7 12 17 22 32 37 42 47 52 62 72 0 3 5 8 13 18 23 28 33 35 38 40 43 48 53 55 58 60 63 65 68 73 75 78
24 20 0 3 5 8 13 18 23 28 33 35 38 40 43 48 53 55 58 60 63 65 68 73 75 78 4 9 14 19 20 24 27 29 34 39 44 49 54 57 59 64 67 69 74 77
12 20 2 7 12 17 22 32 37 42 47 52 62 72 4 9 14 19 20 24 27 29 34 39 44 49 54 57 59 64 67 69 74 77
# skipped!
# 72 : 2 -> 3
#c 3 1 2 3 4 3 1 2 3 4 0 1 2 3 4 0 1 2 3 4 4 1 2 3 4 0 1 4 3 4 0 1 2 3 4 3 1 2 3 4 3 1 2 3 4 1 1 2 3 4 0 1 2 3 4 3 1 4 3 4 3 1 2 3 4 3 1 4 3 4 0 1 3 3 4 3 1 4 3
17 11 1 6 11 16 21 26 31 36 41 45 46 51 56 61 66 71 76 2 7 12 17 22 32 37 42 47 52 62
6 11 10 15 25 30 50 70 2 7 12 17 22 32 37 42 47 52 62
17 25 1 6 11 16 21 26 31 36 41 45 46 51 56 61 66 71 76 0 3 5 8 13 18 23 28 33 35 38 40 43 48 53 55 58 60 63 65 68 72 73 75 78
6 25 10 15 25 30 50 70 0 3 5 8 13 18 23 28 33 35 38 40 43 48 53 55 58 60 63 65 68 72 73 75 78
25 20 0 3 5 8 13 18 23 28 33 35 38 40 43 48 53 55 58 60 63 65 68 72 73 75 78 4 9 14 19 20 24 27 29 34 39 44 49 54 57 59 64 67 69 74 77
6 20 10 15 25 30 50 70 4 9 14 19 20 24 27 29 34 39 44 49 54 57 59 64 67 69 74 77
1 1 10 50
1 1 10 70
# skipped!
# skipped!
# 10 : 0 -> 4
#c 3 1 2 3 4 3 1 2 3 4 4 1 2 3 4 0 1 2 3 4 4 1 2 3 4 0 1 4 3 4 0 1 2 3 4 3 1 2 3 4 3 1 2 3 4 1 1 2 3 4 0 1 2 3 4 3 1 4 3 4 3 1 2 3 4 3 1 4 3 4 0 1 3 3 4 3 1 4 3
5 17 15 25 30 50 70 1 6 11 16 21 26 31 36 41 45 46 51 56 61 66 71 76
5 11 15 25 30 50 70 2 7 12 17 22 32 37 42 47 52 62
5 25 15 25 30 50 70 0 3 5 8 13 18 23 28 33 35 38 40 43 48 53 55 58 60 63 65 68 72 73 75 78
11 25 2 7 12 17 22 32 37 42 47 52 62 0 3 5 8 13 18 23 28 33 35 38 40 43 48 53 55 58 60 63 65 68 72 73 75 78
5 21 15 25 30 50 70 4 9 10 14 19 20 24 27 29 34 39 44 49 54 57 59 64 67 69 74 77
11 21 2 7 12 17 22 32 37 42 47 52 62 4 9 10 14 19 20 24 27 29 34 39 44 49 54 57 59 64 67 69 74 77
1 1 4 9
1 1 9 10
1 1 9 14
1 1 14 19
1 1 14 20
1 1 14 24
1 1 24 27
1 1 27 29
1 1 29 34
1 1 29 39
1 1 29 44
1 1 29 49
1 1 29 54
1 1 29 57
1 1 57 59
1 1 57 64
1 1 67 69
1 1 67 74
# skipped!
# skipped!
# skipped!
# skipped!
# skipped!
# 67 : 4 -> 0
#c 3 1 2 3 4 3 1 2 3 4 4 1 2 3 4 0 1 2 3 4 4 1 2 3 4 0 1 4 3 4 0 1 2 3 4 3 1 2 3 4 3 1 2 3 4 1 1 2 3 4 0 1 2 3 4 3 1 4 3 4 3 1 2 3 4 3 1 0 3 4 0 1 3 3 4 3 1 4 3
6 17 15 25 30 50 67 70 1 6 11 16 21 26 31 36 41 45 46 51 56 61 66 71 76
6 11 15 25 30 50 67 70 2 7 12 17 22 32 37 42 47 52 62
6 25 15 25 30 50 67 70 0 3 5 8 13 18 23 28 33 35 38 40 43 48 53 55 58 60 63 65 68 72 73 75 78
6 20 15 25 30 50 67 70 4 9 10 14 19 20 24 27 29 34 39 44 49 54 57 59 64 69 74 77
11 20 2 7 12 17 22 32 37 42 47 52 62 4 9 10 14 19 20 24 27 29 34 39 44 49 54 57 59 64 69 74 77
1 1 57 69
1 1 57 74
# skipped!
# skipped!
# 57 : 4 -> 0
#c 3 1 2 3 4 3 1 2 3 4 4 1 2 3 4 0 1 2 3 4 4 1 2 3 4 0 1 4 3 4 0 1 2 3 4 3 1 2 3 4 3 1 2 3 4 1 1 2 3 4 0 1 2 3 4 3 1 0 3 4 3 1 2 3 4 3 1 0 3 4 0 1 3 3 4 3 1 4 3
7 17 15 25 30 50 57 67 70 1 6 11 16 21 26 31 36 41 45 46 51 56 61 66 71 76
7 11 15 25 30 50 57 67 70 2 7 12 17 22 32 37 42 47 52 62
7 25 15 25 30 50 57 67 70 0 3 5 8 13 18 23 28 33 35 38 40 43 48 53 55 58 60 63 65 68 72 73 75 78
7 19 15 25 30 50 57 67 70 4 9 10 14 19 20 24 27 29 34 39 44 49 54 59 64 69 74 77
11 19 2 7 12 17 22 32 37 42 47 52 62 4 9 10 14 19 20 24 27 29 34 39 44 49 54 59 64 69 74 77
1 1 29 59
1 1 29 64
1 1 64 69
1 1 64 74
1 1 64 77
# skipped!
# skipped!
# skipped!
# skipped!
# skipped!
# 64 : 4 -> 0
#c 3 1 2 3 4 3 1 2 3 4 4 1 2 3 4 0 1 2 3 4 4 1 2 3 4 0 1 4 3 4 0 1 2 3 4 3 1 2 3 4 3 1 2 3 4 1 1 2 3 4 0 1 2 3 4 3 1 0 3 4 3 1 2 3 0 3 1 0 3 4 0 1 3 3 4 3 1 4 3
8 17 15 25 30 50 57 64 67 70 1 6 11 16 21 26 31 36 41 45 46 51 56 61 66 71 76
8 11 15 25 30 50 57 64 67 70 2 7 12 17 22 32 37 42 47 52 62
8 25 15 25 30 50 57 64 67 70 0 3 5 8 13 18 23 28 33 35 38 40 43 48 53 55 58 60 63 65 68 72 73 75 78
8 18 15 25 30 50 57 64 67 70 4 9 10 14 19 20 24 27 29 34 39 44 49 54 59 69 74 77
11 18 2 7 12 17 22 32 37 42 47 52 62 4 9 10 14 19 20 24 27 29 34 39 44 49 54 59 69 74 77
1 1 29 69
1 1 29 74
1 1 29 77
# skipped!
# skipped!
# skipped!
# skipped!
# skipped!
# skipped!
# skipped!
# skipped!
# 29 : 4 -> 0
#c 3 1 2 3 4 3 1 2 3 4 4 1 2 3 4 0 1 2 3 4 4 1 2 3 4 0 1 4 3 0 0 1 2 3 4 3 1 2 3 4 3 1 2 3 4 1 1 2 3 4 0 1 2 3 4 3 1 0 3 4 3 1 2 3 0 3 1 0 3 4 0 1 3 3 4 3 1 4 3
9 17 15 25 29 30 50 57 64 67 70 1 6 11 16 21 26 31 36 41 45 46 51 56 61 66 71 76
9 11 15 25 29 30 50 57 64 67 70 2 7 12 17 22 32 37 42 47 52 62
9 25 15 25 29 30 50 57 64 67 70 0 3 5 8 13 18 23 28 33 35 38 40 43 48 53 55 58 60 63 65 68 72 73 75 78
9 17 15 25 29 30 50 57 64 67 70 4 9 10 14 19 20 24 27 34 39 44 49 54 59 69 74 77
11 17 2 7 12 17 22 32 37 42 47 52 62 4 9 10 14 19 20 24 27 34 39 44 49 54 59 69 74 77
1 1 27 34
1 1 27 39
1 1 27 44
1 1 27 49
1 1 27 54
1 1 27 59
1 1 27 69
1 1 27 74
# 27 : 4 -> 0
#c 3 1 2 3 4 3 1 2 3 4 4 1 2 3 4 0 1 2 3 4 4 1 2 3 4 0 1 0 3 0 0 1 2 3 4 3 1 2 3 4 3 1 2 3 4 1 1 2 3 4 0 1 2 3 4 3 1 0 3 4 3 1 2 3 0 3 1 0 3 4 0 1 3 3 4 3 1 4 3
10 17 15 25 27 29 30 50 57 64 67 70 1 6 11 16 21 26 31 36 41 45 46 51 56 61 66 71 76
10 11 15 25 27 29 30 50 57 64 67 70 2 7 12 17 22 32 37 42 47 52 62
10 25 15 25 27 29 30 50 57 64 67 70 0 3 5 8 13 18 23 28 33 35 38 40 43 48 53 55 58 60 63 65 68 72 73 75 78
10 16 15 25 27 29 30 50 57 64 67 70 4 9 10 14 19 20 24 34 39 44 49 54 59 69 74 77
11 16 2 7 12 17 22 32 37 42 47 52 62 4 9 10 14 19 20 24 34 39 44 49 54 59 69 74 77
1 1 24 34
1 1 24 39
1 1 24 44
1 1 24 49
1 1 24 54
1 1 24 59
1 1 24 69
1 1 24 74
1 1 24 77
# 24 : 4 -> 0
#c 3 1 2 3 4 3 1 2 3 4 4 1 2 3 4 0 1 2 3 4 4 1 2 3 0 0 1 0 3 0 0 1 2 3 4 3 1 2 3 4 3 1 2 3 4 1 1 2 3 4 0 1 2 3 4 3 1 0 3 4 3 1 2 3 0 3 1 0 3 4 0 1 3 3 4 3 1 4 3
11 17 15 24 25 27 29 30 50 57 64 67 70 1 6 11 16 21 26 31 36 41 45 46 51 56 61 66 71 76
11 11 15 24 25 27 29 30 50 57 64 67 70 2 7 12 17 22 32 37 42 47 52 62
11 25 15 24 25 27 29 30 50 57 64 67 70 0 3 5 8 13 18 23 28 33 35 38 40 43 48 53 55 58 60 63 65 68 72 73 75 78
25 15 0 3 5 8 13 18 23 28 33 35 38 40 43 48 53 55 58 60 63 65 68 72 73 75 78 4 9 10 14 19 20 34 39 44 49 54 59 69 74 77
11 15 2 7 12 17 22 32 37 42 47 52 62 4 9 10 14 19 20 34 39 44 49 54 59 69 74 77
# skipped!
# 42 : 2 -> 3
#c 3 1 2 3 4 3 1 2 3 4 4 1 2 3 4 0 1 2 3 4 4 1 2 3 0 0 1 0 3 0 0 1 2 3 4 3 1 2 3 4 3 1 3 3 4 1 1 2 3 4 0 1 2 3 4 3 1 0 3 4 3 1 2 3 0 3 1 0 3 4 0 1 3 3 4 3 1 4 3
11 10 15 24 25 27 29 30 50 57 64 67 70 2 7 12 17 22 32 37 47 52 62
17 10 1 6 11 16 21 26 31 36 41 45 46 51 56 61 66 71 76 2 7 12 17 22 32 37 47 52 62
11 26 15 24 25 27 29 30 50 57 64 67 70 0 3 5 8 13 18 23 28 33 35 38 40 42 43 48 53 55 58 60 63 65 68 72 73 75 78
17 26 1 6 11 16 21 26 31 36 41 45 46 51 56 61 66 71 76 0 3 5 8 13 18 23 28 33 35 38 40 42 43 48 53 55 58 60 63 65 68 72 73 75 78
11 15 15 24 25 27 29 30 50 57 64 67 70 4 9 10 14 19 20 34 39 44 49 54 59 69 74 77
26 15 0 3 5 8 13 18 23 28 33 35 38 40 42 43 48 53 55 58 60 63 65 68 72 73 75 78 4 9 10 14 19 20 34 39 44 49 54 59 69 74 77
1 1 14 34
1 1 14 39
1 1 14 44
1 1 14 49
1 1 14 54
1 1 54 59
1 1 54 69
1 1 54 74
1 1 54 77
# skipped!
# 54 : 4 -> 0
#c 3 1 2 3 4 3 1 2 3 4 4 1 2 3 4 0 1 2 3 4 4 1 2 3 0 0 1 0 3 0 0 1 2 3 4 3 1 2 3 4 3 1 3 3 4 1 1 2 3 4 0 1 2 3 0 3 1 0 3 4 3 1 2 3 0 3 1 0 3 4 0 1 3 3 4 3 1 4 3
12 17 15 24 25 27 29 30 50 54 57 64 67 70 1 6 11 16 21 26 31 36 41 45 46 51 56 61 66 71 76
12 10 15 24 25 27 29 30 50 54 57 64 67 70 2 7 12 17 22 32 37 47 52 62
10 26 2 7 12 17 22 32 37 47 52 62 0 3 5 8 13 18 23 28 33 35 38 40 42 43 48 53 55 58 60 63 65 68 72 73 75 78
12 26 15 24 25 27 29 30 50 54 57 64 67 70 0 3 5 8 13 18 23 28 33 35 38 40 42 43 48 53 55 58 60 63 65 68 72 73 75 78
10 14 2 7 12 17 22 32 37 47 52 62 4 9 10 14 19 20 34 39 44 49 59 69 74 77
26 14 0 3 5 8 13 18 23 28 33 35 38 40 42 43 48 53 55 58 60 63 65 68 72 73 75 78 4 9 10 14 19 20 34 39 44 49 59 69 74 77
1 1 0 3
1 1 5 8
1 1 8 13
1 1 8 18
1 1 8 23
1 1 8 28
# skipped!
3 1 2 3 4 3 1 2 3 4 4 1 2 3 4 0 1 2 3 4 4 1 2 3 0 0 1 0 3 0 0 1 2 3 4 3 1 2 3 4 3 1 3 3 4 1 1 2 3 4 0 1 2 3 0 3 1 0 3 4 3 1 2 3 0 3 1 0 3 4 0 1 3 3 4 3 1 4 3
