#c 0 1 2 0 1 2 0 1 2 0 1 2 0 1 2 0 1 2 0 1 2 0 1 2 0 1 2 0 1 2 0 1 2 0 1 2 0 1 2 0 1 2 0 1 2 0 1 2 0 1 2 0 1 2 0 1 2 0 1 2 0 1 2 0 1 2 0 1 2 0 1 2 0 1
#c 0 1 2 0 1 2 0 1 2 0 1 2 0 1 2 0 1 2 0 1 2 0 1 2 0 1 2 0 1 2 0 1 2 0 1 2 0 1 2 0 1 2 0 1 2 0 1 2 0 1 2 0 1 2 0 1 2 0 1 2 0 1 2 0 1 2 0 1 2 0 1 2 0 1
25 25 0 3 6 9 12 15 18 21 24 27 30 33 36 39 42 45 48 51 54 57 60 63 66 69 72 1 4 7 10 13 16 19 22 25 28 31 34 37 40 43 46 49 52 55 58 61 64 67 70 73
25 24 1 4 7 10 13 16 19 22 25 28 31 34 37 40 43 46 49 52 55 58 61 64 67 70 73 2 5 8 11 14 17 20 23 26 29 32 35 38 41 44 47 50 53 56 59 62 65 68 71
25 24 0 3 6 9 12 15 18 21 24 27 30 33 36 39 42 45 48 51 54 57 60 63 66 69 72 2 5 8 11 14 17 20 23 26 29 32 35 38 41 44 47 50 53 56 59 62 65 68 71
1 1 0 3
1 1 0 6
1 1 6 9
1 1 9 12
1 1 12 15
1 1 15 18
1 1 15 21
1 1 15 24
1 1 15 27
1 1 15 30
1 1 15 33
1 1 15 36
1 1 15 39
1 1 15 42
1 1 15 45
1 1 45 48
1 1 45 51
1 1 45 54
1 1 45 57
1 1 45 60
1 1 45 63
1 1 45 66
1 1 45 69
1 1 45 72
# 45 : 0 -> 1
#c 0 1 2 0 1 2 0 1 2 0 1 2 0 1 2 0 1 2 0 1 2 0 1 2 0 1 2 0 1 2 0 1 2 0 1 2 0 1 2 0 1 2 0 1 2 1 1 2 0 1 2 0 1 2 0 1 2 0 1 2 0 1 2 0 1 2 0 1 2 0 1 2 0 1
24 26 0 3 6 9 12 15 18 21 24 27 30 33 36 39 42 48 51 54 57 60 63 66 69 72 1 4 7 10 13 16 19 22 25 28 31 34 37 40 43 45 46 49 52 55 58 61 64 67 70 73
26 24 1 4 7 10 13 16 19 22 25 28 31 34 37 40 43 45 46 49 52 55 58 61 64 67 70 73 2 5 8 11 14 17 20 23 26 29 32 35 38 41 44 47 50 53 56 59 62 65 68 71
24 24 0 3 6 9 12 15 18 21 24 27 30 33 36 39 42 48 51 54 57 60 63 66 69 72 2 5 8 11 14 17 20 23 26 29 32 35 38 41 44 47 50 53 56 59 62 65 68 71
1 1 15 48
1 1 15 51
1 1 15 54
1 1 15 57
1 1 15 60
1 1 15 63
1 1 15 66
1 1 15 69
1 1 15 72
# 15 : 0 -> 1
#c 0 1 2 0 1 2 0 1 2 0 1 2 0 1 2 1 1 2 0 1 2 0 1 2 0 1 2 0 1 2 0 1 2 0 1 2 0 1 2 0 1 2 0 1 2 1 1 2 0 1 2 0 1 2 0 1 2 0 1 2 0 1 2 0 1 2 0 1 2 0 1 2 0 1
23 27 0 3 6 9 12 18 21 24 27 30 33 36 39 42 48 51 54 57 60 63 66 69 72 1 4 7 10 13 15 16 19 22 25 28 31 34 37 40 43 45 46 49 52 55 58 61 64 67 70 73
27 24 1 4 7 10 13 15 16 19 22 25 28 31 34 37 40 43 45 46 49 52 55 58 61 64 67 70 73 2 5 8 11 14 17 20 23 26 29 32 35 38 41 44 47 50 53 56 59 62 65 68 71
23 24 0 3 6 9 12 18 21 24 27 30 33 36 39 42 48 51 54 57 60 63 66 69 72 2 5 8 11 14 17 20 23 26 29 32 35 38 41 44 47 50 53 56 59 62 65 68 71
1 1 12 18
1 1 12 21
1 1 12 24
1 1 24 27
1 1 24 30
1 1 24 33
1 1 24 36
1 1 24 39
1 1 24 42
1 1 24 48
1 1 24 51
1 1 24 54
1 1 24 57
1 1 57 60
1 1 57 63
1 1 63 66
1 1 66 69
1 1 66 72
# 66 : 0 -> 1
#c 0 1 2 0 1 2 0 1 2 0 1 2 0 1 2 1 1 2 0 1 2 0 1 2 0 1 2 0 1 2 0 1 2 0 1 2 0 1 2 0 1 2 0 1 2 1 1 2 0 1 2 0 1 2 0 1 2 0 1 2 0 1 2 0 1 2 1 1 2 0 1 2 0 1
22 28 0 3 6 9 12 18 21 24 27 30 33 36 39 42 48 51 54 57 60 63 69 72 1 4 7 10 13 15 16 19 22 25 28 31 34 37 40 43 45 46 49 52 55 58 61 64 66 67 70 73
28 24 1 4 7 10 13 15 16 19 22 25 28 31 34 37 40 43 45 46 49 52 55 58 61 64 66 67 70 73 2 5 8 11 14 17 20 23 26 29 32 35 38 41 44 47 50 53 56 59 62 65 68 71
22 24 0 3 6 9 12 18 21 24 27 30 33 36 39 42 48 51 54 57 60 63 69 72 2 5 8 11 14 17 20 23 26 29 32 35 38 41 44 47 50 53 56 59 62 65 68 71
1 1 63 69
1 1 63 72
# 63 : 0 -> 1
#c 0 1 2 0 1 2 0 1 2 0 1 2 0 1 2 1 1 2 0 1 2 0 1 2 0 1 2 0 1 2 0 1 2 0 1 2 0 1 2 0 1 2 0 1 2 1 1 2 0 1 2 0 1 2 0 1 2 0 1 2 0 1 2 1 1 2 1 1 2 0 1 2 0 1
21 29 0 3 6 9 12 18 21 24 27 30 33 36 39 42 48 51 54 57 60 69 72 1 4 7 10 13 15 16 19 22 25 28 31 34 37 40 43 45 46 49 52 55 58 61 63 64 66 67 70 73
29 24 1 4 7 10 13 15 16 19 22 25 28 31 34 37 40 43 45 46 49 52 55 58 61 63 64 66 67 70 73 2 5 8 11 14 17 20 23 26 29 32 35 38 41 44 47 50 53 56 59 62 65 68 71
21 24 0 3 6 9 12 18 21 24 27 30 33 36 39 42 48 51 54 57 60 69 72 2 5 8 11 14 17 20 23 26 29 32 35 38 41 44 47 50 53 56 59 62 65 68 71
1 1 57 69
1 1 57 72
# 57 : 0 -> 1
#c 0 1 2 0 1 2 0 1 2 0 1 2 0 1 2 1 1 2 0 1 2 0 1 2 0 1 2 0 1 2 0 1 2 0 1 2 0 1 2 0 1 2 0 1 2 1 1 2 0 1 2 0 1 2 0 1 2 1 1 2 0 1 2 1 1 2 1 1 2 0 1 2 0 1
20 30 0 3 6 9 12 18 21 24 27 30 33 36 39 42 48 51 54 60 69 72 1 4 7 10 13 15 16 19 22 25 28 31 34 37 40 43 45 46 49 52 55 57 58 61 63 64 66 67 70 73
30 24 1 4 7 10 13 15 16 19 22 25 28 31 34 37 40 43 45 46 49 52 55 57 58 61 63 64 66 67 70 73 2 5 8 11 14 17 20 23 26 29 32 35 38 41 44 47 50 53 56 59 62 65 68 71
20 24 0 3 6 9 12 18 21 24 27 30 33 36 39 42 48 51 54 60 69 72 2 5 8 11 14 17 20 23 26 29 32 35 38 41 44 47 50 53 56 59 62 65 68 71
1 1 24 60
1 1 24 69
1 1 24 72
# 24 : 0 -> 1
#c 0 1 2 0 1 2 0 1 2 0 1 2 0 1 2 1 1 2 0 1 2 0 1 2 1 1 2 0 1 2 0 1 2 0 1 2 0 1 2 0 1 2 0 1 2 1 1 2 0 1 2 0 1 2 0 1 2 1 1 2 0 1 2 1 1 2 1 1 2 0 1 2 0 1
19 31 0 3 6 9 12 18 21 27 30 33 36 39 42 48 51 54 60 69 72 1 4 7 10 13 15 16 19 22 24 25 28 31 34 37 40 43 45 46 49 52 55 57 58 61 63 64 66 67 70 73
31 24 1 4 7 10 13 15 16 19 22 24 25 28 31 34 37 40 43 45 46 49 52 55 57 58 61 63 64 66 67 70 73 2 5 8 11 14 17 20 23 26 29 32 35 38 41 44 47 50 53 56 59 62 65 68 71
19 24 0 3 6 9 12 18 21 27 30 33 36 39 42 48 51 54 60 69 72 2 5 8 11 14 17 20 23 26 29 32 35 38 41 44 47 50 53 56 59 62 65 68 71
1 1 12 27
1 1 12 30
1 1 12 33
1 1 12 36
1 1 12 39
1 1 12 42
1 1 12 48
1 1 12 51
1 1 12 54
1 1 12 60
1 1 12 69
1 1 12 72
# 72 : 0 -> 1
#c 0 1 2 0 1 2 0 1 2 0 1 2 0 1 2 1 1 2 0 1 2 0 1 2 1 1 2 0 1 2 0 1 2 0 1 2 0 1 2 0 1 2 0 1 2 1 1 2 0 1 2 0 1 2 0 1 2 1 1 2 0 1 2 1 1 2 1 1 2 0 1 2 1 1
18 32 0 3 6 9 12 18 21 27 30 33 36 39 42 48 51 54 60 69 1 4 7 10 13 15 16 19 22 24 25 28 31 34 37 40 43 45 46 49 52 55 57 58 61 63 64 66 67 70 72 73
32 24 1 4 7 10 13 15 16 19 22 24 25 28 31 34 37 40 43 45 46 49 52 55 57 58 61 63 64 66 67 70 72 73 2 5 8 11 14 17 20 23 26 29 32 35 38 41 44 47 50 53 56 59 62 65 68 71
18 24 0 3 6 9 12 18 21 27 30 33 36 39 42 48 51 54 60 69 2 5 8 11 14 17 20 23 26 29 32 35 38 41 44 47 50 53 56 59 62 65 68 71
# 12 : 0 -> 1
#c 0 1 2 0 1 2 0 1 2 0 1 2 1 1 2 1 1 2 0 1 2 0 1 2 1 1 2 0 1 2 0 1 2 0 1 2 0 1 2 0 1 2 0 1 2 1 1 2 0 1 2 0 1 2 0 1 2 1 1 2 0 1 2 1 1 2 1 1 2 0 1 2 1 1
17 33 0 3 6 9 18 21 27 30 33 36 39 42 48 51 54 60 69 1 4 7 10 12 13 15 16 19 22 24 25 28 31 34 37 40 43 45 46 49 52 55 57 58 61 63 64 66 67 70 72 73
33 24 1 4 7 10 12 13 15 16 19 22 24 25 28 31 34 37 40 43 45 46 49 52 55 57 58 61 63 64 66 67 70 72 73 2 5 8 11 14 17 20 23 26 29 32 35 38 41 44 47 50 53 56 59 62 65 68 71
17 24 0 3 6 9 18 21 27 30 33 36 39 42 48 51 54 60 69 2 5 8 11 14 17 20 23 26 29 32 35 38 41 44 47 50 53 56 59 62 65 68 71
1 1 9 18
1 1 18 21
1 1 18 27
1 1 18 30
1 1 18 33
1 1 33 36
1 1 33 39
1 1 33 42
1 1 33 48
1 1 33 51
1 1 33 54
1 1 33 60
1 1 33 69
# 33 : 0 -> 1
#c 0 1 2 0 1 2 0 1 2 0 1 2 1 1 2 1 1 2 0 1 2 0 1 2 1 1 2 0 1 2 0 1 2 1 1 2 0 1 2 0 1 2 0 1 2 1 1 2 0 1 2 0 1 2 0 1 2 1 1 2 0 1 2 1 1 2 1 1 2 0 1 2 1 1
16 34 0 3 6 9 18 21 27 30 36 39 42 48 51 54 60 69 1 4 7 10 12 13 15 16 19 22 24 25 28 31 33 34 37 40 43 45 46 49 52 55 57 58 61 63 64 66 67 70 72 73
34 24 1 4 7 10 12 13 15 16 19 22 24 25 28 31 33 34 37 40 43 45 46 49 52 55 57 58 61 63 64 66 67 70 72 73 2 5 8 11 14 17 20 23 26 29 32 35 38 41 44 47 50 53 56 59 62 65 68 71
16 24 0 3 6 9 18 21 27 30 36 39 42 48 51 54 60 69 2 5 8 11 14 17 20 23 26 29 32 35 38 41 44 47 50 53 56 59 62 65 68 71
1 1 18 36
1 1 18 39
1 1 18 42
1 1 18 48
1 1 18 51
1 1 18 54
1 1 18 60
1 1 18 69
# 18 : 0 -> 1
#c 0 1 2 0 1 2 0 1 2 0 1 2 1 1 2 1 1 2 1 1 2 0 1 2 1 1 2 0 1 2 0 1 2 1 1 2 0 1 2 0 1 2 0 1 2 1 1 2 0 1 2 0 1 2 0 1 2 1 1 2 0 1 2 1 1 2 1 1 2 0 1 2 1 1
15 35 0 3 6 9 21 27 30 36 39 42 48 51 54 60 69 1 4 7 10 12 13 15 16 18 19 22 24 25 28 31 33 34 37 40 43 45 46 49 52 55 57 58 61 63 64 66 67 70 72 73
35 24 1 4 7 10 12 13 15 16 18 19 22 24 25 28 31 33 34 37 40 43 45 46 49 52 55 57 58 61 63 64 66 67 70 72 73 2 5 8 11 14 17 20 23 26 29 32 35 38 41 44 47 50 53 56 59 62 65 68 71
15 24 0 3 6 9 21 27 30 36 39 42 48 51 54 60 69 2 5 8 11 14 17 20 23 26 29 32 35 38 41 44 47 50 53 56 59 62 65 68 71
1 1 9 21
1 1 9 27
1 1 27 30
1 1 30 36
1 1 30 39
1 1 30 42
1 1 42 48
1 1 42 51
1 1 42 54
1 1 42 60
1 1 42 69
# 42 : 0 -> 1
#c 0 1 2 0 1 2 0 1 2 0 1 2 1 1 2 1 1 2 1 1 2 0 1 2 1 1 2 0 1 2 0 1 2 1 1 2 0 1 2 0 1 2 1 1 2 1 1 2 0 1 2 0 1 2 0 1 2 1 1 2 0 1 2 1 1 2 1 1 2 0 1 2 1 1
14 36 0 3 6 9 21 27 30 36 39 48 51 54 60 69 1 4 7 10 12 13 15 16 18 19 22 24 25 28 31 33 34 37 40 42 43 45 46 49 52 55 57 58 61 63 64 66 67 70 72 73
36 24 1 4 7 10 12 13 15 16 18 19 22 24 25 28 31 33 34 37 40 42 43 45 46 49 52 55 57 58 61 63 64 66 67 70 72 73 2 5 8 11 14 17 20 23 26 29 32 35 38 41 44 47 50 53 56 59 62 65 68 71
14 24 0 3 6 9 21 27 30 36 39 48 51 54 60 69 2 5 8 11 14 17 20 23 26 29 32 35 38 41 44 47 50 53 56 59 62 65 68 71
1 1 30 48
1 1 30 51
1 1 30 54
1 1 30 60
1 1 30 69
# 30 : 0 -> 1
#c 0 1 2 0 1 2 0 1 2 0 1 2 1 1 2 1 1 2 1 1 2 0 1 2 1 1 2 0 1 2 1 1 2 1 1 2 0 1 2 0 1 2 1 1 2 1 1 2 0 1 2 0 1 2 0 1 2 1 1 2 0 1 2 1 1 2 1 1 2 0 1 2 1 1
13 37 0 3 6 9 21 27 36 39 48 51 54 60 69 1 4 7 10 12 13 15 16 18 19 22 24 25 28 30 31 33 34 37 40 42 43 45 46 49 52 55 57 58 61 63 64 66 67 70 72 73
37 24 1 4 7 10 12 13 15 16 18 19 22 24 25 28 30 31 33 34 37 40 42 43 45 46 49 52 55 57 58 61 63 64 66 67 70 72 73 2 5 8 11 14 17 20 23 26 29 32 35 38 41 44 47 50 53 56 59 62 65 68 71
13 24 0 3 6 9 21 27 36 39 48 51 54 60 69 2 5 8 11 14 17 20 23 26 29 32 35 38 41 44 47 50 53 56 59 62 65 68 71
1 1 27 36
1 1 27 39
1 1 27 48
1 1 27 51
1 1 27 54
1 1 54 60
1 1 60 69
# 60 : 0 -> 2
#c 0 1 2 0 1 2 0 1 2 0 1 2 1 1 2 1 1 2 1 1 2 0 1 2 1 1 2 0 1 2 1 1 2 1 1 2 0 1 2 0 1 2 1 1 2 1 1 2 0 1 2 0 1 2 0 1 2 1 1 2 2 1 2 1 1 2 1 1 2 0 1 2 1 1
12 37 0 3 6 9 21 27 36 39 48 51 54 69 1 4 7 10 12 13 15 16 18 19 22 24 25 28 30 31 33 34 37 40 42 43 45 46 49 52 55 57 58 61 63 64 66 67 70 72 73
37 25 1 4 7 10 12 13 15 16 18 19 22 24 25 28 30 31 33 34 37 40 42 43 45 46 49 52 55 57 58 61 63 64 66 67 70 72 73 2 5 8 11 14 17 20 23 26 29 32 35 38 41 44 47 50 53 56 59 60 62 65 68 71
12 25 0 3 6 9 21 27 36 39 48 51 54 69 2 5 8 11 14 17 20 23 26 29 32 35 38 41 44 47 50 53 56 59 60 62 65 68 71
1 1 54 69
# 54 : 0 -> 1
#c 0 1 2 0 1 2 0 1 2 0 1 2 1 1 2 1 1 2 1 1 2 0 1 2 1 1 2 0 1 2 1 1 2 1 1 2 0 1 2 0 1 2 1 1 2 1 1 2 0 1 2 0 1 2 1 1 2 1 1 2 2 1 2 1 1 2 1 1 2 0 1 2 1 1
11 38 0 3 6 9 21 27 36 39 48 51 69 1 4 7 10 12 13 15 16 18 19 22 24 25 28 30 31 33 34 37 40 42 43 45 46 49 52 54 55 57 58 61 63 64 66 67 70 72 73
38 25 1 4 7 10 12 13 15 16 18 19 22 24 25 28 30 31 33 34 37 40 42 43 45 46 49 52 54 55 57 58 61 63 64 66 67 70 72 73 2 5 8 11 14 17 20 23 26 29 32 35 38 41 44 47 50 53 56 59 60 62 65 68 71
11 25 0 3 6 9 21 27 36 39 48 51 69 2 5 8 11 14 17 20 23 26 29 32 35 38 41 44 47 50 53 56 59 60 62 65 68 71
1 1 27 69
# 27 : 0 -> 2
#c 0 1 2 0 1 2 0 1 2 0 1 2 1 1 2 1 1 2 1 1 2 0 1 2 1 1 2 2 1 2 1 1 2 1 1 2 0 1 2 0 1 2 1 1 2 1 1 2 0 1 2 0 1 2 1 1 2 1 1 2 2 1 2 1 1 2 1 1 2 0 1 2 1 1
10 38 0 3 6 9 21 36 39 48 51 69 1 4 7 10 12 13 15 16 18 19 22 24 25 28 30 31 33 34 37 40 42 43 45 46 49 52 54 55 57 58 61 63 64 66 67 70 72 73
38 26 1 4 7 10 12 13 15 16 18 19 22 24 25 28 30 31 33 34 37 40 42 43 45 46 49 52 54 55 57 58 61 63 64 66 67 70 72 73 2 5 8 11 14 17 20 23 26 27 29 32 35 38 41 44 47 50 53 56 59 60 62 65 68 71
10 26 0 3 6 9 21 36 39 48 51 69 2 5 8 11 14 17 20 23 26 27 29 32 35 38 41 44 47 50 53 56 59 60 62 65 68 71
1 1 9 36
1 1 9 39
1 1 9 48
1 1 9 51
1 1 9 69
# 69 : 0 -> 1
#c 0 1 2 0 1 2 0 1 2 0 1 2 1 1 2 1 1 2 1 1 2 0 1 2 1 1 2 2 1 2 1 1 2 1 1 2 0 1 2 0 1 2 1 1 2 1 1 2 0 1 2 0 1 2 1 1 2 1 1 2 2 1 2 1 1 2 1 1 2 1 1 2 1 1
9 39 0 3 6 9 21 36 39 48 51 1 4 7 10 12 13 15 16 18 19 22 24 25 28 30 31 33 34 37 40 42 43 45 46 49 52 54 55 57 58 61 63 64 66 67 69 70 72 73
9 26 0 3 6 9 21 36 39 48 51 2 5 8 11 14 17 20 23 26 27 29 32 35 38 41 44 47 50 53 56 59 60 62 65 68 71
39 26 1 4 7 10 12 13 15 16 18 19 22 24 25 28 30 31 33 34 37 40 42 43 45 46 49 52 54 55 57 58 61 63 64 66 67 69 70 72 73 2 5 8 11 14 17 20 23 26 27 29 32 35 38 41 44 47 50 53 56 59 60 62 65 68 71
1 1 1 4
1 1 4 7
1 1 4 10
1 1 4 12
1 1 4 13
1 1 13 15
1 1 15 16
1 1 16 18
1 1 16 19
1 1 16 22
1 1 16 24
1 1 16 25
1 1 16 28
1 1 16 30
1 1 16 31
1 1 16 33
1 1 16 34
1 1 34 37
1 1 34 40
1 1 34 42
1 1 34 43
1 1 34 45
1 1 34 46
1 1 34 49
1 1 34 52
1 1 34 54
1 1 34 55
1 1 34 57
1 1 34 58
1 1 34 61
1 1 34 63
1 1 34 64
1 1 34 66
1 1 34 67
1 1 34 69
1 1 34 70
1 1 34 72
1 1 34 73
# 34 : 1 -> 0
#c 0 1 2 0 1 2 0 1 2 0 1 2 1 1 2 1 1 2 1 1 2 0 1 2 1 1 2 2 1 2 1 1 2 1 0 2 0 1 2 0 1 2 1 1 2 1 1 2 0 1 2 0 1 2 1 1 2 1 1 2 2 1 2 1 1 2 1 1 2 1 1 2 1 1
10 38 0 3 6 9 21 34 36 39 48 51 1 4 7 10 12 13 15 16 18 19 22 24 25 28 30 31 33 37 40 42 43 45 46 49 52 54 55 57 58 61 63 64 66 67 69 70 72 73
10 26 0 3 6 9 21 34 36 39 48 51 2 5 8 11 14 17 20 23 26 27 29 32 35 38 41 44 47 50 53 56 59 60 62 65 68 71
38 26 1 4 7 10 12 13 15 16 18 19 22 24 25 28 30 31 33 37 40 42 43 45 46 49 52 54 55 57 58 61 63 64 66 67 69 70 72 73 2 5 8 11 14 17 20 23 26 27 29 32 35 38 41 44 47 50 53 56 59 60 62 65 68 71
1 1 16 37
1 1 16 40
1 1 16 42
1 1 16 43
1 1 16 45
1 1 45 46
1 1 45 49
1 1 45 52
1 1 45 55
1 1 45 58
1 1 45 61
1 1 45 64
1 1 45 67
1 1 45 70
1 1 45 73
# 45 : 1 -> 0
#c 0 1 2 0 1 2 0 1 2 0 1 2 1 1 2 1 1 2 1 1 2 0 1 2 1 1 2 2 1 2 1 1 2 1 0 2 0 1 2 0 1 2 1 1 2 0 1 2 0 1 2 0 1 2 1 1 2 1 1 2 2 1 2 1 1 2 1 1 2 1 1 2 1 1
11 37 0 3 6 9 21 34 36 39 45 48 51 1 4 7 10 12 13 15 16 18 19 22 24 25 28 30 31 33 37 40 42 43 46 49 52 54 55 57 58 61 63 64 66 67 69 70 72 73
11 26 0 3 6 9 21 34 36 39 45 48 51 2 5 8 11 14 17 20 23 26 27 29 32 35 38 41 44 47 50 53 56 59 60 62 65 68 71
37 26 1 4 7 10 12 13 15 16 18 19 22 24 25 28 30 31 33 37 40 42 43 46 49 52 54 55 57 58 61 63 64 66 67 69 70 72 73 2 5 8 11 14 17 20 23 26 27 29 32 35 38 41 44 47 50 53 56 59 60 62 65 68 71
1 1 16 46
1 1 16 49
1 1 16 52
1 1 16 54
1 1 16 55
1 1 16 57
1 1 16 58
1 1 16 61
1 1 16 63
1 1 16 64
1 1 16 66
1 1 16 67
1 1 16 69
1 1 16 70
1 1 70 72
1 1 70 73
# 70 : 1 -> 0
#c 0 1 2 0 1 2 0 1 2 0 1 2 1 1 2 1 1 2 1 1 2 0 1 2 1 1 2 2 1 2 1 1 2 1 0 2 0 1 2 0 1 2 1 1 2 0 1 2 0 1 2 0 1 2 1 1 2 1 1 2 2 1 2 1 1 2 1 1 2 1 0 2 1 1
12 36 0 3 6 9 21 34 36 39 45 48 51 70 1 4 7 10 12 13 15 16 18 19 22 24 25 28 30 31 33 37 40 42 43 46 49 52 54 55 57 58 61 63 64 66 67 69 72 73
12 26 0 3 6 9 21 34 36 39 45 48 51 70 2 5 8 11 14 17 20 23 26 27 29 32 35 38 41 44 47 50 53 56 59 60 62 65 68 71
36 26 1 4 7 10 12 13 15 16 18 19 22 24 25 28 30 31 33 37 40 42 43 46 49 52 54 55 57 58 61 63 64 66 67 69 72 73 2 5 8 11 14 17 20 23 26 27 29 32 35 38 41 44 47 50 53 56 59 60 62 65 68 71
1 1 16 72
1 1 16 73
# 16 : 1 -> 0
#c 0 1 2 0 1 2 0 1 2 0 1 2 1 1 2 1 0 2 1 1 2 0 1 2 1 1 2 2 1 2 1 1 2 1 0 2 0 1 2 0 1 2 1 1 2 0 1 2 0 1 2 0 1 2 1 1 2 1 1 2 2 1 2 1 1 2 1 1 2 1 0 2 1 1
13 35 0 3 6 9 16 21 34 36 39 45 48 51 70 1 4 7 10 12 13 15 18 19 22 24 25 28 30 31 33 37 40 42 43 46 49 52 54 55 57 58 61 63 64 66 67 69 72 73
13 26 0 3 6 9 16 21 34 36 39 45 48 51 70 2 5 8 11 14 17 20 23 26 27 29 32 35 38 41 44 47 50 53 56 59 60 62 65 68 71
35 26 1 4 7 10 12 13 15 18 19 22 24 25 28 30 31 33 37 40 42 43 46 49 52 54 55 57 58 61 63 64 66 67 69 72 73 2 5 8 11 14 17 20 23 26 27 29 32 35 38 41 44 47 50 53 56 59 60 62 65 68 71
1 1 15 19
1 1 15 22
1 1 15 25
1 1 15 28
1 1 15 31
1 1 15 37
1 1 15 40
1 1 15 43
1 1 15 46
1 1 15 49
1 1 15 52
1 1 15 55
1 1 15 58
1 1 15 61
1 1 15 64
1 1 64 66
1 1 64 67
1 1 64 69
1 1 64 72
1 1 64 73
# 64 : 1 -> 0
#c 0 1 2 0 1 2 0 1 2 0 1 2 1 1 2 1 0 2 1 1 2 0 1 2 1 1 2 2 1 2 1 1 2 1 0 2 0 1 2 0 1 2 1 1 2 0 1 2 0 1 2 0 1 2 1 1 2 1 1 2 2 1 2 1 0 2 1 1 2 1 0 2 1 1
14 34 0 3 6 9 16 21 34 36 39 45 48 51 64 70 1 4 7 10 12 13 15 18 19 22 24 25 28 30 31 33 37 40 42 43 46 49 52 54 55 57 58 61 63 66 67 69 72 73
14 26 0 3 6 9 16 21 34 36 39 45 48 51 64 70 2 5 8 11 14 17 20 23 26 27 29 32 35 38 41 44 47 50 53 56 59 60 62 65 68 71
34 26 1 4 7 10 12 13 15 18 19 22 24 25 28 30 31 33 37 40 42 43 46 49 52 54 55 57 58 61 63 66 67 69 72 73 2 5 8 11 14 17 20 23 26 27 29 32 35 38 41 44 47 50 53 56 59 60 62 65 68 71
1 1 15 67
1 1 15 73
# 15 : 1 -> 0
#c 0 1 2 0 1 2 0 1 2 0 1 2 1 1 2 0 0 2 1 1 2 0 1 2 1 1 2 2 1 2 1 1 2 1 0 2 0 1 2 0 1 2 1 1 2 0 1 2 0 1 2 0 1 2 1 1 2 1 1 2 2 1 2 1 0 2 1 1 2 1 0 2 1 1
15 33 0 3 6 9 15 16 21 34 36 39 45 48 51 64 70 1 4 7 10 12 13 18 19 22 24 25 28 30 31 33 37 40 42 43 46 49 52 54 55 57 58 61 63 66 67 69 72 73
15 26 0 3 6 9 15 16 21 34 36 39 45 48 51 64 70 2 5 8 11 14 17 20 23 26 27 29 32 35 38 41 44 47 50 53 56 59 60 62 65 68 71
33 26 1 4 7 10 12 13 18 19 22 24 25 28 30 31 33 37 40 42 43 46 49 52 54 55 57 58 61 63 66 67 69 72 73 2 5 8 11 14 17 20 23 26 27 29 32 35 38 41 44 47 50 53 56 59 60 62 65 68 71
1 1 13 18
1 1 13 19
1 1 13 22
1 1 13 24
1 1 13 25
1 1 13 28
1 1 28 30
1 1 28 31
1 1 28 33
1 1 28 37
1 1 28 40
1 1 28 42
1 1 28 43
1 1 28 46
1 1 28 49
1 1 28 52
1 1 28 54
1 1 28 55
1 1 28 57
1 1 28 58
1 1 28 61
1 1 28 63
1 1 28 66
1 1 28 67
1 1 28 69
1 1 28 72
1 1 28 73
# 28 : 1 -> 0
#c 0 1 2 0 1 2 0 1 2 0 1 2 1 1 2 0 0 2 1 1 2 0 1 2 1 1 2 2 0 2 1 1 2 1 0 2 0 1 2 0 1 2 1 1 2 0 1 2 0 1 2 0 1 2 1 1 2 1 1 2 2 1 2 1 0 2 1 1 2 1 0 2 1 1
16 32 0 3 6 9 15 16 21 28 34 36 39 45 48 51 64 70 1 4 7 10 12 13 18 19 22 24 25 30 31 33 37 40 42 43 46 49 52 54 55 57 58 61 63 66 67 69 72 73
16 26 0 3 6 9 15 16 21 28 34 36 39 45 48 51 64 70 2 5 8 11 14 17 20 23 26 27 29 32 35 38 41 44 47 50 53 56 59 60 62 65 68 71
32 26 1 4 7 10 12 13 18 19 22 24 25 30 31 33 37 40 42 43 46 49 52 54 55 57 58 61 63 66 67 69 72 73 2 5 8 11 14 17 20 23 26 27 29 32 35 38 41 44 47 50 53 56 59 60 62 65 68 71
1 1 13 30
1 1 13 31
1 1 13 33
1 1 13 37
1 1 13 40
1 1 13 42
1 1 13 43
1 1 13 46
1 1 13 49
1 1 13 52
1 1 13 54
1 1 13 55
1 1 13 57
1 1 13 58
1 1 13 61
1 1 13 63
1 1 13 66
1 1 13 67
1 1 13 69
1 1 13 72
1 1 13 73
# 13 : 1 -> 0
#c 0 1 2 0 1 2 0 1 2 0 1 2 1 0 2 0 0 2 1 1 2 0 1 2 1 1 2 2 0 2 1 1 2 1 0 2 0 1 2 0 1 2 1 1 2 0 1 2 0 1 2 0 1 2 1 1 2 1 1 2 2 1 2 1 0 2 1 1 2 1 0 2 1 1
17 31 0 3 6 9 13 15 16 21 28 34 36 39 45 48 51 64 70 1 4 7 10 12 18 19 22 24 25 30 31 33 37 40 42 43 46 49 52 54 55 57 58 61 63 66 67 69 72 73
17 26 0 3 6 9 13 15 16 21 28 34 36 39 45 48 51 64 70 2 5 8 11 14 17 20 23 26 27 29 32 35 38 41 44 47 50 53 56 59 60 62 65 68 71
31 26 1 4 7 10 12 18 19 22 24 25 30 31 33 37 40 42 43 46 49 52 54 55 57 58 61 63 66 67 69 72 73 2 5 8 11 14 17 20 23 26 27 29 32 35 38 41 44 47 50 53 56 59 60 62 65 68 71
1 1 4 18
1 1 4 19
1 1 4 22
1 1 4 24
1 1 24 25
1 1 24 31
1 1 24 37
1 1 37 40
1 1 37 42
1 1 37 43
1 1 37 46
1 1 37 49
1 1 37 52
1 1 37 54
1 1 37 55
1 1 37 57
1 1 37 58
1 1 37 61
1 1 37 63
1 1 37 66
1 1 66 67
1 1 66 73
# 66 : 1 -> 0
#c 0 1 2 0 1 2 0 1 2 0 1 2 1 0 2 0 0 2 1 1 2 0 1 2 1 1 2 2 0 2 1 1 2 1 0 2 0 1 2 0 1 2 1 1 2 0 1 2 0 1 2 0 1 2 1 1 2 1 1 2 2 1 2 1 0 2 0 1 2 1 0 2 1 1
18 30 0 3 6 9 13 15 16 21 28 34 36 39 45 48 51 64 66 70 1 4 7 10 12 18 19 22 24 25 30 31 33 37 40 42 43 46 49 52 54 55 57 58 61 63 67 69 72 73
30 26 1 4 7 10 12 18 19 22 24 25 30 31 33 37 40 42 43 46 49 52 54 55 57 58 61 63 67 69 72 73 2 5 8 11 14 17 20 23 26 27 29 32 35 38 41 44 47 50 53 56 59 60 62 65 68 71
18 26 0 3 6 9 13 15 16 21 28 34 36 39 45 48 51 64 66 70 2 5 8 11 14 17 20 23 26 27 29 32 35 38 41 44 47 50 53 56 59 60 62 65 68 71
1 1 2 5
1 1 2 8
1 1 2 11
1 1 2 14
1 1 2 17
1 1 17 20
1 1 17 23
1 1 17 26
1 1 17 27
1 1 17 29
1 1 17 32
1 1 17 35
1 1 17 38
1 1 17 41
1 1 17 44
1 1 44 47
1 1 44 50
1 1 44 53
1 1 44 56
1 1 44 59
1 1 44 60
1 1 44 62
1 1 44 65
1 1 44 68
1 1 44 71
# 44 : 2 -> 1
#c 0 1 2 0 1 2 0 1 2 0 1 2 1 0 2 0 0 2 1 1 2 0 1 2 1 1 2 2 0 2 1 1 2 1 0 2 0 1 2 0 1 2 1 1 1 0 1 2 0 1 2 0 1 2 1 1 2 1 1 2 2 1 2 1 0 2 0 1 2 1 0 2 1 1
18 31 0 3 6 9 13 15 16 21 28 34 36 39 45 48 51 64 66 70 1 4 7 10 12 18 19 22 24 25 30 31 33 37 40 42 43 44 46 49 52 54 55 57 58 61 63 67 69 72 73
31 25 1 4 7 10 12 18 19 22 24 25 30 31 33 37 40 42 43 44 46 49 52 54 55 57 58 61 63 67 69 72 73 2 5 8 11 14 17 20 23 26 27 29 32 35 38 41 47 50 53 56 59 60 62 65 68 71
18 25 0 3 6 9 13 15 16 21 28 34 36 39 45 48 51 64 66 70 2 5 8 11 14 17 20 23 26 27 29 32 35 38 41 47 50 53 56 59 60 62 65 68 71
1 1 17 47
1 1 17 50
1 1 50 53
1 1 50 56
1 1 50 59
1 1 50 60
1 1 50 62
1 1 50 65
1 1 50 68
1 1 50 71
# 50 : 2 -> 1
#c 0 1 2 0 1 2 0 1 2 0 1 2 1 0 2 0 0 2 1 1 2 0 1 2 1 1 2 2 0 2 1 1 2 1 0 2 0 1 2 0 1 2 1 1 1 0 1 2 0 1 1 0 1 2 1 1 2 1 1 2 2 1 2 1 0 2 0 1 2 1 0 2 1 1
18 32 0 3 6 9 13 15 16 21 28 34 36 39 45 48 51 64 66 70 1 4 7 10 12 18 19 22 24 25 30 31 33 37 40 42 43 44 46 49 50 52 54 55 57 58 61 63 67 69 72 73
32 24 1 4 7 10 12 18 19 22 24 25 30 31 33 37 40 42 43 44 46 49 50 52 54 55 57 58 61 63 67 69 72 73 2 5 8 11 14 17 20 23 26 27 29 32 35 38 41 47 53 56 59 60 62 65 68 71
18 24 0 3 6 9 13 15 16 21 28 34 36 39 45 48 51 64 66 70 2 5 8 11 14 17 20 23 26 27 29 32 35 38 41 47 53 56 59 60 62 65 68 71
1 1 9 13
1 1 16 21
1 1 34 36
1 1 34 39
1 1 34 48
1 1 34 51
# 34 : 0 -> 1
#c 0 1 2 0 1 2 0 1 2 0 1 2 1 0 2 0 0 2 1 1 2 0 1 2 1 1 2 2 0 2 1 1 2 1 1 2 0 1 2 0 1 2 1 1 1 0 1 2 0 1 1 0 1 2 1 1 2 1 1 2 2 1 2 1 0 2 0 1 2 1 0 2 1 1
17 33 0 3 6 9 13 15 16 21 28 36 39 45 48 51 64 66 70 1 4 7 10 12 18 19 22 24 25 30 31 33 34 37 40 42 43 44 46 49 50 52 54 55 57 58 61 63 67 69 72 73
0 1 2 0 1 2 0 1 2 0 1 2 1 0 2 0 0 2 1 1 2 0 1 2 1 1 2 2 0 2 1 1 2 1 1 2 0 1 2 0 1 2 1 1 1 0 1 2 0 1 1 0 1 2 1 1 2 1 1 2 2 1 2 1 0 2 0 1 2 1 0 2 1 1
#c 0 1 2 0 0 0 0 0 0 0 0 0 0 0 0 0 0 0 0 0 0 0 0 0 0 0 0 0 0 0 0 0 0 0 0 0 0 0 0 0 0 0 0 0 0 0 0 0 0 0 0 0 0 0 0 0 0 0 0 0 0 0 0 0 0 0 0 0 0 0 0 0 0 0
#c 0 1 2 0 0 0 0 0 0 0 0 0 0 0 0 0 0 0 0 0 0 0 0 0 0 0 0 0 0 0 0 0 0 0 0 0 0 0 0 0 0 0 0 0 0 0 0 0 0 0 0 0 0 0 0 0 0 0 0 0 0 0 0 0 0 0 0 0 0 0 0 0 0 0
72 1 0 3 4 5 6 7 8 9 10 11 12 13 14 15 16 17 18 19 20 21 22 23 24 25 26 27 28 29 30 31 32 33 34 35 36 37 38 39 40 41 42 43 44 45 46 47 48 49 50 51 52 53 54 55 56 57 58 59 60 61 62 63 64 65 66 67 68 69 70 71 72 73 1
1 1 1 2
72 1 0 3 4 5 6 7 8 9 10 11 12 13 14 15 16 17 18 19 20 21 22 23 24 25 26 27 28 29 30 31 32 33 34 35 36 37 38 39 40 41 42 43 44 45 46 47 48 49 50 51 52 53 54 55 56 57 58 59 60 61 62 63 64 65 66 67 68 69 70 71 72 73 2
1 1 0 3
1 1 0 4
1 1 4 5
1 1 4 6
1 1 4 7
1 1 4 8
1 1 4 9
1 1 4 10
1 1 4 11
1 1 4 12
1 1 4 13
1 1 13 14
1 1 13 15
1 1 15 16
1 1 16 17
1 1 16 18
1 1 16 19
1 1 16 20
1 1 16 21
1 1 16 22
1 1 16 23
1 1 16 24
1 1 16 25
1 1 16 26
1 1 16 27
1 1 16 28
1 1 16 29
1 1 16 30
1 1 16 31
1 1 16 32
1 1 16 33
1 1 16 34
1 1 34 35
1 1 34 36
1 1 34 37
1 1 34 38
1 1 34 39
1 1 34 40
1 1 34 41
1 1 34 42
1 1 34 43
1 1 34 44
1 1 44 45
1 1 44 46
1 1 44 47
1 1 44 48
1 1 44 49
1 1 44 50
1 1 44 51
1 1 44 52
1 1 44 53
1 1 44 54
1 1 44 55
1 1 44 56
1 1 44 57
1 1 44 58
1 1 44 59
1 1 44 60
1 1 44 61
1 1 44 62
1 1 44 63
1 1 44 64
1 1 44 65
1 1 44 66
1 1 44 67
1 1 44 68
1 1 44 69
1 1 44 70
1 1 44 71
1 1 44 72
1 1 44 73
# 44 : 0 -> 2
#c 0 1 2 0 0 0 0 0 0 0 0 0 0 0 0 0 0 0 0 0 0 0 0 0 0 0 0 0 0 0 0 0 0 0 0 0 0 0 0 0 0 0 0 0 2 0 0 0 0 0 0 0 0 0 0 0 0 0 0 0 0 0 0 0 0 0 0 0 0 0 0 0 0 0
71 1 0 3 4 5 6 7 8 9 10 11 12 13 14 15 16 17 18 19 20 21 22 23 24 25 26 27 28 29 30 31 32 33 34 35 36 37 38 39 40 41 42 43 45 46 47 48 49 50 51 52 53 54 55 56 57 58 59 60 61 62 63 64 65 66 67 68 69 70 71 72 73 1
1 2 1 2 44
71 2 0 3 4 5 6 7 8 9 10 11 12 13 14 15 16 17 18 19 20 21 22 23 24 25 26 27 28 29 30 31 32 33 34 35 36 37 38 39 40 41 42 43 45 46 47 48 49 50 51 52 53 54 55 56 57 58 59 60 61 62 63 64 65 66 67 68 69 70 71 72 73 2 44
1 1 34 45
1 1 34 46
1 1 34 47
1 1 34 48
1 1 34 49
1 1 34 50
1 1 34 51
1 1 34 52
1 1 34 53
1 1 34 54
1 1 34 55
1 1 34 56
1 1 34 57
1 1 34 58
1 1 34 59
1 1 34 60
1 1 34 61
1 1 34 62
1 1 34 63
1 1 34 64
1 1 34 65
1 1 34 66
1 1 34 67
1 1 34 68
1 1 34 69
1 1 34 70
1 1 34 71
1 1 34 72
1 1 34 73
# 34 : 0 -> 2
#c 0 1 2 0 0 0 0 0 0 0 0 0 0 0 0 0 0 0 0 0 0 0 0 0 0 0 0 0 0 0 0 0 0 0 2 0 0 0 0 0 0 0 0 0 2 0 0 0 0 0 0 0 0 0 0 0 0 0 0 0 0 0 0 0 0 0 0 0 0 0 0 0 0 0
70 1 0 3 4 5 6 7 8 9 10 11 12 13 14 15 16 17 18 19 20 21 22 23 24 25 26 27 28 29 30 31 32 33 35 36 37 38 39 40 41 42 43 45 46 47 48 49 50 51 52 53 54 55 56 57 58 59 60 61 62 63 64 65 66 67 68 69 70 71 72 73 1
1 3 1 2 34 44
70 3 0 3 4 5 6 7 8 9 10 11 12 13 14 15 16 17 18 19 20 21 22 23 24 25 26 27 28 29 30 31 32 33 35 36 37 38 39 40 41 42 43 45 46 47 48 49 50 51 52 53 54 55 56 57 58 59 60 61 62 63 64 65 66 67 68 69 70 71 72 73 2 34 44
1 1 16 35
1 1 16 36
1 1 16 37
1 1 16 38
1 1 16 39
1 1 16 40
1 1 16 41
1 1 16 42
1 1 16 43
1 1 16 45
1 1 45 46
1 1 45 47
1 1 45 48
1 1 45 49
1 1 45 50
1 1 45 51
1 1 45 52
1 1 45 53
1 1 45 54
1 1 45 55
1 1 45 56
1 1 45 57
1 1 45 58
1 1 45 59
1 1 45 60
1 1 45 61
1 1 45 62
1 1 45 63
1 1 45 64
1 1 45 65
1 1 45 66
1 1 45 67
1 1 45 68
1 1 45 69
1 1 45 70
1 1 45 71
1 1 45 72
1 1 45 73
# 45 : 0 -> 2
#c 0 1 2 0 0 0 0 0 0 0 0 0 0 0 0 0 0 0 0 0 0 0 0 0 0 0 0 0 0 0 0 0 0 0 2 0 0 0 0 0 0 0 0 0 2 2 0 0 0 0 0 0 0 0 0 0 0 0 0 0 0 0 0 0 0 0 0 0 0 0 0 0 0 0
69 1 0 3 4 5 6 7 8 9 10 11 12 13 14 15 16 17 18 19 20 21 22 23 24 25 26 27 28 29 30 31 32 33 35 36 37 38 39 40 41 42 43 46 47 48 49 50 51 52 53 54 55 56 57 58 59 60 61 62 63 64 65 66 67 68 69 70 71 72 73 1
1 4 1 2 34 44 45
69 4 0 3 4 5 6 7 8 9 10 11 12 13 14 15 16 17 18 19 20 21 22 23 24 25 26 27 28 29 30 31 32 33 35 36 37 38 39 40 41 42 43 46 47 48 49 50 51 52 53 54 55 56 57 58 59 60 61 62 63 64 65 66 67 68 69 70 71 72 73 2 34 44 45
1 1 16 46
1 1 16 47
1 1 16 48
1 1 16 49
1 1 16 50
1 1 16 51
1 1 16 52
1 1 16 53
1 1 16 54
1 1 16 55
1 1 16 56
1 1 16 57
1 1 16 58
1 1 16 59
1 1 16 60
1 1 16 61
1 1 16 62
1 1 16 63
1 1 16 64
1 1 16 65
1 1 16 66
1 1 16 67
1 1 16 68
1 1 16 69
1 1 16 70
1 1 70 71
1 1 70 72
1 1 70 73
# 70 : 0 -> 2
#c 0 1 2 0 0 0 0 0 0 0 0 0 0 0 0 0 0 0 0 0 0 0 0 0 0 0 0 0 0 0 0 0 0 0 2 0 0 0 0 0 0 0 0 0 2 2 0 0 0 0 0 0 0 0 0 0 0 0 0 0 0 0 0 0 0 0 0 0 0 0 2 0 0 0
68 1 0 3 4 5 6 7 8 9 10 11 12 13 14 15 16 17 18 19 20 21 22 23 24 25 26 27 28 29 30 31 32 33 35 36 37 38 39 40 41 42 43 46 47 48 49 50 51 52 53 54 55 56 57 58 59 60 61 62 63 64 65 66 67 68 69 71 72 73 1
1 5 1 2 34 44 45 70
68 5 0 3 4 5 6 7 8 9 10 11 12 13 14 15 16 17 18 19 20 21 22 23 24 25 26 27 28 29 30 31 32 33 35 36 37 38 39 40 41 42 43 46 47 48 49 50 51 52 53 54 55 56 57 58 59 60 61 62 63 64 65 66 67 68 69 71 72 73 2 34 44 45 70
1 1 16 71
1 1 16 72
1 1 16 73
# 16 : 0 -> 2
#c 0 1 2 0 0 0 0 0 0 0 0 0 0 0 0 0 2 0 0 0 0 0 0 0 0 0 0 0 0 0 0 0 0 0 2 0 0 0 0 0 0 0 0 0 2 2 0 0 0 0 0 0 0 0 0 0 0 0 0 0 0 0 0 0 0 0 0 0 0 0 2 0 0 0
67 1 0 3 4 5 6 7 8 9 10 11 12 13 14 15 17 18 19 20 21 22 23 24 25 26 27 28 29 30 31 32 33 35 36 37 38 39 40 41 42 43 46 47 48 49 50 51 52 53 54 55 56 57 58 59 60 61 62 63 64 65 66 67 68 69 71 72 73 1
1 6 1 2 16 34 44 45 70
67 6 0 3 4 5 6 7 8 9 10 11 12 13 14 15 17 18 19 20 21 22 23 24 25 26 27 28 29 30 31 32 33 35 36 37 38 39 40 41 42 43 46 47 48 49 50 51 52 53 54 55 56 57 58 59 60 61 62 63 64 65 66 67 68 69 71 72 73 2 16 34 44 45 70
1 1 15 17
1 1 15 18
1 1 15 19
1 1 15 20
1 1 15 21
1 1 15 22
1 1 15 23
1 1 15 24
1 1 15 25
1 1 15 26
1 1 15 27
1 1 15 28
1 1 15 29
1 1 15 30
1 1 15 31
1 1 15 32
1 1 15 33
1 1 15 35
1 1 15 36
1 1 15 37
1 1 15 38
1 1 15 39
1 1 15 40
1 1 15 41
1 1 15 42
1 1 15 43
1 1 15 46
1 1 15 47
1 1 15 48
1 1 15 49
1 1 15 50
1 1 50 51
1 1 50 52
1 1 50 53
1 1 50 54
1 1 50 55
1 1 50 56
1 1 50 57
1 1 50 58
1 1 50 59
1 1 50 60
1 1 50 61
1 1 50 62
1 1 50 63
1 1 50 64
1 1 50 65
1 1 50 66
1 1 50 67
1 1 50 68
1 1 50 69
1 1 50 71
1 1 50 72
1 1 50 73
# 50 : 0 -> 2
#c 0 1 2 0 0 0 0 0 0 0 0 0 0 0 0 0 2 0 0 0 0 0 0 0 0 0 0 0 0 0 0 0 0 0 2 0 0 0 0 0 0 0 0 0 2 2 0 0 0 0 2 0 0 0 0 0 0 0 0 0 0 0 0 0 0 0 0 0 0 0 2 0 0 0
66 1 0 3 4 5 6 7 8 9 10 11 12 13 14 15 17 18 19 20 21 22 23 24 25 26 27 28 29 30 31 32 33 35 36 37 38 39 40 41 42 43 46 47 48 49 51 52 53 54 55 56 57 58 59 60 61 62 63 64 65 66 67 68 69 71 72 73 1
1 7 1 2 16 34 44 45 50 70
66 7 0 3 4 5 6 7 8 9 10 11 12 13 14 15 17 18 19 20 21 22 23 24 25 26 27 28 29 30 31 32 33 35 36 37 38 39 40 41 42 43 46 47 48 49 51 52 53 54 55 56 57 58 59 60 61 62 63 64 65 66 67 68 69 71 72 73 2 16 34 44 45 50 70
1 1 15 51
1 1 15 52
1 1 15 53
1 1 15 54
1 1 15 55
1 1 15 56
1 1 15 57
1 1 15 58
1 1 15 59
1 1 15 60
1 1 15 61
1 1 15 62
1 1 15 63
1 1 15 64
1 1 64 65
1 1 64 66
1 1 64 67
1 1 64 68
1 1 64 69
1 1 64 71
1 1 64 72
1 1 64 73
# 64 : 0 -> 2
#c 0 1 2 0 0 0 0 0 0 0 0 0 0 0 0 0 2 0 0 0 0 0 0 0 0 0 0 0 0 0 0 0 0 0 2 0 0 0 0 0 0 0 0 0 2 2 0 0 0 0 2 0 0 0 0 0 0 0 0 0 0 0 0 0 2 0 0 0 0 0 2 0 0 0
65 1 0 3 4 5 6 7 8 9 10 11 12 13 14 15 17 18 19 20 21 22 23 24 25 26 27 28 29 30 31 32 33 35 36 37 38 39 40 41 42 43 46 47 48 49 51 52 53 54 55 56 57 58 59 60 61 62 63 65 66 67 68 69 71 72 73 1
1 8 1 2 16 34 44 45 50 64 70
65 8 0 3 4 5 6 7 8 9 10 11 12 13 14 15 17 18 19 20 21 22 23 24 25 26 27 28 29 30 31 32 33 35 36 37 38 39 40 41 42 43 46 47 48 49 51 52 53 54 55 56 57 58 59 60 61 62 63 65 66 67 68 69 71 72 73 2 16 34 44 45 50 64 70
1 1 15 65
1 1 15 66
1 1 15 67
1 1 15 68
1 1 15 69
1 1 15 71
1 1 15 72
1 1 15 73
# 15 : 0 -> 2
#c 0 1 2 0 0 0 0 0 0 0 0 0 0 0 0 2 2 0 0 0 0 0 0 0 0 0 0 0 0 0 0 0 0 0 2 0 0 0 0 0 0 0 0 0 2 2 0 0 0 0 2 0 0 0 0 0 0 0 0 0 0 0 0 0 2 0 0 0 0 0 2 0 0 0
64 1 0 3 4 5 6 7 8 9 10 11 12 13 14 17 18 19 20 21 22 23 24 25 26 27 28 29 30 31 32 33 35 36 37 38 39 40 41 42 43 46 47 48 49 51 52 53 54 55 56 57 58 59 60 61 62 63 65 66 67 68 69 71 72 73 1
1 9 1 2 15 16 34 44 45 50 64 70
64 9 0 3 4 5 6 7 8 9 10 11 12 13 14 17 18 19 20 21 22 23 24 25 26 27 28 29 30 31 32 33 35 36 37 38 39 40 41 42 43 46 47 48 49 51 52 53 54 55 56 57 58 59 60 61 62 63 65 66 67 68 69 71 72 73 2 15 16 34 44 45 50 64 70
1 1 13 17
1 1 17 18
1 1 17 19
1 1 17 20
1 1 17 21
1 1 17 22
1 1 17 23
1 1 17 24
1 1 17 25
1 1 17 26
1 1 17 27
1 1 17 28
1 1 17 29
1 1 17 30
1 1 17 31
1 1 17 32
1 1 17 33
1 1 17 35
1 1 17 36
1 1 17 37
1 1 17 38
1 1 17 39
1 1 17 40
1 1 17 41
1 1 17 42
1 1 17 43
1 1 17 46
1 1 17 47
1 1 17 48
1 1 17 49
1 1 17 51
1 1 17 52
1 1 17 53
1 1 17 54
1 1 17 55
1 1 17 56
1 1 17 57
1 1 17 58
1 1 17 59
1 1 17 60
1 1 17 61
1 1 17 62
1 1 17 63
1 1 17 65
1 1 17 66
1 1 17 67
1 1 17 68
1 1 17 69
1 1 17 71
1 1 17 72
1 1 17 73
# 17 : 0 -> 2
#c 0 1 2 0 0 0 0 0 0 0 0 0 0 0 0 2 2 2 0 0 0 0 0 0 0 0 0 0 0 0 0 0 0 0 2 0 0 0 0 0 0 0 0 0 2 2 0 0 0 0 2 0 0 0 0 0 0 0 0 0 0 0 0 0 2 0 0 0 0 0 2 0 0 0
63 1 0 3 4 5 6 7 8 9 10 11 12 13 14 18 19 20 21 22 23 24 25 26 27 28 29 30 31 32 33 35 36 37 38 39 40 41 42 43 46 47 48 49 51 52 53 54 55 56 57 58 59 60 61 62 63 65 66 67 68 69 71 72 73 1
1 10 1 2 15 16 17 34 44 45 50 64 70
63 10 0 3 4 5 6 7 8 9 10 11 12 13 14 18 19 20 21 22 23 24 25 26 27 28 29 30 31 32 33 35 36 37 38 39 40 41 42 43 46 47 48 49 51 52 53 54 55 56 57 58 59 60 61 62 63 65 66 67 68 69 71 72 73 2 15 16 17 34 44 45 50 64 70
1 1 13 18
1 1 13 19
1 1 13 20
1 1 13 21
1 1 13 22
1 1 13 23
1 1 13 24
1 1 13 25
1 1 13 26
1 1 13 27
1 1 13 28
1 1 28 29
1 1 28 30
1 1 28 31
1 1 28 32
1 1 28 33
1 1 28 35
1 1 28 36
1 1 28 37
1 1 28 38
1 1 28 39
1 1 28 40
1 1 28 41
1 1 28 42
1 1 28 43
1 1 28 46
1 1 28 47
1 1 28 48
1 1 28 49
1 1 28 51
1 1 28 52
1 1 28 53
1 1 28 54
1 1 28 55
1 1 28 56
1 1 28 57
1 1 28 58
1 1 28 59
1 1 28 60
1 1 28 61
1 1 28 62
1 1 28 63
1 1 28 65
1 1 28 66
1 1 28 67
1 1 28 68
1 1 28 69
1 1 28 71
1 1 28 72
1 1 28 73
# 28 : 0 -> 1
#c 0 1 2 0 0 0 0 0 0 0 0 0 0 0 0 2 2 2 0 0 0 0 0 0 0 0 0 0 1 0 0 0 0 0 2 0 0 0 0 0 0 0 0 0 2 2 0 0 0 0 2 0 0 0 0 0 0 0 0 0 0 0 0 0 2 0 0 0 0 0 2 0 0 0
62 2 0 3 4 5 6 7 8 9 10 11 12 13 14 18 19 20 21 22 23 24 25 26 27 29 30 31 32 33 35 36 37 38 39 40 41 42 43 46 47 48 49 51 52 53 54 55 56 57 58 59 60 61 62 63 65 66 67 68 69 71 72 73 1 28
2 10 1 28 2 15 16 17 34 44 45 50 64 70
62 10 0 3 4 5 6 7 8 9 10 11 12 13 14 18 19 20 21 22 23 24 25 26 27 29 30 31 32 33 35 36 37 38 39 40 41 42 43 46 47 48 49 51 52 53 54 55 56 57 58 59 60 61 62 63 65 66 67 68 69 71 72 73 2 15 16 17 34 44 45 50 64 70
1 1 13 29
1 1 13 30
1 1 13 31
1 1 13 32
1 1 13 33
1 1 13 35
1 1 13 36
1 1 13 37
1 1 13 38
1 1 13 39
1 1 13 40
1 1 13 41
1 1 13 42
1 1 13 43
1 1 13 46
1 1 13 47
1 1 13 48
1 1 13 49
1 1 13 51
1 1 13 52
1 1 13 53
1 1 13 54
1 1 13 55
1 1 13 56
# 13 : 0 -> 2
0 1 2 0 0 0 0 0 0 0 0 0 0 2 0 2 2 2 0 0 0 0 0 0 0 0 0 0 1 0 0 0 0 0 2 0 0 0 0 0 0 0 0 0 2 2 0 0 0 0 2 0 0 0 0 0 0 0 0 0 0 0 0 0 2 0 0 0 0 0 2 0 0 0
