#c 0 1 2 3 4 5 6 7 8 9 10 11 12 13 14 15 16 17 0 1 2 3 4 5 6 7 8 9 10 11 12 13 14 15 16 17 0 1 2 3 4 5 6 7 8 9 10 11 12 13 14 15 16 17 0 1 2 3 4 5 6 7 8 9 10 11 12 13 14 15 16 17 0 1 2 3 4 5 6 7 8 9 10 11 12 13 14 15 16 17
#c 0 1 2 3 4 5 6 7 8 9 10 11 12 13 14 15 16 17 0 1 2 3 4 5 6 7 8 9 10 11 12 13 14 15 16 17 0 1 2 3 4 5 6 7 8 9 10 11 12 13 14 15 16 17 0 1 2 3 4 5 6 7 8 9 10 11 12 13 14 15 16 17 0 1 2 3 4 5 6 7 8 9 10 11 12 13 14 15 16 17
5 5 0 18 36 54 72 1 19 37 55 73
5 5 1 19 37 55 73 2 20 38 56 74
5 5 0 18 36 54 72 2 20 38 56 74
5 5 1 19 37 55 73 3 21 39 57 75
5 5 0 18 36 54 72 3 21 39 57 75
5 5 1 19 37 55 73 4 22 40 58 76
5 5 0 18 36 54 72 4 22 40 58 76
5 5 4 22 40 58 76 5 23 41 59 77
5 5 0 18 36 54 72 5 23 41 59 77
5 5 4 22 40 58 76 6 24 42 60 78
5 5 0 18 36 54 72 6 24 42 60 78
5 5 6 24 42 60 78 7 25 43 61 79
5 5 0 18 36 54 72 7 25 43 61 79
5 5 6 24 42 60 78 8 26 44 62 80
5 5 0 18 36 54 72 8 26 44 62 80
5 5 6 24 42 60 78 9 27 45 63 81
5 5 0 18 36 54 72 9 27 45 63 81
5 5 6 24 42 60 78 10 28 46 64 82
5 5 0 18 36 54 72 10 28 46 64 82
5 5 6 24 42 60 78 11 29 47 65 83
5 5 0 18 36 54 72 11 29 47 65 83
5 5 6 24 42 60 78 12 30 48 66 84
5 5 0 18 36 54 72 12 30 48 66 84
5 5 6 24 42 60 78 13 31 49 67 85
5 5 0 18 36 54 72 13 31 49 67 85
5 5 6 24 42 60 78 14 32 50 68 86
5 5 0 18 36 54 72 14 32 50 68 86
5 5 6 24 42 60 78 15 33 51 69 87
5 5 0 18 36 54 72 15 33 51 69 87
5 5 6 24 42 60 78 16 34 52 70 88
5 5 0 18 36 54 72 16 34 52 70 88
5 5 6 24 42 60 78 17 35 53 71 89
5 5 0 18 36 54 72 17 35 53 71 89
1 1 0 18
1 1 18 36
1 1 18 54
1 1 18 72
# 72 : 0 -> 6
#c 0 1 2 3 4 5 6 7 8 9 10 11 12 13 14 15 16 17 0 1 2 3 4 5 6 7 8 9 10 11 12 13 14 15 16 17 0 1 2 3 4 5 6 7 8 9 10 11 12 13 14 15 16 17 0 1 2 3 4 5 6 7 8 9 10 11 12 13 14 15 16 17 6 1 2 3 4 5 6 7 8 9 10 11 12 13 14 15 16 17
4 5 0 18 36 54 1 19 37 55 73
4 5 0 18 36 54 2 20 38 56 74
4 5 0 18 36 54 3 21 39 57 75
4 5 0 18 36 54 4 22 40 58 76
4 5 0 18 36 54 5 23 41 59 77
5 6 4 22 40 58 76 6 24 42 60 72 78
4 6 0 18 36 54 6 24 42 60 72 78
6 5 6 24 42 60 72 78 7 25 43 61 79
4 5 0 18 36 54 7 25 43 61 79
6 5 6 24 42 60 72 78 8 26 44 62 80
4 5 0 18 36 54 8 26 44 62 80
6 5 6 24 42 60 72 78 9 27 45 63 81
4 5 0 18 36 54 9 27 45 63 81
6 5 6 24 42 60 72 78 10 28 46 64 82
4 5 0 18 36 54 10 28 46 64 82
6 5 6 24 42 60 72 78 11 29 47 65 83
4 5 0 18 36 54 11 29 47 65 83
6 5 6 24 42 60 72 78 12 30 48 66 84
4 5 0 18 36 54 12 30 48 66 84
6 5 6 24 42 60 72 78 13 31 49 67 85
4 5 0 18 36 54 13 31 49 67 85
6 5 6 24 42 60 72 78 14 32 50 68 86
4 5 0 18 36 54 14 32 50 68 86
6 5 6 24 42 60 72 78 15 33 51 69 87
4 5 0 18 36 54 15 33 51 69 87
6 5 6 24 42 60 72 78 16 34 52 70 88
4 5 0 18 36 54 16 34 52 70 88
6 5 6 24 42 60 72 78 17 35 53 71 89
4 5 0 18 36 54 17 35 53 71 89
# 18 : 0 -> 6
#c 0 1 2 3 4 5 6 7 8 9 10 11 12 13 14 15 16 17 6 1 2 3 4 5 6 7 8 9 10 11 12 13 14 15 16 17 0 1 2 3 4 5 6 7 8 9 10 11 12 13 14 15 16 17 0 1 2 3 4 5 6 7 8 9 10 11 12 13 14 15 16 17 6 1 2 3 4 5 6 7 8 9 10 11 12 13 14 15 16 17
3 5 0 36 54 1 19 37 55 73
3 5 0 36 54 2 20 38 56 74
5 5 2 20 38 56 74 3 21 39 57 75
5 5 2 20 38 56 74 4 22 40 58 76
5 5 2 20 38 56 74 5 23 41 59 77
5 7 4 22 40 58 76 6 18 24 42 60 72 78
5 7 2 20 38 56 74 6 18 24 42 60 72 78
5 5 4 22 40 58 76 7 25 43 61 79
5 5 2 20 38 56 74 7 25 43 61 79
5 5 4 22 40 58 76 8 26 44 62 80
5 5 2 20 38 56 74 8 26 44 62 80
5 5 4 22 40 58 76 9 27 45 63 81
5 5 2 20 38 56 74 9 27 45 63 81
5 5 4 22 40 58 76 10 28 46 64 82
5 5 2 20 38 56 74 10 28 46 64 82
5 5 10 28 46 64 82 11 29 47 65 83
5 5 2 20 38 56 74 11 29 47 65 83
5 5 10 28 46 64 82 12 30 48 66 84
5 5 2 20 38 56 74 12 30 48 66 84
5 5 10 28 46 64 82 13 31 49 67 85
5 5 2 20 38 56 74 13 31 49 67 85
5 5 10 28 46 64 82 14 32 50 68 86
5 5 13 31 49 67 85 14 32 50 68 86
5 5 10 28 46 64 82 15 33 51 69 87
5 5 13 31 49 67 85 15 33 51 69 87
5 5 10 28 46 64 82 16 34 52 70 88
5 5 13 31 49 67 85 16 34 52 70 88
5 5 10 28 46 64 82 17 35 53 71 89
5 5 13 31 49 67 85 17 35 53 71 89
1 1 13 31
1 1 13 49
1 1 13 67
1 1 13 85
# 13 : 13 -> 10
#c 0 1 2 3 4 5 6 7 8 9 10 11 12 10 14 15 16 17 6 1 2 3 4 5 6 7 8 9 10 11 12 13 14 15 16 17 0 1 2 3 4 5 6 7 8 9 10 11 12 13 14 15 16 17 0 1 2 3 4 5 6 7 8 9 10 11 12 13 14 15 16 17 6 1 2 3 4 5 6 7 8 9 10 11 12 13 14 15 16 17
5 6 4 22 40 58 76 10 13 28 46 64 82
5 6 2 20 38 56 74 10 13 28 46 64 82
5 5 4 22 40 58 76 11 29 47 65 83
5 5 4 22 40 58 76 12 30 48 66 84
5 4 4 22 40 58 76 31 49 67 85
5 4 2 20 38 56 74 31 49 67 85
5 5 4 22 40 58 76 14 32 50 68 86
5 5 2 20 38 56 74 14 32 50 68 86
5 5 14 32 50 68 86 15 33 51 69 87
5 5 2 20 38 56 74 15 33 51 69 87
5 5 14 32 50 68 86 16 34 52 70 88
5 5 2 20 38 56 74 16 34 52 70 88
5 5 14 32 50 68 86 17 35 53 71 89
5 5 2 20 38 56 74 17 35 53 71 89
1 1 2 20
1 1 20 38
1 1 38 56
1 1 38 74
# 74 : 2 -> 17
#c 0 1 2 3 4 5 6 7 8 9 10 11 12 10 14 15 16 17 6 1 2 3 4 5 6 7 8 9 10 11 12 13 14 15 16 17 0 1 2 3 4 5 6 7 8 9 10 11 12 13 14 15 16 17 0 1 2 3 4 5 6 7 8 9 10 11 12 13 14 15 16 17 6 1 17 3 4 5 6 7 8 9 10 11 12 13 14 15 16 17
5 4 1 19 37 55 73 2 20 38 56
3 4 0 36 54 2 20 38 56
4 5 2 20 38 56 3 21 39 57 75
4 5 2 20 38 56 4 22 40 58 76
4 5 2 20 38 56 5 23 41 59 77
4 7 2 20 38 56 6 18 24 42 60 72 78
4 5 2 20 38 56 7 25 43 61 79
4 5 2 20 38 56 8 26 44 62 80
4 5 2 20 38 56 9 27 45 63 81
4 6 2 20 38 56 10 13 28 46 64 82
4 5 2 20 38 56 11 29 47 65 83
4 5 2 20 38 56 12 30 48 66 84
4 4 2 20 38 56 31 49 67 85
4 5 31 49 67 85 14 32 50 68 86
4 5 31 49 67 85 15 33 51 69 87
4 5 31 49 67 85 16 34 52 70 88
5 6 14 32 50 68 86 17 35 53 71 74 89
4 6 31 49 67 85 17 35 53 71 74 89
1 1 31 49
1 1 49 67
1 1 67 85
# 67 : 13 -> 14
#c 0 1 2 3 4 5 6 7 8 9 10 11 12 10 14 15 16 17 6 1 2 3 4 5 6 7 8 9 10 11 12 13 14 15 16 17 0 1 2 3 4 5 6 7 8 9 10 11 12 13 14 15 16 17 0 1 2 3 4 5 6 7 8 9 10 11 12 14 14 15 16 17 6 1 17 3 4 5 6 7 8 9 10 11 12 13 14 15 16 17
5 3 4 22 40 58 76 31 49 85
4 3 2 20 38 56 31 49 85
5 6 4 22 40 58 76 14 32 50 67 68 86
4 6 2 20 38 56 14 32 50 67 68 86
5 5 4 22 40 58 76 15 33 51 69 87
4 5 2 20 38 56 15 33 51 69 87
5 5 4 22 40 58 76 16 34 52 70 88
4 5 2 20 38 56 16 34 52 70 88
5 6 4 22 40 58 76 17 35 53 71 74 89
4 6 2 20 38 56 17 35 53 71 74 89
# 38 : 2 -> 4
#c 0 1 2 3 4 5 6 7 8 9 10 11 12 10 14 15 16 17 6 1 2 3 4 5 6 7 8 9 10 11 12 13 14 15 16 17 0 1 4 3 4 5 6 7 8 9 10 11 12 13 14 15 16 17 0 1 2 3 4 5 6 7 8 9 10 11 12 14 14 15 16 17 6 1 17 3 4 5 6 7 8 9 10 11 12 13 14 15 16 17
5 3 1 19 37 55 73 2 20 56
3 3 0 36 54 2 20 56
3 5 0 36 54 3 21 39 57 75
5 6 1 19 37 55 73 4 22 38 40 58 76
5 6 3 21 39 57 75 4 22 38 40 58 76
6 5 4 22 38 40 58 76 5 23 41 59 77
5 5 3 21 39 57 75 5 23 41 59 77
6 7 4 22 38 40 58 76 6 18 24 42 60 72 78
5 7 3 21 39 57 75 6 18 24 42 60 72 78
7 5 6 18 24 42 60 72 78 7 25 43 61 79
5 5 3 21 39 57 75 7 25 43 61 79
7 5 6 18 24 42 60 72 78 8 26 44 62 80
5 5 3 21 39 57 75 8 26 44 62 80
7 5 6 18 24 42 60 72 78 9 27 45 63 81
5 5 3 21 39 57 75 9 27 45 63 81
7 6 6 18 24 42 60 72 78 10 13 28 46 64 82
5 6 3 21 39 57 75 10 13 28 46 64 82
6 5 10 13 28 46 64 82 11 29 47 65 83
5 5 3 21 39 57 75 11 29 47 65 83
5 5 11 29 47 65 83 12 30 48 66 84
5 5 3 21 39 57 75 12 30 48 66 84
5 3 11 29 47 65 83 31 49 85
5 3 3 21 39 57 75 31 49 85
5 6 11 29 47 65 83 14 32 50 67 68 86
5 6 3 21 39 57 75 14 32 50 67 68 86
5 5 11 29 47 65 83 15 33 51 69 87
5 5 3 21 39 57 75 15 33 51 69 87
5 5 11 29 47 65 83 16 34 52 70 88
5 5 3 21 39 57 75 16 34 52 70 88
5 6 11 29 47 65 83 17 35 53 71 74 89
5 6 3 21 39 57 75 17 35 53 71 74 89
1 1 3 21
1 1 3 39
1 1 3 57
1 1 3 75
# 3 : 3 -> 11
#c 0 1 2 11 4 5 6 7 8 9 10 11 12 10 14 15 16 17 6 1 2 3 4 5 6 7 8 9 10 11 12 13 14 15 16 17 0 1 4 3 4 5 6 7 8 9 10 11 12 13 14 15 16 17 0 1 2 3 4 5 6 7 8 9 10 11 12 14 14 15 16 17 6 1 17 3 4 5 6 7 8 9 10 11 12 13 14 15 16 17
5 4 1 19 37 55 73 21 39 57 75
3 4 0 36 54 21 39 57 75
4 6 21 39 57 75 4 22 38 40 58 76
4 5 21 39 57 75 5 23 41 59 77
4 7 21 39 57 75 6 18 24 42 60 72 78
4 5 21 39 57 75 7 25 43 61 79
4 5 21 39 57 75 8 26 44 62 80
5 5 8 26 44 62 80 9 27 45 63 81
5 6 8 26 44 62 80 10 13 28 46 64 82
6 6 10 13 28 46 64 82 3 11 29 47 65 83
5 6 8 26 44 62 80 3 11 29 47 65 83
6 5 10 13 28 46 64 82 12 30 48 66 84
5 5 8 26 44 62 80 12 30 48 66 84
6 3 10 13 28 46 64 82 31 49 85
5 3 8 26 44 62 80 31 49 85
6 6 10 13 28 46 64 82 14 32 50 67 68 86
5 6 8 26 44 62 80 14 32 50 67 68 86
6 5 10 13 28 46 64 82 15 33 51 69 87
5 5 8 26 44 62 80 15 33 51 69 87
6 5 10 13 28 46 64 82 16 34 52 70 88
5 5 8 26 44 62 80 16 34 52 70 88
6 6 10 13 28 46 64 82 17 35 53 71 74 89
5 6 8 26 44 62 80 17 35 53 71 74 89
1 1 8 26
1 1 8 44
1 1 8 62
1 1 8 80
# 8 : 8 -> 17
#c 0 1 2 11 4 5 6 7 17 9 10 11 12 10 14 15 16 17 6 1 2 3 4 5 6 7 8 9 10 11 12 13 14 15 16 17 0 1 4 3 4 5 6 7 8 9 10 11 12 13 14 15 16 17 0 1 2 3 4 5 6 7 8 9 10 11 12 14 14 15 16 17 6 1 17 3 4 5 6 7 8 9 10 11 12 13 14 15 16 17
7 4 6 18 24 42 60 72 78 26 44 62 80
4 4 21 39 57 75 26 44 62 80
4 5 21 39 57 75 9 27 45 63 81
4 6 21 39 57 75 10 13 28 46 64 82
4 6 21 39 57 75 3 11 29 47 65 83
4 5 21 39 57 75 12 30 48 66 84
4 3 21 39 57 75 31 49 85
4 6 21 39 57 75 14 32 50 67 68 86
4 5 21 39 57 75 15 33 51 69 87
4 5 21 39 57 75 16 34 52 70 88
6 7 10 13 28 46 64 82 8 17 35 53 71 74 89
4 7 21 39 57 75 8 17 35 53 71 74 89
1 1 21 39
1 1 39 57
1 1 39 75
# 39 : 3 -> 10
#c 0 1 2 11 4 5 6 7 17 9 10 11 12 10 14 15 16 17 6 1 2 3 4 5 6 7 8 9 10 11 12 13 14 15 16 17 0 1 4 10 4 5 6 7 8 9 10 11 12 13 14 15 16 17 0 1 2 3 4 5 6 7 8 9 10 11 12 14 14 15 16 17 6 1 17 3 4 5 6 7 8 9 10 11 12 13 14 15 16 17
5 3 1 19 37 55 73 21 57 75
3 3 0 36 54 21 57 75
3 6 0 36 54 4 22 38 40 58 76
3 5 0 36 54 5 23 41 59 77
3 7 0 36 54 6 18 24 42 60 72 78
3 5 0 36 54 7 25 43 61 79
3 4 0 36 54 26 44 62 80
4 5 26 44 62 80 9 27 45 63 81
7 7 6 18 24 42 60 72 78 10 13 28 39 46 64 82
4 7 26 44 62 80 10 13 28 39 46 64 82
7 6 6 18 24 42 60 72 78 3 11 29 47 65 83
4 6 26 44 62 80 3 11 29 47 65 83
6 5 3 11 29 47 65 83 12 30 48 66 84
4 5 26 44 62 80 12 30 48 66 84
6 3 3 11 29 47 65 83 31 49 85
4 3 26 44 62 80 31 49 85
6 6 3 11 29 47 65 83 14 32 50 67 68 86
4 6 26 44 62 80 14 32 50 67 68 86
6 5 3 11 29 47 65 83 15 33 51 69 87
4 5 26 44 62 80 15 33 51 69 87
6 5 3 11 29 47 65 83 16 34 52 70 88
4 5 26 44 62 80 16 34 52 70 88
6 7 3 11 29 47 65 83 8 17 35 53 71 74 89
4 7 26 44 62 80 8 17 35 53 71 74 89
1 1 26 44
1 1 44 62
1 1 44 80
# 44 : 8 -> 17
#c 0 1 2 11 4 5 6 7 17 9 10 11 12 10 14 15 16 17 6 1 2 3 4 5 6 7 8 9 10 11 12 13 14 15 16 17 0 1 4 10 4 5 6 7 17 9 10 11 12 13 14 15 16 17 0 1 2 3 4 5 6 7 8 9 10 11 12 14 14 15 16 17 6 1 17 3 4 5 6 7 8 9 10 11 12 13 14 15 16 17
7 3 6 18 24 42 60 72 78 26 62 80
0 1 2 11 4 5 6 7 17 9 10 11 12 10 14 15 16 17 6 1 2 3 4 5 6 7 8 9 10 11 12 13 14 15 16 17 0 1 4 10 4 5 6 7 17 9 10 11 12 13 14 15 16 17 0 1 2 3 4 5 6 7 8 9 10 11 12 14 14 15 16 17 6 1 17 3 4 5 6 7 8 9 10 11 12 13 14 15 16 17
#c 0 1 2 3 4 5 6 7 8 9 10 11 12 13 14 15 16 17 0 0 0 0 0 0 0 0 0 0 0 0 0 0 0 0 0 0 0 0 0 0 0 0 0 0 0 0 0 0 0 0 0 0 0 0 0 0 0 0 0 0 0 0 0 0 0 0 0 0 0 0 0 0 0 0 0 0 0 0 0 0 0 0 0 0 0 0 0 0 0 0
#c 0 1 2 3 4 5 6 7 8 9 10 11 12 13 14 15 16 17 0 0 0 0 0 0 0 0 0 0 0 0 0 0 0 0 0 0 0 0 0 0 0 0 0 0 0 0 0 0 0 0 0 0 0 0 0 0 0 0 0 0 0 0 0 0 0 0 0 0 0 0 0 0 0 0 0 0 0 0 0 0 0 0 0 0 0 0 0 0 0 0
73 1 0 18 19 20 21 22 23 24 25 26 27 28 29 30 31 32 33 34 35 36 37 38 39 40 41 42 43 44 45 46 47 48 49 50 51 52 53 54 55 56 57 58 59 60 61 62 63 64 65 66 67 68 69 70 71 72 73 74 75 76 77 78 79 80 81 82 83 84 85 86 87 88 89 1
1 1 1 2
73 1 0 18 19 20 21 22 23 24 25 26 27 28 29 30 31 32 33 34 35 36 37 38 39 40 41 42 43 44 45 46 47 48 49 50 51 52 53 54 55 56 57 58 59 60 61 62 63 64 65 66 67 68 69 70 71 72 73 74 75 76 77 78 79 80 81 82 83 84 85 86 87 88 89 2
1 1 1 3
73 1 0 18 19 20 21 22 23 24 25 26 27 28 29 30 31 32 33 34 35 36 37 38 39 40 41 42 43 44 45 46 47 48 49 50 51 52 53 54 55 56 57 58 59 60 61 62 63 64 65 66 67 68 69 70 71 72 73 74 75 76 77 78 79 80 81 82 83 84 85 86 87 88 89 3
1 1 3 4
73 1 0 18 19 20 21 22 23 24 25 26 27 28 29 30 31 32 33 34 35 36 37 38 39 40 41 42 43 44 45 46 47 48 49 50 51 52 53 54 55 56 57 58 59 60 61 62 63 64 65 66 67 68 69 70 71 72 73 74 75 76 77 78 79 80 81 82 83 84 85 86 87 88 89 4
1 1 3 5
73 1 0 18 19 20 21 22 23 24 25 26 27 28 29 30 31 32 33 34 35 36 37 38 39 40 41 42 43 44 45 46 47 48 49 50 51 52 53 54 55 56 57 58 59 60 61 62 63 64 65 66 67 68 69 70 71 72 73 74 75 76 77 78 79 80 81 82 83 84 85 86 87 88 89 5
1 1 3 6
73 1 0 18 19 20 21 22 23 24 25 26 27 28 29 30 31 32 33 34 35 36 37 38 39 40 41 42 43 44 45 46 47 48 49 50 51 52 53 54 55 56 57 58 59 60 61 62 63 64 65 66 67 68 69 70 71 72 73 74 75 76 77 78 79 80 81 82 83 84 85 86 87 88 89 6
1 1 6 7
73 1 0 18 19 20 21 22 23 24 25 26 27 28 29 30 31 32 33 34 35 36 37 38 39 40 41 42 43 44 45 46 47 48 49 50 51 52 53 54 55 56 57 58 59 60 61 62 63 64 65 66 67 68 69 70 71 72 73 74 75 76 77 78 79 80 81 82 83 84 85 86 87 88 89 7
1 1 6 8
73 1 0 18 19 20 21 22 23 24 25 26 27 28 29 30 31 32 33 34 35 36 37 38 39 40 41 42 43 44 45 46 47 48 49 50 51 52 53 54 55 56 57 58 59 60 61 62 63 64 65 66 67 68 69 70 71 72 73 74 75 76 77 78 79 80 81 82 83 84 85 86 87 88 89 8
1 1 8 9
73 1 0 18 19 20 21 22 23 24 25 26 27 28 29 30 31 32 33 34 35 36 37 38 39 40 41 42 43 44 45 46 47 48 49 50 51 52 53 54 55 56 57 58 59 60 61 62 63 64 65 66 67 68 69 70 71 72 73 74 75 76 77 78 79 80 81 82 83 84 85 86 87 88 89 9
1 1 8 10
73 1 0 18 19 20 21 22 23 24 25 26 27 28 29 30 31 32 33 34 35 36 37 38 39 40 41 42 43 44 45 46 47 48 49 50 51 52 53 54 55 56 57 58 59 60 61 62 63 64 65 66 67 68 69 70 71 72 73 74 75 76 77 78 79 80 81 82 83 84 85 86 87 88 89 10
1 1 8 11
73 1 0 18 19 20 21 22 23 24 25 26 27 28 29 30 31 32 33 34 35 36 37 38 39 40 41 42 43 44 45 46 47 48 49 50 51 52 53 54 55 56 57 58 59 60 61 62 63 64 65 66 67 68 69 70 71 72 73 74 75 76 77 78 79 80 81 82 83 84 85 86 87 88 89 11
1 1 8 12
73 1 0 18 19 20 21 22 23 24 25 26 27 28 29 30 31 32 33 34 35 36 37 38 39 40 41 42 43 44 45 46 47 48 49 50 51 52 53 54 55 56 57 58 59 60 61 62 63 64 65 66 67 68 69 70 71 72 73 74 75 76 77 78 79 80 81 82 83 84 85 86 87 88 89 12
1 1 8 13
73 1 0 18 19 20 21 22 23 24 25 26 27 28 29 30 31 32 33 34 35 36 37 38 39 40 41 42 43 44 45 46 47 48 49 50 51 52 53 54 55 56 57 58 59 60 61 62 63 64 65 66 67 68 69 70 71 72 73 74 75 76 77 78 79 80 81 82 83 84 85 86 87 88 89 13
1 1 8 14
73 1 0 18 19 20 21 22 23 24 25 26 27 28 29 30 31 32 33 34 35 36 37 38 39 40 41 42 43 44 45 46 47 48 49 50 51 52 53 54 55 56 57 58 59 60 61 62 63 64 65 66 67 68 69 70 71 72 73 74 75 76 77 78 79 80 81 82 83 84 85 86 87 88 89 14
1 1 8 15
73 1 0 18 19 20 21 22 23 24 25 26 27 28 29 30 31 32 33 34 35 36 37 38 39 40 41 42 43 44 45 46 47 48 49 50 51 52 53 54 55 56 57 58 59 60 61 62 63 64 65 66 67 68 69 70 71 72 73 74 75 76 77 78 79 80 81 82 83 84 85 86 87 88 89 15
1 1 8 16
73 1 0 18 19 20 21 22 23 24 25 26 27 28 29 30 31 32 33 34 35 36 37 38 39 40 41 42 43 44 45 46 47 48 49 50 51 52 53 54 55 56 57 58 59 60 61 62 63 64 65 66 67 68 69 70 71 72 73 74 75 76 77 78 79 80 81 82 83 84 85 86 87 88 89 16
1 1 8 17
73 1 0 18 19 20 21 22 23 24 25 26 27 28 29 30 31 32 33 34 35 36 37 38 39 40 41 42 43 44 45 46 47 48 49 50 51 52 53 54 55 56 57 58 59 60 61 62 63 64 65 66 67 68 69 70 71 72 73 74 75 76 77 78 79 80 81 82 83 84 85 86 87 88 89 17
1 1 0 18
1 1 18 19
1 1 19 20
1 1 19 21
1 1 19 22
1 1 19 23
1 1 19 24
1 1 24 25
1 1 24 26
1 1 24 27
1 1 24 28
1 1 24 29
1 1 24 30
1 1 24 31
1 1 24 32
1 1 24 33
1 1 24 34
1 1 24 35
1 1 24 36
1 1 24 37
1 1 24 38
1 1 24 39
1 1 24 40
1 1 24 41
1 1 24 42
1 1 24 43
1 1 24 44
1 1 24 45
1 1 24 46
1 1 24 47
1 1 24 48
1 1 24 49
1 1 24 50
1 1 24 51
1 1 24 52
1 1 52 53
1 1 52 54
1 1 52 55
1 1 52 56
1 1 52 57
1 1 52 58
1 1 52 59
1 1 52 60
1 1 52 61
1 1 52 62
1 1 52 63
1 1 52 64
1 1 52 65
1 1 52 66
1 1 52 67
1 1 52 68
1 1 52 69
1 1 52 70
1 1 52 71
1 1 52 72
1 1 52 73
1 1 52 74
1 1 52 75
1 1 52 76
1 1 52 77
1 1 52 78
1 1 52 79
1 1 52 80
1 1 52 81
1 1 52 82
1 1 52 83
1 1 52 84
1 1 52 85
1 1 52 86
1 1 52 87
1 1 52 88
1 1 52 89
# 52 : 0 -> 17
#c 0 1 2 3 4 5 6 7 8 9 10 11 12 13 14 15 16 17 0 0 0 0 0 0 0 0 0 0 0 0 0 0 0 0 0 0 0 0 0 0 0 0 0 0 0 0 0 0 0 0 0 0 17 0 0 0 0 0 0 0 0 0 0 0 0 0 0 0 0 0 0 0 0 0 0 0 0 0 0 0 0 0 0 0 0 0 0 0 0 0
72 1 0 18 19 20 21 22 23 24 25 26 27 28 29 30 31 32 33 34 35 36 37 38 39 40 41 42 43 44 45 46 47 48 49 50 51 53 54 55 56 57 58 59 60 61 62 63 64 65 66 67 68 69 70 71 72 73 74 75 76 77 78 79 80 81 82 83 84 85 86 87 88 89 1
72 1 0 18 19 20 21 22 23 24 25 26 27 28 29 30 31 32 33 34 35 36 37 38 39 40 41 42 43 44 45 46 47 48 49 50 51 53 54 55 56 57 58 59 60 61 62 63 64 65 66 67 68 69 70 71 72 73 74 75 76 77 78 79 80 81 82 83 84 85 86 87 88 89 2
72 1 0 18 19 20 21 22 23 24 25 26 27 28 29 30 31 32 33 34 35 36 37 38 39 40 41 42 43 44 45 46 47 48 49 50 51 53 54 55 56 57 58 59 60 61 62 63 64 65 66 67 68 69 70 71 72 73 74 75 76 77 78 79 80 81 82 83 84 85 86 87 88 89 3
72 1 0 18 19 20 21 22 23 24 25 26 27 28 29 30 31 32 33 34 35 36 37 38 39 40 41 42 43 44 45 46 47 48 49 50 51 53 54 55 56 57 58 59 60 61 62 63 64 65 66 67 68 69 70 71 72 73 74 75 76 77 78 79 80 81 82 83 84 85 86 87 88 89 4
72 1 0 18 19 20 21 22 23 24 25 26 27 28 29 30 31 32 33 34 35 36 37 38 39 40 41 42 43 44 45 46 47 48 49 50 51 53 54 55 56 57 58 59 60 61 62 63 64 65 66 67 68 69 70 71 72 73 74 75 76 77 78 79 80 81 82 83 84 85 86 87 88 89 5
72 1 0 18 19 20 21 22 23 24 25 26 27 28 29 30 31 32 33 34 35 36 37 38 39 40 41 42 43 44 45 46 47 48 49 50 51 53 54 55 56 57 58 59 60 61 62 63 64 65 66 67 68 69 70 71 72 73 74 75 76 77 78 79 80 81 82 83 84 85 86 87 88 89 6
72 1 0 18 19 20 21 22 23 24 25 26 27 28 29 30 31 32 33 34 35 36 37 38 39 40 41 42 43 44 45 46 47 48 49 50 51 53 54 55 56 57 58 59 60 61 62 63 64 65 66 67 68 69 70 71 72 73 74 75 76 77 78 79 80 81 82 83 84 85 86 87 88 89 7
72 1 0 18 19 20 21 22 23 24 25 26 27 28 29 30 31 32 33 34 35 36 37 38 39 40 41 42 43 44 45 46 47 48 49 50 51 53 54 55 56 57 58 59 60 61 62 63 64 65 66 67 68 69 70 71 72 73 74 75 76 77 78 79 80 81 82 83 84 85 86 87 88 89 8
72 1 0 18 19 20 21 22 23 24 25 26 27 28 29 30 31 32 33 34 35 36 37 38 39 40 41 42 43 44 45 46 47 48 49 50 51 53 54 55 56 57 58 59 60 61 62 63 64 65 66 67 68 69 70 71 72 73 74 75 76 77 78 79 80 81 82 83 84 85 86 87 88 89 9
72 1 0 18 19 20 21 22 23 24 25 26 27 28 29 30 31 32 33 34 35 36 37 38 39 40 41 42 43 44 45 46 47 48 49 50 51 53 54 55 56 57 58 59 60 61 62 63 64 65 66 67 68 69 70 71 72 73 74 75 76 77 78 79 80 81 82 83 84 85 86 87 88 89 10
72 1 0 18 19 20 21 22 23 24 25 26 27 28 29 30 31 32 33 34 35 36 37 38 39 40 41 42 43 44 45 46 47 48 49 50 51 53 54 55 56 57 58 59 60 61 62 63 64 65 66 67 68 69 70 71 72 73 74 75 76 77 78 79 80 81 82 83 84 85 86 87 88 89 11
72 1 0 18 19 20 21 22 23 24 25 26 27 28 29 30 31 32 33 34 35 36 37 38 39 40 41 42 43 44 45 46 47 48 49 50 51 53 54 55 56 57 58 59 60 61 62 63 64 65 66 67 68 69 70 71 72 73 74 75 76 77 78 79 80 81 82 83 84 85 86 87 88 89 12
72 1 0 18 19 20 21 22 23 24 25 26 27 28 29 30 31 32 33 34 35 36 37 38 39 40 41 42 43 44 45 46 47 48 49 50 51 53 54 55 56 57 58 59 60 61 62 63 64 65 66 67 68 69 70 71 72 73 74 75 76 77 78 79 80 81 82 83 84 85 86 87 88 89 13
72 1 0 18 19 20 21 22 23 24 25 26 27 28 29 30 31 32 33 34 35 36 37 38 39 40 41 42 43 44 45 46 47 48 49 50 51 53 54 55 56 57 58 59 60 61 62 63 64 65 66 67 68 69 70 71 72 73 74 75 76 77 78 79 80 81 82 83 84 85 86 87 88 89 14
72 1 0 18 19 20 21 22 23 24 25 26 27 28 29 30 31 32 33 34 35 36 37 38 39 40 41 42 43 44 45 46 47 48 49 50 51 53 54 55 56 57 58 59 60 61 62 63 64 65 66 67 68 69 70 71 72 73 74 75 76 77 78 79 80 81 82 83 84 85 86 87 88 89 15
72 1 0 18 19 20 21 22 23 24 25 26 27 28 29 30 31 32 33 34 35 36 37 38 39 40 41 42 43 44 45 46 47 48 49 50 51 53 54 55 56 57 58 59 60 61 62 63 64 65 66 67 68 69 70 71 72 73 74 75 76 77 78 79 80 81 82 83 84 85 86 87 88 89 16
1 2 8 17 52
72 2 0 18 19 20 21 22 23 24 25 26 27 28 29 30 31 32 33 34 35 36 37 38 39 40 41 42 43 44 45 46 47 48 49 50 51 53 54 55 56 57 58 59 60 61 62 63 64 65 66 67 68 69 70 71 72 73 74 75 76 77 78 79 80 81 82 83 84 85 86 87 88 89 17 52
1 1 24 53
1 1 24 54
1 1 24 55
1 1 24 56
1 1 24 57
1 1 24 58
1 1 24 59
1 1 24 60
1 1 60 61
1 1 60 62
1 1 60 63
1 1 60 64
1 1 60 65
1 1 60 66
1 1 60 67
1 1 60 68
1 1 60 69
1 1 60 70
1 1 60 71
1 1 60 72
1 1 60 73
1 1 60 74
1 1 60 75
1 1 60 76
1 1 60 77
1 1 60 78
1 1 60 79
1 1 60 80
1 1 60 81
1 1 60 82
1 1 60 83
1 1 60 84
1 1 60 85
1 1 60 86
1 1 60 87
1 1 60 88
1 1 60 89
# 60 : 0 -> 17
#c 0 1 2 3 4 5 6 7 8 9 10 11 12 13 14 15 16 17 0 0 0 0 0 0 0 0 0 0 0 0 0 0 0 0 0 0 0 0 0 0 0 0 0 0 0 0 0 0 0 0 0 0 17 0 0 0 0 0 0 0 17 0 0 0 0 0 0 0 0 0 0 0 0 0 0 0 0 0 0 0 0 0 0 0 0 0 0 0 0 0
71 1 0 18 19 20 21 22 23 24 25 26 27 28 29 30 31 32 33 34 35 36 37 38 39 40 41 42 43 44 45 46 47 48 49 50 51 53 54 55 56 57 58 59 61 62 63 64 65 66 67 68 69 70 71 72 73 74 75 76 77 78 79 80 81 82 83 84 85 86 87 88 89 1
71 1 0 18 19 20 21 22 23 24 25 26 27 28 29 30 31 32 33 34 35 36 37 38 39 40 41 42 43 44 45 46 47 48 49 50 51 53 54 55 56 57 58 59 61 62 63 64 65 66 67 68 69 70 71 72 73 74 75 76 77 78 79 80 81 82 83 84 85 86 87 88 89 2
71 1 0 18 19 20 21 22 23 24 25 26 27 28 29 30 31 32 33 34 35 36 37 38 39 40 41 42 43 44 45 46 47 48 49 50 51 53 54 55 56 57 58 59 61 62 63 64 65 66 67 68 69 70 71 72 73 74 75 76 77 78 79 80 81 82 83 84 85 86 87 88 89 3
71 1 0 18 19 20 21 22 23 24 25 26 27 28 29 30 31 32 33 34 35 36 37 38 39 40 41 42 43 44 45 46 47 48 49 50 51 53 54 55 56 57 58 59 61 62 63 64 65 66 67 68 69 70 71 72 73 74 75 76 77 78 79 80 81 82 83 84 85 86 87 88 89 4
71 1 0 18 19 20 21 22 23 24 25 26 27 28 29 30 31 32 33 34 35 36 37 38 39 40 41 42 43 44 45 46 47 48 49 50 51 53 54 55 56 57 58 59 61 62 63 64 65 66 67 68 69 70 71 72 73 74 75 76 77 78 79 80 81 82 83 84 85 86 87 88 89 5
71 1 0 18 19 20 21 22 23 24 25 26 27 28 29 30 31 32 33 34 35 36 37 38 39 40 41 42 43 44 45 46 47 48 49 50 51 53 54 55 56 57 58 59 61 62 63 64 65 66 67 68 69 70 71 72 73 74 75 76 77 78 79 80 81 82 83 84 85 86 87 88 89 6
71 1 0 18 19 20 21 22 23 24 25 26 27 28 29 30 31 32 33 34 35 36 37 38 39 40 41 42 43 44 45 46 47 48 49 50 51 53 54 55 56 57 58 59 61 62 63 64 65 66 67 68 69 70 71 72 73 74 75 76 77 78 79 80 81 82 83 84 85 86 87 88 89 7
71 1 0 18 19 20 21 22 23 24 25 26 27 28 29 30 31 32 33 34 35 36 37 38 39 40 41 42 43 44 45 46 47 48 49 50 51 53 54 55 56 57 58 59 61 62 63 64 65 66 67 68 69 70 71 72 73 74 75 76 77 78 79 80 81 82 83 84 85 86 87 88 89 8
71 1 0 18 19 20 21 22 23 24 25 26 27 28 29 30 31 32 33 34 35 36 37 38 39 40 41 42 43 44 45 46 47 48 49 50 51 53 54 55 56 57 58 59 61 62 63 64 65 66 67 68 69 70 71 72 73 74 75 76 77 78 79 80 81 82 83 84 85 86 87 88 89 9
71 1 0 18 19 20 21 22 23 24 25 26 27 28 29 30 31 32 33 34 35 36 37 38 39 40 41 42 43 44 45 46 47 48 49 50 51 53 54 55 56 57 58 59 61 62 63 64 65 66 67 68 69 70 71 72 73 74 75 76 77 78 79 80 81 82 83 84 85 86 87 88 89 10
71 1 0 18 19 20 21 22 23 24 25 26 27 28 29 30 31 32 33 34 35 36 37 38 39 40 41 42 43 44 45 46 47 48 49 50 51 53 54 55 56 57 58 59 61 62 63 64 65 66 67 68 69 70 71 72 73 74 75 76 77 78 79 80 81 82 83 84 85 86 87 88 89 11
71 1 0 18 19 20 21 22 23 24 25 26 27 28 29 30 31 32 33 34 35 36 37 38 39 40 41 42 43 44 45 46 47 48 49 50 51 53 54 55 56 57 58 59 61 62 63 64 65 66 67 68 69 70 71 72 73 74 75 76 77 78 79 80 81 82 83 84 85 86 87 88 89 12
71 1 0 18 19 20 21 22 23 24 25 26 27 28 29 30 31 32 33 34 35 36 37 38 39 40 41 42 43 44 45 46 47 48 49 50 51 53 54 55 56 57 58 59 61 62 63 64 65 66 67 68 69 70 71 72 73 74 75 76 77 78 79 80 81 82 83 84 85 86 87 88 89 13
71 1 0 18 19 20 21 22 23 24 25 26 27 28 29 30 31 32 33 34 35 36 37 38 39 40 41 42 43 44 45 46 47 48 49 50 51 53 54 55 56 57 58 59 61 62 63 64 65 66 67 68 69 70 71 72 73 74 75 76 77 78 79 80 81 82 83 84 85 86 87 88 89 14
71 1 0 18 19 20 21 22 23 24 25 26 27 28 29 30 31 32 33 34 35 36 37 38 39 40 41 42 43 44 45 46 47 48 49 50 51 53 54 55 56 57 58 59 61 62 63 64 65 66 67 68 69 70 71 72 73 74 75 76 77 78 79 80 81 82 83 84 85 86 87 88 89 15
71 1 0 18 19 20 21 22 23 24 25 26 27 28 29 30 31 32 33 34 35 36 37 38 39 40 41 42 43 44 45 46 47 48 49 50 51 53 54 55 56 57 58 59 61 62 63 64 65 66 67 68 69 70 71 72 73 74 75 76 77 78 79 80 81 82 83 84 85 86 87 88 89 16
1 3 8 17 52 60
71 3 0 18 19 20 21 22 23 24 25 26 27 28 29 30 31 32 33 34 35 36 37 38 39 40 41 42 43 44 45 46 47 48 49 50 51 53 54 55 56 57 58 59 61 62 63 64 65 66 67 68 69 70 71 72 73 74 75 76 77 78 79 80 81 82 83 84 85 86 87 88 89 17 52 60
1 1 24 61
1 1 24 62
1 1 24 63
1 1 24 64
1 1 24 65
1 1 24 66
1 1 24 67
1 1 24 68
1 1 24 69
1 1 24 70
1 1 24 71
1 1 24 72
1 1 24 73
1 1 24 74
1 1 24 75
1 1 24 76
1 1 24 77
1 1 24 78
1 1 24 79
1 1 24 80
1 1 24 81
1 1 24 82
1 1 24 83
1 1 24 84
1 1 24 85
1 1 24 86
1 1 24 87
1 1 24 88
1 1 24 89
# 24 : 0 -> 8
#c 0 1 2 3 4 5 6 7 8 9 10 11 12 13 14 15 16 17 0 0 0 0 0 0 8 0 0 0 0 0 0 0 0 0 0 0 0 0 0 0 0 0 0 0 0 0 0 0 0 0 0 0 17 0 0 0 0 0 0 0 17 0 0 0 0 0 0 0 0 0 0 0 0 0 0 0 0 0 0 0 0 0 0 0 0 0 0 0 0 0
70 1 0 18 19 20 21 22 23 25 26 27 28 29 30 31 32 33 34 35 36 37 38 39 40 41 42 43 44 45 46 47 48 49 50 51 53 54 55 56 57 58 59 61 62 63 64 65 66 67 68 69 70 71 72 73 74 75 76 77 78 79 80 81 82 83 84 85 86 87 88 89 1
70 1 0 18 19 20 21 22 23 25 26 27 28 29 30 31 32 33 34 35 36 37 38 39 40 41 42 43 44 45 46 47 48 49 50 51 53 54 55 56 57 58 59 61 62 63 64 65 66 67 68 69 70 71 72 73 74 75 76 77 78 79 80 81 82 83 84 85 86 87 88 89 2
70 1 0 18 19 20 21 22 23 25 26 27 28 29 30 31 32 33 34 35 36 37 38 39 40 41 42 43 44 45 46 47 48 49 50 51 53 54 55 56 57 58 59 61 62 63 64 65 66 67 68 69 70 71 72 73 74 75 76 77 78 79 80 81 82 83 84 85 86 87 88 89 3
70 1 0 18 19 20 21 22 23 25 26 27 28 29 30 31 32 33 34 35 36 37 38 39 40 41 42 43 44 45 46 47 48 49 50 51 53 54 55 56 57 58 59 61 62 63 64 65 66 67 68 69 70 71 72 73 74 75 76 77 78 79 80 81 82 83 84 85 86 87 88 89 4
70 1 0 18 19 20 21 22 23 25 26 27 28 29 30 31 32 33 34 35 36 37 38 39 40 41 42 43 44 45 46 47 48 49 50 51 53 54 55 56 57 58 59 61 62 63 64 65 66 67 68 69 70 71 72 73 74 75 76 77 78 79 80 81 82 83 84 85 86 87 88 89 5
70 1 0 18 19 20 21 22 23 25 26 27 28 29 30 31 32 33 34 35 36 37 38 39 40 41 42 43 44 45 46 47 48 49 50 51 53 54 55 56 57 58 59 61 62 63 64 65 66 67 68 69 70 71 72 73 74 75 76 77 78 79 80 81 82 83 84 85 86 87 88 89 6
70 1 0 18 19 20 21 22 23 25 26 27 28 29 30 31 32 33 34 35 36 37 38 39 40 41 42 43 44 45 46 47 48 49 50 51 53 54 55 56 57 58 59 61 62 63 64 65 66 67 68 69 70 71 72 73 74 75 76 77 78 79 80 81 82 83 84 85 86 87 88 89 7
1 2 6 8 24
70 2 0 18 19 20 21 22 23 25 26 27 28 29 30 31 32 33 34 35 36 37 38 39 40 41 42 43 44 45 46 47 48 49 50 51 53 54 55 56 57 58 59 61 62 63 64 65 66 67 68 69 70 71 72 73 74 75 76 77 78 79 80 81 82 83 84 85 86 87 88 89 8 24
1 1 6 9
70 1 0 18 19 20 21 22 23 25 26 27 28 29 30 31 32 33 34 35 36 37 38 39 40 41 42 43 44 45 46 47 48 49 50 51 53 54 55 56 57 58 59 61 62 63 64 65 66 67 68 69 70 71 72 73 74 75 76 77 78 79 80 81 82 83 84 85 86 87 88 89 9
1 1 6 10
70 1 0 18 19 20 21 22 23 25 26 27 28 29 30 31 32 33 34 35 36 37 38 39 40 41 42 43 44 45 46 47 48 49 50 51 53 54 55 56 57 58 59 61 62 63 64 65 66 67 68 69 70 71 72 73 74 75 76 77 78 79 80 81 82 83 84 85 86 87 88 89 10
1 1 6 11
70 1 0 18 19 20 21 22 23 25 26 27 28 29 30 31 32 33 34 35 36 37 38 39 40 41 42 43 44 45 46 47 48 49 50 51 53 54 55 56 57 58 59 61 62 63 64 65 66 67 68 69 70 71 72 73 74 75 76 77 78 79 80 81 82 83 84 85 86 87 88 89 11
1 1 6 12
70 1 0 18 19 20 21 22 23 25 26 27 28 29 30 31 32 33 34 35 36 37 38 39 40 41 42 43 44 45 46 47 48 49 50 51 53 54 55 56 57 58 59 61 62 63 64 65 66 67 68 69 70 71 72 73 74 75 76 77 78 79 80 81 82 83 84 85 86 87 88 89 12
1 1 6 13
70 1 0 18 19 20 21 22 23 25 26 27 28 29 30 31 32 33 34 35 36 37 38 39 40 41 42 43 44 45 46 47 48 49 50 51 53 54 55 56 57 58 59 61 62 63 64 65 66 67 68 69 70 71 72 73 74 75 76 77 78 79 80 81 82 83 84 85 86 87 88 89 13
1 1 6 14
70 1 0 18 19 20 21 22 23 25 26 27 28 29 30 31 32 33 34 35 36 37 38 39 40 41 42 43 44 45 46 47 48 49 50 51 53 54 55 56 57 58 59 61 62 63 64 65 66 67 68 69 70 71 72 73 74 75 76 77 78 79 80 81 82 83 84 85 86 87 88 89 14
1 1 6 15
70 1 0 18 19 20 21 22 23 25 26 27 28 29 30 31 32 33 34 35 36 37 38 39 40 41 42 43 44 45 46 47 48 49 50 51 53 54 55 56 57 58 59 61 62 63 64 65 66 67 68 69 70 71 72 73 74 75 76 77 78 79 80 81 82 83 84 85 86 87 88 89 15
1 1 6 16
70 1 0 18 19 20 21 22 23 25 26 27 28 29 30 31 32 33 34 35 36 37 38 39 40 41 42 43 44 45 46 47 48 49 50 51 53 54 55 56 57 58 59 61 62 63 64 65 66 67 68 69 70 71 72 73 74 75 76 77 78 79 80 81 82 83 84 85 86 87 88 89 16
1 3 6 17 52 60
70 3 0 18 19 20 21 22 23 25 26 27 28 29 30 31 32 33 34 35 36 37 38 39 40 41 42 43 44 45 46 47 48 49 50 51 53 54 55 56 57 58 59 61 62 63 64 65 66 67 68 69 70 71 72 73 74 75 76 77 78 79 80 81 82 83 84 85 86 87 88 89 17 52 60
1 1 19 25
1 1 19 26
1 1 19 27
1 1 19 28
1 1 28 29
1 1 28 30
1 1 28 31
1 1 28 32
1 1 28 33
1 1 28 34
1 1 28 35
1 1 28 36
1 1 28 37
1 1 28 38
1 1 28 39
1 1 28 40
1 1 28 41
1 1 28 42
1 1 28 43
# 28 : 0 -> 6
0 1 2 3 4 5 6 7 8 9 10 11 12 13 14 15 16 17 0 0 0 0 0 0 8 0 0 0 6 0 0 0 0 0 0 0 0 0 0 0 0 0 0 0 0 0 0 0 0 0 0 0 17 0 0 0 0 0 0 0 17 0 0 0 0 0 0 0 0 0 0 0 0 0 0 0 0 0 0 0 0 0 0 0 0 0 0 0 0 0
