#c 0 1 2 3 4 5 0 1 2 3 4 5 0 1 2 3 4 5 0 1 2 3 4 5 0 1 2 3 4 5 0 1 2 3 4 5 0 1 2 3 4 5 0 1 2 3 4 5 0 1 2 3 4 5 0 1 2 3 4 5 0 1 2 3 4 5 0 1 2 3 4 5
#c 0 1 2 3 4 5 0 1 2 3 4 5 0 1 2 3 4 5 0 1 2 3 4 5 0 1 2 3 4 5 0 1 2 3 4 5 0 1 2 3 4 5 0 1 2 3 4 5 0 1 2 3 4 5 0 1 2 3 4 5 0 1 2 3 4 5 0 1 2 3 4 5
12 12 0 6 12 18 24 30 36 42 48 54 60 66 1 7 13 19 25 31 37 43 49 55 61 67
12 12 1 7 13 19 25 31 37 43 49 55 61 67 2 8 14 20 26 32 38 44 50 56 62 68
12 12 0 6 12 18 24 30 36 42 48 54 60 66 2 8 14 20 26 32 38 44 50 56 62 68
12 12 2 8 14 20 26 32 38 44 50 56 62 68 3 9 15 21 27 33 39 45 51 57 63 69
12 12 0 6 12 18 24 30 36 42 48 54 60 66 3 9 15 21 27 33 39 45 51 57 63 69
12 12 2 8 14 20 26 32 38 44 50 56 62 68 4 10 16 22 28 34 40 46 52 58 64 70
12 12 3 9 15 21 27 33 39 45 51 57 63 69 4 10 16 22 28 34 40 46 52 58 64 70
12 12 4 10 16 22 28 34 40 46 52 58 64 70 5 11 17 23 29 35 41 47 53 59 65 71
12 12 3 9 15 21 27 33 39 45 51 57 63 69 5 11 17 23 29 35 41 47 53 59 65 71
1 1 3 9
1 1 9 15
1 1 9 21
1 1 21 27
1 1 21 33
1 1 21 39
1 1 21 45
1 1 21 51
1 1 21 57
1 1 21 63
1 1 21 69
# 21 : 3 -> 4
#c 0 1 2 3 4 5 0 1 2 3 4 5 0 1 2 3 4 5 0 1 2 4 4 5 0 1 2 3 4 5 0 1 2 3 4 5 0 1 2 3 4 5 0 1 2 3 4 5 0 1 2 3 4 5 0 1 2 3 4 5 0 1 2 3 4 5 0 1 2 3 4 5
12 11 2 8 14 20 26 32 38 44 50 56 62 68 3 9 15 27 33 39 45 51 57 63 69
12 11 0 6 12 18 24 30 36 42 48 54 60 66 3 9 15 27 33 39 45 51 57 63 69
12 13 2 8 14 20 26 32 38 44 50 56 62 68 4 10 16 21 22 28 34 40 46 52 58 64 70
11 13 3 9 15 27 33 39 45 51 57 63 69 4 10 16 21 22 28 34 40 46 52 58 64 70
13 12 4 10 16 21 22 28 34 40 46 52 58 64 70 5 11 17 23 29 35 41 47 53 59 65 71
11 12 3 9 15 27 33 39 45 51 57 63 69 5 11 17 23 29 35 41 47 53 59 65 71
1 1 9 27
1 1 9 33
1 1 9 39
1 1 9 45
1 1 45 51
1 1 45 57
1 1 57 63
1 1 57 69
# 57 : 3 -> 4
#c 0 1 2 3 4 5 0 1 2 3 4 5 0 1 2 3 4 5 0 1 2 4 4 5 0 1 2 3 4 5 0 1 2 3 4 5 0 1 2 3 4 5 0 1 2 3 4 5 0 1 2 3 4 5 0 1 2 4 4 5 0 1 2 3 4 5 0 1 2 3 4 5
12 10 2 8 14 20 26 32 38 44 50 56 62 68 3 9 15 27 33 39 45 51 63 69
12 10 0 6 12 18 24 30 36 42 48 54 60 66 3 9 15 27 33 39 45 51 63 69
12 14 2 8 14 20 26 32 38 44 50 56 62 68 4 10 16 21 22 28 34 40 46 52 57 58 64 70
10 14 3 9 15 27 33 39 45 51 63 69 4 10 16 21 22 28 34 40 46 52 57 58 64 70
14 12 4 10 16 21 22 28 34 40 46 52 57 58 64 70 5 11 17 23 29 35 41 47 53 59 65 71
10 12 3 9 15 27 33 39 45 51 63 69 5 11 17 23 29 35 41 47 53 59 65 71
1 1 45 63
1 1 45 69
# 45 : 3 -> 4
#c 0 1 2 3 4 5 0 1 2 3 4 5 0 1 2 3 4 5 0 1 2 4 4 5 0 1 2 3 4 5 0 1 2 3 4 5 0 1 2 3 4 5 0 1 2 4 4 5 0 1 2 3 4 5 0 1 2 4 4 5 0 1 2 3 4 5 0 1 2 3 4 5
12 9 2 8 14 20 26 32 38 44 50 56 62 68 3 9 15 27 33 39 51 63 69
12 9 0 6 12 18 24 30 36 42 48 54 60 66 3 9 15 27 33 39 51 63 69
12 15 2 8 14 20 26 32 38 44 50 56 62 68 4 10 16 21 22 28 34 40 45 46 52 57 58 64 70
9 15 3 9 15 27 33 39 51 63 69 4 10 16 21 22 28 34 40 45 46 52 57 58 64 70
15 12 4 10 16 21 22 28 34 40 45 46 52 57 58 64 70 5 11 17 23 29 35 41 47 53 59 65 71
9 12 3 9 15 27 33 39 51 63 69 5 11 17 23 29 35 41 47 53 59 65 71
1 1 9 51
1 1 9 63
1 1 9 69
# 69 : 3 -> 4
#c 0 1 2 3 4 5 0 1 2 3 4 5 0 1 2 3 4 5 0 1 2 4 4 5 0 1 2 3 4 5 0 1 2 3 4 5 0 1 2 3 4 5 0 1 2 4 4 5 0 1 2 3 4 5 0 1 2 4 4 5 0 1 2 3 4 5 0 1 2 4 4 5
12 8 2 8 14 20 26 32 38 44 50 56 62 68 3 9 15 27 33 39 51 63
12 8 0 6 12 18 24 30 36 42 48 54 60 66 3 9 15 27 33 39 51 63
12 16 2 8 14 20 26 32 38 44 50 56 62 68 4 10 16 21 22 28 34 40 45 46 52 57 58 64 69 70
12 16 0 6 12 18 24 30 36 42 48 54 60 66 4 10 16 21 22 28 34 40 45 46 52 57 58 64 69 70
16 12 4 10 16 21 22 28 34 40 45 46 52 57 58 64 69 70 5 11 17 23 29 35 41 47 53 59 65 71
12 12 0 6 12 18 24 30 36 42 48 54 60 66 5 11 17 23 29 35 41 47 53 59 65 71
1 1 0 6
1 1 6 12
1 1 12 18
1 1 12 24
1 1 12 30
1 1 12 36
1 1 12 42
1 1 12 48
1 1 12 54
1 1 12 60
1 1 12 66
# 12 : 0 -> 5
#c 0 1 2 3 4 5 0 1 2 3 4 5 5 1 2 3 4 5 0 1 2 4 4 5 0 1 2 3 4 5 0 1 2 3 4 5 0 1 2 3 4 5 0 1 2 4 4 5 0 1 2 3 4 5 0 1 2 4 4 5 0 1 2 3 4 5 0 1 2 4 4 5
11 12 0 6 18 24 30 36 42 48 54 60 66 1 7 13 19 25 31 37 43 49 55 61 67
11 12 0 6 18 24 30 36 42 48 54 60 66 2 8 14 20 26 32 38 44 50 56 62 68
11 8 0 6 18 24 30 36 42 48 54 60 66 3 9 15 27 33 39 51 63
11 16 0 6 18 24 30 36 42 48 54 60 66 4 10 16 21 22 28 34 40 45 46 52 57 58 64 69 70
16 13 4 10 16 21 22 28 34 40 45 46 52 57 58 64 69 70 5 11 12 17 23 29 35 41 47 53 59 65 71
11 13 0 6 18 24 30 36 42 48 54 60 66 5 11 12 17 23 29 35 41 47 53 59 65 71
1 1 6 18
1 1 6 24
1 1 24 30
1 1 30 36
1 1 30 42
1 1 30 48
1 1 30 54
1 1 54 60
1 1 54 66
# 54 : 0 -> 5
#c 0 1 2 3 4 5 0 1 2 3 4 5 5 1 2 3 4 5 0 1 2 4 4 5 0 1 2 3 4 5 0 1 2 3 4 5 0 1 2 3 4 5 0 1 2 4 4 5 0 1 2 3 4 5 5 1 2 4 4 5 0 1 2 3 4 5 0 1 2 4 4 5
10 12 0 6 18 24 30 36 42 48 60 66 1 7 13 19 25 31 37 43 49 55 61 67
10 12 0 6 18 24 30 36 42 48 60 66 2 8 14 20 26 32 38 44 50 56 62 68
10 8 0 6 18 24 30 36 42 48 60 66 3 9 15 27 33 39 51 63
10 16 0 6 18 24 30 36 42 48 60 66 4 10 16 21 22 28 34 40 45 46 52 57 58 64 69 70
16 14 4 10 16 21 22 28 34 40 45 46 52 57 58 64 69 70 5 11 12 17 23 29 35 41 47 53 54 59 65 71
10 14 0 6 18 24 30 36 42 48 60 66 5 11 12 17 23 29 35 41 47 53 54 59 65 71
1 1 30 60
1 1 30 66
# 30 : 0 -> 5
#c 0 1 2 3 4 5 0 1 2 3 4 5 5 1 2 3 4 5 0 1 2 4 4 5 0 1 2 3 4 5 5 1 2 3 4 5 0 1 2 3 4 5 0 1 2 4 4 5 0 1 2 3 4 5 5 1 2 4 4 5 0 1 2 3 4 5 0 1 2 4 4 5
9 12 0 6 18 24 36 42 48 60 66 1 7 13 19 25 31 37 43 49 55 61 67
9 12 0 6 18 24 36 42 48 60 66 2 8 14 20 26 32 38 44 50 56 62 68
9 8 0 6 18 24 36 42 48 60 66 3 9 15 27 33 39 51 63
9 16 0 6 18 24 36 42 48 60 66 4 10 16 21 22 28 34 40 45 46 52 57 58 64 69 70
16 15 4 10 16 21 22 28 34 40 45 46 52 57 58 64 69 70 5 11 12 17 23 29 30 35 41 47 53 54 59 65 71
9 15 0 6 18 24 36 42 48 60 66 5 11 12 17 23 29 30 35 41 47 53 54 59 65 71
1 1 24 36
1 1 24 42
1 1 42 48
1 1 42 60
1 1 60 66
# 60 : 0 -> 4
#c 0 1 2 3 4 5 0 1 2 3 4 5 5 1 2 3 4 5 0 1 2 4 4 5 0 1 2 3 4 5 5 1 2 3 4 5 0 1 2 3 4 5 0 1 2 4 4 5 0 1 2 3 4 5 5 1 2 4 4 5 4 1 2 3 4 5 0 1 2 4 4 5
8 12 0 6 18 24 36 42 48 66 1 7 13 19 25 31 37 43 49 55 61 67
8 12 0 6 18 24 36 42 48 66 2 8 14 20 26 32 38 44 50 56 62 68
8 8 0 6 18 24 36 42 48 66 3 9 15 27 33 39 51 63
12 17 2 8 14 20 26 32 38 44 50 56 62 68 4 10 16 21 22 28 34 40 45 46 52 57 58 60 64 69 70
8 17 3 9 15 27 33 39 51 63 4 10 16 21 22 28 34 40 45 46 52 57 58 60 64 69 70
17 15 4 10 16 21 22 28 34 40 45 46 52 57 58 60 64 69 70 5 11 12 17 23 29 30 35 41 47 53 54 59 65 71
8 15 3 9 15 27 33 39 51 63 5 11 12 17 23 29 30 35 41 47 53 54 59 65 71
# 9 : 3 -> 5
#c 0 1 2 3 4 5 0 1 2 5 4 5 5 1 2 3 4 5 0 1 2 4 4 5 0 1 2 3 4 5 5 1 2 3 4 5 0 1 2 3 4 5 0 1 2 4 4 5 0 1 2 3 4 5 5 1 2 4 4 5 4 1 2 3 4 5 0 1 2 4 4 5
12 7 2 8 14 20 26 32 38 44 50 56 62 68 3 15 27 33 39 51 63
8 7 0 6 18 24 36 42 48 66 3 15 27 33 39 51 63
8 17 0 6 18 24 36 42 48 66 4 10 16 21 22 28 34 40 45 46 52 57 58 60 64 69 70
17 16 4 10 16 21 22 28 34 40 45 46 52 57 58 60 64 69 70 5 9 11 12 17 23 29 30 35 41 47 53 54 59 65 71
8 16 0 6 18 24 36 42 48 66 5 9 11 12 17 23 29 30 35 41 47 53 54 59 65 71
1 1 42 66
# 42 : 0 -> 4
#c 0 1 2 3 4 5 0 1 2 5 4 5 5 1 2 3 4 5 0 1 2 4 4 5 0 1 2 3 4 5 5 1 2 3 4 5 0 1 2 3 4 5 4 1 2 4 4 5 0 1 2 3 4 5 5 1 2 4 4 5 4 1 2 3 4 5 0 1 2 4 4 5
7 12 0 6 18 24 36 48 66 1 7 13 19 25 31 37 43 49 55 61 67
7 12 0 6 18 24 36 48 66 2 8 14 20 26 32 38 44 50 56 62 68
7 7 0 6 18 24 36 48 66 3 15 27 33 39 51 63
12 18 2 8 14 20 26 32 38 44 50 56 62 68 4 10 16 21 22 28 34 40 42 45 46 52 57 58 60 64 69 70
7 18 3 15 27 33 39 51 63 4 10 16 21 22 28 34 40 42 45 46 52 57 58 60 64 69 70
18 16 4 10 16 21 22 28 34 40 42 45 46 52 57 58 60 64 69 70 5 9 11 12 17 23 29 30 35 41 47 53 54 59 65 71
7 16 3 15 27 33 39 51 63 5 9 11 12 17 23 29 30 35 41 47 53 54 59 65 71
1 1 3 15
1 1 3 27
1 1 3 33
1 1 33 39
1 1 33 51
1 1 33 63
# 33 : 3 -> 5
#c 0 1 2 3 4 5 0 1 2 5 4 5 5 1 2 3 4 5 0 1 2 4 4 5 0 1 2 3 4 5 5 1 2 5 4 5 0 1 2 3 4 5 4 1 2 4 4 5 0 1 2 3 4 5 5 1 2 4 4 5 4 1 2 3 4 5 0 1 2 4 4 5
12 6 2 8 14 20 26 32 38 44 50 56 62 68 3 15 27 39 51 63
7 6 0 6 18 24 36 48 66 3 15 27 39 51 63
7 18 0 6 18 24 36 48 66 4 10 16 21 22 28 34 40 42 45 46 52 57 58 60 64 69 70
18 17 4 10 16 21 22 28 34 40 42 45 46 52 57 58 60 64 69 70 5 9 11 12 17 23 29 30 33 35 41 47 53 54 59 65 71
7 17 0 6 18 24 36 48 66 5 9 11 12 17 23 29 30 33 35 41 47 53 54 59 65 71
1 1 24 48
1 1 24 66
# 24 : 0 -> 4
#c 0 1 2 3 4 5 0 1 2 5 4 5 5 1 2 3 4 5 0 1 2 4 4 5 4 1 2 3 4 5 5 1 2 5 4 5 0 1 2 3 4 5 4 1 2 4 4 5 0 1 2 3 4 5 5 1 2 4 4 5 4 1 2 3 4 5 0 1 2 4 4 5
6 12 0 6 18 36 48 66 1 7 13 19 25 31 37 43 49 55 61 67
6 12 0 6 18 36 48 66 2 8 14 20 26 32 38 44 50 56 62 68
6 6 0 6 18 36 48 66 3 15 27 39 51 63
12 19 2 8 14 20 26 32 38 44 50 56 62 68 4 10 16 21 22 24 28 34 40 42 45 46 52 57 58 60 64 69 70
6 19 3 15 27 39 51 63 4 10 16 21 22 24 28 34 40 42 45 46 52 57 58 60 64 69 70
19 17 4 10 16 21 22 24 28 34 40 42 45 46 52 57 58 60 64 69 70 5 9 11 12 17 23 29 30 33 35 41 47 53 54 59 65 71
6 17 3 15 27 39 51 63 5 9 11 12 17 23 29 30 33 35 41 47 53 54 59 65 71
1 1 3 39
1 1 3 51
1 1 51 63
# 51 : 3 -> 5
#c 0 1 2 3 4 5 0 1 2 5 4 5 5 1 2 3 4 5 0 1 2 4 4 5 4 1 2 3 4 5 5 1 2 5 4 5 0 1 2 3 4 5 4 1 2 4 4 5 0 1 2 5 4 5 5 1 2 4 4 5 4 1 2 3 4 5 0 1 2 4 4 5
12 5 2 8 14 20 26 32 38 44 50 56 62 68 3 15 27 39 63
6 5 0 6 18 36 48 66 3 15 27 39 63
6 19 0 6 18 36 48 66 4 10 16 21 22 24 28 34 40 42 45 46 52 57 58 60 64 69 70
19 18 4 10 16 21 22 24 28 34 40 42 45 46 52 57 58 60 64 69 70 5 9 11 12 17 23 29 30 33 35 41 47 51 53 54 59 65 71
6 18 0 6 18 36 48 66 5 9 11 12 17 23 29 30 33 35 41 47 51 53 54 59 65 71
1 1 6 36
1 1 6 48
1 1 48 66
# 48 : 0 -> 4
#c 0 1 2 3 4 5 0 1 2 5 4 5 5 1 2 3 4 5 0 1 2 4 4 5 4 1 2 3 4 5 5 1 2 5 4 5 0 1 2 3 4 5 4 1 2 4 4 5 4 1 2 5 4 5 5 1 2 4 4 5 4 1 2 3 4 5 0 1 2 4 4 5
5 12 0 6 18 36 66 1 7 13 19 25 31 37 43 49 55 61 67
5 12 0 6 18 36 66 2 8 14 20 26 32 38 44 50 56 62 68
5 5 0 6 18 36 66 3 15 27 39 63
12 5 1 7 13 19 25 31 37 43 49 55 61 67 3 15 27 39 63
5 20 0 6 18 36 66 4 10 16 21 22 24 28 34 40 42 45 46 48 52 57 58 60 64 69 70
12 20 1 7 13 19 25 31 37 43 49 55 61 67 4 10 16 21 22 24 28 34 40 42 45 46 48 52 57 58 60 64 69 70
5 18 0 6 18 36 66 5 9 11 12 17 23 29 30 33 35 41 47 51 53 54 59 65 71
20 18 4 10 16 21 22 24 28 34 40 42 45 46 48 52 57 58 60 64 69 70 5 9 11 12 17 23 29 30 33 35 41 47 51 53 54 59 65 71
1 1 4 10
1 1 10 16
1 1 16 21
1 1 16 22
1 1 16 24
1 1 16 28
1 1 16 34
1 1 34 40
1 1 34 42
1 1 34 45
1 1 34 46
1 1 34 48
1 1 34 52
1 1 34 57
1 1 34 58
1 1 34 60
1 1 34 64
1 1 34 69
1 1 34 70
# 34 : 4 -> 0
#c 0 1 2 3 4 5 0 1 2 5 4 5 5 1 2 3 4 5 0 1 2 4 4 5 4 1 2 3 4 5 5 1 2 5 0 5 0 1 2 3 4 5 4 1 2 4 4 5 4 1 2 5 4 5 5 1 2 4 4 5 4 1 2 3 4 5 0 1 2 4 4 5
6 12 0 6 18 34 36 66 1 7 13 19 25 31 37 43 49 55 61 67
6 12 0 6 18 34 36 66 2 8 14 20 26 32 38 44 50 56 62 68
12 19 2 8 14 20 26 32 38 44 50 56 62 68 4 10 16 21 22 24 28 40 42 45 46 48 52 57 58 60 64 69 70
12 19 1 7 13 19 25 31 37 43 49 55 61 67 4 10 16 21 22 24 28 40 42 45 46 48 52 57 58 60 64 69 70
12 18 2 8 14 20 26 32 38 44 50 56 62 68 5 9 11 12 17 23 29 30 33 35 41 47 51 53 54 59 65 71
19 18 4 10 16 21 22 24 28 40 42 45 46 48 52 57 58 60 64 69 70 5 9 11 12 17 23 29 30 33 35 41 47 51 53 54 59 65 71
1 1 16 40
1 1 16 42
1 1 16 45
1 1 16 46
1 1 16 48
1 1 16 52
1 1 16 57
1 1 16 58
1 1 16 60
1 1 16 64
1 1 16 69
1 1 16 70
# 16 : 4 -> 2
#c 0 1 2 3 4 5 0 1 2 5 4 5 5 1 2 3 2 5 0 1 2 4 4 5 4 1 2 3 4 5 5 1 2 5 0 5 0 1 2 3 4 5 4 1 2 4 4 5 4 1 2 5 4 5 5 1 2 4 4 5 4 1 2 3 4 5 0 1 2 4 4 5
6 13 0 6 18 34 36 66 2 8 14 16 20 26 32 38 44 50 56 62 68
12 13 1 7 13 19 25 31 37 43 49 55 61 67 2 8 14 16 20 26 32 38 44 50 56 62 68
6 5 0 6 18 34 36 66 3 15 27 39 63
6 18 0 6 18 34 36 66 4 10 21 22 24 28 40 42 45 46 48 52 57 58 60 64 69 70
12 18 1 7 13 19 25 31 37 43 49 55 61 67 4 10 21 22 24 28 40 42 45 46 48 52 57 58 60 64 69 70
6 18 0 6 18 34 36 66 5 9 11 12 17 23 29 30 33 35 41 47 51 53 54 59 65 71
18 18 4 10 21 22 24 28 40 42 45 46 48 52 57 58 60 64 69 70 5 9 11 12 17 23 29 30 33 35 41 47 51 53 54 59 65 71
1 1 5 9
1 1 9 11
1 1 9 12
1 1 12 17
1 1 12 23
1 1 12 29
1 1 12 33
1 1 12 35
1 1 12 41
1 1 12 47
1 1 12 51
1 1 12 53
1 1 12 59
1 1 12 65
1 1 12 71
# 12 : 5 -> 0
#c 0 1 2 3 4 5 0 1 2 5 4 5 0 1 2 3 2 5 0 1 2 4 4 5 4 1 2 3 4 5 5 1 2 5 0 5 0 1 2 3 4 5 4 1 2 4 4 5 4 1 2 5 4 5 5 1 2 4 4 5 4 1 2 3 4 5 0 1 2 4 4 5
7 12 0 6 12 18 34 36 66 1 7 13 19 25 31 37 43 49 55 61 67
7 13 0 6 12 18 34 36 66 2 8 14 16 20 26 32 38 44 50 56 62 68
7 5 0 6 12 18 34 36 66 3 15 27 39 63
7 18 0 6 12 18 34 36 66 4 10 21 22 24 28 40 42 45 46 48 52 57 58 60 64 69 70
7 17 0 6 12 18 34 36 66 5 9 11 17 23 29 30 33 35 41 47 51 53 54 59 65 71
18 17 4 10 21 22 24 28 40 42 45 46 48 52 57 58 60 64 69 70 5 9 11 17 23 29 30 33 35 41 47 51 53 54 59 65 71
1 1 9 17
1 1 17 23
1 1 23 29
1 1 23 30
1 1 23 33
1 1 23 35
1 1 23 41
1 1 23 47
1 1 23 51
1 1 23 53
1 1 23 54
1 1 23 59
1 1 23 65
1 1 23 71
# 23 : 5 -> 0
#c 0 1 2 3 4 5 0 1 2 5 4 5 0 1 2 3 2 5 0 1 2 4 4 0 4 1 2 3 4 5 5 1 2 5 0 5 0 1 2 3 4 5 4 1 2 4 4 5 4 1 2 5 4 5 5 1 2 4 4 5 4 1 2 3 4 5 0 1 2 4 4 5
8 12 0 6 12 18 23 34 36 66 1 7 13 19 25 31 37 43 49 55 61 67
8 13 0 6 12 18 23 34 36 66 2 8 14 16 20 26 32 38 44 50 56 62 68
8 5 0 6 12 18 23 34 36 66 3 15 27 39 63
8 18 0 6 12 18 23 34 36 66 4 10 21 22 24 28 40 42 45 46 48 52 57 58 60 64 69 70
8 16 0 6 12 18 23 34 36 66 5 9 11 17 29 30 33 35 41 47 51 53 54 59 65 71
18 16 4 10 21 22 24 28 40 42 45 46 48 52 57 58 60 64 69 70 5 9 11 17 29 30 33 35 41 47 51 53 54 59 65 71
1 1 17 29
1 1 17 30
1 1 17 33
1 1 17 35
1 1 17 41
1 1 41 47
1 1 41 51
1 1 41 53
1 1 41 54
1 1 41 59
1 1 41 65
1 1 41 71
# 41 : 5 -> 0
#c 0 1 2 3 4 5 0 1 2 5 4 5 0 1 2 3 2 5 0 1 2 4 4 0 4 1 2 3 4 5 5 1 2 5 0 5 0 1 2 3 4 0 4 1 2 4 4 5 4 1 2 5 4 5 5 1 2 4 4 5 4 1 2 3 4 5 0 1 2 4 4 5
9 12 0 6 12 18 23 34 36 41 66 1 7 13 19 25 31 37 43 49 55 61 67
9 13 0 6 12 18 23 34 36 41 66 2 8 14 16 20 26 32 38 44 50 56 62 68
13 5 2 8 14 16 20 26 32 38 44 50 56 62 68 3 15 27 39 63
13 18 2 8 14 16 20 26 32 38 44 50 56 62 68 4 10 21 22 24 28 40 42 45 46 48 52 57 58 60 64 69 70
13 15 2 8 14 16 20 26 32 38 44 50 56 62 68 5 9 11 17 29 30 33 35 47 51 53 54 59 65 71
18 15 4 10 21 22 24 28 40 42 45 46 48 52 57 58 60 64 69 70 5 9 11 17 29 30 33 35 47 51 53 54 59 65 71
1 1 10 21
1 1 21 22
1 1 21 24
1 1 21 28
1 1 21 40
1 1 40 42
1 1 40 45
1 1 40 46
1 1 40 48
1 1 40 52
1 1 40 57
1 1 40 58
1 1 40 60
1 1 40 64
1 1 40 69
1 1 40 70
# 40 : 4 -> 2
#c 0 1 2 3 4 5 0 1 2 5 4 5 0 1 2 3 2 5 0 1 2 4 4 0 4 1 2 3 4 5 5 1 2 5 0 5 0 1 2 3 2 0 4 1 2 4 4 5 4 1 2 5 4 5 5 1 2 4 4 5 4 1 2 3 4 5 0 1 2 4 4 5
9 14 0 6 12 18 23 34 36 41 66 2 8 14 16 20 26 32 38 40 44 50 56 62 68
12 14 1 7 13 19 25 31 37 43 49 55 61 67 2 8 14 16 20 26 32 38 40 44 50 56 62 68
9 5 0 6 12 18 23 34 36 41 66 3 15 27 39 63
9 17 0 6 12 18 23 34 36 41 66 4 10 21 22 24 28 42 45 46 48 52 57 58 60 64 69 70
12 17 1 7 13 19 25 31 37 43 49 55 61 67 4 10 21 22 24 28 42 45 46 48 52 57 58 60 64 69 70
9 15 0 6 12 18 23 34 36 41 66 5 9 11 17 29 30 33 35 47 51 53 54 59 65 71
12 15 1 7 13 19 25 31 37 43 49 55 61 67 5 9 11 17 29 30 33 35 47 51 53 54 59 65 71
1 1 1 7
1 1 7 13
1 1 7 19
1 1 7 25
1 1 7 31
1 1 7 37
1 1 7 43
1 1 7 49
1 1 7 55
1 1 7 61
1 1 7 67
# 7 : 1 -> 0
#c 0 1 2 3 4 5 0 0 2 5 4 5 0 1 2 3 2 5 0 1 2 4 4 0 4 1 2 3 4 5 5 1 2 5 0 5 0 1 2 3 2 0 4 1 2 4 4 5 4 1 2 5 4 5 5 1 2 4 4 5 4 1 2 3 4 5 0 1 2 4 4 5
10 11 0 6 7 12 18 23 34 36 41 66 1 13 19 25 31 37 43 49 55 61 67
11 14 1 13 19 25 31 37 43 49 55 61 67 2 8 14 16 20 26 32 38 40 44 50 56 62 68
10 14 0 6 7 12 18 23 34 36 41 66 2 8 14 16 20 26 32 38 40 44 50 56 62 68
11 5 1 13 19 25 31 37 43 49 55 61 67 3 15 27 39 63
10 5 0 6 7 12 18 23 34 36 41 66 3 15 27 39 63
11 17 1 13 19 25 31 37 43 49 55 61 67 4 10 21 22 24 28 42 45 46 48 52 57 58 60 64 69 70
10 17 0 6 7 12 18 23 34 36 41 66 4 10 21 22 24 28 42 45 46 48 52 57 58 60 64 69 70
11 15 1 13 19 25 31 37 43 49 55 61 67 5 9 11 17 29 30 33 35 47 51 53 54 59 65 71
10 15 0 6 7 12 18 23 34 36 41 66 5 9 11 17 29 30 33 35 47 51 53 54 59 65 71
1 1 6 7
1 1 7 12
1 1 12 34
# 12 : 0 -> 1
#c 0 1 2 3 4 5 0 0 2 5 4 5 1 1 2 3 2 5 0 1 2 4 4 0 4 1 2 3 4 5 5 1 2 5 0 5 0 1 2 3 2 0 4 1 2 4 4 5 4 1 2 5 4 5 5 1 2 4 4 5 4 1 2 3 4 5 0 1 2 4 4 5
9 12 0 6 7 18 23 34 36 41 66 1 12 13 19 25 31 37 43 49 55 61 67
12 14 1 12 13 19 25 31 37 43 49 55 61 67 2 8 14 16 20 26 32 38 40 44 50 56 62 68
9 14 0 6 7 18 23 34 36 41 66 2 8 14 16 20 26 32 38 40 44 50 56 62 68
12 5 1 12 13 19 25 31 37 43 49 55 61 67 3 15 27 39 63
9 5 0 6 7 18 23 34 36 41 66 3 15 27 39 63
12 17 1 12 13 19 25 31 37 43 49 55 61 67 4 10 21 22 24 28 42 45 46 48 52 57 58 60 64 69 70
9 17 0 6 7 18 23 34 36 41 66 4 10 21 22 24 28 42 45 46 48 52 57 58 60 64 69 70
12 15 1 12 13 19 25 31 37 43 49 55 61 67 5 9 11 17 29 30 33 35 47 51 53 54 59 65 71
9 15 0 6 7 18 23 34 36 41 66 5 9 11 17 29 30 33 35 47 51 53 54 59 65 71
1 1 7 18
1 1 7 23
1 1 23 34
1 1 23 36
1 1 23 66
# 23 : 0 -> 1
#c 0 1 2 3 4 5 0 0 2 5 4 5 1 1 2 3 2 5 0 1 2 4 4 1 4 1 2 3 4 5 5 1 2 5 0 5 0 1 2 3 2 0 4 1 2 4 4 5 4 1 2 5 4 5 5 1 2 4 4 5 4 1 2 3 4 5 0 1 2 4 4 5
8 13 0 6 7 18 34 36 41 66 1 12 13 19 23 25 31 37 43 49 55 61 67
13 14 1 12 13 19 23 25 31 37 43 49 55 61 67 2 8 14 16 20 26 32 38 40 44 50 56 62 68
8 14 0 6 7 18 34 36 41 66 2 8 14 16 20 26 32 38 40 44 50 56 62 68
13 5 1 12 13 19 23 25 31 37 43 49 55 61 67 3 15 27 39 63
8 5 0 6 7 18 34 36 41 66 3 15 27 39 63
13 17 1 12 13 19 23 25 31 37 43 49 55 61 67 4 10 21 22 24 28 42 45 46 48 52 57 58 60 64 69 70
8 17 0 6 7 18 34 36 41 66 4 10 21 22 24 28 42 45 46 48 52 57 58 60 64 69 70
13 15 1 12 13 19 23 25 31 37 43 49 55 61 67 5 9 11 17 29 30 33 35 47 51 53 54 59 65 71
8 15 0 6 7 18 34 36 41 66 5 9 11 17 29 30 33 35 47 51 53 54 59 65 71
1 1 7 34
1 1 34 36
1 1 34 41
1 1 34 66
# 34 : 0 -> 1
#c 0 1 2 3 4 5 0 0 2 5 4 5 1 1 2 3 2 5 0 1 2 4 4 1 4 1 2 3 4 5 5 1 2 5 1 5 0 1 2 3 2 0 4 1 2 4 4 5 4 1 2 5 4 5 5 1 2 4 4 5 4 1 2 3 4 5 0 1 2 4 4 5
7 14 0 6 7 18 36 41 66 1 12 13 19 23 25 31 34 37 43 49 55 61 67
14 14 1 12 13 19 23 25 31 34 37 43 49 55 61 67 2 8 14 16 20 26 32 38 40 44 50 56 62 68
7 14 0 6 7 18 36 41 66 2 8 14 16 20 26 32 38 40 44 50 56 62 68
14 5 2 8 14 16 20 26 32 38 40 44 50 56 62 68 3 15 27 39 63
7 5 0 6 7 18 36 41 66 3 15 27 39 63
14 17 2 8 14 16 20 26 32 38 40 44 50 56 62 68 4 10 21 22 24 28 42 45 46 48 52 57 58 60 64 69 70
7 17 0 6 7 18 36 41 66 4 10 21 22 24 28 42 45 46 48 52 57 58 60 64 69 70
17 15 4 10 21 22 24 28 42 45 46 48 52 57 58 60 64 69 70 5 9 11 17 29 30 33 35 47 51 53 54 59 65 71
7 15 0 6 7 18 36 41 66 5 9 11 17 29 30 33 35 47 51 53 54 59 65 71
1 1 7 36
1 1 7 41
1 1 41 66
# 41 : 0 -> 4
#c 0 1 2 3 4 5 0 0 2 5 4 5 1 1 2 3 2 5 0 1 2 4 4 1 4 1 2 3 4 5 5 1 2 5 1 5 0 1 2 3 2 4 4 1 2 4 4 5 4 1 2 5 4 5 5 1 2 4 4 5 4 1 2 3 4 5 0 1 2 4 4 5
6 14 0 6 7 18 36 66 1 12 13 19 23 25 31 34 37 43 49 55 61 67
6 14 0 6 7 18 36 66 2 8 14 16 20 26 32 38 40 44 50 56 62 68
6 5 0 6 7 18 36 66 3 15 27 39 63
14 5 1 12 13 19 23 25 31 34 37 43 49 55 61 67 3 15 27 39 63
6 18 0 6 7 18 36 66 4 10 21 22 24 28 41 42 45 46 48 52 57 58 60 64 69 70
0 1 2 3 4 5 0 0 2 5 4 5 1 1 2 3 2 5 0 1 2 4 4 1 4 1 2 3 4 5 5 1 2 5 1 5 0 1 2 3 2 0 4 1 2 4 4 5 4 1 2 5 4 5 5 1 2 4 4 5 4 1 2 3 4 5 0 1 2 4 4 5
#c 0 1 2 3 4 5 0 0 0 0 0 0 0 0 0 0 0 0 0 0 0 0 0 0 0 0 0 0 0 0 0 0 0 0 0 0 0 0 0 0 0 0 0 0 0 0 0 0 0 0 0 0 0 0 0 0 0 0 0 0 0 0 0 0 0 0 0 0 0 0 0 0
#c 0 1 2 3 4 5 0 0 0 0 0 0 0 0 0 0 0 0 0 0 0 0 0 0 0 0 0 0 0 0 0 0 0 0 0 0 0 0 0 0 0 0 0 0 0 0 0 0 0 0 0 0 0 0 0 0 0 0 0 0 0 0 0 0 0 0 0 0 0 0 0 0
67 1 0 6 7 8 9 10 11 12 13 14 15 16 17 18 19 20 21 22 23 24 25 26 27 28 29 30 31 32 33 34 35 36 37 38 39 40 41 42 43 44 45 46 47 48 49 50 51 52 53 54 55 56 57 58 59 60 61 62 63 64 65 66 67 68 69 70 71 1
1 1 1 2
67 1 0 6 7 8 9 10 11 12 13 14 15 16 17 18 19 20 21 22 23 24 25 26 27 28 29 30 31 32 33 34 35 36 37 38 39 40 41 42 43 44 45 46 47 48 49 50 51 52 53 54 55 56 57 58 59 60 61 62 63 64 65 66 67 68 69 70 71 2
1 1 1 3
67 1 0 6 7 8 9 10 11 12 13 14 15 16 17 18 19 20 21 22 23 24 25 26 27 28 29 30 31 32 33 34 35 36 37 38 39 40 41 42 43 44 45 46 47 48 49 50 51 52 53 54 55 56 57 58 59 60 61 62 63 64 65 66 67 68 69 70 71 3
1 1 1 4
67 1 0 6 7 8 9 10 11 12 13 14 15 16 17 18 19 20 21 22 23 24 25 26 27 28 29 30 31 32 33 34 35 36 37 38 39 40 41 42 43 44 45 46 47 48 49 50 51 52 53 54 55 56 57 58 59 60 61 62 63 64 65 66 67 68 69 70 71 4
1 1 1 5
67 1 0 6 7 8 9 10 11 12 13 14 15 16 17 18 19 20 21 22 23 24 25 26 27 28 29 30 31 32 33 34 35 36 37 38 39 40 41 42 43 44 45 46 47 48 49 50 51 52 53 54 55 56 57 58 59 60 61 62 63 64 65 66 67 68 69 70 71 5
1 1 0 6
1 1 6 7
1 1 7 8
1 1 7 9
1 1 7 10
1 1 7 11
1 1 7 12
1 1 12 13
1 1 12 14
1 1 12 15
1 1 12 16
1 1 12 17
1 1 12 18
1 1 12 19
1 1 12 20
1 1 12 21
1 1 12 22
1 1 12 23
1 1 12 24
1 1 12 25
1 1 12 26
1 1 12 27
1 1 12 28
1 1 12 29
1 1 12 30
1 1 12 31
1 1 12 32
1 1 12 33
1 1 12 34
1 1 12 35
1 1 12 36
1 1 12 37
1 1 12 38
1 1 12 39
1 1 12 40
1 1 12 41
1 1 12 42
1 1 12 43
1 1 12 44
1 1 12 45
1 1 12 46
1 1 12 47
1 1 12 48
1 1 12 49
1 1 12 50
1 1 12 51
1 1 12 52
1 1 12 53
1 1 12 54
1 1 12 55
1 1 12 56
1 1 12 57
1 1 12 58
1 1 12 59
1 1 12 60
1 1 12 61
1 1 12 62
1 1 12 63
1 1 12 64
1 1 12 65
1 1 12 66
1 1 12 67
1 1 12 68
1 1 12 69
1 1 12 70
1 1 12 71
# 12 : 0 -> 1
#c 0 1 2 3 4 5 0 0 0 0 0 0 1 0 0 0 0 0 0 0 0 0 0 0 0 0 0 0 0 0 0 0 0 0 0 0 0 0 0 0 0 0 0 0 0 0 0 0 0 0 0 0 0 0 0 0 0 0 0 0 0 0 0 0 0 0 0 0 0 0 0 0
66 2 0 6 7 8 9 10 11 13 14 15 16 17 18 19 20 21 22 23 24 25 26 27 28 29 30 31 32 33 34 35 36 37 38 39 40 41 42 43 44 45 46 47 48 49 50 51 52 53 54 55 56 57 58 59 60 61 62 63 64 65 66 67 68 69 70 71 1 12
2 1 1 12 2
66 1 0 6 7 8 9 10 11 13 14 15 16 17 18 19 20 21 22 23 24 25 26 27 28 29 30 31 32 33 34 35 36 37 38 39 40 41 42 43 44 45 46 47 48 49 50 51 52 53 54 55 56 57 58 59 60 61 62 63 64 65 66 67 68 69 70 71 2
2 1 1 12 3
66 1 0 6 7 8 9 10 11 13 14 15 16 17 18 19 20 21 22 23 24 25 26 27 28 29 30 31 32 33 34 35 36 37 38 39 40 41 42 43 44 45 46 47 48 49 50 51 52 53 54 55 56 57 58 59 60 61 62 63 64 65 66 67 68 69 70 71 3
2 1 1 12 4
66 1 0 6 7 8 9 10 11 13 14 15 16 17 18 19 20 21 22 23 24 25 26 27 28 29 30 31 32 33 34 35 36 37 38 39 40 41 42 43 44 45 46 47 48 49 50 51 52 53 54 55 56 57 58 59 60 61 62 63 64 65 66 67 68 69 70 71 4
2 1 1 12 5
66 1 0 6 7 8 9 10 11 13 14 15 16 17 18 19 20 21 22 23 24 25 26 27 28 29 30 31 32 33 34 35 36 37 38 39 40 41 42 43 44 45 46 47 48 49 50 51 52 53 54 55 56 57 58 59 60 61 62 63 64 65 66 67 68 69 70 71 5
1 1 7 13
1 1 7 14
1 1 7 15
1 1 7 16
1 1 16 17
1 1 16 18
1 1 16 19
1 1 16 20
1 1 16 21
1 1 16 22
1 1 16 23
1 1 23 24
1 1 23 25
1 1 23 26
1 1 23 27
1 1 23 28
1 1 23 29
1 1 23 30
1 1 23 31
1 1 23 32
1 1 23 33
1 1 23 34
1 1 23 35
1 1 23 36
1 1 23 37
1 1 23 38
1 1 23 39
1 1 23 40
1 1 23 41
1 1 23 42
1 1 23 43
1 1 23 44
1 1 23 45
1 1 23 46
1 1 23 47
1 1 23 48
1 1 23 49
1 1 23 50
1 1 23 51
1 1 23 52
1 1 23 53
1 1 23 54
1 1 23 55
1 1 23 56
1 1 23 57
1 1 23 58
1 1 23 59
1 1 23 60
1 1 23 61
1 1 23 62
1 1 23 63
1 1 23 64
1 1 23 65
1 1 23 66
1 1 23 67
1 1 23 68
1 1 23 69
1 1 23 70
1 1 23 71
# 23 : 0 -> 1
#c 0 1 2 3 4 5 0 0 0 0 0 0 1 0 0 0 0 0 0 0 0 0 0 1 0 0 0 0 0 0 0 0 0 0 0 0 0 0 0 0 0 0 0 0 0 0 0 0 0 0 0 0 0 0 0 0 0 0 0 0 0 0 0 0 0 0 0 0 0 0 0 0
65 3 0 6 7 8 9 10 11 13 14 15 16 17 18 19 20 21 22 24 25 26 27 28 29 30 31 32 33 34 35 36 37 38 39 40 41 42 43 44 45 46 47 48 49 50 51 52 53 54 55 56 57 58 59 60 61 62 63 64 65 66 67 68 69 70 71 1 12 23
3 1 1 12 23 2
65 1 0 6 7 8 9 10 11 13 14 15 16 17 18 19 20 21 22 24 25 26 27 28 29 30 31 32 33 34 35 36 37 38 39 40 41 42 43 44 45 46 47 48 49 50 51 52 53 54 55 56 57 58 59 60 61 62 63 64 65 66 67 68 69 70 71 2
3 1 1 12 23 3
65 1 0 6 7 8 9 10 11 13 14 15 16 17 18 19 20 21 22 24 25 26 27 28 29 30 31 32 33 34 35 36 37 38 39 40 41 42 43 44 45 46 47 48 49 50 51 52 53 54 55 56 57 58 59 60 61 62 63 64 65 66 67 68 69 70 71 3
3 1 1 12 23 4
65 1 0 6 7 8 9 10 11 13 14 15 16 17 18 19 20 21 22 24 25 26 27 28 29 30 31 32 33 34 35 36 37 38 39 40 41 42 43 44 45 46 47 48 49 50 51 52 53 54 55 56 57 58 59 60 61 62 63 64 65 66 67 68 69 70 71 4
3 1 1 12 23 5
65 1 0 6 7 8 9 10 11 13 14 15 16 17 18 19 20 21 22 24 25 26 27 28 29 30 31 32 33 34 35 36 37 38 39 40 41 42 43 44 45 46 47 48 49 50 51 52 53 54 55 56 57 58 59 60 61 62 63 64 65 66 67 68 69 70 71 5
1 1 16 24
1 1 16 25
1 1 16 26
1 1 16 27
1 1 16 28
1 1 16 29
1 1 16 30
1 1 16 31
1 1 16 32
1 1 16 33
1 1 16 34
1 1 34 35
1 1 34 36
1 1 34 37
1 1 34 38
1 1 34 39
1 1 34 40
1 1 34 41
1 1 34 42
1 1 34 43
1 1 34 44
1 1 34 45
1 1 34 46
1 1 34 47
1 1 34 48
1 1 34 49
1 1 34 50
1 1 34 51
1 1 34 52
1 1 34 53
1 1 34 54
1 1 34 55
1 1 34 56
1 1 34 57
1 1 34 58
1 1 34 59
1 1 34 60
1 1 34 61
1 1 34 62
1 1 34 63
1 1 34 64
1 1 34 65
1 1 34 66
1 1 34 67
1 1 34 68
1 1 34 69
1 1 34 70
1 1 34 71
# 34 : 0 -> 1
#c 0 1 2 3 4 5 0 0 0 0 0 0 1 0 0 0 0 0 0 0 0 0 0 1 0 0 0 0 0 0 0 0 0 0 1 0 0 0 0 0 0 0 0 0 0 0 0 0 0 0 0 0 0 0 0 0 0 0 0 0 0 0 0 0 0 0 0 0 0 0 0 0
64 4 0 6 7 8 9 10 11 13 14 15 16 17 18 19 20 21 22 24 25 26 27 28 29 30 31 32 33 35 36 37 38 39 40 41 42 43 44 45 46 47 48 49 50 51 52 53 54 55 56 57 58 59 60 61 62 63 64 65 66 67 68 69 70 71 1 12 23 34
4 1 1 12 23 34 2
64 1 0 6 7 8 9 10 11 13 14 15 16 17 18 19 20 21 22 24 25 26 27 28 29 30 31 32 33 35 36 37 38 39 40 41 42 43 44 45 46 47 48 49 50 51 52 53 54 55 56 57 58 59 60 61 62 63 64 65 66 67 68 69 70 71 2
4 1 1 12 23 34 3
64 1 0 6 7 8 9 10 11 13 14 15 16 17 18 19 20 21 22 24 25 26 27 28 29 30 31 32 33 35 36 37 38 39 40 41 42 43 44 45 46 47 48 49 50 51 52 53 54 55 56 57 58 59 60 61 62 63 64 65 66 67 68 69 70 71 3
4 1 1 12 23 34 4
64 1 0 6 7 8 9 10 11 13 14 15 16 17 18 19 20 21 22 24 25 26 27 28 29 30 31 32 33 35 36 37 38 39 40 41 42 43 44 45 46 47 48 49 50 51 52 53 54 55 56 57 58 59 60 61 62 63 64 65 66 67 68 69 70 71 4
4 1 1 12 23 34 5
64 1 0 6 7 8 9 10 11 13 14 15 16 17 18 19 20 21 22 24 25 26 27 28 29 30 31 32 33 35 36 37 38 39 40 41 42 43 44 45 46 47 48 49 50 51 52 53 54 55 56 57 58 59 60 61 62 63 64 65 66 67 68 69 70 71 5
1 1 16 35
1 1 16 36
1 1 16 37
1 1 16 38
1 1 16 39
1 1 16 40
1 1 16 41
1 1 16 42
1 1 16 43
1 1 16 44
1 1 16 45
1 1 16 46
1 1 16 47
1 1 16 48
1 1 16 49
1 1 16 50
1 1 16 51
1 1 16 52
1 1 16 53
1 1 16 54
1 1 16 55
1 1 16 56
1 1 16 57
1 1 16 58
1 1 16 59
1 1 16 60
1 1 16 61
1 1 16 62
1 1 16 63
1 1 16 64
1 1 16 65
1 1 16 66
1 1 16 67
1 1 16 68
1 1 16 69
1 1 16 70
1 1 16 71
# 16 : 0 -> 1
#c 0 1 2 3 4 5 0 0 0 0 0 0 1 0 0 0 1 0 0 0 0 0 0 1 0 0 0 0 0 0 0 0 0 0 1 0 0 0 0 0 0 0 0 0 0 0 0 0 0 0 0 0 0 0 0 0 0 0 0 0 0 0 0 0 0 0 0 0 0 0 0 0
63 5 0 6 7 8 9 10 11 13 14 15 17 18 19 20 21 22 24 25 26 27 28 29 30 31 32 33 35 36 37 38 39 40 41 42 43 44 45 46 47 48 49 50 51 52 53 54 55 56 57 58 59 60 61 62 63 64 65 66 67 68 69 70 71 1 12 16 23 34
5 1 1 12 16 23 34 2
63 1 0 6 7 8 9 10 11 13 14 15 17 18 19 20 21 22 24 25 26 27 28 29 30 31 32 33 35 36 37 38 39 40 41 42 43 44 45 46 47 48 49 50 51 52 53 54 55 56 57 58 59 60 61 62 63 64 65 66 67 68 69 70 71 2
1 1 2 3
63 1 0 6 7 8 9 10 11 13 14 15 17 18 19 20 21 22 24 25 26 27 28 29 30 31 32 33 35 36 37 38 39 40 41 42 43 44 45 46 47 48 49 50 51 52 53 54 55 56 57 58 59 60 61 62 63 64 65 66 67 68 69 70 71 3
1 1 2 4
63 1 0 6 7 8 9 10 11 13 14 15 17 18 19 20 21 22 24 25 26 27 28 29 30 31 32 33 35 36 37 38 39 40 41 42 43 44 45 46 47 48 49 50 51 52 53 54 55 56 57 58 59 60 61 62 63 64 65 66 67 68 69 70 71 4
1 1 2 5
63 1 0 6 7 8 9 10 11 13 14 15 17 18 19 20 21 22 24 25 26 27 28 29 30 31 32 33 35 36 37 38 39 40 41 42 43 44 45 46 47 48 49 50 51 52 53 54 55 56 57 58 59 60 61 62 63 64 65 66 67 68 69 70 71 5
1 1 7 17
1 1 7 18
1 1 7 19
1 1 7 20
1 1 20 21
1 1 20 22
1 1 20 24
1 1 20 25
1 1 20 26
1 1 20 27
1 1 20 28
1 1 20 29
1 1 20 30
1 1 20 31
1 1 20 32
1 1 20 33
1 1 20 35
1 1 20 36
1 1 20 37
1 1 20 38
1 1 20 39
1 1 20 40
1 1 40 41
1 1 41 42
1 1 41 43
1 1 41 44
1 1 41 45
1 1 41 46
1 1 41 47
1 1 41 48
1 1 41 49
1 1 41 50
1 1 41 51
1 1 41 52
1 1 41 53
1 1 41 54
1 1 41 55
1 1 41 56
1 1 41 57
1 1 41 58
1 1 41 59
1 1 41 60
1 1 41 61
1 1 41 62
1 1 41 63
1 1 41 64
1 1 41 65
1 1 41 66
1 1 41 67
1 1 41 68
1 1 41 69
1 1 41 70
1 1 41 71
# 41 : 0 -> 2
#c 0 1 2 3 4 5 0 0 0 0 0 0 1 0 0 0 1 0 0 0 0 0 0 1 0 0 0 0 0 0 0 0 0 0 1 0 0 0 0 0 0 2 0 0 0 0 0 0 0 0 0 0 0 0 0 0 0 0 0 0 0 0 0 0 0 0 0 0 0 0 0 0
62 5 0 6 7 8 9 10 11 13 14 15 17 18 19 20 21 22 24 25 26 27 28 29 30 31 32 33 35 36 37 38 39 40 42 43 44 45 46 47 48 49 50 51 52 53 54 55 56 57 58 59 60 61 62 63 64 65 66 67 68 69 70 71 1 12 16 23 34
5 2 1 12 16 23 34 2 41
62 2 0 6 7 8 9 10 11 13 14 15 17 18 19 20 21 22 24 25 26 27 28 29 30 31 32 33 35 36 37 38 39 40 42 43 44 45 46 47 48 49 50 51 52 53 54 55 56 57 58 59 60 61 62 63 64 65 66 67 68 69 70 71 2 41
5 1 1 12 16 23 34 3
62 1 0 6 7 8 9 10 11 13 14 15 17 18 19 20 21 22 24 25 26 27 28 29 30 31 32 33 35 36 37 38 39 40 42 43 44 45 46 47 48 49 50 51 52 53 54 55 56 57 58 59 60 61 62 63 64 65 66 67 68 69 70 71 3
5 1 1 12 16 23 34 4
62 1 0 6 7 8 9 10 11 13 14 15 17 18 19 20 21 22 24 25 26 27 28 29 30 31 32 33 35 36 37 38 39 40 42 43 44 45 46 47 48 49 50 51 52 53 54 55 56 57 58 59 60 61 62 63 64 65 66 67 68 69 70 71 4
5 1 1 12 16 23 34 5
62 1 0 6 7 8 9 10 11 13 14 15 17 18 19 20 21 22 24 25 26 27 28 29 30 31 32 33 35 36 37 38 39 40 42 43 44 45 46 47 48 49 50 51 52 53 54 55 56 57 58 59 60 61 62 63 64 65 66 67 68 69 70 71 5
1 1 40 42
1 1 40 43
1 1 40 44
1 1 40 45
1 1 40 46
1 1 40 47
1 1 40 48
1 1 40 49
1 1 40 50
1 1 40 51
1 1 40 52
1 1 40 53
1 1 40 54
1 1 40 55
1 1 40 56
1 1 40 57
1 1 40 58
1 1 40 59
1 1 40 60
1 1 40 61
1 1 40 62
1 1 40 63
1 1 40 64
1 1 40 65
1 1 40 66
1 1 40 67
1 1 40 68
1 1 40 69
1 1 40 70
1 1 40 71
# 40 : 0 -> 1
#c 0 1 2 3 4 5 0 0 0 0 0 0 1 0 0 0 1 0 0 0 0 0 0 1 0 0 0 0 0 0 0 0 0 0 1 0 0 0 0 0 1 2 0 0 0 0 0 0 0 0 0 0 0 0 0 0 0 0 0 0 0 0 0 0 0 0 0 0 0 0 0 0
61 6 0 6 7 8 9 10 11 13 14 15 17 18 19 20 21 22 24 25 26 27 28 29 30 31 32 33 35 36 37 38 39 42 43 44 45 46 47 48 49 50 51 52 53 54 55 56 57 58 59 60 61 62 63 64 65 66 67 68 69 70 71 1 12 16 23 34 40
6 2 1 12 16 23 34 40 2 41
61 2 0 6 7 8 9 10 11 13 14 15 17 18 19 20 21 22 24 25 26 27 28 29 30 31 32 33 35 36 37 38 39 42 43 44 45 46 47 48 49 50 51 52 53 54 55 56 57 58 59 60 61 62 63 64 65 66 67 68 69 70 71 2 41
2 1 2 41 3
61 1 0 6 7 8 9 10 11 13 14 15 17 18 19 20 21 22 24 25 26 27 28 29 30 31 32 33 35 36 37 38 39 42 43 44 45 46 47 48 49 50 51 52 53 54 55 56 57 58 59 60 61 62 63 64 65 66 67 68 69 70 71 3
2 1 2 41 4
61 1 0 6 7 8 9 10 11 13 14 15 17 18 19 20 21 22 24 25 26 27 28 29 30 31 32 33 35 36 37 38 39 42 43 44 45 46 47 48 49 50 51 52 53 54 55 56 57 58 59 60 61 62 63 64 65 66 67 68 69 70 71 4
0 1 2 3 4 5 0 0 0 0 0 0 1 0 0 0 1 0 0 0 0 0 0 1 0 0 0 0 0 0 0 0 0 0 1 0 0 0 0 0 1 2 0 0 0 0 0 0 0 0 0 0 0 0 0 0 0 0 0 0 0 0 0 0 0 0 0 0 0 0 0 0
