#c 0 1 2 0 1 2 0 1 2 0 1 2 0 1 2 0 1 2 0 1 2 0 1 2 0 1 2 0 1 2 0 1 2 0 1 2 0 1 2 0 1 2 0 1 2 0 1 2 0 1 2 0 1 2 0 1 2 0 1 2 0 1 2 0 1 2 0 1 2 0 1 2 0 1 2 0 1 2 0 1 2 0 1 2 0 1 2 0 1 2 0 1 2 0 1 2
#c 0 1 2 0 1 2 0 1 2 0 1 2 0 1 2 0 1 2 0 1 2 0 1 2 0 1 2 0 1 2 0 1 2 0 1 2 0 1 2 0 1 2 0 1 2 0 1 2 0 1 2 0 1 2 0 1 2 0 1 2 0 1 2 0 1 2 0 1 2 0 1 2 0 1 2 0 1 2 0 1 2 0 1 2 0 1 2 0 1 2 0 1 2 0 1 2
32 32 0 3 6 9 12 15 18 21 24 27 30 33 36 39 42 45 48 51 54 57 60 63 66 69 72 75 78 81 84 87 90 93 1 4 7 10 13 16 19 22 25 28 31 34 37 40 43 46 49 52 55 58 61 64 67 70 73 76 79 82 85 88 91 94
32 32 1 4 7 10 13 16 19 22 25 28 31 34 37 40 43 46 49 52 55 58 61 64 67 70 73 76 79 82 85 88 91 94 2 5 8 11 14 17 20 23 26 29 32 35 38 41 44 47 50 53 56 59 62 65 68 71 74 77 80 83 86 89 92 95
32 32 0 3 6 9 12 15 18 21 24 27 30 33 36 39 42 45 48 51 54 57 60 63 66 69 72 75 78 81 84 87 90 93 2 5 8 11 14 17 20 23 26 29 32 35 38 41 44 47 50 53 56 59 62 65 68 71 74 77 80 83 86 89 92 95
1 1 0 3
1 1 3 6
1 1 6 9
1 1 9 12
1 1 9 15
1 1 9 18
1 1 9 21
1 1 9 24
1 1 9 27
1 1 9 30
1 1 9 33
1 1 9 36
1 1 9 39
1 1 9 42
1 1 9 45
1 1 9 48
1 1 48 51
1 1 48 54
1 1 48 57
1 1 48 60
1 1 60 63
1 1 60 66
1 1 60 69
1 1 60 72
1 1 60 75
1 1 60 78
1 1 60 81
1 1 60 84
1 1 60 87
1 1 60 90
1 1 60 93
# 60 : 0 -> 2
#c 0 1 2 0 1 2 0 1 2 0 1 2 0 1 2 0 1 2 0 1 2 0 1 2 0 1 2 0 1 2 0 1 2 0 1 2 0 1 2 0 1 2 0 1 2 0 1 2 0 1 2 0 1 2 0 1 2 0 1 2 2 1 2 0 1 2 0 1 2 0 1 2 0 1 2 0 1 2 0 1 2 0 1 2 0 1 2 0 1 2 0 1 2 0 1 2
31 32 0 3 6 9 12 15 18 21 24 27 30 33 36 39 42 45 48 51 54 57 63 66 69 72 75 78 81 84 87 90 93 1 4 7 10 13 16 19 22 25 28 31 34 37 40 43 46 49 52 55 58 61 64 67 70 73 76 79 82 85 88 91 94
32 33 1 4 7 10 13 16 19 22 25 28 31 34 37 40 43 46 49 52 55 58 61 64 67 70 73 76 79 82 85 88 91 94 2 5 8 11 14 17 20 23 26 29 32 35 38 41 44 47 50 53 56 59 60 62 65 68 71 74 77 80 83 86 89 92 95
31 33 0 3 6 9 12 15 18 21 24 27 30 33 36 39 42 45 48 51 54 57 63 66 69 72 75 78 81 84 87 90 93 2 5 8 11 14 17 20 23 26 29 32 35 38 41 44 47 50 53 56 59 60 62 65 68 71 74 77 80 83 86 89 92 95
1 1 48 63
1 1 48 66
1 1 48 69
1 1 48 72
1 1 72 75
1 1 72 78
1 1 72 81
1 1 72 84
1 1 72 87
1 1 72 90
1 1 72 93
# 72 : 0 -> 2
#c 0 1 2 0 1 2 0 1 2 0 1 2 0 1 2 0 1 2 0 1 2 0 1 2 0 1 2 0 1 2 0 1 2 0 1 2 0 1 2 0 1 2 0 1 2 0 1 2 0 1 2 0 1 2 0 1 2 0 1 2 2 1 2 0 1 2 0 1 2 0 1 2 2 1 2 0 1 2 0 1 2 0 1 2 0 1 2 0 1 2 0 1 2 0 1 2
30 32 0 3 6 9 12 15 18 21 24 27 30 33 36 39 42 45 48 51 54 57 63 66 69 75 78 81 84 87 90 93 1 4 7 10 13 16 19 22 25 28 31 34 37 40 43 46 49 52 55 58 61 64 67 70 73 76 79 82 85 88 91 94
32 34 1 4 7 10 13 16 19 22 25 28 31 34 37 40 43 46 49 52 55 58 61 64 67 70 73 76 79 82 85 88 91 94 2 5 8 11 14 17 20 23 26 29 32 35 38 41 44 47 50 53 56 59 60 62 65 68 71 72 74 77 80 83 86 89 92 95
30 34 0 3 6 9 12 15 18 21 24 27 30 33 36 39 42 45 48 51 54 57 63 66 69 75 78 81 84 87 90 93 2 5 8 11 14 17 20 23 26 29 32 35 38 41 44 47 50 53 56 59 60 62 65 68 71 72 74 77 80 83 86 89 92 95
1 1 48 75
1 1 48 78
1 1 48 81
1 1 48 84
1 1 48 87
1 1 48 90
1 1 48 93
# 48 : 0 -> 2
#c 0 1 2 0 1 2 0 1 2 0 1 2 0 1 2 0 1 2 0 1 2 0 1 2 0 1 2 0 1 2 0 1 2 0 1 2 0 1 2 0 1 2 0 1 2 0 1 2 2 1 2 0 1 2 0 1 2 0 1 2 2 1 2 0 1 2 0 1 2 0 1 2 2 1 2 0 1 2 0 1 2 0 1 2 0 1 2 0 1 2 0 1 2 0 1 2
29 32 0 3 6 9 12 15 18 21 24 27 30 33 36 39 42 45 51 54 57 63 66 69 75 78 81 84 87 90 93 1 4 7 10 13 16 19 22 25 28 31 34 37 40 43 46 49 52 55 58 61 64 67 70 73 76 79 82 85 88 91 94
32 35 1 4 7 10 13 16 19 22 25 28 31 34 37 40 43 46 49 52 55 58 61 64 67 70 73 76 79 82 85 88 91 94 2 5 8 11 14 17 20 23 26 29 32 35 38 41 44 47 48 50 53 56 59 60 62 65 68 71 72 74 77 80 83 86 89 92 95
29 35 0 3 6 9 12 15 18 21 24 27 30 33 36 39 42 45 51 54 57 63 66 69 75 78 81 84 87 90 93 2 5 8 11 14 17 20 23 26 29 32 35 38 41 44 47 48 50 53 56 59 60 62 65 68 71 72 74 77 80 83 86 89 92 95
1 1 9 51
1 1 9 54
1 1 9 57
1 1 9 63
1 1 9 66
1 1 9 69
1 1 9 75
1 1 9 78
1 1 9 81
1 1 9 84
1 1 9 87
1 1 9 90
1 1 9 93
# 9 : 0 -> 2
#c 0 1 2 0 1 2 0 1 2 2 1 2 0 1 2 0 1 2 0 1 2 0 1 2 0 1 2 0 1 2 0 1 2 0 1 2 0 1 2 0 1 2 0 1 2 0 1 2 2 1 2 0 1 2 0 1 2 0 1 2 2 1 2 0 1 2 0 1 2 0 1 2 2 1 2 0 1 2 0 1 2 0 1 2 0 1 2 0 1 2 0 1 2 0 1 2
28 32 0 3 6 12 15 18 21 24 27 30 33 36 39 42 45 51 54 57 63 66 69 75 78 81 84 87 90 93 1 4 7 10 13 16 19 22 25 28 31 34 37 40 43 46 49 52 55 58 61 64 67 70 73 76 79 82 85 88 91 94
32 36 1 4 7 10 13 16 19 22 25 28 31 34 37 40 43 46 49 52 55 58 61 64 67 70 73 76 79 82 85 88 91 94 2 5 8 9 11 14 17 20 23 26 29 32 35 38 41 44 47 48 50 53 56 59 60 62 65 68 71 72 74 77 80 83 86 89 92 95
28 36 0 3 6 12 15 18 21 24 27 30 33 36 39 42 45 51 54 57 63 66 69 75 78 81 84 87 90 93 2 5 8 9 11 14 17 20 23 26 29 32 35 38 41 44 47 48 50 53 56 59 60 62 65 68 71 72 74 77 80 83 86 89 92 95
1 1 6 12
1 1 12 15
1 1 12 18
1 1 12 21
1 1 12 24
1 1 12 27
1 1 12 30
1 1 12 33
1 1 12 36
1 1 12 39
1 1 12 42
1 1 12 45
1 1 12 51
1 1 12 54
1 1 12 57
1 1 12 63
1 1 12 66
1 1 12 69
1 1 12 75
1 1 12 78
1 1 12 81
1 1 12 84
1 1 12 87
1 1 12 90
1 1 90 93
# 90 : 0 -> 2
#c 0 1 2 0 1 2 0 1 2 2 1 2 0 1 2 0 1 2 0 1 2 0 1 2 0 1 2 0 1 2 0 1 2 0 1 2 0 1 2 0 1 2 0 1 2 0 1 2 2 1 2 0 1 2 0 1 2 0 1 2 2 1 2 0 1 2 0 1 2 0 1 2 2 1 2 0 1 2 0 1 2 0 1 2 0 1 2 0 1 2 2 1 2 0 1 2
27 32 0 3 6 12 15 18 21 24 27 30 33 36 39 42 45 51 54 57 63 66 69 75 78 81 84 87 93 1 4 7 10 13 16 19 22 25 28 31 34 37 40 43 46 49 52 55 58 61 64 67 70 73 76 79 82 85 88 91 94
32 37 1 4 7 10 13 16 19 22 25 28 31 34 37 40 43 46 49 52 55 58 61 64 67 70 73 76 79 82 85 88 91 94 2 5 8 9 11 14 17 20 23 26 29 32 35 38 41 44 47 48 50 53 56 59 60 62 65 68 71 72 74 77 80 83 86 89 90 92 95
27 37 0 3 6 12 15 18 21 24 27 30 33 36 39 42 45 51 54 57 63 66 69 75 78 81 84 87 93 2 5 8 9 11 14 17 20 23 26 29 32 35 38 41 44 47 48 50 53 56 59 60 62 65 68 71 72 74 77 80 83 86 89 90 92 95
1 1 12 93
# 12 : 0 -> 2
#c 0 1 2 0 1 2 0 1 2 2 1 2 2 1 2 0 1 2 0 1 2 0 1 2 0 1 2 0 1 2 0 1 2 0 1 2 0 1 2 0 1 2 0 1 2 0 1 2 2 1 2 0 1 2 0 1 2 0 1 2 2 1 2 0 1 2 0 1 2 0 1 2 2 1 2 0 1 2 0 1 2 0 1 2 0 1 2 0 1 2 2 1 2 0 1 2
26 32 0 3 6 15 18 21 24 27 30 33 36 39 42 45 51 54 57 63 66 69 75 78 81 84 87 93 1 4 7 10 13 16 19 22 25 28 31 34 37 40 43 46 49 52 55 58 61 64 67 70 73 76 79 82 85 88 91 94
32 38 1 4 7 10 13 16 19 22 25 28 31 34 37 40 43 46 49 52 55 58 61 64 67 70 73 76 79 82 85 88 91 94 2 5 8 9 11 12 14 17 20 23 26 29 32 35 38 41 44 47 48 50 53 56 59 60 62 65 68 71 72 74 77 80 83 86 89 90 92 95
26 38 0 3 6 15 18 21 24 27 30 33 36 39 42 45 51 54 57 63 66 69 75 78 81 84 87 93 2 5 8 9 11 12 14 17 20 23 26 29 32 35 38 41 44 47 48 50 53 56 59 60 62 65 68 71 72 74 77 80 83 86 89 90 92 95
1 1 6 15
1 1 6 18
1 1 18 21
1 1 18 24
1 1 18 27
1 1 18 30
1 1 18 33
1 1 18 36
1 1 18 39
1 1 18 42
1 1 18 45
1 1 18 51
1 1 51 54
1 1 51 57
1 1 51 63
1 1 51 66
1 1 51 69
1 1 51 75
1 1 51 78
1 1 51 81
1 1 51 84
1 1 51 87
1 1 51 93
# 93 : 0 -> 2
#c 0 1 2 0 1 2 0 1 2 2 1 2 2 1 2 0 1 2 0 1 2 0 1 2 0 1 2 0 1 2 0 1 2 0 1 2 0 1 2 0 1 2 0 1 2 0 1 2 2 1 2 0 1 2 0 1 2 0 1 2 2 1 2 0 1 2 0 1 2 0 1 2 2 1 2 0 1 2 0 1 2 0 1 2 0 1 2 0 1 2 2 1 2 2 1 2
25 32 0 3 6 15 18 21 24 27 30 33 36 39 42 45 51 54 57 63 66 69 75 78 81 84 87 1 4 7 10 13 16 19 22 25 28 31 34 37 40 43 46 49 52 55 58 61 64 67 70 73 76 79 82 85 88 91 94
32 39 1 4 7 10 13 16 19 22 25 28 31 34 37 40 43 46 49 52 55 58 61 64 67 70 73 76 79 82 85 88 91 94 2 5 8 9 11 12 14 17 20 23 26 29 32 35 38 41 44 47 48 50 53 56 59 60 62 65 68 71 72 74 77 80 83 86 89 90 92 93 95
25 39 0 3 6 15 18 21 24 27 30 33 36 39 42 45 51 54 57 63 66 69 75 78 81 84 87 2 5 8 9 11 12 14 17 20 23 26 29 32 35 38 41 44 47 48 50 53 56 59 60 62 65 68 71 72 74 77 80 83 86 89 90 92 93 95
# 51 : 0 -> 2
#c 0 1 2 0 1 2 0 1 2 2 1 2 2 1 2 0 1 2 0 1 2 0 1 2 0 1 2 0 1 2 0 1 2 0 1 2 0 1 2 0 1 2 0 1 2 0 1 2 2 1 2 2 1 2 0 1 2 0 1 2 2 1 2 0 1 2 0 1 2 0 1 2 2 1 2 0 1 2 0 1 2 0 1 2 0 1 2 0 1 2 2 1 2 2 1 2
24 32 0 3 6 15 18 21 24 27 30 33 36 39 42 45 54 57 63 66 69 75 78 81 84 87 1 4 7 10 13 16 19 22 25 28 31 34 37 40 43 46 49 52 55 58 61 64 67 70 73 76 79 82 85 88 91 94
32 40 1 4 7 10 13 16 19 22 25 28 31 34 37 40 43 46 49 52 55 58 61 64 67 70 73 76 79 82 85 88 91 94 2 5 8 9 11 12 14 17 20 23 26 29 32 35 38 41 44 47 48 50 51 53 56 59 60 62 65 68 71 72 74 77 80 83 86 89 90 92 93 95
24 40 0 3 6 15 18 21 24 27 30 33 36 39 42 45 54 57 63 66 69 75 78 81 84 87 2 5 8 9 11 12 14 17 20 23 26 29 32 35 38 41 44 47 48 50 51 53 56 59 60 62 65 68 71 72 74 77 80 83 86 89 90 92 93 95
1 1 18 54
1 1 18 57
1 1 18 63
1 1 18 66
1 1 18 69
1 1 18 75
1 1 18 78
1 1 18 81
1 1 18 84
1 1 18 87
# 18 : 0 -> 2
#c 0 1 2 0 1 2 0 1 2 2 1 2 2 1 2 0 1 2 2 1 2 0 1 2 0 1 2 0 1 2 0 1 2 0 1 2 0 1 2 0 1 2 0 1 2 0 1 2 2 1 2 2 1 2 0 1 2 0 1 2 2 1 2 0 1 2 0 1 2 0 1 2 2 1 2 0 1 2 0 1 2 0 1 2 0 1 2 0 1 2 2 1 2 2 1 2
23 32 0 3 6 15 21 24 27 30 33 36 39 42 45 54 57 63 66 69 75 78 81 84 87 1 4 7 10 13 16 19 22 25 28 31 34 37 40 43 46 49 52 55 58 61 64 67 70 73 76 79 82 85 88 91 94
32 41 1 4 7 10 13 16 19 22 25 28 31 34 37 40 43 46 49 52 55 58 61 64 67 70 73 76 79 82 85 88 91 94 2 5 8 9 11 12 14 17 18 20 23 26 29 32 35 38 41 44 47 48 50 51 53 56 59 60 62 65 68 71 72 74 77 80 83 86 89 90 92 93 95
23 41 0 3 6 15 21 24 27 30 33 36 39 42 45 54 57 63 66 69 75 78 81 84 87 2 5 8 9 11 12 14 17 18 20 23 26 29 32 35 38 41 44 47 48 50 51 53 56 59 60 62 65 68 71 72 74 77 80 83 86 89 90 92 93 95
1 1 6 21
1 1 6 24
1 1 24 27
1 1 24 30
1 1 24 33
1 1 24 36
1 1 24 39
1 1 24 42
1 1 24 45
1 1 24 54
1 1 24 57
1 1 24 63
1 1 24 66
1 1 24 69
1 1 69 75
1 1 69 78
1 1 78 81
1 1 78 84
1 1 78 87
# 78 : 0 -> 2
#c 0 1 2 0 1 2 0 1 2 2 1 2 2 1 2 0 1 2 2 1 2 0 1 2 0 1 2 0 1 2 0 1 2 0 1 2 0 1 2 0 1 2 0 1 2 0 1 2 2 1 2 2 1 2 0 1 2 0 1 2 2 1 2 0 1 2 0 1 2 0 1 2 2 1 2 0 1 2 2 1 2 0 1 2 0 1 2 0 1 2 2 1 2 2 1 2
22 32 0 3 6 15 21 24 27 30 33 36 39 42 45 54 57 63 66 69 75 81 84 87 1 4 7 10 13 16 19 22 25 28 31 34 37 40 43 46 49 52 55 58 61 64 67 70 73 76 79 82 85 88 91 94
32 42 1 4 7 10 13 16 19 22 25 28 31 34 37 40 43 46 49 52 55 58 61 64 67 70 73 76 79 82 85 88 91 94 2 5 8 9 11 12 14 17 18 20 23 26 29 32 35 38 41 44 47 48 50 51 53 56 59 60 62 65 68 71 72 74 77 78 80 83 86 89 90 92 93 95
22 42 0 3 6 15 21 24 27 30 33 36 39 42 45 54 57 63 66 69 75 81 84 87 2 5 8 9 11 12 14 17 18 20 23 26 29 32 35 38 41 44 47 48 50 51 53 56 59 60 62 65 68 71 72 74 77 78 80 83 86 89 90 92 93 95
1 1 69 81
1 1 69 84
1 1 69 87
# 69 : 0 -> 2
#c 0 1 2 0 1 2 0 1 2 2 1 2 2 1 2 0 1 2 2 1 2 0 1 2 0 1 2 0 1 2 0 1 2 0 1 2 0 1 2 0 1 2 0 1 2 0 1 2 2 1 2 2 1 2 0 1 2 0 1 2 2 1 2 0 1 2 0 1 2 2 1 2 2 1 2 0 1 2 2 1 2 0 1 2 0 1 2 0 1 2 2 1 2 2 1 2
21 32 0 3 6 15 21 24 27 30 33 36 39 42 45 54 57 63 66 75 81 84 87 1 4 7 10 13 16 19 22 25 28 31 34 37 40 43 46 49 52 55 58 61 64 67 70 73 76 79 82 85 88 91 94
32 43 1 4 7 10 13 16 19 22 25 28 31 34 37 40 43 46 49 52 55 58 61 64 67 70 73 76 79 82 85 88 91 94 2 5 8 9 11 12 14 17 18 20 23 26 29 32 35 38 41 44 47 48 50 51 53 56 59 60 62 65 68 69 71 72 74 77 78 80 83 86 89 90 92 93 95
21 43 0 3 6 15 21 24 27 30 33 36 39 42 45 54 57 63 66 75 81 84 87 2 5 8 9 11 12 14 17 18 20 23 26 29 32 35 38 41 44 47 48 50 51 53 56 59 60 62 65 68 69 71 72 74 77 78 80 83 86 89 90 92 93 95
1 1 24 75
1 1 24 81
1 1 24 84
1 1 24 87
# 24 : 0 -> 2
#c 0 1 2 0 1 2 0 1 2 2 1 2 2 1 2 0 1 2 2 1 2 0 1 2 2 1 2 0 1 2 0 1 2 0 1 2 0 1 2 0 1 2 0 1 2 0 1 2 2 1 2 2 1 2 0 1 2 0 1 2 2 1 2 0 1 2 0 1 2 2 1 2 2 1 2 0 1 2 2 1 2 0 1 2 0 1 2 0 1 2 2 1 2 2 1 2
20 32 0 3 6 15 21 27 30 33 36 39 42 45 54 57 63 66 75 81 84 87 1 4 7 10 13 16 19 22 25 28 31 34 37 40 43 46 49 52 55 58 61 64 67 70 73 76 79 82 85 88 91 94
32 44 1 4 7 10 13 16 19 22 25 28 31 34 37 40 43 46 49 52 55 58 61 64 67 70 73 76 79 82 85 88 91 94 2 5 8 9 11 12 14 17 18 20 23 24 26 29 32 35 38 41 44 47 48 50 51 53 56 59 60 62 65 68 69 71 72 74 77 78 80 83 86 89 90 92 93 95
20 44 0 3 6 15 21 27 30 33 36 39 42 45 54 57 63 66 75 81 84 87 2 5 8 9 11 12 14 17 18 20 23 24 26 29 32 35 38 41 44 47 48 50 51 53 56 59 60 62 65 68 69 71 72 74 77 78 80 83 86 89 90 92 93 95
1 1 6 27
1 1 6 30
1 1 6 33
1 1 33 36
1 1 33 39
1 1 33 42
1 1 33 45
1 1 45 54
1 1 45 57
1 1 45 63
1 1 45 66
1 1 45 75
1 1 45 81
1 1 45 84
# 45 : 0 -> 2
0 1 2 0 1 2 0 1 2 2 1 2 2 1 2 0 1 2 2 1 2 0 1 2 2 1 2 0 1 2 0 1 2 0 1 2 0 1 2 0 1 2 0 1 2 2 1 2 2 1 2 2 1 2 0 1 2 0 1 2 2 1 2 0 1 2 0 1 2 2 1 2 2 1 2 0 1 2 2 1 2 0 1 2 0 1 2 0 1 2 2 1 2 2 1 2
#c 0 1 2 0 0 0 0 0 0 0 0 0 0 0 0 0 0 0 0 0 0 0 0 0 0 0 0 0 0 0 0 0 0 0 0 0 0 0 0 0 0 0 0 0 0 0 0 0 0 0 0 0 0 0 0 0 0 0 0 0 0 0 0 0 0 0 0 0 0 0 0 0 0 0 0 0 0 0 0 0 0 0 0 0 0 0 0 0 0 0 0 0 0 0 0 0
#c 0 1 2 0 0 0 0 0 0 0 0 0 0 0 0 0 0 0 0 0 0 0 0 0 0 0 0 0 0 0 0 0 0 0 0 0 0 0 0 0 0 0 0 0 0 0 0 0 0 0 0 0 0 0 0 0 0 0 0 0 0 0 0 0 0 0 0 0 0 0 0 0 0 0 0 0 0 0 0 0 0 0 0 0 0 0 0 0 0 0 0 0 0 0 0 0
94 1 0 3 4 5 6 7 8 9 10 11 12 13 14 15 16 17 18 19 20 21 22 23 24 25 26 27 28 29 30 31 32 33 34 35 36 37 38 39 40 41 42 43 44 45 46 47 48 49 50 51 52 53 54 55 56 57 58 59 60 61 62 63 64 65 66 67 68 69 70 71 72 73 74 75 76 77 78 79 80 81 82 83 84 85 86 87 88 89 90 91 92 93 94 95 1
1 1 1 2
94 1 0 3 4 5 6 7 8 9 10 11 12 13 14 15 16 17 18 19 20 21 22 23 24 25 26 27 28 29 30 31 32 33 34 35 36 37 38 39 40 41 42 43 44 45 46 47 48 49 50 51 52 53 54 55 56 57 58 59 60 61 62 63 64 65 66 67 68 69 70 71 72 73 74 75 76 77 78 79 80 81 82 83 84 85 86 87 88 89 90 91 92 93 94 95 2
1 1 0 3
1 1 3 4
1 1 3 5
1 1 5 6
1 1 5 7
1 1 7 8
1 1 7 9
1 1 9 10
1 1 9 11
1 1 9 12
1 1 9 13
1 1 9 14
1 1 14 15
1 1 14 16
1 1 14 17
1 1 14 18
1 1 14 19
1 1 14 20
1 1 14 21
1 1 14 22
1 1 14 23
1 1 14 24
1 1 14 25
1 1 14 26
1 1 14 27
1 1 14 28
1 1 14 29
1 1 29 30
1 1 29 31
1 1 29 32
1 1 32 33
1 1 32 34
1 1 32 35
1 1 32 36
1 1 32 37
1 1 32 38
1 1 32 39
1 1 32 40
1 1 32 41
1 1 32 42
1 1 32 43
1 1 32 44
1 1 32 45
1 1 32 46
1 1 32 47
1 1 32 48
1 1 32 49
1 1 32 50
1 1 32 51
1 1 32 52
1 1 32 53
1 1 32 54
1 1 32 55
1 1 32 56
1 1 32 57
1 1 32 58
1 1 32 59
1 1 32 60
1 1 32 61
1 1 32 62
1 1 32 63
1 1 32 64
1 1 32 65
1 1 32 66
1 1 32 67
1 1 32 68
1 1 32 69
1 1 32 70
1 1 32 71
1 1 32 72
1 1 32 73
1 1 32 74
1 1 32 75
1 1 32 76
1 1 32 77
1 1 77 78
1 1 77 79
1 1 77 80
1 1 77 81
1 1 77 82
1 1 77 83
1 1 83 84
1 1 83 85
1 1 83 86
1 1 83 87
1 1 83 88
1 1 83 89
1 1 83 90
1 1 83 91
1 1 83 92
1 1 83 93
1 1 83 94
1 1 83 95
# 83 : 0 -> 2
#c 0 1 2 0 0 0 0 0 0 0 0 0 0 0 0 0 0 0 0 0 0 0 0 0 0 0 0 0 0 0 0 0 0 0 0 0 0 0 0 0 0 0 0 0 0 0 0 0 0 0 0 0 0 0 0 0 0 0 0 0 0 0 0 0 0 0 0 0 0 0 0 0 0 0 0 0 0 0 0 0 0 0 0 2 0 0 0 0 0 0 0 0 0 0 0 0
93 1 0 3 4 5 6 7 8 9 10 11 12 13 14 15 16 17 18 19 20 21 22 23 24 25 26 27 28 29 30 31 32 33 34 35 36 37 38 39 40 41 42 43 44 45 46 47 48 49 50 51 52 53 54 55 56 57 58 59 60 61 62 63 64 65 66 67 68 69 70 71 72 73 74 75 76 77 78 79 80 81 82 84 85 86 87 88 89 90 91 92 93 94 95 1
1 2 1 2 83
93 2 0 3 4 5 6 7 8 9 10 11 12 13 14 15 16 17 18 19 20 21 22 23 24 25 26 27 28 29 30 31 32 33 34 35 36 37 38 39 40 41 42 43 44 45 46 47 48 49 50 51 52 53 54 55 56 57 58 59 60 61 62 63 64 65 66 67 68 69 70 71 72 73 74 75 76 77 78 79 80 81 82 84 85 86 87 88 89 90 91 92 93 94 95 2 83
1 1 77 84
1 1 77 85
1 1 77 86
1 1 77 87
1 1 77 88
1 1 77 89
1 1 77 90
1 1 77 91
1 1 77 92
1 1 77 93
1 1 77 94
1 1 77 95
# 77 : 0 -> 2
#c 0 1 2 0 0 0 0 0 0 0 0 0 0 0 0 0 0 0 0 0 0 0 0 0 0 0 0 0 0 0 0 0 0 0 0 0 0 0 0 0 0 0 0 0 0 0 0 0 0 0 0 0 0 0 0 0 0 0 0 0 0 0 0 0 0 0 0 0 0 0 0 0 0 0 0 0 0 2 0 0 0 0 0 2 0 0 0 0 0 0 0 0 0 0 0 0
92 1 0 3 4 5 6 7 8 9 10 11 12 13 14 15 16 17 18 19 20 21 22 23 24 25 26 27 28 29 30 31 32 33 34 35 36 37 38 39 40 41 42 43 44 45 46 47 48 49 50 51 52 53 54 55 56 57 58 59 60 61 62 63 64 65 66 67 68 69 70 71 72 73 74 75 76 78 79 80 81 82 84 85 86 87 88 89 90 91 92 93 94 95 1
1 3 1 2 77 83
92 3 0 3 4 5 6 7 8 9 10 11 12 13 14 15 16 17 18 19 20 21 22 23 24 25 26 27 28 29 30 31 32 33 34 35 36 37 38 39 40 41 42 43 44 45 46 47 48 49 50 51 52 53 54 55 56 57 58 59 60 61 62 63 64 65 66 67 68 69 70 71 72 73 74 75 76 78 79 80 81 82 84 85 86 87 88 89 90 91 92 93 94 95 2 77 83
1 1 32 78
1 1 32 79
1 1 32 80
1 1 32 81
1 1 32 82
1 1 32 84
1 1 32 85
1 1 32 86
1 1 32 87
1 1 32 88
1 1 32 89
1 1 32 90
1 1 32 91
1 1 32 92
1 1 32 93
1 1 32 94
1 1 32 95
# 32 : 0 -> 2
#c 0 1 2 0 0 0 0 0 0 0 0 0 0 0 0 0 0 0 0 0 0 0 0 0 0 0 0 0 0 0 0 0 2 0 0 0 0 0 0 0 0 0 0 0 0 0 0 0 0 0 0 0 0 0 0 0 0 0 0 0 0 0 0 0 0 0 0 0 0 0 0 0 0 0 0 0 0 2 0 0 0 0 0 2 0 0 0 0 0 0 0 0 0 0 0 0
91 1 0 3 4 5 6 7 8 9 10 11 12 13 14 15 16 17 18 19 20 21 22 23 24 25 26 27 28 29 30 31 33 34 35 36 37 38 39 40 41 42 43 44 45 46 47 48 49 50 51 52 53 54 55 56 57 58 59 60 61 62 63 64 65 66 67 68 69 70 71 72 73 74 75 76 78 79 80 81 82 84 85 86 87 88 89 90 91 92 93 94 95 1
1 4 1 2 32 77 83
91 4 0 3 4 5 6 7 8 9 10 11 12 13 14 15 16 17 18 19 20 21 22 23 24 25 26 27 28 29 30 31 33 34 35 36 37 38 39 40 41 42 43 44 45 46 47 48 49 50 51 52 53 54 55 56 57 58 59 60 61 62 63 64 65 66 67 68 69 70 71 72 73 74 75 76 78 79 80 81 82 84 85 86 87 88 89 90 91 92 93 94 95 2 32 77 83
1 1 29 33
1 1 29 34
1 1 29 35
1 1 29 36
1 1 29 37
1 1 29 38
1 1 29 39
1 1 29 40
1 1 29 41
1 1 29 42
1 1 29 43
1 1 29 44
1 1 29 45
1 1 29 46
1 1 29 47
1 1 29 48
1 1 48 49
1 1 48 50
1 1 48 51
1 1 48 52
1 1 48 53
1 1 48 54
1 1 48 55
1 1 48 56
1 1 48 57
1 1 48 58
1 1 48 59
1 1 48 60
1 1 60 61
1 1 60 62
1 1 60 63
1 1 60 64
1 1 60 65
1 1 60 66
1 1 60 67
1 1 60 68
1 1 60 69
1 1 60 70
1 1 60 71
1 1 60 72
1 1 60 73
1 1 60 74
1 1 60 75
1 1 60 76
1 1 60 78
1 1 60 79
1 1 60 80
1 1 60 81
1 1 60 82
1 1 60 84
1 1 60 85
1 1 60 86
1 1 60 87
1 1 60 88
1 1 60 89
1 1 60 90
1 1 60 91
1 1 60 92
1 1 60 93
1 1 60 94
1 1 60 95
# 60 : 0 -> 2
#c 0 1 2 0 0 0 0 0 0 0 0 0 0 0 0 0 0 0 0 0 0 0 0 0 0 0 0 0 0 0 0 0 2 0 0 0 0 0 0 0 0 0 0 0 0 0 0 0 0 0 0 0 0 0 0 0 0 0 0 0 2 0 0 0 0 0 0 0 0 0 0 0 0 0 0 0 0 2 0 0 0 0 0 2 0 0 0 0 0 0 0 0 0 0 0 0
90 1 0 3 4 5 6 7 8 9 10 11 12 13 14 15 16 17 18 19 20 21 22 23 24 25 26 27 28 29 30 31 33 34 35 36 37 38 39 40 41 42 43 44 45 46 47 48 49 50 51 52 53 54 55 56 57 58 59 61 62 63 64 65 66 67 68 69 70 71 72 73 74 75 76 78 79 80 81 82 84 85 86 87 88 89 90 91 92 93 94 95 1
1 5 1 2 32 60 77 83
90 5 0 3 4 5 6 7 8 9 10 11 12 13 14 15 16 17 18 19 20 21 22 23 24 25 26 27 28 29 30 31 33 34 35 36 37 38 39 40 41 42 43 44 45 46 47 48 49 50 51 52 53 54 55 56 57 58 59 61 62 63 64 65 66 67 68 69 70 71 72 73 74 75 76 78 79 80 81 82 84 85 86 87 88 89 90 91 92 93 94 95 2 32 60 77 83
1 1 48 61
1 1 48 62
# 48 : 0 -> 2
0 1 2 0 0 0 0 0 0 0 0 0 0 0 0 0 0 0 0 0 0 0 0 0 0 0 0 0 0 0 0 0 2 0 0 0 0 0 0 0 0 0 0 0 0 0 0 0 2 0 0 0 0 0 0 0 0 0 0 0 2 0 0 0 0 0 0 0 0 0 0 0 0 0 0 0 0 2 0 0 0 0 0 2 0 0 0 0 0 0 0 0 0 0 0 0
