#c 0 1 2 3 4 5 0 1 2 3 4 5 0 1 2 3 4 5 0 1 2 3 4 5 0 1 2 3 4 5 0 1 2 3 4 5 0 1 2 3 4 5 0 1 2 3 4 5 0 1 2 3 4 5 0 1 2
#c 0 1 2 3 4 5 0 1 2 3 4 5 0 1 2 3 4 5 0 1 2 3 4 5 0 1 2 3 4 5 0 1 2 3 4 5 0 1 2 3 4 5 0 1 2 3 4 5 0 1 2 3 4 5 0 1 2
10 10 0 6 12 18 24 30 36 42 48 54 1 7 13 19 25 31 37 43 49 55
10 10 0 6 12 18 24 30 36 42 48 54 2 8 14 20 26 32 38 44 50 56
10 10 1 7 13 19 25 31 37 43 49 55 2 8 14 20 26 32 38 44 50 56
10 9 0 6 12 18 24 30 36 42 48 54 3 9 15 21 27 33 39 45 51
10 9 1 7 13 19 25 31 37 43 49 55 3 9 15 21 27 33 39 45 51
9 9 3 9 15 21 27 33 39 45 51 4 10 16 22 28 34 40 46 52
10 9 1 7 13 19 25 31 37 43 49 55 4 10 16 22 28 34 40 46 52
9 9 3 9 15 21 27 33 39 45 51 5 11 17 23 29 35 41 47 53
9 9 4 10 16 22 28 34 40 46 52 5 11 17 23 29 35 41 47 53
1 1 5 11
1 1 11 17
1 1 17 23
1 1 23 29
1 1 23 35
1 1 23 41
1 1 23 47
1 1 23 53
# 23 : 5 -> 3
#c 0 1 2 3 4 5 0 1 2 3 4 5 0 1 2 3 4 5 0 1 2 3 4 3 0 1 2 3 4 5 0 1 2 3 4 5 0 1 2 3 4 5 0 1 2 3 4 5 0 1 2 3 4 5 0 1 2
10 10 0 6 12 18 24 30 36 42 48 54 3 9 15 21 23 27 33 39 45 51
10 10 1 7 13 19 25 31 37 43 49 55 3 9 15 21 23 27 33 39 45 51
10 9 3 9 15 21 23 27 33 39 45 51 4 10 16 22 28 34 40 46 52
10 8 3 9 15 21 23 27 33 39 45 51 5 11 17 29 35 41 47 53
9 8 4 10 16 22 28 34 40 46 52 5 11 17 29 35 41 47 53
1 1 17 29
1 1 17 35
1 1 17 41
1 1 17 47
1 1 17 53
# 17 : 5 -> 3
#c 0 1 2 3 4 5 0 1 2 3 4 5 0 1 2 3 4 3 0 1 2 3 4 3 0 1 2 3 4 5 0 1 2 3 4 5 0 1 2 3 4 5 0 1 2 3 4 5 0 1 2 3 4 5 0 1 2
10 11 0 6 12 18 24 30 36 42 48 54 3 9 15 17 21 23 27 33 39 45 51
10 11 1 7 13 19 25 31 37 43 49 55 3 9 15 17 21 23 27 33 39 45 51
10 9 0 6 12 18 24 30 36 42 48 54 4 10 16 22 28 34 40 46 52
10 7 0 6 12 18 24 30 36 42 48 54 5 11 29 35 41 47 53
9 7 4 10 16 22 28 34 40 46 52 5 11 29 35 41 47 53
1 1 11 29
1 1 11 35
1 1 35 41
1 1 41 47
1 1 41 53
# 41 : 5 -> 0
#c 0 1 2 3 4 5 0 1 2 3 4 5 0 1 2 3 4 3 0 1 2 3 4 3 0 1 2 3 4 5 0 1 2 3 4 5 0 1 2 3 4 0 0 1 2 3 4 5 0 1 2 3 4 5 0 1 2
11 10 0 6 12 18 24 30 36 41 42 48 54 1 7 13 19 25 31 37 43 49 55
11 10 0 6 12 18 24 30 36 41 42 48 54 2 8 14 20 26 32 38 44 50 56
10 11 2 8 14 20 26 32 38 44 50 56 3 9 15 17 21 23 27 33 39 45 51
10 9 2 8 14 20 26 32 38 44 50 56 4 10 16 22 28 34 40 46 52
10 6 2 8 14 20 26 32 38 44 50 56 5 11 29 35 47 53
9 6 4 10 16 22 28 34 40 46 52 5 11 29 35 47 53
1 1 35 47
1 1 35 53
# 53 : 5 -> 2
#c 0 1 2 3 4 5 0 1 2 3 4 5 0 1 2 3 4 3 0 1 2 3 4 3 0 1 2 3 4 5 0 1 2 3 4 5 0 1 2 3 4 0 0 1 2 3 4 5 0 1 2 3 4 2 0 1 2
11 11 0 6 12 18 24 30 36 41 42 48 54 2 8 14 20 26 32 38 44 50 53 56
10 11 1 7 13 19 25 31 37 43 49 55 2 8 14 20 26 32 38 44 50 53 56
11 11 0 6 12 18 24 30 36 41 42 48 54 3 9 15 17 21 23 27 33 39 45 51
11 9 3 9 15 17 21 23 27 33 39 45 51 4 10 16 22 28 34 40 46 52
11 5 3 9 15 17 21 23 27 33 39 45 51 5 11 29 35 47
9 5 4 10 16 22 28 34 40 46 52 5 11 29 35 47
# 35 : 5 -> 3
#c 0 1 2 3 4 5 0 1 2 3 4 5 0 1 2 3 4 3 0 1 2 3 4 3 0 1 2 3 4 5 0 1 2 3 4 3 0 1 2 3 4 0 0 1 2 3 4 5 0 1 2 3 4 2 0 1 2
11 12 0 6 12 18 24 30 36 41 42 48 54 3 9 15 17 21 23 27 33 35 39 45 51
10 12 1 7 13 19 25 31 37 43 49 55 3 9 15 17 21 23 27 33 35 39 45 51
11 9 0 6 12 18 24 30 36 41 42 48 54 4 10 16 22 28 34 40 46 52
12 9 3 9 15 17 21 23 27 33 35 39 45 51 4 10 16 22 28 34 40 46 52
11 4 0 6 12 18 24 30 36 41 42 48 54 5 11 29 47
9 4 4 10 16 22 28 34 40 46 52 5 11 29 47
1 1 11 47
# 11 : 5 -> 0
#c 0 1 2 3 4 5 0 1 2 3 4 0 0 1 2 3 4 3 0 1 2 3 4 3 0 1 2 3 4 5 0 1 2 3 4 3 0 1 2 3 4 0 0 1 2 3 4 5 0 1 2 3 4 2 0 1 2
12 10 0 6 11 12 18 24 30 36 41 42 48 54 1 7 13 19 25 31 37 43 49 55
12 11 0 6 11 12 18 24 30 36 41 42 48 54 2 8 14 20 26 32 38 44 50 53 56
11 12 2 8 14 20 26 32 38 44 50 53 56 3 9 15 17 21 23 27 33 35 39 45 51
12 12 0 6 11 12 18 24 30 36 41 42 48 54 3 9 15 17 21 23 27 33 35 39 45 51
11 9 2 8 14 20 26 32 38 44 50 53 56 4 10 16 22 28 34 40 46 52
12 9 0 6 11 12 18 24 30 36 41 42 48 54 4 10 16 22 28 34 40 46 52
11 3 2 8 14 20 26 32 38 44 50 53 56 5 29 47
12 3 0 6 11 12 18 24 30 36 41 42 48 54 5 29 47
1 1 5 29
1 1 5 47
# 5 : 5 -> 2
#c 0 1 2 3 4 2 0 1 2 3 4 0 0 1 2 3 4 3 0 1 2 3 4 3 0 1 2 3 4 5 0 1 2 3 4 3 0 1 2 3 4 0 0 1 2 3 4 5 0 1 2 3 4 2 0 1 2
10 12 1 7 13 19 25 31 37 43 49 55 2 5 8 14 20 26 32 38 44 50 53 56
12 12 0 6 11 12 18 24 30 36 41 42 48 54 2 5 8 14 20 26 32 38 44 50 53 56
12 12 2 5 8 14 20 26 32 38 44 50 53 56 3 9 15 17 21 23 27 33 35 39 45 51
12 9 2 5 8 14 20 26 32 38 44 50 53 56 4 10 16 22 28 34 40 46 52
10 2 1 7 13 19 25 31 37 43 49 55 29 47
12 2 2 5 8 14 20 26 32 38 44 50 53 56 29 47
1 1 2 5
1 1 2 8
1 1 2 14
1 1 2 20
1 1 2 26
1 1 26 32
1 1 26 38
1 1 26 44
1 1 26 50
1 1 26 53
1 1 26 56
# 26 : 2 -> 5
#c 0 1 2 3 4 2 0 1 2 3 4 0 0 1 2 3 4 3 0 1 2 3 4 3 0 1 5 3 4 5 0 1 2 3 4 3 0 1 2 3 4 0 0 1 2 3 4 5 0 1 2 3 4 2 0 1 2
10 11 1 7 13 19 25 31 37 43 49 55 2 5 8 14 20 32 38 44 50 53 56
12 11 0 6 11 12 18 24 30 36 41 42 48 54 2 5 8 14 20 32 38 44 50 53 56
11 12 2 5 8 14 20 32 38 44 50 53 56 3 9 15 17 21 23 27 33 35 39 45 51
11 9 2 5 8 14 20 32 38 44 50 53 56 4 10 16 22 28 34 40 46 52
10 3 1 7 13 19 25 31 37 43 49 55 26 29 47
11 3 2 5 8 14 20 32 38 44 50 53 56 26 29 47
1 1 2 32
1 1 32 38
1 1 32 44
1 1 32 50
1 1 50 53
1 1 50 56
# 50 : 2 -> 5
#c 0 1 2 3 4 2 0 1 2 3 4 0 0 1 2 3 4 3 0 1 2 3 4 3 0 1 5 3 4 5 0 1 2 3 4 3 0 1 2 3 4 0 0 1 2 3 4 5 0 1 5 3 4 2 0 1 2
10 10 1 7 13 19 25 31 37 43 49 55 2 5 8 14 20 32 38 44 53 56
12 10 0 6 11 12 18 24 30 36 41 42 48 54 2 5 8 14 20 32 38 44 53 56
10 12 2 5 8 14 20 32 38 44 53 56 3 9 15 17 21 23 27 33 35 39 45 51
10 9 2 5 8 14 20 32 38 44 53 56 4 10 16 22 28 34 40 46 52
10 4 1 7 13 19 25 31 37 43 49 55 26 29 47 50
10 4 2 5 8 14 20 32 38 44 53 56 26 29 47 50
1 1 32 53
1 1 32 56
# 32 : 2 -> 5
#c 0 1 2 3 4 2 0 1 2 3 4 0 0 1 2 3 4 3 0 1 2 3 4 3 0 1 5 3 4 5 0 1 5 3 4 3 0 1 2 3 4 0 0 1 2 3 4 5 0 1 5 3 4 2 0 1 2
10 9 1 7 13 19 25 31 37 43 49 55 2 5 8 14 20 38 44 53 56
12 9 0 6 11 12 18 24 30 36 41 42 48 54 2 5 8 14 20 38 44 53 56
9 12 2 5 8 14 20 38 44 53 56 3 9 15 17 21 23 27 33 35 39 45 51
9 9 2 5 8 14 20 38 44 53 56 4 10 16 22 28 34 40 46 52
10 5 1 7 13 19 25 31 37 43 49 55 26 29 32 47 50
9 5 2 5 8 14 20 38 44 53 56 26 29 32 47 50
1 1 2 38
1 1 2 44
1 1 44 53
1 1 44 56
# 44 : 2 -> 1
#c 0 1 2 3 4 2 0 1 2 3 4 0 0 1 2 3 4 3 0 1 2 3 4 3 0 1 5 3 4 5 0 1 5 3 4 3 0 1 2 3 4 0 0 1 1 3 4 5 0 1 5 3 4 2 0 1 2
12 11 0 6 11 12 18 24 30 36 41 42 48 54 1 7 13 19 25 31 37 43 44 49 55
11 8 1 7 13 19 25 31 37 43 44 49 55 2 5 8 14 20 38 53 56
12 8 0 6 11 12 18 24 30 36 41 42 48 54 2 5 8 14 20 38 53 56
11 12 1 7 13 19 25 31 37 43 44 49 55 3 9 15 17 21 23 27 33 35 39 45 51
8 12 2 5 8 14 20 38 53 56 3 9 15 17 21 23 27 33 35 39 45 51
11 9 1 7 13 19 25 31 37 43 44 49 55 4 10 16 22 28 34 40 46 52
8 9 2 5 8 14 20 38 53 56 4 10 16 22 28 34 40 46 52
11 5 1 7 13 19 25 31 37 43 44 49 55 26 29 32 47 50
8 5 2 5 8 14 20 38 53 56 26 29 32 47 50
1 1 2 53
1 1 2 56
# 2 : 2 -> 5
#c 0 1 5 3 4 2 0 1 2 3 4 0 0 1 2 3 4 3 0 1 2 3 4 3 0 1 5 3 4 5 0 1 5 3 4 3 0 1 2 3 4 0 0 1 1 3 4 5 0 1 5 3 4 2 0 1 2
11 7 1 7 13 19 25 31 37 43 44 49 55 5 8 14 20 38 53 56
12 7 0 6 11 12 18 24 30 36 41 42 48 54 5 8 14 20 38 53 56
11 6 1 7 13 19 25 31 37 43 44 49 55 2 26 29 32 47 50
12 6 0 6 11 12 18 24 30 36 41 42 48 54 2 26 29 32 47 50
1 1 0 6
1 1 0 11
1 1 0 12
1 1 12 18
1 1 12 24
1 1 12 30
1 1 12 36
1 1 36 41
1 1 36 42
1 1 36 48
1 1 48 54
# 48 : 0 -> 1
#c 0 1 5 3 4 2 0 1 2 3 4 0 0 1 2 3 4 3 0 1 2 3 4 3 0 1 5 3 4 5 0 1 5 3 4 3 0 1 2 3 4 0 0 1 1 3 4 5 1 1 5 3 4 2 0 1 2
11 12 0 6 11 12 18 24 30 36 41 42 54 1 7 13 19 25 31 37 43 44 48 49 55
12 7 1 7 13 19 25 31 37 43 44 48 49 55 5 8 14 20 38 53 56
11 7 0 6 11 12 18 24 30 36 41 42 54 5 8 14 20 38 53 56
12 12 1 7 13 19 25 31 37 43 44 48 49 55 3 9 15 17 21 23 27 33 35 39 45 51
11 12 0 6 11 12 18 24 30 36 41 42 54 3 9 15 17 21 23 27 33 35 39 45 51
12 9 1 7 13 19 25 31 37 43 44 48 49 55 4 10 16 22 28 34 40 46 52
11 9 0 6 11 12 18 24 30 36 41 42 54 4 10 16 22 28 34 40 46 52
12 6 1 7 13 19 25 31 37 43 44 48 49 55 2 26 29 32 47 50
11 6 0 6 11 12 18 24 30 36 41 42 54 2 26 29 32 47 50
1 1 36 54
# 54 : 0 -> 1
#c 0 1 5 3 4 2 0 1 2 3 4 0 0 1 2 3 4 3 0 1 2 3 4 3 0 1 5 3 4 5 0 1 5 3 4 3 0 1 2 3 4 0 0 1 1 3 4 5 1 1 5 3 4 2 1 1 2
10 13 0 6 11 12 18 24 30 36 41 42 1 7 13 19 25 31 37 43 44 48 49 54 55
13 7 1 7 13 19 25 31 37 43 44 48 49 54 55 5 8 14 20 38 53 56
10 7 0 6 11 12 18 24 30 36 41 42 5 8 14 20 38 53 56
13 12 1 7 13 19 25 31 37 43 44 48 49 54 55 3 9 15 17 21 23 27 33 35 39 45 51
10 12 0 6 11 12 18 24 30 36 41 42 3 9 15 17 21 23 27 33 35 39 45 51
10 9 0 6 11 12 18 24 30 36 41 42 4 10 16 22 28 34 40 46 52
12 6 3 9 15 17 21 23 27 33 35 39 45 51 2 26 29 32 47 50
10 6 0 6 11 12 18 24 30 36 41 42 2 26 29 32 47 50
# 36 : 0 -> 3
#c 0 1 5 3 4 2 0 1 2 3 4 0 0 1 2 3 4 3 0 1 2 3 4 3 0 1 5 3 4 5 0 1 5 3 4 3 3 1 2 3 4 0 0 1 1 3 4 5 1 1 5 3 4 2 1 1 2
9 13 0 6 11 12 18 24 30 41 42 1 7 13 19 25 31 37 43 44 48 49 54 55
9 7 0 6 11 12 18 24 30 41 42 5 8 14 20 38 53 56
13 13 1 7 13 19 25 31 37 43 44 48 49 54 55 3 9 15 17 21 23 27 33 35 36 39 45 51
7 13 5 8 14 20 38 53 56 3 9 15 17 21 23 27 33 35 36 39 45 51
13 9 1 7 13 19 25 31 37 43 44 48 49 54 55 4 10 16 22 28 34 40 46 52
7 9 5 8 14 20 38 53 56 4 10 16 22 28 34 40 46 52
13 6 1 7 13 19 25 31 37 43 44 48 49 54 55 2 26 29 32 47 50
7 6 5 8 14 20 38 53 56 2 26 29 32 47 50
1 1 5 8
1 1 8 14
1 1 14 20
1 1 14 38
1 1 14 53
1 1 14 56
# 14 : 2 -> 1
#c 0 1 5 3 4 2 0 1 2 3 4 0 0 1 1 3 4 3 0 1 2 3 4 3 0 1 5 3 4 5 0 1 5 3 4 3 3 1 2 3 4 0 0 1 1 3 4 5 1 1 5 3 4 2 1 1 2
9 14 0 6 11 12 18 24 30 41 42 1 7 13 14 19 25 31 37 43 44 48 49 54 55
9 6 0 6 11 12 18 24 30 41 42 5 8 20 38 53 56
14 6 1 7 13 14 19 25 31 37 43 44 48 49 54 55 5 8 20 38 53 56
6 13 5 8 20 38 53 56 3 9 15 17 21 23 27 33 35 36 39 45 51
14 13 1 7 13 14 19 25 31 37 43 44 48 49 54 55 3 9 15 17 21 23 27 33 35 36 39 45 51
6 9 5 8 20 38 53 56 4 10 16 22 28 34 40 46 52
14 9 1 7 13 14 19 25 31 37 43 44 48 49 54 55 4 10 16 22 28 34 40 46 52
6 6 5 8 20 38 53 56 2 26 29 32 47 50
14 6 1 7 13 14 19 25 31 37 43 44 48 49 54 55 2 26 29 32 47 50
1 1 1 7
1 1 7 13
1 1 7 14
1 1 7 19
1 1 7 25
1 1 7 31
1 1 7 37
1 1 7 43
1 1 7 44
1 1 7 48
1 1 48 49
1 1 48 55
# 48 : 1 -> 2
#c 0 1 5 3 4 2 0 1 2 3 4 0 0 1 1 3 4 3 0 1 2 3 4 3 0 1 5 3 4 5 0 1 5 3 4 3 3 1 2 3 4 0 0 1 1 3 4 5 2 1 5 3 4 2 1 1 2
9 13 0 6 11 12 18 24 30 41 42 1 7 13 14 19 25 31 37 43 44 49 54 55
9 7 0 6 11 12 18 24 30 41 42 5 8 20 38 48 53 56
13 7 1 7 13 14 19 25 31 37 43 44 49 54 55 5 8 20 38 48 53 56
7 13 5 8 20 38 48 53 56 3 9 15 17 21 23 27 33 35 36 39 45 51
13 13 1 7 13 14 19 25 31 37 43 44 49 54 55 3 9 15 17 21 23 27 33 35 36 39 45 51
7 9 5 8 20 38 48 53 56 4 10 16 22 28 34 40 46 52
13 9 1 7 13 14 19 25 31 37 43 44 49 54 55 4 10 16 22 28 34 40 46 52
7 6 5 8 20 38 48 53 56 2 26 29 32 47 50
13 6 1 7 13 14 19 25 31 37 43 44 49 54 55 2 26 29 32 47 50
1 1 7 49
1 1 7 54
1 1 7 55
# 7 : 1 -> 2
#c 0 1 5 3 4 2 0 2 2 3 4 0 0 1 1 3 4 3 0 1 2 3 4 3 0 1 5 3 4 5 0 1 5 3 4 3 3 1 2 3 4 0 0 1 1 3 4 5 2 1 5 3 4 2 1 1 2
9 12 0 6 11 12 18 24 30 41 42 1 13 14 19 25 31 37 43 44 49 54 55
9 8 0 6 11 12 18 24 30 41 42 5 7 8 20 38 48 53 56
12 8 1 13 14 19 25 31 37 43 44 49 54 55 5 7 8 20 38 48 53 56
8 13 5 7 8 20 38 48 53 56 3 9 15 17 21 23 27 33 35 36 39 45 51
12 13 1 13 14 19 25 31 37 43 44 49 54 55 3 9 15 17 21 23 27 33 35 36 39 45 51
8 9 5 7 8 20 38 48 53 56 4 10 16 22 28 34 40 46 52
12 9 1 13 14 19 25 31 37 43 44 49 54 55 4 10 16 22 28 34 40 46 52
8 6 5 7 8 20 38 48 53 56 2 26 29 32 47 50
12 6 1 13 14 19 25 31 37 43 44 49 54 55 2 26 29 32 47 50
1 1 1 13
1 1 1 14
1 1 1 19
1 1 1 25
1 1 25 31
1 1 31 37
1 1 31 43
1 1 31 44
1 1 31 49
1 1 31 54
1 1 54 55
# 55 : 1 -> 2
#c 0 1 5 3 4 2 0 2 2 3 4 0 0 1 1 3 4 3 0 1 2 3 4 3 0 1 5 3 4 5 0 1 5 3 4 3 3 1 2 3 4 0 0 1 1 3 4 5 2 1 5 3 4 2 1 2 2
9 11 0 6 11 12 18 24 30 41 42 1 13 14 19 25 31 37 43 44 49 54
11 9 1 13 14 19 25 31 37 43 44 49 54 5 7 8 20 38 48 53 55 56
9 9 0 6 11 12 18 24 30 41 42 5 7 8 20 38 48 53 55 56
9 13 5 7 8 20 38 48 53 55 56 3 9 15 17 21 23 27 33 35 36 39 45 51
9 13 0 6 11 12 18 24 30 41 42 3 9 15 17 21 23 27 33 35 36 39 45 51
9 9 5 7 8 20 38 48 53 55 56 4 10 16 22 28 34 40 46 52
13 9 3 9 15 17 21 23 27 33 35 36 39 45 51 4 10 16 22 28 34 40 46 52
9 6 4 10 16 22 28 34 40 46 52 2 26 29 32 47 50
13 6 3 9 15 17 21 23 27 33 35 36 39 45 51 2 26 29 32 47 50
1 1 3 9
1 1 3 15
1 1 3 17
1 1 3 21
1 1 3 23
1 1 3 27
1 1 3 33
1 1 33 35
1 1 33 36
1 1 33 39
1 1 33 45
1 1 33 51
# 33 : 3 -> 5
#c 0 1 5 3 4 2 0 2 2 3 4 0 0 1 1 3 4 3 0 1 2 3 4 3 0 1 5 3 4 5 0 1 5 5 4 3 3 1 2 3 4 0 0 1 1 3 4 5 2 1 5 3 4 2 1 2 2
9 12 5 7 8 20 38 48 53 55 56 3 9 15 17 21 23 27 35 36 39 45 51
9 12 0 6 11 12 18 24 30 41 42 3 9 15 17 21 23 27 35 36 39 45 51
9 9 0 6 11 12 18 24 30 41 42 4 10 16 22 28 34 40 46 52
9 7 4 10 16 22 28 34 40 46 52 2 26 29 32 33 47 50
9 7 0 6 11 12 18 24 30 41 42 2 26 29 32 33 47 50
1 1 12 41
1 1 12 42
# 12 : 0 -> 4
#c 0 1 5 3 4 2 0 2 2 3 4 0 4 1 1 3 4 3 0 1 2 3 4 3 0 1 5 3 4 5 0 1 5 5 4 3 3 1 2 3 4 0 0 1 1 3 4 5 2 1 5 3 4 2 1 2 2
8 11 0 6 11 18 24 30 41 42 1 13 14 19 25 31 37 43 44 49 54
8 9 0 6 11 18 24 30 41 42 5 7 8 20 38 48 53 55 56
8 12 0 6 11 18 24 30 41 42 3 9 15 17 21 23 27 35 36 39 45 51
11 12 1 13 14 19 25 31 37 43 44 49 54 3 9 15 17 21 23 27 35 36 39 45 51
8 10 0 6 11 18 24 30 41 42 4 10 12 16 22 28 34 40 46 52
12 10 3 9 15 17 21 23 27 35 36 39 45 51 4 10 12 16 22 28 34 40 46 52
8 7 0 6 11 18 24 30 41 42 2 26 29 32 33 47 50
10 7 4 10 12 16 22 28 34 40 46 52 2 26 29 32 33 47 50
1 1 4 10
1 1 4 12
1 1 4 16
1 1 4 22
1 1 4 28
1 1 4 34
1 1 4 40
1 1 4 46
1 1 4 52
# 4 : 4 -> 0
#c 0 1 5 3 0 2 0 2 2 3 4 0 4 1 1 3 4 3 0 1 2 3 4 3 0 1 5 3 4 5 0 1 5 5 4 3 3 1 2 3 4 0 0 1 1 3 4 5 2 1 5 3 4 2 1 2 2
9 11 0 4 6 11 18 24 30 41 42 1 13 14 19 25 31 37 43 44 49 54
9 9 0 4 6 11 18 24 30 41 42 5 7 8 20 38 48 53 55 56
9 12 0 4 6 11 18 24 30 41 42 3 9 15 17 21 23 27 35 36 39 45 51
9 9 0 4 6 11 18 24 30 41 42 10 12 16 22 28 34 40 46 52
12 9 3 9 15 17 21 23 27 35 36 39 45 51 10 12 16 22 28 34 40 46 52
9 7 0 4 6 11 18 24 30 41 42 2 26 29 32 33 47 50
9 7 10 12 16 22 28 34 40 46 52 2 26 29 32 33 47 50
1 1 10 12
1 1 12 16
1 1 12 22
1 1 12 28
1 1 28 34
1 1 28 40
1 1 28 46
1 1 46 52
# 46 : 4 -> 0
#c 0 1 5 3 0 2 0 2 2 3 4 0 4 1 1 3 4 3 0 1 2 3 4 3 0 1 5 3 4 5 0 1 5 5 4 3 3 1 2 3 4 0 0 1 1 3 0 5 2 1 5 3 4 2 1 2 2
10 11 0 4 6 11 18 24 30 41 42 46 1 13 14 19 25 31 37 43 44 49 54
10 9 0 4 6 11 18 24 30 41 42 46 5 7 8 20 38 48 53 55 56
10 12 0 4 6 11 18 24 30 41 42 46 3 9 15 17 21 23 27 35 36 39 45 51
10 8 0 4 6 11 18 24 30 41 42 46 10 12 16 22 28 34 40 52
12 8 3 9 15 17 21 23 27 35 36 39 45 51 10 12 16 22 28 34 40 52
10 7 0 4 6 11 18 24 30 41 42 46 2 26 29 32 33 47 50
12 7 3 9 15 17 21 23 27 35 36 39 45 51 2 26 29 32 33 47 50
1 1 3 35
1 1 3 36
1 1 3 39
1 1 3 45
1 1 3 51
# 3 : 3 -> 5
#c 0 1 5 5 0 2 0 2 2 3 4 0 4 1 1 3 4 3 0 1 2 3 4 3 0 1 5 3 4 5 0 1 5 5 4 3 3 1 2 3 4 0 0 1 1 3 0 5 2 1 5 3 4 2 1 2 2
10 11 0 4 6 11 18 24 30 41 42 46 9 15 17 21 23 27 35 36 39 45 51
11 11 1 13 14 19 25 31 37 43 44 49 54 9 15 17 21 23 27 35 36 39 45 51
11 8 1 13 14 19 25 31 37 43 44 49 54 10 12 16 22 28 34 40 52
10 8 0 4 6 11 18 24 30 41 42 46 2 3 26 29 32 33 47 50
11 8 1 13 14 19 25 31 37 43 44 49 54 2 3 26 29 32 33 47 50
# 54 : 1 -> 0
#c 0 1 5 5 0 2 0 2 2 3 4 0 4 1 1 3 4 3 0 1 2 3 4 3 0 1 5 3 4 5 0 1 5 5 4 3 3 1 2 3 4 0 0 1 1 3 0 5 2 1 5 3 4 2 0 2 2
11 10 0 4 6 11 18 24 30 41 42 46 54 1 13 14 19 25 31 37 43 44 49
10 9 1 13 14 19 25 31 37 43 44 49 5 7 8 20 38 48 53 55 56
11 9 0 4 6 11 18 24 30 41 42 46 54 5 7 8 20 38 48 53 55 56
10 11 1 13 14 19 25 31 37 43 44 49 9 15 17 21 23 27 35 36 39 45 51
11 11 0 4 6 11 18 24 30 41 42 46 54 9 15 17 21 23 27 35 36 39 45 51
10 8 1 13 14 19 25 31 37 43 44 49 10 12 16 22 28 34 40 52
11 8 0 4 6 11 18 24 30 41 42 46 54 10 12 16 22 28 34 40 52
10 8 1 13 14 19 25 31 37 43 44 49 2 3 26 29 32 33 47 50
11 8 0 4 6 11 18 24 30 41 42 46 54 2 3 26 29 32 33 47 50
1 1 0 4
1 1 4 6
1 1 4 11
1 1 4 18
1 1 4 24
1 1 4 30
1 1 4 41
1 1 4 42
1 1 4 54
# 4 : 0 -> 1
#c 0 1 5 5 1 2 0 2 2 3 4 0 4 1 1 3 4 3 0 1 2 3 4 3 0 1 5 3 4 5 0 1 5 5 4 3 3 1 2 3 4 0 0 1 1 3 0 5 2 1 5 3 4 2 0 2 2
10 11 0 6 11 18 24 30 41 42 46 54 1 4 13 14 19 25 31 37 43 44 49
11 9 1 4 13 14 19 25 31 37 43 44 49 5 7 8 20 38 48 53 55 56
10 9 0 6 11 18 24 30 41 42 46 54 5 7 8 20 38 48 53 55 56
11 11 1 4 13 14 19 25 31 37 43 44 49 9 15 17 21 23 27 35 36 39 45 51
10 11 0 6 11 18 24 30 41 42 46 54 9 15 17 21 23 27 35 36 39 45 51
11 8 1 4 13 14 19 25 31 37 43 44 49 10 12 16 22 28 34 40 52
10 8 0 6 11 18 24 30 41 42 46 54 10 12 16 22 28 34 40 52
11 8 1 4 13 14 19 25 31 37 43 44 49 2 3 26 29 32 33 47 50
10 8 0 6 11 18 24 30 41 42 46 54 2 3 26 29 32 33 47 50
1 1 0 18
1 1 0 24
1 1 24 30
1 1 30 41
1 1 30 42
1 1 30 46
1 1 46 54
# 46 : 0 -> 1
#c 0 1 5 5 1 2 0 2 2 3 4 0 4 1 1 3 4 3 0 1 2 3 4 3 0 1 5 3 4 5 0 1 5 5 4 3 3 1 2 3 4 0 0 1 1 3 1 5 2 1 5 3 4 2 0 2 2
9 12 0 6 11 18 24 30 41 42 54 1 4 13 14 19 25 31 37 43 44 46 49
9 9 0 6 11 18 24 30 41 42 54 5 7 8 20 38 48 53 55 56
12 9 1 4 13 14 19 25 31 37 43 44 46 49 5 7 8 20 38 48 53 55 56
9 11 0 6 11 18 24 30 41 42 54 9 15 17 21 23 27 35 36 39 45 51
12 11 1 4 13 14 19 25 31 37 43 44 46 49 9 15 17 21 23 27 35 36 39 45 51
9 8 0 6 11 18 24 30 41 42 54 10 12 16 22 28 34 40 52
12 8 1 4 13 14 19 25 31 37 43 44 46 49 10 12 16 22 28 34 40 52
9 8 0 6 11 18 24 30 41 42 54 2 3 26 29 32 33 47 50
12 8 1 4 13 14 19 25 31 37 43 44 46 49 2 3 26 29 32 33 47 50
1 1 1 4
1 1 4 13
1 1 4 14
1 1 4 19
1 1 4 25
1 1 4 31
1 1 4 37
1 1 4 43
1 1 4 44
1 1 4 49
# 4 : 1 -> 0
#c 0 1 5 5 0 2 0 2 2 3 4 0 4 1 1 3 4 3 0 1 2 3 4 3 0 1 5 3 4 5 0 1 5 5 4 3 3 1 2 3 4 0 0 1 1 3 1 5 2 1 5 3 4 2 0 2 2
10 11 0 4 6 11 18 24 30 41 42 54 1 13 14 19 25 31 37 43 44 46 49
10 9 0 4 6 11 18 24 30 41 42 54 5 7 8 20 38 48 53 55 56
11 9 1 13 14 19 25 31 37 43 44 46 49 5 7 8 20 38 48 53 55 56
10 11 0 4 6 11 18 24 30 41 42 54 9 15 17 21 23 27 35 36 39 45 51
11 11 1 13 14 19 25 31 37 43 44 46 49 9 15 17 21 23 27 35 36 39 45 51
11 8 9 15 17 21 23 27 35 36 39 45 51 10 12 16 22 28 34 40 52
11 8 1 13 14 19 25 31 37 43 44 46 49 10 12 16 22 28 34 40 52
11 8 9 15 17 21 23 27 35 36 39 45 51 2 3 26 29 32 33 47 50
11 8 1 13 14 19 25 31 37 43 44 46 49 2 3 26 29 32 33 47 50
1 1 31 46
1 1 46 49
# 46 : 1 -> 5
#c 0 1 5 5 0 2 0 2 2 3 4 0 4 1 1 3 4 3 0 1 2 3 4 3 0 1 5 3 4 5 0 1 5 5 4 3 3 1 2 3 4 0 0 1 1 3 5 5 2 1 5 3 4 2 0 2 2
10 10 0 4 6 11 18 24 30 41 42 54 1 13 14 19 25 31 37 43 44 49
9 11 5 7 8 20 38 48 53 55 56 9 15 17 21 23 27 35 36 39 45 51
9 8 5 7 8 20 38 48 53 55 56 10 12 16 22 28 34 40 52
10 9 1 13 14 19 25 31 37 43 44 49 2 3 26 29 32 33 46 47 50
8 9 10 12 16 22 28 34 40 52 2 3 26 29 32 33 46 47 50
1 1 2 3
1 1 3 26
1 1 3 29
1 1 3 32
1 1 33 46
1 1 33 47
1 1 33 50
# 33 : 5 -> 1
#c 0 1 5 5 0 2 0 2 2 3 4 0 4 1 1 3 4 3 0 1 2 3 4 3 0 1 5 3 4 5 0 1 5 1 4 3 3 1 2 3 4 0 0 1 1 3 5 5 2 1 5 3 4 2 0 2 2
10 11 0 4 6 11 18 24 30 41 42 54 1 13 14 19 25 31 33 37 43 44 49
11 9 1 13 14 19 25 31 33 37 43 44 49 5 7 8 20 38 48 53 55 56
11 11 1 13 14 19 25 31 33 37 43 44 49 9 15 17 21 23 27 35 36 39 45 51
11 8 1 13 14 19 25 31 33 37 43 44 49 10 12 16 22 28 34 40 52
11 8 1 13 14 19 25 31 33 37 43 44 49 2 3 26 29 32 46 47 50
8 8 10 12 16 22 28 34 40 52 2 3 26 29 32 46 47 50
1 1 3 46
1 1 3 47
1 1 3 50
# 3 : 5 -> 1
#c 0 1 5 1 0 2 0 2 2 3 4 0 4 1 1 3 4 3 0 1 2 3 4 3 0 1 5 3 4 5 0 1 5 1 4 3 3 1 2 3 4 0 0 1 1 3 5 5 2 1 5 3 4 2 0 2 2
10 12 0 4 6 11 18 24 30 41 42 54 1 3 13 14 19 25 31 33 37 43 44 49
12 9 1 3 13 14 19 25 31 33 37 43 44 49 5 7 8 20 38 48 53 55 56
12 11 1 3 13 14 19 25 31 33 37 43 44 49 9 15 17 21 23 27 35 36 39 45 51
11 7 9 15 17 21 23 27 35 36 39 45 51 2 26 29 32 46 47 50
8 7 10 12 16 22 28 34 40 52 2 26 29 32 46 47 50
1 1 28 52
# 28 : 4 -> 3
#c 0 1 5 1 0 2 0 2 2 3 4 0 4 1 1 3 4 3 0 1 2 3 4 3 0 1 5 3 3 5 0 1 5 1 4 3 3 1 2 3 4 0 0 1 1 3 5 5 2 1 5 3 4 2 0 2 2
12 12 1 3 13 14 19 25 31 33 37 43 44 49 9 15 17 21 23 27 28 35 36 39 45 51
9 12 5 7 8 20 38 48 53 55 56 9 15 17 21 23 27 28 35 36 39 45 51
0 1 5 1 0 2 0 2 2 3 4 0 4 1 1 3 4 3 0 1 2 3 4 3 0 1 5 3 4 5 0 1 5 1 4 3 3 1 2 3 4 0 0 1 1 3 5 5 2 1 5 3 4 2 0 2 2
#c 0 1 2 3 4 5 0 0 0 0 0 0 0 0 0 0 0 0 0 0 0 0 0 0 0 0 0 0 0 0 0 0 0 0 0 0 0 0 0 0 0 0 0 0 0 0 0 0 0 0 0 0 0 0 0 0 0
#c 0 1 2 3 4 5 0 0 0 0 0 0 0 0 0 0 0 0 0 0 0 0 0 0 0 0 0 0 0 0 0 0 0 0 0 0 0 0 0 0 0 0 0 0 0 0 0 0 0 0 0 0 0 0 0 0 0
52 1 0 6 7 8 9 10 11 12 13 14 15 16 17 18 19 20 21 22 23 24 25 26 27 28 29 30 31 32 33 34 35 36 37 38 39 40 41 42 43 44 45 46 47 48 49 50 51 52 53 54 55 56 1
1 1 1 2
52 1 0 6 7 8 9 10 11 12 13 14 15 16 17 18 19 20 21 22 23 24 25 26 27 28 29 30 31 32 33 34 35 36 37 38 39 40 41 42 43 44 45 46 47 48 49 50 51 52 53 54 55 56 2
1 1 1 3
52 1 0 6 7 8 9 10 11 12 13 14 15 16 17 18 19 20 21 22 23 24 25 26 27 28 29 30 31 32 33 34 35 36 37 38 39 40 41 42 43 44 45 46 47 48 49 50 51 52 53 54 55 56 3
1 1 3 4
52 1 0 6 7 8 9 10 11 12 13 14 15 16 17 18 19 20 21 22 23 24 25 26 27 28 29 30 31 32 33 34 35 36 37 38 39 40 41 42 43 44 45 46 47 48 49 50 51 52 53 54 55 56 4
1 1 4 5
52 1 0 6 7 8 9 10 11 12 13 14 15 16 17 18 19 20 21 22 23 24 25 26 27 28 29 30 31 32 33 34 35 36 37 38 39 40 41 42 43 44 45 46 47 48 49 50 51 52 53 54 55 56 5
1 1 0 6
1 1 0 7
1 1 7 8
1 1 7 9
1 1 7 10
1 1 7 11
1 1 7 12
1 1 7 13
1 1 7 14
1 1 7 15
1 1 7 16
1 1 7 17
1 1 7 18
1 1 7 19
1 1 7 20
1 1 7 21
1 1 7 22
1 1 7 23
1 1 7 24
1 1 7 25
1 1 7 26
1 1 7 27
1 1 7 28
1 1 7 29
1 1 7 30
1 1 7 31
1 1 7 32
1 1 7 33
1 1 33 34
1 1 33 35
1 1 33 36
1 1 33 37
1 1 33 38
1 1 33 39
1 1 33 40
1 1 33 41
1 1 33 42
1 1 33 43
1 1 33 44
1 1 33 45
1 1 33 46
1 1 33 47
1 1 33 48
1 1 33 49
1 1 33 50
1 1 33 51
1 1 33 52
1 1 33 53
1 1 33 54
1 1 33 55
1 1 33 56
# 33 : 0 -> 4
#c 0 1 2 3 4 5 0 0 0 0 0 0 0 0 0 0 0 0 0 0 0 0 0 0 0 0 0 0 0 0 0 0 0 4 0 0 0 0 0 0 0 0 0 0 0 0 0 0 0 0 0 0 0 0 0 0 0
51 1 0 6 7 8 9 10 11 12 13 14 15 16 17 18 19 20 21 22 23 24 25 26 27 28 29 30 31 32 34 35 36 37 38 39 40 41 42 43 44 45 46 47 48 49 50 51 52 53 54 55 56 1
51 1 0 6 7 8 9 10 11 12 13 14 15 16 17 18 19 20 21 22 23 24 25 26 27 28 29 30 31 32 34 35 36 37 38 39 40 41 42 43 44 45 46 47 48 49 50 51 52 53 54 55 56 2
51 1 0 6 7 8 9 10 11 12 13 14 15 16 17 18 19 20 21 22 23 24 25 26 27 28 29 30 31 32 34 35 36 37 38 39 40 41 42 43 44 45 46 47 48 49 50 51 52 53 54 55 56 3
1 2 3 4 33
51 2 0 6 7 8 9 10 11 12 13 14 15 16 17 18 19 20 21 22 23 24 25 26 27 28 29 30 31 32 34 35 36 37 38 39 40 41 42 43 44 45 46 47 48 49 50 51 52 53 54 55 56 4 33
2 1 4 33 5
51 1 0 6 7 8 9 10 11 12 13 14 15 16 17 18 19 20 21 22 23 24 25 26 27 28 29 30 31 32 34 35 36 37 38 39 40 41 42 43 44 45 46 47 48 49 50 51 52 53 54 55 56 5
1 1 7 34
1 1 7 35
1 1 7 36
1 1 7 37
1 1 7 38
1 1 7 39
1 1 7 40
1 1 7 41
1 1 7 42
1 1 7 43
1 1 7 44
1 1 7 45
1 1 7 46
1 1 46 47
1 1 46 48
1 1 48 49
1 1 48 50
1 1 48 51
1 1 48 52
1 1 48 53
1 1 48 54
1 1 48 55
1 1 48 56
# 48 : 0 -> 4
#c 0 1 2 3 4 5 0 0 0 0 0 0 0 0 0 0 0 0 0 0 0 0 0 0 0 0 0 0 0 0 0 0 0 4 0 0 0 0 0 0 0 0 0 0 0 0 0 0 4 0 0 0 0 0 0 0 0
50 1 0 6 7 8 9 10 11 12 13 14 15 16 17 18 19 20 21 22 23 24 25 26 27 28 29 30 31 32 34 35 36 37 38 39 40 41 42 43 44 45 46 47 49 50 51 52 53 54 55 56 1
50 1 0 6 7 8 9 10 11 12 13 14 15 16 17 18 19 20 21 22 23 24 25 26 27 28 29 30 31 32 34 35 36 37 38 39 40 41 42 43 44 45 46 47 49 50 51 52 53 54 55 56 2
50 1 0 6 7 8 9 10 11 12 13 14 15 16 17 18 19 20 21 22 23 24 25 26 27 28 29 30 31 32 34 35 36 37 38 39 40 41 42 43 44 45 46 47 49 50 51 52 53 54 55 56 3
1 3 3 4 33 48
50 3 0 6 7 8 9 10 11 12 13 14 15 16 17 18 19 20 21 22 23 24 25 26 27 28 29 30 31 32 34 35 36 37 38 39 40 41 42 43 44 45 46 47 49 50 51 52 53 54 55 56 4 33 48
3 1 4 33 48 5
50 1 0 6 7 8 9 10 11 12 13 14 15 16 17 18 19 20 21 22 23 24 25 26 27 28 29 30 31 32 34 35 36 37 38 39 40 41 42 43 44 45 46 47 49 50 51 52 53 54 55 56 5
1 1 46 49
1 1 46 50
1 1 46 51
1 1 46 52
1 1 46 53
1 1 46 54
1 1 46 55
1 1 46 56
# 46 : 0 -> 4
#c 0 1 2 3 4 5 0 0 0 0 0 0 0 0 0 0 0 0 0 0 0 0 0 0 0 0 0 0 0 0 0 0 0 4 0 0 0 0 0 0 0 0 0 0 0 0 4 0 4 0 0 0 0 0 0 0 0
49 1 0 6 7 8 9 10 11 12 13 14 15 16 17 18 19 20 21 22 23 24 25 26 27 28 29 30 31 32 34 35 36 37 38 39 40 41 42 43 44 45 47 49 50 51 52 53 54 55 56 1
49 1 0 6 7 8 9 10 11 12 13 14 15 16 17 18 19 20 21 22 23 24 25 26 27 28 29 30 31 32 34 35 36 37 38 39 40 41 42 43 44 45 47 49 50 51 52 53 54 55 56 2
49 1 0 6 7 8 9 10 11 12 13 14 15 16 17 18 19 20 21 22 23 24 25 26 27 28 29 30 31 32 34 35 36 37 38 39 40 41 42 43 44 45 47 49 50 51 52 53 54 55 56 3
1 4 3 4 33 46 48
49 4 0 6 7 8 9 10 11 12 13 14 15 16 17 18 19 20 21 22 23 24 25 26 27 28 29 30 31 32 34 35 36 37 38 39 40 41 42 43 44 45 47 49 50 51 52 53 54 55 56 4 33 46 48
1 1 3 5
49 1 0 6 7 8 9 10 11 12 13 14 15 16 17 18 19 20 21 22 23 24 25 26 27 28 29 30 31 32 34 35 36 37 38 39 40 41 42 43 44 45 47 49 50 51 52 53 54 55 56 5
1 1 7 47
1 1 7 49
1 1 7 50
1 1 7 51
1 1 7 52
1 1 7 53
1 1 7 54
1 1 7 55
1 1 7 56
# 7 : 0 -> 3
#c 0 1 2 3 4 5 0 3 0 0 0 0 0 0 0 0 0 0 0 0 0 0 0 0 0 0 0 0 0 0 0 0 0 4 0 0 0 0 0 0 0 0 0 0 0 0 4 0 4 0 0 0 0 0 0 0 0
48 1 0 6 8 9 10 11 12 13 14 15 16 17 18 19 20 21 22 23 24 25 26 27 28 29 30 31 32 34 35 36 37 38 39 40 41 42 43 44 45 47 49 50 51 52 53 54 55 56 1
48 1 0 6 8 9 10 11 12 13 14 15 16 17 18 19 20 21 22 23 24 25 26 27 28 29 30 31 32 34 35 36 37 38 39 40 41 42 43 44 45 47 49 50 51 52 53 54 55 56 2
1 2 1 3 7
48 2 0 6 8 9 10 11 12 13 14 15 16 17 18 19 20 21 22 23 24 25 26 27 28 29 30 31 32 34 35 36 37 38 39 40 41 42 43 44 45 47 49 50 51 52 53 54 55 56 3 7
2 4 3 7 4 33 46 48
48 4 0 6 8 9 10 11 12 13 14 15 16 17 18 19 20 21 22 23 24 25 26 27 28 29 30 31 32 34 35 36 37 38 39 40 41 42 43 44 45 47 49 50 51 52 53 54 55 56 4 33 46 48
4 1 4 33 46 48 5
48 1 0 6 8 9 10 11 12 13 14 15 16 17 18 19 20 21 22 23 24 25 26 27 28 29 30 31 32 34 35 36 37 38 39 40 41 42 43 44 45 47 49 50 51 52 53 54 55 56 5
1 1 0 8
1 1 0 9
1 1 9 10
1 1 9 11
1 1 9 12
1 1 9 13
1 1 9 14
1 1 9 15
1 1 15 16
1 1 15 17
1 1 15 18
1 1 15 19
1 1 15 20
1 1 15 21
1 1 15 22
1 1 15 23
1 1 15 24
1 1 15 25
1 1 15 26
1 1 15 27
1 1 15 28
1 1 15 29
1 1 15 30
1 1 15 31
1 1 15 32
1 1 15 34
1 1 15 35
1 1 15 36
1 1 15 37
1 1 15 38
1 1 15 39
1 1 15 40
1 1 15 41
1 1 15 42
1 1 15 43
1 1 15 44
1 1 15 45
1 1 15 47
1 1 15 49
1 1 15 50
1 1 15 51
1 1 15 52
1 1 15 53
1 1 15 54
1 1 15 55
1 1 15 56
# 15 : 0 -> 4
#c 0 1 2 3 4 5 0 3 0 0 0 0 0 0 0 4 0 0 0 0 0 0 0 0 0 0 0 0 0 0 0 0 0 4 0 0 0 0 0 0 0 0 0 0 0 0 4 0 4 0 0 0 0 0 0 0 0
47 1 0 6 8 9 10 11 12 13 14 16 17 18 19 20 21 22 23 24 25 26 27 28 29 30 31 32 34 35 36 37 38 39 40 41 42 43 44 45 47 49 50 51 52 53 54 55 56 1
47 1 0 6 8 9 10 11 12 13 14 16 17 18 19 20 21 22 23 24 25 26 27 28 29 30 31 32 34 35 36 37 38 39 40 41 42 43 44 45 47 49 50 51 52 53 54 55 56 2
47 2 0 6 8 9 10 11 12 13 14 16 17 18 19 20 21 22 23 24 25 26 27 28 29 30 31 32 34 35 36 37 38 39 40 41 42 43 44 45 47 49 50 51 52 53 54 55 56 3 7
2 5 3 7 4 15 33 46 48
47 5 0 6 8 9 10 11 12 13 14 16 17 18 19 20 21 22 23 24 25 26 27 28 29 30 31 32 34 35 36 37 38 39 40 41 42 43 44 45 47 49 50 51 52 53 54 55 56 4 15 33 46 48
2 1 3 7 5
47 1 0 6 8 9 10 11 12 13 14 16 17 18 19 20 21 22 23 24 25 26 27 28 29 30 31 32 34 35 36 37 38 39 40 41 42 43 44 45 47 49 50 51 52 53 54 55 56 5
1 1 9 16
1 1 9 17
1 1 9 18
1 1 9 19
1 1 9 20
1 1 9 21
1 1 9 22
1 1 9 23
1 1 9 24
1 1 9 25
1 1 9 26
1 1 26 27
1 1 26 28
1 1 26 29
1 1 26 30
1 1 26 31
1 1 26 32
1 1 26 34
1 1 26 35
1 1 26 36
1 1 26 37
1 1 26 38
1 1 26 39
1 1 26 40
1 1 26 41
1 1 26 42
1 1 26 43
1 1 26 44
1 1 26 45
1 1 26 47
1 1 26 49
1 1 26 50
1 1 26 51
1 1 26 52
1 1 26 53
1 1 26 54
1 1 26 55
1 1 55 56
# 55 : 0 -> 3
#c 0 1 2 3 4 5 0 3 0 0 0 0 0 0 0 4 0 0 0 0 0 0 0 0 0 0 0 0 0 0 0 0 0 4 0 0 0 0 0 0 0 0 0 0 0 0 4 0 4 0 0 0 0 0 0 3 0
46 1 0 6 8 9 10 11 12 13 14 16 17 18 19 20 21 22 23 24 25 26 27 28 29 30 31 32 34 35 36 37 38 39 40 41 42 43 44 45 47 49 50 51 52 53 54 56 1
46 1 0 6 8 9 10 11 12 13 14 16 17 18 19 20 21 22 23 24 25 26 27 28 29 30 31 32 34 35 36 37 38 39 40 41 42 43 44 45 47 49 50 51 52 53 54 56 2
1 3 1 3 7 55
46 3 0 6 8 9 10 11 12 13 14 16 17 18 19 20 21 22 23 24 25 26 27 28 29 30 31 32 34 35 36 37 38 39 40 41 42 43 44 45 47 49 50 51 52 53 54 56 3 7 55
3 5 3 7 55 4 15 33 46 48
46 5 0 6 8 9 10 11 12 13 14 16 17 18 19 20 21 22 23 24 25 26 27 28 29 30 31 32 34 35 36 37 38 39 40 41 42 43 44 45 47 49 50 51 52 53 54 56 4 15 33 46 48
5 1 4 15 33 46 48 5
46 1 0 6 8 9 10 11 12 13 14 16 17 18 19 20 21 22 23 24 25 26 27 28 29 30 31 32 34 35 36 37 38 39 40 41 42 43 44 45 47 49 50 51 52 53 54 56 5
1 1 26 56
# 26 : 0 -> 4
#c 0 1 2 3 4 5 0 3 0 0 0 0 0 0 0 4 0 0 0 0 0 0 0 0 0 0 4 0 0 0 0 0 0 4 0 0 0 0 0 0 0 0 0 0 0 0 4 0 4 0 0 0 0 0 0 3 0
45 1 0 6 8 9 10 11 12 13 14 16 17 18 19 20 21 22 23 24 25 27 28 29 30 31 32 34 35 36 37 38 39 40 41 42 43 44 45 47 49 50 51 52 53 54 56 1
45 1 0 6 8 9 10 11 12 13 14 16 17 18 19 20 21 22 23 24 25 27 28 29 30 31 32 34 35 36 37 38 39 40 41 42 43 44 45 47 49 50 51 52 53 54 56 2
45 3 0 6 8 9 10 11 12 13 14 16 17 18 19 20 21 22 23 24 25 27 28 29 30 31 32 34 35 36 37 38 39 40 41 42 43 44 45 47 49 50 51 52 53 54 56 3 7 55
3 6 3 7 55 4 15 26 33 46 48
45 6 0 6 8 9 10 11 12 13 14 16 17 18 19 20 21 22 23 24 25 27 28 29 30 31 32 34 35 36 37 38 39 40 41 42 43 44 45 47 49 50 51 52 53 54 56 4 15 26 33 46 48
3 1 3 7 55 5
45 1 0 6 8 9 10 11 12 13 14 16 17 18 19 20 21 22 23 24 25 27 28 29 30 31 32 34 35 36 37 38 39 40 41 42 43 44 45 47 49 50 51 52 53 54 56 5
1 1 9 27
1 1 9 28
1 1 28 29
1 1 28 30
1 1 28 31
1 1 28 32
1 1 28 34
1 1 28 35
1 1 28 36
1 1 28 37
1 1 28 38
1 1 28 39
1 1 28 40
1 1 28 41
1 1 28 42
1 1 28 43
1 1 28 44
1 1 28 45
1 1 28 47
1 1 28 49
1 1 28 50
1 1 28 51
1 1 28 52
1 1 28 53
1 1 28 54
1 1 54 56
# 54 : 0 -> 3
#c 0 1 2 3 4 5 0 3 0 0 0 0 0 0 0 4 0 0 0 0 0 0 0 0 0 0 4 0 0 0 0 0 0 4 0 0 0 0 0 0 0 0 0 0 0 0 4 0 4 0 0 0 0 0 3 3 0
44 1 0 6 8 9 10 11 12 13 14 16 17 18 19 20 21 22 23 24 25 27 28 29 30 31 32 34 35 36 37 38 39 40 41 42 43 44 45 47 49 50 51 52 53 56 1
44 1 0 6 8 9 10 11 12 13 14 16 17 18 19 20 21 22 23 24 25 27 28 29 30 31 32 34 35 36 37 38 39 40 41 42 43 44 45 47 49 50 51 52 53 56 2
1 4 1 3 7 54 55
44 4 0 6 8 9 10 11 12 13 14 16 17 18 19 20 21 22 23 24 25 27 28 29 30 31 32 34 35 36 37 38 39 40 41 42 43 44 45 47 49 50 51 52 53 56 3 7 54 55
1 6 1 4 15 26 33 46 48
44 6 0 6 8 9 10 11 12 13 14 16 17 18 19 20 21 22 23 24 25 27 28 29 30 31 32 34 35 36 37 38 39 40 41 42 43 44 45 47 49 50 51 52 53 56 4 15 26 33 46 48
1 1 1 5
44 1 0 6 8 9 10 11 12 13 14 16 17 18 19 20 21 22 23 24 25 27 28 29 30 31 32 34 35 36 37 38 39 40 41 42 43 44 45 47 49 50 51 52 53 56 5
1 1 28 56
# 28 : 0 -> 1
#c 0 1 2 3 4 5 0 3 0 0 0 0 0 0 0 4 0 0 0 0 0 0 0 0 0 0 4 0 1 0 0 0 0 4 0 0 0 0 0 0 0 0 0 0 0 0 4 0 4 0 0 0 0 0 3 3 0
43 2 0 6 8 9 10 11 12 13 14 16 17 18 19 20 21 22 23 24 25 27 29 30 31 32 34 35 36 37 38 39 40 41 42 43 44 45 47 49 50 51 52 53 56 1 28
2 1 1 28 2
43 1 0 6 8 9 10 11 12 13 14 16 17 18 19 20 21 22 23 24 25 27 29 30 31 32 34 35 36 37 38 39 40 41 42 43 44 45 47 49 50 51 52 53 56 2
1 4 2 3 7 54 55
43 4 0 6 8 9 10 11 12 13 14 16 17 18 19 20 21 22 23 24 25 27 29 30 31 32 34 35 36 37 38 39 40 41 42 43 44 45 47 49 50 51 52 53 56 3 7 54 55
1 6 2 4 15 26 33 46 48
43 6 0 6 8 9 10 11 12 13 14 16 17 18 19 20 21 22 23 24 25 27 29 30 31 32 34 35 36 37 38 39 40 41 42 43 44 45 47 49 50 51 52 53 56 4 15 26 33 46 48
6 1 4 15 26 33 46 48 5
43 1 0 6 8 9 10 11 12 13 14 16 17 18 19 20 21 22 23 24 25 27 29 30 31 32 34 35 36 37 38 39 40 41 42 43 44 45 47 49 50 51 52 53 56 5
1 1 9 29
1 1 9 30
1 1 9 31
1 1 9 32
1 1 9 34
1 1 9 35
1 1 9 36
1 1 9 37
1 1 9 38
1 1 9 39
1 1 9 40
1 1 9 41
1 1 9 42
1 1 9 43
1 1 9 44
1 1 9 45
1 1 9 47
1 1 9 49
1 1 9 50
1 1 50 51
1 1 50 52
1 1 50 53
1 1 50 56
# 50 : 0 -> 4
#c 0 1 2 3 4 5 0 3 0 0 0 0 0 0 0 4 0 0 0 0 0 0 0 0 0 0 4 0 1 0 0 0 0 4 0 0 0 0 0 0 0 0 0 0 0 0 4 0 4 0 4 0 0 0 3 3 0
42 2 0 6 8 9 10 11 12 13 14 16 17 18 19 20 21 22 23 24 25 27 29 30 31 32 34 35 36 37 38 39 40 41 42 43 44 45 47 49 51 52 53 56 1 28
42 1 0 6 8 9 10 11 12 13 14 16 17 18 19 20 21 22 23 24 25 27 29 30 31 32 34 35 36 37 38 39 40 41 42 43 44 45 47 49 51 52 53 56 2
42 4 0 6 8 9 10 11 12 13 14 16 17 18 19 20 21 22 23 24 25 27 29 30 31 32 34 35 36 37 38 39 40 41 42 43 44 45 47 49 51 52 53 56 3 7 54 55
1 7 2 4 15 26 33 46 48 50
42 7 0 6 8 9 10 11 12 13 14 16 17 18 19 20 21 22 23 24 25 27 29 30 31 32 34 35 36 37 38 39 40 41 42 43 44 45 47 49 51 52 53 56 4 15 26 33 46 48 50
1 1 2 5
42 1 0 6 8 9 10 11 12 13 14 16 17 18 19 20 21 22 23 24 25 27 29 30 31 32 34 35 36 37 38 39 40 41 42 43 44 45 47 49 51 52 53 56 5
1 1 9 51
1 1 9 52
1 1 9 53
1 1 9 56
# 9 : 0 -> 2
#c 0 1 2 3 4 5 0 3 0 2 0 0 0 0 0 4 0 0 0 0 0 0 0 0 0 0 4 0 1 0 0 0 0 4 0 0 0 0 0 0 0 0 0 0 0 0 4 0 4 0 4 0 0 0 3 3 0
41 2 0 6 8 10 11 12 13 14 16 17 18 19 20 21 22 23 24 25 27 29 30 31 32 34 35 36 37 38 39 40 41 42 43 44 45 47 49 51 52 53 56 1 28
2 2 1 28 2 9
41 2 0 6 8 10 11 12 13 14 16 17 18 19 20 21 22 23 24 25 27 29 30 31 32 34 35 36 37 38 39 40 41 42 43 44 45 47 49 51 52 53 56 2 9
2 4 1 28 3 7 54 55
41 4 0 6 8 10 11 12 13 14 16 17 18 19 20 21 22 23 24 25 27 29 30 31 32 34 35 36 37 38 39 40 41 42 43 44 45 47 49 51 52 53 56 3 7 54 55
4 7 3 7 54 55 4 15 26 33 46 48 50
41 7 0 6 8 10 11 12 13 14 16 17 18 19 20 21 22 23 24 25 27 29 30 31 32 34 35 36 37 38 39 40 41 42 43 44 45 47 49 51 52 53 56 4 15 26 33 46 48 50
4 1 3 7 54 55 5
41 1 0 6 8 10 11 12 13 14 16 17 18 19 20 21 22 23 24 25 27 29 30 31 32 34 35 36 37 38 39 40 41 42 43 44 45 47 49 51 52 53 56 5
1 1 0 10
1 1 0 11
1 1 0 12
1 1 12 13
1 1 12 14
1 1 12 16
1 1 12 17
1 1 12 18
1 1 12 19
1 1 12 20
1 1 12 21
1 1 12 22
1 1 12 23
1 1 12 24
1 1 12 25
1 1 12 27
1 1 27 29
1 1 27 30
1 1 27 31
1 1 27 32
1 1 32 34
1 1 32 35
1 1 32 36
1 1 32 37
1 1 32 38
1 1 32 39
1 1 32 40
1 1 32 41
1 1 32 42
1 1 32 43
1 1 32 44
1 1 32 45
1 1 32 47
1 1 32 49
1 1 32 51
1 1 32 52
1 1 32 53
1 1 32 56
# 32 : 0 -> 3
#c 0 1 2 3 4 5 0 3 0 2 0 0 0 0 0 4 0 0 0 0 0 0 0 0 0 0 4 0 1 0 0 0 3 4 0 0 0 0 0 0 0 0 0 0 0 0 4 0 4 0 4 0 0 0 3 3 0
40 2 0 6 8 10 11 12 13 14 16 17 18 19 20 21 22 23 24 25 27 29 30 31 34 35 36 37 38 39 40 41 42 43 44 45 47 49 51 52 53 56 1 28
40 2 0 6 8 10 11 12 13 14 16 17 18 19 20 21 22 23 24 25 27 29 30 31 34 35 36 37 38 39 40 41 42 43 44 45 47 49 51 52 53 56 2 9
2 5 1 28 3 7 32 54 55
40 5 0 6 8 10 11 12 13 14 16 17 18 19 20 21 22 23 24 25 27 29 30 31 34 35 36 37 38 39 40 41 42 43 44 45 47 49 51 52 53 56 3 7 32 54 55
2 7 1 28 4 15 26 33 46 48 50
40 7 0 6 8 10 11 12 13 14 16 17 18 19 20 21 22 23 24 25 27 29 30 31 34 35 36 37 38 39 40 41 42 43 44 45 47 49 51 52 53 56 4 15 26 33 46 48 50
2 1 1 28 5
40 1 0 6 8 10 11 12 13 14 16 17 18 19 20 21 22 23 24 25 27 29 30 31 34 35 36 37 38 39 40 41 42 43 44 45 47 49 51 52 53 56 5
1 1 27 34
1 1 27 35
1 1 27 36
1 1 36 37
1 1 36 38
1 1 36 39
1 1 36 40
1 1 40 41
1 1 40 42
1 1 40 43
1 1 40 44
1 1 40 45
1 1 45 47
1 1 45 49
1 1 45 51
1 1 45 52
1 1 45 53
1 1 45 56
# 45 : 0 -> 1
#c 0 1 2 3 4 5 0 3 0 2 0 0 0 0 0 4 0 0 0 0 0 0 0 0 0 0 4 0 1 0 0 0 3 4 0 0 0 0 0 0 0 0 0 0 0 1 4 0 4 0 4 0 0 0 3 3 0
39 3 0 6 8 10 11 12 13 14 16 17 18 19 20 21 22 23 24 25 27 29 30 31 34 35 36 37 38 39 40 41 42 43 44 47 49 51 52 53 56 1 28 45
3 2 1 28 45 2 9
39 2 0 6 8 10 11 12 13 14 16 17 18 19 20 21 22 23 24 25 27 29 30 31 34 35 36 37 38 39 40 41 42 43 44 47 49 51 52 53 56 2 9
2 5 2 9 3 7 32 54 55
39 5 0 6 8 10 11 12 13 14 16 17 18 19 20 21 22 23 24 25 27 29 30 31 34 35 36 37 38 39 40 41 42 43 44 47 49 51 52 53 56 3 7 32 54 55
2 7 2 9 4 15 26 33 46 48 50
39 7 0 6 8 10 11 12 13 14 16 17 18 19 20 21 22 23 24 25 27 29 30 31 34 35 36 37 38 39 40 41 42 43 44 47 49 51 52 53 56 4 15 26 33 46 48 50
7 1 4 15 26 33 46 48 50 5
39 1 0 6 8 10 11 12 13 14 16 17 18 19 20 21 22 23 24 25 27 29 30 31 34 35 36 37 38 39 40 41 42 43 44 47 49 51 52 53 56 5
0 1 2 3 4 5 0 3 0 2 0 0 0 0 0 4 0 0 0 0 0 0 0 0 0 0 4 0 1 0 0 0 3 4 0 0 0 0 0 0 0 0 0 0 0 1 4 0 4 0 4 0 0 0 3 3 0
