#c 0 1 2 3 4 5 6 7 8 9 0 1 2 3 4 5 6 7 8 9 0 1 2 3 4 5 6 7 8 9 0 1 2 3 4 5 6 7 8 9 0 1 2 3 4 5 6 7 8 9 0 1 2 3 4 5 6 7 8 9 0 1 2 3 4 5 6 7 8
#c 0 1 2 3 4 5 6 7 8 9 0 1 2 3 4 5 6 7 8 9 0 1 2 3 4 5 6 7 8 9 0 1 2 3 4 5 6 7 8 9 0 1 2 3 4 5 6 7 8 9 0 1 2 3 4 5 6 7 8 9 0 1 2 3 4 5 6 7 8
7 7 0 10 20 30 40 50 60 1 11 21 31 41 51 61
7 7 1 11 21 31 41 51 61 2 12 22 32 42 52 62
7 7 0 10 20 30 40 50 60 2 12 22 32 42 52 62
7 7 1 11 21 31 41 51 61 3 13 23 33 43 53 63
7 7 2 12 22 32 42 52 62 3 13 23 33 43 53 63
7 7 1 11 21 31 41 51 61 4 14 24 34 44 54 64
7 7 3 13 23 33 43 53 63 4 14 24 34 44 54 64
7 7 1 11 21 31 41 51 61 5 15 25 35 45 55 65
7 7 3 13 23 33 43 53 63 5 15 25 35 45 55 65
7 7 1 11 21 31 41 51 61 6 16 26 36 46 56 66
7 7 5 15 25 35 45 55 65 6 16 26 36 46 56 66
7 7 1 11 21 31 41 51 61 7 17 27 37 47 57 67
7 7 5 15 25 35 45 55 65 7 17 27 37 47 57 67
7 7 1 11 21 31 41 51 61 8 18 28 38 48 58 68
7 7 5 15 25 35 45 55 65 8 18 28 38 48 58 68
7 6 8 18 28 38 48 58 68 9 19 29 39 49 59
7 6 5 15 25 35 45 55 65 9 19 29 39 49 59
1 1 5 15
1 1 5 25
1 1 25 35
1 1 25 45
1 1 25 55
1 1 25 65
# 65 : 5 -> 8
#c 0 1 2 3 4 5 6 7 8 9 0 1 2 3 4 5 6 7 8 9 0 1 2 3 4 5 6 7 8 9 0 1 2 3 4 5 6 7 8 9 0 1 2 3 4 5 6 7 8 9 0 1 2 3 4 5 6 7 8 9 0 1 2 3 4 8 6 7 8
7 6 1 11 21 31 41 51 61 5 15 25 35 45 55
7 6 3 13 23 33 43 53 63 5 15 25 35 45 55
6 7 5 15 25 35 45 55 6 16 26 36 46 56 66
6 7 5 15 25 35 45 55 7 17 27 37 47 57 67
7 8 1 11 21 31 41 51 61 8 18 28 38 48 58 65 68
6 8 5 15 25 35 45 55 8 18 28 38 48 58 65 68
8 6 8 18 28 38 48 58 65 68 9 19 29 39 49 59
6 6 5 15 25 35 45 55 9 19 29 39 49 59
# 25 : 5 -> 8
#c 0 1 2 3 4 5 6 7 8 9 0 1 2 3 4 5 6 7 8 9 0 1 2 3 4 8 6 7 8 9 0 1 2 3 4 5 6 7 8 9 0 1 2 3 4 5 6 7 8 9 0 1 2 3 4 5 6 7 8 9 0 1 2 3 4 8 6 7 8
7 5 1 11 21 31 41 51 61 5 15 35 45 55
7 5 3 13 23 33 43 53 63 5 15 35 45 55
5 7 5 15 35 45 55 6 16 26 36 46 56 66
5 7 5 15 35 45 55 7 17 27 37 47 57 67
7 9 1 11 21 31 41 51 61 8 18 25 28 38 48 58 65 68
5 9 5 15 35 45 55 8 18 25 28 38 48 58 65 68
7 6 1 11 21 31 41 51 61 9 19 29 39 49 59
5 6 5 15 35 45 55 9 19 29 39 49 59
1 1 5 35
1 1 5 45
1 1 5 55
# 5 : 5 -> 1
#c 0 1 2 3 4 1 6 7 8 9 0 1 2 3 4 5 6 7 8 9 0 1 2 3 4 8 6 7 8 9 0 1 2 3 4 5 6 7 8 9 0 1 2 3 4 5 6 7 8 9 0 1 2 3 4 5 6 7 8 9 0 1 2 3 4 8 6 7 8
7 8 0 10 20 30 40 50 60 1 5 11 21 31 41 51 61
8 7 1 5 11 21 31 41 51 61 2 12 22 32 42 52 62
8 7 1 5 11 21 31 41 51 61 3 13 23 33 43 53 63
8 7 1 5 11 21 31 41 51 61 4 14 24 34 44 54 64
8 4 1 5 11 21 31 41 51 61 15 35 45 55
7 4 3 13 23 33 43 53 63 15 35 45 55
8 7 1 5 11 21 31 41 51 61 6 16 26 36 46 56 66
4 7 15 35 45 55 6 16 26 36 46 56 66
8 7 1 5 11 21 31 41 51 61 7 17 27 37 47 57 67
4 7 15 35 45 55 7 17 27 37 47 57 67
8 9 1 5 11 21 31 41 51 61 8 18 25 28 38 48 58 65 68
4 9 15 35 45 55 8 18 25 28 38 48 58 65 68
9 6 8 18 25 28 38 48 58 65 68 9 19 29 39 49 59
4 6 15 35 45 55 9 19 29 39 49 59
1 1 9 19
1 1 19 29
1 1 29 39
1 1 29 49
1 1 29 59
# 59 : 9 -> 8
#c 0 1 2 3 4 1 6 7 8 9 0 1 2 3 4 5 6 7 8 9 0 1 2 3 4 8 6 7 8 9 0 1 2 3 4 5 6 7 8 9 0 1 2 3 4 5 6 7 8 9 0 1 2 3 4 5 6 7 8 8 0 1 2 3 4 8 6 7 8
8 10 1 5 11 21 31 41 51 61 8 18 25 28 38 48 58 59 65 68
4 10 15 35 45 55 8 18 25 28 38 48 58 59 65 68
10 5 8 18 25 28 38 48 58 59 65 68 9 19 29 39 49
4 5 15 35 45 55 9 19 29 39 49
# 29 : 9 -> 8
#c 0 1 2 3 4 1 6 7 8 9 0 1 2 3 4 5 6 7 8 9 0 1 2 3 4 8 6 7 8 8 0 1 2 3 4 5 6 7 8 9 0 1 2 3 4 5 6 7 8 9 0 1 2 3 4 5 6 7 8 8 0 1 2 3 4 8 6 7 8
8 11 1 5 11 21 31 41 51 61 8 18 25 28 29 38 48 58 59 65 68
4 11 15 35 45 55 8 18 25 28 29 38 48 58 59 65 68
8 4 1 5 11 21 31 41 51 61 9 19 39 49
4 4 15 35 45 55 9 19 39 49
1 1 15 35
1 1 35 45
1 1 45 55
# 45 : 5 -> 1
#c 0 1 2 3 4 1 6 7 8 9 0 1 2 3 4 5 6 7 8 9 0 1 2 3 4 8 6 7 8 8 0 1 2 3 4 5 6 7 8 9 0 1 2 3 4 1 6 7 8 9 0 1 2 3 4 5 6 7 8 8 0 1 2 3 4 8 6 7 8
7 9 0 10 20 30 40 50 60 1 5 11 21 31 41 45 51 61
9 7 1 5 11 21 31 41 45 51 61 2 12 22 32 42 52 62
9 7 1 5 11 21 31 41 45 51 61 3 13 23 33 43 53 63
9 7 1 5 11 21 31 41 45 51 61 4 14 24 34 44 54 64
9 3 1 5 11 21 31 41 45 51 61 15 35 55
7 3 3 13 23 33 43 53 63 15 35 55
9 7 1 5 11 21 31 41 45 51 61 6 16 26 36 46 56 66
3 7 15 35 55 6 16 26 36 46 56 66
9 7 1 5 11 21 31 41 45 51 61 7 17 27 37 47 57 67
3 7 15 35 55 7 17 27 37 47 57 67
9 11 1 5 11 21 31 41 45 51 61 8 18 25 28 29 38 48 58 59 65 68
3 11 15 35 55 8 18 25 28 29 38 48 58 59 65 68
11 4 8 18 25 28 29 38 48 58 59 65 68 9 19 39 49
3 4 15 35 55 9 19 39 49
1 1 19 39
1 1 39 49
# 39 : 9 -> 8
#c 0 1 2 3 4 1 6 7 8 9 0 1 2 3 4 5 6 7 8 9 0 1 2 3 4 8 6 7 8 8 0 1 2 3 4 5 6 7 8 8 0 1 2 3 4 1 6 7 8 9 0 1 2 3 4 5 6 7 8 8 0 1 2 3 4 8 6 7 8
9 12 1 5 11 21 31 41 45 51 61 8 18 25 28 29 38 39 48 58 59 65 68
3 12 15 35 55 8 18 25 28 29 38 39 48 58 59 65 68
12 3 8 18 25 28 29 38 39 48 58 59 65 68 9 19 49
3 3 15 35 55 9 19 49
1 1 19 49
# 49 : 9 -> 8
#c 0 1 2 3 4 1 6 7 8 9 0 1 2 3 4 5 6 7 8 9 0 1 2 3 4 8 6 7 8 8 0 1 2 3 4 5 6 7 8 8 0 1 2 3 4 1 6 7 8 8 0 1 2 3 4 5 6 7 8 8 0 1 2 3 4 8 6 7 8
9 13 1 5 11 21 31 41 45 51 61 8 18 25 28 29 38 39 48 49 58 59 65 68
3 13 15 35 55 8 18 25 28 29 38 39 48 49 58 59 65 68
9 2 1 5 11 21 31 41 45 51 61 9 19
3 2 15 35 55 9 19
1 1 35 55
# 35 : 5 -> 1
#c 0 1 2 3 4 1 6 7 8 9 0 1 2 3 4 5 6 7 8 9 0 1 2 3 4 8 6 7 8 8 0 1 2 3 4 1 6 7 8 8 0 1 2 3 4 1 6 7 8 8 0 1 2 3 4 5 6 7 8 8 0 1 2 3 4 8 6 7 8
7 10 0 10 20 30 40 50 60 1 5 11 21 31 35 41 45 51 61
10 7 1 5 11 21 31 35 41 45 51 61 2 12 22 32 42 52 62
7 7 0 10 20 30 40 50 60 3 13 23 33 43 53 63
7 7 0 10 20 30 40 50 60 4 14 24 34 44 54 64
7 2 4 14 24 34 44 54 64 15 55
7 2 3 13 23 33 43 53 63 15 55
7 7 4 14 24 34 44 54 64 6 16 26 36 46 56 66
7 7 3 13 23 33 43 53 63 6 16 26 36 46 56 66
7 7 4 14 24 34 44 54 64 7 17 27 37 47 57 67
7 7 3 13 23 33 43 53 63 7 17 27 37 47 57 67
7 13 4 14 24 34 44 54 64 8 18 25 28 29 38 39 48 49 58 59 65 68
7 13 3 13 23 33 43 53 63 8 18 25 28 29 38 39 48 49 58 59 65 68
7 2 4 14 24 34 44 54 64 9 19
7 2 3 13 23 33 43 53 63 9 19
# 19 : 9 -> 4
#c 0 1 2 3 4 1 6 7 8 9 0 1 2 3 4 5 6 7 8 4 0 1 2 3 4 8 6 7 8 8 0 1 2 3 4 1 6 7 8 8 0 1 2 3 4 1 6 7 8 8 0 1 2 3 4 5 6 7 8 8 0 1 2 3 4 8 6 7 8
7 8 0 10 20 30 40 50 60 4 14 19 24 34 44 54 64
7 8 3 13 23 33 43 53 63 4 14 19 24 34 44 54 64
7 2 0 10 20 30 40 50 60 15 55
8 2 4 14 19 24 34 44 54 64 15 55
7 7 0 10 20 30 40 50 60 6 16 26 36 46 56 66
8 7 4 14 19 24 34 44 54 64 6 16 26 36 46 56 66
7 7 0 10 20 30 40 50 60 7 17 27 37 47 57 67
8 7 4 14 19 24 34 44 54 64 7 17 27 37 47 57 67
7 13 0 10 20 30 40 50 60 8 18 25 28 29 38 39 48 49 58 59 65 68
8 13 4 14 19 24 34 44 54 64 8 18 25 28 29 38 39 48 49 58 59 65 68
13 1 8 18 25 28 29 38 39 48 49 58 59 65 68 9
8 1 4 14 19 24 34 44 54 64 9
1 1 4 14
1 1 4 19
1 1 4 24
1 1 4 34
1 1 4 44
1 1 44 54
1 1 44 64
# 64 : 4 -> 9
#c 0 1 2 3 4 1 6 7 8 9 0 1 2 3 4 5 6 7 8 4 0 1 2 3 4 8 6 7 8 8 0 1 2 3 4 1 6 7 8 8 0 1 2 3 4 1 6 7 8 8 0 1 2 3 4 5 6 7 8 8 0 1 2 3 9 8 6 7 8
7 7 0 10 20 30 40 50 60 4 14 19 24 34 44 54
7 7 3 13 23 33 43 53 63 4 14 19 24 34 44 54
7 2 4 14 19 24 34 44 54 15 55
7 7 4 14 19 24 34 44 54 6 16 26 36 46 56 66
7 7 4 14 19 24 34 44 54 7 17 27 37 47 57 67
7 13 4 14 19 24 34 44 54 8 18 25 28 29 38 39 48 49 58 59 65 68
13 2 8 18 25 28 29 38 39 48 49 58 59 65 68 9 64
7 2 4 14 19 24 34 44 54 9 64
# 44 : 4 -> 9
#c 0 1 2 3 4 1 6 7 8 9 0 1 2 3 4 5 6 7 8 4 0 1 2 3 4 8 6 7 8 8 0 1 2 3 4 1 6 7 8 8 0 1 2 3 9 1 6 7 8 8 0 1 2 3 4 5 6 7 8 8 0 1 2 3 9 8 6 7 8
7 6 0 10 20 30 40 50 60 4 14 19 24 34 54
7 6 3 13 23 33 43 53 63 4 14 19 24 34 54
6 2 4 14 19 24 34 54 15 55
6 7 4 14 19 24 34 54 6 16 26 36 46 56 66
6 7 4 14 19 24 34 54 7 17 27 37 47 57 67
6 13 4 14 19 24 34 54 8 18 25 28 29 38 39 48 49 58 59 65 68
13 3 8 18 25 28 29 38 39 48 49 58 59 65 68 9 44 64
6 3 4 14 19 24 34 54 9 44 64
1 1 4 54
# 4 : 4 -> 9
#c 0 1 2 3 9 1 6 7 8 9 0 1 2 3 4 5 6 7 8 4 0 1 2 3 4 8 6 7 8 8 0 1 2 3 4 1 6 7 8 8 0 1 2 3 9 1 6 7 8 8 0 1 2 3 4 5 6 7 8 8 0 1 2 3 9 8 6 7 8
7 5 0 10 20 30 40 50 60 14 19 24 34 54
7 5 3 13 23 33 43 53 63 14 19 24 34 54
13 4 8 18 25 28 29 38 39 48 49 58 59 65 68 4 9 44 64
7 4 3 13 23 33 43 53 63 4 9 44 64
1 1 3 13
1 1 13 23
1 1 13 33
1 1 13 43
1 1 13 53
1 1 13 63
# 13 : 3 -> 8
#c 0 1 2 3 9 1 6 7 8 9 0 1 2 8 4 5 6 7 8 4 0 1 2 3 4 8 6 7 8 8 0 1 2 3 4 1 6 7 8 8 0 1 2 3 9 1 6 7 8 8 0 1 2 3 4 5 6 7 8 8 0 1 2 3 9 8 6 7 8
7 6 0 10 20 30 40 50 60 3 23 33 43 53 63
7 6 2 12 22 32 42 52 62 3 23 33 43 53 63
6 5 3 23 33 43 53 63 14 19 24 34 54
5 2 14 19 24 34 54 15 55
5 7 14 19 24 34 54 6 16 26 36 46 56 66
5 7 14 19 24 34 54 7 17 27 37 47 57 67
7 14 0 10 20 30 40 50 60 8 13 18 25 28 29 38 39 48 49 58 59 65 68
5 14 14 19 24 34 54 8 13 18 25 28 29 38 39 48 49 58 59 65 68
7 4 0 10 20 30 40 50 60 4 9 44 64
5 4 14 19 24 34 54 4 9 44 64
1 1 14 19
1 1 14 24
1 1 14 34
1 1 34 54
# 34 : 4 -> 9
#c 0 1 2 3 9 1 6 7 8 9 0 1 2 8 4 5 6 7 8 4 0 1 2 3 4 8 6 7 8 8 0 1 2 3 9 1 6 7 8 8 0 1 2 3 9 1 6 7 8 8 0 1 2 3 4 5 6 7 8 8 0 1 2 3 9 8 6 7 8
7 4 0 10 20 30 40 50 60 14 19 24 54
6 4 3 23 33 43 53 63 14 19 24 54
6 2 3 23 33 43 53 63 15 55
6 7 3 23 33 43 53 63 6 16 26 36 46 56 66
6 7 3 23 33 43 53 63 7 17 27 37 47 57 67
6 14 3 23 33 43 53 63 8 13 18 25 28 29 38 39 48 49 58 59 65 68
7 5 0 10 20 30 40 50 60 4 9 34 44 64
6 5 3 23 33 43 53 63 4 9 34 44 64
1 1 3 23
1 1 23 33
1 1 23 43
1 1 23 53
1 1 23 63
# 23 : 3 -> 0
#c 0 1 2 3 9 1 6 7 8 9 0 1 2 8 4 5 6 7 8 4 0 1 2 0 4 8 6 7 8 8 0 1 2 3 9 1 6 7 8 8 0 1 2 3 9 1 6 7 8 8 0 1 2 3 4 5 6 7 8 8 0 1 2 3 9 8 6 7 8
8 10 0 10 20 23 30 40 50 60 1 5 11 21 31 35 41 45 51 61
8 7 0 10 20 23 30 40 50 60 2 12 22 32 42 52 62
8 5 0 10 20 23 30 40 50 60 3 33 43 53 63
7 5 2 12 22 32 42 52 62 3 33 43 53 63
8 4 0 10 20 23 30 40 50 60 14 19 24 54
5 4 3 33 43 53 63 14 19 24 54
8 2 0 10 20 23 30 40 50 60 15 55
5 2 3 33 43 53 63 15 55
8 7 0 10 20 23 30 40 50 60 6 16 26 36 46 56 66
5 7 3 33 43 53 63 6 16 26 36 46 56 66
8 7 0 10 20 23 30 40 50 60 7 17 27 37 47 57 67
5 7 3 33 43 53 63 7 17 27 37 47 57 67
8 14 0 10 20 23 30 40 50 60 8 13 18 25 28 29 38 39 48 49 58 59 65 68
7 14 7 17 27 37 47 57 67 8 13 18 25 28 29 38 39 48 49 58 59 65 68
14 5 8 13 18 25 28 29 38 39 48 49 58 59 65 68 4 9 34 44 64
7 5 7 17 27 37 47 57 67 4 9 34 44 64
1 1 7 17
1 1 17 27
1 1 17 37
1 1 17 47
1 1 17 57
1 1 17 67
# 67 : 7 -> 8
#c 0 1 2 3 9 1 6 7 8 9 0 1 2 8 4 5 6 7 8 4 0 1 2 0 4 8 6 7 8 8 0 1 2 3 9 1 6 7 8 8 0 1 2 3 9 1 6 7 8 8 0 1 2 3 4 5 6 7 8 8 0 1 2 3 9 8 6 8 8
8 6 0 10 20 23 30 40 50 60 7 17 27 37 47 57
5 6 3 33 43 53 63 7 17 27 37 47 57
8 15 0 10 20 23 30 40 50 60 8 13 18 25 28 29 38 39 48 49 58 59 65 67 68
5 15 3 33 43 53 63 8 13 18 25 28 29 38 39 48 49 58 59 65 67 68
8 5 0 10 20 23 30 40 50 60 4 9 34 44 64
5 5 3 33 43 53 63 4 9 34 44 64
1 1 3 33
1 1 33 43
1 1 33 53
1 1 33 63
# 33 : 3 -> 0
#c 0 1 2 3 9 1 6 7 8 9 0 1 2 8 4 5 6 7 8 4 0 1 2 0 4 8 6 7 8 8 0 1 2 0 9 1 6 7 8 8 0 1 2 3 9 1 6 7 8 8 0 1 2 3 4 5 6 7 8 8 0 1 2 3 9 8 6 8 8
9 10 0 10 20 23 30 33 40 50 60 1 5 11 21 31 35 41 45 51 61
9 7 0 10 20 23 30 33 40 50 60 2 12 22 32 42 52 62
9 4 0 10 20 23 30 33 40 50 60 3 43 53 63
7 4 2 12 22 32 42 52 62 3 43 53 63
9 4 0 10 20 23 30 33 40 50 60 14 19 24 54
7 4 2 12 22 32 42 52 62 14 19 24 54
9 2 0 10 20 23 30 33 40 50 60 15 55
7 2 2 12 22 32 42 52 62 15 55
9 7 0 10 20 23 30 33 40 50 60 6 16 26 36 46 56 66
7 7 2 12 22 32 42 52 62 6 16 26 36 46 56 66
7 6 6 16 26 36 46 56 66 7 17 27 37 47 57
7 6 2 12 22 32 42 52 62 7 17 27 37 47 57
7 15 6 16 26 36 46 56 66 8 13 18 25 28 29 38 39 48 49 58 59 65 67 68
6 15 7 17 27 37 47 57 8 13 18 25 28 29 38 39 48 49 58 59 65 67 68
15 5 8 13 18 25 28 29 38 39 48 49 58 59 65 67 68 4 9 34 44 64
6 5 7 17 27 37 47 57 4 9 34 44 64
# 17 : 7 -> 8
#c 0 1 2 3 9 1 6 7 8 9 0 1 2 8 4 5 6 8 8 4 0 1 2 0 4 8 6 7 8 8 0 1 2 0 9 1 6 7 8 8 0 1 2 3 9 1 6 7 8 8 0 1 2 3 4 5 6 7 8 8 0 1 2 3 9 8 6 8 8
7 5 6 16 26 36 46 56 66 7 27 37 47 57
7 5 2 12 22 32 42 52 62 7 27 37 47 57
7 16 6 16 26 36 46 56 66 8 13 17 18 25 28 29 38 39 48 49 58 59 65 67 68
7 16 2 12 22 32 42 52 62 8 13 17 18 25 28 29 38 39 48 49 58 59 65 67 68
7 5 6 16 26 36 46 56 66 4 9 34 44 64
7 5 2 12 22 32 42 52 62 4 9 34 44 64
1 1 2 12
1 1 12 22
1 1 22 32
1 1 22 42
1 1 22 52
1 1 22 62
# 22 : 2 -> 9
#c 0 1 2 3 9 1 6 7 8 9 0 1 2 8 4 5 6 8 8 4 0 1 9 0 4 8 6 7 8 8 0 1 2 0 9 1 6 7 8 8 0 1 2 3 9 1 6 7 8 8 0 1 2 3 4 5 6 7 8 8 0 1 2 3 9 8 6 8 8
9 6 0 10 20 23 30 33 40 50 60 2 12 32 42 52 62
10 6 1 5 11 21 31 35 41 45 51 61 2 12 32 42 52 62
10 4 1 5 11 21 31 35 41 45 51 61 3 43 53 63
10 4 1 5 11 21 31 35 41 45 51 61 14 19 24 54
4 2 14 19 24 54 15 55
4 7 14 19 24 54 6 16 26 36 46 56 66
4 5 14 19 24 54 7 27 37 47 57
4 16 14 19 24 54 8 13 17 18 25 28 29 38 39 48 49 58 59 65 67 68
7 6 6 16 26 36 46 56 66 4 9 22 34 44 64
4 6 14 19 24 54 4 9 22 34 44 64
1 1 14 54
# 14 : 4 -> 6
#c 0 1 2 3 9 1 6 7 8 9 0 1 2 8 6 5 6 8 8 4 0 1 9 0 4 8 6 7 8 8 0 1 2 0 9 1 6 7 8 8 0 1 2 3 9 1 6 7 8 8 0 1 2 3 4 5 6 7 8 8 0 1 2 3 9 8 6 8 8
9 3 0 10 20 23 30 33 40 50 60 19 24 54
10 3 1 5 11 21 31 35 41 45 51 61 19 24 54
3 2 19 24 54 15 55
10 2 1 5 11 21 31 35 41 45 51 61 15 55
3 8 19 24 54 6 14 16 26 36 46 56 66
10 8 1 5 11 21 31 35 41 45 51 61 6 14 16 26 36 46 56 66
3 5 19 24 54 7 27 37 47 57
8 5 6 14 16 26 36 46 56 66 7 27 37 47 57
3 16 19 24 54 8 13 17 18 25 28 29 38 39 48 49 58 59 65 67 68
8 16 6 14 16 26 36 46 56 66 8 13 17 18 25 28 29 38 39 48 49 58 59 65 67 68
3 6 19 24 54 4 9 22 34 44 64
8 6 6 14 16 26 36 46 56 66 4 9 22 34 44 64
1 1 6 14
1 1 6 16
1 1 6 26
1 1 26 36
1 1 36 46
1 1 36 56
1 1 36 66
# 36 : 6 -> 9
#c 0 1 2 3 9 1 6 7 8 9 0 1 2 8 6 5 6 8 8 4 0 1 9 0 4 8 6 7 8 8 0 1 2 0 9 1 9 7 8 8 0 1 2 3 9 1 6 7 8 8 0 1 2 3 4 5 6 7 8 8 0 1 2 3 9 8 6 8 8
3 7 19 24 54 6 14 16 26 46 56 66
10 7 1 5 11 21 31 35 41 45 51 61 6 14 16 26 46 56 66
10 5 1 5 11 21 31 35 41 45 51 61 7 27 37 47 57
10 16 1 5 11 21 31 35 41 45 51 61 8 13 17 18 25 28 29 38 39 48 49 58 59 65 67 68
3 7 19 24 54 4 9 22 34 36 44 64
10 7 1 5 11 21 31 35 41 45 51 61 4 9 22 34 36 44 64
1 1 1 5
1 1 1 11
1 1 11 21
1 1 11 31
1 1 31 35
1 1 31 41
1 1 31 45
1 1 31 51
1 1 31 61
# 31 : 1 -> 4
#c 0 1 2 3 9 1 6 7 8 9 0 1 2 8 6 5 6 8 8 4 0 1 9 0 4 8 6 7 8 8 0 4 2 0 9 1 9 7 8 8 0 1 2 3 9 1 6 7 8 8 0 1 2 3 4 5 6 7 8 8 0 1 2 3 9 8 6 8 8
9 9 0 10 20 23 30 33 40 50 60 1 5 11 21 35 41 45 51 61
9 6 1 5 11 21 35 41 45 51 61 2 12 32 42 52 62
6 4 2 12 32 42 52 62 3 43 53 63
9 4 0 10 20 23 30 33 40 50 60 19 24 31 54
6 4 2 12 32 42 52 62 19 24 31 54
6 2 2 12 32 42 52 62 15 55
9 7 0 10 20 23 30 33 40 50 60 6 14 16 26 46 56 66
6 7 2 12 32 42 52 62 6 14 16 26 46 56 66
9 5 0 10 20 23 30 33 40 50 60 7 27 37 47 57
6 5 2 12 32 42 52 62 7 27 37 47 57
9 16 0 10 20 23 30 33 40 50 60 8 13 17 18 25 28 29 38 39 48 49 58 59 65 67 68
6 16 2 12 32 42 52 62 8 13 17 18 25 28 29 38 39 48 49 58 59 65 67 68
9 7 0 10 20 23 30 33 40 50 60 4 9 22 34 36 44 64
6 7 2 12 32 42 52 62 4 9 22 34 36 44 64
1 1 12 32
1 1 32 42
1 1 42 52
1 1 42 62
# 42 : 2 -> 0
#c 0 1 2 3 9 1 6 7 8 9 0 1 2 8 6 5 6 8 8 4 0 1 9 0 4 8 6 7 8 8 0 4 2 0 9 1 9 7 8 8 0 1 0 3 9 1 6 7 8 8 0 1 2 3 4 5 6 7 8 8 0 1 2 3 9 8 6 8 8
10 9 0 10 20 23 30 33 40 42 50 60 1 5 11 21 35 41 45 51 61
10 5 0 10 20 23 30 33 40 42 50 60 2 12 32 52 62
9 5 1 5 11 21 35 41 45 51 61 2 12 32 52 62
10 4 0 10 20 23 30 33 40 42 50 60 3 43 53 63
9 4 1 5 11 21 35 41 45 51 61 3 43 53 63
10 4 0 10 20 23 30 33 40 42 50 60 19 24 31 54
4 4 3 43 53 63 19 24 31 54
4 2 19 24 31 54 15 55
4 2 3 43 53 63 15 55
4 7 19 24 31 54 6 14 16 26 46 56 66
4 7 3 43 53 63 6 14 16 26 46 56 66
4 5 19 24 31 54 7 27 37 47 57
4 5 3 43 53 63 7 27 37 47 57
4 16 19 24 31 54 8 13 17 18 25 28 29 38 39 48 49 58 59 65 67 68
4 16 3 43 53 63 8 13 17 18 25 28 29 38 39 48 49 58 59 65 67 68
4 7 19 24 31 54 4 9 22 34 36 44 64
4 7 3 43 53 63 4 9 22 34 36 44 64
1 1 3 43
1 1 43 53
1 1 43 63
# 63 : 3 -> 4
#c 0 1 2 3 9 1 6 7 8 9 0 1 2 8 6 5 6 8 8 4 0 1 9 0 4 8 6 7 8 8 0 4 2 0 9 1 9 7 8 8 0 1 0 3 9 1 6 7 8 8 0 1 2 3 4 5 6 7 8 8 0 1 2 4 9 8 6 8 8
10 3 0 10 20 23 30 33 40 42 50 60 3 43 53
9 3 1 5 11 21 35 41 45 51 61 3 43 53
3 5 3 43 53 19 24 31 54 63
9 5 1 5 11 21 35 41 45 51 61 19 24 31 54 63
3 2 3 43 53 15 55
9 2 1 5 11 21 35 41 45 51 61 15 55
3 7 3 43 53 6 14 16 26 46 56 66
9 7 1 5 11 21 35 41 45 51 61 6 14 16 26 46 56 66
3 5 3 43 53 7 27 37 47 57
9 5 1 5 11 21 35 41 45 51 61 7 27 37 47 57
3 16 3 43 53 8 13 17 18 25 28 29 38 39 48 49 58 59 65 67 68
9 16 1 5 11 21 35 41 45 51 61 8 13 17 18 25 28 29 38 39 48 49 58 59 65 67 68
16 7 8 13 17 18 25 28 29 38 39 48 49 58 59 65 67 68 4 9 22 34 36 44 64
9 7 1 5 11 21 35 41 45 51 61 4 9 22 34 36 44 64
0 1 2 3 9 1 6 7 8 9 0 1 2 8 6 5 6 8 8 4 0 1 9 0 4 8 6 7 8 8 0 4 2 0 9 1 9 7 8 8 0 1 0 3 9 1 6 7 8 8 0 1 2 3 4 5 6 7 8 8 0 1 2 4 9 8 6 8 8
#c 0 1 2 3 4 5 6 7 8 9 0 0 0 0 0 0 0 0 0 0 0 0 0 0 0 0 0 0 0 0 0 0 0 0 0 0 0 0 0 0 0 0 0 0 0 0 0 0 0 0 0 0 0 0 0 0 0 0 0 0 0 0 0 0 0 0 0 0 0
#c 0 1 2 3 4 5 6 7 8 9 0 0 0 0 0 0 0 0 0 0 0 0 0 0 0 0 0 0 0 0 0 0 0 0 0 0 0 0 0 0 0 0 0 0 0 0 0 0 0 0 0 0 0 0 0 0 0 0 0 0 0 0 0 0 0 0 0 0 0
60 1 0 10 11 12 13 14 15 16 17 18 19 20 21 22 23 24 25 26 27 28 29 30 31 32 33 34 35 36 37 38 39 40 41 42 43 44 45 46 47 48 49 50 51 52 53 54 55 56 57 58 59 60 61 62 63 64 65 66 67 68 1
1 1 1 2
60 1 0 10 11 12 13 14 15 16 17 18 19 20 21 22 23 24 25 26 27 28 29 30 31 32 33 34 35 36 37 38 39 40 41 42 43 44 45 46 47 48 49 50 51 52 53 54 55 56 57 58 59 60 61 62 63 64 65 66 67 68 2
1 1 1 3
60 1 0 10 11 12 13 14 15 16 17 18 19 20 21 22 23 24 25 26 27 28 29 30 31 32 33 34 35 36 37 38 39 40 41 42 43 44 45 46 47 48 49 50 51 52 53 54 55 56 57 58 59 60 61 62 63 64 65 66 67 68 3
1 1 1 4
60 1 0 10 11 12 13 14 15 16 17 18 19 20 21 22 23 24 25 26 27 28 29 30 31 32 33 34 35 36 37 38 39 40 41 42 43 44 45 46 47 48 49 50 51 52 53 54 55 56 57 58 59 60 61 62 63 64 65 66 67 68 4
1 1 1 5
60 1 0 10 11 12 13 14 15 16 17 18 19 20 21 22 23 24 25 26 27 28 29 30 31 32 33 34 35 36 37 38 39 40 41 42 43 44 45 46 47 48 49 50 51 52 53 54 55 56 57 58 59 60 61 62 63 64 65 66 67 68 5
1 1 1 6
60 1 0 10 11 12 13 14 15 16 17 18 19 20 21 22 23 24 25 26 27 28 29 30 31 32 33 34 35 36 37 38 39 40 41 42 43 44 45 46 47 48 49 50 51 52 53 54 55 56 57 58 59 60 61 62 63 64 65 66 67 68 6
1 1 1 7
60 1 0 10 11 12 13 14 15 16 17 18 19 20 21 22 23 24 25 26 27 28 29 30 31 32 33 34 35 36 37 38 39 40 41 42 43 44 45 46 47 48 49 50 51 52 53 54 55 56 57 58 59 60 61 62 63 64 65 66 67 68 7
1 1 1 8
60 1 0 10 11 12 13 14 15 16 17 18 19 20 21 22 23 24 25 26 27 28 29 30 31 32 33 34 35 36 37 38 39 40 41 42 43 44 45 46 47 48 49 50 51 52 53 54 55 56 57 58 59 60 61 62 63 64 65 66 67 68 8
1 1 1 9
60 1 0 10 11 12 13 14 15 16 17 18 19 20 21 22 23 24 25 26 27 28 29 30 31 32 33 34 35 36 37 38 39 40 41 42 43 44 45 46 47 48 49 50 51 52 53 54 55 56 57 58 59 60 61 62 63 64 65 66 67 68 9
1 1 0 10
1 1 0 11
1 1 0 12
1 1 0 13
1 1 0 14
1 1 0 15
1 1 0 16
1 1 0 17
1 1 0 18
1 1 0 19
1 1 0 20
1 1 0 21
1 1 0 22
1 1 0 23
1 1 0 24
1 1 0 25
1 1 0 26
1 1 0 27
1 1 0 28
1 1 0 29
1 1 0 30
1 1 0 31
1 1 0 32
1 1 0 33
1 1 0 34
1 1 0 35
1 1 0 36
1 1 0 37
1 1 0 38
1 1 0 39
1 1 0 40
1 1 0 41
1 1 0 42
1 1 0 43
1 1 0 44
1 1 0 45
1 1 0 46
1 1 0 47
1 1 0 48
1 1 0 49
1 1 0 50
1 1 0 51
1 1 0 52
1 1 0 53
1 1 0 54
1 1 0 55
1 1 0 56
1 1 0 57
1 1 0 58
1 1 0 59
1 1 0 60
1 1 0 61
1 1 0 62
1 1 0 63
1 1 0 64
1 1 0 65
1 1 0 66
1 1 0 67
1 1 0 68
# 0 : 0 -> 1
#c 1 1 2 3 4 5 6 7 8 9 0 0 0 0 0 0 0 0 0 0 0 0 0 0 0 0 0 0 0 0 0 0 0 0 0 0 0 0 0 0 0 0 0 0 0 0 0 0 0 0 0 0 0 0 0 0 0 0 0 0 0 0 0 0 0 0 0 0 0
59 2 10 11 12 13 14 15 16 17 18 19 20 21 22 23 24 25 26 27 28 29 30 31 32 33 34 35 36 37 38 39 40 41 42 43 44 45 46 47 48 49 50 51 52 53 54 55 56 57 58 59 60 61 62 63 64 65 66 67 68 0 1
2 1 0 1 2
59 1 10 11 12 13 14 15 16 17 18 19 20 21 22 23 24 25 26 27 28 29 30 31 32 33 34 35 36 37 38 39 40 41 42 43 44 45 46 47 48 49 50 51 52 53 54 55 56 57 58 59 60 61 62 63 64 65 66 67 68 2
2 1 0 1 3
59 1 10 11 12 13 14 15 16 17 18 19 20 21 22 23 24 25 26 27 28 29 30 31 32 33 34 35 36 37 38 39 40 41 42 43 44 45 46 47 48 49 50 51 52 53 54 55 56 57 58 59 60 61 62 63 64 65 66 67 68 3
2 1 0 1 4
59 1 10 11 12 13 14 15 16 17 18 19 20 21 22 23 24 25 26 27 28 29 30 31 32 33 34 35 36 37 38 39 40 41 42 43 44 45 46 47 48 49 50 51 52 53 54 55 56 57 58 59 60 61 62 63 64 65 66 67 68 4
2 1 0 1 5
59 1 10 11 12 13 14 15 16 17 18 19 20 21 22 23 24 25 26 27 28 29 30 31 32 33 34 35 36 37 38 39 40 41 42 43 44 45 46 47 48 49 50 51 52 53 54 55 56 57 58 59 60 61 62 63 64 65 66 67 68 5
2 1 0 1 6
59 1 10 11 12 13 14 15 16 17 18 19 20 21 22 23 24 25 26 27 28 29 30 31 32 33 34 35 36 37 38 39 40 41 42 43 44 45 46 47 48 49 50 51 52 53 54 55 56 57 58 59 60 61 62 63 64 65 66 67 68 6
2 1 0 1 7
59 1 10 11 12 13 14 15 16 17 18 19 20 21 22 23 24 25 26 27 28 29 30 31 32 33 34 35 36 37 38 39 40 41 42 43 44 45 46 47 48 49 50 51 52 53 54 55 56 57 58 59 60 61 62 63 64 65 66 67 68 7
2 1 0 1 8
59 1 10 11 12 13 14 15 16 17 18 19 20 21 22 23 24 25 26 27 28 29 30 31 32 33 34 35 36 37 38 39 40 41 42 43 44 45 46 47 48 49 50 51 52 53 54 55 56 57 58 59 60 61 62 63 64 65 66 67 68 8
2 1 0 1 9
59 1 10 11 12 13 14 15 16 17 18 19 20 21 22 23 24 25 26 27 28 29 30 31 32 33 34 35 36 37 38 39 40 41 42 43 44 45 46 47 48 49 50 51 52 53 54 55 56 57 58 59 60 61 62 63 64 65 66 67 68 9
1 1 10 11
1 1 11 12
1 1 11 13
1 1 11 14
1 1 11 15
1 1 11 16
1 1 11 17
1 1 11 18
1 1 18 19
1 1 18 20
1 1 18 21
1 1 18 22
1 1 18 23
1 1 18 24
1 1 18 25
1 1 18 26
1 1 18 27
1 1 18 28
1 1 18 29
1 1 18 30
1 1 18 31
1 1 31 32
1 1 31 33
1 1 31 34
1 1 31 35
1 1 31 36
1 1 31 37
1 1 31 38
1 1 31 39
1 1 31 40
1 1 31 41
1 1 31 42
1 1 31 43
1 1 31 44
1 1 31 45
1 1 31 46
1 1 31 47
1 1 31 48
1 1 31 49
1 1 31 50
1 1 31 51
1 1 31 52
1 1 31 53
1 1 31 54
1 1 31 55
1 1 31 56
1 1 31 57
1 1 31 58
1 1 31 59
1 1 31 60
1 1 31 61
1 1 31 62
1 1 31 63
1 1 31 64
1 1 64 65
1 1 64 66
1 1 64 67
1 1 64 68
# 64 : 0 -> 1
#c 1 1 2 3 4 5 6 7 8 9 0 0 0 0 0 0 0 0 0 0 0 0 0 0 0 0 0 0 0 0 0 0 0 0 0 0 0 0 0 0 0 0 0 0 0 0 0 0 0 0 0 0 0 0 0 0 0 0 0 0 0 0 0 0 1 0 0 0 0
58 3 10 11 12 13 14 15 16 17 18 19 20 21 22 23 24 25 26 27 28 29 30 31 32 33 34 35 36 37 38 39 40 41 42 43 44 45 46 47 48 49 50 51 52 53 54 55 56 57 58 59 60 61 62 63 65 66 67 68 0 1 64
3 1 0 1 64 2
58 1 10 11 12 13 14 15 16 17 18 19 20 21 22 23 24 25 26 27 28 29 30 31 32 33 34 35 36 37 38 39 40 41 42 43 44 45 46 47 48 49 50 51 52 53 54 55 56 57 58 59 60 61 62 63 65 66 67 68 2
3 1 0 1 64 3
58 1 10 11 12 13 14 15 16 17 18 19 20 21 22 23 24 25 26 27 28 29 30 31 32 33 34 35 36 37 38 39 40 41 42 43 44 45 46 47 48 49 50 51 52 53 54 55 56 57 58 59 60 61 62 63 65 66 67 68 3
3 1 0 1 64 4
58 1 10 11 12 13 14 15 16 17 18 19 20 21 22 23 24 25 26 27 28 29 30 31 32 33 34 35 36 37 38 39 40 41 42 43 44 45 46 47 48 49 50 51 52 53 54 55 56 57 58 59 60 61 62 63 65 66 67 68 4
3 1 0 1 64 5
58 1 10 11 12 13 14 15 16 17 18 19 20 21 22 23 24 25 26 27 28 29 30 31 32 33 34 35 36 37 38 39 40 41 42 43 44 45 46 47 48 49 50 51 52 53 54 55 56 57 58 59 60 61 62 63 65 66 67 68 5
3 1 0 1 64 6
58 1 10 11 12 13 14 15 16 17 18 19 20 21 22 23 24 25 26 27 28 29 30 31 32 33 34 35 36 37 38 39 40 41 42 43 44 45 46 47 48 49 50 51 52 53 54 55 56 57 58 59 60 61 62 63 65 66 67 68 6
3 1 0 1 64 7
58 1 10 11 12 13 14 15 16 17 18 19 20 21 22 23 24 25 26 27 28 29 30 31 32 33 34 35 36 37 38 39 40 41 42 43 44 45 46 47 48 49 50 51 52 53 54 55 56 57 58 59 60 61 62 63 65 66 67 68 7
3 1 0 1 64 8
58 1 10 11 12 13 14 15 16 17 18 19 20 21 22 23 24 25 26 27 28 29 30 31 32 33 34 35 36 37 38 39 40 41 42 43 44 45 46 47 48 49 50 51 52 53 54 55 56 57 58 59 60 61 62 63 65 66 67 68 8
1 1 8 9
58 1 10 11 12 13 14 15 16 17 18 19 20 21 22 23 24 25 26 27 28 29 30 31 32 33 34 35 36 37 38 39 40 41 42 43 44 45 46 47 48 49 50 51 52 53 54 55 56 57 58 59 60 61 62 63 65 66 67 68 9
1 1 31 65
1 1 31 66
1 1 31 67
1 1 31 68
# 31 : 0 -> 8
#c 1 1 2 3 4 5 6 7 8 9 0 0 0 0 0 0 0 0 0 0 0 0 0 0 0 0 0 0 0 0 0 8 0 0 0 0 0 0 0 0 0 0 0 0 0 0 0 0 0 0 0 0 0 0 0 0 0 0 0 0 0 0 0 0 1 0 0 0 0
57 3 10 11 12 13 14 15 16 17 18 19 20 21 22 23 24 25 26 27 28 29 30 32 33 34 35 36 37 38 39 40 41 42 43 44 45 46 47 48 49 50 51 52 53 54 55 56 57 58 59 60 61 62 63 65 66 67 68 0 1 64
57 1 10 11 12 13 14 15 16 17 18 19 20 21 22 23 24 25 26 27 28 29 30 32 33 34 35 36 37 38 39 40 41 42 43 44 45 46 47 48 49 50 51 52 53 54 55 56 57 58 59 60 61 62 63 65 66 67 68 2
57 1 10 11 12 13 14 15 16 17 18 19 20 21 22 23 24 25 26 27 28 29 30 32 33 34 35 36 37 38 39 40 41 42 43 44 45 46 47 48 49 50 51 52 53 54 55 56 57 58 59 60 61 62 63 65 66 67 68 3
57 1 10 11 12 13 14 15 16 17 18 19 20 21 22 23 24 25 26 27 28 29 30 32 33 34 35 36 37 38 39 40 41 42 43 44 45 46 47 48 49 50 51 52 53 54 55 56 57 58 59 60 61 62 63 65 66 67 68 4
57 1 10 11 12 13 14 15 16 17 18 19 20 21 22 23 24 25 26 27 28 29 30 32 33 34 35 36 37 38 39 40 41 42 43 44 45 46 47 48 49 50 51 52 53 54 55 56 57 58 59 60 61 62 63 65 66 67 68 5
57 1 10 11 12 13 14 15 16 17 18 19 20 21 22 23 24 25 26 27 28 29 30 32 33 34 35 36 37 38 39 40 41 42 43 44 45 46 47 48 49 50 51 52 53 54 55 56 57 58 59 60 61 62 63 65 66 67 68 6
57 1 10 11 12 13 14 15 16 17 18 19 20 21 22 23 24 25 26 27 28 29 30 32 33 34 35 36 37 38 39 40 41 42 43 44 45 46 47 48 49 50 51 52 53 54 55 56 57 58 59 60 61 62 63 65 66 67 68 7
3 2 0 1 64 8 31
57 2 10 11 12 13 14 15 16 17 18 19 20 21 22 23 24 25 26 27 28 29 30 32 33 34 35 36 37 38 39 40 41 42 43 44 45 46 47 48 49 50 51 52 53 54 55 56 57 58 59 60 61 62 63 65 66 67 68 8 31
3 1 0 1 64 9
57 1 10 11 12 13 14 15 16 17 18 19 20 21 22 23 24 25 26 27 28 29 30 32 33 34 35 36 37 38 39 40 41 42 43 44 45 46 47 48 49 50 51 52 53 54 55 56 57 58 59 60 61 62 63 65 66 67 68 9
1 1 18 32
1 1 18 33
1 1 18 34
1 1 18 35
1 1 18 36
1 1 18 37
1 1 18 38
1 1 18 39
1 1 18 40
1 1 18 41
1 1 18 42
1 1 18 43
1 1 18 44
1 1 18 45
1 1 18 46
1 1 18 47
1 1 18 48
1 1 18 49
1 1 18 50
1 1 18 51
1 1 18 52
1 1 18 53
1 1 18 54
1 1 18 55
1 1 18 56
1 1 18 57
1 1 18 58
1 1 18 59
1 1 18 60
1 1 18 61
1 1 18 62
1 1 18 63
1 1 18 65
1 1 18 66
1 1 18 67
1 1 18 68
# 18 : 0 -> 1
#c 1 1 2 3 4 5 6 7 8 9 0 0 0 0 0 0 0 0 1 0 0 0 0 0 0 0 0 0 0 0 0 8 0 0 0 0 0 0 0 0 0 0 0 0 0 0 0 0 0 0 0 0 0 0 0 0 0 0 0 0 0 0 0 0 1 0 0 0 0
56 4 10 11 12 13 14 15 16 17 19 20 21 22 23 24 25 26 27 28 29 30 32 33 34 35 36 37 38 39 40 41 42 43 44 45 46 47 48 49 50 51 52 53 54 55 56 57 58 59 60 61 62 63 65 66 67 68 0 1 18 64
4 1 0 1 18 64 2
56 1 10 11 12 13 14 15 16 17 19 20 21 22 23 24 25 26 27 28 29 30 32 33 34 35 36 37 38 39 40 41 42 43 44 45 46 47 48 49 50 51 52 53 54 55 56 57 58 59 60 61 62 63 65 66 67 68 2
4 1 0 1 18 64 3
56 1 10 11 12 13 14 15 16 17 19 20 21 22 23 24 25 26 27 28 29 30 32 33 34 35 36 37 38 39 40 41 42 43 44 45 46 47 48 49 50 51 52 53 54 55 56 57 58 59 60 61 62 63 65 66 67 68 3
4 1 0 1 18 64 4
56 1 10 11 12 13 14 15 16 17 19 20 21 22 23 24 25 26 27 28 29 30 32 33 34 35 36 37 38 39 40 41 42 43 44 45 46 47 48 49 50 51 52 53 54 55 56 57 58 59 60 61 62 63 65 66 67 68 4
4 1 0 1 18 64 5
56 1 10 11 12 13 14 15 16 17 19 20 21 22 23 24 25 26 27 28 29 30 32 33 34 35 36 37 38 39 40 41 42 43 44 45 46 47 48 49 50 51 52 53 54 55 56 57 58 59 60 61 62 63 65 66 67 68 5
4 1 0 1 18 64 6
56 1 10 11 12 13 14 15 16 17 19 20 21 22 23 24 25 26 27 28 29 30 32 33 34 35 36 37 38 39 40 41 42 43 44 45 46 47 48 49 50 51 52 53 54 55 56 57 58 59 60 61 62 63 65 66 67 68 6
4 1 0 1 18 64 7
56 1 10 11 12 13 14 15 16 17 19 20 21 22 23 24 25 26 27 28 29 30 32 33 34 35 36 37 38 39 40 41 42 43 44 45 46 47 48 49 50 51 52 53 54 55 56 57 58 59 60 61 62 63 65 66 67 68 7
4 2 0 1 18 64 8 31
56 2 10 11 12 13 14 15 16 17 19 20 21 22 23 24 25 26 27 28 29 30 32 33 34 35 36 37 38 39 40 41 42 43 44 45 46 47 48 49 50 51 52 53 54 55 56 57 58 59 60 61 62 63 65 66 67 68 8 31
2 1 8 31 9
56 1 10 11 12 13 14 15 16 17 19 20 21 22 23 24 25 26 27 28 29 30 32 33 34 35 36 37 38 39 40 41 42 43 44 45 46 47 48 49 50 51 52 53 54 55 56 57 58 59 60 61 62 63 65 66 67 68 9
1 1 11 19
1 1 11 20
1 1 20 21
1 1 20 22
1 1 20 23
1 1 20 24
1 1 20 25
1 1 20 26
1 1 20 27
1 1 20 28
1 1 20 29
1 1 20 30
1 1 20 32
1 1 20 33
1 1 20 34
1 1 20 35
1 1 20 36
1 1 20 37
1 1 20 38
1 1 20 39
1 1 20 40
1 1 20 41
1 1 20 42
1 1 20 43
1 1 20 44
1 1 20 45
1 1 20 46
1 1 20 47
1 1 20 48
1 1 20 49
1 1 20 50
1 1 20 51
1 1 20 52
1 1 20 53
1 1 20 54
1 1 20 55
1 1 20 56
1 1 20 57
1 1 20 58
1 1 20 59
1 1 20 60
1 1 20 61
1 1 20 62
1 1 20 63
1 1 20 65
1 1 20 66
1 1 20 67
1 1 20 68
# 20 : 0 -> 8
#c 1 1 2 3 4 5 6 7 8 9 0 0 0 0 0 0 0 0 1 0 8 0 0 0 0 0 0 0 0 0 0 8 0 0 0 0 0 0 0 0 0 0 0 0 0 0 0 0 0 0 0 0 0 0 0 0 0 0 0 0 0 0 0 0 1 0 0 0 0
55 4 10 11 12 13 14 15 16 17 19 21 22 23 24 25 26 27 28 29 30 32 33 34 35 36 37 38 39 40 41 42 43 44 45 46 47 48 49 50 51 52 53 54 55 56 57 58 59 60 61 62 63 65 66 67 68 0 1 18 64
55 1 10 11 12 13 14 15 16 17 19 21 22 23 24 25 26 27 28 29 30 32 33 34 35 36 37 38 39 40 41 42 43 44 45 46 47 48 49 50 51 52 53 54 55 56 57 58 59 60 61 62 63 65 66 67 68 2
55 1 10 11 12 13 14 15 16 17 19 21 22 23 24 25 26 27 28 29 30 32 33 34 35 36 37 38 39 40 41 42 43 44 45 46 47 48 49 50 51 52 53 54 55 56 57 58 59 60 61 62 63 65 66 67 68 3
55 1 10 11 12 13 14 15 16 17 19 21 22 23 24 25 26 27 28 29 30 32 33 34 35 36 37 38 39 40 41 42 43 44 45 46 47 48 49 50 51 52 53 54 55 56 57 58 59 60 61 62 63 65 66 67 68 4
55 1 10 11 12 13 14 15 16 17 19 21 22 23 24 25 26 27 28 29 30 32 33 34 35 36 37 38 39 40 41 42 43 44 45 46 47 48 49 50 51 52 53 54 55 56 57 58 59 60 61 62 63 65 66 67 68 5
55 1 10 11 12 13 14 15 16 17 19 21 22 23 24 25 26 27 28 29 30 32 33 34 35 36 37 38 39 40 41 42 43 44 45 46 47 48 49 50 51 52 53 54 55 56 57 58 59 60 61 62 63 65 66 67 68 6
55 1 10 11 12 13 14 15 16 17 19 21 22 23 24 25 26 27 28 29 30 32 33 34 35 36 37 38 39 40 41 42 43 44 45 46 47 48 49 50 51 52 53 54 55 56 57 58 59 60 61 62 63 65 66 67 68 7
4 3 0 1 18 64 8 20 31
55 3 10 11 12 13 14 15 16 17 19 21 22 23 24 25 26 27 28 29 30 32 33 34 35 36 37 38 39 40 41 42 43 44 45 46 47 48 49 50 51 52 53 54 55 56 57 58 59 60 61 62 63 65 66 67 68 8 20 31
4 1 0 1 18 64 9
55 1 10 11 12 13 14 15 16 17 19 21 22 23 24 25 26 27 28 29 30 32 33 34 35 36 37 38 39 40 41 42 43 44 45 46 47 48 49 50 51 52 53 54 55 56 57 58 59 60 61 62 63 65 66 67 68 9
1 1 11 21
1 1 11 22
1 1 11 23
1 1 11 24
1 1 11 25
1 1 11 26
1 1 11 27
1 1 11 28
1 1 11 29
1 1 11 30
1 1 11 32
1 1 11 33
1 1 11 34
1 1 11 35
1 1 11 36
1 1 11 37
1 1 11 38
1 1 11 39
1 1 11 40
1 1 11 41
1 1 11 42
1 1 11 43
1 1 11 44
1 1 44 45
1 1 44 46
1 1 44 47
1 1 44 48
1 1 44 49
1 1 44 50
1 1 44 51
1 1 44 52
1 1 44 53
1 1 44 54
1 1 44 55
1 1 44 56
1 1 44 57
1 1 44 58
1 1 44 59
1 1 44 60
1 1 44 61
1 1 44 62
1 1 44 63
1 1 44 65
1 1 44 66
1 1 44 67
1 1 44 68
# 44 : 0 -> 1
#c 1 1 2 3 4 5 6 7 8 9 0 0 0 0 0 0 0 0 1 0 8 0 0 0 0 0 0 0 0 0 0 8 0 0 0 0 0 0 0 0 0 0 0 0 1 0 0 0 0 0 0 0 0 0 0 0 0 0 0 0 0 0 0 0 1 0 0 0 0
54 5 10 11 12 13 14 15 16 17 19 21 22 23 24 25 26 27 28 29 30 32 33 34 35 36 37 38 39 40 41 42 43 45 46 47 48 49 50 51 52 53 54 55 56 57 58 59 60 61 62 63 65 66 67 68 0 1 18 44 64
1 1 2 3 4 5 6 7 8 9 0 0 0 0 0 0 0 0 1 0 8 0 0 0 0 0 0 0 0 0 0 8 0 0 0 0 0 0 0 0 0 0 0 0 1 0 0 0 0 0 0 0 0 0 0 0 0 0 0 0 0 0 0 0 1 0 0 0 0
