#c 0 1 2 3 4 0 1 2 3 4 0 1 2 3 4 0 1 2 3 4 0 1 2 3 4 0 1 2 3 4 0 1 2 3 4 0 1 2 3 4 0 1 2 3 4 0 1 2 3 4 0 1
#c 0 1 2 3 4 0 1 2 3 4 0 1 2 3 4 0 1 2 3 4 0 1 2 3 4 0 1 2 3 4 0 1 2 3 4 0 1 2 3 4 0 1 2 3 4 0 1 2 3 4 0 1
11 11 0 5 10 15 20 25 30 35 40 45 50 1 6 11 16 21 26 31 36 41 46 51
11 10 0 5 10 15 20 25 30 35 40 45 50 2 7 12 17 22 27 32 37 42 47
11 10 1 6 11 16 21 26 31 36 41 46 51 2 7 12 17 22 27 32 37 42 47
11 10 0 5 10 15 20 25 30 35 40 45 50 3 8 13 18 23 28 33 38 43 48
11 10 1 6 11 16 21 26 31 36 41 46 51 3 8 13 18 23 28 33 38 43 48
10 10 3 8 13 18 23 28 33 38 43 48 4 9 14 19 24 29 34 39 44 49
11 10 1 6 11 16 21 26 31 36 41 46 51 4 9 14 19 24 29 34 39 44 49
1 1 4 9
1 1 4 14
1 1 14 19
1 1 14 24
1 1 14 29
1 1 14 34
1 1 14 39
1 1 14 44
1 1 44 49
# 44 : 4 -> 3
#c 0 1 2 3 4 0 1 2 3 4 0 1 2 3 4 0 1 2 3 4 0 1 2 3 4 0 1 2 3 4 0 1 2 3 4 0 1 2 3 4 0 1 2 3 3 0 1 2 3 4 0 1
11 11 0 5 10 15 20 25 30 35 40 45 50 3 8 13 18 23 28 33 38 43 44 48
11 11 1 6 11 16 21 26 31 36 41 46 51 3 8 13 18 23 28 33 38 43 44 48
11 9 3 8 13 18 23 28 33 38 43 44 48 4 9 14 19 24 29 34 39 49
11 9 1 6 11 16 21 26 31 36 41 46 51 4 9 14 19 24 29 34 39 49
1 1 14 49
# 14 : 4 -> 3
#c 0 1 2 3 4 0 1 2 3 4 0 1 2 3 3 0 1 2 3 4 0 1 2 3 4 0 1 2 3 4 0 1 2 3 4 0 1 2 3 4 0 1 2 3 3 0 1 2 3 4 0 1
11 12 0 5 10 15 20 25 30 35 40 45 50 3 8 13 14 18 23 28 33 38 43 44 48
11 12 1 6 11 16 21 26 31 36 41 46 51 3 8 13 14 18 23 28 33 38 43 44 48
12 8 3 8 13 14 18 23 28 33 38 43 44 48 4 9 19 24 29 34 39 49
11 8 1 6 11 16 21 26 31 36 41 46 51 4 9 19 24 29 34 39 49
1 1 4 19
1 1 4 24
1 1 4 29
1 1 4 34
1 1 4 39
1 1 4 49
# 4 : 4 -> 3
#c 0 1 2 3 3 0 1 2 3 4 0 1 2 3 3 0 1 2 3 4 0 1 2 3 4 0 1 2 3 4 0 1 2 3 4 0 1 2 3 4 0 1 2 3 3 0 1 2 3 4 0 1
11 13 0 5 10 15 20 25 30 35 40 45 50 3 4 8 13 14 18 23 28 33 38 43 44 48
11 13 1 6 11 16 21 26 31 36 41 46 51 3 4 8 13 14 18 23 28 33 38 43 44 48
13 7 3 4 8 13 14 18 23 28 33 38 43 44 48 9 19 24 29 34 39 49
11 7 1 6 11 16 21 26 31 36 41 46 51 9 19 24 29 34 39 49
1 1 9 19
1 1 19 24
1 1 19 29
1 1 29 34
1 1 29 39
1 1 29 49
# 29 : 4 -> 3
#c 0 1 2 3 3 0 1 2 3 4 0 1 2 3 3 0 1 2 3 4 0 1 2 3 4 0 1 2 3 3 0 1 2 3 4 0 1 2 3 4 0 1 2 3 3 0 1 2 3 4 0 1
11 14 0 5 10 15 20 25 30 35 40 45 50 3 4 8 13 14 18 23 28 29 33 38 43 44 48
11 14 1 6 11 16 21 26 31 36 41 46 51 3 4 8 13 14 18 23 28 29 33 38 43 44 48
14 6 3 4 8 13 14 18 23 28 29 33 38 43 44 48 9 19 24 34 39 49
11 6 1 6 11 16 21 26 31 36 41 46 51 9 19 24 34 39 49
1 1 19 34
1 1 19 39
1 1 39 49
# 39 : 4 -> 3
#c 0 1 2 3 3 0 1 2 3 4 0 1 2 3 3 0 1 2 3 4 0 1 2 3 4 0 1 2 3 3 0 1 2 3 4 0 1 2 3 3 0 1 2 3 3 0 1 2 3 4 0 1
11 15 0 5 10 15 20 25 30 35 40 45 50 3 4 8 13 14 18 23 28 29 33 38 39 43 44 48
11 15 1 6 11 16 21 26 31 36 41 46 51 3 4 8 13 14 18 23 28 29 33 38 39 43 44 48
11 5 0 5 10 15 20 25 30 35 40 45 50 9 19 24 34 49
11 5 1 6 11 16 21 26 31 36 41 46 51 9 19 24 34 49
1 1 19 49
# 49 : 4 -> 0
#c 0 1 2 3 3 0 1 2 3 4 0 1 2 3 3 0 1 2 3 4 0 1 2 3 4 0 1 2 3 3 0 1 2 3 4 0 1 2 3 3 0 1 2 3 3 0 1 2 3 0 0 1
12 11 0 5 10 15 20 25 30 35 40 45 49 50 1 6 11 16 21 26 31 36 41 46 51
12 10 0 5 10 15 20 25 30 35 40 45 49 50 2 7 12 17 22 27 32 37 42 47
10 15 2 7 12 17 22 27 32 37 42 47 3 4 8 13 14 18 23 28 29 33 38 39 43 44 48
10 4 2 7 12 17 22 27 32 37 42 47 9 19 24 34
11 4 1 6 11 16 21 26 31 36 41 46 51 9 19 24 34
1 1 1 6
1 1 6 11
1 1 6 16
1 1 6 21
1 1 6 26
1 1 6 31
1 1 31 36
1 1 31 41
1 1 31 46
1 1 31 51
# 31 : 1 -> 2
#c 0 1 2 3 3 0 1 2 3 4 0 1 2 3 3 0 1 2 3 4 0 1 2 3 4 0 1 2 3 3 0 2 2 3 4 0 1 2 3 3 0 1 2 3 3 0 1 2 3 0 0 1
12 10 0 5 10 15 20 25 30 35 40 45 49 50 1 6 11 16 21 26 36 41 46 51
12 11 0 5 10 15 20 25 30 35 40 45 49 50 2 7 12 17 22 27 31 32 37 42 47
10 11 1 6 11 16 21 26 36 41 46 51 2 7 12 17 22 27 31 32 37 42 47
11 15 2 7 12 17 22 27 31 32 37 42 47 3 4 8 13 14 18 23 28 29 33 38 39 43 44 48
10 15 1 6 11 16 21 26 36 41 46 51 3 4 8 13 14 18 23 28 29 33 38 39 43 44 48
15 4 3 4 8 13 14 18 23 28 29 33 38 39 43 44 48 9 19 24 34
10 4 1 6 11 16 21 26 36 41 46 51 9 19 24 34
1 1 6 36
1 1 6 41
1 1 6 46
1 1 6 51
# 6 : 1 -> 3
#c 0 1 2 3 3 0 3 2 3 4 0 1 2 3 3 0 1 2 3 4 0 1 2 3 4 0 1 2 3 3 0 2 2 3 4 0 1 2 3 3 0 1 2 3 3 0 1 2 3 0 0 1
12 9 0 5 10 15 20 25 30 35 40 45 49 50 1 11 16 21 26 36 41 46 51
9 11 1 11 16 21 26 36 41 46 51 2 7 12 17 22 27 31 32 37 42 47
11 16 2 7 12 17 22 27 31 32 37 42 47 3 4 6 8 13 14 18 23 28 29 33 38 39 43 44 48
9 16 1 11 16 21 26 36 41 46 51 3 4 6 8 13 14 18 23 28 29 33 38 39 43 44 48
11 4 2 7 12 17 22 27 31 32 37 42 47 9 19 24 34
9 4 1 11 16 21 26 36 41 46 51 9 19 24 34
1 1 1 11
1 1 11 16
1 1 16 21
1 1 16 26
1 1 16 36
1 1 36 41
1 1 36 46
1 1 36 51
# 36 : 1 -> 2
#c 0 1 2 3 3 0 3 2 3 4 0 1 2 3 3 0 1 2 3 4 0 1 2 3 4 0 1 2 3 3 0 2 2 3 4 0 2 2 3 3 0 1 2 3 3 0 1 2 3 0 0 1
12 8 0 5 10 15 20 25 30 35 40 45 49 50 1 11 16 21 26 41 46 51
8 12 1 11 16 21 26 41 46 51 2 7 12 17 22 27 31 32 36 37 42 47
12 12 0 5 10 15 20 25 30 35 40 45 49 50 2 7 12 17 22 27 31 32 36 37 42 47
12 16 2 7 12 17 22 27 31 32 36 37 42 47 3 4 6 8 13 14 18 23 28 29 33 38 39 43 44 48
12 16 0 5 10 15 20 25 30 35 40 45 49 50 3 4 6 8 13 14 18 23 28 29 33 38 39 43 44 48
16 4 3 4 6 8 13 14 18 23 28 29 33 38 39 43 44 48 9 19 24 34
12 4 0 5 10 15 20 25 30 35 40 45 49 50 9 19 24 34
1 1 0 5
1 1 5 10
1 1 10 15
1 1 10 20
1 1 10 25
1 1 10 30
1 1 30 35
1 1 30 40
1 1 30 45
1 1 30 49
1 1 30 50
# 30 : 0 -> 3
#c 0 1 2 3 3 0 3 2 3 4 0 1 2 3 3 0 1 2 3 4 0 1 2 3 4 0 1 2 3 3 3 2 2 3 4 0 2 2 3 3 0 1 2 3 3 0 1 2 3 0 0 1
11 8 0 5 10 15 20 25 35 40 45 49 50 1 11 16 21 26 41 46 51
11 12 0 5 10 15 20 25 35 40 45 49 50 2 7 12 17 22 27 31 32 36 37 42 47
12 17 2 7 12 17 22 27 31 32 36 37 42 47 3 4 6 8 13 14 18 23 28 29 30 33 38 39 43 44 48
11 17 0 5 10 15 20 25 35 40 45 49 50 3 4 6 8 13 14 18 23 28 29 30 33 38 39 43 44 48
17 4 3 4 6 8 13 14 18 23 28 29 30 33 38 39 43 44 48 9 19 24 34
11 4 0 5 10 15 20 25 35 40 45 49 50 9 19 24 34
1 1 10 35
1 1 10 40
1 1 10 45
1 1 10 49
1 1 10 50
# 10 : 0 -> 3
#c 0 1 2 3 3 0 3 2 3 4 3 1 2 3 3 0 1 2 3 4 0 1 2 3 4 0 1 2 3 3 3 2 2 3 4 0 2 2 3 3 0 1 2 3 3 0 1 2 3 0 0 1
10 8 0 5 15 20 25 35 40 45 49 50 1 11 16 21 26 41 46 51
10 12 0 5 15 20 25 35 40 45 49 50 2 7 12 17 22 27 31 32 36 37 42 47
12 18 2 7 12 17 22 27 31 32 36 37 42 47 3 4 6 8 10 13 14 18 23 28 29 30 33 38 39 43 44 48
8 18 1 11 16 21 26 41 46 51 3 4 6 8 10 13 14 18 23 28 29 30 33 38 39 43 44 48
12 4 2 7 12 17 22 27 31 32 36 37 42 47 9 19 24 34
8 4 1 11 16 21 26 41 46 51 9 19 24 34
1 1 16 41
1 1 16 46
1 1 16 51
# 16 : 1 -> 2
#c 0 1 2 3 3 0 3 2 3 4 3 1 2 3 3 0 2 2 3 4 0 1 2 3 4 0 1 2 3 3 3 2 2 3 4 0 2 2 3 3 0 1 2 3 3 0 1 2 3 0 0 1
10 7 0 5 15 20 25 35 40 45 49 50 1 11 21 26 41 46 51
7 13 1 11 21 26 41 46 51 2 7 12 16 17 22 27 31 32 36 37 42 47
10 13 0 5 15 20 25 35 40 45 49 50 2 7 12 16 17 22 27 31 32 36 37 42 47
7 18 1 11 21 26 41 46 51 3 4 6 8 10 13 14 18 23 28 29 30 33 38 39 43 44 48
13 18 2 7 12 16 17 22 27 31 32 36 37 42 47 3 4 6 8 10 13 14 18 23 28 29 30 33 38 39 43 44 48
7 4 1 11 21 26 41 46 51 9 19 24 34
13 4 2 7 12 16 17 22 27 31 32 36 37 42 47 9 19 24 34
1 1 2 7
1 1 2 12
1 1 2 16
1 1 2 17
1 1 17 22
1 1 22 27
1 1 22 31
1 1 31 32
1 1 31 37
1 1 31 42
1 1 31 47
# 31 : 2 -> 1
#c 0 1 2 3 3 0 3 2 3 4 3 1 2 3 3 0 2 2 3 4 0 1 2 3 4 0 1 2 3 3 3 1 2 3 4 0 2 2 3 3 0 1 2 3 3 0 1 2 3 0 0 1
10 8 0 5 15 20 25 35 40 45 49 50 1 11 21 26 31 41 46 51
8 12 1 11 21 26 31 41 46 51 2 7 12 16 17 22 27 32 36 37 42 47
10 12 0 5 15 20 25 35 40 45 49 50 2 7 12 16 17 22 27 32 36 37 42 47
8 18 1 11 21 26 31 41 46 51 3 4 6 8 10 13 14 18 23 28 29 30 33 38 39 43 44 48
12 18 2 7 12 16 17 22 27 32 36 37 42 47 3 4 6 8 10 13 14 18 23 28 29 30 33 38 39 43 44 48
8 4 1 11 21 26 31 41 46 51 9 19 24 34
12 4 2 7 12 16 17 22 27 32 36 37 42 47 9 19 24 34
1 1 22 32
1 1 22 36
1 1 22 37
1 1 22 42
1 1 22 47
# 22 : 2 -> 1
#c 0 1 2 3 3 0 3 2 3 4 3 1 2 3 3 0 2 2 3 4 0 1 1 3 4 0 1 2 3 3 3 1 2 3 4 0 2 2 3 3 0 1 2 3 3 0 1 2 3 0 0 1
10 9 0 5 15 20 25 35 40 45 49 50 1 11 21 22 26 31 41 46 51
9 11 1 11 21 22 26 31 41 46 51 2 7 12 16 17 27 32 36 37 42 47
10 11 0 5 15 20 25 35 40 45 49 50 2 7 12 16 17 27 32 36 37 42 47
9 18 1 11 21 22 26 31 41 46 51 3 4 6 8 10 13 14 18 23 28 29 30 33 38 39 43 44 48
10 18 0 5 15 20 25 35 40 45 49 50 3 4 6 8 10 13 14 18 23 28 29 30 33 38 39 43 44 48
18 4 3 4 6 8 10 13 14 18 23 28 29 30 33 38 39 43 44 48 9 19 24 34
10 4 0 5 15 20 25 35 40 45 49 50 9 19 24 34
1 1 5 15
1 1 15 20
1 1 15 25
1 1 15 35
1 1 15 40
1 1 15 45
1 1 15 49
1 1 15 50
# 15 : 0 -> 3
#c 0 1 2 3 3 0 3 2 3 4 3 1 2 3 3 3 2 2 3 4 0 1 1 3 4 0 1 2 3 3 3 1 2 3 4 0 2 2 3 3 0 1 2 3 3 0 1 2 3 0 0 1
9 9 0 5 20 25 35 40 45 49 50 1 11 21 22 26 31 41 46 51
9 11 0 5 20 25 35 40 45 49 50 2 7 12 16 17 27 32 36 37 42 47
9 19 0 5 20 25 35 40 45 49 50 3 4 6 8 10 13 14 15 18 23 28 29 30 33 38 39 43 44 48
11 19 2 7 12 16 17 27 32 36 37 42 47 3 4 6 8 10 13 14 15 18 23 28 29 30 33 38 39 43 44 48
9 4 0 5 20 25 35 40 45 49 50 9 19 24 34
19 4 3 4 6 8 10 13 14 15 18 23 28 29 30 33 38 39 43 44 48 9 19 24 34
1 1 3 4
1 1 4 6
1 1 6 8
1 1 6 10
1 1 10 13
1 1 10 14
1 1 14 15
1 1 14 18
1 1 18 23
1 1 18 28
1 1 18 29
1 1 18 30
1 1 30 33
1 1 30 38
1 1 30 39
1 1 30 43
1 1 30 44
1 1 44 48
# 44 : 3 -> 0
#c 0 1 2 3 3 0 3 2 3 4 3 1 2 3 3 3 2 2 3 4 0 1 1 3 4 0 1 2 3 3 3 1 2 3 4 0 2 2 3 3 0 1 2 3 0 0 1 2 3 0 0 1
10 9 0 5 20 25 35 40 44 45 49 50 1 11 21 22 26 31 41 46 51
10 11 0 5 20 25 35 40 44 45 49 50 2 7 12 16 17 27 32 36 37 42 47
10 18 0 5 20 25 35 40 44 45 49 50 3 4 6 8 10 13 14 15 18 23 28 29 30 33 38 39 43 48
11 18 2 7 12 16 17 27 32 36 37 42 47 3 4 6 8 10 13 14 15 18 23 28 29 30 33 38 39 43 48
10 4 0 5 20 25 35 40 44 45 49 50 9 19 24 34
18 4 3 4 6 8 10 13 14 15 18 23 28 29 30 33 38 39 43 48 9 19 24 34
1 1 30 48
# 30 : 3 -> 0
#c 0 1 2 3 3 0 3 2 3 4 3 1 2 3 3 3 2 2 3 4 0 1 1 3 4 0 1 2 3 3 0 1 2 3 4 0 2 2 3 3 0 1 2 3 0 0 1 2 3 0 0 1
11 9 0 5 20 25 30 35 40 44 45 49 50 1 11 21 22 26 31 41 46 51
11 11 0 5 20 25 30 35 40 44 45 49 50 2 7 12 16 17 27 32 36 37 42 47
11 17 0 5 20 25 30 35 40 44 45 49 50 3 4 6 8 10 13 14 15 18 23 28 29 33 38 39 43 48
11 17 2 7 12 16 17 27 32 36 37 42 47 3 4 6 8 10 13 14 15 18 23 28 29 33 38 39 43 48
11 4 0 5 20 25 30 35 40 44 45 49 50 9 19 24 34
11 4 2 7 12 16 17 27 32 36 37 42 47 9 19 24 34
# 19 : 4 -> 0
#c 0 1 2 3 3 0 3 2 3 4 3 1 2 3 3 3 2 2 3 0 0 1 1 3 4 0 1 2 3 3 0 1 2 3 4 0 2 2 3 3 0 1 2 3 0 0 1 2 3 0 0 1
12 9 0 5 19 20 25 30 35 40 44 45 49 50 1 11 21 22 26 31 41 46 51
12 11 0 5 19 20 25 30 35 40 44 45 49 50 2 7 12 16 17 27 32 36 37 42 47
9 17 1 11 21 22 26 31 41 46 51 3 4 6 8 10 13 14 15 18 23 28 29 33 38 39 43 48
12 17 0 5 19 20 25 30 35 40 44 45 49 50 3 4 6 8 10 13 14 15 18 23 28 29 33 38 39 43 48
9 3 1 11 21 22 26 31 41 46 51 9 24 34
12 3 0 5 19 20 25 30 35 40 44 45 49 50 9 24 34
1 1 5 19
1 1 19 20
1 1 20 25
1 1 20 30
1 1 44 45
1 1 44 50
# 44 : 0 -> 4
#c 0 1 2 3 3 0 3 2 3 4 3 1 2 3 3 3 2 2 3 0 0 1 1 3 4 0 1 2 3 3 0 1 2 3 4 0 2 2 3 3 0 1 2 3 4 0 1 2 3 0 0 1
11 9 0 5 19 20 25 30 35 40 45 49 50 1 11 21 22 26 31 41 46 51
11 11 0 5 19 20 25 30 35 40 45 49 50 2 7 12 16 17 27 32 36 37 42 47
11 17 0 5 19 20 25 30 35 40 45 49 50 3 4 6 8 10 13 14 15 18 23 28 29 33 38 39 43 48
9 4 1 11 21 22 26 31 41 46 51 9 24 34 44
11 4 0 5 19 20 25 30 35 40 45 49 50 9 24 34 44
# 30 : 0 -> 4
#c 0 1 2 3 3 0 3 2 3 4 3 1 2 3 3 3 2 2 3 0 0 1 1 3 4 0 1 2 3 3 4 1 2 3 4 0 2 2 3 3 0 1 2 3 4 0 1 2 3 0 0 1
10 9 0 5 19 20 25 35 40 45 49 50 1 11 21 22 26 31 41 46 51
10 11 0 5 19 20 25 35 40 45 49 50 2 7 12 16 17 27 32 36 37 42 47
10 17 0 5 19 20 25 35 40 45 49 50 3 4 6 8 10 13 14 15 18 23 28 29 33 38 39 43 48
9 5 1 11 21 22 26 31 41 46 51 9 24 30 34 44
10 5 0 5 19 20 25 35 40 45 49 50 9 24 30 34 44
0 1 2 3 3 0 3 2 3 4 3 1 2 3 3 3 2 2 3 4 0 1 1 3 4 0 1 2 3 3 0 1 2 3 4 0 2 2 3 3 0 1 2 3 0 0 1 2 3 0 0 1
#c 0 1 2 3 4 0 0 0 0 0 0 0 0 0 0 0 0 0 0 0 0 0 0 0 0 0 0 0 0 0 0 0 0 0 0 0 0 0 0 0 0 0 0 0 0 0 0 0 0 0 0 0
#c 0 1 2 3 4 0 0 0 0 0 0 0 0 0 0 0 0 0 0 0 0 0 0 0 0 0 0 0 0 0 0 0 0 0 0 0 0 0 0 0 0 0 0 0 0 0 0 0 0 0 0 0
48 1 0 5 6 7 8 9 10 11 12 13 14 15 16 17 18 19 20 21 22 23 24 25 26 27 28 29 30 31 32 33 34 35 36 37 38 39 40 41 42 43 44 45 46 47 48 49 50 51 1
1 1 1 2
48 1 0 5 6 7 8 9 10 11 12 13 14 15 16 17 18 19 20 21 22 23 24 25 26 27 28 29 30 31 32 33 34 35 36 37 38 39 40 41 42 43 44 45 46 47 48 49 50 51 2
1 1 2 3
48 1 0 5 6 7 8 9 10 11 12 13 14 15 16 17 18 19 20 21 22 23 24 25 26 27 28 29 30 31 32 33 34 35 36 37 38 39 40 41 42 43 44 45 46 47 48 49 50 51 3
1 1 2 4
48 1 0 5 6 7 8 9 10 11 12 13 14 15 16 17 18 19 20 21 22 23 24 25 26 27 28 29 30 31 32 33 34 35 36 37 38 39 40 41 42 43 44 45 46 47 48 49 50 51 4
1 1 0 5
1 1 5 6
1 1 6 7
1 1 6 8
1 1 6 9
1 1 6 10
1 1 10 11
1 1 10 12
1 1 10 13
1 1 10 14
1 1 14 15
1 1 14 16
1 1 14 17
1 1 14 18
1 1 18 19
1 1 18 20
1 1 18 21
1 1 18 22
1 1 18 23
1 1 18 24
1 1 18 25
1 1 18 26
1 1 18 27
1 1 18 28
1 1 18 29
1 1 18 30
1 1 30 31
1 1 30 32
1 1 30 33
1 1 30 34
1 1 30 35
1 1 30 36
1 1 30 37
1 1 30 38
1 1 30 39
1 1 30 40
1 1 30 41
1 1 30 42
1 1 30 43
1 1 30 44
1 1 44 45
1 1 44 46
1 1 44 47
1 1 44 48
1 1 44 49
1 1 44 50
1 1 44 51
# 44 : 0 -> 2
#c 0 1 2 3 4 0 0 0 0 0 0 0 0 0 0 0 0 0 0 0 0 0 0 0 0 0 0 0 0 0 0 0 0 0 0 0 0 0 0 0 0 0 0 0 2 0 0 0 0 0 0 0
47 1 0 5 6 7 8 9 10 11 12 13 14 15 16 17 18 19 20 21 22 23 24 25 26 27 28 29 30 31 32 33 34 35 36 37 38 39 40 41 42 43 45 46 47 48 49 50 51 1
1 2 1 2 44
47 2 0 5 6 7 8 9 10 11 12 13 14 15 16 17 18 19 20 21 22 23 24 25 26 27 28 29 30 31 32 33 34 35 36 37 38 39 40 41 42 43 45 46 47 48 49 50 51 2 44
2 1 2 44 3
47 1 0 5 6 7 8 9 10 11 12 13 14 15 16 17 18 19 20 21 22 23 24 25 26 27 28 29 30 31 32 33 34 35 36 37 38 39 40 41 42 43 45 46 47 48 49 50 51 3
2 1 2 44 4
47 1 0 5 6 7 8 9 10 11 12 13 14 15 16 17 18 19 20 21 22 23 24 25 26 27 28 29 30 31 32 33 34 35 36 37 38 39 40 41 42 43 45 46 47 48 49 50 51 4
1 1 30 45
1 1 30 46
1 1 30 47
1 1 30 48
1 1 30 49
1 1 30 50
1 1 30 51
# 30 : 0 -> 2
#c 0 1 2 3 4 0 0 0 0 0 0 0 0 0 0 0 0 0 0 0 0 0 0 0 0 0 0 0 0 0 2 0 0 0 0 0 0 0 0 0 0 0 0 0 2 0 0 0 0 0 0 0
46 1 0 5 6 7 8 9 10 11 12 13 14 15 16 17 18 19 20 21 22 23 24 25 26 27 28 29 31 32 33 34 35 36 37 38 39 40 41 42 43 45 46 47 48 49 50 51 1
1 3 1 2 30 44
46 3 0 5 6 7 8 9 10 11 12 13 14 15 16 17 18 19 20 21 22 23 24 25 26 27 28 29 31 32 33 34 35 36 37 38 39 40 41 42 43 45 46 47 48 49 50 51 2 30 44
3 1 2 30 44 3
46 1 0 5 6 7 8 9 10 11 12 13 14 15 16 17 18 19 20 21 22 23 24 25 26 27 28 29 31 32 33 34 35 36 37 38 39 40 41 42 43 45 46 47 48 49 50 51 3
3 1 2 30 44 4
46 1 0 5 6 7 8 9 10 11 12 13 14 15 16 17 18 19 20 21 22 23 24 25 26 27 28 29 31 32 33 34 35 36 37 38 39 40 41 42 43 45 46 47 48 49 50 51 4
1 1 18 31
1 1 18 32
1 1 18 33
1 1 18 34
1 1 18 35
1 1 18 36
1 1 18 37
1 1 18 38
1 1 18 39
1 1 18 40
1 1 18 41
1 1 18 42
1 1 18 43
1 1 18 45
1 1 18 46
1 1 18 47
1 1 18 48
1 1 18 49
1 1 18 50
1 1 18 51
# 18 : 0 -> 4
#c 0 1 2 3 4 0 0 0 0 0 0 0 0 0 0 0 0 0 4 0 0 0 0 0 0 0 0 0 0 0 2 0 0 0 0 0 0 0 0 0 0 0 0 0 2 0 0 0 0 0 0 0
45 1 0 5 6 7 8 9 10 11 12 13 14 15 16 17 19 20 21 22 23 24 25 26 27 28 29 31 32 33 34 35 36 37 38 39 40 41 42 43 45 46 47 48 49 50 51 1
45 3 0 5 6 7 8 9 10 11 12 13 14 15 16 17 19 20 21 22 23 24 25 26 27 28 29 31 32 33 34 35 36 37 38 39 40 41 42 43 45 46 47 48 49 50 51 2 30 44
45 1 0 5 6 7 8 9 10 11 12 13 14 15 16 17 19 20 21 22 23 24 25 26 27 28 29 31 32 33 34 35 36 37 38 39 40 41 42 43 45 46 47 48 49 50 51 3
3 2 2 30 44 4 18
45 2 0 5 6 7 8 9 10 11 12 13 14 15 16 17 19 20 21 22 23 24 25 26 27 28 29 31 32 33 34 35 36 37 38 39 40 41 42 43 45 46 47 48 49 50 51 4 18
1 1 14 19
1 1 14 20
1 1 14 21
1 1 14 22
1 1 14 23
1 1 14 24
1 1 14 25
1 1 14 26
1 1 14 27
1 1 14 28
1 1 14 29
1 1 14 31
1 1 14 32
1 1 14 33
1 1 14 34
1 1 14 35
1 1 14 36
1 1 14 37
1 1 14 38
1 1 14 39
1 1 14 40
1 1 14 41
1 1 14 42
1 1 14 43
1 1 14 45
1 1 14 46
1 1 14 47
1 1 14 48
1 1 14 49
1 1 14 50
1 1 14 51
# 14 : 0 -> 2
#c 0 1 2 3 4 0 0 0 0 0 0 0 0 0 2 0 0 0 4 0 0 0 0 0 0 0 0 0 0 0 2 0 0 0 0 0 0 0 0 0 0 0 0 0 2 0 0 0 0 0 0 0
44 1 0 5 6 7 8 9 10 11 12 13 15 16 17 19 20 21 22 23 24 25 26 27 28 29 31 32 33 34 35 36 37 38 39 40 41 42 43 45 46 47 48 49 50 51 1
1 4 1 2 14 30 44
44 4 0 5 6 7 8 9 10 11 12 13 15 16 17 19 20 21 22 23 24 25 26 27 28 29 31 32 33 34 35 36 37 38 39 40 41 42 43 45 46 47 48 49 50 51 2 14 30 44
4 1 2 14 30 44 3
44 1 0 5 6 7 8 9 10 11 12 13 15 16 17 19 20 21 22 23 24 25 26 27 28 29 31 32 33 34 35 36 37 38 39 40 41 42 43 45 46 47 48 49 50 51 3
4 2 2 14 30 44 4 18
44 2 0 5 6 7 8 9 10 11 12 13 15 16 17 19 20 21 22 23 24 25 26 27 28 29 31 32 33 34 35 36 37 38 39 40 41 42 43 45 46 47 48 49 50 51 4 18
1 1 10 15
1 1 10 16
1 1 10 17
1 1 17 19
1 1 17 20
1 1 17 21
1 1 17 22
1 1 22 23
1 1 22 24
1 1 22 25
1 1 22 26
1 1 22 27
1 1 22 28
1 1 22 29
1 1 22 31
1 1 31 32
1 1 31 33
1 1 31 34
1 1 31 35
1 1 31 36
1 1 31 37
1 1 31 38
1 1 31 39
1 1 31 40
1 1 31 41
1 1 31 42
1 1 31 43
1 1 31 45
1 1 31 46
1 1 31 47
1 1 31 48
1 1 31 49
1 1 31 50
1 1 31 51
# 31 : 0 -> 4
#c 0 1 2 3 4 0 0 0 0 0 0 0 0 0 2 0 0 0 4 0 0 0 0 0 0 0 0 0 0 0 2 4 0 0 0 0 0 0 0 0 0 0 0 0 2 0 0 0 0 0 0 0
43 1 0 5 6 7 8 9 10 11 12 13 15 16 17 19 20 21 22 23 24 25 26 27 28 29 32 33 34 35 36 37 38 39 40 41 42 43 45 46 47 48 49 50 51 1
43 4 0 5 6 7 8 9 10 11 12 13 15 16 17 19 20 21 22 23 24 25 26 27 28 29 32 33 34 35 36 37 38 39 40 41 42 43 45 46 47 48 49 50 51 2 14 30 44
43 1 0 5 6 7 8 9 10 11 12 13 15 16 17 19 20 21 22 23 24 25 26 27 28 29 32 33 34 35 36 37 38 39 40 41 42 43 45 46 47 48 49 50 51 3
4 3 2 14 30 44 4 18 31
43 3 0 5 6 7 8 9 10 11 12 13 15 16 17 19 20 21 22 23 24 25 26 27 28 29 32 33 34 35 36 37 38 39 40 41 42 43 45 46 47 48 49 50 51 4 18 31
1 1 22 32
1 1 22 33
1 1 22 34
1 1 22 35
1 1 22 36
1 1 22 37
1 1 22 38
1 1 22 39
1 1 22 40
1 1 22 41
1 1 22 42
1 1 22 43
1 1 22 45
1 1 22 46
1 1 22 47
1 1 22 48
1 1 22 49
1 1 22 50
1 1 22 51
# 22 : 0 -> 2
#c 0 1 2 3 4 0 0 0 0 0 0 0 0 0 2 0 0 0 4 0 0 0 2 0 0 0 0 0 0 0 2 4 0 0 0 0 0 0 0 0 0 0 0 0 2 0 0 0 0 0 0 0
42 1 0 5 6 7 8 9 10 11 12 13 15 16 17 19 20 21 23 24 25 26 27 28 29 32 33 34 35 36 37 38 39 40 41 42 43 45 46 47 48 49 50 51 1
1 5 1 2 14 22 30 44
42 5 0 5 6 7 8 9 10 11 12 13 15 16 17 19 20 21 23 24 25 26 27 28 29 32 33 34 35 36 37 38 39 40 41 42 43 45 46 47 48 49 50 51 2 14 22 30 44
5 1 2 14 22 30 44 3
42 1 0 5 6 7 8 9 10 11 12 13 15 16 17 19 20 21 23 24 25 26 27 28 29 32 33 34 35 36 37 38 39 40 41 42 43 45 46 47 48 49 50 51 3
5 3 2 14 22 30 44 4 18 31
42 3 0 5 6 7 8 9 10 11 12 13 15 16 17 19 20 21 23 24 25 26 27 28 29 32 33 34 35 36 37 38 39 40 41 42 43 45 46 47 48 49 50 51 4 18 31
1 1 17 23
1 1 17 24
1 1 17 25
1 1 17 26
1 1 17 27
1 1 17 28
1 1 17 29
1 1 17 32
1 1 17 33
1 1 17 34
1 1 17 35
1 1 17 36
1 1 17 37
1 1 17 38
1 1 17 39
1 1 17 40
1 1 17 41
1 1 17 42
1 1 17 43
1 1 17 45
1 1 17 46
1 1 17 47
1 1 17 48
1 1 17 49
1 1 17 50
1 1 17 51
# 17 : 0 -> 4
#c 0 1 2 3 4 0 0 0 0 0 0 0 0 0 2 0 0 4 4 0 0 0 2 0 0 0 0 0 0 0 2 4 0 0 0 0 0 0 0 0 0 0 0 0 2 0 0 0 0 0 0 0
41 1 0 5 6 7 8 9 10 11 12 13 15 16 19 20 21 23 24 25 26 27 28 29 32 33 34 35 36 37 38 39 40 41 42 43 45 46 47 48 49 50 51 1
41 5 0 5 6 7 8 9 10 11 12 13 15 16 19 20 21 23 24 25 26 27 28 29 32 33 34 35 36 37 38 39 40 41 42 43 45 46 47 48 49 50 51 2 14 22 30 44
41 1 0 5 6 7 8 9 10 11 12 13 15 16 19 20 21 23 24 25 26 27 28 29 32 33 34 35 36 37 38 39 40 41 42 43 45 46 47 48 49 50 51 3
5 4 2 14 22 30 44 4 17 18 31
41 4 0 5 6 7 8 9 10 11 12 13 15 16 19 20 21 23 24 25 26 27 28 29 32 33 34 35 36 37 38 39 40 41 42 43 45 46 47 48 49 50 51 4 17 18 31
1 1 10 19
# 10 : 0 -> 2
0 1 2 3 4 0 0 0 0 0 2 0 0 0 2 0 0 4 4 0 0 0 2 0 0 0 0 0 0 0 2 4 0 0 0 0 0 0 0 0 0 0 0 0 2 0 0 0 0 0 0 0
