#c 0 1 2 3 4 5 6 0 1 2 3 4 5 6 0 1 2 3 4 5 6 0 1 2 3 4 5 6 0 1 2 3 4 5 6 0 1 2 3 4 5 6 0 1 2 3 4
#c 0 1 2 3 4 5 6 0 1 2 3 4 5 6 0 1 2 3 4 5 6 0 1 2 3 4 5 6 0 1 2 3 4 5 6 0 1 2 3 4 5 6 0 1 2 3 4
7 7 0 7 14 21 28 35 42 1 8 15 22 29 36 43
7 7 1 8 15 22 29 36 43 2 9 16 23 30 37 44
7 7 0 7 14 21 28 35 42 2 9 16 23 30 37 44
7 7 2 9 16 23 30 37 44 3 10 17 24 31 38 45
7 7 0 7 14 21 28 35 42 3 10 17 24 31 38 45
7 7 3 10 17 24 31 38 45 4 11 18 25 32 39 46
7 7 0 7 14 21 28 35 42 4 11 18 25 32 39 46
7 6 3 10 17 24 31 38 45 5 12 19 26 33 40
7 6 4 11 18 25 32 39 46 5 12 19 26 33 40
6 6 5 12 19 26 33 40 6 13 20 27 34 41
7 6 4 11 18 25 32 39 46 6 13 20 27 34 41
1 1 4 11
1 1 11 18
1 1 11 25
1 1 11 32
1 1 11 39
1 1 11 46
# 11 : 4 -> 5
#c 0 1 2 3 4 5 6 0 1 2 3 5 5 6 0 1 2 3 4 5 6 0 1 2 3 4 5 6 0 1 2 3 4 5 6 0 1 2 3 4 5 6 0 1 2 3 4
7 6 3 10 17 24 31 38 45 4 18 25 32 39 46
7 6 0 7 14 21 28 35 42 4 18 25 32 39 46
7 7 3 10 17 24 31 38 45 5 11 12 19 26 33 40
6 7 4 18 25 32 39 46 5 11 12 19 26 33 40
7 6 5 11 12 19 26 33 40 6 13 20 27 34 41
6 6 4 18 25 32 39 46 6 13 20 27 34 41
1 1 4 18
1 1 4 25
1 1 4 32
1 1 4 39
1 1 4 46
# 4 : 4 -> 5
#c 0 1 2 3 5 5 6 0 1 2 3 5 5 6 0 1 2 3 4 5 6 0 1 2 3 4 5 6 0 1 2 3 4 5 6 0 1 2 3 4 5 6 0 1 2 3 4
7 5 3 10 17 24 31 38 45 18 25 32 39 46
7 5 0 7 14 21 28 35 42 18 25 32 39 46
7 8 3 10 17 24 31 38 45 4 5 11 12 19 26 33 40
5 8 18 25 32 39 46 4 5 11 12 19 26 33 40
8 6 4 5 11 12 19 26 33 40 6 13 20 27 34 41
5 6 18 25 32 39 46 6 13 20 27 34 41
1 1 18 25
1 1 25 32
1 1 25 39
1 1 25 46
# 46 : 4 -> 5
#c 0 1 2 3 5 5 6 0 1 2 3 5 5 6 0 1 2 3 4 5 6 0 1 2 3 4 5 6 0 1 2 3 4 5 6 0 1 2 3 4 5 6 0 1 2 3 5
7 4 3 10 17 24 31 38 45 18 25 32 39
7 4 0 7 14 21 28 35 42 18 25 32 39
7 9 3 10 17 24 31 38 45 4 5 11 12 19 26 33 40 46
4 9 18 25 32 39 4 5 11 12 19 26 33 40 46
7 6 3 10 17 24 31 38 45 6 13 20 27 34 41
4 6 18 25 32 39 6 13 20 27 34 41
# 25 : 4 -> 3
#c 0 1 2 3 5 5 6 0 1 2 3 5 5 6 0 1 2 3 4 5 6 0 1 2 3 3 5 6 0 1 2 3 4 5 6 0 1 2 3 4 5 6 0 1 2 3 5
7 8 2 9 16 23 30 37 44 3 10 17 24 25 31 38 45
7 8 0 7 14 21 28 35 42 3 10 17 24 25 31 38 45
7 3 2 9 16 23 30 37 44 18 32 39
7 3 0 7 14 21 28 35 42 18 32 39
7 9 2 9 16 23 30 37 44 4 5 11 12 19 26 33 40 46
7 9 0 7 14 21 28 35 42 4 5 11 12 19 26 33 40 46
7 6 2 9 16 23 30 37 44 6 13 20 27 34 41
7 6 0 7 14 21 28 35 42 6 13 20 27 34 41
1 1 0 7
1 1 0 14
1 1 14 21
1 1 14 28
1 1 28 35
1 1 28 42
# 28 : 0 -> 2
#c 0 1 2 3 5 5 6 0 1 2 3 5 5 6 0 1 2 3 4 5 6 0 1 2 3 3 5 6 2 1 2 3 4 5 6 0 1 2 3 4 5 6 0 1 2 3 5
6 7 0 7 14 21 35 42 1 8 15 22 29 36 43
7 8 1 8 15 22 29 36 43 2 9 16 23 28 30 37 44
6 8 0 7 14 21 35 42 2 9 16 23 28 30 37 44
8 8 2 9 16 23 28 30 37 44 3 10 17 24 25 31 38 45
6 8 0 7 14 21 35 42 3 10 17 24 25 31 38 45
8 3 2 9 16 23 28 30 37 44 18 32 39
6 3 0 7 14 21 35 42 18 32 39
8 9 2 9 16 23 28 30 37 44 4 5 11 12 19 26 33 40 46
6 9 0 7 14 21 35 42 4 5 11 12 19 26 33 40 46
8 6 2 9 16 23 28 30 37 44 6 13 20 27 34 41
6 6 0 7 14 21 35 42 6 13 20 27 34 41
1 1 14 35
1 1 14 42
# 14 : 0 -> 2
#c 0 1 2 3 5 5 6 0 1 2 3 5 5 6 2 1 2 3 4 5 6 0 1 2 3 3 5 6 2 1 2 3 4 5 6 0 1 2 3 4 5 6 0 1 2 3 5
5 7 0 7 21 35 42 1 8 15 22 29 36 43
7 9 1 8 15 22 29 36 43 2 9 14 16 23 28 30 37 44
5 9 0 7 21 35 42 2 9 14 16 23 28 30 37 44
9 8 2 9 14 16 23 28 30 37 44 3 10 17 24 25 31 38 45
5 8 0 7 21 35 42 3 10 17 24 25 31 38 45
9 3 2 9 14 16 23 28 30 37 44 18 32 39
5 3 0 7 21 35 42 18 32 39
9 9 2 9 14 16 23 28 30 37 44 4 5 11 12 19 26 33 40 46
5 9 0 7 21 35 42 4 5 11 12 19 26 33 40 46
9 6 2 9 14 16 23 28 30 37 44 6 13 20 27 34 41
5 6 0 7 21 35 42 6 13 20 27 34 41
1 1 0 21
1 1 0 35
1 1 35 42
# 35 : 0 -> 2
#c 0 1 2 3 5 5 6 0 1 2 3 5 5 6 2 1 2 3 4 5 6 0 1 2 3 3 5 6 2 1 2 3 4 5 6 2 1 2 3 4 5 6 0 1 2 3 5
4 7 0 7 21 42 1 8 15 22 29 36 43
7 10 1 8 15 22 29 36 43 2 9 14 16 23 28 30 35 37 44
4 10 0 7 21 42 2 9 14 16 23 28 30 35 37 44
10 8 2 9 14 16 23 28 30 35 37 44 3 10 17 24 25 31 38 45
4 8 0 7 21 42 3 10 17 24 25 31 38 45
10 3 2 9 14 16 23 28 30 35 37 44 18 32 39
4 3 0 7 21 42 18 32 39
10 9 2 9 14 16 23 28 30 35 37 44 4 5 11 12 19 26 33 40 46
4 9 0 7 21 42 4 5 11 12 19 26 33 40 46
9 6 4 5 11 12 19 26 33 40 46 6 13 20 27 34 41
4 6 0 7 21 42 6 13 20 27 34 41
1 1 0 42
# 0 : 0 -> 5
#c 5 1 2 3 5 5 6 0 1 2 3 5 5 6 2 1 2 3 4 5 6 0 1 2 3 3 5 6 2 1 2 3 4 5 6 2 1 2 3 4 5 6 0 1 2 3 5
3 7 7 21 42 1 8 15 22 29 36 43
3 10 7 21 42 2 9 14 16 23 28 30 35 37 44
3 8 7 21 42 3 10 17 24 25 31 38 45
3 3 7 21 42 18 32 39
10 10 2 9 14 16 23 28 30 35 37 44 0 4 5 11 12 19 26 33 40 46
3 10 18 32 39 0 4 5 11 12 19 26 33 40 46
10 6 2 9 14 16 23 28 30 35 37 44 6 13 20 27 34 41
3 6 18 32 39 6 13 20 27 34 41
1 1 18 32
1 1 18 39
# 18 : 4 -> 2
#c 5 1 2 3 5 5 6 0 1 2 3 5 5 6 2 1 2 3 2 5 6 0 1 2 3 3 5 6 2 1 2 3 4 5 6 2 1 2 3 4 5 6 0 1 2 3 5
7 11 1 8 15 22 29 36 43 2 9 14 16 18 23 28 30 35 37 44
3 11 7 21 42 2 9 14 16 18 23 28 30 35 37 44
7 8 1 8 15 22 29 36 43 3 10 17 24 25 31 38 45
11 8 2 9 14 16 18 23 28 30 35 37 44 3 10 17 24 25 31 38 45
8 2 3 10 17 24 25 31 38 45 32 39
11 2 2 9 14 16 18 23 28 30 35 37 44 32 39
2 10 32 39 0 4 5 11 12 19 26 33 40 46
11 10 2 9 14 16 18 23 28 30 35 37 44 0 4 5 11 12 19 26 33 40 46
2 6 32 39 6 13 20 27 34 41
11 6 2 9 14 16 18 23 28 30 35 37 44 6 13 20 27 34 41
1 1 2 9
1 1 9 14
1 1 14 16
1 1 14 18
1 1 14 23
1 1 28 30
1 1 28 37
1 1 28 44
# 28 : 2 -> 4
#c 5 1 2 3 5 5 6 0 1 2 3 5 5 6 2 1 2 3 2 5 6 0 1 2 3 3 5 6 4 1 2 3 4 5 6 2 1 2 3 4 5 6 0 1 2 3 5
7 10 1 8 15 22 29 36 43 2 9 14 16 18 23 30 35 37 44
3 10 7 21 42 2 9 14 16 18 23 30 35 37 44
10 8 2 9 14 16 18 23 30 35 37 44 3 10 17 24 25 31 38 45
8 3 3 10 17 24 25 31 38 45 28 32 39
10 3 2 9 14 16 18 23 30 35 37 44 28 32 39
3 10 28 32 39 0 4 5 11 12 19 26 33 40 46
10 10 2 9 14 16 18 23 30 35 37 44 0 4 5 11 12 19 26 33 40 46
3 6 28 32 39 6 13 20 27 34 41
10 6 2 9 14 16 18 23 30 35 37 44 6 13 20 27 34 41
1 1 14 30
1 1 14 37
1 1 14 44
# 14 : 2 -> 4
#c 5 1 2 3 5 5 6 0 1 2 3 5 5 6 4 1 2 3 2 5 6 0 1 2 3 3 5 6 4 1 2 3 4 5 6 2 1 2 3 4 5 6 0 1 2 3 5
7 9 1 8 15 22 29 36 43 2 9 16 18 23 30 35 37 44
3 9 7 21 42 2 9 16 18 23 30 35 37 44
9 8 2 9 16 18 23 30 35 37 44 3 10 17 24 25 31 38 45
8 4 3 10 17 24 25 31 38 45 14 28 32 39
9 4 2 9 16 18 23 30 35 37 44 14 28 32 39
4 10 14 28 32 39 0 4 5 11 12 19 26 33 40 46
9 10 2 9 16 18 23 30 35 37 44 0 4 5 11 12 19 26 33 40 46
4 6 14 28 32 39 6 13 20 27 34 41
9 6 2 9 16 18 23 30 35 37 44 6 13 20 27 34 41
1 1 9 16
1 1 16 18
1 1 16 23
1 1 16 30
1 1 16 35
1 1 16 37
1 1 16 44
# 44 : 2 -> 4
#c 5 1 2 3 5 5 6 0 1 2 3 5 5 6 4 1 2 3 2 5 6 0 1 2 3 3 5 6 4 1 2 3 4 5 6 2 1 2 3 4 5 6 0 1 4 3 5
7 8 1 8 15 22 29 36 43 2 9 16 18 23 30 35 37
3 8 7 21 42 2 9 16 18 23 30 35 37
8 8 2 9 16 18 23 30 35 37 3 10 17 24 25 31 38 45
8 5 3 10 17 24 25 31 38 45 14 28 32 39 44
8 5 2 9 16 18 23 30 35 37 14 28 32 39 44
5 10 14 28 32 39 44 0 4 5 11 12 19 26 33 40 46
8 10 2 9 16 18 23 30 35 37 0 4 5 11 12 19 26 33 40 46
5 6 14 28 32 39 44 6 13 20 27 34 41
8 6 2 9 16 18 23 30 35 37 6 13 20 27 34 41
# 16 : 2 -> 4
#c 5 1 2 3 5 5 6 0 1 2 3 5 5 6 4 1 4 3 2 5 6 0 1 2 3 3 5 6 4 1 2 3 4 5 6 2 1 2 3 4 5 6 0 1 4 3 5
7 7 1 8 15 22 29 36 43 2 9 18 23 30 35 37
3 7 7 21 42 2 9 18 23 30 35 37
7 8 2 9 18 23 30 35 37 3 10 17 24 25 31 38 45
8 6 3 10 17 24 25 31 38 45 14 16 28 32 39 44
7 6 2 9 18 23 30 35 37 14 16 28 32 39 44
6 10 14 16 28 32 39 44 0 4 5 11 12 19 26 33 40 46
7 10 2 9 18 23 30 35 37 0 4 5 11 12 19 26 33 40 46
6 6 14 16 28 32 39 44 6 13 20 27 34 41
7 6 2 9 18 23 30 35 37 6 13 20 27 34 41
1 1 9 18
1 1 9 23
1 1 23 30
1 1 30 35
1 1 35 37
# 37 : 2 -> 4
#c 5 1 2 3 5 5 6 0 1 2 3 5 5 6 4 1 4 3 2 5 6 0 1 2 3 3 5 6 4 1 2 3 4 5 6 2 1 4 3 4 5 6 0 1 4 3 5
7 6 1 8 15 22 29 36 43 2 9 18 23 30 35
3 6 7 21 42 2 9 18 23 30 35
6 8 2 9 18 23 30 35 3 10 17 24 25 31 38 45
8 7 3 10 17 24 25 31 38 45 14 16 28 32 37 39 44
6 7 2 9 18 23 30 35 14 16 28 32 37 39 44
7 10 14 16 28 32 37 39 44 0 4 5 11 12 19 26 33 40 46
6 10 2 9 18 23 30 35 0 4 5 11 12 19 26 33 40 46
7 6 14 16 28 32 37 39 44 6 13 20 27 34 41
6 6 2 9 18 23 30 35 6 13 20 27 34 41
# 35 : 2 -> 4
#c 5 1 2 3 5 5 6 0 1 2 3 5 5 6 4 1 4 3 2 5 6 0 1 2 3 3 5 6 4 1 2 3 4 5 6 4 1 4 3 4 5 6 0 1 4 3 5
7 5 1 8 15 22 29 36 43 2 9 18 23 30
3 5 7 21 42 2 9 18 23 30
5 8 2 9 18 23 30 3 10 17 24 25 31 38 45
8 8 3 10 17 24 25 31 38 45 14 16 28 32 35 37 39 44
5 8 2 9 18 23 30 14 16 28 32 35 37 39 44
8 10 3 10 17 24 25 31 38 45 0 4 5 11 12 19 26 33 40 46
5 10 2 9 18 23 30 0 4 5 11 12 19 26 33 40 46
8 6 3 10 17 24 25 31 38 45 6 13 20 27 34 41
5 6 2 9 18 23 30 6 13 20 27 34 41
# 30 : 2 -> 3
#c 5 1 2 3 5 5 6 0 1 2 3 5 5 6 4 1 4 3 2 5 6 0 1 2 3 3 5 6 4 1 3 3 4 5 6 4 1 4 3 4 5 6 0 1 4 3 5
7 4 1 8 15 22 29 36 43 2 9 18 23
3 4 7 21 42 2 9 18 23
4 9 2 9 18 23 3 10 17 24 25 30 31 38 45
3 9 7 21 42 3 10 17 24 25 30 31 38 45
4 8 2 9 18 23 14 16 28 32 35 37 39 44
9 8 3 10 17 24 25 30 31 38 45 14 16 28 32 35 37 39 44
4 10 2 9 18 23 0 4 5 11 12 19 26 33 40 46
9 10 3 10 17 24 25 30 31 38 45 0 4 5 11 12 19 26 33 40 46
4 6 2 9 18 23 6 13 20 27 34 41
9 6 3 10 17 24 25 30 31 38 45 6 13 20 27 34 41
1 1 3 10
1 1 10 17
1 1 10 24
1 1 10 25
1 1 10 30
1 1 10 31
1 1 10 38
1 1 10 45
# 10 : 3 -> 2
#c 5 1 2 3 5 5 6 0 1 2 2 5 5 6 4 1 4 3 2 5 6 0 1 2 3 3 5 6 4 1 3 3 4 5 6 4 1 4 3 4 5 6 0 1 4 3 5
7 5 1 8 15 22 29 36 43 2 9 10 18 23
3 5 7 21 42 2 9 10 18 23
5 8 2 9 10 18 23 3 17 24 25 30 31 38 45
3 8 7 21 42 3 17 24 25 30 31 38 45
5 8 2 9 10 18 23 14 16 28 32 35 37 39 44
8 8 3 17 24 25 30 31 38 45 14 16 28 32 35 37 39 44
5 10 2 9 10 18 23 0 4 5 11 12 19 26 33 40 46
8 10 3 17 24 25 30 31 38 45 0 4 5 11 12 19 26 33 40 46
5 6 2 9 10 18 23 6 13 20 27 34 41
8 6 3 17 24 25 30 31 38 45 6 13 20 27 34 41
1 1 3 17
1 1 17 24
1 1 17 25
1 1 17 30
1 1 17 31
1 1 31 38
1 1 31 45
# 31 : 3 -> 2
#c 5 1 2 3 5 5 6 0 1 2 2 5 5 6 4 1 4 3 2 5 6 0 1 2 3 3 5 6 4 1 3 2 4 5 6 4 1 4 3 4 5 6 0 1 4 3 5
7 6 1 8 15 22 29 36 43 2 9 10 18 23 31
3 6 7 21 42 2 9 10 18 23 31
6 7 2 9 10 18 23 31 3 17 24 25 30 38 45
3 7 7 21 42 3 17 24 25 30 38 45
6 8 2 9 10 18 23 31 14 16 28 32 35 37 39 44
7 8 3 17 24 25 30 38 45 14 16 28 32 35 37 39 44
6 10 2 9 10 18 23 31 0 4 5 11 12 19 26 33 40 46
7 10 3 17 24 25 30 38 45 0 4 5 11 12 19 26 33 40 46
6 6 2 9 10 18 23 31 6 13 20 27 34 41
7 6 3 17 24 25 30 38 45 6 13 20 27 34 41
1 1 17 38
1 1 17 45
# 17 : 3 -> 2
#c 5 1 2 3 5 5 6 0 1 2 2 5 5 6 4 1 4 2 2 5 6 0 1 2 3 3 5 6 4 1 3 2 4 5 6 4 1 4 3 4 5 6 0 1 4 3 5
7 7 1 8 15 22 29 36 43 2 9 10 17 18 23 31
3 7 7 21 42 2 9 10 17 18 23 31
7 6 1 8 15 22 29 36 43 3 24 25 30 38 45
3 6 7 21 42 3 24 25 30 38 45
7 8 1 8 15 22 29 36 43 14 16 28 32 35 37 39 44
6 8 3 24 25 30 38 45 14 16 28 32 35 37 39 44
8 10 14 16 28 32 35 37 39 44 0 4 5 11 12 19 26 33 40 46
6 10 3 24 25 30 38 45 0 4 5 11 12 19 26 33 40 46
8 6 14 16 28 32 35 37 39 44 6 13 20 27 34 41
6 6 3 24 25 30 38 45 6 13 20 27 34 41
1 1 6 13
1 1 6 20
# 6 : 6 -> 4
5 1 2 3 5 5 4 0 1 2 2 5 5 6 4 1 4 2 2 5 6 0 1 2 3 3 5 6 4 1 3 2 4 5 6 4 1 4 3 4 5 6 0 1 4 3 5
#c 0 1 2 3 4 5 6 0 0 0 0 0 0 0 0 0 0 0 0 0 0 0 0 0 0 0 0 0 0 0 0 0 0 0 0 0 0 0 0 0 0 0 0 0 0 0 0
#c 0 1 2 3 4 5 6 0 0 0 0 0 0 0 0 0 0 0 0 0 0 0 0 0 0 0 0 0 0 0 0 0 0 0 0 0 0 0 0 0 0 0 0 0 0 0 0
41 1 0 7 8 9 10 11 12 13 14 15 16 17 18 19 20 21 22 23 24 25 26 27 28 29 30 31 32 33 34 35 36 37 38 39 40 41 42 43 44 45 46 1
1 1 1 2
41 1 0 7 8 9 10 11 12 13 14 15 16 17 18 19 20 21 22 23 24 25 26 27 28 29 30 31 32 33 34 35 36 37 38 39 40 41 42 43 44 45 46 2
1 1 1 3
41 1 0 7 8 9 10 11 12 13 14 15 16 17 18 19 20 21 22 23 24 25 26 27 28 29 30 31 32 33 34 35 36 37 38 39 40 41 42 43 44 45 46 3
1 1 1 4
41 1 0 7 8 9 10 11 12 13 14 15 16 17 18 19 20 21 22 23 24 25 26 27 28 29 30 31 32 33 34 35 36 37 38 39 40 41 42 43 44 45 46 4
1 1 1 5
41 1 0 7 8 9 10 11 12 13 14 15 16 17 18 19 20 21 22 23 24 25 26 27 28 29 30 31 32 33 34 35 36 37 38 39 40 41 42 43 44 45 46 5
1 1 1 6
41 1 0 7 8 9 10 11 12 13 14 15 16 17 18 19 20 21 22 23 24 25 26 27 28 29 30 31 32 33 34 35 36 37 38 39 40 41 42 43 44 45 46 6
1 1 0 7
1 1 0 8
1 1 8 9
1 1 8 10
1 1 10 11
1 1 10 12
1 1 10 13
1 1 10 14
1 1 14 15
1 1 14 16
1 1 14 17
1 1 14 18
1 1 14 19
1 1 14 20
1 1 14 21
1 1 14 22
1 1 14 23
1 1 14 24
1 1 14 25
1 1 14 26
1 1 14 27
1 1 14 28
1 1 28 29
1 1 28 30
1 1 28 31
1 1 28 32
1 1 28 33
1 1 28 34
1 1 28 35
1 1 28 36
1 1 28 37
1 1 28 38
1 1 28 39
1 1 28 40
1 1 28 41
1 1 28 42
1 1 28 43
1 1 28 44
1 1 28 45
1 1 28 46
# 28 : 0 -> 6
#c 0 1 2 3 4 5 6 0 0 0 0 0 0 0 0 0 0 0 0 0 0 0 0 0 0 0 0 0 6 0 0 0 0 0 0 0 0 0 0 0 0 0 0 0 0 0 0
40 1 0 7 8 9 10 11 12 13 14 15 16 17 18 19 20 21 22 23 24 25 26 27 29 30 31 32 33 34 35 36 37 38 39 40 41 42 43 44 45 46 1
40 1 0 7 8 9 10 11 12 13 14 15 16 17 18 19 20 21 22 23 24 25 26 27 29 30 31 32 33 34 35 36 37 38 39 40 41 42 43 44 45 46 2
40 1 0 7 8 9 10 11 12 13 14 15 16 17 18 19 20 21 22 23 24 25 26 27 29 30 31 32 33 34 35 36 37 38 39 40 41 42 43 44 45 46 3
40 1 0 7 8 9 10 11 12 13 14 15 16 17 18 19 20 21 22 23 24 25 26 27 29 30 31 32 33 34 35 36 37 38 39 40 41 42 43 44 45 46 4
40 1 0 7 8 9 10 11 12 13 14 15 16 17 18 19 20 21 22 23 24 25 26 27 29 30 31 32 33 34 35 36 37 38 39 40 41 42 43 44 45 46 5
1 2 1 6 28
40 2 0 7 8 9 10 11 12 13 14 15 16 17 18 19 20 21 22 23 24 25 26 27 29 30 31 32 33 34 35 36 37 38 39 40 41 42 43 44 45 46 6 28
1 1 14 29
1 1 14 30
1 1 14 31
1 1 14 32
1 1 14 33
1 1 14 34
1 1 14 35
1 1 14 36
1 1 14 37
1 1 14 38
1 1 14 39
1 1 14 40
1 1 14 41
1 1 14 42
1 1 14 43
1 1 14 44
1 1 14 45
1 1 14 46
# 14 : 0 -> 6
#c 0 1 2 3 4 5 6 0 0 0 0 0 0 0 6 0 0 0 0 0 0 0 0 0 0 0 0 0 6 0 0 0 0 0 0 0 0 0 0 0 0 0 0 0 0 0 0
39 1 0 7 8 9 10 11 12 13 15 16 17 18 19 20 21 22 23 24 25 26 27 29 30 31 32 33 34 35 36 37 38 39 40 41 42 43 44 45 46 1
39 1 0 7 8 9 10 11 12 13 15 16 17 18 19 20 21 22 23 24 25 26 27 29 30 31 32 33 34 35 36 37 38 39 40 41 42 43 44 45 46 2
39 1 0 7 8 9 10 11 12 13 15 16 17 18 19 20 21 22 23 24 25 26 27 29 30 31 32 33 34 35 36 37 38 39 40 41 42 43 44 45 46 3
39 1 0 7 8 9 10 11 12 13 15 16 17 18 19 20 21 22 23 24 25 26 27 29 30 31 32 33 34 35 36 37 38 39 40 41 42 43 44 45 46 4
39 1 0 7 8 9 10 11 12 13 15 16 17 18 19 20 21 22 23 24 25 26 27 29 30 31 32 33 34 35 36 37 38 39 40 41 42 43 44 45 46 5
1 3 1 6 14 28
39 3 0 7 8 9 10 11 12 13 15 16 17 18 19 20 21 22 23 24 25 26 27 29 30 31 32 33 34 35 36 37 38 39 40 41 42 43 44 45 46 6 14 28
1 1 10 15
1 1 10 16
1 1 10 17
1 1 10 18
1 1 10 19
1 1 10 20
1 1 10 21
1 1 10 22
1 1 10 23
1 1 10 24
1 1 10 25
1 1 10 26
1 1 10 27
1 1 10 29
1 1 10 30
1 1 10 31
1 1 10 32
1 1 10 33
1 1 10 34
1 1 10 35
1 1 10 36
1 1 10 37
1 1 10 38
1 1 10 39
1 1 10 40
1 1 10 41
1 1 10 42
1 1 10 43
1 1 10 44
1 1 10 45
1 1 10 46
# 10 : 0 -> 1
#c 0 1 2 3 4 5 6 0 0 0 1 0 0 0 6 0 0 0 0 0 0 0 0 0 0 0 0 0 6 0 0 0 0 0 0 0 0 0 0 0 0 0 0 0 0 0 0
38 2 0 7 8 9 11 12 13 15 16 17 18 19 20 21 22 23 24 25 26 27 29 30 31 32 33 34 35 36 37 38 39 40 41 42 43 44 45 46 1 10
2 1 1 10 2
38 1 0 7 8 9 11 12 13 15 16 17 18 19 20 21 22 23 24 25 26 27 29 30 31 32 33 34 35 36 37 38 39 40 41 42 43 44 45 46 2
2 1 1 10 3
38 1 0 7 8 9 11 12 13 15 16 17 18 19 20 21 22 23 24 25 26 27 29 30 31 32 33 34 35 36 37 38 39 40 41 42 43 44 45 46 3
2 1 1 10 4
38 1 0 7 8 9 11 12 13 15 16 17 18 19 20 21 22 23 24 25 26 27 29 30 31 32 33 34 35 36 37 38 39 40 41 42 43 44 45 46 4
2 1 1 10 5
38 1 0 7 8 9 11 12 13 15 16 17 18 19 20 21 22 23 24 25 26 27 29 30 31 32 33 34 35 36 37 38 39 40 41 42 43 44 45 46 5
2 3 1 10 6 14 28
38 3 0 7 8 9 11 12 13 15 16 17 18 19 20 21 22 23 24 25 26 27 29 30 31 32 33 34 35 36 37 38 39 40 41 42 43 44 45 46 6 14 28
1 1 8 11
1 1 11 12
1 1 11 13
1 1 11 15
1 1 11 16
1 1 11 17
1 1 17 18
1 1 17 19
1 1 19 20
1 1 19 21
1 1 19 22
1 1 19 23
1 1 19 24
1 1 19 25
1 1 19 26
1 1 19 27
1 1 19 29
1 1 19 30
1 1 19 31
1 1 31 32
1 1 31 33
1 1 31 34
1 1 31 35
1 1 31 36
1 1 31 37
1 1 31 38
1 1 31 39
1 1 31 40
1 1 31 41
1 1 31 42
1 1 31 43
1 1 31 44
1 1 31 45
1 1 31 46
# 31 : 0 -> 6
#c 0 1 2 3 4 5 6 0 0 0 1 0 0 0 6 0 0 0 0 0 0 0 0 0 0 0 0 0 6 0 0 6 0 0 0 0 0 0 0 0 0 0 0 0 0 0 0
37 2 0 7 8 9 11 12 13 15 16 17 18 19 20 21 22 23 24 25 26 27 29 30 32 33 34 35 36 37 38 39 40 41 42 43 44 45 46 1 10
37 1 0 7 8 9 11 12 13 15 16 17 18 19 20 21 22 23 24 25 26 27 29 30 32 33 34 35 36 37 38 39 40 41 42 43 44 45 46 2
37 1 0 7 8 9 11 12 13 15 16 17 18 19 20 21 22 23 24 25 26 27 29 30 32 33 34 35 36 37 38 39 40 41 42 43 44 45 46 3
37 1 0 7 8 9 11 12 13 15 16 17 18 19 20 21 22 23 24 25 26 27 29 30 32 33 34 35 36 37 38 39 40 41 42 43 44 45 46 4
37 1 0 7 8 9 11 12 13 15 16 17 18 19 20 21 22 23 24 25 26 27 29 30 32 33 34 35 36 37 38 39 40 41 42 43 44 45 46 5
2 4 1 10 6 14 28 31
37 4 0 7 8 9 11 12 13 15 16 17 18 19 20 21 22 23 24 25 26 27 29 30 32 33 34 35 36 37 38 39 40 41 42 43 44 45 46 6 14 28 31
1 1 19 32
1 1 19 33
1 1 19 34
1 1 19 35
1 1 19 36
1 1 19 37
1 1 19 38
1 1 19 39
1 1 19 40
1 1 19 41
1 1 19 42
1 1 19 43
1 1 19 44
1 1 19 45
1 1 19 46
# 19 : 0 -> 1
#c 0 1 2 3 4 5 6 0 0 0 1 0 0 0 6 0 0 0 0 1 0 0 0 0 0 0 0 0 6 0 0 6 0 0 0 0 0 0 0 0 0 0 0 0 0 0 0
36 3 0 7 8 9 11 12 13 15 16 17 18 20 21 22 23 24 25 26 27 29 30 32 33 34 35 36 37 38 39 40 41 42 43 44 45 46 1 10 19
3 1 1 10 19 2
36 1 0 7 8 9 11 12 13 15 16 17 18 20 21 22 23 24 25 26 27 29 30 32 33 34 35 36 37 38 39 40 41 42 43 44 45 46 2
3 1 1 10 19 3
36 1 0 7 8 9 11 12 13 15 16 17 18 20 21 22 23 24 25 26 27 29 30 32 33 34 35 36 37 38 39 40 41 42 43 44 45 46 3
3 1 1 10 19 4
36 1 0 7 8 9 11 12 13 15 16 17 18 20 21 22 23 24 25 26 27 29 30 32 33 34 35 36 37 38 39 40 41 42 43 44 45 46 4
1 1 4 5
36 1 0 7 8 9 11 12 13 15 16 17 18 20 21 22 23 24 25 26 27 29 30 32 33 34 35 36 37 38 39 40 41 42 43 44 45 46 5
1 4 4 6 14 28 31
36 4 0 7 8 9 11 12 13 15 16 17 18 20 21 22 23 24 25 26 27 29 30 32 33 34 35 36 37 38 39 40 41 42 43 44 45 46 6 14 28 31
1 1 17 20
1 1 17 21
1 1 17 22
1 1 17 23
1 1 17 24
1 1 17 25
1 1 17 26
1 1 17 27
1 1 17 29
1 1 17 30
1 1 17 32
1 1 17 33
1 1 17 34
1 1 17 35
1 1 17 36
1 1 17 37
1 1 17 38
1 1 17 39
1 1 17 40
1 1 17 41
1 1 17 42
1 1 17 43
1 1 17 44
1 1 17 45
1 1 17 46
# 17 : 0 -> 6
#c 0 1 2 3 4 5 6 0 0 0 1 0 0 0 6 0 0 6 0 1 0 0 0 0 0 0 0 0 6 0 0 6 0 0 0 0 0 0 0 0 0 0 0 0 0 0 0
35 3 0 7 8 9 11 12 13 15 16 18 20 21 22 23 24 25 26 27 29 30 32 33 34 35 36 37 38 39 40 41 42 43 44 45 46 1 10 19
35 1 0 7 8 9 11 12 13 15 16 18 20 21 22 23 24 25 26 27 29 30 32 33 34 35 36 37 38 39 40 41 42 43 44 45 46 2
35 1 0 7 8 9 11 12 13 15 16 18 20 21 22 23 24 25 26 27 29 30 32 33 34 35 36 37 38 39 40 41 42 43 44 45 46 3
35 1 0 7 8 9 11 12 13 15 16 18 20 21 22 23 24 25 26 27 29 30 32 33 34 35 36 37 38 39 40 41 42 43 44 45 46 4
35 1 0 7 8 9 11 12 13 15 16 18 20 21 22 23 24 25 26 27 29 30 32 33 34 35 36 37 38 39 40 41 42 43 44 45 46 5
1 5 4 6 14 17 28 31
35 5 0 7 8 9 11 12 13 15 16 18 20 21 22 23 24 25 26 27 29 30 32 33 34 35 36 37 38 39 40 41 42 43 44 45 46 6 14 17 28 31
1 1 11 18
1 1 11 20
1 1 11 21
1 1 11 22
1 1 11 23
1 1 11 24
1 1 11 25
1 1 11 26
1 1 26 27
1 1 26 29
1 1 26 30
1 1 26 32
1 1 26 33
1 1 26 34
1 1 26 35
1 1 26 36
1 1 26 37
1 1 26 38
1 1 26 39
1 1 26 40
1 1 26 41
1 1 26 42
1 1 26 43
1 1 26 44
1 1 26 45
1 1 26 46
# 26 : 0 -> 4
#c 0 1 2 3 4 5 6 0 0 0 1 0 0 0 6 0 0 6 0 1 0 0 0 0 0 0 4 0 6 0 0 6 0 0 0 0 0 0 0 0 0 0 0 0 0 0 0
34 3 0 7 8 9 11 12 13 15 16 18 20 21 22 23 24 25 27 29 30 32 33 34 35 36 37 38 39 40 41 42 43 44 45 46 1 10 19
34 1 0 7 8 9 11 12 13 15 16 18 20 21 22 23 24 25 27 29 30 32 33 34 35 36 37 38 39 40 41 42 43 44 45 46 2
34 1 0 7 8 9 11 12 13 15 16 18 20 21 22 23 24 25 27 29 30 32 33 34 35 36 37 38 39 40 41 42 43 44 45 46 3
0 1 2 3 4 5 6 0 0 0 1 0 0 0 6 0 0 6 0 1 0 0 0 0 0 0 4 0 6 0 0 6 0 0 0 0 0 0 0 0 0 0 0 0 0 0 0
