#c 0 1 2 3 4 5 6 7 8 0 1 2 3 4 5 6 7 8 0 1 2 3 4 5 6 7 8 0 1 2 3 4 5 6 7 8 0 1 2 3 4 5 6 7 8 0 1 2 3 4 5 6
#c 0 1 2 3 4 5 6 7 8 0 1 2 3 4 5 6 7 8 0 1 2 3 4 5 6 7 8 0 1 2 3 4 5 6 7 8 0 1 2 3 4 5 6 7 8 0 1 2 3 4 5 6
6 6 0 9 18 27 36 45 1 10 19 28 37 46
6 6 1 10 19 28 37 46 2 11 20 29 38 47
6 6 0 9 18 27 36 45 2 11 20 29 38 47
6 6 2 11 20 29 38 47 3 12 21 30 39 48
6 6 0 9 18 27 36 45 3 12 21 30 39 48
6 6 2 11 20 29 38 47 4 13 22 31 40 49
6 6 0 9 18 27 36 45 4 13 22 31 40 49
6 6 2 11 20 29 38 47 5 14 23 32 41 50
6 6 0 9 18 27 36 45 5 14 23 32 41 50
6 6 2 11 20 29 38 47 6 15 24 33 42 51
6 6 5 14 23 32 41 50 6 15 24 33 42 51
6 5 2 11 20 29 38 47 7 16 25 34 43
6 5 5 14 23 32 41 50 7 16 25 34 43
6 5 2 11 20 29 38 47 8 17 26 35 44
6 5 5 14 23 32 41 50 8 17 26 35 44
1 1 5 14
1 1 5 23
1 1 23 32
1 1 23 41
1 1 41 50
# 41 : 5 -> 8
#c 0 1 2 3 4 5 6 7 8 0 1 2 3 4 5 6 7 8 0 1 2 3 4 5 6 7 8 0 1 2 3 4 5 6 7 8 0 1 2 3 4 8 6 7 8 0 1 2 3 4 5 6
6 5 2 11 20 29 38 47 5 14 23 32 50
6 5 0 9 18 27 36 45 5 14 23 32 50
5 6 5 14 23 32 50 6 15 24 33 42 51
5 5 5 14 23 32 50 7 16 25 34 43
6 6 2 11 20 29 38 47 8 17 26 35 41 44
5 6 5 14 23 32 50 8 17 26 35 41 44
1 1 23 50
# 23 : 5 -> 8
#c 0 1 2 3 4 5 6 7 8 0 1 2 3 4 5 6 7 8 0 1 2 3 4 8 6 7 8 0 1 2 3 4 5 6 7 8 0 1 2 3 4 8 6 7 8 0 1 2 3 4 5 6
6 4 2 11 20 29 38 47 5 14 32 50
6 4 0 9 18 27 36 45 5 14 32 50
4 6 5 14 32 50 6 15 24 33 42 51
4 5 5 14 32 50 7 16 25 34 43
6 7 2 11 20 29 38 47 8 17 23 26 35 41 44
4 7 5 14 32 50 8 17 23 26 35 41 44
1 1 5 32
1 1 32 50
# 32 : 5 -> 8
#c 0 1 2 3 4 5 6 7 8 0 1 2 3 4 5 6 7 8 0 1 2 3 4 8 6 7 8 0 1 2 3 4 8 6 7 8 0 1 2 3 4 8 6 7 8 0 1 2 3 4 5 6
6 3 2 11 20 29 38 47 5 14 50
6 3 0 9 18 27 36 45 5 14 50
3 6 5 14 50 6 15 24 33 42 51
3 5 5 14 50 7 16 25 34 43
6 8 2 11 20 29 38 47 8 17 23 26 32 35 41 44
3 8 5 14 50 8 17 23 26 32 35 41 44
1 1 5 50
# 5 : 5 -> 8
#c 0 1 2 3 4 8 6 7 8 0 1 2 3 4 5 6 7 8 0 1 2 3 4 8 6 7 8 0 1 2 3 4 8 6 7 8 0 1 2 3 4 8 6 7 8 0 1 2 3 4 5 6
6 2 2 11 20 29 38 47 14 50
6 2 0 9 18 27 36 45 14 50
2 6 14 50 6 15 24 33 42 51
2 5 14 50 7 16 25 34 43
6 9 2 11 20 29 38 47 5 8 17 23 26 32 35 41 44
2 9 14 50 5 8 17 23 26 32 35 41 44
1 1 14 50
# 50 : 5 -> 2
#c 0 1 2 3 4 8 6 7 8 0 1 2 3 4 5 6 7 8 0 1 2 3 4 8 6 7 8 0 1 2 3 4 8 6 7 8 0 1 2 3 4 8 6 7 8 0 1 2 3 4 2 6
6 7 1 10 19 28 37 46 2 11 20 29 38 47 50
6 7 0 9 18 27 36 45 2 11 20 29 38 47 50
6 6 1 10 19 28 37 46 3 12 21 30 39 48
7 6 2 11 20 29 38 47 50 3 12 21 30 39 48
6 6 1 10 19 28 37 46 4 13 22 31 40 49
7 6 2 11 20 29 38 47 50 4 13 22 31 40 49
6 1 1 10 19 28 37 46 14
7 1 2 11 20 29 38 47 50 14
1 6 14 6 15 24 33 42 51
7 6 2 11 20 29 38 47 50 6 15 24 33 42 51
1 5 14 7 16 25 34 43
7 5 2 11 20 29 38 47 50 7 16 25 34 43
1 9 14 5 8 17 23 26 32 35 41 44
7 9 2 11 20 29 38 47 50 5 8 17 23 26 32 35 41 44
1 1 2 11
1 1 2 20
1 1 2 29
1 1 29 38
1 1 38 47
1 1 38 50
# 38 : 2 -> 8
#c 0 1 2 3 4 8 6 7 8 0 1 2 3 4 5 6 7 8 0 1 2 3 4 8 6 7 8 0 1 2 3 4 8 6 7 8 0 1 8 3 4 8 6 7 8 0 1 2 3 4 2 6
6 6 1 10 19 28 37 46 2 11 20 29 47 50
6 6 0 9 18 27 36 45 2 11 20 29 47 50
6 6 2 11 20 29 47 50 3 12 21 30 39 48
6 6 2 11 20 29 47 50 4 13 22 31 40 49
6 1 2 11 20 29 47 50 14
6 6 2 11 20 29 47 50 6 15 24 33 42 51
6 5 2 11 20 29 47 50 7 16 25 34 43
1 10 14 5 8 17 23 26 32 35 38 41 44
6 10 2 11 20 29 47 50 5 8 17 23 26 32 35 38 41 44
1 1 29 47
1 1 29 50
# 29 : 2 -> 8
#c 0 1 2 3 4 8 6 7 8 0 1 2 3 4 5 6 7 8 0 1 2 3 4 8 6 7 8 0 1 8 3 4 8 6 7 8 0 1 8 3 4 8 6 7 8 0 1 2 3 4 2 6
6 5 1 10 19 28 37 46 2 11 20 47 50
6 5 0 9 18 27 36 45 2 11 20 47 50
6 1 0 9 18 27 36 45 14
6 6 0 9 18 27 36 45 6 15 24 33 42 51
6 5 0 9 18 27 36 45 7 16 25 34 43
1 11 14 5 8 17 23 26 29 32 35 38 41 44
6 11 0 9 18 27 36 45 5 8 17 23 26 29 32 35 38 41 44
1 1 0 9
1 1 0 18
1 1 0 27
1 1 27 36
1 1 27 45
# 27 : 0 -> 5
#c 0 1 2 3 4 8 6 7 8 0 1 2 3 4 5 6 7 8 0 1 2 3 4 8 6 7 8 5 1 8 3 4 8 6 7 8 0 1 8 3 4 8 6 7 8 0 1 2 3 4 2 6
5 6 0 9 18 36 45 1 10 19 28 37 46
5 5 0 9 18 36 45 2 11 20 47 50
5 6 2 11 20 47 50 3 12 21 30 39 48
5 6 2 11 20 47 50 4 13 22 31 40 49
6 2 1 10 19 28 37 46 14 27
5 2 2 11 20 47 50 14 27
2 6 14 27 6 15 24 33 42 51
5 6 2 11 20 47 50 6 15 24 33 42 51
2 5 14 27 7 16 25 34 43
5 5 2 11 20 47 50 7 16 25 34 43
2 11 14 27 5 8 17 23 26 29 32 35 38 41 44
5 11 2 11 20 47 50 5 8 17 23 26 29 32 35 38 41 44
1 1 2 47
1 1 2 50
# 2 : 2 -> 5
#c 0 1 5 3 4 8 6 7 8 0 1 2 3 4 5 6 7 8 0 1 2 3 4 8 6 7 8 5 1 8 3 4 8 6 7 8 0 1 8 3 4 8 6 7 8 0 1 2 3 4 2 6
6 4 1 10 19 28 37 46 11 20 47 50
5 4 0 9 18 36 45 11 20 47 50
5 6 0 9 18 36 45 3 12 21 30 39 48
5 6 0 9 18 36 45 4 13 22 31 40 49
6 3 1 10 19 28 37 46 2 14 27
5 3 0 9 18 36 45 2 14 27
3 6 2 14 27 6 15 24 33 42 51
5 6 0 9 18 36 45 6 15 24 33 42 51
3 5 2 14 27 7 16 25 34 43
5 5 0 9 18 36 45 7 16 25 34 43
3 11 2 14 27 5 8 17 23 26 29 32 35 38 41 44
5 11 0 9 18 36 45 5 8 17 23 26 29 32 35 38 41 44
1 1 0 36
1 1 36 45
# 45 : 0 -> 8
#c 0 1 5 3 4 8 6 7 8 0 1 2 3 4 5 6 7 8 0 1 2 3 4 8 6 7 8 5 1 8 3 4 8 6 7 8 0 1 8 3 4 8 6 7 8 8 1 2 3 4 2 6
4 6 0 9 18 36 1 10 19 28 37 46
4 4 0 9 18 36 11 20 47 50
4 6 0 9 18 36 3 12 21 30 39 48
4 6 0 9 18 36 4 13 22 31 40 49
4 3 0 9 18 36 2 14 27
4 6 0 9 18 36 6 15 24 33 42 51
4 5 0 9 18 36 7 16 25 34 43
3 12 2 14 27 5 8 17 23 26 29 32 35 38 41 44 45
4 12 0 9 18 36 5 8 17 23 26 29 32 35 38 41 44 45
# 36 : 0 -> 8
#c 0 1 5 3 4 8 6 7 8 0 1 2 3 4 5 6 7 8 0 1 2 3 4 8 6 7 8 5 1 8 3 4 8 6 7 8 8 1 8 3 4 8 6 7 8 8 1 2 3 4 2 6
3 6 0 9 18 1 10 19 28 37 46
3 4 0 9 18 11 20 47 50
4 6 11 20 47 50 3 12 21 30 39 48
4 6 11 20 47 50 4 13 22 31 40 49
4 3 11 20 47 50 2 14 27
4 6 11 20 47 50 6 15 24 33 42 51
4 5 11 20 47 50 7 16 25 34 43
3 13 2 14 27 5 8 17 23 26 29 32 35 36 38 41 44 45
4 13 11 20 47 50 5 8 17 23 26 29 32 35 36 38 41 44 45
1 1 11 20
1 1 20 47
1 1 20 50
# 20 : 2 -> 5
#c 0 1 5 3 4 8 6 7 8 0 1 2 3 4 5 6 7 8 0 1 5 3 4 8 6 7 8 5 1 8 3 4 8 6 7 8 8 1 8 3 4 8 6 7 8 8 1 2 3 4 2 6
6 3 1 10 19 28 37 46 11 47 50
3 3 0 9 18 11 47 50
3 6 0 9 18 3 12 21 30 39 48
6 6 3 12 21 30 39 48 4 13 22 31 40 49
6 4 1 10 19 28 37 46 2 14 20 27
6 4 4 13 22 31 40 49 2 14 20 27
4 6 2 14 20 27 6 15 24 33 42 51
6 6 4 13 22 31 40 49 6 15 24 33 42 51
4 5 2 14 20 27 7 16 25 34 43
6 5 4 13 22 31 40 49 7 16 25 34 43
4 13 2 14 20 27 5 8 17 23 26 29 32 35 36 38 41 44 45
6 13 4 13 22 31 40 49 5 8 17 23 26 29 32 35 36 38 41 44 45
1 1 4 13
1 1 4 22
1 1 22 31
1 1 22 40
1 1 40 49
# 40 : 4 -> 8
#c 0 1 5 3 4 8 6 7 8 0 1 2 3 4 5 6 7 8 0 1 5 3 4 8 6 7 8 5 1 8 3 4 8 6 7 8 8 1 8 3 8 8 6 7 8 8 1 2 3 4 2 6
6 5 1 10 19 28 37 46 4 13 22 31 49
0 1 5 3 4 8 6 7 8 0 1 2 3 4 5 6 7 8 0 1 5 3 4 8 6 7 8 5 1 8 3 4 8 6 7 8 8 1 8 3 8 8 6 7 8 8 1 2 3 4 2 6
#c 0 1 2 3 4 5 6 7 8 0 0 0 0 0 0 0 0 0 0 0 0 0 0 0 0 0 0 0 0 0 0 0 0 0 0 0 0 0 0 0 0 0 0 0 0 0 0 0 0 0 0 0
#c 0 1 2 3 4 5 6 7 8 0 0 0 0 0 0 0 0 0 0 0 0 0 0 0 0 0 0 0 0 0 0 0 0 0 0 0 0 0 0 0 0 0 0 0 0 0 0 0 0 0 0 0
44 1 0 9 10 11 12 13 14 15 16 17 18 19 20 21 22 23 24 25 26 27 28 29 30 31 32 33 34 35 36 37 38 39 40 41 42 43 44 45 46 47 48 49 50 51 1
1 1 1 2
44 1 0 9 10 11 12 13 14 15 16 17 18 19 20 21 22 23 24 25 26 27 28 29 30 31 32 33 34 35 36 37 38 39 40 41 42 43 44 45 46 47 48 49 50 51 2
1 1 2 3
44 1 0 9 10 11 12 13 14 15 16 17 18 19 20 21 22 23 24 25 26 27 28 29 30 31 32 33 34 35 36 37 38 39 40 41 42 43 44 45 46 47 48 49 50 51 3
1 1 3 4
44 1 0 9 10 11 12 13 14 15 16 17 18 19 20 21 22 23 24 25 26 27 28 29 30 31 32 33 34 35 36 37 38 39 40 41 42 43 44 45 46 47 48 49 50 51 4
1 1 3 5
44 1 0 9 10 11 12 13 14 15 16 17 18 19 20 21 22 23 24 25 26 27 28 29 30 31 32 33 34 35 36 37 38 39 40 41 42 43 44 45 46 47 48 49 50 51 5
1 1 3 6
44 1 0 9 10 11 12 13 14 15 16 17 18 19 20 21 22 23 24 25 26 27 28 29 30 31 32 33 34 35 36 37 38 39 40 41 42 43 44 45 46 47 48 49 50 51 6
1 1 3 7
44 1 0 9 10 11 12 13 14 15 16 17 18 19 20 21 22 23 24 25 26 27 28 29 30 31 32 33 34 35 36 37 38 39 40 41 42 43 44 45 46 47 48 49 50 51 7
1 1 3 8
44 1 0 9 10 11 12 13 14 15 16 17 18 19 20 21 22 23 24 25 26 27 28 29 30 31 32 33 34 35 36 37 38 39 40 41 42 43 44 45 46 47 48 49 50 51 8
1 1 0 9
1 1 0 10
1 1 10 11
1 1 10 12
1 1 10 13
1 1 10 14
1 1 10 15
1 1 15 16
1 1 16 17
1 1 16 18
1 1 16 19
1 1 16 20
1 1 16 21
1 1 16 22
1 1 16 23
1 1 16 24
1 1 16 25
1 1 16 26
1 1 26 27
1 1 27 28
1 1 27 29
1 1 27 30
1 1 27 31
1 1 27 32
1 1 27 33
1 1 27 34
1 1 27 35
1 1 27 36
1 1 27 37
1 1 27 38
1 1 38 39
1 1 38 40
1 1 40 41
1 1 40 42
1 1 40 43
1 1 40 44
1 1 40 45
1 1 40 46
1 1 40 47
1 1 40 48
1 1 40 49
1 1 40 50
1 1 40 51
# 40 : 0 -> 3
#c 0 1 2 3 4 5 6 7 8 0 0 0 0 0 0 0 0 0 0 0 0 0 0 0 0 0 0 0 0 0 0 0 0 0 0 0 0 0 0 0 3 0 0 0 0 0 0 0 0 0 0 0
43 1 0 9 10 11 12 13 14 15 16 17 18 19 20 21 22 23 24 25 26 27 28 29 30 31 32 33 34 35 36 37 38 39 41 42 43 44 45 46 47 48 49 50 51 1
43 1 0 9 10 11 12 13 14 15 16 17 18 19 20 21 22 23 24 25 26 27 28 29 30 31 32 33 34 35 36 37 38 39 41 42 43 44 45 46 47 48 49 50 51 2
1 2 2 3 40
43 2 0 9 10 11 12 13 14 15 16 17 18 19 20 21 22 23 24 25 26 27 28 29 30 31 32 33 34 35 36 37 38 39 41 42 43 44 45 46 47 48 49 50 51 3 40
2 1 3 40 4
43 1 0 9 10 11 12 13 14 15 16 17 18 19 20 21 22 23 24 25 26 27 28 29 30 31 32 33 34 35 36 37 38 39 41 42 43 44 45 46 47 48 49 50 51 4
2 1 3 40 5
43 1 0 9 10 11 12 13 14 15 16 17 18 19 20 21 22 23 24 25 26 27 28 29 30 31 32 33 34 35 36 37 38 39 41 42 43 44 45 46 47 48 49 50 51 5
2 1 3 40 6
43 1 0 9 10 11 12 13 14 15 16 17 18 19 20 21 22 23 24 25 26 27 28 29 30 31 32 33 34 35 36 37 38 39 41 42 43 44 45 46 47 48 49 50 51 6
2 1 3 40 7
43 1 0 9 10 11 12 13 14 15 16 17 18 19 20 21 22 23 24 25 26 27 28 29 30 31 32 33 34 35 36 37 38 39 41 42 43 44 45 46 47 48 49 50 51 7
2 1 3 40 8
43 1 0 9 10 11 12 13 14 15 16 17 18 19 20 21 22 23 24 25 26 27 28 29 30 31 32 33 34 35 36 37 38 39 41 42 43 44 45 46 47 48 49 50 51 8
1 1 38 41
1 1 38 42
1 1 38 43
1 1 38 44
1 1 38 45
1 1 38 46
1 1 38 47
1 1 38 48
1 1 38 49
1 1 38 50
1 1 38 51
# 38 : 0 -> 3
#c 0 1 2 3 4 5 6 7 8 0 0 0 0 0 0 0 0 0 0 0 0 0 0 0 0 0 0 0 0 0 0 0 0 0 0 0 0 0 3 0 3 0 0 0 0 0 0 0 0 0 0 0
42 1 0 9 10 11 12 13 14 15 16 17 18 19 20 21 22 23 24 25 26 27 28 29 30 31 32 33 34 35 36 37 39 41 42 43 44 45 46 47 48 49 50 51 1
42 1 0 9 10 11 12 13 14 15 16 17 18 19 20 21 22 23 24 25 26 27 28 29 30 31 32 33 34 35 36 37 39 41 42 43 44 45 46 47 48 49 50 51 2
1 3 2 3 38 40
42 3 0 9 10 11 12 13 14 15 16 17 18 19 20 21 22 23 24 25 26 27 28 29 30 31 32 33 34 35 36 37 39 41 42 43 44 45 46 47 48 49 50 51 3 38 40
3 1 3 38 40 4
42 1 0 9 10 11 12 13 14 15 16 17 18 19 20 21 22 23 24 25 26 27 28 29 30 31 32 33 34 35 36 37 39 41 42 43 44 45 46 47 48 49 50 51 4
3 1 3 38 40 5
42 1 0 9 10 11 12 13 14 15 16 17 18 19 20 21 22 23 24 25 26 27 28 29 30 31 32 33 34 35 36 37 39 41 42 43 44 45 46 47 48 49 50 51 5
3 1 3 38 40 6
42 1 0 9 10 11 12 13 14 15 16 17 18 19 20 21 22 23 24 25 26 27 28 29 30 31 32 33 34 35 36 37 39 41 42 43 44 45 46 47 48 49 50 51 6
3 1 3 38 40 7
42 1 0 9 10 11 12 13 14 15 16 17 18 19 20 21 22 23 24 25 26 27 28 29 30 31 32 33 34 35 36 37 39 41 42 43 44 45 46 47 48 49 50 51 7
3 1 3 38 40 8
42 1 0 9 10 11 12 13 14 15 16 17 18 19 20 21 22 23 24 25 26 27 28 29 30 31 32 33 34 35 36 37 39 41 42 43 44 45 46 47 48 49 50 51 8
1 1 27 39
1 1 27 41
1 1 27 42
1 1 27 43
1 1 27 44
1 1 27 45
1 1 27 46
1 1 27 47
1 1 27 48
1 1 48 49
1 1 48 50
1 1 48 51
# 48 : 0 -> 3
#c 0 1 2 3 4 5 6 7 8 0 0 0 0 0 0 0 0 0 0 0 0 0 0 0 0 0 0 0 0 0 0 0 0 0 0 0 0 0 3 0 3 0 0 0 0 0 0 0 3 0 0 0
41 1 0 9 10 11 12 13 14 15 16 17 18 19 20 21 22 23 24 25 26 27 28 29 30 31 32 33 34 35 36 37 39 41 42 43 44 45 46 47 49 50 51 1
41 1 0 9 10 11 12 13 14 15 16 17 18 19 20 21 22 23 24 25 26 27 28 29 30 31 32 33 34 35 36 37 39 41 42 43 44 45 46 47 49 50 51 2
1 4 2 3 38 40 48
41 4 0 9 10 11 12 13 14 15 16 17 18 19 20 21 22 23 24 25 26 27 28 29 30 31 32 33 34 35 36 37 39 41 42 43 44 45 46 47 49 50 51 3 38 40 48
1 1 2 4
41 1 0 9 10 11 12 13 14 15 16 17 18 19 20 21 22 23 24 25 26 27 28 29 30 31 32 33 34 35 36 37 39 41 42 43 44 45 46 47 49 50 51 4
1 1 2 5
41 1 0 9 10 11 12 13 14 15 16 17 18 19 20 21 22 23 24 25 26 27 28 29 30 31 32 33 34 35 36 37 39 41 42 43 44 45 46 47 49 50 51 5
1 1 2 6
41 1 0 9 10 11 12 13 14 15 16 17 18 19 20 21 22 23 24 25 26 27 28 29 30 31 32 33 34 35 36 37 39 41 42 43 44 45 46 47 49 50 51 6
1 1 2 7
41 1 0 9 10 11 12 13 14 15 16 17 18 19 20 21 22 23 24 25 26 27 28 29 30 31 32 33 34 35 36 37 39 41 42 43 44 45 46 47 49 50 51 7
1 1 2 8
41 1 0 9 10 11 12 13 14 15 16 17 18 19 20 21 22 23 24 25 26 27 28 29 30 31 32 33 34 35 36 37 39 41 42 43 44 45 46 47 49 50 51 8
1 1 27 49
1 1 27 50
1 1 27 51
# 27 : 0 -> 2
#c 0 1 2 3 4 5 6 7 8 0 0 0 0 0 0 0 0 0 0 0 0 0 0 0 0 0 0 2 0 0 0 0 0 0 0 0 0 0 3 0 3 0 0 0 0 0 0 0 3 0 0 0
40 1 0 9 10 11 12 13 14 15 16 17 18 19 20 21 22 23 24 25 26 28 29 30 31 32 33 34 35 36 37 39 41 42 43 44 45 46 47 49 50 51 1
1 2 1 2 27
40 2 0 9 10 11 12 13 14 15 16 17 18 19 20 21 22 23 24 25 26 28 29 30 31 32 33 34 35 36 37 39 41 42 43 44 45 46 47 49 50 51 2 27
1 4 1 3 38 40 48
40 4 0 9 10 11 12 13 14 15 16 17 18 19 20 21 22 23 24 25 26 28 29 30 31 32 33 34 35 36 37 39 41 42 43 44 45 46 47 49 50 51 3 38 40 48
4 1 3 38 40 48 4
40 1 0 9 10 11 12 13 14 15 16 17 18 19 20 21 22 23 24 25 26 28 29 30 31 32 33 34 35 36 37 39 41 42 43 44 45 46 47 49 50 51 4
4 1 3 38 40 48 5
40 1 0 9 10 11 12 13 14 15 16 17 18 19 20 21 22 23 24 25 26 28 29 30 31 32 33 34 35 36 37 39 41 42 43 44 45 46 47 49 50 51 5
4 1 3 38 40 48 6
40 1 0 9 10 11 12 13 14 15 16 17 18 19 20 21 22 23 24 25 26 28 29 30 31 32 33 34 35 36 37 39 41 42 43 44 45 46 47 49 50 51 6
4 1 3 38 40 48 7
40 1 0 9 10 11 12 13 14 15 16 17 18 19 20 21 22 23 24 25 26 28 29 30 31 32 33 34 35 36 37 39 41 42 43 44 45 46 47 49 50 51 7
4 1 3 38 40 48 8
40 1 0 9 10 11 12 13 14 15 16 17 18 19 20 21 22 23 24 25 26 28 29 30 31 32 33 34 35 36 37 39 41 42 43 44 45 46 47 49 50 51 8
1 1 26 28
1 1 26 29
1 1 26 30
1 1 26 31
1 1 26 32
1 1 26 33
1 1 26 34
1 1 26 35
1 1 26 36
1 1 26 37
1 1 26 39
1 1 26 41
1 1 26 42
1 1 26 43
1 1 26 44
1 1 26 45
1 1 26 46
1 1 26 47
# 26 : 0 -> 3
0 1 2 3 4 5 6 7 8 0 0 0 0 0 0 0 0 0 0 0 0 0 0 0 0 0 3 2 0 0 0 0 0 0 0 0 0 0 3 0 3 0 0 0 0 0 0 0 3 0 0 0
